2014-10-08T00:00:59.295Z,0.0334,0.0521,0.5917,0.0838,0.6548,0.0397,0.0607,0.6797,0.0876,0.6448,0.0334,0.0528,0.6045,0.0845,0.5903
2014-10-08T00:01:59.566Z,0.0382,0.0555,0.6089,0.0882,0.6939,0.0368,0.0589,0.6642,0.0866,0.6137,0.0313,0.0516,0.615,0.0805,0.5866
2014-10-08T00:02:59.870Z,0.0369,0.0548,0.6031,0.0879,0.6938,0.0348,0.0524,0.6424,0.0814,0.5841,0.0262,0.0466,0.5855,0.0769,0.5624
2014-10-08T00:03:59.164Z,0.0348,0.0521,0.5938,0.0855,0.6662,0.0321,0.0534,0.6483,0.0821,0.5683,0.0252,0.0452,0.5807,0.0779,0.5531
2014-10-08T00:04:59.382Z,0.0368,0.0543,0.6004,0.0882,0.6982,0.0329,0.0543,0.6379,0.0836,0.5943,0.0271,0.0468,0.5939,0.0782,0.5454
2014-10-08T00:05:59.766Z,0.0347,0.0527,0.5977,0.085,0.672,0.0413,0.0617,0.686,0.089,0.637,0.029,0.0497,0.5983,0.0817,0.574
2014-10-08T00:06:59.613Z,0.0369,0.0537,0.6029,0.0857,0.694,0.0346,0.054,0.6494,0.0809,0.5994,0.028,0.046,0.5969,0.0783,0.604
2014-10-08T00:07:59.994Z,0.0395,0.0566,0.6097,0.0895,0.7011,0.0358,0.0563,0.6518,0.0845,0.6179,0.0324,0.0518,0.6268,0.0816,0.61
2014-10-08T00:08:59.354Z,0.0356,0.0541,0.6046,0.0871,0.6617,0.0405,0.0605,0.6793,0.0878,0.632,0.029,0.0473,0.5861,0.08,0.5846
2014-10-08T00:09:59.741Z,0.037,0.0542,0.6079,0.087,0.7039,0.0336,0.0542,0.6448,0.0842,0.5882,0.0312,0.0497,0.6061,0.0815,0.5942
2014-10-08T00:10:59.174Z,0.0343,0.053,0.5843,0.0857,0.686,0.0337,0.0563,0.6483,0.085,0.581,0.028,0.0477,0.602,0.0793,0.5803
2014-10-08T00:11:59.710Z,0.0338,0.0503,0.583,0.0841,0.6914,0.0362,0.0568,0.6535,0.0857,0.6232,0.0297,0.0497,0.5932,0.0816,0.577
2014-10-08T00:12:59.952Z,0.0362,0.0549,0.6016,0.0868,0.6822,0.0346,0.0562,0.6589,0.0832,0.5943,0.0284,0.0497,0.6016,0.0808,0.5535
2014-10-08T00:13:59.292Z,0.0367,0.0528,0.5892,0.0846,0.7103,0.0356,0.0562,0.6538,0.0836,0.6231,0.0274,0.0467,0.5854,0.079,0.5667
2014-10-08T00:14:59.495Z,0.0335,0.0508,0.5808,0.0858,0.6558,0.0365,0.0569,0.6623,0.0854,0.6231,0.0281,0.0477,0.605,0.0796,0.5788
2014-10-08T00:15:59.062Z,0.0371,0.0537,0.6054,0.086,0.7034,0.0331,0.0537,0.6471,0.0823,0.5871,0.0343,0.0531,0.6194,0.084,0.6034
2014-10-08T00:16:59.324Z,0.04,0.0561,0.6187,0.0871,0.7094,0.0329,0.0526,0.6432,0.081,0.601,0.029,0.0474,0.5939,0.0806,0.5906
2014-10-08T00:17:59.664Z,0.0386,0.0561,0.6106,0.0872,0.7028,0.0325,0.0536,0.6389,0.0828,0.59,0.0283,0.0481,0.5983,0.0794,0.5869
2014-10-08T00:18:59.967Z,0.0354,0.0507,0.5854,0.0854,0.6971,0.0375,0.0571,0.6557,0.0868,0.6168,0.0271,0.0475,0.5836,0.0804,0.5496
2014-10-08T00:19:59.258Z,0.039,0.0572,0.6145,0.0907,0.7083,0.0359,0.0562,0.6569,0.0845,0.6114,0.0293,0.0493,0.6076,0.08,0.5621
2014-10-08T00:20:59.615Z,0.0403,0.0571,0.6219,0.09,0.7029,0.0374,0.0568,0.6616,0.0855,0.61,0.0297,0.0494,0.6,0.08,0.5632
2014-10-08T00:21:59.875Z,0.0312,0.0503,0.5838,0.0821,0.6397,0.0332,0.0532,0.6415,0.0815,0.5906,0.0303,0.0491,0.6047,0.0797,0.5829
2014-10-08T00:22:59.249Z,0.0366,0.0534,0.6026,0.0857,0.6846,0.0354,0.0546,0.6437,0.084,0.6154,0.0309,0.0491,0.6029,0.0814,0.5897
2014-10-08T00:23:59.550Z,0.0397,0.0553,0.606,0.089,0.7043,0.0347,0.056,0.6497,0.0853,0.5963,0.0277,0.048,0.5967,0.0797,0.5603
2014-10-08T00:24:59.866Z,0.0348,0.0519,0.597,0.0844,0.6956,0.0326,0.0519,0.6433,0.0811,0.5719,0.0259,0.047,0.5874,0.08,0.5548
2014-10-08T00:25:59.395Z,0.0356,0.054,0.6,0.086,0.692,0.034,0.0552,0.648,0.0824,0.5868,0.0276,0.048,0.5892,0.0788,0.5568
2014-10-08T00:26:59.705Z,0.0349,0.054,0.5974,0.0877,0.6737,0.0374,0.0569,0.6594,0.0837,0.6151,0.0309,0.0483,0.6057,0.0789,0.5994
2014-10-08T00:27:59.021Z,0.0344,0.0525,0.5939,0.0858,0.6744,0.0356,0.0556,0.6467,0.0847,0.5978,0.035,0.0542,0.6333,0.0856,0.6083
2014-10-08T00:28:59.335Z,0.0343,0.052,0.5937,0.0834,0.6969,0.0363,0.0571,0.6574,0.0857,0.5966,0.0283,0.0477,0.588,0.0783,0.5631
2014-10-08T00:29:59.660Z,0.0348,0.0529,0.5942,0.0855,0.6952,0.0332,0.0532,0.6406,0.0823,0.6081,0.0268,0.0458,0.5874,0.0777,0.5474
2014-10-08T00:30:59.964Z,0.0346,0.0533,0.6028,0.0854,0.6687,0.0377,0.0587,0.6636,0.0854,0.6095,0.0315,0.0505,0.6105,0.0828,0.6126
2014-10-08T00:31:59.115Z,0.0365,0.0541,0.6012,0.0868,0.6938,0.0365,0.0565,0.6668,0.0835,0.6174,0.0297,0.0488,0.5979,0.0809,0.5685
2014-10-08T00:32:59.521Z,0.0341,0.0516,0.5997,0.0847,0.6525,0.0338,0.0534,0.6491,0.0813,0.5856,0.03,0.0503,0.6091,0.0816,0.5653
2014-10-08T00:33:59.824Z,0.0345,0.0531,0.59,0.0859,0.6721,0.0386,0.0603,0.6838,0.0869,0.6086,0.0279,0.0479,0.6076,0.0779,0.5814
2014-10-08T00:34:59.283Z,0.0353,0.0531,0.595,0.0866,0.6803,0.035,0.0556,0.6497,0.0844,0.6269,0.0291,0.0484,0.5984,0.0797,0.5806
2014-10-08T00:35:59.544Z,0.0373,0.0547,0.6117,0.088,0.6923,0.0377,0.0567,0.663,0.084,0.6247,0.031,0.051,0.6107,0.0817,0.5917
2014-10-08T00:36:59.837Z,0.0397,0.0574,0.6171,0.0889,0.6969,0.034,0.0554,0.6571,0.0829,0.5617,0.0266,0.0471,0.5897,0.0786,0.5443
2014-10-08T00:37:59.162Z,0.0362,0.0528,0.5986,0.0848,0.6766,0.0382,0.0582,0.674,0.084,0.6198,0.03,0.0504,0.6058,0.0814,0.5766
2014-10-08T00:38:59.675Z,0.0376,0.0565,0.6086,0.0873,0.683,0.0362,0.0562,0.6562,0.0843,0.607,0.0295,0.0511,0.6065,0.0827,0.5692
2014-10-08T00:39:59.827Z,0.0386,0.0567,0.6167,0.0876,0.6807,0.0331,0.054,0.6502,0.0819,0.5919,0.0283,0.049,0.5971,0.0821,0.5733
2014-10-08T00:40:59.104Z,0.0382,0.0561,0.6085,0.0891,0.6985,0.0403,0.0606,0.6755,0.0882,0.6573,0.0294,0.0497,0.6064,0.0809,0.5624
2014-10-08T00:41:59.319Z,0.0355,0.0537,0.6,0.0871,0.6692,0.0363,0.0558,0.6608,0.0829,0.6284,0.0297,0.0497,0.6026,0.0818,0.5737
2014-10-08T00:42:59.625Z,0.0364,0.0539,0.6072,0.0858,0.6564,0.0367,0.0572,0.6689,0.085,0.6139,0.0289,0.0492,0.6017,0.08,0.5756
2014-10-08T00:43:59.986Z,0.0421,0.0607,0.6329,0.0918,0.7096,0.0346,0.0543,0.6468,0.0821,0.6125,0.0268,0.0457,0.5879,0.0771,0.5736
2014-10-08T00:44:59.408Z,0.0329,0.0513,0.5877,0.0839,0.6797,0.0361,0.0561,0.6668,0.0839,0.6165,0.0274,0.049,0.601,0.0797,0.5394
2014-10-08T00:45:59.632Z,0.0368,0.055,0.6076,0.0871,0.6765,0.0347,0.055,0.66,0.0838,0.6,0.0259,0.0459,0.5785,0.0782,0.5526
2014-10-08T00:46:59.879Z,0.0347,0.0525,0.5894,0.085,0.6717,0.0378,0.0572,0.6611,0.0847,0.6103,0.0294,0.0492,0.6119,0.08,0.5828
2014-10-08T00:47:59.129Z,0.034,0.0508,0.5864,0.0856,0.6844,0.0368,0.0572,0.652,0.0864,0.6156,0.026,0.0436,0.5816,0.0764,0.5604
2014-10-08T00:48:59.453Z,0.0364,0.0553,0.6072,0.0872,0.675,0.0328,0.0517,0.6392,0.0789,0.5806,0.0289,0.0489,0.6036,0.0797,0.5917
2014-10-08T00:49:59.734Z,0.0362,0.0536,0.6038,0.0867,0.6846,0.0346,0.0538,0.6438,0.0826,0.6036,0.0295,0.0479,0.6005,0.0792,0.599
2014-10-08T00:51:59.266Z,0.0339,0.051,0.5863,0.0829,0.6844,0.0339,0.0539,0.6493,0.0829,0.5968,0.028,0.0464,0.5917,0.0785,0.569
2014-10-08T00:52:59.512Z,0.0368,0.0535,0.6013,0.0861,0.6952,0.0306,0.0526,0.6477,0.08,0.5529,0.0265,0.0471,0.6039,0.0777,0.5568
2014-10-08T00:53:59.836Z,0.0341,0.0528,0.5947,0.0853,0.6525,0.035,0.0566,0.655,0.0841,0.5672,0.0306,0.0506,0.6044,0.0819,0.5722
2014-10-08T00:54:59.139Z,0.0345,0.0527,0.5964,0.0864,0.687,0.033,0.0555,0.6518,0.083,0.5797,0.0321,0.0509,0.6097,0.0809,0.6088
2014-10-08T00:55:59.455Z,0.0345,0.0521,0.593,0.0848,0.6855,0.0364,0.0579,0.6667,0.0833,0.5882,0.0264,0.0467,0.5945,0.0788,0.5588
2014-10-08T00:56:59.942Z,0.0304,0.0489,0.5719,0.0811,0.6281,0.0315,0.0519,0.633,0.0811,0.5674,0.0252,0.0459,0.587,0.0767,0.5341
2014-10-08T00:57:59.332Z,0.033,0.0515,0.5894,0.0848,0.6752,0.0397,0.0585,0.6679,0.0861,0.6436,0.0306,0.0503,0.6164,0.0806,0.5942
2014-10-08T00:58:59.709Z,0.036,0.0551,0.6023,0.088,0.672,0.0383,0.0586,0.6626,0.0871,0.6363,0.0326,0.0509,0.6083,0.0823,0.6026
2014-10-08T00:59:59.994Z,0.0346,0.053,0.597,0.0859,0.657,0.0362,0.0549,0.6478,0.083,0.6078,0.033,0.0524,0.6265,0.0814,0.6084
2014-10-08T01:00:59.272Z,0.0351,0.0524,0.5941,0.0851,0.67,0.0341,0.0541,0.6535,0.0824,0.6124,0.0292,0.0481,0.5949,0.0808,0.5641
2014-10-08T01:01:59.719Z,0.03,0.0491,0.5724,0.0827,0.653,0.0336,0.0548,0.6461,0.0824,0.5855,0.0342,0.0527,0.6179,0.0833,0.6176
2014-10-08T01:02:59.153Z,0.0356,0.0519,0.5908,0.0853,0.6986,0.0353,0.055,0.6481,0.0839,0.6153,0.0267,0.0458,0.5911,0.0794,0.5489
2014-10-08T01:03:59.445Z,0.0327,0.0519,0.5915,0.0838,0.6658,0.0388,0.06,0.67,0.0869,0.6288,0.0258,0.0458,0.5892,0.0785,0.5388
2014-10-08T01:04:59.961Z,0.0368,0.0541,0.6021,0.0879,0.7021,0.0315,0.0541,0.6462,0.0821,0.5471,0.0282,0.0479,0.5962,0.0782,0.5474
2014-10-08T01:05:59.274Z,0.0353,0.0528,0.5994,0.085,0.6869,0.0316,0.0509,0.6191,0.0813,0.6053,0.0278,0.0481,0.5887,0.0816,0.5644
2014-10-08T01:06:59.635Z,0.0356,0.053,0.5922,0.0863,0.6933,0.0359,0.0556,0.6456,0.0841,0.6315,0.0296,0.0481,0.5944,0.0807,0.5841
2014-10-08T01:07:59.018Z,0.0335,0.0521,0.5838,0.0841,0.685,0.0371,0.0576,0.6576,0.085,0.6109,0.0282,0.0479,0.595,0.0806,0.5782
2014-10-08T01:08:59.511Z,0.0345,0.0523,0.5913,0.0855,0.6348,0.0352,0.0548,0.6571,0.0826,0.6023,0.0271,0.0461,0.5839,0.0803,0.5719
2014-10-08T01:09:59.875Z,0.0353,0.0516,0.58,0.085,0.7197,0.0356,0.0547,0.6469,0.0838,0.6231,0.0269,0.0466,0.5847,0.0797,0.5622
2014-10-08T01:10:59.323Z,0.0349,0.0523,0.591,0.0844,0.6654,0.0321,0.0533,0.6354,0.081,0.5838,0.0313,0.0528,0.6115,0.0836,0.5705
2014-10-08T01:11:59.534Z,0.0344,0.0518,0.5947,0.0832,0.655,0.03,0.05,0.6262,0.08,0.5829,0.0274,0.0482,0.6024,0.0794,0.5535
2014-10-08T01:12:59.030Z,0.0316,0.0497,0.5762,0.0838,0.667,0.04,0.0611,0.6684,0.0884,0.6414,0.0289,0.0489,0.5892,0.0805,0.5746
2014-10-08T01:13:59.346Z,0.0432,0.0587,0.6226,0.0911,0.7289,0.0366,0.0566,0.6576,0.085,0.6068,0.0276,0.0471,0.5818,0.0795,0.5674
2014-10-08T01:14:59.706Z,0.0352,0.0519,0.5874,0.0856,0.6952,0.0422,0.0604,0.6585,0.0919,0.6767,0.0278,0.0478,0.6048,0.0785,0.5763
2014-10-08T01:15:59.189Z,0.0389,0.0575,0.6158,0.0883,0.6997,0.0378,0.0561,0.6586,0.0844,0.6367,0.0264,0.0456,0.5856,0.0786,0.5606
2014-10-08T01:16:59.570Z,0.036,0.0538,0.6031,0.086,0.681,0.0388,0.0586,0.6605,0.0871,0.6257,0.031,0.0483,0.5988,0.0817,0.6033
2014-10-08T01:17:59.903Z,0.0367,0.0547,0.6053,0.0867,0.6897,0.0303,0.05,0.6267,0.0767,0.573,0.0293,0.0467,0.5913,0.08,0.5953
2014-10-08T01:18:59.303Z,0.0348,0.0526,0.5874,0.0848,0.7004,0.0339,0.0539,0.6396,0.083,0.597,0.0274,0.0452,0.5765,0.0791,0.567
2014-10-08T01:19:59.445Z,0.0389,0.0569,0.612,0.0906,0.686,0.0366,0.0554,0.6563,0.0823,0.6194,0.0251,0.0454,0.5797,0.0789,0.5317
2014-10-08T01:20:59.627Z,0.0344,0.052,0.586,0.0848,0.6836,0.0364,0.0564,0.6524,0.0848,0.6028,0.0268,0.0456,0.586,0.0772,0.5748
2014-10-08T01:21:59.265Z,0.0362,0.0541,0.5948,0.0862,0.6955,0.0348,0.0559,0.6521,0.0845,0.6224,0.0297,0.049,0.6045,0.0807,0.5752
2014-10-08T01:22:59.626Z,0.0358,0.0533,0.5911,0.0861,0.6892,0.0361,0.0564,0.6564,0.0842,0.5961,0.0283,0.0481,0.5878,0.0808,0.55
2014-10-08T01:23:59.106Z,0.0345,0.0521,0.5912,0.0848,0.6545,0.0352,0.0576,0.6576,0.0855,0.5818,0.0291,0.0485,0.6052,0.08,0.5703
2014-10-08T01:24:59.548Z,0.0329,0.0506,0.5885,0.0847,0.6565,0.0362,0.055,0.6456,0.0847,0.6224,0.0309,0.0494,0.6094,0.0791,0.5871
2014-10-08T01:25:59.825Z,0.0335,0.0519,0.5965,0.0846,0.6605,0.0368,0.0576,0.6619,0.0862,0.6151,0.0289,0.0476,0.5895,0.0819,0.5932
2014-10-08T01:26:59.179Z,0.0366,0.0524,0.5998,0.0861,0.7049,0.0368,0.0573,0.6607,0.0856,0.5985,0.0315,0.0512,0.6112,0.0829,0.5868
2014-10-08T01:27:59.467Z,0.0384,0.0553,0.6007,0.0871,0.6902,0.0378,0.0573,0.6584,0.0851,0.61,0.0296,0.0484,0.5938,0.0807,0.588
2014-10-08T01:28:59.906Z,0.0367,0.0547,0.5943,0.0873,0.695,0.0393,0.0557,0.655,0.085,0.6497,0.0293,0.047,0.5973,0.08,0.5897
2014-10-08T01:29:59.190Z,0.0408,0.0575,0.6138,0.09,0.7004,0.0363,0.0567,0.6608,0.0858,0.625,0.025,0.0433,0.5754,0.0767,0.5417
2014-10-08T01:30:59.500Z,0.0388,0.0568,0.6165,0.0888,0.7015,0.0385,0.0582,0.6682,0.085,0.63,0.0268,0.0465,0.5894,0.0785,0.5659
2014-10-08T01:31:59.876Z,0.0369,0.0529,0.5891,0.0866,0.6931,0.0411,0.0617,0.6754,0.0906,0.6349,0.0294,0.0477,0.5949,0.0811,0.5643
2014-10-08T01:32:59.240Z,0.0378,0.0537,0.5983,0.0868,0.7151,0.0344,0.0546,0.6483,0.0844,0.6056,0.0293,0.0493,0.5946,0.08,0.5861
2014-10-08T01:33:59.551Z,0.0416,0.0577,0.6268,0.0884,0.7174,0.0355,0.0558,0.6568,0.0835,0.5887,0.0319,0.0506,0.6045,0.0839,0.5861
2014-10-08T01:34:59.844Z,0.0397,0.0574,0.6235,0.0881,0.7084,0.0381,0.0581,0.6645,0.0877,0.6306,0.0287,0.0468,0.5935,0.0787,0.5916
2014-10-08T01:35:59.277Z,0.0347,0.0519,0.5925,0.0853,0.6694,0.0356,0.0544,0.6544,0.0831,0.6103,0.0291,0.0497,0.6025,0.0803,0.5781
2014-10-08T01:36:59.593Z,0.0357,0.0531,0.5943,0.0849,0.6877,0.0346,0.0551,0.6537,0.0826,0.6069,0.0346,0.0534,0.628,0.0837,0.6206
2014-10-08T01:37:59.002Z,0.0336,0.0511,0.5947,0.0828,0.6719,0.0397,0.0608,0.6808,0.0864,0.6253,0.0303,0.0494,0.61,0.08,0.5789
2014-10-08T01:38:59.233Z,0.0313,0.05,0.5779,0.0838,0.68,0.0279,0.0479,0.6225,0.0754,0.5396,0.025,0.0471,0.5908,0.0767,0.52
2014-10-08T01:39:59.444Z,0.0341,0.0509,0.5865,0.0847,0.6821,0.0365,0.0559,0.6547,0.0847,0.6015,0.0288,0.0482,0.5944,0.0809,0.5568
2014-10-08T01:40:59.919Z,0.0352,0.0516,0.591,0.0861,0.6813,0.0403,0.06,0.6687,0.0884,0.6468,0.0297,0.0484,0.5981,0.08,0.5929
2014-10-08T01:41:59.227Z,0.04,0.0572,0.619,0.091,0.7052,0.039,0.0586,0.6597,0.0883,0.6372,0.0297,0.0486,0.5976,0.081,0.5903
2014-10-08T01:42:59.566Z,0.0383,0.0562,0.6159,0.0886,0.6969,0.0328,0.0528,0.6448,0.081,0.5879,0.0286,0.0476,0.5931,0.0793,0.5845
2014-10-08T01:43:59.877Z,0.0346,0.05,0.5876,0.0832,0.6935,0.0316,0.0524,0.6454,0.0805,0.5724,0.0316,0.0508,0.5986,0.0832,0.6003
2014-10-08T01:44:59.205Z,0.0407,0.0552,0.6124,0.089,0.72,0.0293,0.051,0.6348,0.079,0.5424,0.03,0.0472,0.5872,0.0807,0.5955
2014-10-08T01:45:59.662Z,0.0366,0.0524,0.599,0.0855,0.6903,0.0324,0.0534,0.631,0.0841,0.6148,0.0259,0.0452,0.5807,0.0776,0.5445
2014-10-08T01:46:59.163Z,0.0371,0.055,0.6059,0.0879,0.6865,0.0385,0.0591,0.6685,0.0874,0.6044,0.03,0.0485,0.6006,0.0803,0.5838
2014-10-08T01:47:59.518Z,0.0332,0.0518,0.5915,0.0847,0.6776,0.0344,0.0547,0.6435,0.0841,0.6206,0.0288,0.0497,0.6071,0.0806,0.5709
2014-10-08T01:48:59.838Z,0.0388,0.0553,0.6115,0.0897,0.6909,0.0329,0.0532,0.6432,0.0806,0.5876,0.0312,0.0515,0.6091,0.0838,0.5697
2014-10-08T01:49:59.085Z,0.0339,0.0526,0.5926,0.0868,0.6297,0.0392,0.0603,0.6734,0.0858,0.6361,0.0321,0.0505,0.6126,0.0829,0.6021
2014-10-08T01:50:59.467Z,0.0369,0.0534,0.6053,0.085,0.7034,0.0322,0.0522,0.6488,0.0794,0.5828,0.0331,0.0513,0.6231,0.0813,0.6284
2014-10-08T01:51:59.990Z,0.0311,0.0495,0.5774,0.0824,0.6261,0.0332,0.0542,0.6497,0.0818,0.6068,0.0295,0.0487,0.6034,0.08,0.5724
2014-10-08T01:52:59.343Z,0.0358,0.0539,0.6085,0.087,0.6782,0.0336,0.0542,0.6424,0.0833,0.5912,0.03,0.0497,0.6185,0.08,0.5791
2014-10-08T01:53:59.674Z,0.0387,0.0567,0.6133,0.089,0.6907,0.031,0.0513,0.6243,0.0807,0.5597,0.0293,0.0493,0.5993,0.081,0.5687
2014-10-08T01:54:59.935Z,0.035,0.0529,0.5968,0.0871,0.6936,0.03,0.0529,0.6389,0.0811,0.5675,0.0271,0.0468,0.59,0.0768,0.5632
2014-10-08T01:55:59.315Z,0.0354,0.0527,0.5938,0.0873,0.6827,0.0314,0.0527,0.6511,0.0811,0.5757,0.0295,0.0486,0.6,0.0803,0.5935
2014-10-08T01:56:59.576Z,0.0345,0.0519,0.5983,0.0845,0.665,0.0374,0.0583,0.6652,0.0857,0.6017,0.0324,0.0524,0.626,0.0821,0.59
2014-10-08T01:57:59.911Z,0.0389,0.0556,0.6083,0.0872,0.6822,0.0303,0.0511,0.6511,0.0778,0.5486,0.0331,0.0533,0.6264,0.0831,0.5992
2014-10-08T01:58:59.180Z,0.0379,0.055,0.6107,0.0889,0.6825,0.0371,0.0579,0.6539,0.0861,0.6346,0.03,0.0493,0.6089,0.0804,0.5668
2014-10-08T01:59:59.495Z,0.04,0.0567,0.6142,0.0885,0.7224,0.0361,0.057,0.6573,0.0855,0.5867,0.0276,0.0473,0.6021,0.0779,0.5661
2014-10-08T02:00:59.980Z,0.0352,0.0523,0.5974,0.0842,0.6535,0.0387,0.059,0.67,0.0868,0.63,0.0313,0.0519,0.6219,0.0823,0.59
2014-10-08T02:01:59.219Z,0.0377,0.0542,0.6042,0.0865,0.7016,0.0332,0.0523,0.6419,0.0826,0.6155,0.0294,0.0487,0.6074,0.0797,0.5823
2014-10-08T02:02:59.575Z,0.0364,0.053,0.5891,0.0864,0.6897,0.0336,0.0527,0.6367,0.0815,0.6139,0.0345,0.0527,0.6261,0.0833,0.6282
2014-10-08T02:04:59.209Z,0.0366,0.0534,0.6046,0.0867,0.6885,0.0355,0.0549,0.6522,0.0836,0.6239,0.0279,0.0466,0.5916,0.0787,0.5737
2014-10-08T02:05:59.640Z,0.0438,0.0619,0.6319,0.095,0.7112,0.0281,0.05,0.6288,0.0781,0.5431,0.0319,0.0515,0.6146,0.0812,0.5938
2014-10-08T02:06:59.948Z,0.0394,0.0568,0.6184,0.0916,0.6797,0.0371,0.0568,0.6658,0.0858,0.639,0.0313,0.0506,0.609,0.0826,0.601
2014-10-08T02:07:59.302Z,0.0356,0.0548,0.6044,0.0863,0.6548,0.0326,0.0552,0.6544,0.0833,0.5715,0.0296,0.05,0.607,0.0819,0.5759
2014-10-08T02:08:59.684Z,0.0356,0.0528,0.5972,0.0863,0.6831,0.0322,0.0534,0.6497,0.0822,0.5634,0.0281,0.0478,0.6056,0.0772,0.5609
2014-10-08T02:09:59.085Z,0.0327,0.051,0.5927,0.084,0.6537,0.0347,0.0553,0.652,0.083,0.572,0.0273,0.0477,0.592,0.0777,0.547
2014-10-08T02:10:59.430Z,0.0364,0.055,0.61,0.0877,0.6791,0.0395,0.0593,0.6709,0.0857,0.6359,0.0286,0.048,0.5982,0.0805,0.5702
2014-10-08T02:11:59.644Z,0.0344,0.0507,0.5883,0.0837,0.6861,0.0361,0.0571,0.6607,0.0854,0.6007,0.0339,0.0534,0.6173,0.0841,0.5815
2014-10-08T02:12:59.977Z,0.0359,0.0547,0.6003,0.0882,0.6697,0.0388,0.0606,0.6762,0.0882,0.6471,0.0253,0.0459,0.5859,0.0782,0.5309
2014-10-08T02:13:59.334Z,0.0374,0.0551,0.6109,0.0877,0.6911,0.0357,0.0566,0.6651,0.0843,0.6069,0.0277,0.0486,0.6089,0.0791,0.5594
2014-10-08T02:14:59.653Z,0.0367,0.053,0.6033,0.0861,0.7091,0.0348,0.0555,0.6576,0.0842,0.6103,0.0264,0.0473,0.5927,0.0779,0.5309
2014-10-08T02:15:59.028Z,0.0359,0.0541,0.5983,0.0862,0.6848,0.0366,0.0572,0.6638,0.0841,0.6186,0.0303,0.0497,0.6148,0.0807,0.5955
2014-10-08T02:16:59.364Z,0.0353,0.0541,0.6006,0.0856,0.6656,0.0384,0.0578,0.6734,0.0872,0.6509,0.0344,0.0538,0.6228,0.0834,0.6109
2014-10-08T02:17:59.594Z,0.0361,0.0545,0.6021,0.0867,0.6906,0.0373,0.0579,0.6645,0.0864,0.6276,0.0309,0.05,0.6197,0.0806,0.5948
2014-10-08T02:18:59.117Z,0.038,0.0563,0.609,0.0893,0.6827,0.0343,0.054,0.6543,0.0823,0.606,0.0287,0.047,0.5913,0.0797,0.5817
2014-10-08T02:19:59.694Z,0.0353,0.0537,0.6034,0.0863,0.6595,0.0358,0.0571,0.6661,0.0847,0.5853,0.0274,0.0487,0.5963,0.0803,0.5487
2014-10-08T02:20:59.145Z,0.0363,0.0556,0.6048,0.0881,0.6585,0.0304,0.0522,0.6356,0.0819,0.5544,0.027,0.0459,0.5878,0.0781,0.5622
2014-10-08T02:21:59.556Z,0.0348,0.053,0.5994,0.0848,0.65,0.0306,0.0509,0.6309,0.08,0.5712,0.0297,0.0497,0.6061,0.0809,0.5727
2014-10-08T02:22:59.839Z,0.0361,0.0536,0.61,0.0848,0.6524,0.0394,0.0603,0.6706,0.0873,0.6285,0.0276,0.0482,0.5894,0.0806,0.5515
2014-10-08T02:23:59.183Z,0.0332,0.0514,0.5875,0.0854,0.6429,0.0368,0.0589,0.6679,0.0864,0.6011,0.0325,0.0521,0.6204,0.0818,0.5889
2014-10-08T02:24:59.514Z,0.0371,0.0544,0.6017,0.0876,0.7015,0.0393,0.0588,0.6761,0.0851,0.6285,0.0256,0.0456,0.592,0.0776,0.5463
2014-10-08T02:25:59.762Z,0.0369,0.0559,0.6159,0.09,0.6894,0.0322,0.0531,0.6403,0.0813,0.5747,0.0275,0.0475,0.5987,0.0797,0.5463
2014-10-08T02:26:59.074Z,0.0367,0.0542,0.607,0.0876,0.693,0.0358,0.0558,0.6624,0.0842,0.6136,0.0309,0.05,0.6133,0.0806,0.5812
2014-10-08T02:27:59.781Z,0.0387,0.0551,0.6018,0.0882,0.7023,0.0377,0.0587,0.6841,0.0844,0.6223,0.031,0.0526,0.6069,0.0841,0.5792
2014-10-08T02:28:59.202Z,0.0381,0.0527,0.5973,0.085,0.735,0.0362,0.0577,0.6635,0.0858,0.6373,0.0319,0.0515,0.6208,0.0815,0.5965
2014-10-08T02:29:59.495Z,0.0369,0.0531,0.5994,0.0872,0.6925,0.0381,0.06,0.6741,0.0888,0.6334,0.0278,0.0466,0.5953,0.0797,0.5734
2014-10-08T02:30:59.873Z,0.038,0.054,0.609,0.0887,0.684,0.0313,0.052,0.6413,0.0803,0.577,0.0277,0.0483,0.5977,0.08,0.546
2014-10-08T02:31:59.023Z,0.037,0.0547,0.6037,0.0867,0.6833,0.0343,0.054,0.6407,0.084,0.588,0.026,0.046,0.5993,0.0763,0.557
2014-10-08T02:32:59.290Z,0.0387,0.0561,0.6097,0.0892,0.6874,0.0353,0.0563,0.6634,0.0834,0.5976,0.0305,0.0513,0.5992,0.0832,0.585
2014-10-08T02:33:59.831Z,0.038,0.0543,0.6006,0.088,0.698,0.0374,0.0586,0.6651,0.0871,0.618,0.0283,0.0483,0.5974,0.0786,0.5657
2014-10-08T02:34:59.374Z,0.0362,0.0546,0.6119,0.0843,0.637,0.0362,0.0568,0.6643,0.0832,0.5762,0.0308,0.0508,0.6127,0.0814,0.5943
2014-10-08T02:35:59.791Z,0.0358,0.053,0.6067,0.0839,0.6761,0.0297,0.0512,0.6418,0.0809,0.5421,0.03,0.0488,0.61,0.08,0.6106
2014-10-08T02:36:59.125Z,0.0336,0.0511,0.5886,0.0825,0.6548,0.0339,0.0541,0.6568,0.0816,0.6009,0.0275,0.0486,0.6007,0.0823,0.5555
2014-10-08T02:37:59.388Z,0.0325,0.05,0.5775,0.0844,0.6775,0.0403,0.0616,0.6838,0.0897,0.6322,0.03,0.0481,0.5991,0.0794,0.5688
2014-10-08T02:38:59.693Z,0.0357,0.0537,0.596,0.086,0.6877,0.0343,0.0547,0.6473,0.0833,0.5917,0.0293,0.0497,0.6103,0.0803,0.5893
2014-10-08T02:39:59.068Z,0.0357,0.0525,0.5929,0.0864,0.6807,0.0325,0.0543,0.6464,0.0843,0.5736,0.0257,0.0464,0.5832,0.0782,0.5468
2014-10-08T02:40:59.348Z,0.039,0.0563,0.6097,0.09,0.712,0.032,0.052,0.6423,0.0803,0.579,0.027,0.0483,0.6037,0.0767,0.5543
2014-10-08T02:41:59.660Z,0.0364,0.0542,0.6009,0.087,0.6803,0.0361,0.0573,0.6579,0.0864,0.5806,0.027,0.047,0.5939,0.0791,0.5661
2014-10-08T02:42:59.070Z,0.0361,0.0545,0.6065,0.0855,0.6806,0.0358,0.0565,0.6565,0.0861,0.6152,0.0306,0.0513,0.6145,0.0832,0.5539
2014-10-08T02:43:59.382Z,0.0407,0.058,0.62,0.0897,0.7187,0.0323,0.0513,0.636,0.0807,0.59,0.0287,0.0477,0.5903,0.078,0.5777
2014-10-08T02:44:59.122Z,0.0364,0.0536,0.5994,0.0882,0.6694,0.0336,0.0548,0.6476,0.0845,0.6067,0.0336,0.0506,0.607,0.0812,0.6094
2014-10-08T02:45:59.471Z,0.0367,0.0548,0.6103,0.087,0.6867,0.0339,0.0548,0.6567,0.083,0.5755,0.0312,0.0509,0.6045,0.0821,0.5691
2014-10-08T02:46:59.832Z,0.0375,0.0547,0.6114,0.0875,0.6828,0.0342,0.0564,0.6603,0.0844,0.5872,0.0264,0.0469,0.5922,0.0786,0.5389
2014-10-08T02:47:59.292Z,0.0348,0.0524,0.5933,0.0858,0.6939,0.0352,0.0555,0.6506,0.0839,0.6085,0.0291,0.0482,0.5921,0.0806,0.5842
2014-10-08T02:48:59.523Z,0.0327,0.0503,0.5876,0.0827,0.6603,0.0264,0.047,0.6264,0.0736,0.5191,0.0261,0.0467,0.5948,0.0764,0.5388
2014-10-08T02:49:59.958Z,0.0366,0.0543,0.6089,0.0877,0.69,0.036,0.0577,0.6643,0.0857,0.6114,0.028,0.0474,0.598,0.08,0.5666
2014-10-08T02:50:59.349Z,0.0356,0.0541,0.5962,0.0856,0.6963,0.0341,0.0522,0.6513,0.0816,0.6097,0.0353,0.055,0.6403,0.0838,0.5972
2014-10-08T02:51:59.635Z,0.042,0.0589,0.6214,0.0917,0.7151,0.0334,0.0566,0.6594,0.0834,0.5857,0.034,0.0551,0.618,0.086,0.5989
2014-10-08T02:53:59.242Z,0.0338,0.0502,0.5876,0.0825,0.6703,0.034,0.0556,0.6516,0.0832,0.5792,0.0279,0.0486,0.5994,0.0802,0.5654
2014-10-08T02:54:59.586Z,0.0313,0.0503,0.5763,0.0833,0.6547,0.039,0.0593,0.676,0.0863,0.6243,0.0277,0.048,0.5993,0.079,0.569
2014-10-08T02:55:59.001Z,0.0393,0.0579,0.6257,0.0889,0.6989,0.0332,0.055,0.6407,0.0857,0.5682,0.0286,0.0461,0.5975,0.0786,0.5879
2014-10-08T02:56:59.308Z,0.0374,0.0539,0.6042,0.0881,0.6974,0.0371,0.0565,0.6494,0.0839,0.6319,0.0284,0.049,0.6084,0.0774,0.5755
2014-10-08T02:57:59.768Z,0.0344,0.0524,0.6006,0.0856,0.6726,0.0332,0.0544,0.655,0.0826,0.5906,0.0291,0.0509,0.6029,0.0824,0.5626
2014-10-08T02:58:59.141Z,0.0394,0.0569,0.618,0.0891,0.7009,0.0354,0.0554,0.6534,0.0831,0.6106,0.0331,0.0517,0.6149,0.0829,0.6166
2014-10-08T02:59:59.363Z,0.035,0.0529,0.5982,0.085,0.6688,0.0365,0.0582,0.6635,0.0856,0.5947,0.0274,0.0476,0.6068,0.0776,0.5571
2014-10-08T03:00:59.821Z,0.036,0.0526,0.5983,0.0851,0.6523,0.0329,0.054,0.6446,0.082,0.5894,0.0291,0.0486,0.5983,0.0803,0.5534
2014-10-08T03:01:59.181Z,0.0353,0.0523,0.603,0.0838,0.6896,0.0372,0.0591,0.6785,0.0851,0.5913,0.0319,0.0515,0.6153,0.0821,0.5677
2014-10-08T03:02:59.670Z,0.0335,0.0529,0.5968,0.0865,0.6506,0.039,0.0581,0.6758,0.0848,0.631,0.03,0.0506,0.5997,0.0816,0.5855
2014-10-08T03:03:59.913Z,0.037,0.0533,0.607,0.0853,0.7,0.0375,0.0578,0.6675,0.0853,0.6223,0.0293,0.0488,0.6028,0.0808,0.5705
2014-10-08T03:04:59.236Z,0.039,0.0566,0.6152,0.0883,0.6938,0.0303,0.0531,0.6603,0.081,0.5359,0.0286,0.0493,0.6138,0.0803,0.5655
2014-10-08T03:05:59.531Z,0.0382,0.0559,0.6106,0.0882,0.6994,0.0376,0.0591,0.6762,0.0853,0.6079,0.0326,0.0535,0.6226,0.0841,0.5779
2014-10-08T03:06:59.798Z,0.0384,0.0542,0.61,0.0877,0.6997,0.0355,0.0558,0.6632,0.0835,0.5865,0.0303,0.0513,0.6184,0.0819,0.5948
2014-10-08T03:07:59.055Z,0.0372,0.0544,0.6028,0.0856,0.6994,0.0353,0.0578,0.6675,0.0856,0.5919,0.0288,0.0494,0.6041,0.0803,0.5478
2014-10-08T03:08:59.356Z,0.035,0.0538,0.5997,0.0847,0.6875,0.0338,0.0556,0.6634,0.0825,0.5759,0.0281,0.0475,0.61,0.0769,0.5647
2014-10-08T03:09:59.574Z,0.0353,0.0522,0.5972,0.0867,0.6792,0.0403,0.0633,0.69,0.0892,0.6175,0.0272,0.0486,0.6014,0.0797,0.5383
2014-10-08T03:10:59.889Z,0.0406,0.0584,0.6232,0.0903,0.7168,0.0316,0.0532,0.6513,0.0806,0.5684,0.0277,0.0487,0.609,0.08,0.5429
2014-10-08T03:11:59.309Z,0.0318,0.05,0.5942,0.0836,0.6564,0.0394,0.0582,0.6652,0.087,0.647,0.0309,0.0503,0.6164,0.0809,0.5842
2014-10-08T03:12:59.614Z,0.0338,0.0511,0.592,0.0853,0.6747,0.038,0.0609,0.6869,0.0876,0.5916,0.0313,0.0502,0.6216,0.0802,0.6007
2014-10-08T03:13:59.071Z,0.0364,0.055,0.6082,0.0868,0.6879,0.0343,0.0561,0.6704,0.0832,0.5836,0.0246,0.0454,0.5946,0.0779,0.5279
2014-10-08T03:14:59.395Z,0.0389,0.0569,0.6237,0.0889,0.674,0.0391,0.0589,0.6771,0.0866,0.6211,0.0334,0.0546,0.6349,0.0834,0.6026
2014-10-08T03:15:59.813Z,0.0364,0.0539,0.6079,0.0855,0.6709,0.0318,0.0533,0.6648,0.0812,0.5652,0.0273,0.0488,0.6112,0.0797,0.5588
2014-10-08T03:16:59.223Z,0.0347,0.0532,0.6024,0.0858,0.6632,0.0347,0.0574,0.685,0.0816,0.5403,0.0282,0.0497,0.6224,0.0789,0.5518
2014-10-08T03:17:59.552Z,0.0363,0.0534,0.6059,0.0866,0.6747,0.0356,0.0566,0.6713,0.0844,0.6231,0.03,0.05,0.6116,0.0803,0.5859
2014-10-08T03:18:59.855Z,0.0343,0.0517,0.5891,0.0866,0.6789,0.0403,0.0617,0.6849,0.0894,0.6246,0.0306,0.0503,0.6006,0.0831,0.5709
2014-10-08T03:19:59.170Z,0.0348,0.0519,0.5916,0.0871,0.69,0.0384,0.0597,0.6813,0.0861,0.6368,0.0306,0.0506,0.62,0.0819,0.5784
2014-10-08T03:20:59.512Z,0.0377,0.0541,0.599,0.0892,0.7056,0.031,0.0531,0.6536,0.0813,0.5392,0.0349,0.0551,0.6336,0.0844,0.5954
2014-10-08T03:21:59.820Z,0.0345,0.052,0.595,0.0855,0.6677,0.0355,0.0565,0.6783,0.0828,0.5653,0.0328,0.0548,0.6322,0.084,0.5923
2014-10-08T03:22:59.145Z,0.0387,0.0561,0.6139,0.0882,0.6945,0.0361,0.0576,0.6763,0.0853,0.5808,0.0284,0.0484,0.6034,0.0795,0.5797
2014-10-08T03:23:59.440Z,0.0367,0.0542,0.6076,0.0882,0.6897,0.0379,0.0591,0.6758,0.0867,0.6206,0.0297,0.0494,0.6058,0.0803,0.5591
2014-10-08T03:24:59.794Z,0.04,0.0567,0.6163,0.0896,0.7104,0.0326,0.057,0.6641,0.0833,0.5537,0.0289,0.0496,0.6174,0.0789,0.5389
2014-10-08T03:25:59.213Z,0.0384,0.0568,0.6123,0.089,0.6994,0.0358,0.0568,0.6739,0.0835,0.5923,0.0284,0.0487,0.601,0.079,0.57
2014-10-08T03:26:59.477Z,0.0363,0.0547,0.6141,0.0866,0.6669,0.035,0.0591,0.6644,0.0875,0.5944,0.03,0.0497,0.6213,0.0803,0.5803
2014-10-08T03:27:59.812Z,0.0322,0.0505,0.5873,0.0819,0.6541,0.0378,0.0581,0.6743,0.0859,0.6135,0.0268,0.0468,0.6016,0.0776,0.5581
2014-10-08T03:28:59.145Z,0.0407,0.0593,0.6287,0.0887,0.6943,0.0367,0.0593,0.676,0.086,0.6167,0.0293,0.0497,0.6097,0.0813,0.5883
2014-10-08T03:29:59.505Z,0.035,0.0535,0.6058,0.0854,0.6842,0.0369,0.0573,0.6723,0.0835,0.5881,0.0281,0.0485,0.6081,0.0788,0.5677
2014-10-08T03:30:59.933Z,0.034,0.052,0.596,0.086,0.6697,0.034,0.0554,0.6569,0.084,0.5791,0.0317,0.0523,0.6197,0.0817,0.6097
2014-10-08T03:31:59.269Z,0.041,0.0579,0.6298,0.0893,0.7038,0.0307,0.0533,0.6438,0.0805,0.5633,0.0312,0.0507,0.6126,0.0821,0.5855
2014-10-08T03:32:59.631Z,0.0309,0.0478,0.5794,0.0809,0.6519,0.0366,0.0572,0.6563,0.0863,0.6359,0.0316,0.0497,0.6156,0.08,0.5875
2014-10-08T03:33:59.940Z,0.0361,0.0542,0.6097,0.0855,0.6697,0.0342,0.0555,0.6665,0.0839,0.5858,0.031,0.0523,0.6216,0.0816,0.5771
2014-10-08T03:34:59.323Z,0.0388,0.0571,0.6171,0.0885,0.7021,0.0309,0.0515,0.6432,0.0785,0.5694,0.0324,0.0509,0.6215,0.0812,0.5803
2014-10-08T03:35:59.788Z,0.0341,0.0521,0.6024,0.0845,0.6383,0.0331,0.0552,0.6638,0.0821,0.5686,0.0262,0.0476,0.5959,0.0776,0.5303
2014-10-08T03:36:59.206Z,0.0336,0.0503,0.5917,0.0842,0.6731,0.0408,0.0603,0.6775,0.0875,0.6564,0.03,0.0519,0.6153,0.0811,0.5564
2014-10-08T03:37:59.544Z,0.04,0.0573,0.6182,0.0903,0.7112,0.0355,0.057,0.6612,0.0839,0.5718,0.0306,0.05,0.6118,0.0812,0.5748
2014-10-08T03:38:59.843Z,0.0369,0.0537,0.6066,0.0863,0.6943,0.0383,0.0603,0.6843,0.0869,0.6003,0.0294,0.0506,0.6169,0.0814,0.548
2014-10-08T03:39:59.131Z,0.032,0.0491,0.5874,0.0797,0.6123,0.0314,0.0549,0.66,0.082,0.5194,0.0317,0.0534,0.6263,0.0831,0.5709
2014-10-08T03:40:59.463Z,0.0365,0.0551,0.6138,0.0862,0.6578,0.0378,0.0611,0.6908,0.0873,0.6014,0.0292,0.0495,0.6159,0.0805,0.56
2014-10-08T03:41:59.752Z,0.0311,0.0507,0.59,0.0822,0.623,0.04,0.063,0.6989,0.0874,0.6163,0.0296,0.0519,0.623,0.0826,0.5611
2014-10-08T03:42:59.084Z,0.04,0.0597,0.6352,0.0903,0.6807,0.0376,0.0597,0.6831,0.0859,0.6083,0.0255,0.0455,0.5941,0.0769,0.5286
2014-10-08T03:43:59.437Z,0.0337,0.054,0.604,0.0867,0.641,0.0343,0.057,0.6683,0.085,0.576,0.026,0.0487,0.6053,0.079,0.5237
2014-10-08T03:44:59.944Z,0.0332,0.0515,0.5953,0.0844,0.6697,0.0329,0.0532,0.6559,0.0812,0.5903,0.0303,0.0506,0.6382,0.0797,0.5821
2014-10-08T03:45:59.410Z,0.037,0.0567,0.6412,0.0879,0.6633,0.0385,0.06,0.6815,0.0873,0.6076,0.0294,0.0497,0.6055,0.0815,0.5788
2014-10-08T03:46:59.952Z,0.032,0.0503,0.5893,0.0853,0.643,0.04,0.0617,0.6863,0.0873,0.5907,0.0297,0.051,0.619,0.0813,0.5763
2014-10-08T03:47:59.231Z,0.0358,0.0532,0.6082,0.0858,0.6837,0.0379,0.0584,0.6711,0.0855,0.6184,0.0289,0.05,0.6171,0.0803,0.5508
2014-10-08T03:48:59.593Z,0.0343,0.0517,0.5929,0.0843,0.6709,0.0363,0.0569,0.6677,0.084,0.6077,0.0286,0.0486,0.6046,0.0783,0.5714
2014-10-08T03:49:59.129Z,0.0354,0.0529,0.6003,0.0857,0.6726,0.0346,0.0574,0.6631,0.0863,0.5794,0.0326,0.0543,0.638,0.0837,0.5774
2014-10-08T03:50:59.647Z,0.0341,0.0509,0.5931,0.0863,0.6784,0.035,0.0553,0.6537,0.0841,0.6,0.0291,0.0494,0.6084,0.0803,0.5641
2014-10-08T03:51:59.924Z,0.0393,0.0579,0.6197,0.091,0.6886,0.0345,0.0552,0.6628,0.0828,0.6131,0.0279,0.0476,0.5962,0.0786,0.561
2014-10-08T03:52:59.443Z,0.041,0.059,0.633,0.091,0.687,0.0337,0.0573,0.661,0.0857,0.5803,0.031,0.052,0.608,0.0837,0.5713
2014-10-08T03:53:59.774Z,0.0352,0.053,0.5989,0.0856,0.6926,0.0359,0.0544,0.6548,0.0841,0.6333,0.0274,0.0474,0.5956,0.0793,0.5863
2014-10-08T03:54:59.019Z,0.0387,0.0558,0.6171,0.0881,0.701,0.0355,0.0555,0.6635,0.0842,0.5955,0.0294,0.05,0.6161,0.0787,0.571
2014-10-08T03:55:59.295Z,0.0389,0.0549,0.6143,0.0889,0.7083,0.0363,0.0586,0.6669,0.0871,0.5871,0.0291,0.0503,0.618,0.0806,0.5717
2014-10-08T03:56:59.559Z,0.0354,0.0511,0.5957,0.0857,0.6996,0.0357,0.0586,0.6768,0.085,0.6004,0.0268,0.0486,0.5975,0.0793,0.5386
2014-10-08T03:57:59.875Z,0.032,0.0488,0.5873,0.0832,0.6517,0.0368,0.0578,0.6729,0.0849,0.609,0.032,0.0539,0.6254,0.0849,0.5707
2014-10-08T03:58:59.304Z,0.0371,0.0553,0.6162,0.0885,0.6691,0.0382,0.0585,0.6624,0.0868,0.6165,0.0326,0.0538,0.6309,0.0838,0.5956
2014-10-08T03:59:59.797Z,0.0364,0.055,0.6111,0.0879,0.6982,0.0279,0.05,0.6286,0.0789,0.5118,0.0282,0.0496,0.6043,0.0814,0.5586
