2014-11-07T00:00:59.052Z,3.249,21.1543,231.9429,0.091,0.1545,-5.8597,21.5852,233.576,0.0918,-0.2709,10.2734,25.0964,234.3341,0.1073,0.4102
2014-11-07T00:01:59.228Z,3.4999,21.1349,231.7439,0.0906,0.1663,-5.9612,21.1568,231.6249,0.0912,-0.2813,10.3705,24.9239,234.3082,0.1064,0.4187
2014-11-07T00:02:59.051Z,3.6578,21.4999,231.8414,0.0925,0.1704,-5.6574,21.0935,231.3612,0.0909,-0.2685,10.4343,24.7578,234.3173,0.1061,0.4231
2014-11-07T00:03:59.683Z,3.2833,21.0417,231.3361,0.0913,0.1567,-5.6061,21.1384,233.8653,0.0899,-0.2654,10.2431,24.8157,233.7915,0.1064,0.4141
2014-11-07T00:04:59.083Z,3.3533,21.4357,231.26,0.093,0.1563,-5.8054,21.4627,234.1023,0.0918,-0.2705,10.3137,24.7987,233.9216,0.1065,0.4165
2014-11-07T00:05:59.380Z,3.3821,21.4771,231.901,0.0928,0.1583,-5.6373,20.9751,233.8757,0.0897,-0.2667,10.3489,24.7836,234.043,0.1063,0.4186
2014-11-07T00:06:59.078Z,3.1703,21.6386,232.0137,0.0935,0.1467,-5.8474,21.726,233.7792,0.0918,-0.2691,10.3077,25.0054,234.0718,0.1067,0.4129
2014-11-07T00:07:59.439Z,2.9578,21.5351,232.1707,0.0932,0.138,-5.6356,21.7576,234.0916,0.0932,-0.2589,10.2777,24.7971,233.4091,0.1061,0.4144
2014-11-07T00:08:59.014Z,2.6334,21.5382,232.593,0.0924,0.1222,-6.0823,21.7281,234.3063,0.0922,-0.2794,10.2061,25.1581,233.9746,0.1075,0.4062
2014-11-07T00:09:59.412Z,2.947,21.7022,232.4877,0.0931,0.1365,-5.8306,21.8131,234.1312,0.0931,-0.2672,10.3169,25.158,234.026,0.1079,0.4099
2014-11-07T00:10:59.670Z,2.9747,21.7771,233.0312,0.0935,0.1377,-5.9977,21.848,234.3194,0.0935,-0.2752,10.223,25.3793,234.241,0.1085,0.4043
2014-11-07T00:11:59.854Z,3.2363,21.6755,233.4531,0.0931,0.1505,-5.9336,21.6554,233.9879,0.0929,-0.2723,10.2484,25.2693,234.698,0.1078,0.405
2014-11-07T00:12:59.287Z,3.5591,21.8818,233.9238,0.0933,0.1623,-5.9409,21.5294,233.8946,0.0916,-0.2757,10.2674,25.3306,234.9928,0.1081,0.4056
2014-11-07T00:13:59.969Z,3.6286,21.9622,234.1154,0.0935,0.1663,-5.7699,21.7963,234.3373,0.0926,-0.2651,10.4058,25.5148,234.9416,0.1092,0.4082
2014-11-07T00:14:59.424Z,3.5832,22.0363,233.0634,0.0943,0.1622,-5.7913,21.6177,233.6639,0.092,-0.2681,10.1192,25.0311,234.2589,0.1067,0.404
2014-11-07T00:15:59.817Z,3.6851,21.8277,232.7476,0.0935,0.1689,-5.7114,21.3694,233.5706,0.0915,-0.2666,10.5212,25.5046,234.3856,0.1088,0.4124
2014-11-07T00:16:59.018Z,3.3955,21.6131,232.6971,0.093,0.1573,-5.9927,21.7239,233.1366,0.093,-0.2761,10.1723,25.303,234.1828,0.108,0.4026
2014-11-07T00:17:59.184Z,3.5198,21.9939,232.8859,0.0946,0.1603,-5.8119,21.2804,232.7129,0.0916,-0.2729,10.261,24.9606,234.2397,0.1067,0.4118
2014-11-07T00:18:59.222Z,3.6551,21.9409,232.639,0.094,0.1662,-5.9474,21.4576,232.46,0.0923,-0.2772,10.0968,25.1884,234.2033,0.1071,0.4014
2014-11-07T00:19:59.877Z,2.9961,21.5883,231.8996,0.0933,0.1386,-6.0551,21.6308,232.7963,0.0924,-0.2801,10.2831,25.5839,234.3807,0.1095,0.4022
2014-11-07T00:20:59.289Z,3.487,21.6483,232.1063,0.0934,0.1602,-6.1484,21.8404,232.7141,0.0942,-0.2826,10.2231,25.1016,234.276,0.1077,0.4072
2014-11-07T00:21:59.425Z,3.304,21.7043,232.1746,0.0938,0.1531,-5.9724,21.3873,233.5837,0.0911,-0.2779,10.3069,25.129,234.2047,0.1084,0.411
2014-11-07T00:22:59.974Z,3.5238,21.6938,232.1413,0.0936,0.1636,-5.7042,21.3881,233.1177,0.0916,-0.2667,10.2719,25.1968,233.8049,0.108,0.4078
2014-11-07T00:23:59.836Z,2.9117,21.6834,233.0942,0.0928,0.1339,-6.2587,21.4027,233.1625,0.0926,-0.2919,9.7042,24.1573,230.6892,0.1052,0.4025
2014-11-07T00:24:59.067Z,3.4768,21.7863,232.23,0.0937,0.1602,-5.9685,21.4776,232.9034,0.0917,-0.2785,10.2596,25.1927,233.8811,0.1081,0.4074
2014-11-07T00:26:59.901Z,3.285,21.5173,232.147,0.0931,0.1524,-5.9773,21.6228,233.1432,0.0923,-0.2765,10.1204,25.036,233.9402,0.1072,0.4052
2014-11-07T00:27:59.735Z,3.2531,21.7059,231.8568,0.0934,0.1509,-5.9418,21.6045,233.1062,0.0928,-0.2754,10.2356,25.1845,234.2685,0.1075,0.4067
2014-11-07T00:28:59.075Z,2.6935,21.7024,231.7917,0.0933,0.1244,-5.9808,21.5796,233.2308,0.0926,-0.2769,10.2108,24.9539,233.9131,0.1069,0.4091
2014-11-07T00:29:59.354Z,3.472,21.6997,230.8239,0.0941,0.1603,-5.8285,21.6015,233.1066,0.0926,-0.2693,10.3467,25.0878,234.0944,0.1077,0.4129
2014-11-07T00:30:59.885Z,3.3221,21.514,230.2991,0.0941,0.1534,-6.2378,21.7323,233.2995,0.0927,-0.2864,10.4208,25.2011,234.1663,0.1075,0.4145
2014-11-07T00:31:59.101Z,3.2366,21.5716,230.6746,0.0945,0.1484,-6.4287,21.3799,233.1547,0.0912,-0.3003,10.2154,24.9747,234.152,0.1063,0.4101
2014-11-07T00:32:59.326Z,3.2796,21.5535,231.1455,0.0946,0.1515,-6.1096,21.6528,232.8936,0.0927,-0.2819,10.2177,24.9864,233.7983,0.1068,0.4091
2014-11-07T00:33:59.189Z,3.039,21.495,231.8284,0.0927,0.1412,-6.2436,21.5467,232.529,0.0926,-0.2897,10.1138,25.1809,234.2816,0.1074,0.4022
2014-11-07T00:34:59.434Z,3.5946,21.931,231.9615,0.0944,0.1646,-5.6565,21.5363,232.384,0.0919,-0.2629,10.6239,25.376,234.4263,0.1083,0.4184
2014-11-07T00:35:59.741Z,3.4124,21.9152,231.9339,0.0943,0.1561,-5.8335,21.3732,232.9601,0.0914,-0.2721,10.1865,24.8864,234.1484,0.1067,0.4106
2014-11-07T00:36:59.141Z,3.4634,21.7439,232.1883,0.0933,0.1597,-6.0744,21.4354,233.2592,0.0917,-0.2819,10.212,25.2591,234.158,0.1083,0.4055
2014-11-07T00:37:59.199Z,3.6256,21.7532,232.4081,0.0937,0.1674,-6.064,21.2774,233.3352,0.0906,-0.2849,10.2661,24.9006,234.5504,0.106,0.4128
2014-11-07T00:38:59.147Z,3.4106,21.7187,232.2752,0.0938,0.1573,-6.3606,21.4628,233.4838,0.0916,-0.2962,10.3962,25.5131,234.5216,0.1086,0.4085
2014-11-07T00:39:59.512Z,3.6244,21.9684,232.5013,0.0947,0.1622,-5.8274,21.6,233.0852,0.0929,-0.2705,10.1702,25.0149,233.8078,0.1077,0.4068
2014-11-07T00:40:59.687Z,3.6394,21.6723,232.6721,0.0938,0.168,-5.5738,21.4696,233.4512,0.092,-0.2595,10.3443,25.1424,234.1068,0.1076,0.413
2014-11-07T00:41:59.212Z,3.5449,21.9544,232.6305,0.0943,0.1613,-6.1396,21.6046,233.1962,0.0922,-0.2834,10.1109,24.663,233.4477,0.1056,0.4109
2014-11-07T00:42:59.981Z,3.1572,21.6554,232.956,0.0934,0.1464,-6.1155,21.6823,233.1774,0.0922,-0.2823,9.7137,24.8298,233.0083,0.1071,0.3917
2014-11-07T00:43:59.596Z,3.1028,21.7143,232.7477,0.0929,0.1428,-6.0001,21.3805,233.1306,0.0914,-0.2811,10.3603,25.0839,232.9377,0.1081,0.4127
2014-11-07T00:44:59.849Z,3.5667,21.692,232.6019,0.0926,0.1661,-5.7398,21.133,233.0877,0.0899,-0.2694,10.3162,24.3455,233.0185,0.1049,0.4243
2014-11-07T00:45:59.086Z,3.438,21.8246,232.8872,0.0939,0.1578,-6.1602,21.2684,233.1646,0.0911,-0.288,10.0407,24.6779,232.9689,0.1065,0.4079
2014-11-07T00:46:59.415Z,3.3471,21.627,233.3314,0.093,0.1554,-5.95,21.4175,233.2948,0.0925,-0.2772,10.1868,24.6451,233.2434,0.1058,0.4143
2014-11-07T00:47:59.623Z,3.5302,21.9101,233.1801,0.0937,0.1619,-5.8071,21.4646,233.0316,0.0917,-0.2698,10.3509,24.9628,233.0493,0.1066,0.415
2014-11-07T00:48:59.936Z,3.3194,21.5423,233.0584,0.0927,0.1543,-6.1497,21.5627,232.6998,0.0928,-0.2852,10.3267,25.5209,233.899,0.1096,0.4047
2014-11-07T00:49:59.795Z,3.4915,21.7821,233.5244,0.0939,0.16,-5.9227,21.4926,232.7807,0.0921,-0.2754,10.4054,25.3312,234.2967,0.1082,0.4107
2014-11-07T00:50:59.068Z,3.6532,21.8473,234.2323,0.0938,0.168,-6.2644,21.79,230.4483,0.0945,-0.2885,10.2038,25.2611,234.7237,0.1081,0.4041
2014-11-07T00:51:59.523Z,3.5422,21.7779,233.7587,0.0938,0.1626,-6.1234,21.3991,232.3305,0.0922,-0.2859,10.2119,25.0927,234.3713,0.1076,0.4077
2014-11-07T00:52:59.804Z,3.4184,21.695,233.8951,0.0931,0.1586,-5.9159,21.5449,232.9257,0.0921,-0.2747,10.5073,25.0387,233.9215,0.1081,0.42
2014-11-07T00:53:59.233Z,3.6759,21.8577,233.6611,0.0941,0.168,-5.8195,21.4216,232.9943,0.0917,-0.2719,10.2687,24.9537,233.6994,0.1075,0.4123
2014-11-07T00:54:59.368Z,3.4017,21.9512,233.6065,0.0941,0.1552,-5.849,21.3732,233.0224,0.0914,-0.2739,10.154,24.9287,233.5839,0.1068,0.4078
2014-11-07T00:55:59.718Z,3.5776,22.2532,233.8357,0.0949,0.1614,-6.1345,21.7993,233.1587,0.0933,-0.2819,10.2413,25.1999,234.6532,0.108,0.4074
2014-11-07T00:56:59.574Z,3.4273,21.8638,233.7965,0.0939,0.1573,-5.8795,21.676,232.7681,0.0926,-0.2719,10.3601,25.2749,234.9416,0.108,0.4102
2014-11-07T00:57:59.339Z,3.6051,22.1061,233.8286,0.0937,0.1627,-6.016,21.5227,232.7596,0.092,-0.2804,10.5711,25.4632,235.2037,0.1085,0.4159
2014-11-07T00:58:59.679Z,3.6267,21.7718,233.7781,0.0934,0.1666,-5.9272,21.6126,232.5443,0.0927,-0.2738,10.2518,25.2234,235.0491,0.1077,0.407
2014-11-07T00:59:59.985Z,3.7456,22.1488,233.9672,0.0945,0.1697,-5.8776,21.5604,232.5577,0.0923,-0.2722,10.5179,25.6046,235.0321,0.1095,0.4111
2014-11-07T01:00:59.928Z,3.8045,21.6354,233.5946,0.0926,0.1762,-5.7018,21.2636,232.0782,0.0912,-0.2678,10.3706,24.917,234.2717,0.1057,0.4172
2014-11-07T01:01:59.686Z,3.5055,21.6612,233.7945,0.0929,0.1631,-5.8399,21.1509,232.1095,0.0913,-0.2753,10.3989,25.252,234.3227,0.1085,0.413
2014-11-07T01:02:59.862Z,3.4594,21.4805,233.3667,0.0926,0.1609,-5.9311,21.3247,232.2005,0.0917,-0.2789,10.4576,24.9452,234.3684,0.1064,0.4198
2014-11-07T01:03:59.097Z,3.4957,21.5271,233.0029,0.092,0.1625,-5.8759,21.0268,232.1784,0.0903,-0.2793,10.3648,24.9132,234.5423,0.1064,0.4172
2014-11-07T01:04:59.875Z,3.4721,21.4193,233.1021,0.0918,0.1634,-5.7538,21.0337,232.3928,0.0904,-0.2729,10.4058,24.9004,234.7974,0.106,0.4187
2014-11-07T01:05:59.100Z,3.3802,21.2888,232.7243,0.0913,0.159,-5.7071,20.7951,232.6225,0.089,-0.2729,10.2481,24.8933,234.8539,0.1059,0.4132
2014-11-07T01:06:59.684Z,3.4264,21.7239,231.7876,0.0934,0.1578,-5.761,21.6623,233.2054,0.093,-0.2661,10.4433,25.4079,234.637,0.1078,0.4109
2014-11-07T01:07:59.273Z,3.238,21.4727,231.812,0.0926,0.1513,-5.9176,21.5026,233.1213,0.0917,-0.2742,10.2537,25.4671,234.7099,0.1091,0.4034
2014-11-07T01:08:59.563Z,3.4331,21.5868,231.8737,0.0934,0.1589,-5.9406,21.2415,233.15,0.0906,-0.2787,10.1558,25.2255,234.8984,0.1071,0.4032
2014-11-07T01:09:59.840Z,3.4018,21.438,231.8847,0.0926,0.1595,-5.6067,20.8431,233.0697,0.0896,-0.2677,10.3618,24.8535,234.6364,0.1064,0.418
2014-11-07T01:10:59.501Z,3.351,20.9737,231.801,0.0902,0.1606,-5.6046,20.6843,233.0623,0.0881,-0.2694,10.3963,24.436,234.4922,0.1041,0.4267
2014-11-07T01:11:59.713Z,3.4848,20.9688,231.7201,0.0913,0.1671,-5.4281,20.7638,232.9526,0.0888,-0.2607,10.4768,24.8,234.4079,0.1054,0.4243
2014-11-07T01:12:59.988Z,3.0799,21.06,231.5576,0.0912,0.1472,-5.3845,20.7278,232.7667,0.0891,-0.2583,9.9644,24.4709,234.2202,0.1043,0.4077
2014-11-07T01:13:59.731Z,3.1977,20.9833,231.7551,0.0909,0.1514,-5.4882,20.7559,233.1698,0.0887,-0.2636,10.1481,24.9282,234.5836,0.1061,0.4087
2014-11-07T01:14:59.343Z,3.4304,20.9119,232.0161,0.0908,0.1634,-5.7539,21.0651,232.8859,0.0904,-0.2728,10.4087,24.9692,234.6019,0.1063,0.4192
2014-11-07T01:15:59.666Z,3.4246,21.1973,232.5903,0.0917,0.1612,-5.7146,20.9045,232.875,0.0894,-0.2716,10.2788,24.4262,234.7307,0.104,0.4224
2014-11-07T01:16:59.905Z,3.5931,21.378,232.2762,0.092,0.1672,-5.685,21.0235,233.2548,0.0898,-0.2699,10.4897,24.9066,234.6967,0.1066,0.4222
2014-11-07T01:17:59.199Z,3.1327,21.0916,232.3316,0.0914,0.1491,-5.9339,21.4013,233.6886,0.0918,-0.2773,10.3576,24.826,234.7072,0.1062,0.4178
2014-11-07T01:18:59.781Z,3.4662,21.8926,232.8282,0.0943,0.1577,-5.9307,21.6434,233.3691,0.0927,-0.2737,10.357,25.3133,235.042,0.1082,0.4096
2014-11-07T01:19:59.107Z,3.5733,21.6417,232.808,0.0933,0.166,-5.9067,21.4096,233.209,0.0919,-0.2748,10.4459,25.1509,234.7841,0.1072,0.4158
2014-11-07T01:20:59.483Z,3.5136,21.5046,233.6371,0.092,0.1636,-5.463,21.0104,233.6367,0.0895,-0.2598,10.2533,24.7223,234.8314,0.1054,0.4153
2014-11-07T01:21:59.896Z,3.5574,21.2739,233.6248,0.0911,0.1669,-5.8745,21.4807,233.3332,0.0913,-0.2736,10.3849,24.9309,234.2858,0.1067,0.4182
2014-11-07T01:22:59.205Z,3.5135,21.5426,233.2396,0.0926,0.1644,-5.7894,21.1637,233.0458,0.0908,-0.2725,10.3495,24.7099,233.7844,0.1063,0.4198
2014-11-07T01:23:59.635Z,3.3343,21.5896,232.881,0.0927,0.1552,-5.8139,21.3357,233.0145,0.0918,-0.2727,10.4496,24.8586,233.9817,0.1065,0.4207
2014-11-07T01:24:59.885Z,3.5038,21.9052,233.0617,0.0943,0.1606,-5.5643,21.6689,233.2849,0.0928,-0.2572,10.4012,25.2678,234.3797,0.1074,0.4112
2014-11-07T01:25:59.200Z,3.2925,21.2609,232.8874,0.0919,0.1541,-6.0902,21.5105,232.7791,0.0922,-0.2845,10.2431,25.1377,234.4634,0.1075,0.408
2014-11-07T01:26:59.633Z,3.348,21.6167,232.4487,0.0931,0.1554,-5.9404,21.669,232.6087,0.0932,-0.2749,10.3068,25.2251,234.4365,0.1079,0.4086
2014-11-07T01:27:59.020Z,3.3029,21.2776,231.9312,0.092,0.1555,-5.8916,21.3943,232.9086,0.0915,-0.2749,10.3847,25.1491,234.296,0.1075,0.4133
2014-11-07T01:28:59.534Z,3.4459,21.7273,231.8192,0.0932,0.1585,-6.0124,21.4518,233.0156,0.0924,-0.2803,10.3125,25.1957,234.1544,0.1079,0.4096
2014-11-07T01:29:59.736Z,3.4109,21.7919,232.6602,0.0932,0.1568,-5.9113,21.3707,230.1724,0.0923,-0.2756,10.3996,25.2989,235.3156,0.1082,0.4117
2014-11-07T01:30:59.556Z,3.5444,21.5828,232.4885,0.0926,0.1648,-5.892,21.1862,230.0073,0.0918,-0.2768,10.2998,25.2205,235.0283,0.1083,0.4096
2014-11-07T01:31:59.904Z,3.3064,21.7188,232.2343,0.0933,0.1532,-5.8765,21.4259,231.9325,0.0917,-0.2744,10.1344,25.1876,234.6915,0.1077,0.4029
2014-11-07T01:32:59.707Z,3.1204,21.4135,231.9371,0.0927,0.1459,-6.0598,21.8344,232.8599,0.0933,-0.2787,10.4697,25.2571,234.1383,0.1075,0.4144
2014-11-07T01:33:59.964Z,2.9126,21.5607,231.8952,0.093,0.137,-6.0512,21.5963,232.9369,0.0924,-0.2802,10.1902,25.3072,233.7672,0.1083,0.4029
2014-11-07T01:34:59.729Z,2.9397,21.4295,232.0791,0.0921,0.1355,-6.3966,21.4162,233.1465,0.0911,-0.298,10.1473,24.4491,233.391,0.1046,0.4165
2014-11-07T01:35:59.993Z,2.7064,21.5004,232.6528,0.0915,0.1249,-6.3277,21.5196,233.2526,0.0912,-0.2938,10.1963,24.9059,233.6412,0.1063,0.4115
2014-11-07T01:36:59.202Z,2.9996,21.8354,233.4416,0.094,0.137,-5.9018,21.2909,233.4929,0.0909,-0.2766,10.285,25.2157,233.8168,0.1074,0.4075
2014-11-07T01:37:59.799Z,2.6166,21.5855,232.9162,0.0932,0.1242,-5.8372,21.5793,233.0106,0.0921,-0.2699,10.2861,25.1021,233.4429,0.1077,0.4097
2014-11-07T01:38:59.747Z,2.6702,21.6703,232.7586,0.0931,0.126,-5.8206,21.4567,233.2257,0.0914,-0.2705,10.2976,25.1681,233.8391,0.108,0.4094
2014-11-07T01:39:59.259Z,2.6972,21.2851,232.8985,0.0916,0.1261,-6.2897,21.6486,233.9086,0.0925,-0.2908,10.0105,24.9528,234.1004,0.1067,0.4021
2014-11-07T01:40:59.830Z,3.2969,21.5636,232.7807,0.0935,0.1546,-5.6423,21.3552,233.8462,0.0909,-0.2629,10.3238,24.8446,234.0085,0.1061,0.416
2014-11-07T01:42:59.292Z,3.1317,21.6796,232.9102,0.0935,0.1449,-5.8643,21.4196,233.5481,0.0914,-0.2737,10.2483,24.961,234.3402,0.1065,0.4114
2014-11-07T01:43:59.002Z,3.5725,21.7308,232.9046,0.0931,0.1647,-5.912,21.7459,232.9986,0.0929,-0.2719,10.319,25.0791,234.46,0.1074,0.4115
2014-11-07T01:44:59.338Z,3.4192,21.642,233.0089,0.0928,0.158,-6.1582,21.512,233.3111,0.0921,-0.2858,10.2201,24.8873,234.3727,0.1062,0.4114
2014-11-07T01:45:59.580Z,3.4602,21.7555,232.5111,0.0936,0.1596,-5.7813,21.4824,233.4814,0.0918,-0.2696,10.3589,25.1221,233.962,0.1077,0.4134
2014-11-07T01:46:59.040Z,3.3231,21.6872,231.3343,0.0933,0.1542,-5.9678,21.7477,233.5597,0.093,-0.2746,10.259,25.0344,233.9904,0.107,0.4103
2014-11-07T01:47:59.449Z,3.4683,21.8626,231.7165,0.0943,0.1589,-6.0966,21.6233,233.9344,0.0923,-0.2818,10.3699,25.2013,234.2724,0.1079,0.4126
2014-11-07T01:48:59.692Z,3.3873,21.7726,231.8889,0.0935,0.1553,-5.8514,21.6538,234.0393,0.0919,-0.2706,10.3594,25.1005,234.6573,0.1066,0.4134
2014-11-07T01:49:59.094Z,3.401,21.6865,232.7675,0.0935,0.1573,-5.9392,21.6176,233.6396,0.0923,-0.2751,10.2456,25.0102,234.5233,0.1071,0.4103
2014-11-07T01:50:59.354Z,3.196,21.7383,232.7665,0.0938,0.1474,-5.9095,21.6669,233.6331,0.0926,-0.2732,10.2464,25.1063,234.3693,0.1068,0.4084
2014-11-07T01:51:59.163Z,3.1839,21.6618,232.4155,0.0933,0.1475,-5.9851,21.6772,233.264,0.0925,-0.2754,10.0624,24.9814,234.1151,0.1073,0.4023
2014-11-07T01:52:59.458Z,3.4812,21.6611,232.3036,0.0932,0.1607,-5.8711,21.9246,233.1543,0.0937,-0.2679,10.3022,25.1666,234.4962,0.1078,0.4095
2014-11-07T01:53:59.711Z,3.4897,21.5019,232.1134,0.0928,0.1619,-5.8119,21.4355,232.9355,0.0915,-0.2707,10.256,25.1504,234.2544,0.1076,0.4084
2014-11-07T01:54:59.005Z,3.5061,21.6183,232.2187,0.0935,0.1623,-5.7223,21.3503,232.848,0.0913,-0.2672,10.3608,24.959,233.6993,0.1067,0.4157
2014-11-07T01:55:59.343Z,3.4019,21.714,232.5516,0.0936,0.156,-6.0504,21.608,233.1997,0.0922,-0.2802,10.2266,25.2407,234.0189,0.1085,0.4048
2014-11-07T01:56:59.026Z,3.448,21.9363,232.7792,0.0947,0.1581,-5.7923,21.376,233.1277,0.0916,-0.2702,10.3143,25.0515,233.9415,0.1067,0.4122
2014-11-07T01:57:59.219Z,3.5631,21.7309,232.8493,0.0939,0.165,-5.9373,21.7187,233.1705,0.0921,-0.2731,10.1738,25.0444,233.9167,0.1076,0.4063
2014-11-07T01:58:59.661Z,342.0185,487.2259,232.6037,2.1032,0.3284,375.6974,570.0923,233.1853,2.4512,0.0508,642.0673,868.6816,232.5506,3.7595,0.7191
2014-11-07T01:59:59.385Z,1128.6652,1525.3491,231.3602,6.5927,0.7396,1231.4277,1677.3132,232.4392,7.2162,0.7344,1655.6326,2210.8834,230.5678,9.5882,0.7486
