2014-10-11T00:00:59.578Z,0.0242,0.0394,0.5482,0.0706,0.5421,0.0124,0.0318,0.5585,0.0573,0.3212,0.0206,0.04,0.517,0.0742,0.5055
2014-10-11T00:01:59.956Z,0.0243,0.0369,0.5403,0.068,0.5146,0.0126,0.0351,0.5851,0.0577,0.3189,0.02,0.0394,0.5151,0.072,0.5203
2014-10-11T00:02:59.427Z,0.0264,0.0394,0.55,0.0706,0.5448,0.0173,0.0345,0.5758,0.0576,0.3785,0.02,0.0397,0.5033,0.0727,0.5067
2014-10-11T00:03:59.808Z,0.0243,0.0383,0.549,0.069,0.511,0.0133,0.032,0.5667,0.0557,0.3307,0.0207,0.0393,0.5137,0.0713,0.5263
2014-10-11T00:04:59.148Z,0.0273,0.0415,0.5612,0.0712,0.5285,0.0124,0.0333,0.5691,0.0555,0.3267,0.0206,0.0406,0.5176,0.0736,0.5024
2014-10-11T00:05:59.976Z,0.0264,0.0413,0.5526,0.071,0.5462,0.0146,0.0356,0.5731,0.059,0.3592,0.0215,0.0403,0.5179,0.0731,0.5195
2014-10-11T00:06:59.301Z,0.0224,0.0365,0.5351,0.0657,0.4914,0.0135,0.0324,0.5724,0.0551,0.3208,0.0203,0.0397,0.5197,0.0732,0.517
2014-10-11T00:07:59.627Z,0.0279,0.0406,0.5477,0.0734,0.5913,0.0177,0.0377,0.5791,0.0645,0.4134,0.0217,0.0409,0.5251,0.0738,0.5249
2014-10-11T00:08:59.914Z,0.0249,0.0378,0.547,0.0697,0.5157,0.0154,0.0343,0.5795,0.0595,0.3592,0.0214,0.0403,0.5262,0.0743,0.517
2014-10-11T00:09:59.301Z,0.0258,0.0377,0.5419,0.0687,0.5555,0.0132,0.0323,0.5658,0.0555,0.3419,0.0187,0.0387,0.5048,0.0716,0.4887
2014-10-11T00:10:59.642Z,0.0263,0.0413,0.5453,0.073,0.5687,0.0147,0.0337,0.5783,0.0577,0.3533,0.0203,0.04,0.5083,0.074,0.518
2014-10-11T00:11:59.055Z,0.0271,0.0417,0.5503,0.0731,0.5729,0.0149,0.0349,0.5717,0.0597,0.368,0.0209,0.0409,0.5269,0.0734,0.5223
2014-10-11T00:12:59.333Z,0.0228,0.0378,0.5356,0.0688,0.5309,0.015,0.0341,0.5753,0.0591,0.365,0.0203,0.0394,0.51,0.0719,0.5141
2014-10-11T00:13:59.660Z,0.023,0.0373,0.5433,0.0663,0.4987,0.0117,0.031,0.5623,0.053,0.3077,0.02,0.04,0.511,0.073,0.511
2014-10-11T00:14:59.274Z,0.0246,0.0376,0.5297,0.0697,0.5627,0.0141,0.0354,0.5765,0.0595,0.3611,0.0214,0.0389,0.5103,0.0732,0.5232
2014-10-11T00:15:59.701Z,0.0247,0.0367,0.5389,0.0692,0.5208,0.0122,0.0339,0.5694,0.0586,0.3225,0.0208,0.0392,0.5206,0.0739,0.5192
2014-10-11T00:16:59.995Z,0.0302,0.0421,0.5606,0.0744,0.6008,0.0158,0.0365,0.58,0.061,0.3837,0.0206,0.0402,0.5179,0.0737,0.5167
2014-10-11T00:17:59.560Z,0.0255,0.0389,0.55,0.0711,0.5361,0.0126,0.0347,0.5761,0.0571,0.3289,0.0216,0.0405,0.5258,0.0732,0.5224
2014-10-11T00:18:59.890Z,0.0269,0.0393,0.549,0.0717,0.5417,0.0157,0.0369,0.5814,0.0605,0.3524,0.0221,0.0417,0.5355,0.0731,0.5324
2014-10-11T00:19:59.459Z,0.0214,0.0364,0.5346,0.0646,0.4757,0.0107,0.0304,0.5596,0.0536,0.3157,0.0214,0.0421,0.5421,0.0736,0.5232
2014-10-11T00:20:59.884Z,0.0286,0.0425,0.5586,0.0728,0.5608,0.0153,0.0336,0.5706,0.0589,0.3569,0.0208,0.04,0.515,0.0728,0.5222
2014-10-11T00:21:59.383Z,0.0249,0.039,0.5476,0.0724,0.5476,0.0166,0.0359,0.5832,0.0598,0.3756,0.0195,0.04,0.5202,0.0737,0.4902
2014-10-11T00:22:59.756Z,0.0288,0.0428,0.5591,0.0738,0.5694,0.0131,0.0344,0.575,0.0578,0.3381,0.0213,0.0394,0.5144,0.0734,0.5284
2014-10-11T00:23:59.618Z,0.0258,0.0421,0.5532,0.0724,0.5492,0.0158,0.0366,0.5803,0.0616,0.3811,0.0213,0.0403,0.5279,0.0726,0.5113
2014-10-11T00:24:59.944Z,0.0217,0.033,0.532,0.0653,0.4743,0.015,0.0357,0.5707,0.0597,0.3457,0.0197,0.039,0.5047,0.0717,0.5003
2014-10-11T00:25:59.341Z,0.0249,0.0371,0.542,0.0683,0.5393,0.0151,0.0354,0.5741,0.0605,0.3407,0.0212,0.0405,0.5212,0.0729,0.5339
2014-10-11T00:26:59.723Z,0.0232,0.0371,0.5355,0.0689,0.5287,0.0147,0.0353,0.57,0.0592,0.3582,0.0221,0.0411,0.5284,0.0724,0.5216
2014-10-11T00:27:59.042Z,0.0243,0.0397,0.5511,0.0691,0.5143,0.0177,0.038,0.5914,0.0626,0.3811,0.0223,0.04,0.5209,0.0743,0.5429
2014-10-11T00:28:59.316Z,0.0249,0.0381,0.5514,0.0689,0.5116,0.013,0.0349,0.5773,0.0586,0.3557,0.0195,0.0397,0.5138,0.0722,0.4943
2014-10-11T00:29:59.543Z,0.0213,0.0369,0.5422,0.0656,0.4813,0.0113,0.0316,0.5744,0.055,0.2841,0.0181,0.0378,0.4941,0.0725,0.4934
2014-10-11T00:30:59.851Z,0.0231,0.0356,0.5375,0.0666,0.5088,0.0109,0.0294,0.5684,0.0513,0.3009,0.02,0.0391,0.5044,0.0725,0.5322
2014-10-11T00:31:59.852Z,0.0246,0.0383,0.5366,0.0697,0.5717,0.0149,0.0343,0.5634,0.0603,0.3526,0.0209,0.0406,0.5177,0.0743,0.5174
2014-10-11T00:32:59.209Z,0.0234,0.0379,0.5431,0.0672,0.5048,0.0117,0.0324,0.5624,0.0555,0.2866,0.02,0.0397,0.5103,0.0748,0.52
2014-10-11T00:33:59.552Z,0.0236,0.0391,0.547,0.0688,0.4942,0.0139,0.033,0.5685,0.0573,0.3573,0.02,0.0394,0.5158,0.073,0.5103
2014-10-11T00:34:59.005Z,0.0255,0.0395,0.5433,0.071,0.5598,0.0145,0.0343,0.5643,0.0595,0.3633,0.0221,0.0412,0.5357,0.0748,0.531
2014-10-11T00:35:59.407Z,0.025,0.0384,0.5526,0.0689,0.5353,0.0124,0.0332,0.5679,0.0555,0.3195,0.0197,0.0395,0.5145,0.0737,0.5095
2014-10-11T00:36:59.946Z,0.0253,0.0392,0.55,0.0703,0.5322,0.0117,0.0325,0.5639,0.0561,0.3181,0.0206,0.0392,0.5144,0.0728,0.5108
2014-10-11T00:37:59.449Z,0.026,0.0403,0.5523,0.0703,0.5346,0.0154,0.0363,0.5829,0.0606,0.3686,0.0194,0.04,0.5134,0.0723,0.5043
2014-10-11T00:38:59.688Z,0.0263,0.0374,0.548,0.0703,0.5514,0.0166,0.0383,0.5866,0.0634,0.3814,0.02,0.0397,0.5186,0.0726,0.5117
2014-10-11T00:39:59.032Z,0.0265,0.0397,0.5513,0.0703,0.55,0.011,0.03,0.5616,0.051,0.3,0.019,0.0387,0.5094,0.0716,0.4984
2014-10-11T00:40:59.514Z,0.0216,0.0361,0.5361,0.0661,0.4861,0.0126,0.0334,0.5666,0.0579,0.3318,0.0224,0.0411,0.5284,0.075,0.5305
2014-10-11T00:41:59.822Z,0.0203,0.037,0.5363,0.0637,0.4743,0.0123,0.0293,0.5557,0.0523,0.3313,0.0207,0.0393,0.523,0.072,0.537
2014-10-11T00:42:59.188Z,0.0256,0.0386,0.5522,0.0697,0.5133,0.0144,0.0347,0.5792,0.0583,0.3456,0.0219,0.0406,0.5303,0.0725,0.5258
2014-10-11T00:43:59.463Z,0.0256,0.04,0.5566,0.0694,0.5166,0.0113,0.0341,0.5709,0.0563,0.2913,0.0188,0.0375,0.5141,0.0725,0.4841
2014-10-11T00:44:59.163Z,0.0213,0.0356,0.5387,0.065,0.4666,0.0138,0.0341,0.5738,0.0578,0.3456,0.0216,0.0406,0.5297,0.0734,0.5109
2014-10-11T00:45:59.655Z,0.0265,0.0397,0.5547,0.0709,0.5268,0.0124,0.0329,0.5765,0.0544,0.3129,0.0197,0.0397,0.5179,0.0744,0.4956
2014-10-11T00:46:59.061Z,0.0262,0.0403,0.5529,0.0712,0.5532,0.0147,0.0338,0.58,0.0571,0.3815,0.0206,0.0406,0.5326,0.0721,0.5012
2014-10-11T00:47:59.417Z,0.023,0.0358,0.5433,0.0655,0.4748,0.0139,0.0358,0.5752,0.0591,0.3485,0.0206,0.0388,0.5185,0.0724,0.5191
2014-10-11T00:48:59.743Z,0.0247,0.0384,0.5432,0.0705,0.5263,0.0153,0.0355,0.5813,0.0587,0.3563,0.0218,0.0416,0.5366,0.0739,0.5142
2014-10-11T00:50:59.873Z,0.0251,0.0399,0.546,0.0705,0.5261,0.0161,0.0371,0.5848,0.062,0.3716,0.0211,0.0397,0.5249,0.0729,0.5115
2014-10-11T00:51:59.320Z,0.0264,0.0407,0.55,0.0727,0.5582,0.0186,0.0382,0.5936,0.0625,0.3823,0.0223,0.042,0.5368,0.0743,0.5386
2014-10-11T00:52:59.574Z,0.0242,0.0383,0.5456,0.0681,0.5089,0.0142,0.0325,0.5753,0.0542,0.3392,0.0206,0.0397,0.5244,0.0722,0.5211
2014-10-11T00:53:59.909Z,0.0231,0.0363,0.5359,0.0647,0.5044,0.0125,0.0341,0.5838,0.0572,0.3019,0.0219,0.0413,0.5266,0.0731,0.5441
2014-10-11T00:54:59.272Z,0.0241,0.0372,0.5397,0.0672,0.5249,0.0151,0.0354,0.5867,0.0587,0.3536,0.021,0.0387,0.5256,0.0731,0.5105
2014-10-11T00:55:59.554Z,0.0258,0.0375,0.547,0.069,0.5277,0.0155,0.0348,0.58,0.0598,0.382,0.0205,0.04,0.5253,0.0728,0.5243
2014-10-11T00:56:59.954Z,0.0256,0.0393,0.5539,0.0702,0.5373,0.0154,0.0366,0.5917,0.0607,0.3683,0.0254,0.0434,0.5515,0.0746,0.5615
2014-10-11T00:57:59.202Z,0.0264,0.0394,0.5481,0.0719,0.5508,0.0144,0.0344,0.5783,0.0583,0.3411,0.0208,0.04,0.5275,0.0719,0.525
2014-10-11T00:58:59.182Z,0.0212,0.0357,0.5371,0.0681,0.4788,0.0136,0.034,0.5738,0.0576,0.3248,0.021,0.041,0.525,0.0752,0.5076
2014-10-11T00:59:59.557Z,0.0287,0.0424,0.5616,0.0718,0.5755,0.0155,0.0358,0.5845,0.0587,0.3732,0.0203,0.0397,0.5179,0.0729,0.5008
