2014-10-14T00:00:59.789Z,0.0376,0.0503,0.5958,0.0855,0.7084,0.0355,0.0539,0.6387,0.0826,0.6155,0.0289,0.0471,0.5861,0.0818,0.5824
2014-10-14T00:01:59.074Z,0.0406,0.0557,0.6163,0.0894,0.6986,0.0366,0.0566,0.6526,0.0874,0.6229,0.0317,0.0503,0.6011,0.0831,0.6003
2014-10-14T00:02:59.426Z,0.0404,0.0546,0.6046,0.09,0.7327,0.0358,0.0554,0.6438,0.085,0.6362,0.025,0.0438,0.5727,0.0762,0.5715
2014-10-14T00:03:59.711Z,0.04,0.0546,0.6083,0.0894,0.7114,0.0454,0.0649,0.6871,0.0914,0.6789,0.0323,0.0506,0.6031,0.0826,0.6154
2014-10-14T00:04:59.977Z,0.0442,0.0594,0.6329,0.0913,0.7245,0.0348,0.0545,0.6468,0.0829,0.5952,0.031,0.0484,0.591,0.0797,0.5997
2014-10-14T00:05:59.812Z,0.0396,0.0544,0.6081,0.0878,0.7211,0.0393,0.0585,0.6674,0.0863,0.6326,0.027,0.0452,0.5756,0.0774,0.5726
2014-10-14T00:06:59.194Z,0.039,0.0531,0.5992,0.089,0.7249,0.0385,0.0582,0.6644,0.0859,0.6405,0.0315,0.0495,0.6038,0.0815,0.6036
2014-10-14T00:07:59.353Z,0.0355,0.051,0.5881,0.0865,0.6842,0.0348,0.0526,0.6323,0.0848,0.6268,0.0274,0.0474,0.5897,0.0803,0.5742
2014-10-14T00:08:59.753Z,0.0375,0.0538,0.6004,0.0879,0.6896,0.0363,0.0546,0.635,0.0858,0.6388,0.0329,0.0517,0.6096,0.0808,0.5975
2014-10-14T00:09:59.090Z,0.0389,0.0531,0.6054,0.088,0.7143,0.032,0.052,0.636,0.0814,0.5671,0.0303,0.0471,0.5886,0.0794,0.6149
2014-10-14T00:10:59.812Z,0.0405,0.0549,0.6146,0.0897,0.7136,0.0356,0.0567,0.66,0.0849,0.6272,0.0321,0.0508,0.6031,0.0823,0.6159
2014-10-14T00:11:59.281Z,0.0375,0.0531,0.5994,0.0884,0.6769,0.0375,0.0569,0.6544,0.0866,0.6231,0.0313,0.05,0.6038,0.0822,0.5956
2014-10-14T00:12:59.633Z,0.0394,0.0556,0.6122,0.0897,0.6639,0.0392,0.0581,0.6594,0.0869,0.64,0.0328,0.0508,0.6072,0.0808,0.6328
2014-10-14T00:13:59.122Z,0.0359,0.0512,0.5838,0.0868,0.6926,0.0374,0.0574,0.6509,0.0868,0.6435,0.0312,0.0512,0.6106,0.0818,0.5909
2014-10-14T00:14:59.594Z,0.0406,0.0553,0.6118,0.0906,0.7212,0.0376,0.0571,0.6485,0.0871,0.6356,0.0306,0.0482,0.5941,0.0806,0.5838
2014-10-14T00:15:59.920Z,0.0409,0.055,0.6053,0.0915,0.715,0.0362,0.0576,0.6603,0.0868,0.6197,0.0303,0.0494,0.5891,0.0821,0.6
2014-10-14T00:16:59.264Z,0.038,0.0544,0.6112,0.0884,0.7076,0.0292,0.0496,0.614,0.0796,0.5676,0.0264,0.0432,0.5696,0.0776,0.5608
2014-10-14T00:17:59.814Z,0.0372,0.0531,0.6008,0.0892,0.6906,0.0406,0.0597,0.6703,0.0897,0.6536,0.0314,0.05,0.5989,0.0822,0.5972
2014-10-14T00:18:59.177Z,0.0454,0.0607,0.64,0.0939,0.7189,0.0339,0.0561,0.6475,0.085,0.5936,0.0364,0.0532,0.6257,0.0832,0.6432
2014-10-14T00:19:59.564Z,0.0417,0.0552,0.6159,0.09,0.7007,0.0331,0.0538,0.6424,0.0803,0.5824,0.0324,0.0517,0.61,0.0817,0.6069
2014-10-14T00:20:59.203Z,0.0418,0.0567,0.6172,0.0897,0.7138,0.0369,0.0564,0.6518,0.0859,0.641,0.0308,0.0482,0.5921,0.081,0.6079
2014-10-14T00:21:59.579Z,0.0387,0.0532,0.6023,0.0877,0.7061,0.0397,0.0581,0.6594,0.0877,0.6558,0.0297,0.0484,0.5874,0.0813,0.601
2014-10-14T00:22:59.941Z,0.0382,0.0541,0.6027,0.0895,0.7068,0.0341,0.0523,0.6318,0.0827,0.6395,0.0255,0.0445,0.5777,0.075,0.575
2014-10-14T00:23:59.696Z,0.0397,0.0547,0.611,0.089,0.7073,0.0373,0.058,0.653,0.0873,0.6357,0.029,0.048,0.5943,0.0807,0.5797
2014-10-14T00:24:59.154Z,0.0385,0.0542,0.6027,0.0891,0.6985,0.0267,0.0473,0.6161,0.0761,0.513,0.0309,0.0497,0.6079,0.0809,0.6276
2014-10-14T00:25:59.576Z,0.0383,0.0511,0.5891,0.0877,0.7071,0.0314,0.0523,0.6266,0.082,0.5774,0.0314,0.0517,0.604,0.0826,0.5803
2014-10-14T00:26:59.905Z,0.0389,0.0526,0.5951,0.0886,0.712,0.0346,0.054,0.6497,0.0823,0.5986,0.0314,0.0491,0.5971,0.082,0.6057
2014-10-14T00:27:59.340Z,0.0417,0.0579,0.619,0.0917,0.7131,0.0324,0.0531,0.6393,0.0821,0.61,0.0262,0.0455,0.569,0.0779,0.5572
2014-10-14T00:28:59.365Z,0.0413,0.0569,0.6203,0.0897,0.7197,0.0403,0.0585,0.6669,0.0862,0.6608,0.0285,0.0474,0.5818,0.08,0.5838
2014-10-14T00:29:59.693Z,0.0374,0.0536,0.6019,0.0883,0.6869,0.0321,0.0521,0.641,0.0807,0.5869,0.0319,0.05,0.6067,0.0821,0.6102
2014-10-14T00:30:59.004Z,0.0373,0.0533,0.6021,0.0894,0.6964,0.0445,0.063,0.6848,0.0906,0.683,0.0306,0.0482,0.593,0.0809,0.6036
2014-10-14T00:31:59.409Z,0.0368,0.0524,0.6054,0.0854,0.6678,0.04,0.0578,0.6565,0.0876,0.6484,0.0316,0.0503,0.6089,0.0811,0.5889
2014-10-14T00:32:59.853Z,0.0388,0.0531,0.5975,0.0881,0.7106,0.0413,0.0597,0.6628,0.0906,0.6591,0.0325,0.0516,0.6147,0.0834,0.6031
2014-10-14T00:33:59.756Z,0.0426,0.056,0.6109,0.0911,0.7237,0.0366,0.0537,0.6471,0.0829,0.654,0.0317,0.0494,0.596,0.082,0.5977
2014-10-14T00:34:59.149Z,0.0394,0.0548,0.61,0.0871,0.7184,0.0339,0.0548,0.6394,0.0842,0.6029,0.0326,0.0503,0.6065,0.0826,0.609
2014-10-14T00:35:59.523Z,0.0431,0.0555,0.6172,0.0907,0.7334,0.0334,0.0514,0.6348,0.0783,0.5841,0.0314,0.0497,0.6024,0.0807,0.5983
2014-10-14T00:36:59.186Z,0.041,0.0555,0.6069,0.09,0.731,0.0334,0.0534,0.6386,0.0828,0.6114,0.029,0.0472,0.5866,0.0797,0.5866
2014-10-14T00:37:59.579Z,0.0382,0.0514,0.5954,0.0868,0.6882,0.0368,0.0568,0.6571,0.0854,0.6229,0.0279,0.0468,0.5911,0.0789,0.5632
2014-10-14T00:38:59.827Z,0.0377,0.0527,0.5967,0.0877,0.7017,0.0327,0.0517,0.6383,0.0803,0.6237,0.0307,0.048,0.5907,0.0807,0.6073
2014-10-14T00:39:59.571Z,0.038,0.0527,0.597,0.0883,0.7157,0.0333,0.0517,0.6343,0.0813,0.6107,0.031,0.0493,0.5913,0.081,0.595
2014-10-14T00:40:59.907Z,0.0397,0.0548,0.6036,0.0903,0.7061,0.0373,0.0561,0.6567,0.0855,0.6303,0.0273,0.047,0.5879,0.0791,0.5733
2014-10-14T00:41:59.295Z,0.0368,0.0535,0.6044,0.0856,0.7021,0.0338,0.0526,0.6321,0.0821,0.6032,0.0324,0.0509,0.6112,0.0824,0.61
2014-10-14T00:42:59.563Z,0.0424,0.0574,0.6229,0.0897,0.7371,0.0376,0.0571,0.6585,0.085,0.6359,0.0309,0.0485,0.5976,0.0815,0.605
2014-10-14T00:43:59.133Z,0.0348,0.0512,0.5897,0.0852,0.6476,0.0355,0.0558,0.6545,0.0827,0.6145,0.0291,0.0479,0.5942,0.0803,0.5942
2014-10-14T00:44:59.553Z,0.0394,0.0567,0.613,0.0882,0.6912,0.0336,0.0545,0.6448,0.0827,0.5964,0.0309,0.0491,0.5912,0.0809,0.5903
2014-10-14T00:45:59.960Z,0.0358,0.0523,0.5877,0.0858,0.7026,0.0381,0.0548,0.6439,0.0842,0.649,0.0277,0.0445,0.5687,0.0803,0.5706
2014-10-14T00:46:59.336Z,0.0368,0.0541,0.6083,0.0871,0.6724,0.0361,0.0546,0.6437,0.0837,0.6376,0.0276,0.0463,0.5768,0.079,0.5722
2014-10-14T00:47:59.708Z,0.0379,0.0556,0.6068,0.0882,0.7062,0.0359,0.0544,0.6438,0.0829,0.6165,0.0306,0.0497,0.5959,0.0815,0.5868
2014-10-14T00:48:59.251Z,0.0378,0.0548,0.5981,0.0878,0.6963,0.033,0.0511,0.6367,0.0815,0.6207,0.0274,0.0474,0.5822,0.0796,0.5356
2014-10-14T00:49:59.855Z,0.04,0.0561,0.6103,0.0885,0.7194,0.0312,0.053,0.6312,0.0827,0.5636,0.0294,0.0479,0.5939,0.0806,0.6048
2014-10-14T00:50:59.383Z,0.0362,0.0548,0.6038,0.0886,0.6859,0.031,0.051,0.6317,0.0783,0.5421,0.0286,0.0476,0.5866,0.0803,0.5745
2014-10-14T00:51:59.745Z,0.0352,0.0516,0.5919,0.0845,0.6955,0.0345,0.0539,0.6348,0.0835,0.6077,0.0297,0.0471,0.5877,0.079,0.5977
2014-10-14T00:52:59.166Z,0.0423,0.0587,0.6177,0.0913,0.7419,0.0345,0.0535,0.6416,0.0816,0.6065,0.0316,0.0506,0.5923,0.0832,0.6077
2014-10-14T00:53:59.642Z,0.0386,0.0547,0.6039,0.0861,0.7183,0.0317,0.0519,0.6367,0.0803,0.5825,0.0311,0.0486,0.6008,0.0803,0.6144
2014-10-14T00:54:59.088Z,0.0368,0.0532,0.5995,0.0868,0.7049,0.0339,0.0539,0.6385,0.0839,0.6144,0.028,0.0471,0.5863,0.08,0.5802
2014-10-14T00:55:59.458Z,0.0317,0.0503,0.5821,0.0838,0.6579,0.0352,0.0528,0.6362,0.0828,0.6245,0.0272,0.0472,0.5848,0.0783,0.5521
2014-10-14T00:56:59.762Z,0.0356,0.0533,0.5964,0.0856,0.6897,0.0375,0.0556,0.6522,0.0847,0.6378,0.0311,0.0492,0.6153,0.0797,0.6042
2014-10-14T00:57:59.589Z,0.0359,0.0532,0.5927,0.0857,0.6962,0.0378,0.0573,0.6481,0.0868,0.6332,0.0311,0.0492,0.603,0.0811,0.6105
2014-10-14T00:58:59.926Z,0.0364,0.053,0.6021,0.0848,0.7018,0.0327,0.0524,0.6379,0.0812,0.5939,0.0276,0.0458,0.5839,0.0779,0.5952
2014-10-14T00:59:59.095Z,0.0367,0.055,0.603,0.087,0.7173,0.0343,0.0527,0.6307,0.0817,0.601,0.0247,0.0423,0.5773,0.077,0.554
