2014-10-26T00:00:59.400Z,10.6274,21.1501,232.2437,0.0906,0.5026,14.4683,22.6468,231.2518,0.0979,0.6381,2.3071,17.7802,232.6119,0.0766,0.1296
2014-10-26T00:01:59.805Z,10.8065,21.216,232.0679,0.092,0.5104,14.561,22.7721,232.377,0.0977,0.6389,2.4661,17.9047,233.0303,0.0769,0.1378
2014-10-26T00:02:59.092Z,10.7528,21.2017,232.4259,0.0913,0.5075,14.6419,22.8689,233.084,0.0978,0.6402,2.2703,17.9661,233.7538,0.0771,0.1268
2014-10-26T00:03:59.687Z,11.0743,21.3504,232.9702,0.0915,0.519,14.5991,22.7314,233.472,0.0979,0.6418,2.5085,18.176,233.1881,0.0781,0.1377
2014-10-26T00:04:59.301Z,10.7925,21.0015,232.7631,0.0901,0.5142,14.6095,22.906,232.806,0.0986,0.6373,2.3025,18.247,232.408,0.0776,0.1267
2014-10-26T00:05:59.837Z,11.0486,21.4011,233.0014,0.0924,0.5165,14.5975,22.8053,232.2567,0.0981,0.6398,2.4785,18.2124,233.8175,0.0779,0.1364
2014-10-26T00:06:59.119Z,11.0729,21.6839,232.9337,0.093,0.5116,14.6026,22.8054,232.1628,0.0986,0.6399,2.1267,18.0029,234.0418,0.0771,0.1182
2014-10-26T00:07:59.478Z,10.9021,21.6216,232.4806,0.0926,0.5039,14.4141,22.7917,231.9444,0.0993,0.6319,2.0532,17.8504,233.7289,0.076,0.1154
2014-10-26T00:08:59.708Z,11.0977,21.5431,231.7444,0.0928,0.5154,14.1247,22.3088,231.8835,0.0966,0.6321,2.4233,17.8526,233.7671,0.076,0.1355
2014-10-26T00:09:59.066Z,11.0267,21.3554,231.9672,0.0929,0.517,14.6424,22.8688,232.152,0.0984,0.64,2.6226,18.4517,233.972,0.0794,0.1422
2014-10-26T00:10:59.626Z,10.9352,21.5367,232.9926,0.0929,0.5082,14.5029,22.8788,232.7498,0.0985,0.6336,2.2333,17.9793,234.0348,0.0767,0.1247
2014-10-26T00:11:59.013Z,10.9138,21.3205,232.3419,0.0917,0.5117,14.5919,22.8785,232.1798,0.0984,0.637,2.4266,17.9709,233.524,0.0772,0.1361
2014-10-26T00:12:59.329Z,10.843,21.1504,232.3137,0.0914,0.5124,14.718,23.0045,232.0364,0.0988,0.6394,2.4859,18.0434,233.6744,0.0773,0.1378
2014-10-26T00:13:59.706Z,10.7754,21.3783,232.8378,0.0918,0.5039,14.6238,23.0115,232.1053,0.0984,0.6354,2.5264,17.8073,233.9644,0.0759,0.1415
2014-10-26T00:14:59.510Z,11.1396,21.7056,233.2797,0.0928,0.5135,14.6457,22.9883,232.5286,0.099,0.637,2.4012,18.0571,234.2306,0.077,0.1337
2014-10-26T00:15:59.884Z,10.9293,21.4501,233.1249,0.0926,0.5092,14.7912,22.9853,232.5044,0.0991,0.6431,2.2777,17.8596,233.0708,0.0766,0.1273
2014-10-26T00:16:59.351Z,10.9711,21.5553,232.7277,0.0926,0.5088,14.4988,22.7331,231.9088,0.0981,0.6372,2.3343,17.8338,232.1658,0.0769,0.1306
2014-10-26T00:17:59.727Z,11.0396,21.5034,233.7054,0.0927,0.514,14.8215,23.0447,232.3797,0.1002,0.6429,2.1859,17.9118,232.8128,0.0778,0.121
2014-10-26T00:18:59.200Z,10.9742,21.5453,234.668,0.0918,0.5096,14.9213,23.19,232.2123,0.1003,0.6437,2.339,17.9139,233.7837,0.0769,0.1304
2014-10-26T00:19:59.577Z,11.2606,21.8855,235.445,0.0935,0.5154,14.9335,22.8434,228.2057,0.1,0.6535,2.2793,18.0122,234.7607,0.0764,0.1268
2014-10-26T00:20:59.972Z,10.9451,21.6746,234.1397,0.0923,0.5054,14.6391,22.7829,230.6543,0.0986,0.6423,2.2844,17.9325,234.6258,0.0764,0.1268
2014-10-26T00:21:59.358Z,10.9539,21.59,233.5995,0.0926,0.5072,14.6685,22.8993,231.5161,0.0988,0.6402,2.4266,17.9602,234.2051,0.077,0.1339
2014-10-26T00:22:59.603Z,10.9945,21.6193,233.9536,0.0923,0.5084,14.7051,22.8333,231.4221,0.0992,0.6433,2.3178,17.7329,233.6523,0.0759,0.1306
2014-10-26T00:23:59.260Z,10.9517,21.5767,234.17,0.0928,0.5075,14.6995,22.9311,231.7127,0.0988,0.6402,2.3553,17.9029,233.4117,0.077,0.1316
2014-10-26T00:24:59.614Z,10.9582,21.3919,234.4863,0.0913,0.5121,14.7219,23.066,232.1756,0.0988,0.6376,2.2146,17.9844,233.3904,0.0768,0.1233
2014-10-26T00:25:59.985Z,11.0053,21.6179,233.9846,0.0927,0.5091,14.7547,22.9921,232.6361,0.0987,0.6413,2.2651,17.8078,233.1044,0.076,0.1264
2014-10-26T00:26:59.284Z,10.7938,21.4316,234.1886,0.0924,0.5047,14.7865,23.0358,232.6587,0.0992,0.6414,2.2273,18.0123,233.2636,0.0775,0.1235
2014-10-26T00:27:59.144Z,11.0986,21.7784,234.2245,0.0935,0.5104,14.75,22.9701,232.9195,0.0988,0.6416,2.1911,17.6955,233.6267,0.076,0.1237
2014-10-26T00:28:59.576Z,10.9531,21.416,233.8186,0.0914,0.5114,14.8303,23.0736,232.4948,0.0989,0.6419,2.2439,17.7895,233.2557,0.0764,0.1255
2014-10-26T00:29:59.109Z,11.0726,21.6586,233.5404,0.0924,0.5114,14.6567,22.9414,232.7374,0.0987,0.6384,2.1865,17.5989,232.4782,0.0761,0.124
2014-10-26T00:30:59.242Z,10.9848,21.4437,233.4303,0.0919,0.5124,14.622,22.8214,232.527,0.0982,0.64,2.2431,17.6032,232.0935,0.0754,0.1268
2014-10-26T00:31:59.672Z,10.8542,21.4607,233.9119,0.0919,0.5056,14.5044,22.7677,232.3706,0.0976,0.6364,2.0775,17.9364,233.0687,0.0767,0.1147
2014-10-26T00:32:59.289Z,11.0911,21.6715,233.9095,0.0927,0.5117,14.6749,22.9132,232.8396,0.0992,0.6402,2.1915,17.7623,233.0634,0.0758,0.1233
2014-10-26T00:33:59.766Z,11.3047,21.7999,234.6862,0.0925,0.5199,15.0193,23.0867,233.8452,0.0989,0.6501,2.4824,17.7417,233.3623,0.0754,0.14
2014-10-26T00:34:59.075Z,10.7917,21.4998,234.8948,0.0913,0.5022,14.9272,23.2047,233.8007,0.0996,0.6427,2.1318,17.8309,234.1859,0.0757,0.119
2014-10-26T00:35:59.319Z,10.9599,21.6269,235.5076,0.0923,0.5062,15.0602,23.1462,230.4913,0.1009,0.6504,2.1978,17.8921,234.5102,0.0764,0.1228
2014-10-26T00:36:59.610Z,11.0584,21.6609,234.6152,0.0928,0.5104,14.9329,22.9878,231.866,0.0996,0.6494,2.2074,17.8887,234.1224,0.0759,0.1237
2014-10-26T00:37:59.835Z,10.9574,21.4962,234.1396,0.0921,0.509,14.8159,23.0856,233.0915,0.0995,0.641,2.337,17.9907,234.2921,0.0771,0.1304
2014-10-26T00:38:59.167Z,10.9211,21.5785,234.052,0.0926,0.506,14.7404,22.9509,233.0208,0.0991,0.6424,2.3195,17.7867,234.3411,0.0762,0.1302
2014-10-26T00:39:59.419Z,11.0027,21.5545,233.5218,0.092,0.5101,14.7872,23.0778,232.93,0.0989,0.6401,2.244,17.95,234.4637,0.0769,0.1243
2014-10-26T00:40:59.975Z,10.9388,21.4725,233.6744,0.0921,0.5097,14.6385,22.8809,232.9482,0.0987,0.6392,2.3025,17.9268,234.8575,0.0763,0.1278
2014-10-26T00:41:59.550Z,10.934,21.6063,234.4402,0.0922,0.5065,14.8039,23.0626,233.0497,0.0994,0.6416,2.3094,17.8906,235.1596,0.0759,0.129
2014-10-26T00:42:59.290Z,11.2023,21.689,234.0862,0.0928,0.5159,14.7067,23.0345,232.64,0.0991,0.6378,2.1978,17.9148,234.1934,0.0766,0.123
2014-10-26T00:43:59.718Z,10.8874,21.4627,234.6495,0.0921,0.5076,14.7599,22.9224,232.6315,0.0991,0.644,2.4749,18.0876,234.6514,0.0779,0.1366
2014-10-26T00:44:59.133Z,10.956,21.5999,234.0471,0.0929,0.5078,14.6208,22.8345,231.9262,0.0987,0.6399,2.3288,17.7301,234.0589,0.0761,0.131
2014-10-26T00:45:59.576Z,10.9724,21.6139,234.5286,0.092,0.5073,14.7422,22.9496,232.7356,0.0993,0.642,2.2585,17.9022,234.6657,0.076,0.1261
2014-10-26T00:46:59.035Z,11.0387,21.6563,234.1037,0.0928,0.5099,14.779,23.1387,233.2371,0.0995,0.6382,2.3872,17.9632,234.4154,0.0767,0.1328
2014-10-26T00:47:59.337Z,11.0055,21.5349,234.0602,0.0922,0.5111,14.8376,23.0632,233.1162,0.099,0.6427,2.3557,18.127,234.3247,0.0784,0.1295
2014-10-26T00:48:59.622Z,11.0631,21.4495,233.398,0.0923,0.516,14.6916,22.9547,232.444,0.0993,0.6396,2.3489,17.9971,233.5824,0.0772,0.1305
2014-10-26T00:49:59.925Z,10.9268,21.5179,233.5485,0.0928,0.508,14.6529,22.9498,232.77,0.099,0.6378,2.2465,17.9673,233.6453,0.0769,0.1257
2014-10-26T00:50:59.391Z,10.9928,21.6044,234.0216,0.0923,0.5091,14.6685,23.0313,233.4461,0.099,0.6369,2.3251,17.8768,234.2606,0.0769,0.1305
2014-10-26T00:51:59.952Z,10.8846,21.378,233.022,0.0916,0.5092,14.6832,23.0578,233.6379,0.0996,0.636,2.3951,18.2816,234.4023,0.0779,0.1307
2014-10-26T00:52:59.224Z,10.8725,21.4174,231.5292,0.0931,0.5073,14.6881,22.9746,234.3514,0.0983,0.6386,2.3478,17.93,235.171,0.0762,0.1306
2014-10-26T00:53:59.520Z,11.0672,21.673,234.0455,0.0929,0.5116,14.7574,23.086,234.5167,0.0989,0.639,2.396,17.9813,234.7534,0.0766,0.1327
2014-10-26T00:54:59.725Z,10.9572,21.7145,234.4529,0.0924,0.5043,14.7371,23.0717,234.5165,0.0987,0.6386,2.2894,17.7953,234.1343,0.0761,0.1292
2014-10-26T00:55:59.827Z,10.9631,21.7439,234.8887,0.0929,0.5044,14.8274,23.05,233.0967,0.0993,0.643,2.2132,17.7261,233.6738,0.0753,0.1257
2014-10-26T00:56:59.206Z,11.1585,21.7766,234.8946,0.0924,0.5123,14.8762,23.1988,233.1196,0.0999,0.6408,2.3091,17.7869,233.1257,0.0767,0.1299
2014-10-26T00:57:59.737Z,11.0048,21.678,234.1662,0.0922,0.5079,14.8552,23.1414,234.2477,0.0987,0.6414,2.2215,17.6867,233.9157,0.0756,0.1249
2014-10-26T00:58:59.037Z,11.0112,21.5175,234.3438,0.092,0.5122,14.9414,23.1698,234.6787,0.0991,0.6439,2.1597,18.2178,234.1815,0.0777,0.1194
2014-10-26T00:59:59.374Z,11.1065,21.8093,235.2144,0.0924,0.51,15.072,23.314,234.9389,0.0996,0.6465,2.2117,18.1079,234.0972,0.0769,0.1222
