2014-10-02T00:00:59.639Z,0.0256,0.042,0.5515,0.0739,0.5639,0.0168,0.0378,0.592,0.0641,0.4129,0.0246,0.0439,0.5563,0.078,0.5434
2014-10-02T00:01:59.959Z,0.0248,0.0419,0.5558,0.0745,0.5774,0.0177,0.0387,0.5948,0.0661,0.419,0.0206,0.0406,0.531,0.0748,0.5081
2014-10-02T00:02:59.264Z,0.028,0.0457,0.5726,0.0766,0.6077,0.0163,0.0371,0.5883,0.062,0.3854,0.0226,0.042,0.5437,0.0777,0.5297
2014-10-02T00:03:59.472Z,0.0264,0.0433,0.5629,0.0757,0.569,0.0212,0.0402,0.6,0.0681,0.4464,0.0262,0.045,0.56,0.0793,0.575
2014-10-02T00:04:59.787Z,0.0261,0.0442,0.5658,0.0767,0.5658,0.0208,0.0417,0.6111,0.0675,0.4439,0.0231,0.0428,0.5547,0.0756,0.5367
2014-10-02T00:05:59.178Z,0.0224,0.0406,0.5642,0.0715,0.5309,0.0182,0.0394,0.6045,0.0652,0.4058,0.0209,0.0412,0.5264,0.0745,0.5215
2014-10-02T00:06:59.495Z,0.0267,0.0445,0.5703,0.0776,0.5973,0.017,0.0394,0.6197,0.0645,0.4036,0.0212,0.0412,0.5418,0.0761,0.5085
2014-10-02T00:07:59.835Z,0.0254,0.0422,0.5516,0.0754,0.5808,0.0149,0.0362,0.5889,0.0619,0.3754,0.0251,0.0457,0.5627,0.0797,0.5378
2014-10-02T00:08:59.152Z,0.0241,0.0413,0.5566,0.0725,0.5491,0.0138,0.0366,0.5956,0.0619,0.3347,0.0231,0.0425,0.5616,0.0766,0.5534
2014-10-02T00:09:59.551Z,0.0209,0.0397,0.5546,0.0694,0.5163,0.0149,0.0346,0.6034,0.0569,0.3369,0.026,0.0443,0.5697,0.0769,0.5726
2014-10-02T00:10:59.091Z,0.0267,0.0439,0.5742,0.0761,0.5789,0.0217,0.0439,0.6294,0.0681,0.4339,0.0236,0.0442,0.56,0.0783,0.5408
2014-10-02T00:11:59.338Z,0.0272,0.0433,0.5717,0.0753,0.5756,0.0211,0.0403,0.6072,0.0658,0.4414,0.0231,0.0436,0.5567,0.0772,0.5269
2014-10-02T00:12:59.617Z,0.0267,0.042,0.5637,0.0733,0.5833,0.0173,0.0393,0.602,0.064,0.3927,0.0233,0.042,0.55,0.0777,0.5333
2014-10-02T00:13:59.946Z,0.0221,0.0404,0.5657,0.0718,0.5514,0.0186,0.0404,0.6125,0.0654,0.4118,0.0225,0.0436,0.5489,0.0786,0.5364
2014-10-02T00:14:59.292Z,0.0304,0.048,0.5868,0.08,0.6084,0.0238,0.0452,0.6188,0.0722,0.4882,0.026,0.0454,0.574,0.0788,0.5496
2014-10-02T00:15:59.569Z,0.0208,0.0389,0.5544,0.0706,0.5094,0.0167,0.0383,0.6128,0.0631,0.3683,0.0225,0.0428,0.5467,0.0764,0.5411
2014-10-02T00:16:59.161Z,0.0265,0.0455,0.5847,0.0768,0.5455,0.0203,0.0425,0.628,0.0668,0.4275,0.0243,0.0443,0.5592,0.0785,0.5317
2014-10-02T00:17:59.528Z,0.0181,0.0377,0.5487,0.0684,0.4916,0.0168,0.0377,0.6097,0.0606,0.351,0.0223,0.0426,0.5487,0.0755,0.5158
2014-10-02T00:18:59.863Z,0.0242,0.0415,0.5618,0.0724,0.5342,0.0176,0.037,0.6076,0.06,0.3936,0.0233,0.0442,0.5648,0.0767,0.5048
2014-10-02T00:19:59.599Z,0.0266,0.0434,0.5683,0.0769,0.5694,0.0206,0.0437,0.6254,0.07,0.4371,0.0229,0.0434,0.5634,0.0766,0.5331
2014-10-02T00:20:59.934Z,0.0273,0.0433,0.5733,0.0739,0.5733,0.0136,0.0358,0.6018,0.0603,0.3488,0.0282,0.0476,0.5773,0.0794,0.5718
2014-10-02T00:21:59.272Z,0.0232,0.0406,0.5621,0.0735,0.5285,0.0176,0.0385,0.6035,0.0632,0.4203,0.025,0.0432,0.5641,0.0768,0.5391
2014-10-02T00:22:59.571Z,0.0256,0.0441,0.5747,0.0753,0.5584,0.0188,0.0403,0.6131,0.0641,0.3941,0.0238,0.0431,0.5566,0.0756,0.5428
2014-10-02T00:23:59.863Z,0.0256,0.0431,0.5672,0.075,0.5703,0.0138,0.0356,0.5984,0.0603,0.3341,0.0222,0.0413,0.54,0.0753,0.5506
2014-10-02T00:24:59.160Z,0.0164,0.0348,0.5324,0.0664,0.5,0.012,0.0324,0.5768,0.0584,0.3124,0.0232,0.0432,0.5536,0.0788,0.5468
2014-10-02T00:25:59.396Z,0.0289,0.0458,0.5742,0.0764,0.5844,0.0167,0.0394,0.6047,0.065,0.4131,0.0244,0.0433,0.555,0.0775,0.5453
2014-10-02T00:26:59.978Z,0.0233,0.0406,0.557,0.073,0.5582,0.0185,0.0382,0.6027,0.063,0.4179,0.0227,0.0427,0.5561,0.0767,0.5264
2014-10-02T00:27:59.154Z,0.0272,0.0439,0.5725,0.0761,0.5789,0.0178,0.0389,0.6072,0.0644,0.3989,0.0247,0.0442,0.5517,0.0792,0.5664
2014-10-02T00:28:59.351Z,0.027,0.0425,0.5586,0.075,0.6041,0.0207,0.0418,0.6111,0.068,0.4439,0.0255,0.0448,0.5702,0.0768,0.5507
2014-10-02T00:29:59.648Z,0.0279,0.0448,0.5726,0.0769,0.5983,0.021,0.0419,0.6164,0.0662,0.4355,0.0238,0.044,0.5595,0.0783,0.5257
2014-10-02T00:30:59.969Z,0.0207,0.039,0.5534,0.0697,0.521,0.0155,0.0366,0.6072,0.0593,0.379,0.0214,0.041,0.5341,0.0766,0.5331
2014-10-02T00:31:59.666Z,0.0278,0.0449,0.5732,0.0757,0.58,0.0181,0.0397,0.6076,0.0665,0.4086,0.0241,0.0432,0.563,0.077,0.5349
2014-10-02T00:32:59.937Z,0.0268,0.0444,0.5624,0.0765,0.5753,0.0191,0.0397,0.6126,0.0665,0.4409,0.0238,0.0441,0.5612,0.0771,0.5315
2014-10-02T00:33:59.234Z,0.0203,0.038,0.5483,0.071,0.521,0.012,0.0357,0.6043,0.0573,0.244,0.023,0.043,0.543,0.0773,0.52
2014-10-02T00:34:59.608Z,0.0175,0.0371,0.5461,0.0675,0.4639,0.0143,0.0368,0.5975,0.0614,0.3618,0.0214,0.0404,0.5286,0.0746,0.5418
2014-10-02T00:35:59.936Z,0.0279,0.0444,0.5733,0.0764,0.5854,0.0215,0.0408,0.6136,0.0662,0.4792,0.0231,0.0421,0.5513,0.0769,0.5351
2014-10-02T00:36:59.259Z,0.0259,0.0424,0.5605,0.0749,0.5784,0.017,0.0381,0.593,0.0632,0.3865,0.0227,0.0419,0.5473,0.0773,0.5332
2014-10-02T00:37:59.669Z,0.0251,0.0416,0.56,0.0749,0.5681,0.0222,0.0438,0.6168,0.0695,0.4665,0.023,0.0424,0.5473,0.0757,0.5232
2014-10-02T00:39:59.355Z,0.0266,0.0438,0.5669,0.0753,0.5899,0.0197,0.0411,0.6139,0.0671,0.4317,0.0231,0.0429,0.5524,0.0774,0.5458
2014-10-02T00:40:59.594Z,0.0262,0.0436,0.5667,0.0762,0.5574,0.0226,0.0446,0.6246,0.0695,0.4459,0.0249,0.0449,0.5659,0.0777,0.5518
2014-10-02T00:41:59.913Z,0.03,0.0457,0.5819,0.077,0.6135,0.0143,0.0357,0.5922,0.0619,0.3689,0.0211,0.0411,0.5324,0.0759,0.5186
2014-10-02T00:42:59.184Z,0.0283,0.0455,0.5734,0.0772,0.5821,0.0186,0.0397,0.6024,0.0659,0.4062,0.0221,0.0421,0.5307,0.0769,0.5217
2014-10-02T00:43:59.575Z,0.0272,0.0441,0.571,0.0755,0.5752,0.0203,0.04,0.611,0.0666,0.4662,0.0234,0.0445,0.561,0.0797,0.5486
2014-10-02T00:44:59.858Z,0.0276,0.044,0.5651,0.0767,0.5938,0.0193,0.04,0.6084,0.0658,0.428,0.0242,0.0442,0.5629,0.078,0.552
2014-10-02T00:45:59.150Z,0.0284,0.0438,0.5657,0.0762,0.6005,0.0159,0.0376,0.5986,0.0622,0.3732,0.0232,0.0435,0.5503,0.0759,0.5349
2014-10-02T00:46:59.449Z,0.0271,0.0436,0.5645,0.0755,0.599,0.02,0.0421,0.6055,0.0679,0.4269,0.0221,0.0419,0.5433,0.0769,0.539
2014-10-02T00:47:59.712Z,0.0245,0.0415,0.5522,0.0743,0.575,0.0165,0.0373,0.5992,0.062,0.3755,0.0273,0.0468,0.5742,0.0787,0.561
2014-10-02T00:48:59.953Z,0.027,0.0433,0.5579,0.0751,0.6009,0.0235,0.044,0.6195,0.0695,0.4514,0.0226,0.0423,0.5521,0.074,0.5307
2014-10-02T00:49:59.206Z,0.0225,0.0411,0.5604,0.0711,0.5261,0.0146,0.0386,0.6111,0.0629,0.325,0.0214,0.0414,0.5314,0.0754,0.525
2014-10-02T00:50:59.623Z,0.0234,0.042,0.5551,0.074,0.544,0.0229,0.0434,0.6251,0.0694,0.4629,0.0226,0.0414,0.5463,0.0766,0.5394
2014-10-02T00:51:59.931Z,0.0283,0.0447,0.5733,0.0773,0.5797,0.0177,0.037,0.603,0.062,0.4007,0.021,0.0403,0.5397,0.075,0.5133
2014-10-02T00:52:59.317Z,0.0232,0.0416,0.5619,0.0732,0.5394,0.0142,0.0377,0.5984,0.0639,0.3206,0.0242,0.0439,0.5568,0.0765,0.5306
2014-10-02T00:53:59.688Z,0.0272,0.0451,0.5628,0.0774,0.5951,0.0205,0.0413,0.6151,0.0679,0.4472,0.0246,0.0428,0.5513,0.0779,0.5515
2014-10-02T00:54:59.969Z,0.0279,0.0443,0.5693,0.0767,0.5917,0.0188,0.0386,0.6081,0.0629,0.4124,0.0231,0.0433,0.5571,0.0752,0.5226
2014-10-02T00:55:59.282Z,0.0232,0.04,0.5484,0.0729,0.5526,0.0181,0.04,0.6148,0.0655,0.3816,0.0268,0.0442,0.5665,0.0787,0.5603
2014-10-02T00:56:59.607Z,0.0278,0.0459,0.5786,0.0776,0.5776,0.0197,0.0397,0.6027,0.0649,0.3978,0.0235,0.0435,0.557,0.0768,0.543
2014-10-02T00:57:59.918Z,0.0222,0.0394,0.5488,0.0697,0.5347,0.0219,0.0409,0.6122,0.0656,0.4434,0.0234,0.0441,0.5519,0.0784,0.5197
2014-10-02T00:58:59.164Z,0.0222,0.0403,0.5612,0.0706,0.5234,0.0131,0.0338,0.5891,0.0572,0.33,0.0241,0.0438,0.5563,0.0769,0.5578
2014-10-02T00:59:59.396Z,0.0246,0.0414,0.558,0.0717,0.5646,0.0206,0.0426,0.6103,0.0683,0.4214,0.024,0.0417,0.5429,0.076,0.5449
2014-10-02T01:00:59.721Z,0.0241,0.0426,0.5659,0.0737,0.5407,0.0137,0.0356,0.5959,0.0615,0.3433,0.023,0.0411,0.5378,0.0774,0.5367
2014-10-02T01:01:59.322Z,0.0251,0.0422,0.5589,0.0749,0.5576,0.02,0.04,0.607,0.0641,0.4376,0.0235,0.0435,0.5554,0.0757,0.5727
2014-10-02T01:02:59.739Z,0.0253,0.0429,0.5597,0.0756,0.5641,0.0165,0.0385,0.6156,0.0626,0.3859,0.0232,0.0421,0.5512,0.0756,0.5512
2014-10-02T01:03:59.227Z,0.0223,0.0394,0.5503,0.0719,0.5577,0.0161,0.0358,0.5974,0.0584,0.3742,0.0245,0.0448,0.5542,0.0787,0.5445
2014-10-02T01:04:59.494Z,0.0248,0.0429,0.5632,0.0745,0.5474,0.0139,0.0358,0.5974,0.0597,0.32,0.0268,0.0461,0.5639,0.0794,0.5635
2014-10-02T01:05:59.865Z,0.0262,0.0432,0.5665,0.0759,0.5771,0.0135,0.0329,0.5809,0.0585,0.3647,0.0238,0.0429,0.5509,0.0774,0.5229
2014-10-02T01:06:59.171Z,0.0233,0.04,0.5498,0.0735,0.5543,0.0178,0.0395,0.5975,0.0653,0.4077,0.0235,0.0433,0.5553,0.0772,0.539
2014-10-02T01:07:59.614Z,0.0221,0.0404,0.5579,0.0721,0.5382,0.015,0.0357,0.5954,0.0611,0.3804,0.0218,0.0414,0.54,0.0746,0.5371
2014-10-02T01:08:59.915Z,0.0252,0.0409,0.5555,0.0736,0.5752,0.0179,0.0388,0.6052,0.0639,0.3936,0.0233,0.0427,0.5548,0.0761,0.54
2014-10-02T01:09:59.350Z,0.0259,0.0438,0.563,0.0762,0.5659,0.0195,0.0389,0.6084,0.0638,0.43,0.0254,0.0443,0.5592,0.0762,0.5454
2014-10-02T01:10:59.669Z,0.0282,0.0458,0.5761,0.0771,0.5734,0.0226,0.0468,0.6437,0.0711,0.4297,0.0253,0.0434,0.5595,0.0763,0.5666
2014-10-02T01:11:59.913Z,0.0257,0.0431,0.5717,0.0734,0.5543,0.0154,0.0366,0.6037,0.0611,0.3629,0.0237,0.0434,0.5457,0.078,0.5386
2014-10-02T01:12:59.279Z,0.0256,0.0429,0.5602,0.076,0.5748,0.0208,0.0419,0.6185,0.0673,0.4154,0.0252,0.0446,0.565,0.0792,0.5519
2014-10-02T01:13:59.541Z,0.0265,0.0432,0.5624,0.0756,0.5618,0.0182,0.0379,0.6041,0.0618,0.4409,0.0224,0.0418,0.5518,0.0747,0.5474
2014-10-02T01:14:59.874Z,0.028,0.0443,0.57,0.076,0.5943,0.0187,0.039,0.6043,0.0653,0.4183,0.0217,0.041,0.5357,0.0767,0.5173
2014-10-02T01:15:59.445Z,0.0289,0.0457,0.5751,0.0783,0.5957,0.0157,0.038,0.6023,0.0634,0.3934,0.0263,0.0454,0.5617,0.0786,0.5509
2014-10-02T01:16:59.855Z,0.022,0.0396,0.5536,0.0716,0.5308,0.0164,0.0368,0.5952,0.062,0.3944,0.0228,0.0432,0.55,0.0776,0.5364
2014-10-02T01:17:59.299Z,0.0246,0.0414,0.5632,0.0732,0.5714,0.0157,0.0382,0.6093,0.0614,0.3854,0.0239,0.0414,0.5396,0.0768,0.5543
2014-10-02T01:18:59.630Z,0.0223,0.0407,0.557,0.073,0.5173,0.0173,0.038,0.6057,0.0623,0.3843,0.0213,0.0413,0.5373,0.075,0.5163
2014-10-02T01:19:59.074Z,0.0258,0.0427,0.5636,0.0745,0.5658,0.0185,0.0397,0.6109,0.0664,0.4233,0.0233,0.0439,0.5567,0.0782,0.5215
2014-10-02T01:20:59.469Z,0.0207,0.0389,0.5515,0.07,0.5237,0.0141,0.0348,0.5944,0.0596,0.3856,0.0219,0.0422,0.5385,0.0759,0.5156
2014-10-02T01:21:59.152Z,0.025,0.0432,0.5588,0.0762,0.5574,0.0206,0.0418,0.6194,0.0688,0.4424,0.0253,0.0441,0.5615,0.0771,0.5682
2014-10-02T01:22:59.484Z,0.0208,0.0388,0.5512,0.0708,0.5092,0.015,0.0377,0.6077,0.0615,0.3792,0.0204,0.0408,0.5308,0.0731,0.5142
2014-10-02T01:23:59.868Z,0.0221,0.0406,0.5526,0.0712,0.5068,0.0206,0.0406,0.6159,0.0665,0.4544,0.0235,0.0444,0.5532,0.0776,0.5318
2014-10-02T01:24:59.090Z,0.0233,0.0411,0.5556,0.0728,0.55,0.0158,0.0381,0.6011,0.0647,0.3697,0.0256,0.0456,0.5767,0.0778,0.5567
2014-10-02T01:25:59.531Z,0.0238,0.0412,0.5679,0.0724,0.5376,0.0176,0.0394,0.6124,0.0621,0.3765,0.0238,0.0441,0.5541,0.0771,0.525
2014-10-02T01:26:59.932Z,0.0264,0.0429,0.5682,0.0757,0.5732,0.0164,0.0382,0.6032,0.0629,0.4,0.0236,0.0425,0.5511,0.0775,0.5461
2014-10-02T01:27:59.248Z,0.0268,0.0441,0.56,0.0773,0.5886,0.0227,0.0438,0.6157,0.0697,0.4762,0.0243,0.0435,0.5619,0.0757,0.5611
2014-10-02T01:28:59.643Z,0.0243,0.0421,0.5689,0.0739,0.555,0.02,0.0389,0.5986,0.0668,0.4479,0.0218,0.0429,0.5436,0.0764,0.5246
2014-10-02T01:29:59.215Z,0.0276,0.0438,0.5597,0.0768,0.5843,0.0165,0.0416,0.5986,0.0673,0.3735,0.0262,0.0454,0.5703,0.0795,0.563
2014-10-02T01:30:59.568Z,0.0276,0.0434,0.5629,0.0751,0.5893,0.018,0.0405,0.6061,0.0656,0.4227,0.0229,0.0417,0.5517,0.0763,0.5295
2014-10-02T01:31:59.965Z,0.0242,0.0416,0.5574,0.0739,0.5589,0.0195,0.0416,0.6182,0.0676,0.4253,0.0255,0.0442,0.5687,0.0782,0.5618
2014-10-02T01:32:59.807Z,0.0191,0.0378,0.5437,0.0684,0.5053,0.0144,0.0369,0.5884,0.0609,0.3563,0.0209,0.0406,0.5344,0.0753,0.5088
2014-10-02T01:33:59.109Z,0.0259,0.0421,0.5629,0.0738,0.5638,0.0176,0.0374,0.6,0.0629,0.4121,0.0232,0.0426,0.5535,0.0762,0.5494
2014-10-02T01:34:59.438Z,0.0273,0.0449,0.5739,0.0766,0.5756,0.0176,0.0393,0.6027,0.0641,0.3927,0.0259,0.0449,0.571,0.0793,0.5434
2014-10-02T01:35:59.795Z,0.0255,0.0429,0.5618,0.0758,0.5684,0.0189,0.0403,0.6061,0.0668,0.4074,0.0261,0.0463,0.5705,0.0784,0.5516
2014-10-02T01:36:59.052Z,0.0265,0.0448,0.5748,0.0761,0.5513,0.019,0.0406,0.6174,0.0655,0.4103,0.0229,0.0419,0.541,0.0771,0.5565
2014-10-02T01:37:59.396Z,0.0248,0.043,0.5673,0.0748,0.5358,0.0179,0.0403,0.613,0.0655,0.4006,0.0239,0.0427,0.5503,0.0782,0.5573
2014-10-02T01:38:59.660Z,0.026,0.0426,0.5611,0.0751,0.5566,0.0163,0.0391,0.61,0.0623,0.3494,0.0254,0.0437,0.5589,0.0783,0.5706
2014-10-02T01:39:59.899Z,0.0226,0.0403,0.5597,0.0716,0.5306,0.0158,0.0371,0.6023,0.0616,0.3794,0.0229,0.0432,0.5552,0.0781,0.5371
2014-10-02T01:40:59.174Z,0.0245,0.0413,0.5563,0.0739,0.5742,0.0226,0.0445,0.6237,0.0703,0.4324,0.0232,0.0413,0.5476,0.0761,0.5487
2014-10-02T01:41:59.407Z,0.0207,0.038,0.5467,0.0687,0.51,0.0147,0.0347,0.5907,0.0583,0.3503,0.025,0.0443,0.5637,0.076,0.5517
2014-10-02T01:42:59.756Z,0.0248,0.0421,0.5576,0.0736,0.5494,0.0182,0.04,0.6058,0.067,0.4142,0.0242,0.0439,0.5552,0.0764,0.5585
2014-10-02T01:43:59.144Z,0.0225,0.0403,0.5486,0.0719,0.5325,0.0175,0.0389,0.6089,0.0625,0.4047,0.0217,0.0414,0.5461,0.0744,0.5264
2014-10-02T01:44:59.607Z,0.0232,0.04,0.5535,0.0726,0.5429,0.0158,0.0377,0.6058,0.0623,0.3535,0.0242,0.0445,0.5565,0.079,0.5403
2014-10-02T01:45:59.962Z,0.0242,0.0406,0.5526,0.0742,0.5652,0.0177,0.04,0.6081,0.0639,0.3984,0.0242,0.0448,0.5723,0.0771,0.5445
2014-10-02T01:46:59.353Z,0.0241,0.0429,0.5603,0.0747,0.5441,0.0156,0.0371,0.5956,0.0621,0.3935,0.0238,0.0441,0.5662,0.0788,0.5279
2014-10-02T01:47:59.607Z,0.0253,0.043,0.5548,0.0773,0.5785,0.0208,0.04,0.6065,0.0665,0.4587,0.0255,0.044,0.5638,0.0775,0.5698
2014-10-02T01:48:59.904Z,0.0236,0.0418,0.5552,0.0724,0.5464,0.0148,0.0364,0.5942,0.0594,0.3506,0.0239,0.0436,0.5476,0.0776,0.5348
2014-10-02T01:49:59.274Z,0.0252,0.0418,0.5594,0.0742,0.5606,0.0194,0.0373,0.6003,0.0624,0.4094,0.0218,0.0415,0.5352,0.0745,0.5339
2014-10-02T01:50:59.529Z,0.0211,0.04,0.5544,0.0707,0.5056,0.017,0.0378,0.6,0.0641,0.3885,0.0241,0.0422,0.5396,0.077,0.5511
2014-10-02T01:51:59.785Z,0.0267,0.0428,0.5592,0.0754,0.5741,0.0187,0.0397,0.6033,0.0644,0.4138,0.0238,0.0436,0.5618,0.0772,0.5421
2014-10-02T01:52:59.128Z,0.0244,0.0413,0.5644,0.0728,0.5641,0.0163,0.0363,0.5969,0.0613,0.3978,0.0241,0.0444,0.5472,0.0759,0.5156
2014-10-02T01:53:59.525Z,0.0308,0.047,0.5724,0.0803,0.6308,0.0214,0.0416,0.6086,0.0684,0.4665,0.023,0.0432,0.5524,0.077,0.5389
2014-10-02T01:54:59.818Z,0.0265,0.0424,0.5608,0.0749,0.5865,0.0205,0.0408,0.6116,0.0665,0.4614,0.0222,0.0416,0.5411,0.0765,0.5208
2014-10-02T01:55:59.129Z,0.0281,0.0457,0.5784,0.0768,0.587,0.0208,0.0411,0.6089,0.0686,0.4508,0.0232,0.0432,0.5489,0.0778,0.5389
2014-10-02T01:56:59.514Z,0.0225,0.0403,0.5525,0.0719,0.5281,0.0169,0.0369,0.5966,0.0628,0.3869,0.0247,0.0425,0.5534,0.0772,0.5509
2014-10-02T01:57:59.733Z,0.0303,0.0449,0.5692,0.0785,0.6182,0.0182,0.0387,0.5977,0.0651,0.4203,0.0226,0.0423,0.5521,0.0756,0.5428
2014-10-02T01:58:59.012Z,0.0287,0.0454,0.5667,0.0777,0.6113,0.019,0.0408,0.5982,0.0674,0.4531,0.0246,0.0428,0.5549,0.0762,0.56
2014-10-02T01:59:59.317Z,0.0222,0.0394,0.5472,0.0713,0.5547,0.0153,0.0366,0.5931,0.0625,0.3841,0.0234,0.0453,0.5703,0.0766,0.51
2014-10-02T02:00:59.725Z,0.0217,0.0393,0.5467,0.072,0.529,0.017,0.0387,0.6023,0.062,0.3843,0.024,0.0427,0.5497,0.0757,0.552
2014-10-02T02:01:59.155Z,0.0261,0.0424,0.5645,0.0742,0.573,0.0152,0.0355,0.5973,0.0591,0.3448,0.0221,0.0418,0.5461,0.077,0.5152
2014-10-02T02:02:59.548Z,0.0274,0.0447,0.5676,0.0768,0.5844,0.0179,0.0388,0.5941,0.0653,0.4062,0.0224,0.0403,0.5359,0.0756,0.54
2014-10-02T02:03:59.873Z,0.0265,0.0441,0.5595,0.077,0.5857,0.0162,0.0362,0.5922,0.063,0.3878,0.0257,0.0449,0.5554,0.08,0.5514
2014-10-02T02:04:59.299Z,0.0251,0.0431,0.566,0.0734,0.5503,0.0131,0.036,0.5889,0.0606,0.3623,0.0231,0.0437,0.5451,0.0766,0.5223
2014-10-02T02:05:59.612Z,0.02,0.039,0.5469,0.0703,0.5083,0.0197,0.0376,0.601,0.0603,0.4545,0.0214,0.041,0.54,0.0752,0.5159
2014-10-02T02:06:59.054Z,0.0298,0.0457,0.574,0.0788,0.6181,0.0229,0.0433,0.6102,0.0702,0.4657,0.0238,0.0436,0.5526,0.0779,0.5479
2014-10-02T02:07:59.467Z,0.0238,0.0405,0.5508,0.0733,0.5562,0.0162,0.0374,0.5915,0.0638,0.3877,0.0249,0.0451,0.5718,0.0787,0.5582
2014-10-02T02:08:59.960Z,0.0243,0.043,0.5643,0.074,0.5287,0.0163,0.036,0.5913,0.0633,0.417,0.0217,0.0427,0.5447,0.0763,0.5263
2014-10-02T02:09:59.388Z,0.0302,0.0474,0.578,0.0807,0.607,0.0222,0.0441,0.6309,0.068,0.4487,0.0243,0.0454,0.563,0.0783,0.5461
2014-10-02T02:10:59.750Z,0.0206,0.0403,0.5561,0.0716,0.5171,0.0142,0.0355,0.5958,0.059,0.3461,0.0268,0.0455,0.5674,0.0784,0.5642
2014-10-02T02:11:59.221Z,0.025,0.0408,0.5505,0.0729,0.5934,0.0216,0.0432,0.6103,0.0692,0.4358,0.0208,0.0426,0.5508,0.0768,0.5039
2014-10-02T02:12:59.579Z,0.0288,0.0448,0.5695,0.08,0.5979,0.0198,0.0414,0.6169,0.0679,0.424,0.0236,0.0443,0.5607,0.0779,0.5355
2014-10-02T02:13:59.961Z,0.0238,0.0431,0.5741,0.0731,0.5252,0.0148,0.0366,0.6021,0.0597,0.3593,0.0241,0.0448,0.5621,0.0783,0.5545
2014-10-02T02:14:59.077Z,0.0271,0.0449,0.5757,0.0737,0.5531,0.0174,0.0389,0.6051,0.0626,0.3669,0.0231,0.0429,0.5509,0.0769,0.5357
2014-10-02T02:15:59.382Z,0.0289,0.0458,0.5833,0.0778,0.5719,0.0203,0.0394,0.6133,0.0633,0.4372,0.0239,0.0442,0.5611,0.0767,0.5378
2014-10-02T02:16:59.648Z,0.0259,0.0432,0.561,0.0759,0.5729,0.019,0.0393,0.6061,0.0651,0.4317,0.0261,0.0456,0.5727,0.0776,0.5398
2014-10-02T02:17:59.990Z,0.0269,0.0444,0.5703,0.0763,0.5656,0.0184,0.0403,0.6122,0.0659,0.3994,0.0259,0.0459,0.5684,0.0784,0.56
2014-10-02T02:18:59.373Z,0.0306,0.0468,0.5809,0.0785,0.6156,0.0188,0.0403,0.6109,0.065,0.4159,0.0244,0.045,0.5653,0.0785,0.5606
2014-10-02T02:19:59.604Z,0.0207,0.0393,0.5596,0.0685,0.5074,0.0133,0.0337,0.587,0.0574,0.3581,0.0185,0.0393,0.5281,0.0741,0.4663
2014-10-02T02:20:59.867Z,0.0284,0.0441,0.563,0.077,0.6154,0.0214,0.0422,0.6222,0.0681,0.4478,0.0216,0.0427,0.563,0.0757,0.5086
2014-10-02T02:21:59.250Z,0.0204,0.04,0.5574,0.0711,0.5033,0.017,0.0385,0.6185,0.063,0.3796,0.0222,0.043,0.553,0.0759,0.5211
2014-10-02T02:22:59.578Z,0.0275,0.0455,0.5673,0.0775,0.5882,0.0186,0.0409,0.6093,0.0661,0.4205,0.0243,0.0452,0.5725,0.077,0.5264
2014-10-02T02:23:59.888Z,0.026,0.0418,0.551,0.075,0.5945,0.0178,0.0403,0.6075,0.0653,0.4195,0.0233,0.0428,0.5535,0.0768,0.5388
2014-10-02T02:24:59.134Z,0.0278,0.0448,0.5756,0.0767,0.5781,0.0148,0.037,0.5904,0.0611,0.3941,0.0233,0.0426,0.5404,0.0756,0.5504
2014-10-02T02:25:59.442Z,0.026,0.043,0.5656,0.0749,0.5802,0.0172,0.0388,0.6042,0.0651,0.4051,0.0247,0.0437,0.5514,0.077,0.5544
2014-10-02T02:26:59.683Z,0.0303,0.0461,0.5747,0.0789,0.6236,0.0178,0.0386,0.5986,0.0633,0.4197,0.0228,0.0419,0.5394,0.0764,0.5506
2014-10-02T02:27:59.078Z,0.03,0.0461,0.5823,0.0765,0.599,0.0187,0.0381,0.5974,0.0655,0.4361,0.0216,0.041,0.53,0.0761,0.531
2014-10-02T02:28:59.440Z,0.0281,0.0449,0.5689,0.0768,0.5886,0.02,0.0414,0.6124,0.067,0.4149,0.0249,0.0451,0.5581,0.0778,0.5481
2014-10-02T02:29:59.869Z,0.0274,0.0438,0.5682,0.0759,0.5877,0.0205,0.0408,0.6067,0.0664,0.4215,0.0226,0.0413,0.5392,0.0777,0.5174
2014-10-02T02:30:59.476Z,0.023,0.0403,0.5515,0.0721,0.5579,0.0206,0.043,0.6148,0.0682,0.4212,0.0236,0.0433,0.5524,0.0779,0.5421
2014-10-02T02:31:59.700Z,0.0206,0.0394,0.5471,0.0697,0.4906,0.0171,0.039,0.6052,0.0652,0.4035,0.0226,0.0432,0.5519,0.0774,0.529
2014-10-02T02:32:59.043Z,0.0233,0.0414,0.5564,0.0736,0.5547,0.0208,0.0419,0.6261,0.0672,0.4383,0.0233,0.0422,0.5544,0.0769,0.5411
2014-10-02T02:33:59.429Z,0.0271,0.0432,0.5724,0.075,0.5862,0.0165,0.0385,0.6009,0.0638,0.4021,0.0209,0.0421,0.5482,0.0759,0.5009
2014-10-02T02:34:59.845Z,0.0295,0.0458,0.575,0.0787,0.6139,0.0192,0.0424,0.6111,0.0668,0.4413,0.0239,0.0439,0.5524,0.0779,0.5453
2014-10-02T02:35:59.148Z,0.0274,0.0441,0.5687,0.0779,0.5849,0.0192,0.041,0.6056,0.0664,0.4218,0.0218,0.0431,0.5518,0.0759,0.5074
2014-10-02T02:36:59.494Z,0.0263,0.0426,0.5597,0.075,0.5974,0.02,0.0426,0.6155,0.0689,0.4413,0.025,0.0455,0.5684,0.0784,0.555
2014-10-02T02:37:59.906Z,0.0241,0.0421,0.5706,0.0735,0.5444,0.0165,0.0388,0.6012,0.0632,0.3988,0.0238,0.0444,0.5685,0.0771,0.5521
2014-10-02T02:38:59.259Z,0.0238,0.0413,0.5622,0.0716,0.5497,0.0194,0.0416,0.6181,0.0653,0.3991,0.0247,0.0431,0.5544,0.0778,0.5531
2014-10-02T02:39:59.665Z,0.0278,0.0438,0.5716,0.0772,0.5906,0.0188,0.0409,0.6072,0.0666,0.4266,0.0219,0.0416,0.5541,0.0772,0.5309
2014-10-02T02:40:59.988Z,0.0287,0.0455,0.5816,0.0784,0.5784,0.0221,0.0432,0.6239,0.0674,0.4605,0.0208,0.0411,0.5479,0.0739,0.5226
2014-10-02T02:41:59.293Z,0.0255,0.0424,0.5676,0.0761,0.5715,0.0161,0.0373,0.5939,0.0645,0.3964,0.0236,0.0436,0.5509,0.0776,0.5491
2014-10-02T02:42:59.625Z,0.0328,0.0478,0.5894,0.0819,0.6409,0.0159,0.0397,0.6087,0.0659,0.3863,0.0238,0.0434,0.5566,0.0778,0.5497
2014-10-02T02:43:59.862Z,0.0256,0.0426,0.5754,0.0744,0.5554,0.019,0.0426,0.6169,0.069,0.4103,0.0264,0.0454,0.5679,0.0774,0.5633
2014-10-02T02:44:59.158Z,0.0297,0.0471,0.5914,0.078,0.5911,0.0191,0.0417,0.6146,0.0671,0.4309,0.024,0.0434,0.5634,0.076,0.5443
2014-10-02T02:45:59.513Z,0.0268,0.0448,0.5881,0.0765,0.5639,0.0168,0.041,0.6129,0.0658,0.3697,0.0226,0.0426,0.56,0.0768,0.5213
2014-10-02T02:46:59.945Z,0.0276,0.0441,0.5632,0.0765,0.61,0.0188,0.0406,0.6088,0.0659,0.4426,0.0232,0.0426,0.5588,0.0756,0.5535
2014-10-02T02:47:59.402Z,0.0252,0.0418,0.5636,0.0736,0.5648,0.02,0.0427,0.6306,0.0685,0.4024,0.0248,0.0445,0.5794,0.0755,0.5503
2014-10-02T02:48:59.755Z,0.0247,0.0416,0.5684,0.0738,0.5469,0.02,0.0416,0.6219,0.0653,0.4138,0.0259,0.045,0.5681,0.0778,0.5628
2014-10-02T02:49:59.077Z,0.0221,0.0386,0.5541,0.0714,0.5472,0.0166,0.0362,0.6079,0.0607,0.3941,0.0234,0.0434,0.5521,0.0776,0.5345
2014-10-02T02:50:59.383Z,0.0281,0.0447,0.5775,0.0767,0.59,0.0208,0.0428,0.6206,0.0694,0.4372,0.0222,0.0425,0.5581,0.0761,0.5342
2014-10-02T02:51:59.684Z,0.0209,0.0397,0.5606,0.0719,0.5097,0.0178,0.0416,0.6222,0.065,0.3725,0.0234,0.0438,0.5575,0.0759,0.5284
2014-10-02T02:52:59.959Z,0.0234,0.0413,0.5569,0.0738,0.5647,0.0159,0.0384,0.6016,0.0647,0.3734,0.0231,0.0425,0.5394,0.0756,0.5513
2014-10-02T02:53:59.310Z,0.0293,0.0468,0.5852,0.0785,0.6013,0.0223,0.0443,0.6272,0.0697,0.4582,0.0245,0.0443,0.5632,0.079,0.5513
2014-10-02T02:54:59.607Z,0.0297,0.0453,0.5736,0.0783,0.6089,0.0222,0.0447,0.6397,0.0689,0.4394,0.0269,0.0453,0.5706,0.0789,0.5714
2014-10-02T02:55:59.973Z,0.0258,0.0428,0.5725,0.0744,0.5581,0.0192,0.0428,0.6117,0.0675,0.4242,0.0247,0.0431,0.5636,0.0761,0.5586
2014-10-02T02:56:59.352Z,0.023,0.041,0.563,0.072,0.523,0.0147,0.0383,0.6013,0.0617,0.3613,0.025,0.044,0.5613,0.079,0.5587
2014-10-02T02:57:59.656Z,0.0253,0.0433,0.57,0.0756,0.5356,0.0158,0.0397,0.6097,0.0633,0.36,0.0231,0.0425,0.5478,0.0744,0.5303
2014-10-02T02:58:59.078Z,0.0248,0.0426,0.5629,0.0745,0.5426,0.0152,0.0374,0.6126,0.0616,0.3377,0.0194,0.039,0.5281,0.0735,0.5052
2014-10-02T02:59:59.364Z,0.0253,0.0417,0.5614,0.0728,0.5406,0.0153,0.0369,0.5972,0.0628,0.37,0.0231,0.0431,0.5572,0.0747,0.5481
2014-10-02T03:00:59.831Z,0.0239,0.0425,0.5661,0.0736,0.5114,0.0169,0.0375,0.5967,0.0631,0.3956,0.0239,0.0431,0.5564,0.0758,0.5194
2014-10-02T03:01:59.111Z,0.025,0.0419,0.5628,0.0744,0.5467,0.0156,0.0361,0.5986,0.0606,0.3933,0.0242,0.0453,0.5708,0.0772,0.5542
2014-10-02T03:02:59.496Z,0.025,0.0413,0.562,0.0717,0.5457,0.0117,0.034,0.6023,0.0583,0.2947,0.0223,0.0417,0.5377,0.0747,0.542
2014-10-02T03:03:59.902Z,0.0268,0.0437,0.5663,0.0763,0.5768,0.0202,0.0422,0.6185,0.0654,0.4227,0.0232,0.0441,0.5598,0.0785,0.5105
2014-10-02T03:04:59.243Z,0.0276,0.0439,0.5653,0.0768,0.5955,0.0208,0.0432,0.6205,0.0684,0.4487,0.0261,0.0453,0.5732,0.0792,0.5676
2014-10-02T03:05:59.534Z,0.0281,0.0435,0.5765,0.0765,0.5926,0.019,0.0406,0.6065,0.0668,0.4261,0.0239,0.0435,0.5597,0.0765,0.55
2014-10-02T03:06:59.823Z,0.0267,0.0424,0.5657,0.0762,0.5855,0.0195,0.0412,0.6126,0.0671,0.4231,0.0243,0.0429,0.5626,0.0752,0.545
2014-10-02T03:07:59.021Z,0.0278,0.0453,0.5803,0.0769,0.5839,0.0192,0.0403,0.6158,0.0656,0.4475,0.0228,0.0428,0.5542,0.0758,0.5361
2014-10-02T03:08:59.463Z,0.0292,0.0459,0.5851,0.0781,0.6005,0.0197,0.0395,0.6111,0.0646,0.4273,0.0232,0.043,0.5538,0.0768,0.5338
2014-10-02T03:09:59.748Z,0.0293,0.0462,0.5818,0.0787,0.6058,0.0222,0.0464,0.6329,0.0716,0.4593,0.0224,0.0427,0.5531,0.0767,0.5247
2014-10-02T03:10:59.170Z,0.0274,0.0443,0.5789,0.0771,0.5923,0.018,0.0403,0.6183,0.0631,0.4111,0.0237,0.0429,0.5546,0.0769,0.5529
2014-10-02T03:11:59.474Z,0.0255,0.0412,0.5673,0.073,0.5624,0.02,0.0418,0.6148,0.0676,0.3967,0.0242,0.043,0.5476,0.077,0.5585
2014-10-02T03:12:59.770Z,0.0268,0.0435,0.5771,0.0752,0.5587,0.0187,0.0416,0.6174,0.0648,0.4074,0.0216,0.0416,0.5371,0.0752,0.5168
2014-10-02T03:13:59.162Z,0.0295,0.0446,0.5769,0.0782,0.6179,0.0213,0.0423,0.6128,0.0679,0.4554,0.0236,0.0426,0.5582,0.0767,0.5359
2014-10-02T03:14:59.529Z,0.0255,0.0416,0.5574,0.0755,0.5879,0.0161,0.0387,0.5966,0.0647,0.3887,0.0253,0.0447,0.5674,0.0787,0.5605
2014-10-02T03:15:59.900Z,0.0263,0.0431,0.5719,0.075,0.5594,0.0163,0.0378,0.6056,0.0631,0.3791,0.0222,0.0416,0.5416,0.0756,0.5316
2014-10-02T03:16:59.698Z,0.0246,0.0425,0.5704,0.075,0.5464,0.0121,0.0354,0.5921,0.0604,0.3268,0.0229,0.0425,0.5461,0.0775,0.5514
2014-10-02T03:17:59.140Z,0.0209,0.0381,0.5425,0.07,0.5369,0.0175,0.0388,0.5981,0.0628,0.4087,0.0278,0.0459,0.5684,0.0791,0.5675
2014-10-02T03:18:59.382Z,0.0235,0.0403,0.5597,0.0723,0.5484,0.0184,0.0406,0.6068,0.0668,0.4326,0.0255,0.0452,0.5629,0.079,0.5671
2014-10-02T03:19:59.645Z,0.0295,0.0457,0.5835,0.0768,0.5973,0.0184,0.0408,0.6138,0.0649,0.4095,0.0224,0.0419,0.5457,0.0762,0.5427
2014-10-02T03:20:59.951Z,0.0249,0.0419,0.5597,0.0741,0.5614,0.0176,0.04,0.617,0.0643,0.4108,0.0251,0.0443,0.5597,0.0792,0.5516
2014-10-02T03:21:59.314Z,0.0252,0.0423,0.5723,0.0735,0.5619,0.0181,0.0397,0.6052,0.0642,0.411,0.0242,0.0435,0.5568,0.0771,0.5519
2014-10-02T03:22:59.781Z,0.0241,0.0409,0.5676,0.0718,0.555,0.0162,0.0394,0.6015,0.0615,0.34,0.0241,0.0435,0.5594,0.0753,0.5362
2014-10-02T03:23:59.113Z,0.0238,0.0407,0.559,0.0738,0.5379,0.0169,0.04,0.6076,0.0645,0.4041,0.0228,0.0428,0.5479,0.0759,0.5266
2014-10-02T03:24:59.512Z,0.0265,0.0418,0.5721,0.0741,0.5621,0.0206,0.0415,0.6124,0.0662,0.4071,0.0232,0.0424,0.5562,0.0762,0.5282
2014-10-02T03:25:59.886Z,0.0254,0.0424,0.57,0.0741,0.5732,0.0186,0.0414,0.6203,0.0654,0.4138,0.0241,0.0427,0.5438,0.077,0.5641
2014-10-02T03:26:59.232Z,0.0239,0.04,0.5632,0.071,0.5406,0.019,0.0413,0.6139,0.0655,0.4206,0.0261,0.0452,0.5632,0.0781,0.5752
2014-10-02T03:27:59.584Z,0.026,0.0431,0.5683,0.0754,0.5757,0.0169,0.038,0.6106,0.0611,0.4166,0.0249,0.0437,0.5617,0.0777,0.5346
2014-10-02T03:28:59.935Z,0.0253,0.042,0.566,0.0753,0.5755,0.0193,0.04,0.605,0.065,0.4248,0.0233,0.044,0.558,0.077,0.5458
2014-10-02T03:29:59.339Z,0.0267,0.0433,0.5713,0.0757,0.6003,0.0123,0.036,0.5997,0.061,0.3333,0.024,0.0433,0.554,0.0783,0.552
2014-10-02T03:30:59.753Z,0.025,0.0412,0.5647,0.0729,0.57,0.0162,0.0382,0.5962,0.0647,0.3759,0.0241,0.0418,0.5494,0.075,0.5609
2014-10-02T03:31:59.147Z,0.0197,0.0376,0.5486,0.069,0.5186,0.0159,0.0379,0.6038,0.0628,0.3862,0.0238,0.0445,0.5538,0.0783,0.5372
2014-10-02T03:32:59.490Z,0.029,0.0443,0.572,0.0768,0.616,0.0228,0.0453,0.6342,0.0708,0.432,0.023,0.043,0.5568,0.0765,0.545
2014-10-02T03:33:59.946Z,0.0292,0.0428,0.5631,0.0769,0.6215,0.0187,0.0418,0.6162,0.0677,0.4215,0.0246,0.0415,0.5472,0.0759,0.5677
2014-10-02T03:34:59.241Z,0.0231,0.0417,0.5686,0.0729,0.528,0.0186,0.0414,0.6131,0.0646,0.3983,0.0246,0.0446,0.5626,0.0791,0.5391
2014-10-02T03:35:59.526Z,0.0263,0.0423,0.566,0.0753,0.579,0.0153,0.0393,0.6037,0.0637,0.3723,0.023,0.0423,0.553,0.0757,0.5467
2014-10-02T03:36:59.843Z,0.0255,0.0438,0.5803,0.0745,0.5538,0.0179,0.0407,0.6141,0.0655,0.3934,0.0214,0.0403,0.5417,0.0766,0.5086
2014-10-02T03:37:59.348Z,0.024,0.0417,0.5663,0.0729,0.5523,0.018,0.0417,0.6163,0.0677,0.3929,0.0214,0.0429,0.5543,0.0754,0.5209
2014-10-02T03:38:59.646Z,0.0294,0.0452,0.5788,0.0782,0.5958,0.0233,0.0455,0.6379,0.0694,0.4606,0.0242,0.0436,0.5624,0.0767,0.5455
2014-10-02T03:39:59.230Z,0.0271,0.0432,0.5753,0.0753,0.5774,0.0229,0.0442,0.625,0.0708,0.4634,0.0237,0.0429,0.5453,0.0768,0.5529
2014-10-02T03:40:59.622Z,0.0239,0.0403,0.5633,0.0724,0.5518,0.0142,0.0352,0.5958,0.06,0.3448,0.0224,0.0421,0.5445,0.0755,0.5312
2014-10-02T03:41:59.057Z,0.0294,0.0455,0.5823,0.0781,0.5874,0.0168,0.0384,0.6035,0.0652,0.3845,0.0216,0.0426,0.5477,0.0755,0.5194
2014-10-02T03:42:59.648Z,0.0292,0.045,0.5769,0.0772,0.5925,0.0169,0.0389,0.6047,0.0636,0.3908,0.0244,0.0436,0.5533,0.0781,0.5494
2014-10-02T03:44:59.231Z,0.0272,0.0443,0.5772,0.0763,0.5778,0.0196,0.0416,0.6137,0.0662,0.4096,0.024,0.0438,0.56,0.0774,0.5343
2014-10-02T03:45:59.525Z,0.0261,0.0436,0.5664,0.0756,0.5675,0.0214,0.0408,0.6186,0.0661,0.4589,0.0233,0.0433,0.5558,0.0769,0.5481
2014-10-02T03:46:59.819Z,0.0283,0.045,0.5775,0.0769,0.5992,0.0158,0.0381,0.5939,0.0639,0.3808,0.0217,0.0417,0.5475,0.0758,0.5253
2014-10-02T03:47:59.180Z,0.0284,0.043,0.5609,0.0761,0.6261,0.0184,0.0409,0.5948,0.0677,0.422,0.025,0.0441,0.5668,0.0775,0.5566
2014-10-02T03:48:59.637Z,0.0247,0.0428,0.5759,0.0731,0.5659,0.0184,0.0403,0.6072,0.0638,0.3963,0.0206,0.0409,0.5416,0.0747,0.5234
2014-10-02T03:49:59.893Z,0.0232,0.0408,0.5595,0.0719,0.5532,0.0205,0.0419,0.6108,0.0676,0.4676,0.0232,0.0435,0.5495,0.0768,0.5378
2014-10-02T03:50:59.215Z,0.025,0.0422,0.5656,0.0741,0.5691,0.0188,0.0397,0.6084,0.065,0.3891,0.0244,0.0428,0.5434,0.0772,0.5625
2014-10-02T03:51:59.394Z,0.0298,0.0459,0.5743,0.0782,0.6173,0.0198,0.0416,0.6098,0.0677,0.4409,0.025,0.0443,0.5627,0.0768,0.5516
2014-10-02T03:52:59.742Z,0.02,0.0378,0.5474,0.0696,0.5315,0.0144,0.0356,0.5941,0.06,0.3848,0.023,0.0422,0.5467,0.0763,0.5463
2014-10-02T03:53:59.137Z,0.0255,0.0421,0.5672,0.0748,0.5559,0.02,0.0421,0.6172,0.0669,0.4576,0.0248,0.0448,0.5745,0.0779,0.53
2014-10-02T03:54:59.569Z,0.0246,0.0415,0.5651,0.0741,0.5746,0.0208,0.0431,0.6285,0.0682,0.4474,0.0282,0.0477,0.5933,0.0797,0.5687
2014-10-02T03:55:59.986Z,0.0238,0.0429,0.5718,0.075,0.5424,0.0176,0.0415,0.6035,0.0659,0.4032,0.0221,0.0426,0.5606,0.0774,0.5147
2014-10-02T03:56:59.305Z,0.0278,0.0468,0.5838,0.0781,0.5576,0.0176,0.0405,0.6157,0.0662,0.3981,0.0259,0.0446,0.583,0.0768,0.5689
2014-10-02T03:57:59.642Z,0.0295,0.0465,0.5727,0.08,0.6176,0.0178,0.0416,0.6151,0.067,0.3878,0.0222,0.0441,0.5592,0.0773,0.5165
2014-10-02T03:58:59.892Z,0.0249,0.0411,0.5605,0.0741,0.5659,0.0211,0.0435,0.627,0.0692,0.4549,0.0262,0.0457,0.5757,0.0784,0.5724
2014-10-02T03:59:59.402Z,0.025,0.0419,0.5619,0.0742,0.5644,0.0214,0.0431,0.6194,0.0703,0.4642,0.0244,0.0439,0.5681,0.0775,0.5389
2014-10-02T04:00:59.704Z,0.0253,0.0431,0.5736,0.0756,0.5483,0.0194,0.0417,0.625,0.0656,0.3894,0.0228,0.0422,0.5586,0.0756,0.5444
2014-10-02T04:01:59.141Z,0.0261,0.0417,0.5642,0.0733,0.5597,0.0172,0.0394,0.6008,0.065,0.3892,0.0231,0.0439,0.5575,0.0783,0.535
2014-10-02T04:02:59.453Z,0.0207,0.0397,0.5537,0.0723,0.5207,0.0137,0.0343,0.594,0.0587,0.3533,0.0233,0.0427,0.5427,0.077,0.551
2014-10-02T04:03:59.821Z,0.0267,0.0431,0.5703,0.0751,0.5685,0.0226,0.0441,0.6169,0.0703,0.4738,0.0236,0.0428,0.5508,0.0772,0.5395
2014-10-02T04:04:59.032Z,0.0241,0.0417,0.5532,0.0749,0.5524,0.0202,0.0432,0.6102,0.0702,0.4149,0.0268,0.0468,0.5768,0.0778,0.5729
2014-10-02T04:05:59.399Z,0.0251,0.042,0.5634,0.0743,0.578,0.0151,0.0389,0.604,0.0634,0.3469,0.0246,0.0451,0.5683,0.078,0.5431
2014-10-02T04:06:59.750Z,0.0216,0.0403,0.5635,0.0706,0.5184,0.0171,0.0374,0.6042,0.0616,0.3323,0.0216,0.0416,0.5442,0.0755,0.5184
2014-10-02T04:07:59.093Z,0.0226,0.0385,0.5467,0.0707,0.5548,0.0163,0.0367,0.6059,0.06,0.3822,0.0226,0.0426,0.5419,0.0759,0.5222
2014-10-02T04:08:59.440Z,0.0242,0.0416,0.5632,0.0735,0.5348,0.0171,0.0374,0.6013,0.0626,0.3955,0.0223,0.0426,0.5526,0.0765,0.5306
2014-10-02T04:09:59.131Z,0.0256,0.0426,0.5672,0.0751,0.5597,0.021,0.0433,0.6205,0.0677,0.4464,0.0251,0.0446,0.5682,0.0779,0.5603
2014-10-02T04:10:59.214Z,0.0262,0.0422,0.5576,0.0743,0.5932,0.0197,0.0408,0.6143,0.0659,0.4,0.0227,0.0427,0.5495,0.0749,0.5451
2014-10-02T04:11:59.455Z,0.0262,0.043,0.5689,0.0749,0.5641,0.0192,0.0405,0.6114,0.0643,0.3927,0.0246,0.0441,0.5581,0.0768,0.5562
2014-10-02T04:12:59.705Z,0.0271,0.0444,0.5756,0.0762,0.5791,0.0174,0.0368,0.5932,0.0632,0.3829,0.0253,0.0453,0.5671,0.0765,0.5676
2014-10-02T04:13:59.993Z,0.0278,0.0438,0.5625,0.0768,0.6225,0.0178,0.0393,0.6093,0.0653,0.3843,0.025,0.0443,0.5595,0.0775,0.5515
2014-10-02T04:14:59.278Z,0.0237,0.04,0.5532,0.0724,0.5679,0.0182,0.0389,0.6013,0.065,0.4005,0.0229,0.0429,0.565,0.0763,0.5311
2014-10-02T04:15:59.588Z,0.024,0.042,0.5633,0.0727,0.555,0.0167,0.038,0.598,0.0637,0.398,0.0233,0.0427,0.551,0.074,0.5463
2014-10-02T04:16:59.919Z,0.0273,0.0436,0.5609,0.0769,0.5873,0.0193,0.0404,0.6029,0.0662,0.4002,0.0264,0.0464,0.5798,0.0802,0.5589
2014-10-02T04:17:59.489Z,0.0282,0.0458,0.5724,0.0784,0.5895,0.0218,0.0434,0.6237,0.0692,0.4466,0.0245,0.0447,0.5647,0.0787,0.5374
2014-10-02T04:18:59.804Z,0.0264,0.0448,0.5798,0.0764,0.5591,0.0189,0.0389,0.5984,0.0632,0.4264,0.0239,0.0436,0.5566,0.077,0.5395
2014-10-02T04:19:59.063Z,0.0268,0.0432,0.5671,0.0758,0.5803,0.0192,0.0418,0.6179,0.0684,0.4195,0.0258,0.0461,0.5766,0.0789,0.5532
2014-10-02T04:20:59.315Z,0.0249,0.0413,0.5579,0.0746,0.5792,0.0226,0.0436,0.621,0.0713,0.4844,0.0246,0.0441,0.5667,0.0774,0.5441
2014-10-02T04:21:59.616Z,0.0269,0.0438,0.5717,0.0769,0.5824,0.0166,0.0383,0.6024,0.0634,0.4021,0.021,0.0414,0.5338,0.0766,0.5234
2014-10-02T04:22:59.938Z,0.028,0.0458,0.5745,0.0778,0.5903,0.0183,0.0408,0.605,0.0673,0.4103,0.0258,0.045,0.5673,0.0788,0.5475
2014-10-02T04:23:59.278Z,0.0276,0.0451,0.5822,0.0768,0.5838,0.0219,0.0435,0.6246,0.0697,0.4592,0.0259,0.0446,0.5735,0.0776,0.5581
2014-10-02T04:24:59.518Z,0.0284,0.0434,0.5703,0.0755,0.5805,0.0192,0.0418,0.6182,0.0661,0.4368,0.0229,0.0445,0.5721,0.0771,0.4995
2014-10-02T04:25:59.883Z,0.0276,0.0449,0.5689,0.0776,0.5865,0.0186,0.0403,0.6022,0.0684,0.4162,0.0222,0.0419,0.5522,0.0762,0.5405
2014-10-02T04:26:59.173Z,0.0238,0.0405,0.555,0.0733,0.5675,0.0198,0.0405,0.6085,0.0658,0.4165,0.0258,0.0445,0.5693,0.078,0.5682
2014-10-02T04:27:59.510Z,0.0271,0.0429,0.5703,0.0753,0.5866,0.0189,0.04,0.6066,0.0671,0.4242,0.0226,0.0426,0.5524,0.0758,0.5258
2014-10-02T04:28:59.925Z,0.026,0.0437,0.56,0.0751,0.5666,0.0189,0.0386,0.6051,0.066,0.4417,0.0211,0.0423,0.5497,0.0777,0.4946
2014-10-02T04:29:59.231Z,0.0255,0.0415,0.5613,0.0743,0.5687,0.0193,0.0418,0.6113,0.0668,0.4178,0.023,0.043,0.5618,0.0753,0.5332
2014-10-02T04:30:59.609Z,0.0273,0.045,0.578,0.0757,0.5573,0.0187,0.0413,0.6123,0.066,0.4113,0.0213,0.0423,0.5447,0.0767,0.5157
2014-10-02T04:31:59.867Z,0.0269,0.045,0.5728,0.0775,0.5881,0.0172,0.04,0.615,0.0656,0.4042,0.025,0.045,0.5611,0.0781,0.5467
2014-10-02T04:32:59.324Z,0.0267,0.0433,0.561,0.0764,0.601,0.0187,0.0418,0.6113,0.0687,0.4077,0.0244,0.0444,0.5749,0.0777,0.5272
2014-10-02T04:33:59.610Z,0.0308,0.0459,0.5811,0.0789,0.6135,0.0189,0.0438,0.6251,0.0668,0.4227,0.0259,0.0443,0.5592,0.0778,0.5514
2014-10-02T04:34:59.855Z,0.019,0.037,0.5483,0.0687,0.501,0.0143,0.0357,0.6013,0.0587,0.351,0.0247,0.044,0.5563,0.077,0.5457
2014-10-02T04:35:59.161Z,0.025,0.0427,0.5717,0.0747,0.565,0.018,0.0397,0.625,0.0633,0.4,0.0253,0.045,0.5703,0.077,0.534
2014-10-02T04:36:59.897Z,0.0233,0.0397,0.5585,0.0721,0.5442,0.0188,0.0382,0.6061,0.0633,0.4348,0.0264,0.0452,0.5703,0.0791,0.5448
2014-10-02T04:37:59.160Z,0.0256,0.0419,0.5641,0.0726,0.5678,0.0156,0.0363,0.5881,0.0626,0.3656,0.0222,0.0422,0.5489,0.0767,0.5193
2014-10-02T04:38:59.419Z,0.0276,0.0432,0.5645,0.0774,0.6032,0.0224,0.0424,0.6142,0.0703,0.4842,0.0245,0.0445,0.5645,0.0771,0.5455
2014-10-02T04:39:59.704Z,0.0294,0.0456,0.5866,0.0763,0.6059,0.0206,0.0419,0.6137,0.0681,0.4347,0.0222,0.0422,0.5506,0.0772,0.5209
2014-10-02T04:40:59.062Z,0.0252,0.0418,0.5645,0.0764,0.5694,0.0173,0.0397,0.6152,0.0642,0.3797,0.0221,0.043,0.5652,0.0752,0.5267
2014-10-02T04:41:59.415Z,0.0225,0.04,0.5647,0.0722,0.5269,0.0166,0.0391,0.6184,0.0619,0.3719,0.0234,0.0431,0.5672,0.0769,0.5322
2014-10-02T04:42:59.784Z,0.0253,0.0435,0.5712,0.0759,0.5641,0.0174,0.0382,0.6179,0.0626,0.4038,0.0229,0.0432,0.5721,0.0747,0.5224
2014-10-02T04:43:59.037Z,0.024,0.0413,0.559,0.0747,0.556,0.0217,0.0437,0.6157,0.07,0.4617,0.0233,0.0437,0.564,0.079,0.5387
2014-10-02T04:44:59.600Z,0.0278,0.0439,0.5725,0.0767,0.5928,0.0183,0.0406,0.6042,0.0661,0.3856,0.0256,0.0456,0.5719,0.0781,0.5492
2014-10-02T04:45:59.825Z,0.028,0.0432,0.558,0.0763,0.6185,0.0224,0.0439,0.6066,0.0707,0.4637,0.0254,0.0451,0.5651,0.0793,0.5624
2014-10-02T04:46:59.245Z,0.0236,0.0407,0.5625,0.0725,0.5418,0.0186,0.0396,0.6064,0.0657,0.4318,0.0243,0.0439,0.5621,0.0746,0.5618
2014-10-02T04:47:59.815Z,0.0252,0.0419,0.5648,0.0745,0.5865,0.0161,0.0381,0.6023,0.0626,0.3606,0.0242,0.0442,0.5565,0.0765,0.5558
2014-10-02T04:48:59.149Z,0.0275,0.0444,0.5711,0.0767,0.595,0.0167,0.0389,0.6067,0.0639,0.355,0.0247,0.0453,0.5497,0.0775,0.5367
2014-10-02T04:49:59.507Z,0.0244,0.0419,0.5631,0.0728,0.5644,0.0156,0.0388,0.605,0.0619,0.3734,0.0225,0.0422,0.5394,0.0756,0.5347
2014-10-02T04:50:59.949Z,0.0243,0.0429,0.5743,0.0746,0.5457,0.0143,0.0346,0.5843,0.0614,0.3589,0.0214,0.0411,0.5379,0.0743,0.5329
2014-10-02T04:51:59.211Z,0.0268,0.0441,0.5682,0.0768,0.5782,0.0206,0.0429,0.6212,0.0694,0.4332,0.0244,0.0438,0.5562,0.0776,0.555
2014-10-02T04:52:59.748Z,0.0275,0.0441,0.5681,0.0753,0.5906,0.0184,0.0419,0.6197,0.0669,0.3897,0.0234,0.0428,0.5503,0.0769,0.5453
2014-10-02T04:53:59.079Z,0.0294,0.045,0.5662,0.0779,0.6406,0.0259,0.045,0.6341,0.0726,0.4912,0.0285,0.0482,0.5771,0.0803,0.5779
2014-10-02T04:54:59.452Z,0.023,0.0396,0.5567,0.0707,0.5352,0.0167,0.0381,0.6122,0.0622,0.3248,0.0207,0.0411,0.537,0.0756,0.4948
2014-10-02T04:55:59.037Z,0.0255,0.0427,0.56,0.0752,0.5876,0.0206,0.0427,0.6182,0.0676,0.4324,0.0212,0.0424,0.5355,0.0764,0.5142
2014-10-02T04:56:59.351Z,0.0258,0.0431,0.5561,0.0753,0.5817,0.0172,0.0397,0.5964,0.0661,0.4083,0.0258,0.0461,0.5756,0.0789,0.525
2014-10-02T04:57:59.787Z,0.0277,0.0439,0.5677,0.0758,0.5881,0.0184,0.0406,0.6129,0.0668,0.4277,0.0248,0.0442,0.5639,0.0777,0.5455
2014-10-02T04:58:59.100Z,0.0245,0.0412,0.5648,0.0727,0.5564,0.0185,0.0394,0.6097,0.0636,0.3724,0.0224,0.0424,0.5503,0.0761,0.5367
2014-10-02T04:59:59.546Z,0.0266,0.0437,0.5666,0.0754,0.5843,0.0197,0.0397,0.6066,0.0649,0.4451,0.0243,0.044,0.5557,0.0766,0.5543
