2014-09-22T00:00:59.675Z,0.0241,0.0396,0.5404,0.073,0.5811,0.0178,0.0374,0.5859,0.0641,0.4385,0.0211,0.0393,0.5222,0.0748,0.5437
2014-09-22T00:01:59.050Z,0.0308,0.0464,0.5731,0.0794,0.6481,0.0225,0.0414,0.6053,0.0689,0.5022,0.0236,0.0417,0.5317,0.0778,0.5719
2014-09-22T00:02:59.384Z,0.0263,0.0415,0.5449,0.0756,0.6051,0.0237,0.0437,0.6093,0.07,0.4776,0.0229,0.0417,0.5317,0.0763,0.5695
2014-09-22T00:03:59.786Z,0.0324,0.0471,0.576,0.0793,0.6576,0.0198,0.04,0.6038,0.0667,0.4269,0.0207,0.0421,0.529,0.076,0.5212
2014-09-22T00:04:59.224Z,0.0316,0.0474,0.5777,0.0797,0.6345,0.0194,0.0384,0.5906,0.0661,0.4332,0.0235,0.0416,0.5242,0.0781,0.5513
2014-09-22T00:05:59.558Z,0.0296,0.044,0.5558,0.0769,0.6551,0.0222,0.0411,0.5909,0.0698,0.4856,0.0247,0.0431,0.5436,0.0767,0.5831
2014-09-22T00:06:59.841Z,0.0272,0.0422,0.5478,0.0756,0.6169,0.0167,0.0367,0.5842,0.0636,0.4289,0.0256,0.0439,0.5442,0.0783,0.5917
2014-09-22T00:07:59.083Z,0.0246,0.0429,0.5596,0.0739,0.5539,0.0157,0.0371,0.5804,0.0625,0.3568,0.0229,0.04,0.5186,0.0757,0.5436
2014-09-22T00:08:59.364Z,0.0269,0.0425,0.5542,0.0753,0.5867,0.0233,0.0439,0.6111,0.0706,0.4644,0.0231,0.0411,0.5203,0.0772,0.5697
2014-09-22T00:09:59.682Z,0.0265,0.0424,0.5574,0.0747,0.5953,0.0209,0.0415,0.6026,0.0671,0.4462,0.0232,0.0429,0.5315,0.0779,0.5379
2014-09-22T00:10:59.031Z,0.0261,0.0417,0.5489,0.0744,0.6111,0.0206,0.0403,0.5906,0.0689,0.4564,0.0247,0.0422,0.5328,0.0783,0.5539
2014-09-22T00:11:59.344Z,0.0274,0.0445,0.5634,0.0768,0.6108,0.0221,0.0416,0.6011,0.0679,0.4724,0.0242,0.0426,0.5339,0.0774,0.5605
2014-09-22T00:12:59.681Z,0.0273,0.0441,0.5578,0.0765,0.6059,0.0173,0.037,0.5827,0.0638,0.4324,0.0238,0.0422,0.5373,0.0765,0.5749
2014-09-22T00:13:59.972Z,0.0251,0.0414,0.5454,0.0738,0.5816,0.0189,0.0378,0.5911,0.0632,0.4157,0.023,0.0419,0.53,0.0759,0.547
2014-09-22T00:14:59.225Z,0.0256,0.0412,0.5495,0.0749,0.592,0.0234,0.0434,0.6056,0.0693,0.469,0.0261,0.0449,0.5515,0.08,0.5732
2014-09-22T00:15:59.460Z,0.0274,0.0426,0.5516,0.0763,0.6239,0.0195,0.0397,0.5982,0.0666,0.44,0.0229,0.0418,0.5292,0.0766,0.5529
2014-09-22T00:16:59.773Z,0.0244,0.0411,0.5536,0.0731,0.5761,0.0186,0.0403,0.5972,0.0675,0.4,0.025,0.0419,0.5325,0.0778,0.5681
2014-09-22T00:17:59.020Z,0.0271,0.044,0.5577,0.078,0.6229,0.0203,0.0403,0.5943,0.0674,0.4637,0.0254,0.044,0.5469,0.0797,0.5866
2014-09-22T00:18:59.359Z,0.0279,0.0452,0.5703,0.0767,0.5806,0.0206,0.0397,0.6039,0.067,0.4642,0.023,0.0424,0.5324,0.0779,0.5458
2014-09-22T00:19:59.655Z,0.0268,0.0418,0.5514,0.0746,0.6032,0.0193,0.0396,0.6057,0.0657,0.4254,0.0229,0.0414,0.5282,0.0761,0.5507
2014-09-22T00:20:59.864Z,0.0285,0.0449,0.5666,0.0776,0.6056,0.0205,0.041,0.598,0.0685,0.4488,0.0251,0.0429,0.5383,0.0805,0.5812
2014-09-22T00:21:59.152Z,0.02,0.0366,0.5366,0.0686,0.5372,0.0172,0.0355,0.5734,0.0614,0.4066,0.0224,0.04,0.5155,0.0769,0.5624
2014-09-22T00:22:59.692Z,0.0235,0.04,0.5476,0.0715,0.5703,0.0176,0.0374,0.5894,0.0626,0.4391,0.0232,0.0415,0.54,0.0765,0.5597
2014-09-22T00:24:59.331Z,0.023,0.0394,0.542,0.072,0.5724,0.0159,0.0353,0.5841,0.0609,0.3838,0.0238,0.0418,0.5318,0.0768,0.5691
2014-09-22T00:25:59.617Z,0.0246,0.0419,0.5551,0.0743,0.5735,0.0189,0.0378,0.5873,0.0654,0.4427,0.0259,0.0435,0.5427,0.0789,0.577
2014-09-22T00:26:59.842Z,0.0303,0.0476,0.5781,0.0792,0.6111,0.0176,0.0392,0.5951,0.0657,0.413,0.0216,0.04,0.5162,0.0759,0.5249
2014-09-22T00:27:59.213Z,0.0244,0.0403,0.5503,0.0722,0.5684,0.0219,0.0413,0.5972,0.0669,0.4616,0.0216,0.0406,0.5213,0.0766,0.5341
2014-09-22T00:28:59.682Z,0.0271,0.0426,0.5577,0.0745,0.6032,0.0148,0.0352,0.5829,0.061,0.3858,0.0242,0.0429,0.5445,0.0784,0.559
2014-09-22T00:29:59.988Z,0.0236,0.0411,0.5518,0.0736,0.5621,0.0143,0.0357,0.5779,0.0614,0.3539,0.0207,0.04,0.5214,0.0761,0.5275
2014-09-22T00:30:59.193Z,0.0265,0.0421,0.5541,0.0741,0.6009,0.0191,0.0388,0.5921,0.0665,0.4459,0.0226,0.0421,0.5347,0.0759,0.5656
2014-09-22T00:31:59.394Z,0.027,0.0425,0.5461,0.0755,0.6389,0.0211,0.0407,0.5948,0.0689,0.4859,0.0241,0.043,0.5359,0.0777,0.5677
2014-09-22T00:32:59.641Z,0.0249,0.0417,0.5506,0.0734,0.5829,0.0223,0.0409,0.5989,0.068,0.4594,0.0246,0.0417,0.5257,0.0771,0.5549
2014-09-22T00:33:59.048Z,0.03,0.0463,0.572,0.0791,0.6117,0.0223,0.0426,0.6086,0.0686,0.4689,0.0231,0.0417,0.5283,0.0763,0.574
2014-09-22T00:34:59.362Z,0.0268,0.0424,0.5635,0.0753,0.62,0.0153,0.0359,0.5794,0.0626,0.3962,0.0241,0.0424,0.5315,0.0768,0.5697
2014-09-22T00:35:59.677Z,0.027,0.0417,0.5468,0.0762,0.6221,0.0223,0.043,0.6098,0.0702,0.4585,0.0247,0.043,0.5432,0.0783,0.5613
2014-09-22T00:36:59.995Z,0.024,0.04,0.5474,0.0723,0.5854,0.0226,0.042,0.5983,0.0709,0.464,0.024,0.0417,0.5397,0.0751,0.5769
2014-09-22T00:37:59.250Z,0.0266,0.0419,0.5562,0.0753,0.5963,0.0169,0.0372,0.5934,0.0641,0.4181,0.0228,0.0419,0.5322,0.0766,0.5703
2014-09-22T00:38:59.637Z,0.0289,0.0439,0.5666,0.0753,0.6221,0.0189,0.0376,0.5855,0.0634,0.4271,0.0229,0.04,0.5247,0.0763,0.5521
2014-09-22T00:40:59.362Z,0.0279,0.0427,0.5553,0.0762,0.6244,0.0208,0.0415,0.6068,0.0677,0.4489,0.0247,0.0425,0.5444,0.0777,0.5873
2014-09-22T00:41:59.658Z,0.0271,0.0423,0.56,0.0742,0.6045,0.0213,0.0406,0.5952,0.0677,0.4481,0.0219,0.0413,0.53,0.0765,0.5471
2014-09-22T00:42:59.887Z,0.0258,0.0408,0.5461,0.0736,0.6092,0.0208,0.0389,0.5956,0.0669,0.455,0.0244,0.0433,0.5389,0.0772,0.5628
2014-09-22T00:43:59.107Z,0.0251,0.042,0.5523,0.074,0.5797,0.0177,0.038,0.5909,0.0654,0.4151,0.0229,0.042,0.5331,0.0763,0.5697
2014-09-22T00:44:59.401Z,0.028,0.0433,0.5573,0.0765,0.6148,0.019,0.04,0.5975,0.0663,0.4382,0.0243,0.0425,0.5377,0.0765,0.5738
2014-09-22T00:45:59.711Z,0.0259,0.0409,0.5538,0.0735,0.5876,0.0224,0.0429,0.615,0.0682,0.4638,0.0218,0.0394,0.5156,0.0756,0.5421
2014-09-22T00:46:59.981Z,0.0261,0.0419,0.5569,0.0742,0.5917,0.0194,0.0389,0.5914,0.0661,0.4069,0.0222,0.0414,0.5281,0.0772,0.5519
2014-09-22T00:47:59.250Z,0.0269,0.0431,0.5628,0.075,0.585,0.0194,0.0381,0.5958,0.0644,0.4275,0.0242,0.0422,0.5406,0.0767,0.58
2014-09-22T00:48:59.603Z,0.0253,0.0413,0.5575,0.0728,0.5844,0.0194,0.0384,0.5991,0.0647,0.4219,0.0213,0.0394,0.5244,0.0759,0.5453
2014-09-22T00:49:59.939Z,0.0267,0.0413,0.5476,0.0762,0.618,0.0196,0.0382,0.596,0.0636,0.4669,0.0224,0.0411,0.5342,0.076,0.5344
2014-09-22T00:50:59.216Z,0.0236,0.0403,0.5418,0.0724,0.5712,0.0164,0.0348,0.5952,0.0609,0.4167,0.0242,0.0427,0.5273,0.0791,0.5679
2014-09-22T00:51:59.461Z,0.0279,0.0441,0.5694,0.0765,0.6018,0.0176,0.0374,0.6071,0.0635,0.4156,0.0229,0.0409,0.5271,0.0756,0.5629
2014-09-22T00:52:59.795Z,0.0278,0.043,0.5573,0.0781,0.6295,0.0203,0.04,0.5984,0.0678,0.4654,0.0227,0.0422,0.5373,0.0773,0.5465
2014-09-22T00:53:59.030Z,0.0252,0.0419,0.5577,0.0726,0.5784,0.0194,0.0387,0.5932,0.0652,0.4116,0.0223,0.041,0.5319,0.0748,0.5316
2014-09-22T00:54:59.282Z,0.0286,0.0444,0.5644,0.0775,0.5997,0.0206,0.0389,0.5944,0.065,0.4614,0.0233,0.0419,0.5331,0.0772,0.5603
2014-09-22T00:55:59.529Z,0.0233,0.0389,0.5511,0.0719,0.547,0.0152,0.0359,0.5919,0.0622,0.38,0.0226,0.0415,0.5296,0.0778,0.5563
2014-09-22T00:56:59.823Z,0.03,0.0447,0.5721,0.0774,0.6332,0.0184,0.0387,0.6016,0.0642,0.4176,0.0221,0.0405,0.5289,0.0753,0.5432
2014-09-22T00:57:59.963Z,0.0258,0.0416,0.545,0.075,0.6008,0.0205,0.0397,0.5911,0.0661,0.4687,0.025,0.0424,0.5384,0.0774,0.585
2014-09-22T00:58:59.154Z,0.0302,0.0462,0.5731,0.0779,0.6071,0.0217,0.0402,0.5938,0.0669,0.4871,0.0236,0.0417,0.5267,0.0769,0.5736
2014-09-22T00:59:59.451Z,0.0271,0.0432,0.5546,0.0759,0.6105,0.0227,0.0429,0.6112,0.0698,0.4812,0.0261,0.0441,0.552,0.0773,0.5873
