2014-12-15T00:00:59.166Z,1163.6125,1587.803,232.4121,6.8319,0.7326,1232.7669,1673.6817,231.3325,7.2355,0.7369,1687.1867,2198.1056,231.2089,9.5067,0.7688
2014-12-15T00:01:59.856Z,1170.4174,1606.6173,233.1041,6.892,0.728,1228.0155,1672.1735,231.2336,7.2314,0.7342,1701.0658,2209.4225,231.4075,9.5474,0.7696
2014-12-15T00:02:59.295Z,1168.8493,1596.5851,232.6226,6.8634,0.7324,1225.3356,1660.2215,230.3152,7.2084,0.7378,1696.7745,2195.1857,230.5255,9.5231,0.7716
2014-12-15T00:03:59.625Z,1172.7277,1588.905,231.3076,6.8693,0.738,1241.2901,1654.9264,229.3166,7.2171,0.7499,1714.9774,2204.5039,230.158,9.5781,0.7783
2014-12-15T00:04:59.986Z,1165.8491,1587.7256,230.8977,6.876,0.7338,1226.9836,1630.5597,228.9126,7.1229,0.7523,1723.7757,2203.5196,229.8182,9.5882,0.7808
2014-12-15T00:06:59.786Z,1182.2881,1608.8461,231.8538,6.9388,0.7354,1230.6037,1652.0449,229.927,7.1853,0.7449,1721.7625,2207.1809,230.1186,9.591,0.7799
2014-12-15T00:07:59.868Z,1201.6583,1618.3944,232.6712,6.9564,0.742,1252.1843,1696.1918,230.9401,7.3448,0.7381,1702.5582,2198.6601,230.2413,9.5492,0.7749
2014-12-15T00:08:59.312Z,1187.8768,1605.4244,232.481,6.9055,0.74,1244.3468,1685.6849,230.9349,7.2994,0.738,1697.7726,2197.3667,230.5066,9.5323,0.7728
2014-12-15T00:09:59.853Z,1202.3996,1617.2304,232.4193,6.958,0.7431,1261.6701,1695.1463,230.5713,7.3522,0.7443,1715.9335,2209.7998,230.0647,9.6051,0.7774
2014-12-15T00:10:59.153Z,1191.688,1616.2784,232.2802,6.9586,0.7375,1233.7824,1663.7451,230.039,7.2327,0.7415,1717.7342,2205.1727,230.5016,9.567,0.7789
2014-12-15T00:11:59.829Z,1195.9248,1621.4195,231.4542,7.0053,0.7378,1256.8451,1667.543,230.1615,7.2448,0.7536,1753.5473,2242.794,230.6608,9.7237,0.7807
2014-12-15T00:12:59.204Z,1187.3234,1615.4103,231.5193,6.9778,0.7348,1235.441,1647.8749,229.7967,7.1709,0.7495,1740.1067,2222.1607,230.4376,9.6432,0.7813
2014-12-15T00:13:59.077Z,1212.4104,1630.3402,231.5462,7.0408,0.7434,1260.6328,1671.9754,229.4779,7.2858,0.7539,1753.8092,2230.923,229.9862,9.6997,0.7856
2014-12-15T00:14:59.508Z,1209.1887,1619.9216,232.16,6.9779,0.7463,1247.0877,1676.7932,230.023,7.2899,0.7441,1717.378,2193.9502,229.3436,9.5657,0.7824
2014-12-15T00:15:59.198Z,1231.5717,1664.2291,232.6302,7.1537,0.7408,1238.8363,1648.6702,227.837,7.236,0.7513,1774.7453,2228.3445,229.7748,9.6981,0.7967
2014-12-15T00:16:59.064Z,1199.2846,1635.4725,232.4857,7.0351,0.7337,1237.4096,1655.7811,229.436,7.2162,0.7476,1750.4206,2233.0978,231.042,9.6656,0.7837
2014-12-15T00:17:59.456Z,1226.1177,1637.5949,232.0742,7.0566,0.7491,1284.2338,1715.1833,231.0223,7.4242,0.7489,1744.262,2239.0403,230.7591,9.703,0.7794
2014-12-15T00:18:59.699Z,1205.1629,1608.4261,231.5131,6.9471,0.7491,1279.2273,1712.7768,231.4904,7.399,0.7474,1714.0924,2217.5437,230.5209,9.6197,0.7711
2014-12-15T00:19:59.305Z,1229.8055,1625.8572,231.2273,7.0308,0.7569,1306.8716,1738.3339,231.6969,7.5029,0.7512,1731.2646,2233.739,230.3643,9.6967,0.7746
2014-12-15T00:20:59.426Z,1216.3819,1616.7141,231.4863,6.984,0.7527,1281.8749,1720.923,231.757,7.4256,0.7446,1711.5646,2214.2579,230.504,9.6061,0.7716
2014-12-15T00:21:59.051Z,1224.8909,1626.9612,231.5824,7.0254,0.7526,1313.5791,1746.3925,232.3191,7.5172,0.7524,1740.5176,2252.6426,230.864,9.7569,0.771
2014-12-15T00:22:59.387Z,1213.2281,1622.9248,231.4869,7.0112,0.748,1280.0834,1709.9081,231.6931,7.38,0.7491,1731.4352,2228.5324,230.3677,9.6737,0.7783
2014-12-15T00:23:59.838Z,1253.0163,1655.6234,232.36,7.1252,0.7568,1295.1093,1732.7087,230.9682,7.5014,0.7481,1743.1148,2227.6827,229.88,9.69,0.7836
2014-12-15T00:24:59.681Z,1245.3303,1634.3204,232.1881,7.0386,0.7617,1285.9478,1727.9022,230.4979,7.4957,0.744,1710.4506,2186.4844,228.6776,9.5619,0.7832
2014-12-15T00:25:59.047Z,1263.1394,1640.9416,231.5665,7.0863,0.77,1316.4066,1750.5316,230.5833,7.591,0.7517,1729.6825,2206.0403,228.4725,9.6555,0.7834
2014-12-15T00:26:59.007Z,1229.1498,1617.7902,232.136,6.9688,0.7601,1317.8829,1768.3701,232.7687,7.5976,0.7453,1706.3872,2222.1472,230.1258,9.6558,0.7673
2014-12-15T00:27:59.709Z,1247.8051,1633.7902,232.0184,7.0415,0.7642,1336.4344,1785.254,232.9642,7.6632,0.7489,1722.3375,2236.8815,230.252,9.7146,0.7698
2014-12-15T00:28:59.120Z,1249.7058,1646.1345,232.4948,7.0801,0.7594,1303.2268,1758.4242,232.288,7.5693,0.7416,1715.5624,2216.2152,230.2706,9.6244,0.7741
2014-12-15T00:29:59.050Z,1260.3383,1653.4633,232.1339,7.1229,0.7622,1324.339,1772.6594,232.3246,7.6298,0.7474,1732.3261,2231.7988,230.2627,9.6921,0.7766
2014-12-15T00:30:59.622Z,1241.5031,1639.1528,231.834,7.0703,0.7567,1310.7096,1749.3134,231.7126,7.5493,0.7492,1733.7442,2236.463,230.4512,9.7053,0.7751
2014-12-15T00:31:59.358Z,1249.7958,1645.2769,231.5806,7.1042,0.7588,1322.6853,1757.3489,231.7821,7.5817,0.7525,1746.9979,2248.7711,230.3296,9.7628,0.7766
2014-12-15T00:32:59.142Z,1252.9089,1646.1876,231.2452,7.1189,0.7603,1308.1556,1737.759,230.9118,7.5256,0.7525,1744.3696,2230.0964,229.6222,9.7118,0.782
2014-12-15T00:33:59.937Z,1250.1049,1645.7598,231.4977,7.1096,0.7595,1323.3887,1752.8404,231.2865,7.5784,0.7544,1755.1824,2252.4111,230.439,9.7744,0.7804
2014-12-15T00:34:59.145Z,1234.31,1635.2338,230.6706,7.0888,0.7552,1327.1145,1735.663,230.5519,7.528,0.7645,1777.2139,2277.0302,230.9535,9.8596,0.7797
2014-12-15T00:35:59.696Z,1241.09,1636.1068,230.7036,7.0917,0.7587,1329.8541,1739.9273,230.5678,7.5464,0.7636,1769.9213,2266.6367,230.5001,9.8332,0.7801
2014-12-15T00:36:59.100Z,1254.9055,1640.246,231.9255,7.0722,0.7651,1349.446,1789.2,231.9174,7.7145,0.7536,1741.4382,2253.7607,230.6976,9.7693,0.7725
2014-12-15T00:37:59.978Z,1240.503,1618.6438,231.0444,7.0062,0.7664,1356.6785,1783.3833,231.7809,7.6935,0.7611,1742.2541,2256.1716,230.3014,9.7967,0.773
2014-12-15T00:38:59.585Z,1254.809,1635.9219,230.5372,7.0961,0.7674,1348.0381,1760.7366,230.4788,7.6392,0.7654,1765.9578,2259.1512,229.7003,9.8353,0.7807
2014-12-15T00:39:59.922Z,1258.2807,1639.1849,230.9231,7.0983,0.767,1337.5104,1757.4227,230.4364,7.6268,0.7607,1754.5666,2242.2739,229.549,9.7677,0.7826
2014-12-15T00:40:59.719Z,1282.9556,1672.6638,231.2158,7.2344,0.7667,1330.0987,1751.4327,230.1502,7.6104,0.7589,1774.5081,2248.6066,229.4902,9.7987,0.7894
2014-12-15T00:41:59.094Z,1270.2003,1661.6644,231.2702,7.1847,0.7647,1322.0287,1747.2383,230.3489,7.5854,0.757,1760.2262,2239.824,229.7424,9.7489,0.7867
2014-12-15T00:42:59.437Z,1286.0234,1675.466,231.2366,7.246,0.7678,1335.3807,1759.6002,230.2532,7.6416,0.7594,1774.0422,2249.916,229.6516,9.7966,0.7899
2014-12-15T00:43:59.014Z,1276.4419,1654.63,230.9294,7.1649,0.7711,1331.9912,1750.8256,229.4075,7.6321,0.7604,1758.96,2230.569,229.1748,9.7335,0.7892
2014-12-15T00:44:59.369Z,1283.0111,1664.8727,230.3236,7.2279,0.7711,1347.161,1752.0312,229.122,7.6466,0.7696,1791.269,2262.2528,229.4703,9.8581,0.791
2014-12-15T00:45:59.251Z,1251.3102,1638.2015,229.7934,7.1294,0.7639,1317.0962,1713.7918,228.748,7.4917,0.7696,1776.4193,2246.2565,229.4399,9.7899,0.79
2014-12-15T00:46:59.786Z,1256.972,1645.6147,231.5162,7.1082,0.7633,1322.8939,1750.0034,230.496,7.5928,0.7562,1748.3576,2236.3022,229.8933,9.728,0.7806
2014-12-15T00:47:59.318Z,1258.2918,1653.7657,231.8215,7.1339,0.7603,1322.0167,1752.3547,230.7067,7.5957,0.7544,1752.5326,2243.8473,230.3084,9.7426,0.78
2014-12-15T00:48:59.621Z,1259.615,1647.8467,231.6716,7.1128,0.7639,1331.6664,1761.7211,230.6559,7.638,0.7556,1747.2257,2240.8844,230.2417,9.7322,0.78
2014-12-15T00:50:59.706Z,1264.1986,1656.2754,231.7185,7.1481,0.7632,1326.8336,1759.0763,230.8891,7.6186,0.7538,1753.9277,2244.2798,230.1912,9.7498,0.7801
2014-12-15T00:51:59.738Z,1267.0134,1664.5408,232.1807,7.1698,0.7609,1327.3665,1764.3026,231.1635,7.6321,0.751,1759.25,2253.9231,230.5993,9.7738,0.78
2014-12-15T00:52:59.169Z,1259.8806,1658.5576,231.3016,7.1702,0.7593,1324.8147,1747.9109,230.7794,7.5735,0.7591,1768.2322,2258.7143,230.2844,9.8081,0.7822
2014-12-15T00:54:59.192Z,1274.0554,1661.7904,231.1131,7.1905,0.7671,1323.1311,1744.3676,230.0928,7.5812,0.7585,1765.9793,2239.0022,229.009,9.7766,0.7894
2014-12-15T00:55:59.118Z,1286.8211,1645.7552,230.25,7.1478,0.7816,1345.5328,1767.0474,230.1524,7.6777,0.7617,1742.7013,2206.6839,226.9168,9.7244,0.79
2014-12-15T00:56:59.920Z,1281.3911,1657.3119,231.1534,7.1699,0.7724,1338.0118,1762.4873,230.2574,7.6546,0.7597,1755.0356,2227.793,228.2946,9.758,0.7888
2014-12-15T00:57:59.665Z,1286.394,1663.9476,231.1501,7.1985,0.7727,1335.1353,1760.4555,230.1851,7.6484,0.7587,1760.9753,2231.4792,228.6482,9.7585,0.79
2014-12-15T00:58:59.356Z,1020.9712,1329.855,231.4198,5.7561,0.6377,1061.8546,1404.0704,231.0979,6.0879,0.6162,1462.7809,1846.8334,229.3612,8.0669,0.8122
2014-12-15T00:59:59.395Z,2.9093,44.2078,232.7968,0.1897,0.0678,2.5113,30.1421,232.4562,0.1295,0.0891,37.4089,62.0129,231.9116,0.2679,0.3404
2014-12-15T01:00:59.173Z,2.817,42.4759,233.0001,0.1822,0.0698,3.0891,33.4681,232.8276,0.1433,0.0974,3.6509,33.2554,231.7501,0.1438,0.119
2014-12-15T01:01:59.527Z,2.4642,44.1271,233.5412,0.1886,0.0582,3.0225,31.7472,233.3992,0.1361,0.0983,3.2615,31.1366,232.3509,0.134,0.1143
2014-12-15T01:02:59.870Z,2.4137,44.4302,233.4059,0.1903,0.0549,2.2638,29.3984,233.1988,0.126,0.0865,3.742,32.1559,232.149,0.1386,0.1238
2014-12-15T01:03:59.302Z,3.182,44.7174,232.1321,0.1927,0.0721,3.066,32.6439,232.5782,0.1403,0.0998,3.5124,32.6617,231.3348,0.1413,0.1153
2014-12-15T01:04:59.731Z,2.3624,44.2809,231.965,0.1911,0.053,2.5938,31.0107,232.0768,0.134,0.0889,3.085,33.8203,231.7302,0.1467,0.093
2014-12-15T01:05:59.520Z,2.349,44.5609,231.2131,0.193,0.0534,2.9784,31.9061,231.4214,0.1381,0.0967,3.2858,31.857,230.9812,0.138,0.1108
2014-12-15T01:06:59.205Z,2.271,44.7366,232.6309,0.1924,0.0515,3.3647,31.2118,231.9071,0.1348,0.111,3.0491,32.9936,233.3591,0.1415,0.1026
2014-12-15T01:07:59.764Z,3.1885,44.7923,232.1346,0.1933,0.0698,2.4691,31.798,232.1865,0.1373,0.0829,3.6114,32.7404,232.836,0.1403,0.1186
2014-12-15T01:08:59.561Z,2.6188,43.7087,230.888,0.1892,0.0591,2.9387,31.3771,230.749,0.1357,0.0968,3.7831,32.3243,232.463,0.139,0.1197
2014-12-15T01:09:59.063Z,2.588,45.057,231.1014,0.1946,0.0569,2.2901,31.2378,229.8414,0.1353,0.0777,3.1612,33.6561,232.9221,0.1446,0.1004
2014-12-15T01:10:59.023Z,2.2507,43.378,231.2536,0.1874,0.0521,2.7397,29.9509,232.2101,0.1288,0.0876,2.8052,31.9221,232.4134,0.1366,0.0954
2014-12-15T01:11:59.790Z,2.6296,44.3658,232.1365,0.1915,0.0587,2.8576,30.6485,232.763,0.1315,0.0986,3.4259,33.6803,232.659,0.1447,0.1085
2014-12-15T01:12:59.400Z,2.3705,44.8864,231.9992,0.1941,0.053,2.8988,31.527,233.1189,0.1352,0.1012,3.2847,32.956,232.4796,0.1419,0.0987
2014-12-15T01:14:59.747Z,2.5012,44.1049,231.2682,0.1907,0.0553,2.6965,30.6245,232.7816,0.1315,0.0936,3.4385,32.9535,231.7852,0.1424,0.109
2014-12-15T01:15:59.023Z,3.1127,44.7262,230.839,0.1936,0.0706,3.0033,32.1796,231.7017,0.1388,0.0972,3.5988,32.542,230.9527,0.1409,0.1124
2014-12-15T01:16:59.758Z,2.622,44.0822,229.9847,0.1917,0.0612,2.6787,31.448,233.1147,0.1352,0.082,3.4049,32.3458,231.4478,0.1391,0.1105
2014-12-15T01:17:59.401Z,2.1304,44.5644,230.5899,0.1931,0.0469,2.7334,31.3244,232.928,0.1344,0.0927,3.294,33.6298,231.7514,0.1446,0.1041
2014-12-15T01:18:59.487Z,2.3001,44.5804,230.6382,0.1935,0.0502,3.0504,32.3371,232.6955,0.1389,0.0944,3.5673,31.7567,231.6678,0.1371,0.1163
2014-12-15T01:19:59.334Z,2.2486,44.3332,231.1999,0.1918,0.0525,2.9245,29.9069,232.3956,0.1288,0.1047,3.5009,32.6395,231.9999,0.14,0.1098
2014-12-15T01:20:59.038Z,2.437,42.9852,231.4052,0.1862,0.0563,3.0527,30.0728,231.989,0.1298,0.1016,3.2937,31.9578,231.9434,0.1376,0.1117
2014-12-15T01:21:59.138Z,2.44,43.456,231.2447,0.1878,0.0575,2.4534,29.7867,231.9509,0.1284,0.0903,3.5136,33.2198,232.1655,0.1436,0.11
2014-12-15T01:22:59.569Z,2.9604,42.9435,231.0716,0.1858,0.068,2.7542,28.8373,231.9515,0.1236,0.1009,3.2604,34.819,231.929,0.1502,0.1038
2014-12-15T01:23:59.289Z,2.3313,44.2812,231.4477,0.191,0.054,3.0175,32.3267,231.9137,0.1395,0.0909,3.4855,32.4534,231.8115,0.1398,0.1115
2014-12-15T01:24:59.027Z,2.0372,43.8501,231.5424,0.1891,0.0469,2.7511,30.2207,231.7728,0.1308,0.0988,3.5317,31.6221,232.0678,0.1361,0.117
2014-12-15T01:25:59.515Z,3.068,44.2317,232.3227,0.1899,0.0684,3.4485,32.0912,230.4461,0.1391,0.1079,3.7873,33.6565,231.418,0.1459,0.1157
2014-12-15T01:26:59.006Z,3.1122,44.8272,231.8076,0.1936,0.0689,2.832,32.0587,231.0866,0.1388,0.0962,3.5989,33.0549,231.1858,0.1438,0.1168
2014-12-15T01:27:59.288Z,1.9105,43.6123,231.7025,0.1881,0.0446,3.0363,31.2086,231.8324,0.1348,0.0946,3.4445,32.7795,231.5476,0.1418,0.1144
2014-12-15T01:29:59.301Z,2.2565,44.4766,232.1785,0.1913,0.052,2.6337,31.6954,232.1202,0.1365,0.0906,3.296,33.3155,232.1309,0.1438,0.1014
2014-12-15T01:30:59.037Z,2.4042,44.8001,231.8689,0.1933,0.0572,2.9195,31.3566,230.9718,0.1364,0.0918,3.4628,31.9184,232.5015,0.1376,0.112
2014-12-15T01:31:59.853Z,2.4171,44.5945,232.1227,0.1918,0.055,3.2972,31.0143,231.7177,0.1336,0.1099,3.3336,32.381,232.8097,0.1386,0.1075
2014-12-15T01:32:59.216Z,2.2969,44.5749,231.9587,0.1919,0.0521,3.0618,30.1499,232.186,0.1299,0.1039,3.7516,32.7621,232.789,0.1411,0.111
2014-12-15T01:33:59.470Z,2.836,43.0151,231.7918,0.1849,0.0658,2.7882,32.2366,231.9446,0.1392,0.0895,3.188,31.574,232.6603,0.1358,0.1053
2014-12-15T01:34:59.737Z,2.6098,44.8887,232.0495,0.193,0.0573,2.9977,31.988,231.3657,0.1389,0.1021,3.0898,32.3487,232.1255,0.14,0.1007
2014-12-15T01:35:59.166Z,2.4989,45.0914,231.5079,0.1951,0.0566,2.4628,30.5298,230.7943,0.1324,0.088,3.7512,32.8979,232.8528,0.1411,0.1183
2014-12-15T01:36:59.617Z,2.9425,44.0822,232.604,0.1895,0.0647,3.0812,31.7632,231.5554,0.1374,0.097,3.6986,31.7291,232.849,0.1364,0.1209
2014-12-15T01:37:59.475Z,3.2267,45.1576,232.7429,0.1937,0.0709,3.3144,34.2021,232.0298,0.1476,0.106,3.5249,33.2348,232.944,0.1432,0.1126
2014-12-15T01:38:59.283Z,2.2784,44.1943,233.0697,0.1893,0.0505,3.0521,30.5422,231.842,0.1318,0.1016,3.5724,33.0369,233.5104,0.1418,0.1098
2014-12-15T01:40:59.750Z,2.6498,44.4882,232.9669,0.1909,0.0577,2.7395,31.1906,230.9397,0.1352,0.0953,3.8127,32.8509,233.1312,0.1411,0.1196
2014-12-15T01:41:59.122Z,3.2783,44.0956,233.0042,0.1891,0.0758,2.5677,30.7496,230.967,0.1333,0.0907,3.4866,32.2352,232.7749,0.1383,0.1069
2014-12-15T01:42:59.269Z,2.6302,44.2407,232.5678,0.1907,0.0607,3.0093,30.8659,231.419,0.1334,0.1026,3.349,34.2898,232.7897,0.1475,0.1016
2014-12-15T01:43:59.577Z,2.0789,44.3001,232.7996,0.1902,0.0451,2.8396,30.505,231.1268,0.1321,0.0967,3.0921,34.1767,232.4396,0.1468,0.1003
2014-12-15T01:44:59.907Z,2.3488,44.564,232.6252,0.1914,0.0525,3.192,32.3054,231.3402,0.1395,0.1009,2.9415,31.8048,231.9716,0.1367,0.0999
2014-12-15T01:45:59.171Z,2.3926,43.8654,231.7314,0.1899,0.0559,3.3294,32.1123,231.8442,0.1384,0.1051,3.5073,33.1973,231.1057,0.1436,0.1121
2014-12-15T01:46:59.540Z,2.3859,45.0145,232.767,0.1936,0.0532,3.0843,31.2929,232.1227,0.1348,0.0993,3.6352,33.2901,231.63,0.1441,0.1121
2014-12-15T01:47:59.193Z,2.5948,43.7497,233.2031,0.1876,0.0604,2.7903,31.5977,233.0071,0.1357,0.0895,3.4979,32.1649,231.4864,0.1393,0.1119
2014-12-15T01:48:59.472Z,3.2153,44.0555,233.131,0.189,0.0742,3.2579,32.1099,232.8282,0.138,0.0998,3.3314,34.1347,231.511,0.1474,0.1096
2014-12-15T01:49:59.779Z,2.824,44.1264,232.6895,0.1897,0.0638,3.1877,32.7833,232.6249,0.1403,0.1033,3.333,32.5176,232.0784,0.14,0.1102
2014-12-15T01:50:59.087Z,1.898,44.791,232.4826,0.1931,0.044,3.3586,31.1843,232.5352,0.1339,0.108,3.4238,32.8537,232.0319,0.1418,0.1081
2014-12-15T01:51:59.801Z,2.6304,45.1153,232.6045,0.1942,0.0571,3.3283,32.0004,232.7224,0.1374,0.1113,3.4775,32.7128,232.1643,0.1402,0.11
2014-12-15T01:52:59.097Z,2.8628,44.5681,232.9791,0.1916,0.0674,2.7837,32.7833,232.993,0.1404,0.087,3.2738,33.3663,232.3074,0.1438,0.105
2014-12-15T01:53:59.440Z,2.1387,44.747,232.8312,0.1921,0.0468,2.7112,30.8677,231.1965,0.133,0.0922,3.6785,33.391,232.1857,0.1438,0.111
2014-12-15T01:54:59.920Z,3.1837,44.4573,232.72,0.1907,0.0735,2.79,30.5898,229.8603,0.1326,0.094,3.1312,32.3073,232.3814,0.1385,0.1026
2014-12-15T01:55:59.326Z,2.9753,43.866,230.9413,0.1899,0.0674,3.1642,30.457,233.0904,0.1307,0.1058,3.5583,32.3667,230.9893,0.1399,0.1148
2014-12-15T01:56:59.545Z,2.4632,44.552,230.8879,0.1929,0.0559,2.6443,32.0014,233.0908,0.1368,0.0883,3.0411,33.5893,231.276,0.1453,0.0973
2014-12-15T01:57:59.844Z,2.7253,44.7127,231.228,0.1936,0.0615,2.871,33.2292,232.7293,0.1433,0.0913,3.2547,32.7437,231.5981,0.1416,0.103
2014-12-15T01:58:59.701Z,2.412,44.1677,232.3447,0.19,0.0552,2.7992,31.4359,232.8007,0.1348,0.0973,3.8997,33.1023,231.9473,0.1425,0.1245
2014-12-15T01:59:59.037Z,2.4269,44.1559,232.4767,0.1902,0.0549,2.4023,30.6699,232.5003,0.1318,0.0866,3.8218,31.7283,231.8444,0.137,0.1331
2014-12-15T02:00:59.355Z,2.4132,42.846,232.6219,0.1846,0.061,3.4155,33.4689,232.1443,0.144,0.1063,3.1848,33.9235,231.8241,0.1459,0.1002
2014-12-15T02:01:59.784Z,2.2608,44.0635,233.062,0.1891,0.0521,2.5352,29.9859,232.3855,0.1292,0.0923,3.3644,30.7157,232.5145,0.1318,0.1142
2014-12-15T02:02:59.963Z,2.4857,44.3574,232.911,0.1902,0.0578,2.9741,30.5389,232.4617,0.1317,0.1059,3.8378,33.2759,232.2947,0.1433,0.1242
2014-12-15T02:03:59.410Z,2.1401,44.1648,232.4164,0.1904,0.0498,2.6141,30.3688,232.395,0.1307,0.0879,3.457,31.8782,232.0121,0.1371,0.1171
2014-12-15T02:04:59.900Z,2.3357,44.5492,232.2589,0.1915,0.052,2.57,30.4092,231.4507,0.1313,0.0922,3.5578,33.6389,231.8579,0.1453,0.1085
2014-12-15T02:05:59.490Z,2.3669,44.2118,232.4726,0.19,0.0531,3.31,31.8792,230.7362,0.1378,0.1071,3.6533,33.0331,232.7914,0.1413,0.1148
2014-12-15T02:06:59.163Z,3.2767,44.513,232.4082,0.1923,0.074,2.9389,31.7084,231.3714,0.1373,0.0993,3.4656,32.7022,232.597,0.1401,0.1111
2014-12-15T02:07:59.908Z,2.9715,44.3926,233.0117,0.1905,0.0691,3.1361,32.7987,232.0409,0.1415,0.1015,3.3008,32.5715,232.6023,0.14,0.1087
2014-12-15T02:08:59.301Z,2.4072,45.0113,233.1604,0.1936,0.0524,3.1464,31.2377,231.743,0.1349,0.1038,3.6988,35.539,233.1533,0.1522,0.1091
2014-12-15T02:09:59.370Z,2.3862,43.3738,232.668,0.1864,0.0552,2.6633,32.7702,231.5064,0.1415,0.0844,3.2364,32.0707,232.1456,0.1377,0.1099
2014-12-15T02:10:59.565Z,2.827,44.9354,232.8467,0.1934,0.0641,2.7659,30.4501,231.2765,0.1315,0.0965,3.324,30.1907,231.3463,0.1304,0.1102
2014-12-15T02:11:59.882Z,2.0875,44.956,232.4179,0.1928,0.0436,3.2805,29.3526,231.5088,0.1264,0.1108,3.2047,31.1025,231.3649,0.1346,0.1103
2014-12-15T02:12:59.188Z,2.5767,44.5945,232.7682,0.1916,0.0572,2.6347,30.906,231.1887,0.1336,0.0889,3.3445,32.6535,231.1693,0.141,0.1019
2014-12-15T02:13:59.067Z,2.3346,44.586,232.687,0.1913,0.0505,2.9081,31.7279,231.2932,0.1375,0.0934,3.458,33.0273,231.0813,0.1432,0.1152
2014-12-15T02:14:59.701Z,2.4042,44.0435,232.0782,0.1897,0.053,2.8989,31.8489,231.0161,0.1376,0.0949,3.5075,32.4808,231.271,0.1407,0.1171
2014-12-15T02:15:59.993Z,2.3781,44.9927,232.4971,0.1934,0.0527,2.9423,30.3609,230.5711,0.1315,0.1037,3.4318,32.1474,230.9938,0.1392,0.1127
2014-12-15T02:16:59.683Z,2.9013,43.7752,232.6755,0.1882,0.0671,2.8977,32.2314,230.9211,0.1395,0.0941,3.6719,32.9005,231.6751,0.1419,0.1191
2014-12-15T02:17:59.463Z,3.0956,44.0474,232.5062,0.1891,0.0702,2.9073,33.2329,231.624,0.143,0.0899,3.7483,33.2586,232.3129,0.1433,0.1173
2014-12-15T02:18:59.252Z,3.1468,43.3013,232.5251,0.1866,0.0746,3.2031,31.7242,232.0025,0.137,0.1016,3.6081,35.6974,232.6901,0.1535,0.1097
2014-12-15T02:19:59.599Z,2.1154,44.6397,232.5225,0.1921,0.0478,2.7142,33.1535,231.9438,0.1431,0.0863,3.1055,33.7957,232.5005,0.1455,0.0978
2014-12-15T02:20:59.454Z,2.7846,43.9389,232.3095,0.1889,0.0631,2.8519,31.0884,232.029,0.1344,0.0986,3.4543,32.0422,232.9355,0.1381,0.117
2014-12-15T02:21:59.012Z,3.4319,43.6128,232.8319,0.1871,0.0788,2.6792,31.9134,231.9183,0.1376,0.0869,4.1532,31.6437,232.2446,0.1359,0.1379
2014-12-15T02:22:59.652Z,2.2586,43.5603,233.5884,0.1871,0.0518,2.8429,30.3265,232.6923,0.1299,0.0997,3.9752,31.6082,232.532,0.1358,0.1365
2014-12-15T02:23:59.956Z,2.5102,44.1595,233.3184,0.189,0.057,2.8033,29.7814,232.2727,0.1283,0.1018,3.4886,31.2968,232.1605,0.135,0.1212
2014-12-15T02:24:59.570Z,1.9191,43.5591,232.6119,0.1879,0.0449,2.477,29.6146,231.4448,0.1281,0.0878,3.2907,32.8453,231.6417,0.1416,0.112
2014-12-15T02:25:59.957Z,2.6437,45.441,233.0242,0.1949,0.0598,2.8733,30.8029,230.8796,0.1329,0.095,3.4052,32.7103,231.5476,0.1408,0.1099
2014-12-15T02:26:59.569Z,2.3666,44.913,233.5882,0.1921,0.052,2.9396,31.5283,231.6693,0.1361,0.1016,3.6741,32.7258,231.7596,0.1411,0.1187
2014-12-15T02:27:59.574Z,2.728,44.9592,233.4868,0.1925,0.0624,2.9032,30.8534,232.5755,0.1326,0.0962,3.3643,33.7426,231.8415,0.1453,0.1065
2014-12-15T02:28:59.045Z,3.4794,45.3332,233.9577,0.1942,0.0774,2.623,33.325,232.9307,0.1431,0.0846,3.64,32.7684,232.0559,0.1418,0.1144
2014-12-15T02:29:59.613Z,3.068,43.4796,233.525,0.1857,0.07,2.9827,33.7847,232.9368,0.145,0.0952,3.3225,33.4534,232.0657,0.1437,0.1084
2014-12-15T02:30:59.324Z,2.1448,45.3491,233.5373,0.1951,0.0481,2.8582,33.0848,232.8514,0.1421,0.0908,3.3828,33.0018,232.1697,0.1423,0.1073
2014-12-15T02:31:59.842Z,2.073,44.6387,233.5542,0.1912,0.0486,2.6014,30.9752,233.2363,0.1325,0.0908,3.1009,32.7293,232.9736,0.1405,0.0999
2014-12-15T02:32:59.258Z,3.1931,44.652,233.0776,0.1918,0.0726,2.5792,31.2483,233.214,0.1342,0.0911,3.2293,32.3602,232.8316,0.1392,0.1062
2014-12-15T02:33:59.749Z,3.1186,44.9565,233.0947,0.1928,0.0703,2.5958,31.9146,233.1384,0.137,0.0893,3.3836,32.9538,232.9312,0.1413,0.1074
2014-12-15T02:34:59.391Z,2.2704,43.5883,232.5112,0.1873,0.0539,2.9023,31.1882,232.0713,0.1344,0.0983,3.7146,32.9677,232.0869,0.1423,0.1151
2014-12-15T02:35:59.733Z,2.6035,44.5311,232.0342,0.1921,0.0593,2.9339,31.7647,232.0526,0.137,0.0998,3.4476,33.2049,231.8016,0.1428,0.1071
2014-12-15T02:36:59.253Z,3.0172,44.5043,232.4174,0.1914,0.0664,2.89,31.1677,232.7906,0.134,0.0971,3.7044,33.6032,232.0432,0.1454,0.1114
2014-12-15T02:37:59.024Z,3.3958,43.9777,232.6695,0.1891,0.0763,2.8665,31.1205,233.1102,0.134,0.0992,3.1052,33.9543,233.0475,0.1454,0.1024
2014-12-15T02:38:59.945Z,2.4483,43.5805,232.5749,0.187,0.0582,3.0021,32.3864,232.3279,0.1387,0.0961,3.0882,33.5868,232.5917,0.1445,0.0974
2014-12-15T02:39:59.235Z,2.3238,44.6818,232.9877,0.1914,0.0514,3.0088,31.7593,232.5581,0.1366,0.0983,3.2054,32.1564,232.8274,0.1384,0.1093
2014-12-15T02:40:59.500Z,2.8862,43.1397,232.7718,0.1858,0.0646,2.8752,31.9808,232.6144,0.1373,0.0927,3.2933,33.1195,232.8395,0.1422,0.1063
2014-12-15T02:41:59.293Z,3.4376,44.1551,232.7836,0.1897,0.0776,3.5068,32.4608,233.0036,0.1396,0.1073,3.6462,35.3033,232.953,0.1515,0.1092
2014-12-15T02:42:59.493Z,2.8166,43.5425,232.4964,0.1875,0.0627,2.6156,30.4523,232.8401,0.1309,0.0891,3.4751,33.5296,232.7735,0.144,0.1041
2014-12-15T02:43:59.206Z,2.2828,44.904,232.549,0.1931,0.0526,2.75,31.3404,232.7902,0.1343,0.09,3.6293,32.9847,232.841,0.1423,0.1138
2014-12-15T02:44:59.546Z,2.1897,44.712,232.6111,0.1922,0.049,2.6051,30.6668,232.7588,0.1315,0.0925,3.6749,32.017,232.59,0.1372,0.1204
2014-12-15T02:45:59.057Z,2.5941,43.9076,232.1482,0.189,0.0596,3.0188,30.6507,232.3947,0.132,0.1032,3.3789,32.757,232.7024,0.1408,0.1071
2014-12-15T02:46:59.431Z,2.5929,44.054,232.3273,0.1897,0.0595,2.495,30.8184,232.1441,0.1326,0.0853,3.1357,32.5424,233.2613,0.1393,0.1005
2014-12-15T02:47:59.677Z,2.6871,44.9158,232.4432,0.1927,0.0614,2.7304,30.9542,232.2638,0.1331,0.0942,3.3362,32.6846,233.1251,0.1404,0.1081
2014-12-15T02:48:59.598Z,2.7959,43.2399,231.7355,0.1863,0.064,2.8858,29.4977,232.6147,0.1263,0.0999,3.2943,31.9852,233.2898,0.1367,0.1093
2014-12-15T02:49:59.208Z,3.0784,45.1609,231.5916,0.1947,0.0697,3.0858,31.3152,232.5757,0.135,0.1048,3.3671,33.4199,233.1902,0.1436,0.1021
2014-12-15T02:50:59.797Z,3.0162,44.0172,231.527,0.19,0.0708,2.8283,31.2836,232.4486,0.135,0.0939,3.0847,32.4164,233.1135,0.1397,0.1042
2014-12-15T02:51:59.548Z,2.5863,43.5657,232.2482,0.1882,0.0584,2.9514,31.8964,230.535,0.1382,0.0989,3.7057,33.9509,232.5203,0.146,0.1156
2014-12-15T02:52:59.351Z,2.5938,44.816,233.6186,0.1926,0.0588,2.5321,30.5864,229.7638,0.1334,0.0859,3.4718,33.8711,231.7692,0.1466,0.1076
2014-12-15T02:54:59.038Z,2.7304,44.1409,232.6984,0.1897,0.0612,2.6798,31.2456,231.6906,0.1348,0.0893,3.3775,31.7203,232.7976,0.136,0.1167
2014-12-15T02:55:59.665Z,2.624,44.7712,231.9484,0.1928,0.0572,2.755,31.799,231.2849,0.1377,0.0876,3.2208,32.8788,232.3002,0.1417,0.1038
2014-12-15T02:56:59.356Z,2.3827,43.0818,232.6902,0.1849,0.0553,2.3906,30.4291,230.8865,0.1318,0.0833,3.5981,33.8067,231.2346,0.1461,0.1098
2014-12-15T02:57:59.686Z,2.2809,45.0696,233.222,0.193,0.0519,2.5526,31.2402,231.9365,0.1351,0.091,3.3425,32.3889,230.9088,0.1404,0.1076
2014-12-15T02:58:59.017Z,2.6214,43.4774,232.9077,0.1866,0.0582,2.7914,29.9748,231.9617,0.1296,0.0966,3.1304,34.067,231.1977,0.1471,0.0996
2014-12-15T02:59:59.683Z,2.7211,43.45,233.1901,0.1865,0.0638,2.6283,30.1935,231.9012,0.1304,0.0913,3.6745,32.4125,231.256,0.1402,0.1265
