2014-09-14T00:00:59.563Z,0.04,0.0538,0.6062,0.0883,0.6776,0.0362,0.0569,0.6486,0.0876,0.6059,0.0279,0.0476,0.601,0.0797,0.5572
2014-09-14T00:01:59.765Z,0.0409,0.0548,0.6094,0.0897,0.6885,0.0403,0.0603,0.6667,0.0876,0.6467,0.0364,0.0564,0.6273,0.0858,0.6224
2014-09-14T00:02:59.826Z,0.043,0.0562,0.6092,0.0932,0.7319,0.0384,0.0584,0.6651,0.0873,0.6292,0.03,0.0492,0.6038,0.0808,0.5827
2014-09-14T00:03:59.940Z,0.0413,0.0534,0.6016,0.0892,0.7363,0.0387,0.0589,0.6603,0.0892,0.635,0.0303,0.0495,0.6155,0.0803,0.5932
2014-09-14T00:04:59.242Z,0.0424,0.0556,0.6132,0.0924,0.7176,0.0308,0.0516,0.6256,0.0812,0.5696,0.0288,0.0468,0.6004,0.0788,0.5944
2014-09-14T00:05:59.372Z,0.0456,0.0578,0.6333,0.093,0.7456,0.0319,0.0537,0.6389,0.083,0.5626,0.03,0.0496,0.5978,0.0807,0.5652
2014-09-14T00:06:59.492Z,0.0427,0.0559,0.6189,0.0914,0.7327,0.0381,0.0589,0.6662,0.0884,0.6341,0.0303,0.0484,0.5946,0.0803,0.5722
2014-09-14T00:07:59.657Z,0.0417,0.0558,0.6122,0.0911,0.6981,0.0458,0.0653,0.6878,0.0933,0.6769,0.0286,0.0478,0.5933,0.0803,0.5767
2014-09-14T00:08:59.750Z,0.0433,0.0558,0.617,0.0912,0.7067,0.0358,0.0585,0.6564,0.0879,0.603,0.0303,0.0497,0.6009,0.0806,0.5979
2014-09-14T00:09:59.861Z,0.0403,0.056,0.6126,0.0909,0.6763,0.038,0.058,0.6563,0.0871,0.6586,0.0323,0.0506,0.6131,0.0826,0.604
2014-09-14T00:10:59.025Z,0.0403,0.0538,0.6088,0.0903,0.71,0.0403,0.0581,0.6541,0.0884,0.6831,0.0313,0.0528,0.6269,0.0825,0.5859
2014-09-14T00:11:59.405Z,0.0409,0.0529,0.6071,0.0906,0.7237,0.0377,0.0589,0.6711,0.0866,0.6157,0.0294,0.052,0.6163,0.082,0.5637
2014-09-14T00:12:59.587Z,0.0427,0.057,0.6239,0.0918,0.7306,0.0385,0.0603,0.6709,0.0876,0.6106,0.027,0.0452,0.5888,0.0776,0.5815
2014-09-14T00:13:59.738Z,0.0431,0.0564,0.6223,0.0915,0.721,0.0333,0.0551,0.6421,0.0854,0.5969,0.029,0.049,0.5949,0.0805,0.5785
2014-09-14T00:14:59.850Z,0.0437,0.0566,0.6208,0.0932,0.7176,0.035,0.0558,0.65,0.0858,0.6142,0.0318,0.0521,0.6095,0.0829,0.6063
2014-09-14T00:15:59.983Z,0.0424,0.0546,0.6124,0.09,0.7241,0.0359,0.0576,0.6592,0.0873,0.607,0.0311,0.0505,0.6022,0.0822,0.5995
2014-09-14T00:16:59.107Z,0.0403,0.0539,0.6097,0.089,0.6935,0.039,0.0581,0.6613,0.0887,0.6532,0.0277,0.0448,0.5855,0.0784,0.5626
2014-09-14T00:17:59.226Z,0.0429,0.0546,0.6168,0.0911,0.7343,0.0361,0.0557,0.6493,0.0868,0.6211,0.0307,0.05,0.6007,0.0811,0.5825
2014-09-14T00:18:59.350Z,0.0405,0.0561,0.6148,0.0914,0.6909,0.037,0.0577,0.6518,0.088,0.6159,0.0302,0.0495,0.6107,0.0818,0.5889
2014-09-14T00:19:59.512Z,0.0403,0.0529,0.5994,0.0906,0.7176,0.0409,0.0612,0.6756,0.0894,0.6371,0.0326,0.0538,0.6129,0.0844,0.585
2014-09-14T00:20:59.601Z,0.0393,0.0521,0.5979,0.0903,0.7179,0.0438,0.0628,0.6828,0.0903,0.6593,0.0303,0.051,0.6186,0.0807,0.5862
2014-09-14T00:21:59.751Z,0.0436,0.057,0.6273,0.0933,0.7321,0.0327,0.0524,0.633,0.083,0.5988,0.0324,0.0524,0.6145,0.0839,0.6091
2014-09-14T00:22:59.899Z,0.0455,0.0589,0.6321,0.0942,0.7271,0.0337,0.055,0.6508,0.0861,0.5968,0.0258,0.0455,0.5803,0.0768,0.5782
2014-09-14T00:23:59.035Z,0.0411,0.0557,0.6092,0.0911,0.6992,0.0424,0.0622,0.6781,0.0911,0.6554,0.0314,0.0508,0.6062,0.0816,0.5919
2014-09-14T00:24:59.229Z,0.0413,0.0547,0.6106,0.0912,0.6928,0.0331,0.0556,0.6431,0.0863,0.5834,0.0309,0.0513,0.6081,0.0825,0.575
2014-09-14T00:25:59.546Z,0.0371,0.0503,0.5897,0.0874,0.6939,0.0408,0.0613,0.6739,0.0897,0.6495,0.03,0.0518,0.5987,0.0839,0.5592
2014-09-14T00:26:59.672Z,0.0389,0.0533,0.5974,0.0904,0.6878,0.0359,0.0559,0.6519,0.0878,0.6248,0.0259,0.0452,0.5815,0.0778,0.5648
2014-09-14T00:27:59.913Z,0.0413,0.0529,0.6063,0.0908,0.7221,0.0458,0.0658,0.6884,0.0963,0.6913,0.03,0.0505,0.6132,0.0818,0.5863
2014-09-14T00:28:59.973Z,0.0422,0.0544,0.6092,0.0908,0.7206,0.0386,0.0586,0.6619,0.0892,0.6356,0.0306,0.0494,0.6014,0.0806,0.5903
2014-09-14T00:29:59.064Z,0.0428,0.0547,0.61,0.0914,0.7225,0.0408,0.0622,0.6753,0.0883,0.6319,0.0281,0.0467,0.5911,0.0789,0.5822
2014-09-14T00:30:59.189Z,0.0428,0.0534,0.6066,0.0919,0.7338,0.0431,0.0609,0.6709,0.0894,0.6712,0.0334,0.0541,0.6331,0.0844,0.6113
2014-09-14T00:31:59.277Z,0.0371,0.0518,0.5989,0.0873,0.7009,0.0391,0.0602,0.666,0.0902,0.6391,0.0318,0.0518,0.6118,0.0827,0.6122
2014-09-14T00:32:59.360Z,0.0435,0.0585,0.6291,0.0926,0.725,0.0365,0.0588,0.6532,0.0888,0.6094,0.0297,0.0476,0.5918,0.0803,0.5815
2014-09-14T00:33:59.535Z,0.0413,0.0537,0.6043,0.0907,0.704,0.0367,0.0587,0.651,0.0897,0.618,0.0277,0.048,0.6053,0.0787,0.5567
2014-09-14T00:34:59.620Z,0.0444,0.0558,0.6183,0.0914,0.7572,0.0375,0.0597,0.6636,0.0897,0.6222,0.0236,0.0456,0.5786,0.0769,0.5231
2014-09-14T00:35:59.670Z,0.0459,0.0593,0.6279,0.0945,0.7234,0.0369,0.0572,0.6586,0.0879,0.6159,0.0266,0.0459,0.5821,0.0776,0.571
2014-09-14T00:36:59.783Z,0.039,0.0543,0.6031,0.09,0.6886,0.0419,0.0631,0.686,0.0902,0.6424,0.036,0.0562,0.6255,0.0867,0.6017
2014-09-14T00:37:59.931Z,0.0426,0.0552,0.6161,0.0906,0.7361,0.0348,0.0555,0.6423,0.0884,0.62,0.0313,0.049,0.6039,0.0797,0.6229
2014-09-14T00:38:59.073Z,0.0405,0.0545,0.6058,0.0911,0.7076,0.0361,0.0561,0.6563,0.0855,0.6397,0.0326,0.0521,0.6103,0.0845,0.6142
2014-09-14T00:39:59.247Z,0.0432,0.0546,0.61,0.0921,0.7336,0.0357,0.0579,0.6543,0.0871,0.6086,0.0279,0.0454,0.5875,0.0779,0.5682
2014-09-14T00:40:59.334Z,0.0439,0.0575,0.6233,0.0931,0.7231,0.0389,0.0611,0.6636,0.0894,0.6356,0.0292,0.0483,0.5958,0.0803,0.5892
2014-09-14T00:41:59.486Z,0.0385,0.0523,0.5969,0.0885,0.7092,0.0342,0.0569,0.6531,0.0854,0.6085,0.0323,0.0515,0.6,0.0823,0.5704
2014-09-14T00:42:59.614Z,0.047,0.0609,0.6412,0.0948,0.7436,0.0379,0.0588,0.6652,0.0876,0.6424,0.0288,0.0491,0.6048,0.0785,0.5839
2014-09-14T00:43:59.709Z,0.0458,0.0581,0.6229,0.0948,0.7235,0.0358,0.0548,0.6523,0.0845,0.6216,0.03,0.0471,0.6,0.0794,0.6035
2014-09-14T00:44:59.999Z,0.04,0.0527,0.6019,0.0904,0.7065,0.0346,0.0546,0.6415,0.0854,0.5965,0.0258,0.0438,0.5931,0.0738,0.5615
2014-09-14T00:45:59.087Z,0.04,0.0522,0.6031,0.0894,0.7116,0.0419,0.0606,0.6728,0.0894,0.6634,0.0322,0.0519,0.6153,0.0816,0.5722
2014-09-14T00:46:59.224Z,0.0411,0.0521,0.5957,0.0896,0.7264,0.0382,0.0579,0.6579,0.0882,0.6268,0.0321,0.0507,0.6193,0.0807,0.5982
2014-09-14T00:47:59.336Z,0.0419,0.0546,0.6119,0.0915,0.7231,0.0365,0.0585,0.6542,0.0873,0.6419,0.03,0.05,0.6073,0.0796,0.5854
2014-09-14T00:48:59.489Z,0.0411,0.0557,0.6129,0.0909,0.7057,0.0397,0.06,0.6729,0.0886,0.654,0.03,0.0497,0.606,0.0811,0.576
2014-09-14T00:49:59.605Z,0.0409,0.0541,0.6075,0.0912,0.6962,0.0325,0.0547,0.6409,0.0844,0.5553,0.0284,0.0472,0.5956,0.0775,0.5897
2014-09-14T00:50:59.714Z,0.0416,0.055,0.6156,0.0919,0.7116,0.0394,0.0603,0.6691,0.0903,0.6338,0.0291,0.0516,0.6122,0.0834,0.5472
2014-09-14T00:51:59.779Z,0.0408,0.0535,0.6122,0.0889,0.6911,0.0381,0.0578,0.6514,0.0878,0.6411,0.0308,0.05,0.6119,0.0811,0.6046
2014-09-14T00:52:59.951Z,0.044,0.0554,0.6189,0.0909,0.7486,0.0414,0.0597,0.6717,0.09,0.6586,0.028,0.0466,0.5909,0.0791,0.5837
2014-09-14T00:53:59.055Z,0.044,0.057,0.6263,0.0913,0.726,0.04,0.06,0.667,0.0887,0.6587,0.0307,0.051,0.6077,0.0817,0.6007
2014-09-14T00:54:59.210Z,0.0397,0.0524,0.6008,0.0892,0.7016,0.0405,0.0614,0.6792,0.0889,0.6232,0.03,0.05,0.6097,0.0822,0.5586
2014-09-14T00:55:59.322Z,0.044,0.0593,0.6314,0.0926,0.7248,0.036,0.0569,0.6474,0.0862,0.615,0.0302,0.0486,0.5905,0.0812,0.5983
2014-09-14T00:56:59.409Z,0.0409,0.055,0.6074,0.0909,0.71,0.0406,0.0591,0.6544,0.09,0.6659,0.0309,0.0509,0.6021,0.0824,0.5759
2014-09-14T00:57:59.533Z,0.0463,0.0575,0.6241,0.0934,0.7503,0.0381,0.06,0.6703,0.0884,0.6269,0.0288,0.0478,0.5969,0.0788,0.5831
2014-09-14T00:58:59.592Z,0.0435,0.0571,0.6215,0.0926,0.7238,0.0382,0.0585,0.6594,0.0882,0.6291,0.0326,0.0515,0.6182,0.0829,0.6224
2014-09-14T00:59:59.749Z,0.0424,0.0538,0.6065,0.0918,0.7432,0.0376,0.0576,0.6485,0.0891,0.6309,0.0312,0.0503,0.6129,0.08,0.605
2014-09-14T01:00:59.887Z,0.04,0.0542,0.6019,0.0897,0.7074,0.0319,0.0535,0.6432,0.0842,0.5706,0.0297,0.0481,0.6019,0.0797,0.5974
2014-09-14T01:01:59.970Z,0.0441,0.0574,0.6212,0.0924,0.7159,0.0403,0.0603,0.6653,0.0894,0.6515,0.0297,0.0468,0.5935,0.0782,0.5935
2014-09-14T01:02:59.029Z,0.0426,0.0552,0.611,0.0923,0.7358,0.0371,0.0574,0.6581,0.0874,0.6171,0.0358,0.0542,0.6245,0.0855,0.6284
2014-09-14T01:03:59.172Z,0.0428,0.0567,0.6186,0.0911,0.7253,0.0411,0.0614,0.6753,0.0906,0.6525,0.0317,0.0506,0.61,0.0825,0.6006
2014-09-14T01:04:59.293Z,0.0427,0.0561,0.6115,0.0918,0.7239,0.0385,0.0576,0.6503,0.0894,0.6642,0.0276,0.0476,0.5961,0.0788,0.5485
2014-09-14T01:05:59.451Z,0.0418,0.0562,0.6138,0.0924,0.7215,0.0376,0.0594,0.6609,0.0891,0.6241,0.0329,0.0521,0.6082,0.0835,0.5938
2014-09-14T01:06:59.506Z,0.0431,0.0563,0.6156,0.0931,0.7272,0.0363,0.0578,0.6631,0.0856,0.5978,0.0303,0.0494,0.6016,0.0797,0.6078
2014-09-14T01:07:59.654Z,0.0409,0.0531,0.605,0.0903,0.7103,0.0403,0.0609,0.6659,0.0894,0.6509,0.0284,0.0481,0.5934,0.0794,0.5825
2014-09-14T01:08:59.770Z,0.0463,0.0597,0.6284,0.0944,0.7344,0.0359,0.0559,0.6466,0.0866,0.6069,0.0288,0.0466,0.5969,0.0784,0.5913
2014-09-14T01:09:59.829Z,0.04,0.0535,0.6071,0.09,0.7041,0.0338,0.0538,0.6306,0.0847,0.6068,0.0271,0.0456,0.5918,0.0788,0.5635
2014-09-14T01:10:59.013Z,0.0411,0.0539,0.6057,0.0907,0.7271,0.0375,0.0564,0.6486,0.0893,0.6479,0.0289,0.0468,0.5925,0.0782,0.5943
2014-09-14T01:11:59.075Z,0.0442,0.0565,0.621,0.0932,0.7294,0.0358,0.0584,0.6555,0.0881,0.6013,0.03,0.0497,0.6019,0.0832,0.5877
2014-09-14T01:12:59.257Z,0.0415,0.0552,0.6073,0.0912,0.7188,0.0388,0.0591,0.6591,0.0885,0.6418,0.0267,0.0464,0.5758,0.0791,0.5606
2014-09-14T01:13:59.520Z,0.0413,0.0539,0.6103,0.091,0.721,0.0426,0.0632,0.6797,0.0929,0.6445,0.0345,0.0523,0.6261,0.0826,0.6097
2014-09-14T01:14:59.661Z,0.037,0.0513,0.595,0.087,0.697,0.0373,0.0583,0.6543,0.0883,0.6423,0.0353,0.0528,0.6152,0.0852,0.6258
2014-09-14T01:15:59.778Z,0.0481,0.0594,0.6355,0.0948,0.7516,0.041,0.0597,0.6652,0.0884,0.6403,0.0348,0.0552,0.6268,0.0848,0.6039
2014-09-14T01:16:59.930Z,0.0415,0.055,0.6094,0.0912,0.7088,0.0412,0.06,0.6585,0.09,0.6435,0.0332,0.0526,0.6118,0.0832,0.6191
2014-09-14T01:17:59.080Z,0.0416,0.0542,0.609,0.091,0.7184,0.0426,0.0623,0.6794,0.0919,0.6381,0.0287,0.0468,0.5965,0.0787,0.5897
2014-09-14T01:18:59.163Z,0.0426,0.0568,0.6145,0.0929,0.7295,0.0379,0.0592,0.6505,0.09,0.6384,0.0334,0.0516,0.6153,0.0832,0.6018
2014-09-14T01:19:59.306Z,0.0447,0.0588,0.6303,0.0944,0.7356,0.035,0.0562,0.6482,0.0865,0.6059,0.0306,0.0494,0.6012,0.0826,0.5918
2014-09-14T01:20:59.445Z,0.0453,0.0576,0.625,0.0944,0.7421,0.0382,0.0591,0.6715,0.0876,0.6321,0.0315,0.0518,0.6065,0.0824,0.5929
2014-09-14T01:21:59.688Z,0.0397,0.0535,0.6043,0.0889,0.6986,0.0403,0.0597,0.6743,0.0868,0.6646,0.0316,0.0497,0.6103,0.0822,0.6105
2014-09-14T01:22:59.781Z,0.043,0.0555,0.6145,0.0924,0.7245,0.0379,0.0561,0.6588,0.0864,0.6279,0.0333,0.0539,0.6212,0.0852,0.6052
2014-09-14T01:23:59.874Z,0.0406,0.0533,0.5979,0.0912,0.7133,0.0406,0.06,0.6652,0.0891,0.6421,0.0327,0.0521,0.6155,0.0827,0.6052
2014-09-14T01:24:59.068Z,0.0409,0.0545,0.6106,0.0909,0.7085,0.0345,0.0536,0.6406,0.083,0.6088,0.0312,0.0512,0.6103,0.0824,0.5767
2014-09-14T01:25:59.149Z,0.0418,0.0544,0.6138,0.0897,0.7306,0.0403,0.0606,0.6647,0.0891,0.6376,0.0321,0.0506,0.6097,0.0835,0.5971
2014-09-14T01:26:59.261Z,0.0458,0.0591,0.6348,0.0927,0.7391,0.0448,0.0642,0.6967,0.0915,0.683,0.03,0.0485,0.5973,0.0806,0.5894
2014-09-14T01:27:59.357Z,0.042,0.054,0.6074,0.09,0.7294,0.0394,0.0591,0.6594,0.0877,0.6503,0.032,0.0509,0.6023,0.082,0.5909
2014-09-14T01:28:59.430Z,0.0437,0.058,0.6223,0.094,0.7237,0.0389,0.06,0.6634,0.0889,0.6169,0.0326,0.0526,0.6131,0.0826,0.5994
2014-09-14T01:29:59.545Z,0.0422,0.0532,0.6038,0.0897,0.7405,0.0362,0.0562,0.6541,0.0865,0.6059,0.0335,0.0543,0.6259,0.0843,0.6103
2014-09-14T01:30:59.646Z,0.0386,0.0538,0.6076,0.0889,0.6992,0.0362,0.0557,0.6527,0.0868,0.6414,0.03,0.0489,0.5965,0.0811,0.5959
2014-09-14T01:31:59.738Z,0.0408,0.0539,0.6072,0.0903,0.7236,0.0375,0.0581,0.6561,0.0875,0.6336,0.0286,0.0481,0.5972,0.0789,0.5739
2014-09-14T01:32:59.916Z,0.0403,0.0531,0.5987,0.09,0.6981,0.0422,0.0619,0.6644,0.0928,0.6706,0.0331,0.0519,0.6156,0.0828,0.5997
2014-09-14T01:33:59.125Z,0.0433,0.0558,0.6164,0.0912,0.7342,0.0382,0.0576,0.6539,0.0876,0.6227,0.0294,0.047,0.5994,0.0782,0.5815
2014-09-14T01:34:59.247Z,0.0456,0.0578,0.6222,0.0941,0.7407,0.0363,0.0563,0.6374,0.087,0.6285,0.0278,0.0485,0.6044,0.08,0.5596
2014-09-14T01:35:59.444Z,0.045,0.0575,0.6175,0.0954,0.7142,0.0354,0.0563,0.6433,0.0875,0.6213,0.03,0.0508,0.6088,0.0808,0.5608
2014-09-14T01:36:59.501Z,0.0424,0.0548,0.6133,0.0918,0.7339,0.0394,0.0606,0.6724,0.0888,0.6303,0.0276,0.0479,0.5991,0.0791,0.5791
2014-09-14T01:37:59.592Z,0.0438,0.0579,0.6259,0.0923,0.7213,0.041,0.0613,0.6795,0.0895,0.6372,0.031,0.05,0.6051,0.0836,0.5846
2014-09-14T01:38:59.669Z,0.0395,0.053,0.6014,0.0902,0.6952,0.0425,0.0652,0.6907,0.0923,0.6457,0.0302,0.0505,0.6093,0.0814,0.5657
2014-09-14T01:39:59.756Z,0.0406,0.0533,0.6048,0.0903,0.7167,0.0391,0.0585,0.6655,0.0885,0.6503,0.0345,0.0536,0.6209,0.0845,0.6321
2014-09-14T01:40:59.852Z,0.043,0.0567,0.6206,0.0912,0.7103,0.0352,0.0561,0.6473,0.087,0.6167,0.0303,0.0485,0.5936,0.0818,0.5967
2014-09-14T01:41:59.967Z,0.0408,0.0552,0.61,0.0924,0.718,0.0348,0.0544,0.636,0.0872,0.6312,0.0304,0.0496,0.6016,0.0804,0.5968
2014-09-14T01:42:59.053Z,0.0433,0.057,0.6148,0.0941,0.7278,0.0344,0.0556,0.64,0.0852,0.6074,0.0319,0.0504,0.6107,0.0811,0.5826
2014-09-14T01:43:59.172Z,0.0419,0.0544,0.6141,0.0916,0.7291,0.0422,0.0631,0.6838,0.0922,0.6316,0.0306,0.0491,0.6003,0.0803,0.5812
2014-09-14T01:44:59.436Z,0.0391,0.0537,0.6023,0.0897,0.7034,0.0354,0.0557,0.6454,0.0866,0.63,0.0289,0.0483,0.5963,0.0797,0.5771
2014-09-14T01:45:59.652Z,0.04,0.0541,0.6044,0.09,0.7125,0.0344,0.0541,0.6475,0.0822,0.6003,0.0322,0.0519,0.62,0.0834,0.5963
2014-09-14T01:46:59.730Z,0.0454,0.0586,0.6263,0.0937,0.7154,0.0311,0.0537,0.634,0.0834,0.5477,0.0303,0.0497,0.6191,0.0797,0.5949
2014-09-14T01:47:59.797Z,0.0394,0.0531,0.6075,0.0886,0.6883,0.0414,0.0614,0.6772,0.0886,0.6597,0.0319,0.0525,0.6142,0.0839,0.6036
2014-09-14T01:48:59.016Z,0.0423,0.0565,0.6146,0.0931,0.7242,0.0377,0.0573,0.6469,0.0885,0.6381,0.0273,0.0469,0.5854,0.0785,0.5588
2014-09-14T01:49:59.174Z,0.0381,0.0528,0.6033,0.0894,0.6933,0.0333,0.0556,0.6428,0.0853,0.5903,0.0314,0.0517,0.6144,0.0828,0.5708
2014-09-14T01:50:59.369Z,0.0434,0.0555,0.6193,0.091,0.7269,0.0414,0.0607,0.6652,0.0907,0.6628,0.029,0.049,0.5914,0.079,0.5852
2014-09-14T01:51:59.525Z,0.0427,0.0567,0.6161,0.0924,0.7061,0.033,0.0542,0.6455,0.0836,0.5936,0.0327,0.0497,0.6033,0.0818,0.6073
2014-09-14T01:52:59.577Z,0.0381,0.0527,0.603,0.0886,0.6822,0.0368,0.0568,0.6468,0.0876,0.6289,0.0332,0.053,0.6143,0.0846,0.6049
2014-09-14T01:53:59.657Z,0.043,0.0541,0.6093,0.0915,0.7415,0.0352,0.0541,0.6459,0.0837,0.6307,0.0278,0.0452,0.59,0.0774,0.5711
2014-09-14T01:54:59.737Z,0.039,0.0533,0.6017,0.0897,0.7067,0.0367,0.057,0.6493,0.087,0.6213,0.0313,0.051,0.6097,0.082,0.591
2014-09-14T01:55:59.800Z,0.04,0.0538,0.6028,0.0909,0.6988,0.0347,0.0541,0.6403,0.0847,0.6116,0.0278,0.0472,0.5881,0.0797,0.5722
2014-09-14T01:56:59.916Z,0.0408,0.0539,0.6084,0.09,0.7168,0.0382,0.0579,0.6539,0.0884,0.6332,0.03,0.0484,0.6016,0.08,0.595
2014-09-14T01:57:59.029Z,0.0441,0.0563,0.6193,0.093,0.7459,0.033,0.0548,0.6441,0.0856,0.5807,0.0267,0.0467,0.5896,0.0778,0.5422
2014-09-14T01:58:59.152Z,0.042,0.0552,0.6193,0.0905,0.7311,0.0405,0.06,0.668,0.0886,0.6414,0.0305,0.05,0.6027,0.0811,0.5832
2014-09-14T01:59:59.309Z,0.0415,0.0539,0.5982,0.0909,0.7282,0.0358,0.0548,0.6327,0.0858,0.6233,0.0333,0.0527,0.62,0.0839,0.6082
