2014-12-28T00:00:59.396Z,1264.7909,1647.1294,232.2788,7.0912,0.7682,1319.7624,1772.5827,231.2181,7.6664,0.7446,1717.0442,2218.1233,228.5313,9.7056,0.7733
2014-12-28T00:01:59.820Z,1288.0174,1667.7903,232.1178,7.1847,0.7719,1350.3491,1805.3051,231.4106,7.8017,0.7487,1733.5878,2240.8653,228.4996,9.8066,0.7728
2014-12-28T00:02:59.103Z,1285.2274,1671.4006,232.0289,7.2034,0.7685,1342.5737,1796.3697,231.3711,7.7642,0.747,1738.964,2244.5344,228.8154,9.8091,0.7748
2014-12-28T00:03:59.361Z,1248.039,1639.3362,232.283,7.057,0.761,1295.0043,1754.2917,231.1134,7.5907,0.7386,1699.8381,2204.112,228.7108,9.6368,0.7708
2014-12-28T00:04:59.574Z,1289.9364,1671.127,231.8272,7.208,0.7718,1339.1546,1786.6662,230.7182,7.7437,0.7504,1741.68,2234.4868,228.0977,9.7966,0.7807
2014-12-28T00:05:59.801Z,141.5436,215.1318,233.7835,0.9257,0.1665,131.2027,206.0288,232.5003,0.8926,0.1352,278.2916,342.611,228.9132,1.5042,0.5816
2014-12-28T00:06:59.978Z,5.2547,45.4754,233.5968,0.1948,0.1151,2.0895,32.733,232.7942,0.1402,0.0665,2.9785,31.4977,229.2408,0.1374,0.0996
2014-12-28T00:07:59.285Z,4.361,45.8001,232.5632,0.1974,0.0952,2.51,32.6923,233.2153,0.1408,0.0751,3.0443,31.8134,230.3011,0.1386,0.0942
2014-12-28T00:08:59.536Z,4.4786,46.7918,233.567,0.2002,0.0966,2.6175,32.4684,233.1388,0.1391,0.0823,3.2795,32.5515,231.499,0.1405,0.1044
2014-12-28T00:09:59.878Z,5.6007,45.6901,233.3981,0.1962,0.1215,2.2419,30.5033,233.2924,0.1307,0.0731,3.0222,33.9205,231.143,0.1469,0.0918
2014-12-28T00:10:59.115Z,6.3617,45.3743,234.0964,0.1938,0.1378,2.6363,32.6121,230.5189,0.1417,0.0862,3.738,33.3873,232.0566,0.1439,0.1116
2014-12-28T00:11:59.291Z,4.7907,45.8701,234.7579,0.1953,0.1043,2.0259,34.0213,230.0205,0.1479,0.0611,3.299,32.2349,232.1285,0.1387,0.1077
2014-12-28T00:12:59.624Z,3.8141,46.6741,234.4582,0.199,0.0825,2.5459,32.9402,232.917,0.1415,0.0795,2.8444,32.8689,231.0282,0.142,0.0871
2014-12-28T00:13:59.868Z,5.5902,46.5153,234.7572,0.1983,0.1191,2.722,31.9538,232.4648,0.1375,0.0893,3.2334,33.2152,230.8923,0.1435,0.104
2014-12-28T00:14:59.134Z,5.2711,47.0165,234.7957,0.2008,0.1133,2.4022,31.5619,231.622,0.136,0.0773,3.5715,34.0766,230.9115,0.1478,0.1064
2014-12-28T00:15:59.590Z,4.779,45.3563,234.7462,0.1932,0.105,2.228,32.2777,228.8607,0.1405,0.0724,63.0279,87.5904,230.7227,0.3796,0.4847
2014-12-28T00:16:59.852Z,3.9774,46.1844,233.9044,0.1975,0.0858,1.8387,31.7058,227.3425,0.1397,0.0664,3.6098,33.5046,231.1125,0.1446,0.1105
2014-12-28T00:17:59.401Z,5.0792,46.421,233.6354,0.1983,0.1089,2.4199,33.1408,229.37,0.144,0.0743,3.197,31.6323,230.925,0.137,0.108
2014-12-28T00:18:59.667Z,5.8716,46.3283,233.144,0.1991,0.1261,2.2738,32.9,232.8818,0.1411,0.0732,3.2382,33.2078,231.5907,0.143,0.1011
2014-12-28T00:19:59.955Z,5.3287,46.8091,234.7892,0.1993,0.1137,2.1627,32.2852,232.8726,0.1388,0.0726,3.3665,33.5196,231.0932,0.1455,0.1031
2014-12-28T00:20:59.379Z,5.1978,45.367,234.1721,0.1942,0.115,2.7904,30.6496,232.5721,0.1312,0.0911,3.3802,34.1771,232.155,0.1476,0.0996
2014-12-28T00:21:59.709Z,5.7278,46.031,234.1115,0.1968,0.1242,2.4558,31.6809,231.7986,0.1367,0.085,3.6046,31.7195,232.7937,0.1365,0.1165
2014-12-28T00:22:59.979Z,5.4989,46.4909,234.3149,0.1984,0.1175,2.3459,32.1904,229.3457,0.1403,0.0736,3.4065,34.909,233.4776,0.1495,0.101
2014-12-28T00:23:59.225Z,4.4633,44.7542,233.6289,0.1913,0.1011,1.7454,29.0143,229.2084,0.1268,0.0629,3.1394,33.2459,232.4223,0.1429,0.0968
2014-12-28T00:24:59.563Z,3.8946,45.5442,234.2151,0.194,0.0849,2.1671,31.9715,231.0124,0.1387,0.074,3.5354,32.1485,229.6762,0.1401,0.1145
2014-12-28T00:25:59.111Z,4.3953,45.564,234.189,0.1943,0.0964,2.0033,32.1246,230.081,0.1398,0.0642,45.7584,72.5147,230.1196,0.314,0.3756
2014-12-28T00:26:59.394Z,4.8163,45.9853,234.0933,0.1962,0.104,2.235,32.2086,229.8805,0.1399,0.072,23.017,50.9338,230.8826,0.221,0.2279
2014-12-28T00:27:59.794Z,5.1627,46.8395,234.4756,0.1995,0.1092,2.3601,32.1082,229.5563,0.1398,0.0763,3.3305,34.2235,231.0312,0.1484,0.1012
2014-12-28T00:28:59.112Z,4.8179,46.5503,234.2431,0.1986,0.1036,2.0562,32.7569,231.7023,0.1413,0.0707,3.1753,33.0991,232.0397,0.1421,0.0971
2014-12-28T00:29:59.298Z,4.7555,46.2273,234.383,0.1974,0.1035,2.2122,31.3693,231.9068,0.1351,0.0746,3.9855,32.3599,232.0329,0.1396,0.1213
2014-12-28T00:30:59.452Z,5.2093,47.2188,234.9418,0.2008,0.1099,2.2581,30.2976,229.4179,0.1322,0.0774,2.9812,34.0067,233.0709,0.1458,0.0882
2014-12-28T00:31:59.676Z,4.8895,46.1885,234.8426,0.1968,0.107,2.4332,32.1424,230.654,0.1395,0.0792,3.3183,33.6243,233.0098,0.1442,0.1027
2014-12-28T00:32:59.885Z,4.2452,45.7982,234.8424,0.1946,0.0918,2.5495,31.5896,232.3489,0.136,0.0855,2.8262,32.7679,232.4903,0.1404,0.0889
2014-12-28T00:33:59.506Z,4.7027,46.2224,234.028,0.1976,0.1012,2.5472,32.6589,231.8278,0.1407,0.0804,3.1663,34.4243,232.0458,0.1481,0.099
2014-12-28T00:34:59.747Z,5.3957,46.962,234.183,0.2005,0.1146,2.2362,31.2745,231.7233,0.1345,0.0788,3.2422,32.5369,232.1754,0.1401,0.0995
2014-12-28T00:35:59.207Z,4.8929,45.9707,233.699,0.1962,0.1082,2.1211,32.7743,231.0122,0.142,0.0667,14.3959,42.5366,232.7404,0.183,0.1769
2014-12-28T00:36:59.453Z,4.667,45.4933,233.279,0.1953,0.1036,2.4916,32.5813,231.1449,0.1409,0.0786,55.2249,79.6602,232.783,0.3425,0.4367
2014-12-28T00:37:59.695Z,3.8921,45.1595,233.4214,0.1937,0.0863,2.4564,32.9478,231.3116,0.1422,0.076,3.1074,35.2603,232.9181,0.1511,0.0885
2014-12-28T00:38:59.166Z,3.7671,46.0538,234.6953,0.1957,0.0812,2.3996,33.9784,233.2578,0.1458,0.0736,3.3518,32.2818,232.4737,0.1387,0.0999
2014-12-28T00:39:59.515Z,5.2408,46.7766,234.6607,0.1996,0.1109,2.0185,33.6067,232.7451,0.1444,0.0671,3.4101,33.99,233.1157,0.1464,0.1059
2014-12-28T00:40:59.838Z,5.1788,46.5754,235.1215,0.1985,0.111,2.0928,30.002,230.164,0.1305,0.074,3.3999,33.064,233.4997,0.1418,0.1057
2014-12-28T00:41:59.415Z,5.1147,45.9143,234.6096,0.1961,0.1088,2.0727,31.9166,230.4156,0.1387,0.0629,3.4337,32.8859,233.3824,0.1409,0.1142
2014-12-28T00:42:59.566Z,5.5697,46.6481,234.4656,0.199,0.118,2.091,30.5107,233.049,0.1305,0.0716,3.1164,32.6718,232.3067,0.1404,0.0997
2014-12-28T00:43:59.610Z,5.8,46.5925,233.9191,0.1988,0.1252,2.1402,27.1448,232.3882,0.1165,0.0848,2.7513,28.6864,232.1901,0.1231,0.0966
2014-12-28T00:44:59.976Z,5.5053,46.677,232.7468,0.2002,0.1176,2.1982,31.899,232.3446,0.1372,0.0747,3.4895,32.9077,231.7992,0.1416,0.1099
2014-12-28T00:45:59.166Z,4.8854,46.0889,232.074,0.1983,0.1053,2.6113,32.31,232.8998,0.1387,0.0851,3.7765,31.8215,231.1843,0.1371,0.1206
2014-12-28T00:46:59.507Z,4.1208,46.4582,232.2762,0.2003,0.0887,2.0738,32.4808,233.2397,0.1393,0.0665,65.0961,89.4246,231.5121,0.3861,0.4868
2014-12-28T00:47:59.877Z,2.9612,45.6684,232.6533,0.1959,0.0638,2.9277,31.8645,233.1507,0.1366,0.0974,3.3374,33.3537,231.9398,0.1438,0.1004
2014-12-28T00:48:59.107Z,2.3669,44.9574,234.3286,0.1914,0.0531,2.9613,30.777,233.3928,0.1326,0.0954,3.3319,33.9268,233.6298,0.1451,0.1071
2014-12-28T00:49:59.482Z,2.1668,45.7289,234.0723,0.1956,0.0476,3.0403,31.3393,233.6677,0.1343,0.1007,3.2749,34.0838,233.8636,0.1454,0.0976
2014-12-28T00:50:59.825Z,2.7753,45.1948,234.1873,0.1926,0.0624,2.946,32.6509,233.3807,0.1396,0.0924,3.5071,32.7479,233.4778,0.1401,0.1082
2014-12-28T00:51:59.330Z,3.1303,46.2296,234.2676,0.1971,0.0668,3.2289,30.9684,233.4187,0.1328,0.1041,3.7938,33.4853,232.8977,0.1441,0.1159
2014-12-28T00:52:59.704Z,2.9107,45.0224,233.9787,0.1925,0.0647,2.797,32.8917,233.6396,0.1405,0.0871,3.1737,32.9359,232.7332,0.1413,0.0964
2014-12-28T00:53:59.045Z,2.2709,45.499,234.0711,0.1947,0.0503,2.5522,32.5887,232.989,0.14,0.0819,3.2193,34.4102,232.2928,0.1482,0.1
2014-12-28T00:54:59.366Z,2.2505,45.7881,233.5659,0.1959,0.0485,2.6785,32.7981,232.86,0.141,0.0884,3.1187,31.9554,232.2415,0.1379,0.0999
2014-12-28T00:55:59.876Z,2.551,45.3808,233.1948,0.1949,0.0566,2.9345,33.4395,233.3346,0.1434,0.0927,3.1408,33.9671,231.8228,0.1465,0.0974
2014-12-28T00:56:59.109Z,3.4375,45.562,233.2351,0.1951,0.0745,2.5634,33.8819,233.1935,0.1453,0.0849,66.5902,90.7602,231.6083,0.3917,0.5018
2014-12-28T00:57:59.405Z,4.882,46.2438,233.1484,0.1984,0.1042,2.4749,32.2825,233.0984,0.1384,0.0793,3.2212,33.2689,231.6496,0.1434,0.1003
2014-12-28T00:58:59.689Z,5.2642,46.263,234.3547,0.1973,0.1132,2.6256,33.0366,232.0711,0.1419,0.081,3.1743,33.9045,232.9615,0.1452,0.0964
2014-12-28T00:59:59.989Z,4.3428,45.1883,234.6271,0.1921,0.0976,1.7309,32.067,230.385,0.139,0.0608,3.2932,34.3271,233.4426,0.1468,0.0966
2014-12-28T01:00:59.289Z,4.4282,44.1994,234.9173,0.1884,0.1007,2.4247,35.5643,233.6188,0.152,0.0716,3.3289,33.5193,233.1598,0.1439,0.1026
2014-12-28T01:01:59.466Z,5.3704,46.9204,233.6162,0.2005,0.1138,2.6572,31.5861,231.9483,0.1361,0.0857,2.7934,33.4452,231.3983,0.1442,0.0862
2014-12-28T01:02:59.686Z,5.2237,46.038,232.7268,0.1976,0.1127,2.2092,32.3048,230.9387,0.14,0.0707,3.5757,32.7915,230.9796,0.1418,0.1152
2014-12-28T01:03:59.081Z,5.155,45.4419,232.3387,0.1954,0.1124,2.5819,30.5593,230.0008,0.1329,0.086,3.4356,33.5896,231.3158,0.1452,0.1013
2014-12-28T01:04:59.478Z,4.1446,45.6595,232.3134,0.1964,0.091,1.9852,30.1307,229.6696,0.131,0.068,2.9473,32.9416,231.1854,0.1425,0.0945
2014-12-28T01:05:59.705Z,4.994,45.1865,231.1869,0.1956,0.1103,2.5377,30.9873,228.9926,0.1352,0.0865,3.6165,32.3757,231.8108,0.1398,0.1146
2014-12-28T01:06:59.984Z,4.388,45.2327,231.5048,0.1954,0.0979,2.4487,31.1408,229.1123,0.1354,0.0812,58.8658,85.4385,231.4825,0.3693,0.3277
2014-12-28T01:07:59.228Z,5.0082,45.4137,231.2947,0.1957,0.11,2.2996,32.8935,229.8053,0.1428,0.0726,109.2907,117.2121,231.3928,0.5071,0.9301
2014-12-28T01:08:59.728Z,4.5946,45.9248,232.6917,0.1974,0.1009,2.5623,32.3895,231.1855,0.1398,0.0809,82.0876,88.5697,231.631,0.3824,0.9277
2014-12-28T01:09:59.105Z,5.2053,45.9793,232.4802,0.1979,0.1126,2.4293,31.5468,231.5836,0.1361,0.0802,82.3707,89.3132,231.635,0.3854,0.9226
2014-12-28T01:10:59.404Z,5.4636,46.1286,232.3875,0.1986,0.1174,2.1312,33.0818,231.4625,0.1427,0.0721,82.776,88.8821,231.6227,0.3837,0.9321
2014-12-28T01:11:59.585Z,4.2537,45.2198,232.8288,0.1937,0.0936,2.7286,31.0705,231.2291,0.1344,0.0876,82.0342,88.7456,231.5705,0.3829,0.9252
2014-12-28T01:12:59.978Z,4.0011,46.1653,232.8811,0.1983,0.0862,2.4547,31.583,231.4368,0.1366,0.0857,81.6543,87.9166,231.2099,0.3808,0.9296
2014-12-28T01:13:59.357Z,4.1962,44.9927,232.4548,0.1936,0.0911,2.2132,31.733,230.7063,0.1371,0.0749,81.7403,88.5401,231.1411,0.3834,0.9243
2014-12-28T01:14:59.702Z,4.9481,46.6687,232.4413,0.2002,0.1043,2.8431,31.4726,230.5485,0.137,0.0929,81.7448,87.8127,231.0893,0.38,0.9321
2014-12-28T01:15:59.982Z,4.7276,45.9957,232.7262,0.1978,0.1039,2.2186,33.0013,229.6491,0.1438,0.0702,81.4925,87.6117,230.4859,0.3802,0.9316
2014-12-28T01:16:59.306Z,4.4665,45.2228,233.0102,0.1944,0.0983,2.3649,31.0936,229.6801,0.1356,0.0774,81.3542,88.0829,230.5006,0.382,0.9245
2014-12-28T01:17:59.527Z,2.9209,44.8526,232.469,0.193,0.0649,2.3458,32.041,229.4955,0.1395,0.0778,141.9497,151.5121,230.4243,0.6578,0.935
2014-12-28T01:18:59.868Z,2.2035,45.2195,231.5599,0.1953,0.0487,2.7865,30.982,231.5436,0.134,0.0981,82.3396,88.9988,231.5355,0.3844,0.9265
2014-12-28T01:19:59.116Z,2.5626,45.5659,231.3753,0.1972,0.057,2.907,31.2758,231.9066,0.1353,0.0978,82.0984,87.9558,231.8532,0.379,0.9341
2014-12-28T01:20:59.724Z,3.4395,45.2104,231.5112,0.1953,0.0757,2.64,31.9324,231.996,0.1376,0.0889,82.4632,89.4951,231.9903,0.3855,0.9224
2014-12-28T01:21:59.007Z,3.3174,45.8452,232.4932,0.197,0.073,2.6843,32.6689,231.5117,0.1407,0.087,82.2573,88.7557,231.7624,0.383,0.928
2014-12-28T01:22:59.378Z,2.7373,45.1536,232.5944,0.1937,0.0599,2.6871,32.1647,231.5265,0.1397,0.0899,82.9398,89.2962,231.7605,0.3853,0.9297
2014-12-28T01:23:59.766Z,2.1473,44.5546,232.058,0.1918,0.0476,2.3599,31.8813,230.9982,0.1382,0.0862,82.0967,88.8945,231.0452,0.3846,0.9249
2014-12-28T01:24:59.143Z,2.0882,45.6859,232.2029,0.197,0.0456,2.4086,31.8267,231.1687,0.1378,0.0807,81.8307,88.1909,230.8824,0.3827,0.9287
2014-12-28T01:25:59.640Z,3.2577,45.4243,232.8919,0.1952,0.072,3.1684,30.6101,230.2429,0.1331,0.1038,80.98,87.5466,230.168,0.3805,0.926
2014-12-28T01:26:59.104Z,3.0454,45.0013,232.8447,0.1936,0.0674,2.6284,33.7092,230.3104,0.1468,0.0851,81.7314,88.0792,230.6086,0.3821,0.9288
2014-12-28T01:27:59.330Z,3.2351,45.8054,232.994,0.1964,0.07,2.5407,32.5943,229.812,0.1421,0.0797,141.9181,151.3641,229.6267,0.6593,0.9363
2014-12-28T01:28:59.632Z,2.5264,45.2861,232.5292,0.1953,0.0542,2.6098,31.0132,231.2383,0.1341,0.0951,82.3829,89.1903,231.2478,0.386,0.925
2014-12-28T01:29:59.987Z,2.7862,45.5003,232.4651,0.1962,0.0599,2.8875,33.0377,231.8159,0.1425,0.088,82.4541,89.1764,232.1356,0.3843,0.9259
2014-12-28T01:30:59.316Z,3.101,45.3221,232.5806,0.1951,0.0677,2.654,33.2369,231.5393,0.1439,0.086,81.6668,88.3497,231.6857,0.3813,0.9246
2014-12-28T01:31:59.042Z,3.223,45.9838,232.4544,0.1975,0.0698,3.0618,31.5286,230.7884,0.1364,0.1012,82.2452,88.5512,231.8052,0.3822,0.9297
2014-12-28T01:32:59.261Z,2.1767,45.1497,232.3348,0.1944,0.0477,2.8036,32.7495,231.0785,0.1415,0.0903,82.318,88.5947,231.467,0.3831,0.93
2014-12-28T01:33:59.417Z,2.5257,45.0343,231.8221,0.1944,0.0567,2.2584,30.078,231.2599,0.1302,0.0807,81.5693,87.7808,230.5969,0.3801,0.9302
2014-12-28T01:34:59.746Z,2.6419,45.4275,231.9462,0.1959,0.0575,2.9895,32.5538,231.3453,0.1403,0.0966,80.8567,87.1511,230.2741,0.3784,0.9285
2014-12-28T01:35:59.243Z,3.4532,45.0942,231.8532,0.1946,0.0772,2.9948,33.7764,231.7343,0.1456,0.0926,80.9961,87.6566,229.6449,0.3819,0.9246
2014-12-28T01:36:59.605Z,2.8362,45.4228,231.5347,0.1961,0.0611,2.9491,31.0941,231.8453,0.1342,0.1012,80.6668,86.6092,229.5423,0.3775,0.9315
2014-12-28T01:37:59.843Z,3.4759,46.1857,231.7658,0.199,0.0749,2.3775,31.0884,231.4043,0.1344,0.0801,136.9385,146.0737,229.5963,0.6362,0.936
2014-12-28T01:38:59.179Z,5.2614,45.4557,232.192,0.1957,0.1173,2.4828,33.1898,231.7216,0.1432,0.0742,87.2892,93.3654,230.6482,0.4047,0.935
2014-12-28T01:39:59.464Z,4.3411,45.5211,232.6487,0.1954,0.094,2.098,29.6665,231.7846,0.1277,0.0754,82.0637,88.8262,231.4301,0.3834,0.9252
2014-12-28T01:40:59.131Z,4.0492,45.4091,232.8901,0.1951,0.0898,2.6176,32.4321,231.8402,0.1398,0.0802,81.7609,87.9267,231.3048,0.3801,0.931
2014-12-28T01:41:59.352Z,4.9613,45.8629,232.9051,0.197,0.1079,1.9479,31.9692,231.8144,0.138,0.0657,81.3878,88.0984,230.1343,0.3823,0.9247
2014-12-28T01:42:59.737Z,5.6101,45.8598,233.6588,0.1962,0.1211,2.3012,32.3932,228.9256,0.1416,0.0696,81.6071,87.6809,230.7216,0.3799,0.9313
2014-12-28T01:43:59.962Z,5.346,46.5704,232.988,0.2002,0.1137,2.6171,31.6371,230.1559,0.1377,0.0835,80.9024,87.3279,229.6322,0.38,0.9274
2014-12-28T01:44:59.211Z,4.8285,45.2554,232.3764,0.1949,0.1062,2.2447,30.168,231.4515,0.1304,0.0749,80.4056,86.8561,229.031,0.3793,0.9266
2014-12-28T01:45:59.490Z,4.8759,46.6522,232.167,0.2005,0.1057,2.6239,31.7008,231.6088,0.1367,0.0886,79.2383,85.8153,228.2596,0.3758,0.9246
2014-12-28T01:46:59.985Z,5.2297,45.6305,231.0822,0.1976,0.1147,2.0727,32.1531,231.9232,0.1389,0.0679,80.3852,86.4142,229.0726,0.3773,0.9313
2014-12-28T01:47:59.189Z,4.676,45.2541,231.1162,0.1959,0.1029,2.5723,32.6238,231.0416,0.1413,0.0793,104.6302,112.3814,229.4503,0.4897,0.9303
2014-12-28T01:48:59.517Z,2.9397,46.1469,231.9099,0.1988,0.0618,2.6738,32.6795,231.1285,0.1419,0.0885,120.1023,128.6266,231.1214,0.5569,0.9315
2014-12-28T01:49:59.772Z,2.4857,45.4725,231.5572,0.1964,0.0542,2.8175,33.3842,231.2314,0.1447,0.0897,81.6577,88.0313,231.2317,0.3804,0.9291
2014-12-28T01:50:59.105Z,3.0954,44.9501,231.7026,0.1936,0.0664,3.0444,30.6852,231.0363,0.1327,0.1049,81.8779,88.7538,231.2188,0.3834,0.9233
2014-12-28T01:51:59.355Z,3.4844,45.0613,232.3888,0.194,0.0767,2.9118,33.7981,230.7134,0.1466,0.088,81.9219,88.7388,231.3722,0.3835,0.9242
2014-12-28T01:52:59.562Z,2.437,44.9515,232.3619,0.1929,0.0531,2.6614,31.0971,230.7021,0.1347,0.0942,81.7777,88.8033,231.3758,0.384,0.9221
2014-12-28T01:53:59.846Z,2.2004,44.9362,230.824,0.1938,0.0485,2.9655,31.8231,230.4055,0.1378,0.0956,82.1023,88.5707,231.0077,0.384,0.9281
2014-12-28T01:54:59.195Z,2.595,44.9507,230.5354,0.1948,0.0577,2.6737,33.1361,230.23,0.1438,0.0856,81.8381,88.2213,230.8309,0.382,0.9287
2014-12-28T01:55:59.646Z,3.2601,44.7221,230.1227,0.194,0.0712,2.4088,31.3142,229.9535,0.136,0.0808,81.5551,88.4632,231.1368,0.3827,0.9224
2014-12-28T01:56:59.007Z,3.4567,45.1266,231.346,0.1951,0.0752,2.7411,31.6811,230.0805,0.1379,0.0945,81.9325,87.9916,231.1991,0.3803,0.9322
2014-12-28T01:57:59.182Z,2.9398,45.2181,231.0465,0.1958,0.0626,3.0441,30.9389,229.5977,0.1357,0.1023,81.7102,87.9411,231.2434,0.3802,0.9296
2014-12-28T01:58:59.476Z,3.4235,45.4915,232.7671,0.1949,0.0734,2.3622,31.6154,230.7423,0.1368,0.081,185.4455,198.0505,231.5851,0.8548,0.9356
2014-12-28T01:59:59.875Z,923.1597,1314.0489,231.1913,5.6889,0.635,951.88,1408.8924,229.4627,6.1448,0.626,1449.6871,1941.5348,229.1993,8.4748,0.7541
