2014-10-06T00:00:59.712Z,0.024,0.0411,0.562,0.0729,0.5443,0.0174,0.0411,0.6229,0.0637,0.3849,0.0251,0.0449,0.5766,0.0783,0.5346
2014-10-06T00:01:59.998Z,0.0292,0.0458,0.5853,0.0779,0.6108,0.0174,0.0395,0.6134,0.0653,0.3932,0.0247,0.0458,0.5708,0.0795,0.5408
2014-10-06T00:02:59.432Z,0.0264,0.0433,0.5733,0.0755,0.5931,0.0186,0.0412,0.6093,0.0657,0.4098,0.0274,0.0474,0.5786,0.0798,0.5798
2014-10-06T00:03:59.091Z,0.0302,0.0471,0.5833,0.0796,0.5977,0.0227,0.0446,0.6337,0.069,0.4317,0.0244,0.046,0.5773,0.0783,0.5252
2014-10-06T00:04:59.606Z,0.0294,0.0455,0.5858,0.0781,0.5887,0.019,0.0416,0.6158,0.0674,0.4145,0.0242,0.0442,0.5655,0.0787,0.539
2014-10-06T00:05:59.369Z,0.0254,0.0429,0.5624,0.0771,0.5678,0.0222,0.0456,0.6312,0.07,0.4593,0.0266,0.0466,0.5773,0.081,0.5661
2014-10-06T00:06:59.695Z,0.0239,0.0426,0.5806,0.0735,0.5303,0.0142,0.0361,0.6071,0.0587,0.3468,0.0223,0.0426,0.5548,0.0768,0.5158
2014-10-06T00:07:59.015Z,0.0294,0.046,0.5854,0.0786,0.602,0.0177,0.0406,0.6157,0.0649,0.3926,0.024,0.0434,0.5666,0.0763,0.5503
2014-10-06T00:08:59.390Z,0.0268,0.0441,0.5685,0.0766,0.5846,0.0185,0.0415,0.621,0.0666,0.3817,0.0241,0.0437,0.5605,0.0778,0.5373
2014-10-06T00:09:59.784Z,0.0251,0.0438,0.5792,0.0762,0.551,0.0179,0.0413,0.6131,0.0651,0.4154,0.0256,0.0459,0.5756,0.0782,0.5482
2014-10-06T00:10:59.087Z,0.0214,0.039,0.5572,0.0707,0.5283,0.0152,0.0366,0.5962,0.0624,0.3876,0.0252,0.0455,0.5793,0.0779,0.5534
2014-10-06T00:11:59.508Z,0.0244,0.0425,0.5759,0.0747,0.5509,0.0184,0.0419,0.6222,0.0653,0.3809,0.0238,0.0434,0.5703,0.075,0.5353
2014-10-06T00:12:59.897Z,0.027,0.0452,0.5909,0.0755,0.5588,0.0197,0.0418,0.6191,0.0676,0.3985,0.0236,0.0439,0.5694,0.077,0.5255
2014-10-06T00:13:59.753Z,0.0238,0.0421,0.5686,0.0731,0.5369,0.0205,0.0431,0.6283,0.0686,0.4283,0.0281,0.0476,0.5957,0.0802,0.584
2014-10-06T00:14:59.107Z,0.0279,0.0459,0.5826,0.0772,0.5795,0.0208,0.0423,0.6292,0.0667,0.4259,0.0249,0.0469,0.5859,0.0785,0.5405
2014-10-06T00:15:59.449Z,0.0226,0.04,0.5556,0.0724,0.5471,0.0203,0.0429,0.6226,0.0688,0.4238,0.0238,0.0435,0.5782,0.0756,0.5526
2014-10-06T00:16:59.866Z,0.0203,0.0383,0.5586,0.0693,0.5117,0.0124,0.0338,0.6,0.0559,0.321,0.0214,0.0428,0.561,0.0769,0.5069
2014-10-06T00:17:59.244Z,0.0229,0.0413,0.5616,0.0742,0.5287,0.0203,0.0432,0.6295,0.0695,0.4166,0.0237,0.0437,0.5608,0.0776,0.5466
2014-10-06T00:18:59.373Z,0.024,0.0411,0.5674,0.0729,0.558,0.0177,0.0417,0.6134,0.0646,0.3723,0.0243,0.0443,0.5663,0.0774,0.538
2014-10-06T00:19:59.812Z,0.0264,0.0426,0.5705,0.0744,0.5628,0.0256,0.0472,0.6326,0.0728,0.4608,0.0267,0.0446,0.579,0.0777,0.5649
2014-10-06T00:20:59.135Z,0.0236,0.0418,0.5779,0.0742,0.5309,0.0197,0.043,0.6327,0.0682,0.3852,0.023,0.0427,0.5679,0.0755,0.5358
2014-10-06T00:21:59.552Z,0.0278,0.0456,0.5903,0.0764,0.5817,0.0169,0.0397,0.6142,0.0644,0.3636,0.0236,0.0442,0.5725,0.0772,0.5392
2014-10-06T00:22:59.980Z,0.0263,0.0435,0.5758,0.0763,0.5668,0.0208,0.042,0.6127,0.0665,0.4815,0.026,0.045,0.5715,0.0783,0.561
2014-10-06T00:23:59.261Z,0.0242,0.0425,0.5683,0.0744,0.5333,0.0167,0.0375,0.6033,0.0633,0.4025,0.0231,0.0425,0.5536,0.075,0.5417
2014-10-06T00:24:59.614Z,0.0277,0.0454,0.5877,0.0777,0.5764,0.0205,0.0428,0.6244,0.0679,0.4156,0.0223,0.0431,0.5659,0.0767,0.5208
2014-10-06T00:26:59.851Z,0.0266,0.0443,0.5771,0.0758,0.5577,0.0185,0.0405,0.6194,0.0645,0.4042,0.0232,0.0431,0.5623,0.0757,0.5322
2014-10-06T00:27:59.187Z,0.0254,0.0431,0.561,0.0772,0.5667,0.0187,0.0431,0.6146,0.069,0.3782,0.0233,0.0441,0.569,0.0782,0.5262
2014-10-06T00:28:59.652Z,0.0212,0.0394,0.5576,0.0709,0.5371,0.0147,0.0379,0.5985,0.0626,0.3288,0.0241,0.0447,0.5682,0.0774,0.5294
2014-10-06T00:29:59.990Z,0.0276,0.0441,0.5704,0.0765,0.5787,0.0193,0.0422,0.6128,0.0678,0.4307,0.0239,0.0446,0.5709,0.0774,0.5383
2014-10-06T00:30:59.519Z,0.0274,0.0446,0.5726,0.0771,0.5843,0.0186,0.0403,0.606,0.0646,0.4297,0.0246,0.0434,0.562,0.0763,0.56
2014-10-06T00:31:59.002Z,0.0265,0.0443,0.5786,0.0759,0.5605,0.017,0.0395,0.6138,0.0649,0.3878,0.0219,0.043,0.5605,0.077,0.5073
2014-10-06T00:32:59.542Z,0.0224,0.0407,0.5669,0.0728,0.5386,0.0138,0.0376,0.61,0.06,0.3259,0.0241,0.0445,0.5641,0.0769,0.5672
2014-10-06T00:33:59.057Z,0.0278,0.0449,0.5778,0.0768,0.583,0.0195,0.0414,0.6254,0.0649,0.4303,0.0241,0.0446,0.5716,0.0773,0.5473
2014-10-06T00:34:59.383Z,0.0229,0.04,0.5652,0.0703,0.541,0.0129,0.0365,0.6032,0.06,0.3242,0.0242,0.0439,0.5665,0.0781,0.5397
2014-10-06T00:35:59.809Z,0.0293,0.0463,0.5851,0.0786,0.5967,0.0195,0.0433,0.6212,0.0667,0.434,0.0247,0.0451,0.567,0.0802,0.5481
2014-10-06T00:36:59.062Z,0.0234,0.0409,0.5647,0.0728,0.5434,0.0153,0.0366,0.6044,0.0619,0.3856,0.0234,0.0438,0.5669,0.0766,0.5466
2014-10-06T00:37:59.502Z,0.0213,0.04,0.5652,0.0713,0.5148,0.0184,0.0403,0.6168,0.0639,0.4313,0.0258,0.0452,0.5677,0.0797,0.5561
2014-10-06T00:38:59.896Z,0.0214,0.0376,0.5614,0.069,0.5176,0.0152,0.0376,0.62,0.061,0.3566,0.0217,0.0417,0.561,0.0748,0.5072
2014-10-06T00:39:59.324Z,0.0303,0.0465,0.585,0.0785,0.6062,0.0168,0.04,0.6144,0.0641,0.3815,0.0241,0.0432,0.5579,0.0779,0.5494
2014-10-06T00:40:59.919Z,0.027,0.0443,0.5675,0.076,0.5962,0.0168,0.0405,0.6177,0.0638,0.3683,0.0263,0.046,0.5763,0.0787,0.567
2014-10-06T00:41:59.252Z,0.0216,0.0403,0.5647,0.0713,0.5284,0.0153,0.0356,0.5997,0.0606,0.3891,0.0234,0.0447,0.5734,0.0794,0.5119
2014-10-06T00:42:59.652Z,0.0265,0.0435,0.5708,0.0741,0.5532,0.0216,0.0435,0.6332,0.0689,0.4411,0.0241,0.0435,0.5681,0.0754,0.5527
2014-10-06T00:43:59.988Z,0.0236,0.0403,0.5619,0.0725,0.5492,0.0172,0.0406,0.6158,0.065,0.3792,0.0233,0.0431,0.5686,0.0747,0.5167
2014-10-06T00:44:59.308Z,0.0298,0.046,0.5835,0.0779,0.5953,0.0202,0.044,0.6302,0.0674,0.3926,0.0228,0.0435,0.5658,0.0753,0.5295
2014-10-06T00:45:59.675Z,0.0257,0.0427,0.578,0.0733,0.537,0.0173,0.0397,0.6127,0.0657,0.387,0.0223,0.0433,0.5623,0.0767,0.5153
2014-10-06T00:46:59.964Z,0.0261,0.0432,0.5755,0.0745,0.5835,0.019,0.0432,0.6261,0.0674,0.4497,0.0239,0.0442,0.569,0.0777,0.5503
2014-10-06T00:47:59.272Z,0.0267,0.0427,0.5742,0.0767,0.5882,0.0127,0.0348,0.6042,0.06,0.34,0.0248,0.0442,0.5633,0.0782,0.5494
2014-10-06T00:48:59.622Z,0.0213,0.0394,0.5644,0.0709,0.5188,0.015,0.0375,0.6228,0.0591,0.3334,0.0225,0.0431,0.5531,0.0766,0.5156
2014-10-06T00:49:59.113Z,0.0268,0.0439,0.5765,0.0752,0.5794,0.0174,0.0387,0.6106,0.0642,0.3871,0.0232,0.0442,0.5574,0.0771,0.5248
2014-10-06T00:50:59.419Z,0.0276,0.0448,0.579,0.0774,0.5776,0.0202,0.0429,0.6176,0.0669,0.434,0.0238,0.044,0.571,0.0769,0.5376
2014-10-06T00:51:59.831Z,0.027,0.0448,0.5766,0.0773,0.5534,0.0186,0.0416,0.6143,0.067,0.4107,0.0243,0.0452,0.5761,0.0789,0.5257
2014-10-06T00:52:59.168Z,0.0258,0.0433,0.577,0.0748,0.5536,0.0179,0.0415,0.6191,0.0667,0.367,0.0218,0.0424,0.5418,0.0752,0.5258
2014-10-06T00:53:59.462Z,0.0273,0.0433,0.57,0.0758,0.595,0.0183,0.041,0.6168,0.067,0.3947,0.0228,0.0438,0.568,0.0765,0.535
2014-10-06T00:54:59.315Z,0.0273,0.0449,0.5754,0.0784,0.5754,0.0151,0.037,0.6092,0.0622,0.3868,0.0268,0.0454,0.5778,0.0797,0.5927
2014-10-06T00:55:59.649Z,0.0214,0.0396,0.56,0.0725,0.5243,0.0164,0.0404,0.6186,0.0636,0.3796,0.0207,0.0407,0.5421,0.0739,0.53
2014-10-06T00:56:59.045Z,0.0262,0.0433,0.5728,0.0749,0.5774,0.0154,0.0382,0.6015,0.0621,0.3572,0.0218,0.0418,0.5503,0.0759,0.5133
2014-10-06T00:57:59.486Z,0.027,0.044,0.574,0.0757,0.591,0.0223,0.0423,0.6173,0.0677,0.4817,0.0213,0.042,0.5517,0.0763,0.5273
2014-10-06T00:58:59.739Z,0.0244,0.0413,0.5631,0.0731,0.5616,0.0228,0.0463,0.6322,0.0725,0.4534,0.0231,0.0434,0.5603,0.0766,0.5294
2014-10-06T00:59:59.999Z,0.0295,0.0456,0.5733,0.0782,0.6077,0.0164,0.0408,0.6051,0.0656,0.3895,0.0267,0.0464,0.579,0.081,0.5636
2014-10-06T01:00:59.603Z,0.0248,0.0434,0.5714,0.0745,0.5459,0.0141,0.0369,0.6014,0.06,0.3617,0.0262,0.0455,0.5776,0.0779,0.5628
2014-10-06T01:01:59.018Z,0.0271,0.0443,0.5814,0.0754,0.5789,0.0157,0.0375,0.6054,0.0639,0.3421,0.025,0.0439,0.565,0.0775,0.5343
2014-10-06T01:02:59.640Z,0.028,0.047,0.5823,0.079,0.571,0.0227,0.0443,0.631,0.0693,0.4483,0.0223,0.0423,0.551,0.0763,0.516
2014-10-06T01:03:59.107Z,0.0231,0.0404,0.5619,0.0727,0.5385,0.0135,0.0358,0.6031,0.0596,0.3627,0.0219,0.0419,0.5504,0.0758,0.515
2014-10-06T01:04:59.354Z,0.0224,0.0397,0.5632,0.0718,0.5288,0.0176,0.0397,0.6153,0.0641,0.4259,0.0232,0.0438,0.5606,0.0753,0.525
2014-10-06T01:05:59.046Z,0.027,0.0442,0.5833,0.0764,0.5782,0.0139,0.0358,0.5955,0.0597,0.3539,0.0242,0.0439,0.5633,0.0776,0.5348
2014-10-06T01:06:59.557Z,0.0227,0.0408,0.5681,0.0723,0.5335,0.0169,0.0388,0.6046,0.0654,0.4212,0.0227,0.0415,0.5435,0.075,0.5354
2014-10-06T01:07:59.853Z,0.0221,0.04,0.5703,0.071,0.5286,0.0152,0.0379,0.6124,0.0621,0.3872,0.0231,0.0421,0.5531,0.0745,0.5341
2014-10-06T01:08:59.125Z,0.0265,0.0438,0.5785,0.0756,0.575,0.0168,0.0391,0.6085,0.0653,0.3906,0.0215,0.0424,0.5468,0.0753,0.5138
2014-10-06T01:09:59.437Z,0.0256,0.0431,0.5719,0.0744,0.5686,0.0178,0.0386,0.6097,0.0639,0.4042,0.0239,0.0442,0.5622,0.0764,0.5331
2014-10-06T01:10:59.800Z,0.0233,0.0393,0.5527,0.0727,0.5603,0.0187,0.0423,0.621,0.0673,0.4053,0.0223,0.0433,0.5647,0.0753,0.5207
2014-10-06T01:11:59.105Z,0.0267,0.0433,0.5762,0.075,0.5671,0.015,0.0388,0.6025,0.0638,0.3429,0.0229,0.0429,0.5542,0.0763,0.5396
2014-10-06T01:12:59.793Z,0.0266,0.0424,0.5682,0.0747,0.585,0.0184,0.0403,0.6095,0.0655,0.4034,0.025,0.0463,0.575,0.0782,0.5284
2014-10-06T01:13:59.234Z,0.0209,0.0379,0.5497,0.0697,0.5152,0.0176,0.0406,0.6206,0.0633,0.3676,0.0258,0.0442,0.5718,0.0764,0.5688
2014-10-06T01:14:59.837Z,0.0291,0.0459,0.5825,0.0775,0.6034,0.0248,0.0477,0.6375,0.0723,0.4611,0.0245,0.0441,0.5775,0.077,0.5509
2014-10-06T01:15:59.089Z,0.0256,0.0432,0.5682,0.0756,0.5388,0.02,0.0409,0.6085,0.0665,0.4424,0.0218,0.0424,0.555,0.0762,0.5285
2014-10-06T01:16:59.360Z,0.0249,0.0436,0.5682,0.0749,0.559,0.0205,0.0449,0.631,0.0695,0.4192,0.0246,0.0444,0.5644,0.0762,0.5454
2014-10-06T01:17:59.210Z,0.0213,0.039,0.5597,0.0703,0.5135,0.0139,0.0374,0.609,0.06,0.3529,0.0213,0.0429,0.5558,0.0765,0.5181
2014-10-06T01:18:59.528Z,0.0257,0.043,0.5717,0.0743,0.5657,0.0143,0.0353,0.5987,0.0597,0.358,0.0247,0.0447,0.5623,0.0777,0.551
2014-10-06T01:19:59.192Z,0.0219,0.04,0.5581,0.0729,0.5361,0.0145,0.0368,0.6132,0.0606,0.3758,0.0219,0.0432,0.5681,0.0768,0.5142
2014-10-06T01:20:59.512Z,0.0254,0.0427,0.5638,0.0751,0.5719,0.0189,0.0422,0.6195,0.0668,0.4205,0.0249,0.0449,0.5668,0.0786,0.5662
2014-10-06T01:21:59.805Z,0.0279,0.0456,0.5733,0.0781,0.6026,0.0193,0.0423,0.6107,0.0681,0.4151,0.0256,0.046,0.5763,0.0781,0.5551
2014-10-06T01:22:59.202Z,0.0249,0.0426,0.5631,0.0751,0.5603,0.0238,0.0459,0.6267,0.0703,0.4815,0.0233,0.0423,0.5564,0.0759,0.5438
2014-10-06T01:23:59.520Z,0.0238,0.0419,0.5606,0.0731,0.5447,0.0144,0.0375,0.6059,0.0609,0.3519,0.0225,0.0428,0.5653,0.0759,0.5363
2014-10-06T01:24:59.911Z,0.025,0.0419,0.5692,0.0733,0.5736,0.0172,0.04,0.6061,0.065,0.3825,0.0231,0.0436,0.5586,0.0764,0.5389
2014-10-06T01:25:59.210Z,0.0247,0.0411,0.56,0.0731,0.5725,0.0181,0.0403,0.6083,0.0653,0.3967,0.0256,0.0442,0.5592,0.0769,0.5664
2014-10-06T01:26:59.464Z,0.0268,0.0441,0.5715,0.0763,0.5739,0.018,0.0398,0.6237,0.0634,0.4022,0.0234,0.0434,0.5637,0.0771,0.5385
2014-10-06T01:27:59.842Z,0.0266,0.0431,0.5659,0.0759,0.5775,0.0197,0.0425,0.6194,0.0669,0.4531,0.0219,0.0422,0.5647,0.0741,0.5194
2014-10-06T01:28:59.192Z,0.0264,0.0433,0.5674,0.0762,0.5833,0.0182,0.0403,0.6156,0.0646,0.3785,0.0223,0.0421,0.5562,0.0754,0.529
2014-10-06T01:29:59.581Z,0.0235,0.0403,0.5581,0.0727,0.5568,0.0176,0.04,0.6108,0.0643,0.39,0.0254,0.0443,0.5705,0.0762,0.5551
2014-10-06T01:30:59.074Z,0.0253,0.0413,0.5629,0.0734,0.5966,0.0192,0.0429,0.6205,0.0687,0.3829,0.0255,0.0453,0.5718,0.0795,0.5374
2014-10-06T01:31:59.399Z,0.0232,0.0411,0.5625,0.0736,0.5271,0.0139,0.0357,0.5989,0.0596,0.3818,0.0232,0.0432,0.5646,0.0771,0.525
2014-10-06T01:32:59.697Z,0.0277,0.0441,0.5815,0.0769,0.5923,0.0187,0.0397,0.6092,0.0669,0.4226,0.0254,0.0456,0.579,0.0782,0.5344
2014-10-06T01:33:59.108Z,0.026,0.0435,0.5762,0.0758,0.5578,0.0173,0.0405,0.612,0.064,0.3757,0.024,0.0435,0.5643,0.0765,0.5352
2014-10-06T01:34:59.396Z,0.0244,0.0419,0.5725,0.0731,0.5506,0.0159,0.0403,0.62,0.0638,0.3353,0.0234,0.0444,0.5597,0.0791,0.5228
2014-10-06T01:35:59.691Z,0.0203,0.0387,0.561,0.0693,0.509,0.0163,0.04,0.608,0.0637,0.3853,0.023,0.0423,0.5503,0.077,0.5363
2014-10-06T01:36:59.085Z,0.0267,0.0431,0.5669,0.0756,0.5936,0.0183,0.0411,0.61,0.0678,0.415,0.0256,0.0442,0.5603,0.0794,0.5594
2014-10-06T01:37:59.510Z,0.0248,0.0428,0.5683,0.075,0.5638,0.0185,0.041,0.6083,0.0658,0.4093,0.0228,0.0428,0.5567,0.0753,0.546
2014-10-06T01:38:59.054Z,0.0234,0.0424,0.5661,0.0756,0.5429,0.0232,0.0444,0.619,0.0705,0.4815,0.0256,0.0444,0.5651,0.0766,0.5585
2014-10-06T01:39:59.450Z,0.0291,0.0451,0.5766,0.0786,0.5926,0.0197,0.0426,0.6226,0.0683,0.4043,0.0231,0.0437,0.5657,0.0771,0.5251
2014-10-06T01:40:59.770Z,0.0225,0.0372,0.5556,0.0694,0.5334,0.0156,0.0366,0.5991,0.0606,0.3609,0.0228,0.0428,0.5619,0.0766,0.5444
2014-10-06T01:41:59.321Z,0.0207,0.0389,0.555,0.07,0.5107,0.025,0.0464,0.6407,0.0693,0.4646,0.0264,0.0457,0.5661,0.0804,0.5568
2014-10-06T01:42:59.434Z,0.0269,0.0444,0.5762,0.0762,0.5733,0.018,0.0411,0.6127,0.0678,0.3996,0.0253,0.0456,0.5796,0.0767,0.5491
2014-10-06T01:43:59.714Z,0.0244,0.0412,0.56,0.0756,0.5568,0.018,0.041,0.6078,0.0676,0.3793,0.0241,0.0437,0.5759,0.0763,0.5441
2014-10-06T01:44:59.039Z,0.0254,0.0423,0.5657,0.0743,0.5554,0.0166,0.0389,0.6126,0.0629,0.3906,0.0231,0.0429,0.5526,0.0774,0.5409
2014-10-06T01:45:59.692Z,0.0271,0.0443,0.5763,0.0769,0.5734,0.0191,0.042,0.6149,0.07,0.4357,0.0231,0.044,0.568,0.0771,0.5449
2014-10-06T01:46:59.990Z,0.0271,0.0437,0.5714,0.0766,0.604,0.0191,0.042,0.6143,0.0677,0.4449,0.0246,0.044,0.5657,0.0777,0.5454
2014-10-06T01:47:59.353Z,0.0262,0.0416,0.5665,0.0746,0.5859,0.02,0.0414,0.6192,0.0681,0.4327,0.0232,0.043,0.5538,0.0768,0.5405
2014-10-06T01:48:59.863Z,0.0279,0.0443,0.5733,0.0767,0.5781,0.019,0.0402,0.6145,0.0652,0.411,0.025,0.0433,0.56,0.0769,0.5419
2014-10-06T01:49:59.274Z,0.0244,0.0419,0.5622,0.0742,0.5622,0.0197,0.0422,0.6194,0.0678,0.4186,0.0231,0.0431,0.5583,0.0775,0.5319
2014-10-06T01:50:59.920Z,0.0277,0.0451,0.584,0.0766,0.5654,0.0163,0.0371,0.6003,0.0637,0.3997,0.022,0.042,0.5577,0.0746,0.5283
2014-10-06T01:51:59.351Z,0.0253,0.0421,0.5642,0.0745,0.5671,0.0237,0.045,0.6303,0.0697,0.4545,0.0247,0.0455,0.5834,0.0789,0.5395
2014-10-06T01:52:59.862Z,0.0286,0.0459,0.573,0.0784,0.6046,0.0181,0.0397,0.6135,0.0638,0.4232,0.0238,0.043,0.563,0.0762,0.5416
2014-10-06T01:53:59.368Z,0.0239,0.0413,0.5606,0.0732,0.5397,0.0171,0.0394,0.6142,0.0645,0.4419,0.0242,0.0435,0.5619,0.0781,0.54
2014-10-06T01:54:59.889Z,0.0279,0.0444,0.5744,0.0774,0.5691,0.0203,0.0441,0.6253,0.0682,0.4241,0.0224,0.0426,0.5653,0.0756,0.5341
2014-10-06T01:55:59.200Z,0.025,0.0423,0.575,0.074,0.5557,0.0147,0.0343,0.6017,0.0593,0.3713,0.0217,0.0413,0.547,0.075,0.5243
2014-10-06T01:56:59.425Z,0.0295,0.0461,0.582,0.0793,0.5818,0.0168,0.0389,0.6123,0.0623,0.4023,0.0245,0.0445,0.5664,0.0784,0.5341
2014-10-06T01:57:59.791Z,0.0249,0.0414,0.5614,0.074,0.5709,0.0216,0.043,0.6284,0.0672,0.4435,0.0265,0.046,0.5712,0.0779,0.5591
2014-10-06T01:58:59.152Z,0.0262,0.0438,0.5762,0.0762,0.575,0.0179,0.0421,0.6221,0.0671,0.4003,0.0241,0.0438,0.5715,0.0756,0.5635
2014-10-06T01:59:59.626Z,0.0268,0.0435,0.569,0.0765,0.57,0.0185,0.0408,0.6143,0.067,0.4298,0.0243,0.0448,0.563,0.079,0.5465
2014-10-06T02:00:59.168Z,0.0243,0.0427,0.5662,0.0749,0.5389,0.0168,0.0403,0.6076,0.0657,0.3562,0.0243,0.0443,0.5722,0.0762,0.5449
2014-10-06T02:01:59.609Z,0.0248,0.0419,0.5652,0.073,0.5504,0.0148,0.0385,0.6063,0.0619,0.3767,0.0248,0.0444,0.5637,0.0785,0.5407
2014-10-06T02:02:59.953Z,0.0243,0.0426,0.566,0.0746,0.56,0.0229,0.0449,0.6171,0.07,0.4594,0.0234,0.044,0.5589,0.0774,0.5074
2014-10-06T02:03:59.384Z,0.0229,0.0397,0.5557,0.0717,0.5323,0.0183,0.0411,0.6031,0.0666,0.3946,0.0263,0.0457,0.5757,0.0777,0.5569
2014-10-06T02:04:59.038Z,0.0209,0.04,0.5634,0.0703,0.4849,0.018,0.0403,0.618,0.0643,0.3654,0.024,0.0446,0.5763,0.0783,0.5449
2014-10-06T02:05:59.387Z,0.0254,0.0449,0.5831,0.0763,0.5551,0.0157,0.0417,0.6146,0.0649,0.364,0.0214,0.0417,0.5526,0.0751,0.4994
2014-10-06T02:06:59.879Z,0.0256,0.0421,0.5653,0.0741,0.5615,0.0194,0.0418,0.6294,0.0662,0.4244,0.025,0.0462,0.5874,0.0774,0.545
2014-10-06T02:07:59.189Z,0.0229,0.0415,0.5732,0.0724,0.5329,0.0176,0.0412,0.6241,0.065,0.3688,0.0235,0.0438,0.5724,0.0774,0.5276
2014-10-06T02:08:59.510Z,0.0223,0.041,0.5733,0.073,0.5293,0.0143,0.0363,0.5997,0.0607,0.366,0.0223,0.0423,0.5637,0.0767,0.528
2014-10-06T02:09:59.835Z,0.0247,0.0436,0.5775,0.0761,0.5506,0.0181,0.0417,0.6308,0.0644,0.3922,0.0258,0.0444,0.5836,0.0756,0.5528
2014-10-06T02:10:59.260Z,0.0215,0.0409,0.5615,0.0724,0.5274,0.0168,0.0406,0.6235,0.0629,0.3671,0.0241,0.0432,0.5724,0.0753,0.5582
2014-10-06T02:11:59.703Z,0.0255,0.0435,0.5637,0.077,0.5558,0.0195,0.044,0.625,0.0683,0.3985,0.0255,0.0463,0.59,0.0783,0.5408
2014-10-06T02:12:59.032Z,0.0269,0.0444,0.576,0.0758,0.5747,0.0167,0.0398,0.6129,0.064,0.3889,0.0231,0.0442,0.5827,0.0764,0.5169
2014-10-06T02:13:59.419Z,0.0265,0.0428,0.5758,0.0755,0.5715,0.0183,0.04,0.6093,0.0643,0.4232,0.0245,0.0458,0.587,0.0788,0.517
2014-10-06T02:14:59.787Z,0.0208,0.0392,0.5623,0.0696,0.495,0.0162,0.0381,0.6085,0.0615,0.3669,0.0215,0.0419,0.5488,0.0758,0.5108
2014-10-06T02:15:59.945Z,0.0247,0.0435,0.5726,0.0759,0.5344,0.0156,0.0362,0.6085,0.0591,0.3656,0.0212,0.0412,0.5521,0.0738,0.5124
2014-10-06T02:16:59.310Z,0.0254,0.0434,0.5726,0.076,0.5591,0.0189,0.0414,0.6109,0.0663,0.4194,0.024,0.0431,0.5711,0.0754,0.5334
2014-10-06T02:17:59.747Z,0.0259,0.0438,0.5747,0.0763,0.5584,0.0159,0.0375,0.6106,0.0616,0.3753,0.0225,0.0431,0.5569,0.0766,0.5247
2014-10-06T02:18:59.185Z,0.0244,0.0406,0.5625,0.0731,0.5647,0.0147,0.0378,0.5975,0.0616,0.36,0.0228,0.0431,0.5553,0.0769,0.5231
2014-10-06T02:19:59.727Z,0.0237,0.0417,0.5633,0.0733,0.545,0.0167,0.038,0.5993,0.064,0.37,0.026,0.0453,0.5703,0.0787,0.5733
2014-10-06T02:21:59.471Z,0.0252,0.0423,0.5744,0.0735,0.5517,0.014,0.0363,0.6052,0.0594,0.3694,0.0242,0.044,0.5688,0.0777,0.5394
2014-10-06T02:22:59.330Z,0.0267,0.0433,0.5707,0.076,0.5655,0.0229,0.0452,0.634,0.0717,0.4602,0.0238,0.0448,0.576,0.0783,0.5329
2014-10-06T02:23:59.665Z,0.0297,0.0475,0.5867,0.0792,0.5861,0.0169,0.04,0.6125,0.0639,0.3986,0.0219,0.0419,0.5456,0.0778,0.5194
2014-10-06T02:24:59.053Z,0.0276,0.0444,0.58,0.0762,0.5835,0.0197,0.0424,0.6259,0.0671,0.4491,0.0221,0.0418,0.5568,0.0765,0.5238
2014-10-06T02:25:59.441Z,0.0271,0.0445,0.5758,0.0758,0.5784,0.0163,0.0389,0.6045,0.0642,0.3571,0.0232,0.0447,0.5666,0.0768,0.5337
2014-10-06T02:26:59.906Z,0.022,0.04,0.5583,0.0717,0.5353,0.0147,0.0363,0.6137,0.059,0.3833,0.0227,0.0433,0.561,0.076,0.515
2014-10-06T02:27:59.503Z,0.0258,0.0448,0.5761,0.0758,0.5387,0.0129,0.0384,0.6155,0.0619,0.33,0.0248,0.0461,0.57,0.0787,0.5348
2014-10-06T02:28:59.951Z,0.0234,0.0417,0.56,0.0734,0.5557,0.0169,0.0403,0.6126,0.064,0.3771,0.0243,0.044,0.5674,0.0774,0.5277
2014-10-06T02:29:59.417Z,0.022,0.04,0.56,0.0707,0.5313,0.0133,0.0363,0.6057,0.061,0.3423,0.028,0.048,0.5817,0.0803,0.563
2014-10-06T02:30:59.046Z,0.0252,0.0421,0.5682,0.0736,0.5552,0.0139,0.0361,0.5967,0.0618,0.3248,0.0227,0.0421,0.5503,0.0767,0.5306
2014-10-06T02:31:59.434Z,0.0251,0.0416,0.5649,0.0735,0.5651,0.0186,0.0411,0.6189,0.0638,0.4373,0.0249,0.0443,0.5711,0.0776,0.5519
2014-10-06T02:32:59.899Z,0.0241,0.0409,0.5644,0.0734,0.5409,0.0175,0.0425,0.6231,0.0656,0.3753,0.025,0.0431,0.5578,0.0763,0.5525
2014-10-06T02:33:59.663Z,0.0209,0.04,0.5497,0.0732,0.5262,0.0138,0.0368,0.6082,0.0609,0.3391,0.0241,0.0447,0.5609,0.0788,0.5335
2014-10-06T02:34:59.036Z,0.0277,0.0469,0.5814,0.0791,0.5809,0.0206,0.0451,0.6397,0.0669,0.4243,0.0226,0.0429,0.5631,0.0763,0.5231
2014-10-06T02:35:59.288Z,0.0197,0.0381,0.5561,0.07,0.5077,0.0158,0.0384,0.6123,0.06,0.3829,0.021,0.0416,0.5448,0.0745,0.5252
2014-10-06T02:36:59.653Z,0.0222,0.0422,0.5706,0.0719,0.5028,0.0209,0.0431,0.6325,0.0656,0.4072,0.0231,0.0431,0.5606,0.075,0.5184
2014-10-06T02:37:59.045Z,0.0291,0.0457,0.5849,0.0789,0.6,0.0214,0.0434,0.616,0.0683,0.442,0.0249,0.0457,0.5743,0.0789,0.5417
2014-10-06T02:38:59.356Z,0.019,0.0379,0.5566,0.0686,0.4834,0.0197,0.0428,0.6231,0.0662,0.4328,0.0255,0.0459,0.5869,0.0786,0.5431
2014-10-06T02:39:59.675Z,0.0258,0.0439,0.5742,0.0761,0.5661,0.0194,0.0442,0.6294,0.0691,0.4355,0.0239,0.0436,0.5727,0.0764,0.5352
2014-10-06T02:40:59.028Z,0.0244,0.0413,0.57,0.0741,0.5656,0.0172,0.0406,0.6172,0.0656,0.3744,0.0228,0.0428,0.5659,0.0769,0.5416
2014-10-06T02:41:59.381Z,0.0228,0.0408,0.5553,0.0731,0.5344,0.015,0.0403,0.6056,0.0653,0.3719,0.025,0.0444,0.5706,0.0792,0.5444
2014-10-06T02:42:59.816Z,0.0253,0.0428,0.5778,0.0747,0.5628,0.0197,0.0416,0.6341,0.0647,0.3966,0.0238,0.0438,0.5722,0.0769,0.5344
2014-10-06T02:43:59.172Z,0.0263,0.0446,0.5778,0.0756,0.5737,0.0149,0.0383,0.6017,0.0629,0.3315,0.0244,0.0461,0.5734,0.0783,0.5246
2014-10-06T02:44:59.517Z,0.0273,0.0446,0.583,0.0765,0.567,0.0189,0.0405,0.6184,0.0651,0.3911,0.0224,0.0432,0.5616,0.0757,0.5297
2014-10-06T02:45:59.801Z,0.0279,0.0444,0.5754,0.0777,0.5856,0.0182,0.0421,0.6264,0.0664,0.4264,0.0238,0.0444,0.5718,0.0769,0.5369
2014-10-06T02:46:59.360Z,0.0243,0.0423,0.568,0.0743,0.552,0.0173,0.04,0.626,0.0653,0.3987,0.0247,0.0447,0.5703,0.0787,0.5323
2014-10-06T02:47:59.640Z,0.0223,0.0392,0.5588,0.0715,0.5431,0.0181,0.0392,0.6104,0.0619,0.4158,0.0215,0.0412,0.5523,0.0762,0.5273
2014-10-06T02:49:59.287Z,0.0265,0.0431,0.5713,0.0757,0.577,0.0182,0.0417,0.6177,0.0661,0.4132,0.0243,0.0431,0.5583,0.0768,0.5469
2014-10-06T02:50:59.617Z,0.0249,0.0424,0.5685,0.0759,0.5359,0.0232,0.0441,0.6339,0.0695,0.4766,0.0241,0.0441,0.5685,0.078,0.5483
2014-10-06T02:51:59.228Z,0.0275,0.0448,0.5775,0.0775,0.5795,0.0243,0.0455,0.6389,0.0702,0.4757,0.0255,0.0475,0.5766,0.0789,0.5352
2014-10-06T02:52:59.614Z,0.0272,0.0431,0.5656,0.0764,0.5869,0.0185,0.0405,0.6246,0.0638,0.3964,0.0256,0.0454,0.5715,0.0774,0.5474
2014-10-06T02:53:59.997Z,0.0294,0.0479,0.5942,0.0776,0.5776,0.0206,0.0433,0.6336,0.0648,0.4215,0.0224,0.0433,0.5621,0.0767,0.53
2014-10-06T02:54:59.078Z,0.0238,0.0413,0.5628,0.0728,0.5369,0.0222,0.0456,0.6378,0.0675,0.4097,0.0278,0.0466,0.5897,0.0806,0.5694
2014-10-06T02:55:59.370Z,0.0278,0.0445,0.5727,0.0775,0.5888,0.0193,0.041,0.6088,0.0678,0.4387,0.0245,0.0443,0.569,0.077,0.55
2014-10-06T02:56:59.619Z,0.0248,0.0424,0.5652,0.0748,0.5624,0.0156,0.034,0.598,0.0596,0.4052,0.0192,0.0412,0.5356,0.0748,0.478
2014-10-06T02:57:59.350Z,0.0275,0.0443,0.5785,0.0763,0.5775,0.019,0.0408,0.6213,0.0655,0.4108,0.0215,0.0423,0.5535,0.078,0.5102
2014-10-06T02:58:59.761Z,0.025,0.0416,0.5562,0.0741,0.5869,0.0172,0.0391,0.6094,0.0628,0.4075,0.0225,0.0428,0.5563,0.075,0.5319
2014-10-06T02:59:59.624Z,0.0282,0.0444,0.571,0.0749,0.589,0.019,0.0423,0.6156,0.0682,0.3928,0.0215,0.0436,0.5677,0.0764,0.4974
2014-10-06T03:00:59.031Z,0.0237,0.0417,0.5677,0.0717,0.5369,0.02,0.0429,0.6206,0.0674,0.4266,0.022,0.0426,0.5643,0.0749,0.5283
2014-10-06T03:01:59.464Z,0.0235,0.0412,0.5653,0.0715,0.5376,0.0147,0.0356,0.6021,0.0588,0.3541,0.0218,0.0432,0.5556,0.0768,0.5003
2014-10-06T03:02:59.825Z,0.0227,0.04,0.5484,0.0732,0.5435,0.0162,0.0389,0.6078,0.0641,0.3843,0.0232,0.0435,0.5643,0.0768,0.5338
2014-10-06T03:03:59.117Z,0.024,0.0407,0.5495,0.074,0.54,0.0188,0.0429,0.6179,0.0667,0.4117,0.0245,0.0455,0.5755,0.0776,0.5331
2014-10-06T03:04:59.904Z,0.0247,0.0421,0.5653,0.0747,0.5574,0.0184,0.0405,0.6255,0.0645,0.3921,0.0232,0.0434,0.5718,0.0753,0.535
2014-10-06T03:05:59.280Z,0.025,0.0432,0.5614,0.075,0.5564,0.02,0.0425,0.6257,0.0664,0.4059,0.025,0.0443,0.57,0.0777,0.5534
2014-10-06T03:06:59.819Z,0.0291,0.0454,0.588,0.0772,0.6033,0.0204,0.0437,0.6278,0.0683,0.4341,0.0259,0.0467,0.5817,0.0791,0.5391
2014-10-06T03:07:59.194Z,0.0237,0.0424,0.5626,0.0747,0.53,0.0161,0.0387,0.6168,0.0613,0.3905,0.0239,0.0439,0.5679,0.0774,0.5418
2014-10-06T03:08:59.692Z,0.0247,0.0424,0.56,0.0758,0.5724,0.0155,0.0389,0.6147,0.0634,0.3682,0.0224,0.0424,0.5511,0.0758,0.5179
2014-10-06T03:09:59.242Z,0.0223,0.0403,0.5623,0.0706,0.5274,0.0187,0.0413,0.6181,0.0652,0.4087,0.0255,0.0452,0.5813,0.0777,0.5594
2014-10-06T03:10:59.538Z,0.0263,0.0423,0.5649,0.0743,0.5757,0.0177,0.04,0.6151,0.064,0.4246,0.0237,0.0446,0.5729,0.0766,0.556
2014-10-06T03:11:59.992Z,0.0226,0.0421,0.5709,0.0726,0.5344,0.0171,0.0409,0.6288,0.0647,0.3521,0.0226,0.0426,0.5556,0.0759,0.5174
2014-10-06T03:12:59.954Z,0.025,0.0413,0.5574,0.0732,0.5684,0.0161,0.0384,0.6116,0.0634,0.3939,0.0229,0.0432,0.5679,0.0755,0.525
2014-10-06T03:13:59.292Z,0.0251,0.0434,0.5697,0.076,0.572,0.0197,0.044,0.6251,0.0677,0.4234,0.0234,0.0431,0.5689,0.0769,0.5349
2014-10-06T03:14:59.605Z,0.0229,0.0409,0.5594,0.072,0.5331,0.0197,0.0434,0.6203,0.0683,0.3957,0.0243,0.0437,0.5674,0.0777,0.5509
2014-10-06T03:15:59.990Z,0.0227,0.0408,0.5619,0.0715,0.545,0.0165,0.0419,0.6215,0.0677,0.3404,0.0215,0.0404,0.5446,0.0765,0.5196
2014-10-06T03:16:59.319Z,0.0203,0.0382,0.5518,0.0691,0.5059,0.0156,0.0382,0.5991,0.0618,0.3685,0.0238,0.0444,0.5771,0.0779,0.5353
2014-10-06T03:17:59.678Z,0.0255,0.0441,0.5766,0.0738,0.5669,0.0169,0.04,0.6041,0.0641,0.3872,0.0221,0.0417,0.5517,0.0752,0.5234
2014-10-06T03:18:59.088Z,0.0226,0.0423,0.5732,0.0732,0.5123,0.0184,0.0419,0.6213,0.0655,0.4029,0.0223,0.0432,0.5655,0.0777,0.529
2014-10-06T03:19:59.539Z,0.0281,0.0442,0.5769,0.0764,0.5978,0.0183,0.0442,0.6444,0.0669,0.4028,0.0228,0.0439,0.5744,0.0786,0.5161
2014-10-06T03:20:59.807Z,0.0222,0.0408,0.5627,0.0716,0.5189,0.0203,0.0416,0.6278,0.0654,0.4043,0.0238,0.0438,0.5678,0.0759,0.5481
2014-10-06T03:21:59.329Z,0.0255,0.0436,0.5721,0.0752,0.5662,0.0195,0.0429,0.6298,0.0671,0.4074,0.0229,0.0443,0.5783,0.0771,0.5174
2014-10-06T03:22:59.690Z,0.0235,0.0422,0.5627,0.0738,0.5219,0.0211,0.043,0.6246,0.0678,0.4378,0.0246,0.0441,0.5741,0.077,0.5562
2014-10-06T03:23:59.074Z,0.0242,0.0427,0.577,0.0727,0.5161,0.0179,0.0406,0.6248,0.0642,0.4012,0.0236,0.0436,0.5761,0.0755,0.5227
2014-10-06T03:24:59.457Z,0.0247,0.0423,0.571,0.0737,0.5617,0.0153,0.0367,0.6063,0.061,0.376,0.0227,0.0413,0.5567,0.0757,0.5457
2014-10-06T03:25:59.856Z,0.0247,0.0419,0.5656,0.0731,0.5481,0.015,0.0381,0.6,0.0636,0.3747,0.0261,0.0453,0.5881,0.0781,0.5481
2014-10-06T03:26:59.069Z,0.0257,0.0432,0.5714,0.0746,0.5468,0.0208,0.0416,0.6208,0.0673,0.4138,0.0219,0.0424,0.5643,0.0749,0.5184
2014-10-06T03:27:59.399Z,0.0228,0.0409,0.5662,0.0716,0.525,0.015,0.0366,0.6075,0.0613,0.3525,0.0247,0.0438,0.5747,0.0753,0.5378
2014-10-06T03:28:59.799Z,0.016,0.0356,0.5444,0.0636,0.4508,0.0104,0.0284,0.5676,0.0528,0.2508,0.0232,0.0416,0.5464,0.076,0.5404
2014-10-06T03:29:59.287Z,0.0261,0.0433,0.5706,0.0742,0.5648,0.0161,0.0376,0.6076,0.0627,0.4061,0.0215,0.0421,0.5503,0.0755,0.5058
2014-10-06T03:30:59.652Z,0.0228,0.04,0.5513,0.0705,0.5433,0.0156,0.04,0.6072,0.0669,0.3462,0.0244,0.0444,0.5746,0.0779,0.5328
2014-10-06T03:31:59.984Z,0.0243,0.0416,0.5603,0.073,0.56,0.0176,0.0422,0.6178,0.0662,0.3932,0.0227,0.0435,0.5635,0.0754,0.5235
2014-10-06T03:32:59.345Z,0.0231,0.0421,0.5697,0.0724,0.5169,0.0155,0.0403,0.6262,0.0641,0.3362,0.0228,0.0434,0.5655,0.079,0.4841
2014-10-06T03:33:59.772Z,0.0287,0.0458,0.5874,0.0755,0.5784,0.0161,0.0397,0.6197,0.0632,0.3503,0.0213,0.0426,0.57,0.0771,0.5068
2014-10-06T03:34:59.351Z,0.0237,0.0423,0.5737,0.0727,0.5407,0.017,0.0417,0.627,0.0633,0.3943,0.023,0.043,0.566,0.0757,0.533
2014-10-06T03:35:59.832Z,0.0247,0.0424,0.5712,0.0724,0.5441,0.0179,0.0403,0.6221,0.0647,0.3779,0.0241,0.0447,0.5741,0.0776,0.5403
2014-10-06T03:36:59.340Z,0.0253,0.0424,0.57,0.075,0.5826,0.0182,0.0406,0.6253,0.0653,0.4232,0.0221,0.0415,0.5668,0.075,0.5226
2014-10-06T03:37:59.710Z,0.0248,0.0424,0.5794,0.0721,0.523,0.0167,0.0403,0.6164,0.0633,0.3891,0.0236,0.0442,0.5697,0.0776,0.5224
2014-10-06T03:38:59.125Z,0.0259,0.043,0.5826,0.0741,0.5467,0.0167,0.0393,0.6044,0.0626,0.4093,0.0252,0.0448,0.5844,0.0785,0.5641
2014-10-06T03:39:59.535Z,0.0279,0.0457,0.5764,0.0788,0.5974,0.0229,0.0457,0.626,0.0724,0.4555,0.0229,0.0433,0.5729,0.0755,0.5317
2014-10-06T03:40:59.839Z,0.0242,0.0432,0.5723,0.0735,0.5435,0.019,0.0403,0.6168,0.0635,0.4161,0.0242,0.0452,0.5777,0.0758,0.5435
2014-10-06T03:41:59.233Z,0.0224,0.0412,0.5682,0.0718,0.5261,0.0161,0.0394,0.6142,0.0636,0.3642,0.0236,0.0436,0.5718,0.0758,0.5355
2014-10-06T03:42:59.477Z,0.0252,0.0439,0.5832,0.0726,0.5397,0.0148,0.04,0.6048,0.0645,0.361,0.0239,0.0445,0.5658,0.0774,0.5319
2014-10-06T03:43:59.873Z,0.0183,0.0377,0.5523,0.069,0.474,0.0137,0.038,0.617,0.0607,0.3357,0.024,0.043,0.5553,0.0767,0.5233
2014-10-06T03:44:59.284Z,0.02,0.0404,0.5627,0.07,0.5038,0.0169,0.0392,0.6123,0.0623,0.3996,0.0223,0.0442,0.585,0.0762,0.5135
2014-10-06T03:45:59.029Z,0.0285,0.0441,0.5797,0.0754,0.5887,0.0195,0.0431,0.6133,0.0687,0.3972,0.0246,0.0436,0.5692,0.0774,0.5464
2014-10-06T03:46:59.370Z,0.0287,0.0446,0.5733,0.0785,0.6023,0.0174,0.0421,0.6221,0.0662,0.3741,0.0238,0.0451,0.5859,0.0782,0.5354
2014-10-06T03:47:59.865Z,0.025,0.0441,0.5709,0.0759,0.5521,0.0176,0.04,0.6194,0.0641,0.3985,0.0232,0.0426,0.5662,0.0765,0.5362
2014-10-06T03:48:59.399Z,0.0277,0.0445,0.5813,0.0755,0.5735,0.0174,0.0397,0.6171,0.0648,0.4258,0.0235,0.0445,0.5635,0.0765,0.5245
2014-10-06T03:49:59.803Z,0.0273,0.0446,0.5749,0.0778,0.5843,0.017,0.0408,0.5997,0.0657,0.4089,0.0235,0.0432,0.5632,0.077,0.5314
2014-10-06T03:50:59.239Z,0.024,0.0428,0.5613,0.0734,0.5574,0.0215,0.0436,0.6179,0.0696,0.4709,0.0245,0.0438,0.5723,0.0749,0.5513
2014-10-06T03:51:59.877Z,0.0267,0.0451,0.5777,0.0774,0.567,0.0186,0.0402,0.6098,0.0656,0.4167,0.0242,0.0447,0.5716,0.0756,0.5437
2014-10-06T03:52:59.475Z,0.0262,0.0424,0.5624,0.0743,0.5738,0.0203,0.0424,0.6143,0.0678,0.44,0.0235,0.0443,0.5673,0.0776,0.5324
2014-10-06T03:53:59.126Z,0.0253,0.0425,0.5693,0.0735,0.5535,0.0193,0.0413,0.6173,0.0648,0.4145,0.0228,0.0435,0.5622,0.075,0.5295
2014-10-06T03:54:59.608Z,0.0277,0.0449,0.5655,0.0785,0.5957,0.0219,0.0453,0.6298,0.0704,0.4562,0.0236,0.0445,0.5745,0.0764,0.544
2014-10-06T03:55:59.990Z,0.0267,0.0439,0.5752,0.0727,0.5703,0.0148,0.0382,0.6082,0.0618,0.3567,0.0227,0.0433,0.5664,0.077,0.5248
2014-10-06T03:56:59.333Z,0.023,0.0419,0.5659,0.0726,0.5252,0.0133,0.0359,0.6,0.0611,0.3478,0.0222,0.0422,0.5426,0.0756,0.5122
2014-10-06T03:57:59.784Z,0.0298,0.0471,0.5829,0.0815,0.5902,0.0168,0.0415,0.6122,0.0671,0.3898,0.0237,0.0437,0.572,0.0761,0.5373
2014-10-06T03:58:59.108Z,0.0206,0.0403,0.5535,0.0719,0.5003,0.0152,0.0355,0.6042,0.0606,0.3574,0.021,0.0426,0.5581,0.0748,0.4865
2014-10-06T03:59:59.504Z,0.0256,0.0424,0.5741,0.0735,0.5562,0.0188,0.0374,0.5976,0.0626,0.4241,0.0232,0.0456,0.5853,0.0776,0.5291
2014-10-06T04:00:59.893Z,0.0249,0.0427,0.5622,0.0749,0.56,0.0181,0.0408,0.6238,0.0662,0.3719,0.0238,0.0446,0.5665,0.0757,0.5219
2014-10-06T04:01:59.304Z,0.0283,0.0467,0.5853,0.0772,0.5697,0.0169,0.0406,0.6131,0.0653,0.3931,0.0236,0.0433,0.5642,0.0764,0.5244
2014-10-06T04:02:59.867Z,0.0257,0.0427,0.5705,0.0743,0.5643,0.0176,0.0408,0.62,0.0646,0.3892,0.0219,0.0422,0.5484,0.0757,0.507
2014-10-06T04:03:59.118Z,0.0207,0.0403,0.562,0.0703,0.4897,0.0183,0.0413,0.6327,0.0623,0.379,0.025,0.0443,0.578,0.076,0.5513
2014-10-06T04:04:59.749Z,0.0212,0.04,0.5606,0.0703,0.5056,0.0168,0.0391,0.615,0.0609,0.3585,0.0232,0.0441,0.5688,0.0759,0.5182
2014-10-06T04:05:59.152Z,0.0263,0.0428,0.5697,0.0743,0.5703,0.018,0.0398,0.6155,0.065,0.411,0.0255,0.045,0.5722,0.078,0.5545
2014-10-06T04:06:59.784Z,0.0256,0.0432,0.5782,0.0744,0.5591,0.0176,0.04,0.6153,0.0653,0.3865,0.0241,0.0438,0.5691,0.0768,0.5574
2014-10-06T04:07:59.043Z,0.0306,0.0475,0.5878,0.0792,0.5997,0.0194,0.0425,0.6131,0.0678,0.4233,0.0269,0.0461,0.5875,0.0786,0.5661
2014-10-06T04:08:59.435Z,0.0246,0.0431,0.5709,0.0743,0.5591,0.0189,0.04,0.6203,0.0657,0.4111,0.0223,0.0434,0.5577,0.0771,0.526
2014-10-06T04:09:59.880Z,0.0232,0.0424,0.569,0.0732,0.5183,0.018,0.042,0.6161,0.0668,0.3778,0.0249,0.0441,0.592,0.0759,0.5529
2014-10-06T04:10:59.267Z,0.0223,0.0403,0.5683,0.0707,0.5183,0.0163,0.037,0.6173,0.061,0.38,0.0213,0.0423,0.556,0.076,0.489
2014-10-06T04:11:59.562Z,0.025,0.0434,0.5795,0.0742,0.5389,0.0179,0.0395,0.6108,0.0637,0.4129,0.0237,0.0458,0.5837,0.0787,0.5182
2014-10-06T04:12:59.845Z,0.0239,0.0423,0.5603,0.0732,0.5471,0.0165,0.0406,0.6048,0.0652,0.4071,0.0239,0.0442,0.5648,0.0781,0.5342
2014-10-06T04:13:59.150Z,0.0278,0.0463,0.5825,0.0775,0.5775,0.0156,0.0391,0.5994,0.0644,0.4037,0.0228,0.0428,0.5634,0.0756,0.5209
2014-10-06T04:14:59.482Z,0.024,0.0423,0.5707,0.0727,0.5323,0.0153,0.0393,0.6133,0.064,0.354,0.0277,0.0473,0.5817,0.08,0.5727
2014-10-06T04:15:59.168Z,0.0232,0.0416,0.5635,0.0713,0.5177,0.0197,0.0423,0.6216,0.0674,0.4123,0.0261,0.0455,0.5661,0.0781,0.5468
2014-10-06T04:16:59.522Z,0.0254,0.0426,0.5763,0.0731,0.558,0.0166,0.0383,0.6154,0.0629,0.368,0.0214,0.0431,0.56,0.0766,0.5074
2014-10-06T04:17:59.994Z,0.0268,0.0441,0.575,0.0744,0.5632,0.0159,0.0391,0.6044,0.0632,0.3776,0.0247,0.045,0.5741,0.0788,0.5465
2014-10-06T04:18:59.290Z,0.0221,0.0408,0.5621,0.0725,0.5246,0.015,0.0379,0.6104,0.0621,0.3542,0.0217,0.0413,0.5537,0.0758,0.5383
2014-10-06T04:19:59.655Z,0.0211,0.0397,0.552,0.0717,0.5383,0.0174,0.0403,0.5994,0.066,0.3651,0.0226,0.0431,0.5623,0.076,0.528
2014-10-06T04:20:59.943Z,0.0181,0.0358,0.5396,0.0669,0.51,0.0162,0.0381,0.6069,0.0635,0.3773,0.0262,0.0465,0.5758,0.0785,0.5477
2014-10-06T04:21:59.284Z,0.0226,0.0417,0.5614,0.0734,0.5289,0.0191,0.0411,0.624,0.0651,0.4,0.0237,0.0449,0.5651,0.0763,0.5271
2014-10-06T04:22:59.592Z,0.0258,0.0435,0.5716,0.0748,0.5606,0.0145,0.0381,0.6048,0.0606,0.3629,0.0226,0.0429,0.5571,0.0752,0.5232
2014-10-06T04:23:59.937Z,0.0266,0.0432,0.5661,0.0761,0.5839,0.018,0.0415,0.6088,0.0663,0.4241,0.0224,0.0424,0.5651,0.0761,0.5256
2014-10-06T04:24:59.275Z,0.0253,0.0438,0.575,0.075,0.5484,0.0125,0.0356,0.5994,0.0594,0.3134,0.0219,0.0431,0.56,0.0763,0.4909
2014-10-06T04:25:59.808Z,0.0236,0.0416,0.5591,0.0742,0.5513,0.0169,0.0391,0.6113,0.0633,0.3771,0.0229,0.0429,0.5673,0.0756,0.5071
2014-10-06T04:26:59.219Z,0.0289,0.0465,0.5854,0.0781,0.5695,0.0203,0.0411,0.6168,0.0654,0.4249,0.0227,0.0432,0.5684,0.0751,0.5122
2014-10-06T04:27:59.736Z,0.0247,0.0422,0.5659,0.0731,0.5556,0.0128,0.035,0.5912,0.0591,0.3516,0.0228,0.0434,0.5556,0.0772,0.5237
2014-10-06T04:28:59.099Z,0.0248,0.0421,0.57,0.0741,0.579,0.0176,0.0421,0.6128,0.0672,0.4159,0.0228,0.0428,0.5459,0.0762,0.529
2014-10-06T04:29:59.587Z,0.0274,0.0447,0.58,0.0755,0.5826,0.0168,0.0405,0.6026,0.0653,0.3863,0.0237,0.0434,0.5692,0.0768,0.5408
2014-10-06T04:30:59.104Z,0.0234,0.0421,0.5674,0.0732,0.5447,0.02,0.0418,0.6111,0.0684,0.4192,0.0234,0.0439,0.5679,0.0774,0.5163
2014-10-06T04:31:59.532Z,0.0263,0.0435,0.5667,0.0767,0.5551,0.0223,0.0456,0.6288,0.0709,0.4512,0.0263,0.0453,0.583,0.0784,0.5633
2014-10-06T04:32:59.082Z,0.0271,0.0431,0.5691,0.0749,0.582,0.0206,0.0434,0.6129,0.0689,0.42,0.0231,0.042,0.5549,0.0766,0.538
2014-10-06T04:33:59.563Z,0.0276,0.0449,0.5743,0.0768,0.5676,0.0176,0.0405,0.6149,0.0662,0.3943,0.0227,0.0438,0.56,0.0773,0.5292
2014-10-06T04:34:59.709Z,0.0271,0.0445,0.5695,0.0764,0.5826,0.0174,0.0412,0.6057,0.0667,0.4083,0.025,0.0462,0.5833,0.0786,0.5271
2014-10-06T04:35:59.227Z,0.0243,0.0416,0.5665,0.0719,0.553,0.0186,0.0411,0.6111,0.0681,0.4197,0.0235,0.0432,0.5622,0.0768,0.5243
2014-10-06T04:36:59.587Z,0.0268,0.0444,0.5656,0.0765,0.5738,0.02,0.0412,0.6162,0.0668,0.4385,0.0235,0.0432,0.5526,0.0776,0.5435
2014-10-06T04:37:59.011Z,0.0216,0.0397,0.5532,0.0713,0.5287,0.0155,0.0355,0.5826,0.061,0.3629,0.0216,0.0429,0.5445,0.0745,0.5155
2014-10-06T04:38:59.392Z,0.0231,0.0406,0.5531,0.0728,0.5442,0.0197,0.0394,0.5928,0.0661,0.4331,0.0236,0.0431,0.5522,0.0775,0.5361
2014-10-06T04:39:59.795Z,0.0268,0.0439,0.5656,0.0766,0.5785,0.0176,0.04,0.5895,0.0659,0.4054,0.0259,0.0454,0.5617,0.079,0.5615
2014-10-06T04:40:59.144Z,0.0268,0.0438,0.5646,0.0759,0.577,0.02,0.0422,0.5986,0.0689,0.4092,0.0222,0.0424,0.5411,0.0773,0.5381
2014-10-06T04:41:59.466Z,0.0269,0.0446,0.5697,0.076,0.5883,0.0183,0.0397,0.5949,0.0666,0.4103,0.0206,0.0403,0.5346,0.0769,0.5217
2014-10-06T04:42:59.968Z,0.0264,0.0424,0.5571,0.0743,0.5714,0.0181,0.039,0.5933,0.0671,0.3802,0.0233,0.0431,0.5495,0.0762,0.536
2014-10-06T04:43:59.491Z,0.0265,0.0438,0.5654,0.0757,0.563,0.0186,0.04,0.6068,0.0654,0.4165,0.0222,0.0427,0.5516,0.0765,0.5324
2014-10-06T04:44:59.943Z,0.0269,0.0436,0.5636,0.0758,0.5861,0.0147,0.0347,0.5861,0.0611,0.375,0.0217,0.0417,0.5419,0.0761,0.5317
2014-10-06T04:45:59.544Z,0.0288,0.0459,0.5813,0.075,0.5925,0.0134,0.0372,0.585,0.0631,0.3569,0.0219,0.0416,0.5431,0.0753,0.5184
2014-10-06T04:46:59.840Z,0.0221,0.0404,0.5529,0.0679,0.5318,0.0136,0.0354,0.5718,0.0618,0.3396,0.0225,0.0414,0.5361,0.0757,0.5443
2014-10-06T04:47:59.119Z,0.0276,0.0445,0.5629,0.0779,0.5945,0.0217,0.0431,0.6021,0.0707,0.4524,0.0248,0.0438,0.5645,0.0779,0.5493
2014-10-06T04:48:59.618Z,0.0283,0.0448,0.5714,0.0779,0.5974,0.0205,0.0419,0.6052,0.0681,0.4443,0.0229,0.0421,0.5488,0.0769,0.5436
2014-10-06T04:49:59.954Z,0.02,0.0392,0.5528,0.0676,0.5024,0.014,0.0348,0.5828,0.0604,0.3136,0.0208,0.0408,0.5348,0.0752,0.514
2014-10-06T04:50:59.344Z,0.0247,0.0425,0.5656,0.0742,0.5508,0.0142,0.0372,0.5811,0.0642,0.3564,0.0214,0.0403,0.5333,0.0742,0.5325
2014-10-06T04:51:59.771Z,0.0273,0.044,0.5662,0.0765,0.5822,0.0195,0.0405,0.5863,0.0685,0.4405,0.0225,0.0423,0.5445,0.076,0.5263
2014-10-06T04:52:59.084Z,0.0226,0.0394,0.5465,0.0703,0.5432,0.0161,0.0384,0.5968,0.0645,0.3916,0.0213,0.0419,0.5435,0.0761,0.5239
2014-10-06T04:53:59.445Z,0.0289,0.0456,0.5783,0.0767,0.5892,0.0242,0.0442,0.62,0.0711,0.4753,0.0236,0.0436,0.5597,0.0781,0.5328
2014-10-06T04:54:59.098Z,0.0226,0.039,0.5535,0.0706,0.5335,0.0132,0.0368,0.5958,0.0616,0.3323,0.0232,0.0416,0.5442,0.0752,0.5494
2014-10-06T04:55:59.788Z,0.0269,0.0436,0.5628,0.0751,0.5905,0.0203,0.0418,0.62,0.0667,0.4256,0.0231,0.0436,0.5687,0.0777,0.5321
2014-10-06T04:56:59.995Z,0.0277,0.045,0.5783,0.0757,0.5933,0.0127,0.0347,0.5907,0.0593,0.3473,0.025,0.0453,0.573,0.0777,0.5213
2014-10-06T04:57:59.426Z,0.0245,0.0415,0.56,0.0723,0.565,0.0168,0.0383,0.5848,0.065,0.3775,0.027,0.0465,0.573,0.0785,0.555
2014-10-06T04:58:59.833Z,0.0256,0.0428,0.5672,0.0742,0.5656,0.0158,0.0394,0.5967,0.0653,0.3789,0.0247,0.045,0.5692,0.0767,0.555
2014-10-06T04:59:59.152Z,0.0239,0.0422,0.56,0.0742,0.5258,0.0192,0.0378,0.6,0.0642,0.4119,0.0222,0.0428,0.5561,0.0769,0.5131
2014-10-06T05:00:59.471Z,0.0273,0.0434,0.5609,0.0775,0.5891,0.0216,0.0418,0.5993,0.0707,0.4748,0.0243,0.0434,0.5577,0.0777,0.5557
2014-10-06T05:01:59.816Z,0.0242,0.0405,0.5513,0.0729,0.5795,0.0184,0.0403,0.6042,0.0668,0.4089,0.0221,0.0421,0.5518,0.0745,0.5216
2014-10-06T05:02:59.163Z,0.0178,0.037,0.5526,0.0667,0.4867,0.0144,0.037,0.6015,0.0604,0.3693,0.0237,0.0452,0.567,0.0789,0.5311
2014-10-06T05:03:59.708Z,0.0264,0.0436,0.5689,0.0753,0.5706,0.0214,0.0428,0.6125,0.0669,0.4258,0.0217,0.0408,0.5431,0.0736,0.535
2014-10-06T05:04:59.038Z,0.0246,0.0403,0.5551,0.0719,0.5678,0.0165,0.0386,0.6,0.0624,0.3665,0.0224,0.0414,0.543,0.0754,0.5305
2014-10-06T05:05:59.383Z,0.0233,0.0415,0.5612,0.0739,0.5324,0.02,0.0409,0.6039,0.0688,0.4503,0.0224,0.0424,0.5518,0.0761,0.52
2014-10-06T05:06:59.588Z,0.0229,0.0417,0.5526,0.0751,0.524,0.0109,0.0334,0.5737,0.0571,0.318,0.0229,0.0429,0.5543,0.0769,0.5423
2014-10-06T05:07:59.949Z,0.0275,0.0441,0.5731,0.0741,0.5788,0.0178,0.0413,0.6087,0.0663,0.41,0.0241,0.0431,0.5506,0.0769,0.5566
2014-10-06T05:08:59.425Z,0.0269,0.0438,0.5747,0.0753,0.5734,0.0159,0.0372,0.5916,0.0622,0.3841,0.0241,0.0428,0.5531,0.0778,0.5466
2014-10-06T05:09:59.864Z,0.0286,0.0451,0.5723,0.0786,0.614,0.0214,0.0411,0.6094,0.0689,0.4574,0.0226,0.0426,0.5554,0.0769,0.5289
2014-10-06T05:10:59.632Z,0.0268,0.0444,0.5756,0.0774,0.5826,0.0182,0.0385,0.5941,0.0653,0.4259,0.0226,0.0424,0.5491,0.0768,0.5268
2014-10-06T05:11:59.051Z,0.0247,0.0431,0.5678,0.0731,0.5425,0.0164,0.04,0.5936,0.0661,0.3739,0.0233,0.0442,0.5575,0.0781,0.5197
2014-10-06T05:12:59.383Z,0.0255,0.0416,0.5655,0.0739,0.5665,0.0194,0.0429,0.6068,0.0687,0.4119,0.0229,0.0435,0.5532,0.0781,0.5406
2014-10-06T05:13:59.819Z,0.025,0.0421,0.555,0.0738,0.5759,0.0162,0.0409,0.6035,0.0659,0.3818,0.0226,0.0426,0.5553,0.0774,0.5544
2014-10-06T05:14:59.160Z,0.0227,0.0403,0.5541,0.0724,0.5638,0.0181,0.0395,0.5997,0.0662,0.4146,0.0243,0.0432,0.5505,0.0759,0.5573
2014-10-06T05:15:59.867Z,0.0261,0.0429,0.5668,0.0748,0.5774,0.0203,0.0423,0.6084,0.07,0.4484,0.0223,0.0423,0.5503,0.0748,0.5326
2014-10-06T05:16:59.215Z,0.0267,0.042,0.563,0.0743,0.5817,0.0143,0.0377,0.5947,0.0623,0.377,0.0207,0.041,0.5363,0.0757,0.5113
2014-10-06T05:17:59.656Z,0.02,0.0374,0.5474,0.0693,0.5196,0.0133,0.0356,0.5926,0.0604,0.3574,0.0219,0.0415,0.5389,0.0748,0.5411
2014-10-06T05:18:59.112Z,0.0258,0.0424,0.5689,0.0737,0.5616,0.0184,0.0413,0.6037,0.0661,0.4108,0.0237,0.0437,0.5553,0.0766,0.5421
2014-10-06T05:19:59.373Z,0.022,0.0418,0.5428,0.0758,0.5227,0.0145,0.0368,0.5955,0.0618,0.369,0.0248,0.0443,0.562,0.077,0.5253
2014-10-06T05:20:59.808Z,0.0259,0.0426,0.5663,0.0759,0.5781,0.0122,0.0326,0.5767,0.0593,0.3604,0.0237,0.0444,0.5474,0.0789,0.5359
2014-10-06T05:21:59.213Z,0.0242,0.0427,0.5754,0.0738,0.5262,0.0146,0.0377,0.5977,0.0615,0.3746,0.0231,0.0427,0.5562,0.075,0.5488
2014-10-06T05:22:59.782Z,0.0274,0.0444,0.5687,0.0777,0.5951,0.0208,0.0413,0.6049,0.0682,0.4472,0.0246,0.0441,0.5654,0.0772,0.5395
2014-10-06T05:23:59.146Z,0.0263,0.043,0.5607,0.0767,0.5891,0.0214,0.0409,0.6014,0.0698,0.4458,0.0228,0.0435,0.5635,0.0767,0.5307
2014-10-06T05:24:59.579Z,0.0242,0.0424,0.5639,0.0736,0.5591,0.0158,0.0388,0.5861,0.0648,0.3891,0.0258,0.0436,0.5509,0.0776,0.5685
2014-10-06T05:25:59.874Z,0.0272,0.0441,0.5731,0.0764,0.58,0.0223,0.0446,0.6182,0.0708,0.44,0.0226,0.0421,0.5523,0.0754,0.5326
2014-10-06T05:26:59.215Z,0.0244,0.0419,0.5588,0.0741,0.5525,0.0172,0.0381,0.5922,0.065,0.3703,0.0231,0.0428,0.5569,0.0775,0.5509
2014-10-06T05:27:59.567Z,0.0248,0.0417,0.561,0.0734,0.559,0.0145,0.0359,0.5793,0.0614,0.3672,0.0234,0.0428,0.5407,0.0769,0.5593
2014-10-06T05:28:59.954Z,0.0227,0.04,0.5547,0.0723,0.5407,0.018,0.04,0.5937,0.068,0.442,0.0243,0.0423,0.5513,0.077,0.5677
2014-10-06T05:29:59.474Z,0.0277,0.0429,0.5729,0.0758,0.5771,0.0152,0.0365,0.5958,0.061,0.3677,0.0213,0.0429,0.56,0.0752,0.5013
2014-10-06T05:30:59.219Z,0.0313,0.0489,0.5995,0.0805,0.6042,0.0195,0.0418,0.6053,0.0695,0.4337,0.0218,0.0408,0.5442,0.075,0.5376
2014-10-06T05:31:59.696Z,0.0245,0.0427,0.5667,0.0733,0.5494,0.0176,0.04,0.5997,0.0661,0.4,0.0224,0.0415,0.5497,0.0755,0.5436
2014-10-06T05:32:59.205Z,0.0267,0.0437,0.5684,0.0763,0.5802,0.0193,0.0421,0.5972,0.0698,0.4265,0.024,0.0437,0.5635,0.0765,0.5598
2014-10-06T05:33:59.754Z,0.0254,0.0426,0.568,0.074,0.5531,0.016,0.0374,0.5834,0.0626,0.4114,0.0229,0.0423,0.552,0.0763,0.5394
2014-10-06T05:34:59.082Z,0.0269,0.0443,0.5749,0.076,0.5851,0.0171,0.0377,0.5931,0.0643,0.3931,0.0243,0.0434,0.5506,0.0777,0.5386
2014-10-06T05:35:59.467Z,0.0238,0.0412,0.5615,0.0721,0.5547,0.0159,0.0382,0.5959,0.0638,0.3732,0.0235,0.0418,0.5474,0.075,0.5424
2014-10-06T05:36:59.110Z,0.0276,0.0455,0.5791,0.0764,0.573,0.0148,0.0382,0.6,0.0627,0.3515,0.0227,0.0418,0.5539,0.0761,0.5415
2014-10-06T05:37:59.373Z,0.0206,0.0387,0.5577,0.0703,0.5271,0.0165,0.039,0.5961,0.0652,0.379,0.0223,0.0419,0.5352,0.0771,0.5339
2014-10-06T05:38:59.900Z,0.0203,0.039,0.5597,0.0686,0.5024,0.0172,0.0386,0.5897,0.0645,0.4221,0.0238,0.0424,0.5466,0.0752,0.549
2014-10-06T05:39:59.256Z,0.0252,0.0433,0.5629,0.0736,0.545,0.0181,0.039,0.5945,0.0652,0.4198,0.0236,0.0438,0.5583,0.0771,0.5424
2014-10-06T05:40:59.763Z,0.0269,0.0422,0.5486,0.0756,0.6044,0.0208,0.0417,0.6056,0.0689,0.4731,0.0253,0.0447,0.5567,0.0781,0.5589
2014-10-06T05:41:59.952Z,0.0224,0.0409,0.56,0.0715,0.5236,0.0167,0.04,0.6015,0.0639,0.4182,0.0218,0.0418,0.5433,0.0755,0.5121
2014-10-06T05:42:59.313Z,0.0274,0.045,0.5655,0.0776,0.5855,0.0202,0.0405,0.6038,0.0667,0.4238,0.0226,0.0419,0.5493,0.0762,0.5193
2014-10-06T05:43:59.502Z,0.0253,0.0432,0.5709,0.0747,0.5624,0.0174,0.0394,0.6021,0.0659,0.4226,0.0232,0.0426,0.5521,0.0744,0.5276
2014-10-06T05:44:59.915Z,0.0221,0.0403,0.5603,0.0718,0.5271,0.0153,0.0356,0.5856,0.0612,0.3588,0.0244,0.0444,0.5491,0.0779,0.54
2014-10-06T05:45:59.206Z,0.0253,0.0433,0.5681,0.0725,0.5531,0.0178,0.0378,0.5944,0.0631,0.3858,0.0256,0.0442,0.5706,0.0772,0.5536
2014-10-06T05:46:59.778Z,0.0272,0.0439,0.5681,0.0753,0.5872,0.0186,0.0389,0.5967,0.0653,0.4358,0.0231,0.0433,0.5536,0.0778,0.5342
2014-10-06T05:47:59.126Z,0.0235,0.0423,0.5671,0.0739,0.5261,0.0181,0.039,0.5919,0.0655,0.4219,0.0242,0.0442,0.559,0.0777,0.5368
2014-10-06T05:48:59.486Z,0.0266,0.0428,0.5581,0.0755,0.5891,0.0213,0.0428,0.6181,0.0668,0.4411,0.0232,0.0432,0.5551,0.0768,0.5223
2014-10-06T05:49:59.839Z,0.0262,0.0433,0.5669,0.0746,0.5726,0.0177,0.0382,0.5982,0.0636,0.4056,0.0213,0.0421,0.5497,0.0762,0.5223
2014-10-06T05:50:59.179Z,0.0251,0.0426,0.5669,0.0751,0.5737,0.018,0.0409,0.5946,0.0671,0.3926,0.0249,0.0446,0.5591,0.0766,0.5657
2014-10-06T05:51:59.568Z,0.0288,0.047,0.5897,0.0785,0.59,0.0191,0.04,0.6079,0.0667,0.4345,0.0227,0.043,0.5585,0.0782,0.53
2014-10-06T05:52:59.830Z,0.025,0.0427,0.5713,0.0737,0.5407,0.0153,0.0383,0.6087,0.0617,0.376,0.0233,0.0423,0.5587,0.0763,0.553
2014-10-06T05:53:59.382Z,0.0233,0.0408,0.5692,0.0725,0.5146,0.0146,0.0354,0.6071,0.0604,0.3492,0.0233,0.0438,0.5542,0.075,0.5371
2014-10-06T05:54:59.795Z,0.0289,0.0456,0.585,0.0764,0.5742,0.0189,0.0392,0.6042,0.0661,0.4178,0.0222,0.0425,0.5531,0.0764,0.5144
2014-10-06T05:55:59.136Z,0.0228,0.0409,0.5638,0.0719,0.5231,0.0175,0.0397,0.6059,0.0631,0.3825,0.0228,0.0428,0.5569,0.0753,0.5387
2014-10-06T05:56:59.615Z,0.0263,0.044,0.5615,0.0768,0.5723,0.0233,0.0458,0.6353,0.072,0.4638,0.0245,0.0438,0.5673,0.078,0.56
2014-10-06T05:57:59.052Z,0.0271,0.045,0.5806,0.0759,0.5671,0.0162,0.0391,0.5956,0.0647,0.4091,0.0197,0.0409,0.5359,0.0771,0.4994
2014-10-06T05:58:59.389Z,0.0236,0.0418,0.5661,0.0733,0.5527,0.0142,0.0364,0.5833,0.0615,0.3024,0.0224,0.0424,0.54,0.0758,0.5427
2014-10-06T05:59:59.782Z,0.0255,0.0428,0.5772,0.0745,0.5755,0.0179,0.0386,0.5934,0.0655,0.4303,0.0228,0.0424,0.5434,0.0759,0.5407
2014-10-06T06:00:59.285Z,0.0247,0.0418,0.5592,0.0742,0.5495,0.0195,0.04,0.6137,0.0655,0.4255,0.0229,0.0432,0.5576,0.0758,0.5318
2014-10-06T06:01:59.725Z,0.027,0.0441,0.5708,0.0754,0.5665,0.0181,0.0386,0.5927,0.0646,0.4262,0.0241,0.043,0.5543,0.077,0.5316
2014-10-06T06:02:59.731Z,0.0213,0.0403,0.561,0.0713,0.4916,0.0135,0.0352,0.5816,0.0594,0.3523,0.0235,0.0416,0.5439,0.0752,0.5513
2014-10-06T06:03:59.123Z,0.0276,0.0435,0.563,0.0768,0.5976,0.0216,0.0424,0.6043,0.0708,0.4686,0.0238,0.0438,0.5562,0.0784,0.5286
2014-10-06T06:04:59.807Z,0.0276,0.0442,0.5721,0.0764,0.5885,0.0182,0.0415,0.6103,0.067,0.4033,0.0215,0.0409,0.5448,0.0755,0.5236
2014-10-06T06:05:59.151Z,0.0231,0.0414,0.5609,0.0734,0.528,0.0163,0.0374,0.6071,0.0617,0.3631,0.0214,0.042,0.5457,0.0757,0.5123
2014-10-06T06:06:59.589Z,0.0279,0.0442,0.5682,0.0771,0.6013,0.0182,0.0405,0.6087,0.0666,0.4182,0.0242,0.0437,0.5626,0.0771,0.5492
2014-10-06T06:07:59.926Z,0.0249,0.0426,0.568,0.0731,0.5471,0.0166,0.0397,0.6037,0.0657,0.3883,0.024,0.0443,0.5646,0.0763,0.5389
2014-10-06T06:08:59.372Z,0.0263,0.0434,0.5716,0.0753,0.5659,0.0184,0.0403,0.6091,0.0659,0.4397,0.0241,0.0431,0.5553,0.0772,0.5519
2014-10-06T06:09:59.767Z,0.0267,0.0436,0.5633,0.0756,0.5783,0.0156,0.0383,0.5956,0.0653,0.3792,0.025,0.0436,0.5617,0.0781,0.5522
2014-10-06T06:10:59.170Z,0.0239,0.041,0.5665,0.0729,0.5519,0.0168,0.0384,0.5952,0.0639,0.3829,0.0197,0.0406,0.5323,0.0765,0.4887
2014-10-06T06:11:59.547Z,0.0241,0.0422,0.5592,0.0749,0.5516,0.0151,0.0357,0.5808,0.0624,0.3876,0.0241,0.0435,0.5503,0.0776,0.5373
2014-10-06T06:12:59.845Z,0.027,0.0453,0.5709,0.0772,0.5874,0.0202,0.0419,0.6063,0.0681,0.4233,0.0237,0.0437,0.5607,0.077,0.5377
2014-10-06T06:13:59.713Z,0.0253,0.0424,0.5659,0.0735,0.5474,0.0162,0.0382,0.6021,0.0629,0.3874,0.0224,0.0418,0.5394,0.0771,0.5306
2014-10-06T06:14:59.080Z,0.0269,0.0443,0.5674,0.0766,0.5609,0.0234,0.0446,0.6157,0.0723,0.4846,0.0231,0.0434,0.5511,0.0769,0.5303
2014-10-06T06:15:59.570Z,0.0245,0.0423,0.5635,0.0739,0.561,0.0148,0.0381,0.5932,0.0616,0.3661,0.0248,0.0448,0.5623,0.0787,0.5435
2014-10-06T06:16:59.163Z,0.0238,0.0415,0.5673,0.0719,0.525,0.0158,0.0362,0.5869,0.0615,0.3715,0.0246,0.0442,0.5646,0.0765,0.5627
2014-10-06T06:17:59.780Z,0.0249,0.0423,0.5594,0.074,0.5546,0.02,0.04,0.6003,0.0666,0.4289,0.0231,0.042,0.548,0.0763,0.5403
2014-10-06T06:18:59.603Z,0.0295,0.0449,0.5735,0.0768,0.6186,0.0168,0.0392,0.59,0.067,0.3911,0.0222,0.0419,0.5373,0.0765,0.5305
2014-10-06T06:19:59.899Z,0.0241,0.0416,0.5603,0.0741,0.5428,0.0219,0.0434,0.6153,0.0719,0.4475,0.0253,0.0444,0.5563,0.0775,0.5628
2014-10-06T06:20:59.228Z,0.0265,0.0438,0.5676,0.0762,0.5741,0.0189,0.0397,0.5914,0.067,0.4243,0.0224,0.0422,0.5438,0.0776,0.5403
2014-10-06T06:21:59.640Z,0.0258,0.0447,0.5728,0.0758,0.5417,0.0158,0.0389,0.59,0.0661,0.3747,0.0228,0.0431,0.5461,0.0761,0.5256
2014-10-06T06:22:59.043Z,0.0242,0.0413,0.5535,0.0732,0.549,0.0174,0.0397,0.5955,0.0645,0.3974,0.021,0.0419,0.5361,0.0758,0.5213
2014-10-06T06:23:59.352Z,0.0261,0.043,0.5607,0.0761,0.57,0.0182,0.0405,0.6027,0.0668,0.415,0.023,0.043,0.553,0.0759,0.5282
2014-10-06T06:24:59.665Z,0.0235,0.0413,0.5603,0.0726,0.5465,0.0165,0.0387,0.6013,0.0639,0.3761,0.0216,0.0419,0.5365,0.0755,0.5097
2014-10-06T06:25:59.010Z,0.0245,0.0411,0.5584,0.0732,0.5661,0.0192,0.0408,0.6089,0.0658,0.4274,0.0229,0.0432,0.5574,0.0763,0.5276
2014-10-06T06:26:59.771Z,0.0283,0.0456,0.5744,0.0767,0.5703,0.0183,0.0417,0.6017,0.0681,0.4033,0.0206,0.0406,0.5272,0.0756,0.5167
2014-10-06T06:27:59.150Z,0.0248,0.0416,0.568,0.0724,0.5484,0.016,0.0364,0.5896,0.0616,0.3756,0.02,0.04,0.5264,0.0744,0.512
2014-10-06T06:28:59.544Z,0.0295,0.0445,0.5618,0.078,0.6195,0.0223,0.0418,0.5984,0.0695,0.4743,0.0218,0.0425,0.5436,0.0775,0.5223
2014-10-06T06:29:59.897Z,0.0282,0.0456,0.5764,0.0772,0.5846,0.0172,0.0403,0.5972,0.0677,0.3885,0.0226,0.0421,0.5477,0.0751,0.5095
2014-10-06T06:30:59.245Z,0.023,0.0427,0.5642,0.0739,0.5285,0.017,0.0376,0.6106,0.0615,0.3867,0.0218,0.0406,0.5306,0.0773,0.527
2014-10-06T06:31:59.589Z,0.0196,0.0385,0.5578,0.0693,0.5119,0.0159,0.0385,0.6041,0.0656,0.3733,0.0233,0.043,0.5604,0.077,0.5415
2014-10-06T06:32:59.968Z,0.0259,0.0414,0.5524,0.0749,0.6049,0.0192,0.0411,0.5935,0.0684,0.4295,0.0214,0.0414,0.5378,0.0751,0.5349
2014-10-06T06:33:59.300Z,0.0288,0.0458,0.573,0.0783,0.581,0.0153,0.0378,0.5972,0.0623,0.381,0.0238,0.0423,0.5462,0.076,0.546
2014-10-06T06:34:59.701Z,0.0248,0.0432,0.569,0.0739,0.5452,0.0145,0.0371,0.5906,0.0629,0.3474,0.0219,0.0423,0.5571,0.0755,0.539
2014-10-06T06:35:59.974Z,0.0243,0.0427,0.5605,0.0762,0.5665,0.0203,0.0446,0.6176,0.0708,0.4197,0.0224,0.043,0.5459,0.077,0.53
2014-10-06T06:36:59.714Z,0.0255,0.0421,0.56,0.0745,0.5729,0.0195,0.0408,0.6005,0.0674,0.4105,0.0216,0.0429,0.5597,0.075,0.5089
2014-10-06T06:37:59.043Z,0.0251,0.0427,0.5603,0.0751,0.5514,0.0154,0.037,0.5954,0.0635,0.3876,0.0243,0.0438,0.5505,0.0781,0.5462
2014-10-06T06:38:59.445Z,0.0237,0.0413,0.5587,0.0723,0.547,0.0137,0.0353,0.5843,0.0607,0.3597,0.023,0.0423,0.5473,0.076,0.5483
2014-10-06T06:39:59.864Z,0.0241,0.0427,0.552,0.0751,0.5485,0.0195,0.0427,0.6015,0.0688,0.4432,0.0207,0.041,0.5385,0.0741,0.5129
2014-10-06T06:40:59.899Z,0.0242,0.0413,0.5511,0.0729,0.5329,0.0174,0.0392,0.5974,0.0658,0.405,0.0216,0.0418,0.5432,0.0766,0.5292
2014-10-06T06:41:59.206Z,0.0238,0.0414,0.5683,0.0728,0.5414,0.0134,0.0355,0.58,0.061,0.3248,0.0214,0.0414,0.5424,0.0745,0.5134
2014-10-06T06:42:59.500Z,0.0302,0.0474,0.5754,0.0796,0.605,0.0196,0.042,0.5946,0.0702,0.4389,0.0235,0.0428,0.5576,0.0761,0.54
2014-10-06T06:43:59.885Z,0.0193,0.0381,0.5504,0.0693,0.5074,0.0104,0.0326,0.5741,0.057,0.2974,0.0211,0.0393,0.5381,0.0744,0.53
2014-10-06T06:44:59.333Z,0.0274,0.0442,0.564,0.0756,0.5942,0.0202,0.0412,0.6107,0.0672,0.4381,0.0228,0.043,0.5563,0.0753,0.536
2014-10-06T06:45:59.698Z,0.0256,0.0422,0.5644,0.0738,0.565,0.0169,0.0416,0.5997,0.0681,0.3816,0.0228,0.0431,0.5534,0.0769,0.5366
2014-10-06T06:46:59.204Z,0.0238,0.041,0.5538,0.074,0.545,0.019,0.0415,0.608,0.0673,0.423,0.0223,0.0425,0.548,0.0763,0.5115
2014-10-06T06:47:59.561Z,0.0252,0.0436,0.5764,0.073,0.5385,0.0203,0.0421,0.6045,0.0667,0.4358,0.023,0.0421,0.5485,0.0764,0.537
2014-10-06T06:48:59.796Z,0.0239,0.0408,0.5492,0.0717,0.5628,0.0178,0.0408,0.5975,0.0669,0.3944,0.0231,0.0422,0.5528,0.0778,0.5364
2014-10-06T06:49:59.250Z,0.0253,0.0417,0.5657,0.0723,0.5483,0.015,0.0363,0.5863,0.06,0.411,0.0227,0.0403,0.544,0.0757,0.526
2014-10-06T06:50:59.595Z,0.0224,0.0403,0.5542,0.0727,0.5491,0.0161,0.0394,0.5991,0.0648,0.3845,0.0221,0.0412,0.5442,0.0755,0.5215
2014-10-06T06:51:59.096Z,0.026,0.0429,0.5597,0.0749,0.5906,0.0146,0.0394,0.5949,0.064,0.3763,0.0226,0.0437,0.5697,0.076,0.5174
2014-10-06T06:52:59.648Z,0.0221,0.0414,0.5614,0.0731,0.5176,0.0169,0.0383,0.5986,0.0638,0.3886,0.0217,0.0407,0.5428,0.0748,0.519
2014-10-06T06:53:59.119Z,0.0265,0.0435,0.5752,0.0742,0.561,0.0152,0.0374,0.5945,0.0619,0.3732,0.0232,0.0429,0.5526,0.0755,0.5477
2014-10-06T06:54:59.804Z,0.0187,0.0374,0.5484,0.0661,0.4955,0.0181,0.0384,0.5929,0.0629,0.3994,0.0239,0.0442,0.5681,0.0768,0.5274
2014-10-06T06:55:59.189Z,0.0252,0.0421,0.5703,0.0727,0.5642,0.0164,0.0391,0.5958,0.0648,0.3915,0.0245,0.0439,0.5594,0.0767,0.5573
2014-10-06T06:56:59.601Z,0.0312,0.0477,0.5909,0.0781,0.6021,0.0205,0.0433,0.6179,0.0691,0.4181,0.0247,0.044,0.5635,0.0763,0.5442
2014-10-06T06:57:59.891Z,0.0254,0.0441,0.5636,0.0759,0.5546,0.023,0.0466,0.6257,0.0739,0.4664,0.0252,0.0454,0.5748,0.0782,0.535
2014-10-06T06:58:59.150Z,0.0282,0.0439,0.5773,0.0767,0.607,0.0224,0.0436,0.6088,0.0718,0.4709,0.0236,0.0433,0.5624,0.077,0.5424
2014-10-06T06:59:59.489Z,0.0279,0.0459,0.5806,0.0768,0.5797,0.0171,0.04,0.5974,0.0659,0.4235,0.0215,0.0409,0.5515,0.0744,0.5162
2014-10-06T07:00:59.852Z,0.0235,0.04,0.5526,0.0726,0.5485,0.0176,0.0388,0.5974,0.0653,0.4038,0.0259,0.0438,0.5691,0.0771,0.5732
2014-10-06T07:01:59.240Z,0.0258,0.0439,0.5728,0.0756,0.5667,0.0169,0.0392,0.6031,0.0633,0.3714,0.0219,0.0425,0.5486,0.0761,0.5253
2014-10-06T07:02:59.524Z,0.0213,0.0407,0.562,0.0723,0.5057,0.0163,0.038,0.6017,0.0633,0.387,0.0213,0.0413,0.5437,0.0743,0.5173
2014-10-06T07:03:59.813Z,0.0224,0.0406,0.5491,0.0724,0.527,0.0176,0.0382,0.5845,0.0664,0.4055,0.0233,0.043,0.5458,0.077,0.5385
2014-10-06T07:04:59.673Z,0.0238,0.0415,0.559,0.0736,0.5418,0.0172,0.0377,0.5918,0.0644,0.4074,0.0233,0.0426,0.5479,0.0759,0.5374
2014-10-06T07:06:59.296Z,0.0263,0.0435,0.5625,0.0751,0.5783,0.0193,0.0408,0.6009,0.0683,0.4276,0.0229,0.0431,0.5569,0.0759,0.5461
2014-10-06T07:07:59.774Z,0.0257,0.0437,0.5686,0.0751,0.5543,0.0146,0.0383,0.5971,0.0629,0.3577,0.0223,0.0409,0.5389,0.0774,0.5486
2014-10-06T07:08:59.995Z,0.028,0.0443,0.5643,0.0766,0.602,0.0195,0.0407,0.5984,0.0675,0.4377,0.0232,0.0434,0.5577,0.077,0.5125
2014-10-06T07:09:59.231Z,0.0268,0.0425,0.5611,0.0732,0.5771,0.0164,0.0368,0.5918,0.0614,0.4032,0.0225,0.0418,0.5386,0.0764,0.5371
2014-10-06T07:10:59.687Z,0.0288,0.0457,0.5762,0.0762,0.5852,0.0207,0.0429,0.6031,0.0693,0.4431,0.0238,0.0429,0.5545,0.0767,0.5598
2014-10-06T07:11:59.837Z,0.0258,0.0439,0.5636,0.0728,0.5469,0.0172,0.0397,0.5989,0.0658,0.3781,0.0242,0.0436,0.5594,0.0783,0.5472
2014-10-06T07:12:59.063Z,0.0247,0.0431,0.5653,0.0739,0.5558,0.0167,0.0383,0.5961,0.0636,0.4064,0.0236,0.0428,0.54,0.075,0.5561
2014-10-06T07:13:59.363Z,0.0213,0.0416,0.5575,0.0728,0.5003,0.0156,0.0366,0.5737,0.0638,0.3953,0.0222,0.0422,0.5419,0.0759,0.5509
2014-10-06T07:14:59.769Z,0.0272,0.0448,0.5848,0.0732,0.5484,0.0136,0.036,0.5844,0.0612,0.3708,0.022,0.042,0.5324,0.0756,0.522
2014-10-06T07:15:59.096Z,0.0243,0.0422,0.5578,0.0751,0.5514,0.0197,0.0422,0.6035,0.0686,0.4532,0.0222,0.0427,0.5543,0.0765,0.5241
2014-10-06T07:16:59.592Z,0.0213,0.0403,0.558,0.07,0.4973,0.013,0.0343,0.5837,0.057,0.345,0.0247,0.0437,0.5623,0.0773,0.5463
2014-10-06T07:17:59.979Z,0.0247,0.0424,0.5647,0.0735,0.5632,0.0165,0.0388,0.5968,0.0662,0.3985,0.0221,0.0424,0.5588,0.0756,0.5191
2014-10-06T07:18:59.697Z,0.025,0.0435,0.5729,0.0747,0.5479,0.0194,0.0418,0.6,0.0685,0.4085,0.0229,0.0432,0.5506,0.0779,0.5394
2014-10-06T07:19:59.943Z,0.0232,0.0416,0.557,0.0741,0.5227,0.0208,0.0427,0.6178,0.0686,0.4151,0.0246,0.0446,0.5624,0.077,0.5284
2014-10-06T07:20:59.411Z,0.0232,0.0424,0.5635,0.0732,0.5476,0.0176,0.0397,0.5965,0.0641,0.4253,0.0226,0.0418,0.5388,0.0759,0.5353
2014-10-06T07:21:59.649Z,0.0282,0.0452,0.5785,0.0764,0.5848,0.0182,0.04,0.6052,0.067,0.423,0.0252,0.0442,0.5627,0.0776,0.5533
2014-10-06T07:22:59.065Z,0.0248,0.0412,0.5679,0.073,0.5621,0.0173,0.0394,0.6067,0.063,0.3927,0.0233,0.0421,0.5485,0.0755,0.5364
2014-10-06T07:23:59.467Z,0.0255,0.0421,0.5738,0.0728,0.5579,0.0172,0.0393,0.6007,0.0638,0.3979,0.0217,0.0421,0.5459,0.0755,0.5224
2014-10-06T07:24:59.773Z,0.0228,0.0414,0.5672,0.0724,0.5297,0.0152,0.0376,0.5914,0.0631,0.3838,0.0221,0.0421,0.5638,0.0741,0.5297
2014-10-06T07:25:59.082Z,0.0273,0.0445,0.5742,0.0764,0.5727,0.0188,0.0397,0.5985,0.067,0.4364,0.0233,0.0424,0.5455,0.0773,0.5388
2014-10-06T07:26:59.332Z,0.0247,0.0418,0.5679,0.0724,0.5618,0.0162,0.0391,0.5968,0.0644,0.3506,0.0224,0.0418,0.5471,0.0759,0.5353
2014-10-06T07:27:59.079Z,0.0243,0.0424,0.5659,0.0719,0.5468,0.0195,0.0397,0.6014,0.0654,0.4338,0.0238,0.0416,0.5432,0.0754,0.5557
2014-10-06T07:28:59.507Z,0.027,0.0459,0.5819,0.0762,0.5619,0.0184,0.0403,0.6108,0.0649,0.4214,0.0227,0.0427,0.5514,0.077,0.5351
2014-10-06T07:29:59.976Z,0.0267,0.0442,0.5673,0.0767,0.5818,0.0202,0.0424,0.6067,0.0678,0.4413,0.0244,0.044,0.5678,0.0758,0.5356
2014-10-06T07:30:59.411Z,0.0271,0.0459,0.5744,0.0773,0.5776,0.0168,0.0405,0.6024,0.0651,0.3934,0.0249,0.0437,0.5741,0.0761,0.5568
2014-10-06T07:31:59.761Z,0.0243,0.0419,0.5576,0.0727,0.5376,0.0181,0.0405,0.6062,0.0662,0.4297,0.0232,0.0424,0.5535,0.0749,0.5427
2014-10-06T07:32:59.148Z,0.0266,0.045,0.5616,0.0787,0.5613,0.0189,0.0408,0.5947,0.0684,0.4192,0.0218,0.0416,0.5524,0.0768,0.5216
2014-10-06T07:33:59.884Z,0.0226,0.0413,0.5528,0.0726,0.5392,0.0195,0.0397,0.6051,0.0659,0.4297,0.0249,0.0444,0.5638,0.0769,0.5518
2014-10-06T07:34:59.202Z,0.0294,0.0456,0.5759,0.0759,0.6079,0.0197,0.0429,0.6103,0.0703,0.4291,0.0235,0.0424,0.5568,0.0768,0.5574
2014-10-06T07:35:59.619Z,0.0275,0.0463,0.5807,0.0768,0.5713,0.0205,0.0428,0.6145,0.0683,0.4523,0.0233,0.0433,0.5533,0.0765,0.5417
2014-10-06T07:36:59.104Z,0.0288,0.0458,0.5744,0.0772,0.5884,0.0219,0.044,0.6195,0.0705,0.4423,0.0216,0.0421,0.5465,0.0763,0.5105
2014-10-06T07:37:59.436Z,0.0232,0.0419,0.5681,0.0723,0.5471,0.0229,0.0429,0.6165,0.069,0.4526,0.0232,0.041,0.5426,0.0745,0.5394
2014-10-06T07:39:59.505Z,0.025,0.043,0.5665,0.0744,0.5606,0.0176,0.0386,0.5959,0.0655,0.4159,0.0233,0.0434,0.5575,0.0775,0.5389
2014-10-06T07:40:59.032Z,0.0256,0.0434,0.5713,0.0756,0.5588,0.0163,0.0388,0.5894,0.0644,0.3797,0.0244,0.0434,0.5522,0.0778,0.5475
2014-10-06T07:41:59.459Z,0.0206,0.0394,0.5512,0.0688,0.4941,0.02,0.0444,0.6053,0.0685,0.4041,0.0226,0.0426,0.5556,0.0768,0.5279
2014-10-06T07:42:59.888Z,0.0263,0.0431,0.57,0.0743,0.5669,0.0149,0.0363,0.5951,0.0611,0.3629,0.0209,0.0409,0.5383,0.0743,0.5029
2014-10-06T07:43:59.389Z,0.022,0.041,0.567,0.072,0.5153,0.0167,0.0377,0.6007,0.063,0.4027,0.0197,0.0423,0.5487,0.0737,0.5073
2014-10-06T07:44:59.112Z,0.0236,0.0409,0.5576,0.0727,0.5261,0.0167,0.0388,0.6024,0.0639,0.3855,0.0227,0.0439,0.5594,0.077,0.5245
2014-10-06T07:45:59.491Z,0.0258,0.0426,0.563,0.0747,0.5702,0.0181,0.0402,0.5979,0.0663,0.4042,0.0244,0.0444,0.56,0.0786,0.5451
2014-10-06T07:46:59.864Z,0.0266,0.0444,0.5778,0.0756,0.5566,0.0188,0.0416,0.5991,0.0684,0.3922,0.0234,0.0425,0.5516,0.0781,0.535
2014-10-06T07:47:59.287Z,0.0246,0.0419,0.5614,0.0727,0.5692,0.0178,0.0403,0.5914,0.067,0.417,0.0251,0.0443,0.5532,0.0792,0.5686
2014-10-06T07:48:59.595Z,0.0232,0.0415,0.555,0.0712,0.5476,0.0171,0.0385,0.5865,0.0653,0.3909,0.0238,0.0432,0.5509,0.0776,0.5385
2014-10-06T07:49:59.071Z,0.027,0.0445,0.5782,0.0761,0.5803,0.0148,0.0361,0.5794,0.0618,0.3655,0.0209,0.0406,0.5373,0.0739,0.5236
2014-10-06T07:50:59.413Z,0.0263,0.0439,0.5713,0.0761,0.5689,0.0216,0.0432,0.6197,0.0676,0.4429,0.0255,0.0442,0.5582,0.0787,0.5621
2014-10-06T07:51:59.672Z,0.02,0.0383,0.5531,0.0666,0.5059,0.0152,0.0376,0.5934,0.0614,0.3748,0.0224,0.0417,0.54,0.0755,0.5455
2014-10-06T07:52:59.552Z,0.0279,0.0461,0.5842,0.0752,0.5452,0.0164,0.0379,0.5912,0.0636,0.3633,0.0227,0.0433,0.5445,0.0764,0.5442
2014-10-06T07:53:59.986Z,0.0248,0.0409,0.5505,0.0752,0.5861,0.0189,0.042,0.593,0.0698,0.4377,0.0227,0.042,0.5427,0.0768,0.5498
2014-10-06T07:54:59.387Z,0.0217,0.039,0.5472,0.07,0.5079,0.0162,0.0369,0.5814,0.0628,0.3934,0.0241,0.0424,0.5483,0.0762,0.5621
2014-10-06T07:55:59.712Z,0.026,0.0423,0.5689,0.0743,0.5866,0.016,0.0374,0.5763,0.0643,0.3697,0.0249,0.0446,0.5669,0.0774,0.5629
2014-10-06T07:56:59.004Z,0.0242,0.0411,0.5532,0.0734,0.5713,0.02,0.0418,0.6068,0.0668,0.4108,0.0247,0.0453,0.5668,0.0787,0.5413
2014-10-06T07:57:59.972Z,0.025,0.0416,0.5531,0.0734,0.5794,0.0125,0.035,0.5781,0.0606,0.3531,0.0213,0.0419,0.5384,0.0769,0.5206
2014-10-06T07:58:59.385Z,0.0235,0.0406,0.5542,0.0732,0.5532,0.0152,0.0374,0.5855,0.0645,0.3777,0.0239,0.0445,0.5516,0.0777,0.5284
2014-10-06T07:59:59.758Z,0.0252,0.0418,0.5639,0.0733,0.5609,0.0176,0.0388,0.5948,0.0652,0.4173,0.0236,0.0439,0.5594,0.0782,0.5324
2014-10-06T08:00:59.284Z,0.0261,0.0422,0.5489,0.0774,0.5885,0.0183,0.0398,0.6028,0.0657,0.415,0.0235,0.0426,0.5515,0.0763,0.5341
2014-10-06T08:01:59.672Z,0.027,0.0436,0.5642,0.077,0.6039,0.0139,0.0364,0.5885,0.0618,0.3727,0.0233,0.0439,0.5524,0.077,0.5415
2014-10-06T08:02:59.111Z,0.0258,0.0432,0.5626,0.0745,0.5797,0.02,0.0403,0.5994,0.0674,0.4426,0.0219,0.0423,0.5471,0.0774,0.5203
2014-10-06T08:03:59.371Z,0.0272,0.0431,0.5605,0.0751,0.6092,0.0182,0.0392,0.5903,0.0662,0.4482,0.0221,0.041,0.5349,0.0762,0.53
2014-10-06T08:04:59.793Z,0.0239,0.0411,0.5592,0.0731,0.5678,0.0181,0.0386,0.5919,0.0653,0.4194,0.0225,0.0431,0.5511,0.0761,0.5133
2014-10-06T08:05:59.492Z,0.0242,0.0411,0.5468,0.0742,0.5834,0.0192,0.0405,0.5913,0.0668,0.4345,0.0242,0.0432,0.5526,0.0768,0.5437
2014-10-06T08:06:59.934Z,0.029,0.0468,0.571,0.0793,0.6056,0.018,0.0383,0.5912,0.0663,0.4288,0.0234,0.0427,0.5422,0.0763,0.5395
2014-10-06T08:07:59.502Z,0.0244,0.0428,0.5531,0.0754,0.5569,0.0187,0.0397,0.5908,0.0667,0.4121,0.0228,0.0438,0.55,0.0772,0.531
2014-10-06T08:08:59.228Z,0.0256,0.0428,0.5564,0.0754,0.5677,0.0167,0.0374,0.5774,0.0638,0.4033,0.0231,0.0415,0.539,0.0754,0.5251
2014-10-06T08:09:59.590Z,0.0242,0.0403,0.5518,0.0724,0.5652,0.0173,0.0388,0.5973,0.0652,0.3745,0.0215,0.0406,0.5318,0.0748,0.5324
2014-10-06T08:10:59.811Z,0.0274,0.0441,0.5679,0.0776,0.5756,0.0182,0.0397,0.5912,0.0665,0.4197,0.0224,0.0418,0.5474,0.0762,0.5362
2014-10-06T08:11:59.196Z,0.0251,0.0414,0.5489,0.0743,0.5966,0.0191,0.0391,0.6011,0.0646,0.4109,0.0229,0.0406,0.536,0.0751,0.552
2014-10-06T08:12:59.511Z,0.0256,0.0425,0.5647,0.0741,0.5688,0.0175,0.0397,0.5959,0.0656,0.4122,0.0222,0.0419,0.5475,0.075,0.5141
2014-10-06T08:13:59.742Z,0.0206,0.0394,0.5494,0.0706,0.5413,0.0175,0.0391,0.5997,0.0653,0.3916,0.0231,0.0419,0.5438,0.0766,0.5522
2014-10-06T08:14:59.172Z,0.0266,0.0439,0.5642,0.0768,0.59,0.0184,0.0392,0.5911,0.0663,0.4232,0.0224,0.0416,0.545,0.0755,0.5195
2014-10-06T08:15:59.494Z,0.0224,0.0397,0.5518,0.0718,0.5509,0.0161,0.0382,0.5867,0.0655,0.3652,0.0233,0.0418,0.5382,0.0773,0.5379
2014-10-06T08:16:59.882Z,0.0217,0.0393,0.5483,0.0707,0.5507,0.0179,0.0376,0.5934,0.0628,0.4114,0.0245,0.0421,0.5348,0.0776,0.5552
2014-10-06T08:17:59.313Z,0.0248,0.0439,0.5697,0.0745,0.54,0.0155,0.0348,0.5823,0.06,0.3706,0.0226,0.0432,0.5532,0.0755,0.5339
2014-10-06T08:18:59.601Z,0.0245,0.0438,0.5658,0.0773,0.5588,0.0175,0.0398,0.586,0.0675,0.414,0.0235,0.0435,0.554,0.0783,0.539
2014-10-06T08:19:59.179Z,0.0242,0.0426,0.5716,0.0719,0.5468,0.0129,0.0345,0.5732,0.0597,0.3297,0.0219,0.0406,0.5287,0.0742,0.5216
2014-10-06T08:20:59.521Z,0.0257,0.0422,0.5616,0.0749,0.5822,0.0203,0.04,0.6078,0.0657,0.4354,0.0222,0.0419,0.5468,0.0759,0.5365
2014-10-06T08:22:59.714Z,0.0271,0.0429,0.5586,0.0756,0.5905,0.0177,0.0387,0.5945,0.0658,0.4199,0.0245,0.0437,0.5494,0.0788,0.5487
2014-10-06T08:23:59.117Z,0.0292,0.0449,0.5687,0.0777,0.6085,0.0187,0.0392,0.6003,0.0656,0.4197,0.0228,0.0421,0.5479,0.0759,0.5474
2014-10-06T08:24:59.442Z,0.0268,0.0446,0.5651,0.0762,0.5676,0.0157,0.0389,0.5992,0.0646,0.3865,0.0227,0.0416,0.5405,0.0762,0.5389
2014-10-06T08:25:59.933Z,0.0256,0.0421,0.5588,0.0741,0.5747,0.0191,0.0421,0.6065,0.0691,0.4162,0.0247,0.0426,0.5532,0.0774,0.56
2014-10-06T08:26:59.386Z,0.0324,0.0476,0.579,0.0797,0.629,0.0183,0.0393,0.5997,0.0645,0.4362,0.021,0.04,0.5303,0.0755,0.5224
2014-10-06T08:27:59.654Z,0.0237,0.0409,0.5509,0.0726,0.5403,0.0174,0.0386,0.5946,0.0634,0.3843,0.0226,0.0426,0.5397,0.0763,0.5383
2014-10-06T08:28:59.823Z,0.024,0.0432,0.5656,0.0752,0.5556,0.018,0.0388,0.5984,0.0648,0.4168,0.0204,0.0396,0.5232,0.0756,0.5324
2014-10-06T08:29:59.034Z,0.0268,0.0442,0.5637,0.0761,0.5882,0.0184,0.0397,0.6039,0.0674,0.4026,0.0253,0.0442,0.5497,0.0774,0.5555
2014-10-06T08:30:59.378Z,0.0246,0.0413,0.5538,0.0733,0.5831,0.0154,0.0372,0.5918,0.0631,0.3462,0.0241,0.0426,0.5541,0.0759,0.5459
2014-10-06T08:31:59.917Z,0.0249,0.0428,0.5603,0.0759,0.5905,0.0185,0.0395,0.5864,0.0662,0.4313,0.0226,0.0423,0.5413,0.0764,0.5408
2014-10-06T08:32:59.309Z,0.0241,0.0409,0.5578,0.0728,0.5681,0.0163,0.0366,0.5881,0.0625,0.3947,0.0253,0.0438,0.5625,0.0791,0.5716
2014-10-06T08:33:59.708Z,0.0272,0.0431,0.5616,0.0772,0.6119,0.0153,0.0363,0.5769,0.0641,0.3919,0.0222,0.0413,0.5278,0.0769,0.5391
2014-10-06T08:34:59.031Z,0.0288,0.0442,0.5688,0.0764,0.6,0.0191,0.0415,0.6112,0.0664,0.4,0.0227,0.0427,0.5448,0.0761,0.5427
2014-10-06T08:35:59.385Z,0.0267,0.0431,0.5603,0.0761,0.5844,0.0192,0.0389,0.6053,0.0633,0.4425,0.0242,0.0447,0.5519,0.0767,0.5481
2014-10-06T08:36:59.895Z,0.0247,0.0415,0.5529,0.0744,0.5635,0.0212,0.0421,0.6059,0.0694,0.4541,0.0247,0.0438,0.5641,0.0774,0.5462
2014-10-06T08:37:59.163Z,0.0255,0.0423,0.5597,0.0742,0.5739,0.0152,0.0371,0.5877,0.0655,0.3619,0.0248,0.0432,0.5558,0.0758,0.5771
2014-10-06T08:38:59.633Z,0.0279,0.0451,0.5642,0.0772,0.604,0.0198,0.0419,0.6011,0.0692,0.4455,0.0223,0.0415,0.5404,0.0747,0.5353
2014-10-06T08:39:59.944Z,0.0278,0.0446,0.5649,0.0773,0.5873,0.0181,0.0378,0.5814,0.0654,0.4286,0.023,0.0419,0.5403,0.0759,0.5384
2014-10-06T08:40:59.635Z,0.0261,0.0426,0.56,0.0735,0.5816,0.0177,0.0377,0.5906,0.0635,0.4055,0.0229,0.0416,0.5368,0.0781,0.5423
2014-10-06T08:41:59.058Z,0.0279,0.0435,0.5641,0.0768,0.6141,0.0221,0.0418,0.6082,0.07,0.4694,0.0229,0.0432,0.5426,0.0774,0.5515
2014-10-06T08:42:59.419Z,0.0203,0.0363,0.5373,0.0683,0.517,0.0187,0.0423,0.597,0.0683,0.3723,0.023,0.0417,0.5357,0.076,0.5533
2014-10-06T08:43:59.110Z,0.0252,0.0431,0.5662,0.0745,0.5662,0.0138,0.0352,0.5886,0.0607,0.3548,0.0217,0.0403,0.5262,0.0769,0.5403
2014-10-06T08:44:59.467Z,0.0251,0.0423,0.5563,0.0749,0.5612,0.0209,0.0426,0.6009,0.0691,0.4635,0.0247,0.0437,0.5528,0.0765,0.5474
2014-10-06T08:45:59.965Z,0.0283,0.0461,0.5731,0.0775,0.5919,0.0172,0.0378,0.5931,0.0633,0.4028,0.0228,0.0419,0.5372,0.0764,0.5394
2014-10-06T08:46:59.131Z,0.0241,0.0405,0.547,0.0724,0.5597,0.0189,0.0403,0.6046,0.0673,0.4081,0.0216,0.0416,0.5346,0.0765,0.5268
2014-10-06T08:47:59.512Z,0.0255,0.0424,0.5561,0.0745,0.5874,0.0187,0.0411,0.6026,0.0668,0.3921,0.0224,0.0434,0.5503,0.0761,0.5287
2014-10-06T08:48:59.826Z,0.0235,0.0406,0.5519,0.0729,0.5539,0.0158,0.0368,0.5839,0.0629,0.399,0.0216,0.0413,0.5284,0.0761,0.5277
2014-10-06T08:49:59.180Z,0.0256,0.0411,0.5553,0.0731,0.5819,0.0183,0.04,0.6011,0.065,0.3972,0.0217,0.0414,0.5342,0.0756,0.5178
2014-10-06T08:50:59.387Z,0.0261,0.0433,0.5587,0.075,0.5741,0.0191,0.0393,0.5965,0.0659,0.4487,0.0239,0.0424,0.5452,0.0759,0.5446
2014-10-06T08:51:59.827Z,0.0234,0.0403,0.5557,0.072,0.5583,0.0171,0.0366,0.5846,0.0617,0.396,0.0226,0.042,0.544,0.0757,0.5463
2014-10-06T08:52:59.240Z,0.0228,0.0408,0.5536,0.0733,0.5381,0.0197,0.0414,0.6014,0.0672,0.4336,0.0278,0.0456,0.5661,0.0789,0.5769
2014-10-06T08:53:59.239Z,0.0302,0.0454,0.5724,0.0785,0.6287,0.0202,0.0417,0.6052,0.0687,0.4411,0.0237,0.0433,0.557,0.077,0.5441
2014-10-06T08:54:59.715Z,0.0272,0.0428,0.5633,0.0759,0.5833,0.0192,0.04,0.6049,0.0656,0.429,0.0244,0.0433,0.5533,0.0764,0.5497
2014-10-06T08:55:59.078Z,0.0265,0.0435,0.5593,0.0767,0.5902,0.0172,0.0404,0.6011,0.0661,0.407,0.0252,0.0435,0.5578,0.0785,0.5833
2014-10-06T08:56:59.752Z,0.0231,0.0408,0.5497,0.0731,0.5644,0.0208,0.0421,0.6038,0.0697,0.4521,0.0223,0.0413,0.5377,0.0754,0.5403
2014-10-06T08:57:59.241Z,0.0223,0.04,0.5577,0.071,0.545,0.0143,0.0367,0.5823,0.061,0.3467,0.0223,0.0413,0.5323,0.076,0.542
2014-10-06T08:58:59.889Z,0.0261,0.0426,0.56,0.0743,0.5822,0.022,0.0435,0.6115,0.0693,0.428,0.0237,0.043,0.5507,0.0776,0.5437
2014-10-06T08:59:59.921Z,0.0219,0.0411,0.5483,0.0733,0.5108,0.0172,0.0375,0.5925,0.0636,0.3872,0.0231,0.0428,0.545,0.0775,0.5308
2014-10-06T09:00:59.339Z,0.026,0.0409,0.5583,0.0743,0.5769,0.0154,0.0371,0.5886,0.062,0.3889,0.0214,0.0411,0.5311,0.0751,0.5337
2014-10-06T09:01:59.723Z,0.0241,0.0421,0.5574,0.0741,0.5485,0.0182,0.0394,0.5859,0.0671,0.4479,0.0229,0.0435,0.5459,0.0785,0.5385
2014-10-06T09:02:59.006Z,0.0178,0.0374,0.5474,0.0685,0.5004,0.017,0.037,0.5963,0.0626,0.3893,0.0237,0.043,0.5493,0.0756,0.577
2014-10-06T09:03:59.379Z,0.0267,0.0433,0.5643,0.0747,0.6053,0.0143,0.0363,0.5917,0.0623,0.347,0.021,0.0407,0.5283,0.075,0.537
2014-10-06T09:04:59.907Z,0.0256,0.0416,0.5641,0.0738,0.5763,0.0191,0.04,0.5856,0.0675,0.4691,0.0241,0.0428,0.5469,0.0778,0.5513
2014-10-06T09:05:59.587Z,0.025,0.0417,0.5593,0.073,0.5687,0.017,0.0377,0.5993,0.0637,0.4177,0.0223,0.0423,0.5407,0.0777,0.5527
2014-10-06T09:06:59.956Z,0.0254,0.0423,0.5551,0.0751,0.5694,0.0186,0.0397,0.5949,0.0669,0.4389,0.0237,0.0429,0.5523,0.0766,0.5463
2014-10-06T09:07:59.515Z,0.0275,0.0447,0.575,0.0756,0.5641,0.0147,0.0353,0.5828,0.0603,0.335,0.0225,0.0438,0.5569,0.0769,0.5169
2014-10-06T09:08:59.114Z,0.0266,0.0447,0.5706,0.0772,0.5631,0.0191,0.0403,0.6094,0.0669,0.4309,0.0231,0.0416,0.5456,0.075,0.5466
2014-10-06T09:09:59.530Z,0.0314,0.0456,0.5719,0.0792,0.6369,0.0169,0.0369,0.5897,0.0639,0.4322,0.0217,0.0406,0.5336,0.0761,0.5286
2014-10-06T09:10:59.038Z,0.0236,0.0411,0.5543,0.0739,0.5575,0.0143,0.0354,0.58,0.0611,0.3675,0.02,0.0404,0.5371,0.0746,0.5129
2014-10-06T09:11:59.557Z,0.0272,0.0436,0.5651,0.0756,0.6095,0.0179,0.0392,0.5892,0.0667,0.3974,0.0233,0.0423,0.5382,0.0774,0.5387
2014-10-06T09:12:59.909Z,0.0248,0.0412,0.5555,0.0742,0.5973,0.0176,0.0397,0.5933,0.0664,0.4064,0.0218,0.0415,0.5288,0.0764,0.5327
2014-10-06T09:13:59.184Z,0.0253,0.0427,0.5693,0.074,0.548,0.0177,0.0377,0.5873,0.064,0.4347,0.0237,0.044,0.557,0.0777,0.541
2014-10-06T09:14:59.587Z,0.0257,0.0434,0.566,0.0754,0.582,0.0151,0.0369,0.5791,0.0634,0.3849,0.0243,0.0434,0.5463,0.078,0.5574
2014-10-06T09:15:59.031Z,0.025,0.0416,0.5534,0.0753,0.5897,0.0191,0.0403,0.5966,0.0678,0.4325,0.0241,0.0428,0.5469,0.0763,0.5525
2014-10-06T09:16:59.457Z,0.023,0.0417,0.562,0.0733,0.545,0.0167,0.037,0.5887,0.0633,0.3797,0.0213,0.041,0.5357,0.0757,0.5167
2014-10-06T09:17:59.263Z,0.0262,0.0418,0.5656,0.0738,0.5791,0.0197,0.0412,0.5926,0.0682,0.4403,0.0256,0.045,0.5559,0.0788,0.5597
2014-10-06T09:18:59.537Z,0.0292,0.0444,0.5619,0.0781,0.6225,0.0175,0.0392,0.6019,0.0647,0.4117,0.025,0.0428,0.5556,0.0753,0.56
2014-10-06T09:19:59.063Z,0.0243,0.042,0.5693,0.0737,0.549,0.018,0.04,0.6067,0.0647,0.3967,0.024,0.043,0.5563,0.075,0.547
2014-10-06T09:20:59.460Z,0.0282,0.0442,0.5688,0.0773,0.6033,0.0191,0.0388,0.5979,0.0664,0.4509,0.0215,0.0406,0.5385,0.077,0.5339
2014-10-06T09:21:59.723Z,0.029,0.0446,0.5688,0.0771,0.6076,0.019,0.0395,0.5966,0.0654,0.4185,0.0251,0.0449,0.5507,0.0793,0.562
2014-10-06T09:22:59.565Z,0.0217,0.0386,0.5541,0.0707,0.5245,0.0114,0.0348,0.5841,0.0586,0.279,0.0207,0.041,0.5348,0.0745,0.5266
2014-10-06T09:23:59.923Z,0.0255,0.0424,0.5652,0.0739,0.5536,0.02,0.0406,0.6082,0.0682,0.4461,0.0267,0.0452,0.5624,0.0785,0.5609
2014-10-06T09:24:59.296Z,0.0263,0.0434,0.5603,0.0757,0.5909,0.018,0.0397,0.5906,0.0666,0.4311,0.0226,0.0417,0.542,0.0769,0.532
2014-10-06T09:25:59.082Z,0.0264,0.0433,0.5658,0.0756,0.5828,0.0136,0.0372,0.5883,0.0636,0.3531,0.0231,0.0428,0.5467,0.0767,0.5242
2014-10-06T09:26:59.535Z,0.0242,0.041,0.56,0.0729,0.5571,0.0148,0.0371,0.5858,0.0619,0.3571,0.0229,0.0413,0.5332,0.0765,0.5106
2014-10-06T09:27:59.939Z,0.0294,0.0464,0.5781,0.0786,0.6128,0.0181,0.0414,0.6,0.0678,0.4011,0.0258,0.0456,0.5742,0.0775,0.5781
2014-10-06T09:28:59.386Z,0.0291,0.0437,0.5642,0.0772,0.62,0.0186,0.04,0.5963,0.0679,0.4374,0.0242,0.0437,0.5579,0.0781,0.5563
2014-10-06T09:29:59.747Z,0.0234,0.0406,0.5511,0.0731,0.5546,0.0169,0.0371,0.586,0.0643,0.3743,0.0243,0.0437,0.5563,0.0774,0.5551
2014-10-06T09:30:59.227Z,0.0196,0.0378,0.547,0.0681,0.5159,0.0144,0.0367,0.5933,0.063,0.3411,0.023,0.0411,0.5396,0.0752,0.5507
2014-10-06T09:31:59.634Z,0.0256,0.0413,0.5625,0.0738,0.5978,0.0197,0.0403,0.6016,0.0669,0.4378,0.0222,0.0425,0.5416,0.0766,0.5344
2014-10-06T09:32:59.898Z,0.0236,0.0406,0.5489,0.0731,0.5617,0.0144,0.0375,0.59,0.0642,0.36,0.0242,0.0417,0.5444,0.0775,0.5603
2014-10-06T09:33:59.390Z,0.0277,0.0431,0.5567,0.0756,0.6174,0.0185,0.039,0.5905,0.0649,0.4259,0.0215,0.0418,0.5395,0.0762,0.5323
2014-10-06T09:34:59.819Z,0.0209,0.0391,0.5579,0.0697,0.5267,0.0139,0.0361,0.5794,0.0627,0.3445,0.0227,0.0421,0.543,0.0752,0.5536
2014-10-06T09:35:59.316Z,0.025,0.0429,0.5592,0.0745,0.5766,0.0189,0.0408,0.6068,0.0658,0.4034,0.0253,0.0453,0.5611,0.0789,0.5534
2014-10-06T09:36:59.687Z,0.0234,0.0391,0.5466,0.0719,0.5691,0.0172,0.0388,0.5891,0.0634,0.3947,0.0231,0.0422,0.5425,0.0772,0.5631
2014-10-06T09:37:59.029Z,0.0257,0.0427,0.5619,0.0738,0.5686,0.0203,0.0411,0.6086,0.0668,0.4335,0.0216,0.0408,0.5365,0.0751,0.5362
2014-10-06T09:38:59.674Z,0.0215,0.0388,0.5467,0.0715,0.5406,0.0185,0.04,0.5967,0.067,0.4233,0.0221,0.0418,0.5418,0.0755,0.5385
2014-10-06T09:39:59.044Z,0.0256,0.0424,0.5629,0.0738,0.58,0.0179,0.0371,0.5862,0.0635,0.4126,0.0221,0.0415,0.5282,0.0771,0.5374
2014-10-06T09:40:59.430Z,0.022,0.0391,0.5457,0.0711,0.5509,0.018,0.0383,0.5897,0.0657,0.4206,0.0266,0.0457,0.5674,0.08,0.5703
2014-10-06T09:41:59.753Z,0.0255,0.0424,0.5591,0.0736,0.5648,0.0173,0.0397,0.6015,0.0658,0.3952,0.0242,0.0421,0.5512,0.0767,0.5609
2014-10-06T09:42:59.062Z,0.0303,0.045,0.5717,0.0772,0.6164,0.0183,0.0386,0.5939,0.0653,0.4189,0.0228,0.0422,0.5375,0.0769,0.5275
2014-10-06T09:43:59.501Z,0.0238,0.0408,0.555,0.0719,0.5719,0.0185,0.0388,0.6023,0.0642,0.4223,0.0219,0.0408,0.5288,0.0765,0.5358
2014-10-06T09:44:59.380Z,0.0239,0.0426,0.5674,0.0735,0.5506,0.0177,0.0377,0.5887,0.0648,0.391,0.0219,0.0423,0.5361,0.0768,0.5294
2014-10-06T09:45:59.850Z,0.0277,0.0447,0.5687,0.075,0.595,0.021,0.0403,0.601,0.067,0.4333,0.0237,0.043,0.542,0.077,0.5547
2014-10-06T09:46:59.179Z,0.0238,0.0409,0.5584,0.0725,0.5541,0.0153,0.035,0.5819,0.0606,0.3741,0.0209,0.0409,0.5319,0.0759,0.5225
2014-10-06T09:47:59.722Z,0.023,0.0397,0.5421,0.073,0.5345,0.0142,0.0355,0.5906,0.0609,0.3388,0.0212,0.0409,0.5312,0.0748,0.5345
2014-10-06T09:48:59.988Z,0.0263,0.0429,0.5578,0.0759,0.5902,0.021,0.0415,0.6002,0.0678,0.4461,0.0222,0.0415,0.5376,0.0756,0.5376
2014-10-06T09:49:59.833Z,0.0279,0.0444,0.5694,0.0782,0.6041,0.0212,0.04,0.6009,0.0668,0.4447,0.0218,0.0412,0.5241,0.0756,0.5476
2014-10-06T09:50:59.242Z,0.0258,0.0426,0.5635,0.0752,0.5777,0.0171,0.0387,0.6035,0.0629,0.3874,0.0219,0.0419,0.5345,0.0755,0.5181
2014-10-06T09:51:59.633Z,0.019,0.0374,0.5368,0.0684,0.5261,0.0158,0.0365,0.5832,0.061,0.3674,0.0213,0.0416,0.5335,0.0781,0.5271
2014-10-06T09:52:59.028Z,0.0223,0.0403,0.5503,0.0719,0.5532,0.0165,0.0384,0.589,0.0665,0.3952,0.0245,0.0445,0.5577,0.0781,0.5674
2014-10-06T09:53:59.421Z,0.0219,0.0394,0.5497,0.07,0.5455,0.0197,0.0397,0.601,0.0671,0.419,0.0219,0.041,0.5313,0.0765,0.5452
2014-10-06T09:54:59.764Z,0.0269,0.0444,0.5613,0.0763,0.5866,0.0166,0.0388,0.5966,0.0659,0.3703,0.0219,0.0416,0.5353,0.0753,0.5344
2014-10-06T09:55:59.189Z,0.0253,0.0422,0.5613,0.0728,0.5572,0.0144,0.0359,0.5869,0.0613,0.3434,0.0219,0.0406,0.5238,0.0766,0.5256
2014-10-06T09:56:59.555Z,0.0286,0.0449,0.5689,0.0769,0.6143,0.0206,0.0426,0.608,0.0686,0.4491,0.0217,0.0411,0.526,0.0769,0.5134
2014-10-06T09:57:59.857Z,0.0273,0.0437,0.5657,0.0737,0.58,0.017,0.037,0.585,0.0643,0.42,0.021,0.0423,0.543,0.0767,0.5213
2014-10-06T09:58:59.823Z,0.0271,0.0447,0.5679,0.0768,0.5791,0.0162,0.0379,0.5944,0.0635,0.3906,0.0229,0.0421,0.5376,0.0779,0.5406
2014-10-06T09:59:59.179Z,0.0269,0.0434,0.5669,0.0754,0.5766,0.0169,0.0366,0.5851,0.0634,0.4077,0.0229,0.0429,0.5374,0.0763,0.5503
