2014-11-09T00:00:59.521Z,3.6116,21.7024,231.3391,0.0939,0.1678,-5.9162,21.4509,231.482,0.0923,-0.2729,10.2647,25.1471,233.6909,0.1078,0.4116
2014-11-09T00:01:59.694Z,3.6468,21.912,231.5534,0.0946,0.167,-6.1271,21.4096,231.4339,0.092,-0.2865,10.2656,25.0094,233.8369,0.1074,0.4115
2014-11-09T00:02:59.258Z,3.7568,21.9913,231.7065,0.0952,0.1714,-5.8432,21.5739,231.4502,0.0924,-0.2711,10.1767,24.878,233.3419,0.1065,0.4102
2014-11-09T00:03:59.596Z,3.6824,21.9723,232.6169,0.0954,0.1685,-5.8882,21.7818,231.4591,0.0937,-0.2704,10.2509,24.8023,233.2687,0.1066,0.4134
2014-11-09T00:04:59.632Z,3.6406,21.8886,232.5717,0.094,0.1667,-5.7624,21.6401,231.5044,0.0934,-0.2663,10.2578,25.8623,233.3818,0.1113,0.3976
2014-11-09T00:05:59.106Z,3.5947,22.1827,232.6406,0.0952,0.163,-6.0841,22.0627,231.607,0.0951,-0.277,10.0495,24.9986,233.4426,0.1073,0.4032
2014-11-09T00:06:59.585Z,3.7222,22.1563,232.7443,0.0954,0.1686,-6.4423,21.5757,231.3821,0.0934,-0.2973,10.1393,25.2265,233.2084,0.1084,0.4033
2014-11-09T00:07:59.840Z,4.033,22.3955,233.0674,0.0965,0.1799,-6.5178,21.9049,231.9628,0.0941,-0.2972,10.3281,25.7586,233.9006,0.1102,0.4009
2014-11-09T00:08:59.892Z,3.6785,21.9341,232.618,0.094,0.1682,-6.4201,21.5712,231.7528,0.0927,-0.2973,10.0749,25.7569,233.4309,0.1106,0.3915
2014-11-09T00:09:59.187Z,3.7323,22.3749,233.216,0.0957,0.1669,-6.1244,22.1516,231.1869,0.0956,-0.277,10.0263,25.264,233.4415,0.1092,0.3973
2014-11-09T00:10:59.631Z,3.9076,22.4306,232.8437,0.0964,0.1746,-6.1744,21.7579,231.0232,0.0939,-0.2821,10.192,25.122,233.3272,0.1077,0.4077
2014-11-09T00:11:59.852Z,2.8409,22.2072,232.7721,0.0956,0.1293,-6.4082,21.8791,231.9026,0.0943,-0.2932,10.0506,25.5555,233.2197,0.1099,0.3933
2014-11-09T00:12:59.223Z,3.1812,22.1515,232.1973,0.0952,0.1452,-6.2068,21.7881,232.3982,0.0933,-0.2853,10.2363,25.5965,233.3224,0.1097,0.4009
2014-11-09T00:13:59.664Z,3.192,22.3818,232.1983,0.0966,0.142,-6.4217,21.748,232.7593,0.0934,-0.2942,9.8108,25.464,233.1781,0.1093,0.3853
2014-11-09T00:14:59.989Z,3.3224,22.0319,230.9773,0.0951,0.1518,-5.9726,21.8423,233.1803,0.0933,-0.2729,10.5314,25.8954,232.9996,0.1112,0.4079
2014-11-09T00:15:59.082Z,3.6029,22.0661,231.1039,0.0953,0.1642,-6.4089,21.6908,233.2161,0.0924,-0.2948,10.3402,25.5695,232.8882,0.11,0.4055
2014-11-09T00:16:59.310Z,3.3951,21.9062,231.1522,0.0947,0.1554,-6.3989,21.5802,233.0805,0.0931,-0.2953,10.1905,24.9891,232.5127,0.1082,0.4083
2014-11-09T00:17:59.847Z,3.7413,22.2775,231.5844,0.096,0.1691,-5.6631,21.5694,233.3111,0.0925,-0.2625,10.3784,25.0633,233.0106,0.1079,0.4149
2014-11-09T00:18:59.257Z,3.2513,21.7801,231.5198,0.0942,0.1501,-6.357,21.7517,233.4002,0.0932,-0.2928,10.2454,25.0402,233.0788,0.1069,0.4101
2014-11-09T00:19:59.623Z,3.5377,21.6046,231.2406,0.0939,0.163,-6.352,22.0277,233.1249,0.094,-0.2888,10.3346,25.1876,232.8639,0.1084,0.4116
2014-11-09T00:20:59.838Z,3.2547,21.7584,232.137,0.0944,0.1489,-5.8679,21.3082,233.1981,0.0918,-0.2722,10.253,24.7413,233.0668,0.1062,0.4165
2014-11-09T00:21:59.390Z,3.2544,22.2468,232.6672,0.0957,0.1468,-6.3547,21.6875,233.3315,0.0928,-0.2913,10.2034,25.3813,233.276,0.1085,0.4025
2014-11-09T00:22:59.776Z,3.1543,22.0276,231.1341,0.0952,0.1437,-6.406,22.0113,233.4011,0.0941,-0.2904,10.2433,25.448,233.3909,0.1088,0.4024
2014-11-09T00:23:59.060Z,3.6624,22.269,230.9236,0.0965,0.1629,-6.6037,22.1032,233.3265,0.0952,-0.2988,10.1033,25.3404,233.6749,0.1087,0.3993
2014-11-09T00:24:59.520Z,3.5417,22.3528,231.3332,0.0966,0.1575,-6.7007,22.0397,233.4323,0.094,-0.3034,10.2768,25.6218,233.1051,0.11,0.4016
2014-11-09T00:25:59.176Z,3.4633,21.9534,231.5651,0.0951,0.1572,-6.5324,22.0637,233.48,0.0946,-0.2941,10.2154,25.2498,233.2845,0.1082,0.4059
2014-11-09T00:26:59.968Z,3.8064,21.9683,232.6079,0.0944,0.1743,-6.3168,21.8924,232.9779,0.0929,-0.2884,10.4041,25.6441,233.3317,0.1101,0.4052
2014-11-09T00:27:59.151Z,3.5871,22.3828,232.6849,0.096,0.1618,-6.3695,22.0905,233.37,0.0945,-0.2879,10.1308,25.3452,233.776,0.108,0.4007
2014-11-09T00:28:59.472Z,2.9674,22.3806,232.9068,0.0966,0.1336,-6.145,22.1009,233.205,0.0949,-0.2768,10.005,25.6963,233.8509,0.1099,0.3903
2014-11-09T00:29:59.772Z,3.2268,22.366,233.0189,0.0954,0.1446,-6.2546,21.8998,233.2206,0.0938,-0.2846,10.2079,25.7159,234.0542,0.11,0.3961
2014-11-09T00:30:59.982Z,3.2315,22.2712,233.1211,0.0956,0.145,-6.0693,22.0273,233.3019,0.0941,-0.2746,10.4276,25.6304,234.2045,0.1098,0.408
2014-11-09T00:31:59.474Z,3.0226,22.5012,232.576,0.0967,0.1376,-5.8743,22.1399,233.6205,0.0949,-0.2654,10.4735,25.6462,234.5198,0.1086,0.4083
2014-11-09T00:32:59.693Z,3.5484,22.131,232.1683,0.0957,0.1609,-6.5409,22.0401,233.8867,0.0938,-0.2964,10.0867,25.6683,234.6483,0.1093,0.3932
2014-11-09T00:33:59.987Z,3.445,22.3732,231.885,0.0971,0.1538,-6.3274,22.1374,234.1311,0.0949,-0.2853,10.1453,25.773,234.4048,0.1101,0.3939
2014-11-09T00:34:59.257Z,3.1224,22.1378,232.5387,0.0955,0.1424,-6.3171,21.9998,234.2326,0.094,-0.2858,10.1483,25.5415,234.6656,0.1087,0.3982
2014-11-09T00:35:59.934Z,3.689,22.1616,232.7488,0.0954,0.1678,-6.2812,21.6511,234.3153,0.0929,-0.2871,10.4435,25.7081,234.9232,0.1099,0.4081
2014-11-09T00:36:59.072Z,3.6009,22.1937,232.9026,0.0949,0.1627,-6.7691,22.1825,234.2759,0.0943,-0.3053,10.2843,25.8339,234.952,0.1096,0.3984
2014-11-09T00:37:59.645Z,3.6515,22.2436,233.3993,0.095,0.1648,-6.1067,22.4584,234.2938,0.0956,-0.2724,10.3357,26.0599,234.9757,0.111,0.3967
2014-11-09T00:38:59.950Z,3.6389,22.2405,234.0948,0.0953,0.1651,-6.3601,22.3963,233.9828,0.0959,-0.2842,10.456,25.8109,234.7606,0.1101,0.4049
2014-11-09T00:39:59.226Z,3.8295,22.4353,233.9053,0.0964,0.1702,-6.6587,22.239,233.6576,0.0949,-0.3,10.0237,25.4229,234.2829,0.1083,0.3947
2014-11-09T00:40:59.406Z,4.0754,22.2628,233.5652,0.0959,0.1838,-5.9635,22.184,233.3995,0.0948,-0.2677,10.6446,25.9512,234.4303,0.111,0.4118
2014-11-09T00:41:59.658Z,3.6638,22.4004,233.8292,0.0957,0.1649,-6.7847,22.1036,233.6479,0.0947,-0.3074,10.4144,26.1623,234.8356,0.1113,0.3983
2014-11-09T00:42:59.951Z,3.589,22.2009,233.4335,0.0948,0.1623,-6.2344,22.1118,233.6472,0.0944,-0.283,10.2857,25.6561,234.6519,0.1095,0.4011
2014-11-09T00:43:59.197Z,3.5297,22.5765,232.6884,0.0967,0.1554,-6.6479,22.0743,233.5384,0.0947,-0.3011,10.213,25.7864,234.4935,0.1102,0.3959
2014-11-09T00:44:59.486Z,3.832,22.6253,233.5537,0.0966,0.1712,-6.4075,22.1795,233.6769,0.0942,-0.2879,10.3328,25.7056,234.7814,0.1096,0.4033
2014-11-09T00:45:59.013Z,3.793,22.3634,233.5689,0.0962,0.169,-6.416,22.3267,233.9138,0.0955,-0.2865,10.2608,25.7778,234.4172,0.11,0.4001
2014-11-09T00:46:59.571Z,3.7689,22.442,233.5881,0.0954,0.1693,-6.2204,22.3436,234.1435,0.0955,-0.2779,10.6015,25.7941,234.4943,0.1099,0.4118
2014-11-09T00:47:59.774Z,3.4111,22.2485,233.4872,0.0949,0.1529,-6.9594,22.2117,234.1982,0.0941,-0.3136,10.289,25.9868,234.5815,0.1114,0.3963
2014-11-09T00:48:59.105Z,3.5505,22.4611,233.7872,0.0965,0.1577,-6.6209,22.1147,234.4009,0.0949,-0.2994,9.8431,25.2277,233.3283,0.1083,0.3906
2014-11-09T00:49:59.396Z,4.033,22.6517,233.2994,0.0974,0.178,-6.4154,22.0454,234.8112,0.0934,-0.2903,10.0664,25.2795,232.7536,0.1088,0.3985
2014-11-09T00:50:59.744Z,3.4726,22.2779,232.0289,0.0963,0.1569,-6.4496,22.1619,234.4076,0.0949,-0.2903,10.4289,25.7297,234.3738,0.1093,0.405
2014-11-09T00:51:59.315Z,3.3498,21.7768,232.1732,0.0945,0.153,-5.9521,22.773,234.5282,0.0972,-0.2624,10.1727,25.6166,234.4291,0.1094,0.3977
2014-11-09T00:52:59.506Z,2.9966,22.3356,232.8495,0.0962,0.1343,-6.3564,22.1331,234.7539,0.0937,-0.2852,10.24,25.7394,234.5899,0.11,0.3989
2014-11-09T00:53:59.796Z,3.6821,22.2988,232.4273,0.0967,0.1654,-6.3194,22.2874,234.5061,0.095,-0.2831,10.4546,25.6356,234.1896,0.1096,0.4085
2014-11-09T00:54:59.245Z,3.6677,22.6842,233.0487,0.0973,0.1623,-6.101,22.1867,231.6944,0.0952,-0.2763,10.3224,25.6708,235.0071,0.1094,0.4018
2014-11-09T00:55:59.134Z,3.4406,22.2565,233.0916,0.0952,0.1545,-6.2138,22.2118,230.5572,0.0966,-0.2798,10.3144,26.0671,235.0849,0.1113,0.3958
2014-11-09T00:56:59.301Z,3.7648,22.789,232.7933,0.0978,0.1668,-6.3564,22.3713,232.7402,0.0966,-0.2839,10.2977,26.1432,234.7311,0.1115,0.3939
2014-11-09T00:57:59.695Z,3.6821,22.4049,231.7527,0.0957,0.1651,-6.3588,21.9814,234.3007,0.094,-0.2886,10.2197,26.0939,234.7032,0.1114,0.3913
2014-11-09T00:58:59.088Z,3.3271,21.9685,231.5421,0.095,0.1507,-6.4186,22.1752,234.5428,0.0942,-0.2898,10.3553,26.2052,235.1564,0.1114,0.3955
2014-11-09T00:59:59.718Z,3.5533,21.8528,231.0487,0.094,0.1638,-6.0123,21.9189,234.2065,0.0935,-0.2726,10.2396,25.698,234.9035,0.1098,0.3994
