2014-09-23T00:00:59.594Z,0.0315,0.0421,0.5275,0.0783,0.7177,0.0243,0.0419,0.5642,0.0725,0.5242,0.0209,0.0355,0.4598,0.0762,0.5574
2014-09-23T00:01:59.991Z,0.028,0.0413,0.5125,0.0753,0.6905,0.018,0.0358,0.5413,0.0658,0.4665,0.0198,0.0335,0.454,0.0768,0.5453
2014-09-23T00:02:59.300Z,0.0247,0.0395,0.5024,0.0734,0.6471,0.0224,0.0384,0.5508,0.0687,0.5316,0.0213,0.0363,0.4618,0.0792,0.5529
2014-09-23T00:03:59.976Z,0.029,0.0425,0.5215,0.0765,0.6975,0.0205,0.0373,0.545,0.0683,0.488,0.02,0.0365,0.465,0.0768,0.5535
2014-09-23T00:04:59.274Z,0.0329,0.0449,0.5393,0.0791,0.7218,0.0209,0.0373,0.5411,0.068,0.4889,0.02,0.0349,0.4527,0.076,0.5471
2014-09-23T00:05:59.539Z,0.0243,0.0384,0.5035,0.0727,0.6284,0.0162,0.0349,0.5349,0.0624,0.4068,0.0197,0.0359,0.4622,0.0762,0.5611
2014-09-23T00:06:59.786Z,0.0233,0.0379,0.5,0.0721,0.6155,0.0203,0.0373,0.5567,0.067,0.4612,0.0221,0.0361,0.4673,0.0788,0.5742
2014-09-23T00:07:59.204Z,0.0282,0.0413,0.5195,0.0763,0.6624,0.0182,0.0366,0.5458,0.0658,0.4474,0.0187,0.0332,0.4416,0.0766,0.5455
2014-09-23T00:08:59.552Z,0.0285,0.0398,0.5117,0.0759,0.6896,0.0196,0.0365,0.5452,0.0663,0.4717,0.0198,0.0337,0.4487,0.0767,0.5567
2014-09-23T00:09:59.839Z,0.0252,0.0386,0.5024,0.0731,0.6493,0.0145,0.0328,0.5259,0.0621,0.4076,0.021,0.0355,0.4593,0.0779,0.5841
2014-09-23T00:10:59.062Z,0.0271,0.0387,0.5058,0.0742,0.6695,0.0197,0.0363,0.5432,0.0671,0.4808,0.02,0.035,0.4613,0.0761,0.5605
2014-09-23T00:11:59.320Z,0.0303,0.0428,0.5267,0.078,0.7003,0.0208,0.0398,0.5588,0.069,0.483,0.0203,0.0348,0.4568,0.0783,0.5528
2014-09-23T00:12:59.691Z,0.0276,0.0403,0.5142,0.0747,0.6742,0.0176,0.0371,0.5484,0.0653,0.4174,0.0208,0.0358,0.4684,0.0768,0.5629
2014-09-23T00:13:59.331Z,0.0285,0.0424,0.522,0.0756,0.68,0.0195,0.0368,0.5463,0.0683,0.4724,0.0198,0.0344,0.4544,0.0778,0.5527
2014-09-23T00:14:59.769Z,0.0272,0.0414,0.5189,0.0769,0.6594,0.0181,0.0369,0.5464,0.0669,0.4453,0.0203,0.0358,0.4611,0.0772,0.5464
2014-09-23T00:15:59.077Z,0.026,0.0398,0.5108,0.0748,0.6635,0.0185,0.037,0.5425,0.0655,0.4635,0.0218,0.0353,0.462,0.0785,0.5623
2014-09-23T00:16:59.337Z,0.0256,0.0383,0.4972,0.0736,0.6597,0.0167,0.0356,0.5353,0.0664,0.4353,0.02,0.0344,0.455,0.0761,0.5564
2014-09-23T00:17:59.588Z,0.0241,0.0397,0.4997,0.0734,0.6188,0.0178,0.0359,0.5344,0.0647,0.4253,0.0234,0.0372,0.4769,0.0791,0.5725
2014-09-23T00:18:59.938Z,0.0281,0.0414,0.5164,0.0758,0.6686,0.0164,0.035,0.5364,0.0656,0.4161,0.0192,0.0347,0.4433,0.0769,0.5372
2014-09-23T00:19:59.225Z,0.0258,0.0407,0.5116,0.0744,0.6416,0.0218,0.0384,0.5513,0.0689,0.4664,0.0191,0.0347,0.4464,0.0769,0.5456
2014-09-23T00:20:59.655Z,0.0279,0.041,0.5183,0.0771,0.649,0.02,0.0381,0.55,0.0679,0.48,0.0207,0.0355,0.4529,0.0779,0.5598
2014-09-23T00:21:59.864Z,0.0257,0.0387,0.5033,0.0741,0.6437,0.0202,0.0367,0.5433,0.0665,0.4911,0.0213,0.0363,0.462,0.0783,0.5707
2014-09-23T00:22:59.250Z,0.0268,0.039,0.5068,0.0752,0.6503,0.0184,0.0361,0.5416,0.0652,0.4384,0.0203,0.0352,0.4539,0.0787,0.5558
2014-09-23T00:23:59.470Z,0.0272,0.0385,0.5082,0.0751,0.6521,0.0213,0.0395,0.5597,0.0685,0.4954,0.021,0.0364,0.4595,0.0787,0.5649
2014-09-23T00:24:59.809Z,0.0277,0.0397,0.5074,0.0756,0.6841,0.0177,0.0356,0.5426,0.0654,0.4603,0.0185,0.0333,0.4377,0.0754,0.5331
2014-09-23T00:25:59.151Z,0.0245,0.0385,0.5021,0.0724,0.6224,0.0142,0.0327,0.5227,0.0621,0.3958,0.0191,0.0345,0.4582,0.0752,0.5455
2014-09-23T00:26:59.491Z,0.0292,0.0416,0.5143,0.0759,0.6805,0.0208,0.0386,0.5538,0.0684,0.4795,0.023,0.037,0.4732,0.0776,0.573
2014-09-23T00:27:59.769Z,0.0276,0.0397,0.5134,0.0755,0.66,0.0163,0.0345,0.5287,0.0645,0.4337,0.0184,0.0337,0.4424,0.0758,0.5389
2014-09-23T00:28:59.109Z,0.0293,0.0414,0.5209,0.0775,0.6734,0.0195,0.0361,0.5332,0.0652,0.478,0.0184,0.0336,0.45,0.0766,0.5361
2014-09-23T00:29:59.338Z,0.0273,0.0385,0.5076,0.0741,0.6737,0.0166,0.0334,0.5293,0.0632,0.448,0.0176,0.0334,0.4373,0.0756,0.5215
2014-09-23T00:30:59.650Z,0.0276,0.0391,0.5059,0.0757,0.663,0.0174,0.0365,0.5396,0.0657,0.4437,0.0207,0.0361,0.4554,0.0778,0.5561
2014-09-23T00:31:59.974Z,0.0297,0.0405,0.5195,0.0772,0.6885,0.0174,0.0346,0.53,0.0646,0.469,0.0203,0.0367,0.4638,0.0756,0.5479
2014-09-23T00:32:59.250Z,0.0296,0.0411,0.5187,0.0764,0.6987,0.0227,0.0396,0.5578,0.07,0.4904,0.0218,0.0351,0.4618,0.0769,0.5644
2014-09-23T00:33:59.663Z,0.0269,0.0405,0.5133,0.0756,0.6518,0.02,0.0374,0.5428,0.0672,0.459,0.0205,0.0351,0.4582,0.0767,0.5636
2014-09-23T00:34:59.925Z,0.0302,0.0435,0.5316,0.0779,0.6837,0.0186,0.0367,0.5409,0.0665,0.4493,0.0191,0.0344,0.4451,0.077,0.5391
2014-09-23T00:35:59.240Z,0.0274,0.0403,0.5124,0.0741,0.6565,0.0176,0.0344,0.5421,0.0632,0.4562,0.02,0.035,0.4597,0.0771,0.5612
2014-09-23T00:36:59.533Z,0.0276,0.0402,0.5121,0.0743,0.66,0.0162,0.035,0.534,0.0648,0.4367,0.0207,0.0355,0.4564,0.0783,0.5481
2014-09-23T00:37:59.872Z,0.0255,0.0394,0.5048,0.0736,0.6433,0.017,0.0342,0.5303,0.0633,0.4212,0.0188,0.0352,0.4445,0.077,0.5327
2014-09-23T00:38:59.250Z,0.0241,0.0375,0.4978,0.0709,0.6225,0.0172,0.0356,0.5378,0.0647,0.4263,0.0206,0.0359,0.4569,0.0788,0.5606
2014-09-23T00:39:59.605Z,0.03,0.0416,0.5192,0.0771,0.7003,0.02,0.0368,0.5434,0.0671,0.5005,0.0184,0.0332,0.4463,0.0753,0.5392
2014-09-23T00:40:59.960Z,0.0267,0.0386,0.5119,0.0756,0.6669,0.0181,0.0361,0.5381,0.0664,0.4369,0.0183,0.0331,0.4433,0.0764,0.5317
2014-09-23T00:41:59.388Z,0.0279,0.0409,0.51,0.0751,0.6909,0.0167,0.0344,0.5291,0.0658,0.4347,0.0167,0.033,0.4384,0.0735,0.5202
2014-09-23T00:42:59.569Z,0.0253,0.0387,0.5042,0.0737,0.6289,0.0174,0.0355,0.5429,0.0634,0.4489,0.0195,0.035,0.4511,0.0766,0.5521
2014-09-23T00:43:59.912Z,0.0246,0.0378,0.4965,0.0732,0.6441,0.0184,0.0357,0.5397,0.0651,0.4314,0.0214,0.037,0.4684,0.0792,0.5608
2014-09-23T00:44:59.336Z,0.0266,0.0398,0.5057,0.0748,0.6536,0.0198,0.038,0.5591,0.0664,0.4586,0.0195,0.0341,0.4452,0.0752,0.5493
2014-09-23T00:45:59.609Z,0.0274,0.0412,0.5174,0.0753,0.6476,0.0168,0.0347,0.5382,0.0635,0.4044,0.0188,0.035,0.445,0.0771,0.53
2014-09-23T00:46:59.937Z,0.0269,0.0383,0.5028,0.0736,0.6606,0.0175,0.0361,0.5439,0.0644,0.4147,0.02,0.035,0.4483,0.0769,0.5447
2014-09-23T00:47:59.288Z,0.0275,0.0415,0.5145,0.0755,0.6672,0.022,0.0385,0.5508,0.0688,0.4908,0.0215,0.036,0.4608,0.0775,0.564
2014-09-23T00:48:59.572Z,0.0276,0.0411,0.517,0.0751,0.6508,0.0189,0.0368,0.5484,0.0657,0.4443,0.0189,0.0346,0.4435,0.0765,0.5508
2014-09-23T00:49:59.862Z,0.0289,0.0421,0.5255,0.0768,0.6608,0.0176,0.0355,0.5395,0.0645,0.4537,0.0211,0.0355,0.4629,0.0771,0.5526
2014-09-23T00:50:59.175Z,0.027,0.0402,0.5112,0.0753,0.6572,0.0186,0.0358,0.5442,0.0665,0.4526,0.0191,0.0347,0.4514,0.0751,0.5588
2014-09-23T00:51:59.864Z,0.0276,0.0411,0.5169,0.0753,0.6729,0.0211,0.0382,0.5576,0.068,0.4829,0.0198,0.0347,0.4538,0.0762,0.5464
2014-09-23T00:52:59.190Z,0.0314,0.0427,0.5245,0.0784,0.7014,0.0202,0.0373,0.5477,0.0677,0.4875,0.0198,0.0355,0.4605,0.078,0.553
2014-09-23T00:53:59.438Z,0.03,0.042,0.5224,0.0761,0.7032,0.0176,0.0356,0.5437,0.0651,0.4615,0.0188,0.0339,0.4468,0.0756,0.531
2014-09-23T00:54:59.693Z,0.0258,0.0375,0.4978,0.0725,0.66,0.023,0.04,0.5568,0.0723,0.5093,0.0198,0.0348,0.4478,0.0748,0.5532
2014-09-23T00:55:59.039Z,0.0289,0.0416,0.5149,0.0762,0.6862,0.0159,0.0343,0.5305,0.0627,0.4243,0.0208,0.0351,0.457,0.0776,0.5551
2014-09-23T00:56:59.387Z,0.0281,0.0405,0.5131,0.0755,0.6819,0.0248,0.041,0.5633,0.0702,0.5326,0.0221,0.0371,0.4707,0.0779,0.5726
2014-09-23T00:57:59.744Z,0.0285,0.041,0.5162,0.0764,0.6503,0.0169,0.0351,0.5451,0.0633,0.4505,0.0208,0.0346,0.4687,0.0759,0.5469
2014-09-23T00:58:59.959Z,0.0277,0.04,0.514,0.0747,0.6591,0.0198,0.0381,0.5502,0.0681,0.4884,0.0193,0.034,0.4577,0.0767,0.5509
2014-09-23T00:59:59.288Z,0.0285,0.041,0.5136,0.0756,0.6695,0.0167,0.0354,0.5359,0.0641,0.42,0.02,0.0336,0.4508,0.0764,0.5538
