2014-09-29T00:00:59.154Z,0.0208,0.0388,0.5496,0.0685,0.5135,0.0169,0.0392,0.5977,0.0642,0.3923,0.0219,0.0415,0.555,0.0758,0.5308
2014-09-29T00:01:59.411Z,0.0255,0.0426,0.5679,0.0753,0.5613,0.0168,0.0395,0.6087,0.0624,0.3661,0.0224,0.0421,0.5389,0.0758,0.5253
2014-09-29T00:02:59.728Z,0.0276,0.0446,0.5667,0.0778,0.5943,0.0191,0.0415,0.6104,0.0672,0.4346,0.025,0.045,0.5685,0.0785,0.5574
2014-09-29T00:03:59.993Z,0.0251,0.0427,0.5649,0.0759,0.5581,0.0214,0.0419,0.6114,0.0684,0.4692,0.023,0.0432,0.5481,0.0754,0.5259
2014-09-29T00:04:59.294Z,0.0268,0.0432,0.5697,0.0755,0.5732,0.0152,0.0355,0.5884,0.0613,0.4058,0.0242,0.0442,0.5619,0.0768,0.5461
2014-09-29T00:05:59.561Z,0.0262,0.0438,0.567,0.0757,0.5627,0.0141,0.0357,0.5859,0.0627,0.3592,0.0227,0.0441,0.5503,0.077,0.5114
2014-09-29T00:06:59.122Z,0.0256,0.0429,0.5627,0.0749,0.5549,0.0183,0.0405,0.6017,0.0673,0.4102,0.0217,0.0432,0.552,0.0766,0.5288
2014-09-29T00:07:59.378Z,0.0223,0.04,0.5526,0.0709,0.5346,0.0146,0.0369,0.596,0.0611,0.3611,0.0217,0.04,0.5369,0.0743,0.5226
2014-09-29T00:08:59.664Z,0.0281,0.0446,0.5703,0.0784,0.6014,0.0216,0.0403,0.6016,0.0657,0.4614,0.0238,0.0422,0.5443,0.0749,0.5589
2014-09-29T00:09:59.950Z,0.0253,0.0415,0.5597,0.0726,0.5647,0.0191,0.04,0.5953,0.0679,0.4368,0.0221,0.0424,0.5512,0.0771,0.5229
2014-09-29T00:10:59.246Z,0.0265,0.0439,0.5671,0.0765,0.5823,0.0177,0.0377,0.5952,0.0648,0.3823,0.0226,0.0432,0.5374,0.079,0.5152
2014-09-29T00:11:59.542Z,0.0244,0.0422,0.5571,0.0744,0.5566,0.018,0.0395,0.5959,0.0654,0.4263,0.0239,0.0417,0.5468,0.0761,0.5495
2014-09-29T00:12:59.844Z,0.0242,0.0418,0.5618,0.0742,0.5536,0.0176,0.0388,0.603,0.0648,0.3858,0.0236,0.043,0.55,0.0764,0.5555
2014-09-29T00:13:59.312Z,0.0224,0.0412,0.5606,0.0727,0.5294,0.0139,0.0364,0.5848,0.0618,0.3624,0.0236,0.0439,0.5455,0.077,0.5342
2014-09-29T00:14:59.628Z,0.0257,0.043,0.5641,0.0751,0.573,0.0178,0.0386,0.6011,0.0641,0.3832,0.0222,0.0424,0.5378,0.0768,0.5141
2014-09-29T00:15:59.215Z,0.0282,0.0456,0.5771,0.0782,0.5929,0.0185,0.0409,0.6094,0.0665,0.3971,0.0241,0.0435,0.5447,0.0774,0.5406
2014-09-29T00:16:59.578Z,0.0284,0.0455,0.5652,0.0775,0.607,0.0186,0.04,0.5964,0.0675,0.415,0.0227,0.0418,0.5452,0.0766,0.5191
2014-09-29T00:17:59.910Z,0.0233,0.0413,0.5556,0.0726,0.5379,0.0149,0.0369,0.5869,0.0618,0.3303,0.0254,0.0441,0.5597,0.0779,0.5562
2014-09-29T00:18:59.299Z,0.025,0.0441,0.5631,0.0753,0.5644,0.0159,0.0384,0.5994,0.0641,0.3556,0.0219,0.0406,0.5297,0.0747,0.5272
2014-09-29T00:19:59.560Z,0.0241,0.0418,0.5523,0.0748,0.5505,0.017,0.0375,0.5882,0.0639,0.3966,0.0239,0.0425,0.5489,0.0766,0.538
2014-09-29T00:20:59.862Z,0.0243,0.0429,0.564,0.074,0.5566,0.0149,0.0363,0.5957,0.062,0.3809,0.0229,0.0434,0.5457,0.0763,0.5277
2014-09-29T00:21:59.254Z,0.0214,0.04,0.5559,0.0714,0.5162,0.0155,0.0372,0.5914,0.0617,0.3403,0.0221,0.0414,0.5341,0.0769,0.5297
2014-09-29T00:22:59.450Z,0.0217,0.0397,0.5507,0.0713,0.527,0.0207,0.041,0.602,0.0683,0.4547,0.0213,0.0417,0.5313,0.0763,0.5337
2014-09-29T00:23:59.662Z,0.0241,0.0417,0.561,0.0734,0.5572,0.0148,0.0362,0.5821,0.0593,0.3521,0.0224,0.0421,0.531,0.0769,0.5362
2014-09-29T00:24:59.993Z,0.0246,0.042,0.5654,0.0737,0.5611,0.0154,0.0369,0.59,0.0629,0.3771,0.0223,0.0409,0.5383,0.076,0.5311
2014-09-29T00:25:59.304Z,0.0275,0.0444,0.5753,0.0766,0.5847,0.0181,0.0394,0.6006,0.0653,0.4234,0.0216,0.0409,0.5391,0.0763,0.5275
2014-09-29T00:26:59.626Z,0.0245,0.0421,0.5647,0.0737,0.5508,0.0179,0.0384,0.6021,0.0634,0.3784,0.0232,0.0426,0.5466,0.0771,0.5353
2014-09-29T00:27:59.956Z,0.0262,0.0435,0.5686,0.0741,0.5595,0.017,0.0405,0.6092,0.0673,0.3711,0.0224,0.043,0.5527,0.0773,0.5303
2014-09-29T00:28:59.269Z,0.0242,0.0439,0.5673,0.0748,0.5388,0.0179,0.0367,0.5991,0.0621,0.427,0.0212,0.0412,0.5367,0.0752,0.4976
2014-09-29T00:29:59.526Z,0.0256,0.0431,0.5653,0.0747,0.5636,0.0158,0.0392,0.6042,0.0644,0.3686,0.0228,0.0425,0.5453,0.0778,0.5233
2014-09-29T00:30:59.800Z,0.0286,0.0441,0.5648,0.0769,0.6107,0.0179,0.0386,0.6003,0.0638,0.4259,0.0203,0.041,0.5369,0.0748,0.51
2014-09-29T00:31:59.189Z,0.0244,0.0415,0.5629,0.0732,0.5479,0.0185,0.0382,0.6006,0.0659,0.4109,0.0215,0.0409,0.5335,0.0756,0.5194
2014-09-29T00:32:59.496Z,0.0231,0.0409,0.5519,0.0728,0.55,0.0181,0.0375,0.5922,0.0663,0.4106,0.0225,0.0431,0.5469,0.0756,0.5209
2014-09-29T00:33:59.898Z,0.028,0.0454,0.572,0.0788,0.59,0.0159,0.0363,0.5912,0.0622,0.3968,0.0224,0.0424,0.5507,0.0766,0.5163
2014-09-29T00:34:59.305Z,0.0275,0.0438,0.5678,0.0741,0.59,0.0163,0.0388,0.5875,0.0653,0.3525,0.0256,0.0456,0.555,0.0775,0.5381
2014-09-29T00:35:59.810Z,0.0221,0.0421,0.56,0.0729,0.5226,0.0185,0.0406,0.6035,0.0644,0.395,0.0265,0.0465,0.5759,0.08,0.57
2014-09-29T00:36:59.119Z,0.0269,0.0444,0.5644,0.0767,0.5867,0.0186,0.0403,0.6061,0.0669,0.415,0.0236,0.0431,0.5578,0.0758,0.5464
2014-09-29T00:37:59.480Z,0.0266,0.0424,0.5642,0.0745,0.5855,0.0179,0.0392,0.5945,0.0653,0.3997,0.0232,0.0432,0.5529,0.0766,0.5397
2014-09-29T00:38:59.785Z,0.0232,0.0403,0.5524,0.0732,0.5484,0.0203,0.0403,0.6076,0.0666,0.4363,0.0216,0.0413,0.5332,0.0755,0.5042
2014-09-29T00:39:59.090Z,0.0266,0.0431,0.564,0.0749,0.5911,0.02,0.042,0.616,0.0669,0.4274,0.0214,0.042,0.5377,0.0757,0.5289
2014-09-29T00:40:59.481Z,0.028,0.0446,0.5714,0.0777,0.5971,0.0189,0.0389,0.594,0.0666,0.4243,0.0234,0.0429,0.5463,0.0771,0.5369
2014-09-29T00:41:59.722Z,0.0286,0.0447,0.5758,0.0767,0.5844,0.0156,0.0383,0.5986,0.0639,0.3589,0.0231,0.0431,0.5458,0.0772,0.5369
2014-09-29T00:42:59.955Z,0.0244,0.0421,0.5559,0.0738,0.5623,0.0195,0.0392,0.6015,0.0644,0.4069,0.0241,0.0433,0.5492,0.0769,0.5433
2014-09-29T00:43:59.262Z,0.0264,0.0452,0.5709,0.0779,0.5709,0.0206,0.0409,0.6061,0.0682,0.4779,0.0227,0.0418,0.5433,0.0764,0.5209
2014-09-29T00:44:59.624Z,0.0271,0.0447,0.575,0.0747,0.5521,0.0171,0.0374,0.5926,0.0624,0.4074,0.0221,0.0403,0.5279,0.0759,0.5471
2014-09-29T00:45:59.932Z,0.0232,0.0418,0.5603,0.0735,0.5382,0.0135,0.0353,0.5941,0.06,0.3129,0.0256,0.0441,0.5541,0.0782,0.5553
2014-09-29T00:46:59.278Z,0.0261,0.0441,0.5632,0.0763,0.5839,0.02,0.0424,0.6166,0.0678,0.4195,0.0244,0.0437,0.5585,0.0768,0.542
2014-09-29T00:47:59.568Z,0.0243,0.0423,0.568,0.0733,0.549,0.0167,0.038,0.5887,0.0643,0.3667,0.0223,0.0427,0.539,0.077,0.5267
2014-09-29T00:48:59.910Z,0.0237,0.0426,0.5678,0.0722,0.5296,0.0144,0.0344,0.5878,0.0589,0.3489,0.0219,0.0411,0.5374,0.0767,0.5156
2014-09-29T00:49:59.131Z,0.0291,0.0471,0.5763,0.0789,0.5957,0.018,0.0386,0.602,0.064,0.4014,0.0226,0.0423,0.542,0.0771,0.5269
2014-09-29T00:50:59.383Z,0.0263,0.0425,0.5595,0.075,0.5958,0.0185,0.0388,0.6025,0.0655,0.428,0.0235,0.042,0.5395,0.076,0.5263
2014-09-29T00:51:59.687Z,0.0266,0.0453,0.5819,0.0759,0.5553,0.0172,0.0372,0.5975,0.0609,0.3938,0.0209,0.0403,0.5266,0.0756,0.5269
2014-09-29T00:52:59.983Z,0.0258,0.0417,0.5606,0.0739,0.5761,0.0217,0.0419,0.6094,0.0678,0.4475,0.0231,0.0436,0.5469,0.0778,0.5367
2014-09-29T00:53:59.192Z,0.0258,0.0439,0.565,0.0758,0.5533,0.0181,0.0383,0.5994,0.0633,0.4008,0.0225,0.0422,0.5497,0.0753,0.5358
2014-09-29T00:54:59.420Z,0.0207,0.0389,0.5593,0.07,0.4932,0.0182,0.0396,0.6086,0.0639,0.4082,0.0211,0.0407,0.5325,0.0764,0.5143
2014-09-29T00:55:59.713Z,0.0252,0.0418,0.5533,0.0739,0.5621,0.0194,0.0391,0.5948,0.0652,0.4288,0.0221,0.0415,0.5442,0.0745,0.5533
2014-09-29T00:56:59.060Z,0.0276,0.0437,0.5613,0.0763,0.5811,0.0174,0.0376,0.5879,0.0621,0.3955,0.0226,0.0429,0.5566,0.0753,0.5287
2014-09-29T00:57:59.222Z,0.027,0.0432,0.5589,0.0738,0.5773,0.0203,0.0411,0.6043,0.0673,0.4111,0.0232,0.0416,0.5373,0.0757,0.5368
2014-09-29T00:58:59.576Z,0.0273,0.0443,0.5598,0.0784,0.6027,0.0177,0.0384,0.5964,0.0655,0.4086,0.0236,0.0418,0.5439,0.0761,0.5539
2014-09-29T00:59:59.968Z,0.0223,0.04,0.5574,0.071,0.5284,0.0123,0.0348,0.5855,0.0581,0.2945,0.0229,0.0403,0.5297,0.0748,0.5371
2014-09-29T01:00:59.318Z,0.0245,0.0423,0.5593,0.0733,0.5478,0.0153,0.0363,0.5848,0.0625,0.3622,0.023,0.0415,0.537,0.0775,0.5495
2014-09-29T01:01:59.650Z,0.0257,0.0441,0.5651,0.0762,0.5662,0.0184,0.0392,0.603,0.0641,0.413,0.0243,0.0435,0.5503,0.0762,0.5386
2014-09-29T01:02:59.924Z,0.0208,0.0392,0.5504,0.0704,0.5088,0.0131,0.0335,0.5858,0.0562,0.3319,0.0215,0.0404,0.5327,0.0758,0.5238
2014-09-29T01:03:59.115Z,0.0268,0.0446,0.5736,0.0764,0.5661,0.0175,0.0396,0.6071,0.0654,0.4025,0.0225,0.0404,0.5382,0.0768,0.5496
2014-09-29T01:04:59.418Z,0.0256,0.0432,0.5632,0.075,0.5765,0.0174,0.0374,0.5894,0.0626,0.3988,0.0235,0.0421,0.5441,0.0756,0.5403
2014-09-29T01:05:59.660Z,0.0271,0.0434,0.5655,0.0753,0.5771,0.0192,0.0405,0.6113,0.0661,0.4245,0.0226,0.0426,0.5461,0.0766,0.5213
2014-09-29T01:06:59.927Z,0.028,0.0449,0.5658,0.078,0.5884,0.0216,0.0422,0.608,0.068,0.4838,0.0242,0.0442,0.554,0.0773,0.5542
2014-09-29T01:07:59.279Z,0.0233,0.041,0.5515,0.073,0.548,0.023,0.0443,0.6138,0.0703,0.4407,0.0235,0.0428,0.55,0.0763,0.5382
2014-09-29T01:08:59.451Z,0.0247,0.0421,0.5626,0.0756,0.5579,0.0174,0.0391,0.6038,0.0653,0.3432,0.0215,0.0412,0.5294,0.0744,0.5447
2014-09-29T01:09:59.804Z,0.0209,0.0397,0.5464,0.0706,0.5294,0.0139,0.0352,0.5809,0.0609,0.3636,0.0224,0.0421,0.5427,0.0755,0.5273
2014-09-29T01:10:59.312Z,0.0234,0.0403,0.5497,0.0746,0.5511,0.0169,0.0374,0.5946,0.0629,0.4,0.0234,0.0423,0.5457,0.0757,0.5509
2014-09-29T01:11:59.470Z,0.0264,0.0424,0.5606,0.0739,0.5688,0.0188,0.0382,0.59,0.0639,0.4176,0.0227,0.043,0.5479,0.077,0.5288
2014-09-29T01:12:59.763Z,0.0274,0.0445,0.5676,0.0774,0.5782,0.0166,0.0374,0.5916,0.0624,0.4066,0.0226,0.0424,0.5455,0.0761,0.5329
2014-09-29T01:13:59.198Z,0.0289,0.0465,0.5765,0.0781,0.577,0.0184,0.0384,0.5889,0.0649,0.4332,0.0211,0.0422,0.5492,0.0778,0.5151
2014-09-29T01:14:59.406Z,0.0274,0.0437,0.5694,0.0757,0.5854,0.0169,0.038,0.6046,0.0629,0.3906,0.0209,0.0414,0.544,0.0757,0.514
2014-09-29T01:15:59.692Z,0.03,0.0471,0.5822,0.08,0.5971,0.0215,0.0434,0.6224,0.07,0.4363,0.0246,0.0437,0.5644,0.0778,0.5522
2014-09-29T01:16:59.896Z,0.0256,0.0444,0.5719,0.0756,0.5441,0.0119,0.0322,0.5874,0.0567,0.3107,0.0237,0.0433,0.5437,0.0774,0.5307
2014-09-29T01:17:59.165Z,0.0213,0.0387,0.5513,0.07,0.5252,0.0168,0.0377,0.6039,0.0629,0.361,0.0242,0.0442,0.551,0.0781,0.5271
2014-09-29T01:18:59.679Z,0.026,0.0431,0.5546,0.0751,0.5914,0.0194,0.0394,0.6017,0.066,0.4166,0.0217,0.0409,0.5351,0.0763,0.5251
2014-09-29T01:19:59.015Z,0.0246,0.043,0.557,0.0732,0.5373,0.0195,0.0403,0.5959,0.0662,0.3941,0.0257,0.0454,0.5608,0.0797,0.5459
2014-09-29T01:20:59.293Z,0.0264,0.0443,0.5711,0.0732,0.5443,0.0157,0.0361,0.5925,0.0614,0.3796,0.0243,0.0432,0.5475,0.0786,0.5446
2014-09-29T01:21:59.810Z,0.0305,0.0476,0.5833,0.0771,0.6017,0.02,0.0414,0.6071,0.0669,0.4383,0.0207,0.041,0.5321,0.0743,0.5212
2014-09-29T01:22:59.099Z,0.0282,0.0456,0.5706,0.075,0.5691,0.0153,0.0362,0.5909,0.0618,0.3585,0.0215,0.0424,0.5409,0.0765,0.5276
2014-09-29T01:23:59.472Z,0.023,0.0412,0.5533,0.073,0.5612,0.017,0.0391,0.5982,0.0655,0.3891,0.0215,0.0412,0.5336,0.0764,0.527
2014-09-29T01:24:59.784Z,0.0286,0.0439,0.5586,0.0772,0.6297,0.0225,0.0447,0.6147,0.0711,0.4375,0.0214,0.0414,0.5364,0.0761,0.5144
2014-09-29T01:25:59.146Z,0.0206,0.0397,0.5469,0.0714,0.5086,0.0186,0.0389,0.5986,0.0646,0.4206,0.022,0.042,0.5383,0.0754,0.5137
2014-09-29T01:26:59.440Z,0.0255,0.0429,0.5674,0.0735,0.5471,0.019,0.04,0.5994,0.0623,0.3977,0.019,0.0384,0.5113,0.0739,0.4952
2014-09-29T01:27:59.777Z,0.0275,0.0443,0.5655,0.0763,0.5808,0.0208,0.041,0.6118,0.0655,0.4453,0.0225,0.0423,0.542,0.076,0.5397
2014-09-29T01:28:59.000Z,0.0234,0.0414,0.5531,0.0714,0.5503,0.0155,0.0352,0.5893,0.059,0.3666,0.0231,0.0424,0.5334,0.0776,0.5317
2014-09-29T01:29:59.323Z,0.0233,0.0417,0.552,0.072,0.524,0.0167,0.0363,0.5917,0.062,0.4307,0.023,0.0413,0.545,0.075,0.5493
2014-09-29T01:30:59.604Z,0.0256,0.0444,0.5672,0.075,0.5531,0.0203,0.0408,0.6036,0.0697,0.4444,0.0247,0.0439,0.5539,0.0789,0.5458
2014-09-29T01:31:59.939Z,0.0283,0.045,0.5678,0.0772,0.5992,0.0189,0.0397,0.5947,0.0661,0.4006,0.0214,0.0411,0.5239,0.075,0.5392
2014-09-29T01:32:59.288Z,0.0297,0.0461,0.5727,0.0776,0.6076,0.0164,0.0373,0.5864,0.0618,0.3812,0.0221,0.0412,0.53,0.0764,0.527
2014-09-29T01:33:59.613Z,0.0235,0.0426,0.5588,0.0726,0.5312,0.0168,0.0365,0.5944,0.0621,0.3944,0.0218,0.0415,0.5374,0.075,0.5232
2014-09-29T01:34:59.910Z,0.0273,0.0445,0.5643,0.0752,0.5834,0.0184,0.0393,0.5993,0.0639,0.4284,0.0223,0.043,0.542,0.0766,0.5336
2014-09-29T01:35:59.169Z,0.0259,0.0441,0.5593,0.0759,0.5682,0.0189,0.0395,0.5902,0.0666,0.4114,0.0227,0.042,0.5468,0.0773,0.5207
2014-09-29T01:36:59.408Z,0.0248,0.0426,0.5555,0.0721,0.5614,0.0205,0.0421,0.611,0.0693,0.4288,0.025,0.044,0.5567,0.0786,0.5612
2014-09-29T01:37:59.519Z,0.0247,0.0424,0.5529,0.0711,0.5413,0.0155,0.0368,0.5834,0.0621,0.3589,0.0237,0.0434,0.5489,0.0763,0.5305
2014-09-29T01:38:59.794Z,0.0243,0.0417,0.5563,0.0726,0.5623,0.0131,0.034,0.5794,0.0591,0.3523,0.0231,0.0411,0.5274,0.0751,0.5326
2014-09-29T01:39:59.955Z,0.028,0.0443,0.5629,0.0763,0.5917,0.0174,0.0386,0.6034,0.0634,0.412,0.0226,0.0426,0.5409,0.0774,0.5071
2014-09-29T01:40:59.150Z,0.0293,0.0454,0.5683,0.0768,0.6088,0.0215,0.041,0.6046,0.0654,0.4385,0.0229,0.0427,0.5466,0.0773,0.5249
2014-09-29T01:41:59.430Z,0.0256,0.0436,0.5605,0.0746,0.5615,0.0172,0.0374,0.5923,0.0615,0.3918,0.0233,0.0428,0.5408,0.0782,0.5387
2014-09-29T01:42:59.743Z,0.0248,0.043,0.5674,0.0726,0.55,0.0126,0.0307,0.577,0.0533,0.3448,0.0204,0.0411,0.5356,0.0748,0.5163
2014-09-29T01:43:59.994Z,0.0256,0.0422,0.5553,0.0722,0.5733,0.0164,0.0358,0.5806,0.0617,0.4111,0.0208,0.0408,0.5311,0.0744,0.5236
2014-09-29T01:44:59.258Z,0.0228,0.0406,0.5456,0.0717,0.5261,0.0164,0.0375,0.5975,0.0636,0.3697,0.0217,0.0406,0.5378,0.0753,0.5158
2014-09-29T01:45:59.498Z,0.0249,0.042,0.5549,0.0723,0.554,0.0183,0.0369,0.5914,0.0634,0.4286,0.0203,0.04,0.5297,0.0751,0.5043
2014-09-29T01:46:59.836Z,0.0294,0.0464,0.5728,0.0767,0.5986,0.0181,0.0383,0.5933,0.0639,0.4067,0.0208,0.0397,0.5264,0.0747,0.5178
2014-09-29T01:47:59.140Z,0.0263,0.0439,0.565,0.0742,0.5605,0.0163,0.0382,0.5924,0.0637,0.3989,0.0253,0.0437,0.5476,0.0789,0.5521
2014-09-29T01:48:59.406Z,0.0285,0.0456,0.5741,0.0766,0.5773,0.0207,0.0415,0.6032,0.0685,0.449,0.022,0.0405,0.5293,0.0744,0.53
2014-09-29T01:49:59.665Z,0.025,0.0419,0.5613,0.07,0.57,0.0159,0.0366,0.5884,0.0613,0.3834,0.0209,0.0391,0.5184,0.0734,0.5025
2014-09-29T01:50:59.891Z,0.0287,0.0452,0.5674,0.0761,0.5977,0.0155,0.0368,0.5923,0.0623,0.3635,0.0223,0.0406,0.5303,0.0758,0.5319
2014-09-29T01:51:59.168Z,0.0268,0.0438,0.5576,0.0743,0.5732,0.017,0.0386,0.593,0.0649,0.4038,0.023,0.0422,0.5362,0.0768,0.5403
2014-09-29T01:52:59.354Z,0.0271,0.0452,0.5739,0.0755,0.5626,0.02,0.039,0.6061,0.0635,0.4494,0.0219,0.0426,0.5413,0.0758,0.5239
2014-09-29T01:53:59.584Z,0.0255,0.0427,0.5542,0.0721,0.5709,0.0148,0.0333,0.5694,0.0582,0.373,0.0203,0.04,0.5191,0.0745,0.5264
2014-09-29T01:54:59.824Z,0.0253,0.0425,0.554,0.072,0.5635,0.017,0.0385,0.5987,0.0633,0.3727,0.0228,0.042,0.5448,0.0763,0.538
2014-09-29T01:55:59.070Z,0.0239,0.0416,0.5521,0.0721,0.5553,0.0184,0.0382,0.5982,0.065,0.4234,0.0229,0.0413,0.5318,0.0768,0.5526
2014-09-29T01:56:59.399Z,0.0283,0.0449,0.5657,0.0763,0.5977,0.018,0.0377,0.588,0.0651,0.3911,0.0203,0.0406,0.5234,0.0749,0.5091
2014-09-29T01:57:59.673Z,0.0216,0.0394,0.5369,0.0706,0.5047,0.0194,0.0378,0.595,0.0625,0.3984,0.0222,0.0431,0.5447,0.0778,0.5206
2014-09-29T01:58:59.064Z,0.0253,0.0422,0.5508,0.0731,0.5811,0.0161,0.0383,0.5961,0.0642,0.3517,0.0231,0.0428,0.535,0.0767,0.5203
2014-09-29T01:59:59.356Z,0.0302,0.0462,0.5631,0.0783,0.6176,0.0214,0.0424,0.6202,0.0676,0.4479,0.0252,0.0431,0.5455,0.0781,0.5612
