2014-11-24T00:00:59.875Z,3.8611,21.5926,231.7076,0.0935,0.1808,-5.8263,20.9757,232.1689,0.0903,-0.2748,91.7613,94.7846,233.8825,0.4049,0.9685
2014-11-24T00:01:59.630Z,3.7988,22.2402,232.392,0.0951,0.1702,-6.1685,21.3297,232.8197,0.0915,-0.2885,91.5117,94.5038,233.768,0.4047,0.9689
2014-11-24T00:02:59.705Z,3.8657,21.9003,232.2204,0.0948,0.1772,-6.1032,21.3135,233.0048,0.0914,-0.2853,91.5629,94.491,233.5021,0.4048,0.9686
2014-11-24T00:03:59.109Z,3.7464,21.9241,232.0427,0.0949,0.1714,-6.1167,21.5308,232.7489,0.0926,-0.2843,91.2509,94.173,233.2072,0.4036,0.9696
2014-11-24T00:04:59.604Z,3.1135,22.4448,232.4066,0.0964,0.1397,-6.4163,21.6457,232.8912,0.0929,-0.2959,90.5334,93.4995,232.4643,0.4018,0.9686
2014-11-24T00:05:59.171Z,3.3695,21.9703,232.5946,0.0944,0.1558,-6.0515,21.8008,233.0596,0.093,-0.2771,90.9581,93.8691,232.723,0.4035,0.9692
2014-11-24T00:06:59.075Z,2.87,22.169,232.532,0.0955,0.1291,-6.4002,21.8287,232.6501,0.0934,-0.2935,90.6022,93.559,232.7596,0.4016,0.969
2014-11-24T00:07:59.576Z,3.5398,21.9978,231.6995,0.0947,0.1601,-6.7149,21.8559,231.3999,0.0939,-0.3088,91.4748,94.4556,233.526,0.4045,0.9684
2014-11-24T00:08:59.153Z,3.7622,22.1637,231.9546,0.0955,0.1702,-6.3749,21.7686,231.1416,0.0944,-0.2943,91.4595,94.4276,233.5075,0.4044,0.9683
2014-11-24T00:09:59.218Z,3.744,22.5219,232.0478,0.0968,0.1662,-6.2805,21.6132,231.1067,0.0934,-0.2907,91.6107,94.6638,233.6768,0.4053,0.9683
2014-11-24T00:10:59.426Z,3.8085,22.3135,232.2621,0.096,0.1717,-6.241,21.4974,231.1965,0.093,-0.2897,91.4422,94.4426,233.6954,0.4037,0.9681
2014-11-24T00:11:59.121Z,3.8454,22.0763,232.4411,0.0946,0.1739,-6.4301,21.7153,231.6883,0.0934,-0.2954,91.6994,94.741,233.9182,0.4049,0.9684
2014-11-24T00:12:59.357Z,3.9604,22.2485,232.3219,0.096,0.1779,-6.5038,21.6863,231.812,0.093,-0.2997,91.6228,94.602,233.6683,0.4052,0.9689
2014-11-24T00:13:59.853Z,3.718,22.2395,232.5016,0.0954,0.1672,-6.6335,21.5523,231.5475,0.0927,-0.3077,91.2337,94.2203,233.5962,0.4035,0.9688
2014-11-24T00:14:59.247Z,3.3933,22.3752,232.5036,0.0965,0.152,-6.4626,21.5518,231.3722,0.0926,-0.3001,91.3305,94.3389,233.5202,0.4039,0.9682
2014-11-24T00:15:59.409Z,3.2846,22.5228,232.6685,0.096,0.1479,-6.3573,21.6059,231.6704,0.0933,-0.2945,91.3497,94.2612,233.2069,0.4047,0.9696
2014-11-24T00:16:59.475Z,3.2261,22.4467,233.1026,0.0967,0.1447,-6.4682,21.6778,231.932,0.0933,-0.2987,91.223,94.2396,233.2543,0.4043,0.9682
2014-11-24T00:17:59.696Z,3.7686,22.5459,232.7797,0.0967,0.1677,-6.4127,21.7605,232.3406,0.0938,-0.2949,91.1978,94.2127,233.1533,0.4041,0.9685
2014-11-24T00:18:59.894Z,3.7863,22.5073,232.9558,0.0963,0.1681,-6.5319,21.8418,232.5037,0.0935,-0.2999,91.5433,94.5817,233.5899,0.4049,0.9683
2014-11-24T00:19:59.042Z,3.4974,22.0967,232.791,0.0948,0.1597,-6.046,21.0896,232.1033,0.091,-0.2846,91.619,94.6147,233.7934,0.4048,0.9678
2014-11-24T00:20:59.491Z,3.4805,22.1357,233.4686,0.0949,0.1583,-5.9704,21.4043,231.724,0.0923,-0.28,91.7149,94.6663,233.874,0.4052,0.9688
2014-11-24T00:21:59.994Z,3.2573,21.8577,233.5257,0.0937,0.1501,-6.002,21.1801,231.582,0.0908,-0.2837,91.6749,94.584,233.6655,0.4048,0.9696
2014-11-24T00:22:59.272Z,3.3195,22.0412,232.8151,0.0953,0.1512,-6.0614,21.1689,231.4732,0.0916,-0.2865,91.2651,94.1602,233.2372,0.4037,0.9695
2014-11-24T00:23:59.609Z,2.8922,21.7891,231.5414,0.0936,0.1334,-6.0521,21.302,232.326,0.0916,-0.2843,90.5056,93.3737,232.3288,0.4019,0.9693
2014-11-24T00:24:59.974Z,4.0855,22.6106,231.1776,0.0972,0.182,-5.9363,21.4421,232.9977,0.0917,-0.2769,91.1869,94.1207,233.1627,0.4036,0.9689
2014-11-24T00:25:59.618Z,4.0225,22.2714,231.2104,0.0959,0.1826,-6.3953,21.7696,233.0967,0.0931,-0.2939,91.6294,94.5355,233.55,0.4048,0.9692
2014-11-24T00:26:59.948Z,3.7951,22.6172,231.7532,0.0976,0.1685,-6.5203,22.0463,232.8578,0.0941,-0.2956,91.7884,94.7454,234.0684,0.4051,0.9689
2014-11-24T00:27:59.856Z,3.9918,22.6992,232.179,0.0977,0.1759,-6.4233,22.052,232.8531,0.0949,-0.2918,91.7478,94.7414,234.0552,0.4049,0.9685
2014-11-24T00:28:59.774Z,3.7499,22.3435,232.0924,0.0961,0.1689,-6.297,21.6588,232.5607,0.0932,-0.2907,91.7541,94.7668,233.9876,0.4055,0.9689
2014-11-24T00:29:59.942Z,3.9134,22.4009,231.9411,0.097,0.1745,-6.2172,21.606,232.5127,0.0929,-0.2871,92.0855,95.0641,234.2129,0.4056,0.9685
2014-11-24T00:30:59.862Z,3.9494,22.3019,231.9001,0.0959,0.1773,-6.1452,21.4465,232.2549,0.0917,-0.2857,92.2136,95.2302,234.3685,0.4059,0.9684
2014-11-24T00:31:59.144Z,3.6983,22.3059,231.8878,0.0962,0.1668,-6.387,21.7486,232.2517,0.0932,-0.2941,92.2988,95.4421,234.6371,0.4062,0.9677
2014-11-24T00:32:59.369Z,3.8589,22.3378,231.5493,0.0963,0.174,-6.219,21.6523,231.7886,0.0929,-0.2878,92.4245,95.4636,234.6207,0.4071,0.9684
2014-11-24T00:33:59.750Z,3.2908,22.1347,232.0307,0.0956,0.1492,-6.3806,21.8888,232.1363,0.0942,-0.2916,92.2202,95.3319,234.8815,0.4059,0.9677
2014-11-24T00:34:59.121Z,3.298,22.3724,231.9754,0.0965,0.1477,-6.1623,21.6966,232.5434,0.0933,-0.2837,91.867,94.8814,234.118,0.4055,0.9684
2014-11-24T00:35:59.238Z,3.0945,22.2586,232.7233,0.0955,0.1402,-6.2505,21.4277,232.4281,0.0922,-0.2917,91.3895,94.3803,233.6823,0.404,0.969
2014-11-24T00:36:59.570Z,3.2022,22.3244,233.1003,0.0955,0.1443,-6.2895,21.9945,232.76,0.0939,-0.2868,91.5384,94.5243,233.5932,0.4048,0.9688
2014-11-24T00:37:59.607Z,3.4462,22.41,232.898,0.0959,0.1542,-6.7252,21.9384,232.3645,0.0945,-0.3063,91.3686,94.3784,233.4357,0.4047,0.9682
2014-11-24T00:38:59.844Z,3.7575,22.292,232.386,0.0959,0.1692,-6.4416,21.6568,232.0099,0.0931,-0.2984,91.33,94.3886,233.3452,0.4052,0.9678
2014-11-24T00:39:59.806Z,3.4319,22.398,232.4358,0.096,0.1545,-6.4682,21.9014,232.2404,0.0942,-0.2967,90.8861,93.8499,233.0233,0.4027,0.9689
2014-11-24T00:40:59.040Z,3.7185,22.1843,232.3437,0.0959,0.1677,-6.2218,21.8051,232.186,0.094,-0.2849,91.2338,94.2254,233.2143,0.4043,0.9686
2014-11-24T00:41:59.296Z,3.6584,22.2417,231.9422,0.096,0.1646,-6.5104,21.5762,232.6228,0.0927,-0.3015,91.2446,94.1622,233.2368,0.4038,0.969
2014-11-24T00:42:59.628Z,3.8009,22.3009,231.9041,0.0968,0.1704,-6.3901,21.6106,232.4619,0.0926,-0.2945,91.7465,94.8009,233.6281,0.4061,0.9683
2014-11-24T00:43:59.821Z,3.8022,22.3094,232.0259,0.0963,0.172,-6.4959,21.6432,232.6723,0.0927,-0.3001,91.7698,94.7813,233.6865,0.4061,0.9687
2014-11-24T00:44:59.202Z,3.6465,22.252,231.517,0.0959,0.1641,-6.6174,21.6236,233.1947,0.0924,-0.3055,92.1658,95.1591,234.1654,0.4062,0.9689
2014-11-24T00:45:59.537Z,3.2374,22.1279,232.6938,0.0953,0.1467,-6.338,21.9269,233.1315,0.0943,-0.2902,91.7567,94.7918,233.9108,0.4047,0.9682
2014-11-24T00:46:59.125Z,3.982,22.4265,232.7392,0.096,0.1775,-6.51,22.0338,233.138,0.0941,-0.296,92.333,95.348,234.5211,0.4071,0.9687
2014-11-24T00:47:59.739Z,3.5815,22.4486,233.6318,0.0956,0.1604,-6.2914,21.9706,233.2072,0.0938,-0.2876,92.3589,95.3738,234.4305,0.4066,0.969
2014-11-24T00:48:59.272Z,3.0701,22.3494,233.548,0.0955,0.1374,-6.1929,21.7362,233.6607,0.0928,-0.2848,91.9014,94.9504,234.1741,0.4055,0.9685
2014-11-24T00:49:59.671Z,3.3836,22.1526,233.1316,0.0951,0.1535,-5.9,21.33,233.6976,0.0914,-0.2749,91.8217,94.8518,234.0726,0.4055,0.9684
2014-11-24T00:50:59.577Z,3.5502,22.1566,232.6894,0.0948,0.1621,-6.0798,21.912,233.5467,0.0931,-0.2788,92.4978,95.5117,234.5828,0.4071,0.9687
2014-11-24T00:51:59.840Z,3.1548,22.3988,233.1246,0.0966,0.1415,-6.3556,21.8959,233.6733,0.0935,-0.2901,91.8236,94.966,234.0954,0.4053,0.9677
2014-11-24T00:52:59.402Z,3.2292,22.4375,233.3678,0.096,0.1431,-6.6108,21.913,233.9126,0.093,-0.3019,91.9706,95.0366,234.2067,0.4056,0.968
2014-11-24T00:53:59.669Z,3.3182,22.5095,233.1089,0.0967,0.1484,-6.0433,21.817,233.4502,0.0937,-0.2783,91.9915,94.9631,234.0835,0.4053,0.969
2014-11-24T00:54:59.916Z,3.1587,22.3241,233.6955,0.0957,0.1411,-6.5562,21.963,233.9782,0.0936,-0.2979,91.943,95.0574,234.1422,0.4056,0.9677
2014-11-24T00:55:59.294Z,3.2785,22.441,233.494,0.0961,0.1473,-6.159,21.5353,233.8722,0.0916,-0.2852,92.0253,95.0017,234.08,0.406,0.969
2014-11-24T00:56:59.723Z,3.0929,22.6802,232.733,0.0977,0.1359,-6.2851,21.9607,233.7972,0.0938,-0.2865,91.8963,94.9459,234.0331,0.406,0.968
2014-11-24T00:57:59.565Z,3.1147,22.1956,231.9783,0.0956,0.1414,-6.1141,22.0472,233.6246,0.0936,-0.2769,92.5123,95.5934,234.5397,0.408,0.968
2014-11-24T00:58:59.803Z,3.631,22.2902,230.9914,0.0964,0.1638,-6.2869,21.4413,232.482,0.0916,-0.2931,92.1785,95.1702,234.7157,0.4056,0.9689
2014-11-24T00:59:59.085Z,3.4732,22.1438,231.9131,0.0953,0.157,-5.9141,21.3115,232.4203,0.0916,-0.2765,92.3961,95.4438,234.4773,0.4073,0.969
2014-11-24T01:00:59.379Z,3.857,21.7637,232.8186,0.094,0.1781,-5.6567,20.8336,231.6197,0.09,-0.2693,91.9932,94.939,234.4496,0.4053,0.9691
2014-11-24T01:01:59.674Z,3.2297,21.7689,233.1783,0.0936,0.149,-5.7798,20.9937,231.9446,0.0902,-0.2723,92.2149,95.189,234.5661,0.4059,0.9688
2014-11-24T01:02:59.036Z,3.1569,21.9734,232.3352,0.0946,0.1453,-5.8328,21.2196,231.374,0.0913,-0.2759,91.9466,94.9875,234.1461,0.4061,0.9682
2014-11-24T01:03:59.799Z,3.5005,21.6802,230.8365,0.0937,0.1621,-5.9417,21.4181,231.5014,0.0926,-0.277,92.0622,95.0276,234.3311,0.4055,0.9688
2014-11-24T01:04:59.008Z,3.6505,22.2596,230.9909,0.0963,0.164,-5.9122,20.9177,231.327,0.0903,-0.28,92.1981,95.2468,234.4517,0.4061,0.969
2014-11-24T01:05:59.940Z,3.5478,22.448,230.7681,0.0969,0.1589,-6.2532,21.6051,231.9054,0.0934,-0.2892,91.3491,94.4338,233.6029,0.404,0.9682
2014-11-24T01:06:59.283Z,2.9641,22.3141,231.6972,0.0962,0.1343,-6.1342,21.7714,232.3038,0.0937,-0.2822,91.0742,94.1306,233.1717,0.4039,0.968
2014-11-24T01:07:59.503Z,3.2751,22.1645,231.8517,0.0951,0.1489,-6.4115,21.7752,231.9547,0.0935,-0.2954,91.1252,94.0919,232.9636,0.4039,0.969
2014-11-24T01:08:59.172Z,2.972,22.083,231.5969,0.0953,0.136,-6.6225,21.7025,231.7969,0.0933,-0.3041,90.8051,93.7117,232.686,0.4025,0.9692
2014-11-24T01:09:59.609Z,3.3738,22.3418,231.8096,0.0962,0.1515,-6.2749,21.2353,231.625,0.0913,-0.2944,91.0504,94.041,233.0776,0.4037,0.9685
2014-11-24T01:10:59.882Z,3.7109,22.1063,230.5163,0.0957,0.1681,-6.396,21.7961,231.2414,0.0943,-0.2945,91.3353,94.3025,233.2549,0.4037,0.9685
2014-11-24T01:11:59.711Z,3.8444,22.4326,230.7837,0.0972,0.1722,-6.1956,21.7842,231.3727,0.0941,-0.2843,91.4583,94.4155,233.6878,0.4039,0.9694
2014-11-24T01:12:59.988Z,3.545,21.9586,231.1887,0.0947,0.1616,-6.3853,21.4894,231.3606,0.0922,-0.2966,91.596,94.6736,233.6063,0.4049,0.9676
2014-11-24T01:13:59.241Z,3.8168,21.8812,231.3519,0.0944,0.1743,-6.2545,21.6569,231.3205,0.093,-0.2888,92.117,95.1754,233.7214,0.4062,0.9683
2014-11-24T01:14:59.952Z,3.6568,21.7864,231.9072,0.0938,0.1681,-6.2796,21.4197,232.1756,0.0916,-0.2929,91.1477,94.0942,233.0175,0.4039,0.9689
2014-11-24T01:15:59.189Z,3.4818,21.7474,231.524,0.0936,0.1616,-6.1468,21.4439,232.1684,0.0914,-0.2864,91.5215,94.5293,233.7615,0.4047,0.9688
2014-11-24T01:16:59.810Z,3.6128,22.0643,231.7243,0.0955,0.1645,-6.2381,21.788,232.2266,0.0933,-0.2863,91.2941,94.3377,233.7009,0.4038,0.9682
2014-11-24T01:17:59.275Z,3.6713,22.1619,231.8103,0.0954,0.1643,-6.6633,21.8048,232.5306,0.0932,-0.3068,91.0339,93.9462,233.32,0.4028,0.9689
2014-11-24T01:18:59.054Z,3.9625,22.2792,231.7066,0.0962,0.1771,-5.9978,21.6085,232.3723,0.093,-0.2775,91.6026,94.6097,233.5292,0.4048,0.9686
2014-11-24T01:19:59.356Z,4.1344,21.9202,232.2959,0.0937,0.1889,-5.5137,21.1715,232.6655,0.0912,-0.259,92.2705,95.167,234.0939,0.4069,0.9697
2014-11-24T01:20:59.730Z,3.5725,21.9459,231.7301,0.0946,0.1631,-6.1173,21.3654,232.8058,0.0914,-0.2864,91.3623,94.3505,233.7384,0.4035,0.9682
2014-11-24T01:21:59.989Z,3.9091,22.1123,231.8638,0.0952,0.1772,-5.8095,21.1297,231.9888,0.0907,-0.274,91.1804,94.0866,233.588,0.4035,0.9695
2014-11-24T01:22:59.303Z,3.8775,22.0148,232.1812,0.0946,0.1763,-6.0574,21.2673,231.8505,0.0917,-0.2844,91.4482,94.4778,233.5981,0.4046,0.9688
2014-11-24T01:23:59.740Z,3.4556,22.1415,232.823,0.0954,0.1562,-5.9004,21.4361,232.4046,0.0921,-0.2741,91.1853,94.0834,233.1122,0.4037,0.9693
2014-11-24T01:24:59.028Z,2.9703,22.1354,232.4935,0.0955,0.1351,-6.2878,21.6087,231.8132,0.0933,-0.2906,90.5689,93.6523,232.5963,0.4027,0.9676
2014-11-24T01:25:59.640Z,3.1527,22.1296,232.361,0.095,0.1426,-6.3487,21.4948,231.2728,0.0923,-0.2936,90.9047,93.8606,233.1007,0.4031,0.9684
2014-11-24T01:26:59.043Z,4.1432,22.6315,231.928,0.0975,0.1858,-5.8551,21.3208,230.8784,0.0923,-0.2741,91.2474,94.1975,233.2288,0.404,0.9689
2014-11-24T01:27:59.572Z,3.4981,22.3235,232.8333,0.0957,0.1586,-6.3458,21.9692,231.456,0.0952,-0.2891,88.4109,91.2474,229.6127,0.3979,0.9687
2014-11-24T01:28:59.698Z,3.4355,22.4128,232.5027,0.0968,0.1523,-6.3679,21.4901,231.979,0.0924,-0.2957,89.857,92.7479,231.3754,0.401,0.9691
2014-11-24T01:29:59.930Z,3.6696,22.4362,232.2915,0.0967,0.1637,-6.3189,21.7701,232.2821,0.0931,-0.2904,89.9182,92.9264,231.6747,0.4011,0.9681
2014-11-24T01:30:59.555Z,3.7773,22.1937,232.2866,0.0956,0.1717,-6.2305,21.8987,232.4759,0.0938,-0.2849,90.3462,93.2581,232.1375,0.4013,0.9689
2014-11-24T01:31:59.481Z,3.6006,22.4343,232.9962,0.0961,0.1615,-6.2246,21.777,232.4784,0.0932,-0.2856,90.5699,93.5472,232.5694,0.4019,0.9687
2014-11-24T01:32:59.879Z,3.3269,22.0102,232.3489,0.0952,0.1516,-6.1191,21.7752,232.8548,0.0933,-0.2827,90.0083,92.8942,231.8045,0.4012,0.9688
2014-11-24T01:33:59.013Z,3.6408,22.5279,232.1788,0.0963,0.1625,-6.1989,22.0771,232.4274,0.0945,-0.2816,90.3017,93.2322,232.1082,0.4021,0.969
2014-11-24T01:34:59.692Z,3.642,22.4923,232.6697,0.0968,0.1627,-6.2711,21.6906,232.7327,0.0927,-0.2888,90.6463,93.5841,232.4143,0.4029,0.9683
2014-11-24T01:35:59.081Z,3.4203,22.4997,232.9165,0.0969,0.1526,-6.3602,21.7427,232.6428,0.0929,-0.2934,90.6056,93.5624,232.5769,0.4022,0.9686
2014-11-24T01:36:59.581Z,3.5474,22.3389,232.857,0.0964,0.159,-6.5226,21.7664,232.3335,0.0929,-0.2998,90.899,93.8627,233.4354,0.402,0.969
2014-11-24T01:37:59.781Z,3.6299,22.2378,232.7163,0.0956,0.1636,-6.5323,21.921,232.2598,0.0944,-0.298,91.0516,94.0149,233.4887,0.4027,0.9689
2014-11-24T01:38:59.750Z,3.9022,22.4576,231.5234,0.0974,0.1743,-6.1026,21.8355,232.56,0.0935,-0.2793,91.7137,94.738,233.9911,0.4046,0.9683
2014-11-24T01:39:59.001Z,3.7352,22.1445,231.3081,0.0961,0.168,-6.0808,21.353,232.2958,0.0912,-0.2827,91.6692,94.7427,234.1451,0.4044,0.9682
2014-11-24T01:40:59.346Z,3.9394,22.3623,231.1535,0.0964,0.1771,-6.242,21.6213,232.7954,0.0928,-0.2894,92.0648,95.0257,234.2974,0.4054,0.969
2014-11-24T01:41:59.620Z,4.0581,22.4521,232.169,0.0966,0.1821,-6.2832,21.81,232.8253,0.0936,-0.2893,91.5616,94.5988,233.7457,0.4048,0.9686
2014-11-24T01:42:59.352Z,3.5426,22.4277,232.8605,0.0956,0.159,-6.1944,21.8512,230.7112,0.0945,-0.2856,92.3446,95.4246,234.2956,0.4074,0.9678
2014-11-24T01:43:59.916Z,3.3589,22.1546,232.9987,0.0952,0.1555,-6.1064,21.4983,231.8492,0.0925,-0.2858,92.0054,95.1168,234.0277,0.4066,0.9681
2014-11-24T01:44:59.227Z,3.3472,22.2094,232.7987,0.0948,0.1517,-5.7899,21.7438,233.7304,0.0922,-0.2661,92.0625,95.1147,234.217,0.4068,0.9687
2014-11-24T01:45:59.788Z,3.2649,22.0664,233.0752,0.0944,0.1505,-6.0993,21.3921,233.4863,0.091,-0.2845,92.2909,95.3609,234.3973,0.4066,0.9685
2014-11-24T01:46:59.097Z,3.1704,22.2922,233.5402,0.0953,0.1423,-6.2961,21.3795,233.0832,0.0912,-0.2937,92.5023,95.5561,234.7405,0.407,0.9689
2014-11-24T01:47:59.286Z,3.4304,22.2729,233.191,0.0959,0.1533,-6.6969,21.8864,232.6293,0.0931,-0.3056,92.5691,95.6646,235.0228,0.4068,0.968
2014-11-24T01:48:59.477Z,3.1843,22.4236,233.6732,0.0962,0.1423,-6.2436,21.3284,232.2687,0.0915,-0.2926,93.1105,96.1919,235.5367,0.4083,0.9682
2014-11-24T01:49:59.559Z,3.2637,22.5721,233.9414,0.0963,0.1453,-6.3316,21.4973,232.1197,0.0923,-0.2943,93.3357,96.3611,235.6074,0.4093,0.9694
2014-11-24T01:50:59.025Z,3.56,22.0734,233.6104,0.0945,0.1623,-6.3427,22.0135,232.1095,0.0946,-0.2889,93.441,96.5945,235.8157,0.4099,0.9685
2014-11-24T01:51:59.238Z,3.259,22.5945,234.0591,0.0962,0.1445,-6.145,21.5259,232.8953,0.0928,-0.2853,93.034,96.0638,235.3756,0.4083,0.9686
2014-11-24T01:52:59.401Z,3.6222,22.4706,233.4931,0.0962,0.1613,-6.2472,21.5324,233.292,0.0929,-0.29,92.9617,96.067,235.1835,0.4078,0.9684
2014-11-24T01:53:59.670Z,3.5227,22.5743,233.6587,0.0968,0.156,-6.1865,21.8266,233.132,0.0943,-0.2843,92.4284,95.5529,234.9623,0.4065,0.968
2014-11-24T01:54:59.116Z,3.2177,22.2628,233.429,0.0952,0.1439,-6.3054,21.8786,232.1965,0.0944,-0.2886,91.6978,94.6784,234.0509,0.4044,0.9687
2014-11-24T01:55:59.388Z,3.2082,22.4071,232.3796,0.0965,0.1436,-6.2938,21.7216,231.3726,0.0932,-0.2893,91.3476,94.3593,233.1652,0.4051,0.9687
2014-11-24T01:56:59.600Z,3.1785,22.6597,232.7937,0.0971,0.1421,-6.0993,21.5609,231.8339,0.0926,-0.2838,91.0353,94.0772,232.967,0.4039,0.9677
2014-11-24T01:57:59.753Z,2.9849,22.5285,232.2669,0.0965,0.1322,-6.1572,21.9405,231.7523,0.0941,-0.2815,90.7601,93.7246,233.0051,0.4022,0.9691
2014-11-24T01:58:59.154Z,3.2663,22.3788,232.5722,0.096,0.1474,-5.9443,21.5458,232.1342,0.0927,-0.2762,91.4468,94.3624,233.4012,0.4043,0.9695
2014-11-24T01:59:59.302Z,3.5446,22.114,232.4469,0.0952,0.1611,-5.9699,21.9148,232.2003,0.0939,-0.2733,91.916,94.8994,233.819,0.4063,0.969
