2014-10-25T00:00:59.633Z,0.037,0.055,0.6111,0.0873,0.6534,0.0373,0.0589,0.6773,0.0836,0.6064,0.033,0.0518,0.6134,0.085,0.6107
2014-10-25T00:01:59.193Z,0.0375,0.0563,0.6259,0.0875,0.6638,0.0338,0.0556,0.6513,0.0841,0.5778,0.0288,0.0481,0.5934,0.0781,0.5819
2014-10-25T00:02:59.659Z,0.0353,0.0541,0.6012,0.0865,0.675,0.0312,0.0526,0.6462,0.08,0.5588,0.0332,0.0544,0.6262,0.0841,0.5915
2014-10-25T00:03:59.999Z,0.0319,0.0512,0.59,0.0849,0.62,0.0377,0.0581,0.6667,0.0842,0.5937,0.0323,0.0521,0.6179,0.0833,0.5777
2014-10-25T00:04:59.522Z,0.0358,0.0545,0.6023,0.0861,0.6565,0.0323,0.0523,0.6397,0.081,0.5887,0.0265,0.0474,0.5774,0.0784,0.5439
2014-10-25T00:05:59.920Z,0.0345,0.0529,0.6,0.0845,0.641,0.0287,0.0497,0.6216,0.0794,0.5158,0.0281,0.0497,0.5994,0.0813,0.5368
2014-10-25T00:06:59.659Z,0.0397,0.0581,0.6231,0.0891,0.6581,0.0375,0.0581,0.6631,0.0847,0.6047,0.0303,0.0513,0.6125,0.0809,0.5834
2014-10-25T00:07:59.253Z,0.0374,0.0561,0.6242,0.0876,0.6603,0.0361,0.0568,0.6618,0.085,0.5792,0.0289,0.0497,0.6013,0.0805,0.5634
2014-10-25T00:08:59.796Z,0.0364,0.0539,0.6036,0.0871,0.67,0.0311,0.0529,0.6393,0.0821,0.5571,0.0257,0.0468,0.5871,0.0793,0.5311
2014-10-25T00:09:59.350Z,0.0351,0.0527,0.6016,0.0857,0.6789,0.0365,0.057,0.6595,0.0846,0.6159,0.0297,0.0503,0.6032,0.0816,0.5695
2014-10-25T00:10:59.862Z,0.0393,0.0572,0.6262,0.0897,0.6845,0.0293,0.0493,0.6355,0.0769,0.5352,0.0293,0.049,0.6062,0.0793,0.5686
2014-10-25T00:11:59.389Z,0.0352,0.0541,0.61,0.0874,0.6667,0.0344,0.0556,0.6485,0.0859,0.6041,0.0293,0.0493,0.603,0.08,0.5444
2014-10-25T00:12:59.737Z,0.0345,0.0535,0.6058,0.0874,0.6661,0.0335,0.0552,0.6629,0.0806,0.5661,0.0255,0.0484,0.591,0.0797,0.5177
2014-10-25T00:13:59.085Z,0.0346,0.0526,0.5934,0.086,0.6897,0.0374,0.0577,0.6577,0.086,0.6114,0.032,0.0523,0.6091,0.0843,0.5723
2014-10-25T00:14:59.628Z,0.0387,0.0557,0.6137,0.0883,0.6923,0.038,0.0577,0.6633,0.0857,0.6077,0.0273,0.0467,0.595,0.078,0.5617
2014-10-25T00:15:59.112Z,0.0356,0.0533,0.5997,0.0851,0.6621,0.0364,0.0564,0.6567,0.0831,0.5895,0.03,0.05,0.601,0.0813,0.5867
2014-10-25T00:16:59.614Z,0.0365,0.055,0.611,0.0883,0.6463,0.036,0.057,0.6725,0.0833,0.5783,0.0295,0.05,0.6028,0.0805,0.5805
2014-10-25T00:17:59.871Z,0.0373,0.054,0.6173,0.0883,0.6907,0.031,0.052,0.6387,0.0797,0.5607,0.0267,0.0483,0.5937,0.0803,0.534
2014-10-25T00:18:59.358Z,0.0348,0.053,0.604,0.0872,0.6525,0.034,0.0555,0.658,0.083,0.5735,0.0315,0.052,0.6163,0.0828,0.585
2014-10-25T00:19:59.835Z,0.0351,0.0527,0.6014,0.0876,0.6484,0.0365,0.0568,0.6622,0.0851,0.6092,0.0295,0.0495,0.5989,0.0819,0.5781
2014-10-25T00:20:59.288Z,0.0354,0.0538,0.6108,0.0878,0.6368,0.0319,0.0519,0.643,0.0808,0.5832,0.0332,0.053,0.6192,0.0835,0.6116
2014-10-25T00:21:59.016Z,0.0375,0.0569,0.6166,0.0906,0.6788,0.0353,0.0553,0.6488,0.085,0.6125,0.03,0.0491,0.6103,0.0797,0.5816
2014-10-25T00:22:59.480Z,0.0368,0.0539,0.6029,0.0887,0.6997,0.0335,0.0545,0.6484,0.0839,0.5758,0.0316,0.051,0.6113,0.0826,0.5994
2014-10-25T00:23:59.802Z,0.0364,0.0534,0.6021,0.0874,0.6589,0.04,0.0598,0.6823,0.0866,0.6513,0.0328,0.0515,0.6106,0.0832,0.6211
2014-10-25T00:24:59.010Z,0.0344,0.0518,0.5992,0.0859,0.67,0.0387,0.059,0.6708,0.0849,0.6215,0.0331,0.0521,0.6159,0.0838,0.5985
2014-10-25T00:25:59.351Z,0.0364,0.0548,0.6139,0.087,0.667,0.0361,0.0567,0.6579,0.0864,0.5985,0.0352,0.0542,0.617,0.0845,0.6082
2014-10-25T00:26:59.770Z,0.0376,0.0551,0.6135,0.0897,0.6789,0.0346,0.0549,0.6581,0.0832,0.5895,0.0295,0.05,0.5981,0.0805,0.5868
2014-10-25T00:27:59.184Z,0.0373,0.0555,0.6141,0.0886,0.6622,0.0367,0.0569,0.6598,0.0843,0.6139,0.0343,0.0537,0.6257,0.0855,0.6104
2014-10-25T00:28:59.215Z,0.0366,0.055,0.6108,0.0874,0.6739,0.035,0.0537,0.6442,0.0832,0.6305,0.0308,0.05,0.6058,0.0808,0.6132
2014-10-25T00:29:59.739Z,0.0357,0.0536,0.6036,0.0868,0.6614,0.0375,0.0579,0.6689,0.0854,0.6271,0.0275,0.0468,0.5868,0.0775,0.5604
2014-10-25T00:30:59.287Z,0.0358,0.0548,0.6139,0.0882,0.6358,0.0355,0.0545,0.65,0.0833,0.613,0.0267,0.047,0.5882,0.0794,0.5682
2014-10-25T00:31:59.785Z,0.0373,0.0552,0.6098,0.0884,0.6759,0.0393,0.062,0.6825,0.0886,0.6018,0.0286,0.0493,0.602,0.0809,0.5777
2014-10-25T00:32:59.148Z,0.0371,0.055,0.6109,0.0891,0.6665,0.0382,0.0574,0.6609,0.0862,0.6435,0.0297,0.0509,0.6032,0.0815,0.5724
2014-10-25T00:33:59.754Z,0.0386,0.0581,0.6233,0.0883,0.6561,0.0372,0.0583,0.6664,0.0856,0.6125,0.0269,0.0475,0.5936,0.0803,0.54
2014-10-25T00:34:59.140Z,0.038,0.0568,0.6184,0.0892,0.678,0.0304,0.052,0.6296,0.0828,0.5572,0.0284,0.0472,0.5944,0.0796,0.5732
2014-10-25T00:35:59.667Z,0.0352,0.0535,0.6089,0.0867,0.6624,0.0385,0.0576,0.6702,0.0861,0.6189,0.0324,0.0522,0.6098,0.0837,0.6048
2014-10-25T00:36:59.060Z,0.0389,0.0569,0.6189,0.0894,0.6908,0.0392,0.0594,0.6703,0.0872,0.6103,0.0328,0.0508,0.6033,0.0831,0.6081
2014-10-25T00:37:59.501Z,0.0371,0.055,0.6035,0.09,0.6838,0.0353,0.0556,0.6506,0.085,0.6141,0.0294,0.05,0.5968,0.0815,0.5556
2014-10-25T00:38:59.878Z,0.0379,0.0552,0.6112,0.0876,0.6709,0.0364,0.0588,0.6585,0.0882,0.5827,0.0315,0.0509,0.6076,0.0818,0.58
2014-10-25T00:39:59.143Z,0.0341,0.0528,0.5981,0.0875,0.6575,0.0378,0.0584,0.67,0.0859,0.6156,0.0316,0.0519,0.6119,0.0806,0.5647
2014-10-25T00:40:59.454Z,0.0413,0.0577,0.6157,0.0913,0.7083,0.0347,0.0547,0.6617,0.081,0.6033,0.028,0.0473,0.595,0.0813,0.5643
2014-10-25T00:41:59.941Z,0.0376,0.0562,0.6122,0.0897,0.6738,0.0324,0.0538,0.6468,0.0819,0.5792,0.033,0.0516,0.6103,0.0824,0.5951
2014-10-25T00:42:59.480Z,0.0363,0.0533,0.6003,0.088,0.6703,0.033,0.054,0.6477,0.082,0.587,0.029,0.048,0.6013,0.08,0.5717
2014-10-25T00:43:59.906Z,0.04,0.0572,0.6228,0.0897,0.7021,0.0348,0.0555,0.6534,0.0828,0.5969,0.0272,0.0462,0.5914,0.0776,0.549
2014-10-25T00:44:59.155Z,0.0356,0.0541,0.6026,0.0881,0.663,0.0311,0.0522,0.6489,0.0793,0.5526,0.0259,0.0459,0.5933,0.077,0.5526
2014-10-25T00:45:59.699Z,0.0418,0.0593,0.635,0.0932,0.7014,0.025,0.0464,0.6207,0.0739,0.4971,0.0268,0.0471,0.5886,0.0786,0.5539
2014-10-25T00:46:59.124Z,0.0364,0.0536,0.607,0.0882,0.6791,0.0364,0.0561,0.6527,0.0861,0.6242,0.0285,0.0476,0.6012,0.0797,0.5779
2014-10-25T00:47:59.639Z,0.0371,0.0539,0.6084,0.0876,0.6939,0.0368,0.0574,0.6616,0.0855,0.5913,0.0329,0.0511,0.6147,0.0818,0.6163
2014-10-25T00:48:59.976Z,0.0334,0.0521,0.5903,0.0855,0.6576,0.0303,0.0524,0.6376,0.08,0.5441,0.0303,0.0507,0.6114,0.081,0.5683
2014-10-25T00:49:59.542Z,0.0358,0.0533,0.6048,0.0848,0.6564,0.0342,0.0561,0.66,0.083,0.5785,0.0303,0.0503,0.6048,0.0812,0.5855
2014-10-25T00:50:59.918Z,0.0377,0.0554,0.6177,0.0891,0.688,0.0383,0.0609,0.6814,0.0877,0.5966,0.03,0.0517,0.6114,0.082,0.5603
2014-10-25T00:51:59.371Z,0.0345,0.0524,0.5997,0.0858,0.6611,0.0395,0.0584,0.6637,0.0874,0.6445,0.0318,0.0513,0.6111,0.0813,0.5747
2014-10-25T00:52:59.904Z,0.0368,0.0539,0.6026,0.0871,0.6921,0.0374,0.0595,0.6674,0.0871,0.5982,0.0284,0.0503,0.6045,0.0813,0.5505
2014-10-25T00:53:59.332Z,0.0362,0.0556,0.6056,0.0862,0.6588,0.0335,0.0553,0.6591,0.0838,0.5621,0.0279,0.0476,0.5897,0.0788,0.5676
2014-10-25T00:54:59.213Z,0.0337,0.0537,0.5937,0.087,0.6326,0.0344,0.0544,0.6452,0.0848,0.5956,0.0307,0.0511,0.6148,0.0811,0.5737
2014-10-25T00:55:59.776Z,0.0361,0.0553,0.6081,0.0869,0.6561,0.0369,0.0581,0.6711,0.0856,0.6142,0.0325,0.0528,0.6111,0.0842,0.5794
2014-10-25T00:56:59.569Z,0.0353,0.0553,0.6056,0.0863,0.6541,0.0341,0.0556,0.6563,0.0834,0.5884,0.0269,0.0475,0.5991,0.0788,0.5584
2014-10-25T00:57:59.766Z,0.0397,0.0582,0.6271,0.0909,0.6888,0.0353,0.0568,0.665,0.0847,0.5976,0.0294,0.05,0.6094,0.0815,0.5591
2014-10-25T00:58:59.104Z,0.037,0.0548,0.6133,0.0885,0.6788,0.033,0.0542,0.6497,0.0818,0.5797,0.0273,0.0479,0.5982,0.0791,0.5561
2014-10-25T00:59:59.518Z,0.0362,0.054,0.6112,0.0879,0.6779,0.0369,0.0588,0.671,0.0869,0.5862,0.0312,0.051,0.6083,0.0812,0.5881
2014-10-25T01:00:59.158Z,0.0319,0.0506,0.5862,0.0834,0.6513,0.0328,0.055,0.6578,0.0825,0.5397,0.0306,0.0509,0.5922,0.0828,0.5791
2014-10-25T01:01:59.455Z,0.0355,0.0536,0.6009,0.0852,0.6791,0.0285,0.0497,0.6276,0.0785,0.5473,0.0279,0.0476,0.5818,0.0818,0.5727
2014-10-25T01:02:59.881Z,0.037,0.0525,0.6005,0.0861,0.6732,0.0305,0.053,0.6473,0.0795,0.5327,0.0268,0.048,0.5789,0.0791,0.5491
2014-10-25T01:03:59.349Z,0.0364,0.0548,0.6061,0.0864,0.6639,0.0291,0.0488,0.6327,0.0767,0.5373,0.0258,0.0461,0.5952,0.0779,0.5482
2014-10-25T01:04:59.972Z,0.0379,0.0557,0.6146,0.0868,0.6704,0.0318,0.0532,0.6425,0.0811,0.5771,0.0246,0.0443,0.5814,0.0768,0.5489
2014-10-25T01:05:59.374Z,0.0358,0.055,0.605,0.0878,0.6528,0.0381,0.0581,0.6719,0.085,0.5967,0.0317,0.0517,0.6064,0.0825,0.6064
2014-10-25T01:06:59.748Z,0.0312,0.0509,0.5853,0.0838,0.6438,0.0344,0.0565,0.6494,0.085,0.5968,0.0324,0.0521,0.6106,0.0835,0.5965
2014-10-25T01:07:59.560Z,0.031,0.0514,0.5924,0.0845,0.6159,0.0407,0.0621,0.6755,0.0897,0.6159,0.031,0.0507,0.6114,0.0831,0.5776
2014-10-25T01:08:59.025Z,0.0356,0.0559,0.6112,0.0885,0.6629,0.0315,0.0527,0.6339,0.0802,0.5707,0.03,0.0498,0.6015,0.0812,0.562
2014-10-25T01:09:59.305Z,0.0347,0.0512,0.5885,0.0847,0.6794,0.0321,0.0535,0.6503,0.0812,0.5556,0.0271,0.0474,0.5894,0.0794,0.5391
2014-10-25T01:10:59.811Z,0.0337,0.0537,0.6007,0.0866,0.6261,0.0407,0.0612,0.679,0.089,0.621,0.0307,0.0505,0.61,0.0824,0.5873
2014-10-25T01:11:59.129Z,0.0385,0.0559,0.6081,0.087,0.6841,0.0341,0.0544,0.6537,0.0826,0.5819,0.0285,0.0478,0.5907,0.0793,0.5889
2014-10-25T01:12:59.491Z,0.0336,0.0525,0.5989,0.0847,0.6403,0.0356,0.0558,0.6617,0.0839,0.6169,0.0286,0.0494,0.6019,0.0803,0.5517
2014-10-25T01:13:59.927Z,0.0348,0.0533,0.5952,0.0839,0.6639,0.0388,0.0609,0.677,0.0879,0.6158,0.0297,0.0509,0.6076,0.0818,0.5618
2014-10-25T01:14:59.338Z,0.0373,0.056,0.6163,0.0883,0.681,0.0323,0.0537,0.646,0.0827,0.5727,0.028,0.048,0.5923,0.0797,0.567
2014-10-25T01:15:59.752Z,0.0345,0.0545,0.6052,0.0858,0.643,0.0382,0.0594,0.6636,0.0882,0.6139,0.0318,0.0515,0.6064,0.0821,0.6015
2014-10-25T01:16:59.089Z,0.0342,0.0533,0.5915,0.0848,0.6503,0.0336,0.0558,0.6594,0.0827,0.5627,0.0294,0.0491,0.6045,0.08,0.5688
2014-10-25T01:17:59.071Z,0.0378,0.0576,0.6132,0.0886,0.6557,0.0343,0.0559,0.6605,0.083,0.5927,0.033,0.0524,0.6208,0.0838,0.5932
2014-10-25T01:18:59.501Z,0.0329,0.0529,0.5989,0.0834,0.6377,0.0309,0.0514,0.636,0.0811,0.5563,0.0317,0.0511,0.6123,0.0823,0.6071
2014-10-25T01:19:59.076Z,0.0337,0.0517,0.598,0.0837,0.6586,0.0354,0.0546,0.6486,0.0843,0.6089,0.0294,0.0506,0.6051,0.0811,0.5731
2014-10-25T01:20:59.579Z,0.0359,0.0549,0.6124,0.0871,0.6666,0.0354,0.0551,0.6512,0.0837,0.6071,0.0302,0.051,0.6066,0.0824,0.5854
2014-10-25T01:21:59.076Z,0.0372,0.0552,0.61,0.0876,0.6672,0.0383,0.0593,0.6669,0.0872,0.6231,0.0269,0.0472,0.5879,0.08,0.5359
2014-10-25T01:22:59.352Z,0.0362,0.0541,0.6,0.0869,0.6641,0.0341,0.0559,0.6507,0.0841,0.5797,0.0303,0.0486,0.5941,0.0814,0.5945
2014-10-25T01:23:59.778Z,0.0335,0.0516,0.5948,0.0842,0.6719,0.0365,0.0561,0.6432,0.0868,0.6077,0.029,0.049,0.6,0.0806,0.5539
2014-10-25T01:24:59.268Z,0.0341,0.0528,0.601,0.0848,0.6476,0.0338,0.0531,0.6438,0.0817,0.5786,0.0259,0.0469,0.5852,0.079,0.5276
2014-10-25T01:25:59.683Z,0.035,0.0538,0.5973,0.0846,0.6612,0.0323,0.0531,0.6323,0.0812,0.5558,0.0235,0.0446,0.5785,0.0781,0.5312
2014-10-25T01:26:59.051Z,0.0332,0.0536,0.5961,0.0846,0.6411,0.0329,0.0525,0.6311,0.0821,0.6079,0.0279,0.0464,0.5932,0.0793,0.5743
2014-10-25T01:27:59.601Z,0.0359,0.0534,0.6,0.0859,0.6806,0.0275,0.0519,0.6325,0.0803,0.5306,0.03,0.0488,0.5972,0.0803,0.5847
2014-10-25T01:28:59.943Z,0.0354,0.0537,0.6068,0.0859,0.6549,0.0395,0.06,0.6685,0.088,0.6354,0.03,0.051,0.6041,0.0817,0.5722
2014-10-25T01:29:59.380Z,0.035,0.0527,0.5938,0.0854,0.6842,0.0346,0.0546,0.6554,0.0815,0.5973,0.0262,0.0458,0.5815,0.0785,0.5277
2014-10-25T01:30:59.874Z,0.0374,0.0554,0.6089,0.0877,0.686,0.03,0.0523,0.6314,0.08,0.5191,0.0303,0.0489,0.602,0.08,0.5837
2014-10-25T01:31:59.527Z,0.0389,0.0577,0.6229,0.088,0.6717,0.0346,0.0546,0.6517,0.0834,0.5929,0.0289,0.0494,0.6097,0.0786,0.5754
2014-10-25T01:32:59.893Z,0.0384,0.0568,0.6132,0.0881,0.6978,0.0341,0.0551,0.6551,0.0841,0.5789,0.0286,0.0492,0.6038,0.0811,0.5576
2014-10-25T01:33:59.267Z,0.0316,0.05,0.5881,0.0841,0.6288,0.0313,0.0516,0.6353,0.0809,0.5784,0.0297,0.0488,0.6066,0.0803,0.5791
2014-10-25T01:34:59.963Z,0.0305,0.0495,0.5811,0.0819,0.6251,0.0332,0.0543,0.6459,0.0832,0.5841,0.0332,0.0527,0.6176,0.0849,0.59
2014-10-25T01:35:59.479Z,0.0297,0.0497,0.58,0.0826,0.5989,0.0334,0.0526,0.6469,0.0814,0.5837,0.0271,0.0489,0.596,0.0803,0.5577
2014-10-25T01:36:59.426Z,0.0347,0.0516,0.5888,0.0853,0.6675,0.0425,0.0622,0.6725,0.09,0.6534,0.0322,0.0516,0.61,0.0822,0.5959
2014-10-25T01:37:59.620Z,0.0358,0.0561,0.6132,0.0887,0.6571,0.0374,0.0581,0.6668,0.0845,0.6068,0.0303,0.0513,0.6123,0.0813,0.5671
2014-10-25T01:38:59.899Z,0.0406,0.0574,0.62,0.0906,0.6944,0.0341,0.055,0.6485,0.0841,0.6065,0.03,0.0512,0.6179,0.0832,0.5824
2014-10-25T01:39:59.250Z,0.0326,0.0493,0.5856,0.083,0.6663,0.0333,0.0544,0.65,0.0819,0.567,0.027,0.0463,0.5922,0.0778,0.5548
2014-10-25T01:40:59.536Z,0.0341,0.0533,0.6057,0.0852,0.645,0.0326,0.0543,0.642,0.0835,0.5937,0.0289,0.0487,0.5974,0.0807,0.5633
2014-10-25T01:41:59.929Z,0.039,0.0572,0.6228,0.0893,0.6834,0.0341,0.0548,0.6441,0.0824,0.5969,0.0269,0.0483,0.5948,0.08,0.5376
2014-10-25T01:42:59.206Z,0.0353,0.054,0.6053,0.0856,0.6526,0.0365,0.0558,0.6465,0.0851,0.5828,0.0298,0.0498,0.6002,0.0809,0.58
2014-10-25T01:43:59.660Z,0.0324,0.0504,0.5933,0.0827,0.6416,0.0369,0.058,0.6713,0.0867,0.5878,0.0316,0.0522,0.6169,0.0833,0.5776
2014-10-25T01:44:59.208Z,0.0373,0.0561,0.6203,0.0861,0.6658,0.0285,0.0488,0.6312,0.0758,0.5155,0.0315,0.0527,0.6152,0.0821,0.5839
2014-10-25T01:45:59.648Z,0.0376,0.0555,0.6042,0.0882,0.6826,0.0332,0.0553,0.6563,0.0816,0.5732,0.0313,0.0508,0.6082,0.0832,0.5963
2014-10-25T01:46:59.183Z,0.0441,0.0622,0.6453,0.0919,0.69,0.0369,0.0584,0.6656,0.0869,0.6078,0.025,0.0466,0.5728,0.0794,0.5381
2014-10-25T01:47:59.009Z,0.0342,0.0529,0.5935,0.0858,0.6587,0.0329,0.0552,0.6529,0.0823,0.5606,0.0271,0.0468,0.5958,0.0774,0.559
2014-10-25T01:48:59.490Z,0.0405,0.0588,0.6329,0.089,0.6798,0.03,0.0512,0.6388,0.079,0.544,0.0298,0.0505,0.6029,0.0829,0.555
2014-10-25T01:49:59.689Z,0.0388,0.0579,0.6271,0.0879,0.6597,0.0365,0.0562,0.6606,0.0853,0.6197,0.0306,0.0518,0.6071,0.0821,0.5462
2014-10-25T01:50:59.116Z,0.04,0.0571,0.6234,0.0874,0.6697,0.0363,0.0579,0.6745,0.0855,0.5961,0.0297,0.0503,0.6163,0.0816,0.5621
2014-10-25T01:51:59.504Z,0.0374,0.0571,0.6158,0.0884,0.6661,0.0332,0.0526,0.6419,0.0816,0.5913,0.031,0.0513,0.6129,0.0823,0.5839
2014-10-25T01:52:59.921Z,0.0372,0.0556,0.6116,0.0881,0.6794,0.035,0.0547,0.6463,0.0844,0.5825,0.0275,0.0484,0.6031,0.0797,0.5713
2014-10-25T01:53:59.190Z,0.0348,0.0518,0.591,0.0853,0.665,0.0345,0.056,0.6577,0.0848,0.5847,0.0328,0.052,0.6127,0.084,0.607
2014-10-25T01:54:59.553Z,0.0346,0.0526,0.5974,0.0846,0.6715,0.0364,0.0569,0.6544,0.0841,0.6082,0.0315,0.0526,0.6097,0.0836,0.5867
2014-10-25T01:55:59.837Z,0.0381,0.0558,0.6114,0.0875,0.6947,0.0356,0.0558,0.6658,0.0828,0.6061,0.0289,0.0489,0.5933,0.0808,0.5783
2014-10-25T01:56:59.243Z,0.0361,0.0541,0.6061,0.0854,0.6612,0.0329,0.0532,0.6424,0.0822,0.5746,0.029,0.049,0.6002,0.0824,0.581
2014-10-25T01:57:59.755Z,0.0342,0.0527,0.5912,0.0845,0.6633,0.0358,0.0561,0.6524,0.0836,0.5824,0.0285,0.0497,0.6109,0.0815,0.5436
2014-10-25T01:58:59.047Z,0.0363,0.0551,0.6106,0.0869,0.6534,0.0337,0.0554,0.6569,0.0834,0.592,0.0237,0.0451,0.5729,0.0774,0.5294
2014-10-25T01:59:59.391Z,0.0316,0.0513,0.5861,0.0839,0.6377,0.0329,0.0519,0.6352,0.0803,0.5848,0.0342,0.0548,0.6287,0.0848,0.6006
