2014-11-28T00:00:59.781Z,4.0263,62.6099,231.9396,0.2696,0.0645,2.8629,56.0381,231.262,0.2426,0.0524,3.2781,57.3287,234.1037,0.2451,0.058
2014-11-28T00:01:59.499Z,4.0952,63.3232,231.8912,0.2724,0.0667,2.6051,58.7735,230.9784,0.2538,0.0484,3.3448,56.4778,234.2129,0.241,0.0663
2014-11-28T00:02:59.781Z,5.4304,65.5632,232.0882,0.2823,0.0825,3.2652,57.9046,231.2871,0.2505,0.0562,3.2356,58.579,234.5432,0.2496,0.0565
2014-11-28T00:03:59.633Z,5.1109,63.7258,232.0476,0.2743,0.0818,2.7782,58.0645,230.1631,0.2521,0.047,3.2689,60.2589,234.5105,0.2569,0.0567
2014-11-28T00:04:59.090Z,4.7976,64.9889,232.307,0.2799,0.075,2.5952,56.648,230.8723,0.2449,0.0474,3.3149,58.8664,234.1643,0.2517,0.0586
2014-11-28T00:05:59.459Z,4.8437,66.5403,232.4365,0.2869,0.0736,2.777,59.6092,230.9198,0.2581,0.0474,3.5162,61.1004,233.4486,0.2621,0.0573
2014-11-28T00:06:59.798Z,5.2058,65.9438,232.2551,0.2844,0.0813,2.3929,58.3809,230.7968,0.2529,0.0405,3.6542,60.8973,233.0945,0.2616,0.0605
2014-11-28T00:07:59.353Z,4.1446,65.2798,231.6759,0.2814,0.0644,2.5888,57.8145,230.9393,0.2502,0.0466,3.7176,60.9975,233.5613,0.2608,0.0632
2014-11-28T00:08:59.626Z,4.3954,66.4216,231.7549,0.2864,0.0667,2.702,58.7103,231.271,0.2536,0.0459,3.3737,61.1298,233.7747,0.2616,0.0541
2014-11-28T00:09:59.392Z,5.5268,65.9094,231.9776,0.284,0.085,2.5598,59.1089,231.4209,0.2552,0.0433,3.3586,60.0462,233.6069,0.257,0.0564
2014-11-28T00:10:59.728Z,5.3445,67.0652,232.5266,0.2882,0.0807,2.8926,59.3551,231.6568,0.2564,0.0501,3.3742,60.4038,233.722,0.2584,0.0565
2014-11-28T00:11:59.281Z,4.4614,66.5971,233.21,0.2856,0.0686,3.158,60.7203,231.6967,0.2622,0.052,3.8377,60.3349,233.6893,0.2581,0.0632
2014-11-28T00:12:59.674Z,4.8103,67.6541,233.5841,0.29,0.072,2.5113,59.8934,231.1826,0.2592,0.0425,3.604,59.8361,233.4235,0.257,0.0607
2014-11-28T00:13:59.886Z,4.309,66.2065,234.2885,0.2831,0.0665,2.7067,60.8251,231.3008,0.2635,0.0457,3.5051,60.8165,231.4403,0.2627,0.0579
2014-11-28T00:14:59.221Z,5.6357,65.3257,233.2132,0.28,0.0887,2.303,60.3748,231.6404,0.2609,0.0383,3.4341,60.8394,233.5269,0.2604,0.057
2014-11-28T00:15:59.520Z,4.9405,65.411,232.393,0.2818,0.0765,2.6918,59.6126,232.2346,0.2571,0.0459,3.3699,60.857,232.5478,0.262,0.0557
2014-11-28T00:16:59.662Z,4.6311,65.5296,233.1244,0.2807,0.0723,2.8435,58.9195,232.0659,0.2536,0.049,3.2051,60.192,232.8064,0.2585,0.0533
2014-11-28T00:17:59.960Z,4.9328,66.3865,233.2802,0.2841,0.0754,3.2828,60.7634,232.0682,0.2621,0.0543,3.4778,60.0666,232.7922,0.2585,0.0587
2014-11-28T00:18:59.242Z,4.8756,66.8566,233.2192,0.2871,0.073,2.2576,59.4656,231.9932,0.2566,0.0352,3.7312,59.722,232.9851,0.2563,0.0633
2014-11-28T00:19:59.706Z,4.5615,64.8415,233.1588,0.2781,0.0715,2.739,56.0908,231.0026,0.2425,0.0499,2.8491,60.0038,233.5866,0.2568,0.0479
2014-11-28T00:20:59.009Z,5.2947,64.1794,232.7973,0.2756,0.0833,2.4294,58.3278,231.6737,0.2521,0.0413,3.2837,58.4117,233.832,0.25,0.0584
2014-11-28T00:21:59.777Z,4.7055,64.1861,233.3363,0.2751,0.0749,2.4996,56.4314,231.9835,0.2428,0.0447,3.1315,58.4077,233.5341,0.25,0.055
2014-11-28T00:22:59.095Z,4.5932,64.6949,232.8529,0.278,0.0729,2.5361,57.4523,232.2291,0.2476,0.0461,3.1012,57.9339,232.8179,0.2488,0.054
2014-11-28T00:23:59.729Z,4.9362,64.4591,233.0786,0.2766,0.0789,3.0364,57.943,232.4999,0.2492,0.0527,3.7583,57.6749,232.8766,0.2479,0.067
2014-11-28T00:24:59.156Z,4.9271,65.1434,232.2307,0.2808,0.0776,2.6188,60.1354,233.0334,0.2579,0.044,3.1918,61.2092,233.6827,0.2619,0.054
2014-11-28T00:25:59.796Z,5.0776,65.575,232.081,0.2823,0.0796,2.7674,60.3457,233.3125,0.2582,0.0457,3.5776,61.3358,233.8612,0.2618,0.0588
2014-11-28T00:26:59.166Z,4.3143,65.9526,232.1659,0.2839,0.0669,2.8502,60.2326,233.0754,0.2587,0.0477,3.2431,59.3549,233.8259,0.2538,0.0552
2014-11-28T00:27:59.486Z,4.6109,65.7151,232.9222,0.2815,0.0728,2.682,60.3908,232.9826,0.2588,0.0437,3.2592,60.5641,233.8175,0.2584,0.0551
2014-11-28T00:28:59.750Z,5.4184,66.9036,233.4693,0.2865,0.0815,2.5698,58.6401,232.8923,0.2519,0.0441,3.7143,60.5282,233.904,0.2589,0.0604
2014-11-28T00:29:59.088Z,5.3048,66.2301,233.3926,0.2839,0.0803,2.4257,58.799,232.6761,0.2529,0.0418,3.5867,60.2634,233.735,0.2576,0.0588
2014-11-28T00:30:59.653Z,5.0127,66.0342,233.0625,0.2832,0.0758,2.6355,59.5498,232.6696,0.2558,0.0461,3.6663,60.816,233.2403,0.2604,0.0604
2014-11-28T00:31:59.891Z,5.2416,65.0103,232.8548,0.279,0.0821,2.4134,58.3451,232.4444,0.2512,0.0422,3.5168,59.8246,232.9073,0.2563,0.0593
2014-11-28T00:32:59.732Z,5.0279,66.7441,232.953,0.2867,0.0766,3.0099,59.1358,232.5415,0.2544,0.0495,3.3922,60.8218,233.0136,0.261,0.0544
2014-11-28T00:33:59.003Z,4.6464,65.8374,233.2285,0.2821,0.0707,2.3753,58.7271,232.8362,0.2524,0.0418,3.6312,60.7616,233.4171,0.2599,0.0588
2014-11-28T00:34:59.262Z,4.0941,66.2248,233.1725,0.2837,0.0615,2.6582,59.3841,232.7092,0.2554,0.046,2.8513,59.4815,233.3258,0.2545,0.0473
2014-11-28T00:35:59.620Z,4.5242,66.0219,232.8535,0.2833,0.0691,2.8238,57.8556,231.9051,0.2493,0.0488,3.4695,61.2526,233.6625,0.2619,0.0574
2014-11-28T00:36:59.978Z,5.0785,65.5336,233.2396,0.2808,0.0803,2.5183,59.6336,232.1103,0.2567,0.044,3.3297,60.1303,233.2916,0.2579,0.0561
2014-11-28T00:37:59.514Z,4.848,65.1272,233.1116,0.2794,0.0757,2.9256,59.726,232.3412,0.2573,0.0472,3.1174,59.5012,232.6037,0.2554,0.0528
2014-11-28T00:38:59.332Z,4.9178,65.7793,232.2005,0.2833,0.0753,2.7493,59.9445,232.0792,0.2581,0.0447,3.3195,60.5329,233.0597,0.2601,0.054
2014-11-28T00:39:59.524Z,5.4649,66.8174,232.6395,0.2858,0.0833,2.7966,59.95,232.5307,0.2581,0.0476,3.7738,59.2459,233.5743,0.2538,0.0624
2014-11-28T00:40:59.788Z,5.0113,65.9716,232.7164,0.2833,0.0781,2.8818,58.5557,232.8709,0.2515,0.0507,3.5185,59.6418,233.7935,0.2554,0.0592
2014-11-28T00:41:59.427Z,4.3396,65.039,232.8873,0.2796,0.0691,2.6978,59.2806,232.5594,0.2553,0.0458,2.8817,59.6553,233.4064,0.2553,0.0491
2014-11-28T00:42:59.632Z,5.4934,64.5602,233.1063,0.2764,0.0879,2.8626,57.3786,232.3352,0.2467,0.0529,3.4991,57.467,233.35,0.2459,0.0622
2014-11-28T00:43:59.299Z,5.0127,66.0031,232.8534,0.2833,0.0758,2.4659,59.5801,231.9978,0.2567,0.044,3.7651,59.5994,233.5908,0.2554,0.0631
2014-11-28T00:44:59.745Z,4.4958,66.1714,232.839,0.2839,0.0691,2.9603,60.7359,231.9429,0.262,0.0504,3.5378,59.9648,233.4521,0.257,0.058
2014-11-28T00:45:59.271Z,5.2778,66.0517,232.5819,0.2839,0.0809,2.5278,59.8068,232.6034,0.2572,0.0423,3.7232,60.0614,233.7343,0.2576,0.061
2014-11-28T00:46:59.570Z,4.6041,66.1436,232.8602,0.2842,0.0695,2.3267,58.9498,232.5143,0.2538,0.0416,3.8702,60.5177,234.4254,0.2588,0.0649
2014-11-28T00:47:59.887Z,4.8623,65.7675,232.5886,0.2827,0.0752,2.6825,60.6665,232.9678,0.2603,0.0461,3.6323,60.665,234.2453,0.259,0.0609
2014-11-28T00:48:59.652Z,4.563,66.322,231.7633,0.2862,0.0707,2.6586,59.3653,232.3429,0.2549,0.043,3.1323,59.4839,234.17,0.2543,0.0536
2014-11-28T00:49:59.886Z,5.1938,66.79,231.7755,0.2881,0.08,2.4163,58.8152,232.0298,0.2533,0.0422,3.3558,60.3593,234.5934,0.2575,0.0551
2014-11-28T00:50:59.283Z,4.6239,65.4969,232.1654,0.2817,0.0734,2.6966,60.3324,232.4071,0.2594,0.0441,3.9409,59.4432,234.5869,0.2534,0.0668
2014-11-28T00:51:59.458Z,5.2484,66.3039,232.3058,0.2853,0.0803,2.3453,58.0346,232.2307,0.2496,0.0417,3.4034,59.514,234.8248,0.2535,0.0568
2014-11-28T00:52:59.803Z,5.226,66.7434,232.4652,0.2871,0.0778,2.6232,58.3043,231.6275,0.2514,0.0465,3.3571,60.8462,235.0432,0.2592,0.0547
2014-11-28T00:53:59.427Z,4.9021,65.8922,232.0839,0.284,0.0764,2.9768,59.5989,232.2634,0.2563,0.0489,3.4423,60.8876,234.7231,0.2594,0.0568
2014-11-28T00:54:59.588Z,5.3251,65.4597,232.6761,0.2807,0.082,2.6684,58.3261,232.0852,0.2511,0.0465,3.6503,61.8272,235.1686,0.2624,0.0582
2014-11-28T00:55:59.768Z,4.8429,66.3651,232.8175,0.2845,0.0731,3.0046,59.1586,232.0767,0.2547,0.0509,3.8173,60.023,235.3729,0.2551,0.063
2014-11-28T00:56:59.066Z,5.4023,66.3333,233.5261,0.2843,0.0823,3.0712,59.2847,231.9464,0.2552,0.0514,3.142,59.9196,235.7223,0.2549,0.0519
2014-11-28T00:57:59.361Z,4.9078,65.693,233.0818,0.2825,0.0755,3.0076,61.1465,231.1542,0.2646,0.0486,3.4397,60.3046,235.5852,0.2559,0.057
2014-11-28T00:58:59.577Z,5.3068,66.0679,232.1729,0.2843,0.0814,2.8598,59.5045,232.2705,0.2562,0.0473,3.8012,61.121,235.2548,0.2601,0.0625
2014-11-28T00:59:59.756Z,4.9226,66.2905,232.6084,0.2851,0.0738,2.6876,59.1691,232.9849,0.2542,0.0443,3.3758,61.4876,235.2008,0.2614,0.0562
