2014-11-03T00:00:59.589Z,4.0739,18.3828,232.0606,0.079,0.2207,-2.8878,15.6153,230.2624,0.0676,-0.182,11.0014,21.3738,234.1748,0.0912,0.5172
2014-11-03T00:01:59.891Z,3.9067,18.4638,232.1467,0.0799,0.211,-2.8314,15.8964,231.962,0.0686,-0.1744,11.1747,21.3351,233.9466,0.0911,0.5262
2014-11-03T00:02:59.074Z,3.8167,18.4189,232.2447,0.0792,0.2066,-2.4238,15.3767,233.5892,0.0654,-0.1575,11.16,21.3094,234.0305,0.0905,0.5249
2014-11-03T00:03:59.194Z,3.8821,18.3197,232.6049,0.0794,0.2117,-2.5222,15.5757,233.3159,0.0667,-0.1607,10.9041,21.1109,232.9137,0.0905,0.5183
2014-11-03T00:04:59.401Z,3.9191,18.5185,232.5438,0.0798,0.2104,-2.5289,15.0779,232.916,0.0651,-0.1659,11.1883,20.9924,232.3643,0.09,0.5347
2014-11-03T00:05:59.828Z,3.8904,18.3733,233.1974,0.0793,0.2115,-2.8677,15.4561,232.8832,0.0665,-0.1819,11.1941,21.0717,233.1188,0.09,0.5334
2014-11-03T00:06:59.018Z,3.9051,18.4632,232.7928,0.0798,0.2109,-2.6654,15.6695,232.6642,0.0675,-0.1676,11.1188,21.2815,233.3767,0.0908,0.5238
2014-11-03T00:07:59.226Z,3.9048,18.3866,232.6474,0.0793,0.2115,-2.5428,15.9807,232.7998,0.0693,-0.1569,11.0811,21.3485,233.4159,0.0915,0.5211
2014-11-03T00:08:59.431Z,4.0293,18.6784,232.9387,0.0805,0.215,-2.5324,15.5209,232.7239,0.0667,-0.1598,11.137,21.306,233.6017,0.0913,0.5251
2014-11-03T00:09:59.711Z,3.886,18.5344,232.5623,0.0805,0.2093,-2.6121,15.5309,232.5318,0.0667,-0.1644,11.2024,21.2968,233.9108,0.0906,0.5277
2014-11-03T00:11:59.259Z,3.7896,18.5056,232.5551,0.08,0.2039,-2.3505,15.3193,232.6866,0.0659,-0.1518,11.3319,21.3341,234.1308,0.0909,0.5325
2014-11-03T00:12:59.484Z,3.5131,18.1941,232.9519,0.0783,0.1928,-2.531,15.7893,233.2744,0.0679,-0.156,11.1398,21.4583,234.3686,0.0918,0.5203
2014-11-03T00:13:59.760Z,3.5416,18.1067,232.9222,0.0784,0.1949,-2.5381,15.6128,233.5247,0.0664,-0.1584,11.1835,21.4737,234.5551,0.0914,0.5218
2014-11-03T00:14:59.964Z,3.4198,18.1202,232.9053,0.0778,0.1886,-2.3222,15.7539,233.7954,0.0673,-0.1451,11.3331,21.3885,234.707,0.0905,0.5314
2014-11-03T00:15:59.155Z,3.4039,17.9503,232.5445,0.0772,0.1878,-2.6048,15.7881,233.6199,0.0677,-0.1596,11.137,21.4365,234.4708,0.0912,0.52
2014-11-03T00:16:59.425Z,3.3248,17.8915,232.4196,0.0781,0.1851,-2.7586,15.887,233.451,0.0679,-0.1699,10.8832,21.4017,234.5045,0.0913,0.512
2014-11-03T00:17:59.704Z,3.5226,18.2661,232.0084,0.0791,0.1933,-2.6583,15.4539,233.4202,0.0659,-0.1678,10.8405,21.3255,234.8338,0.0905,0.5094
2014-11-03T00:18:59.890Z,3.6439,18.7866,231.0121,0.0812,0.1936,-2.7576,15.688,233.3936,0.0671,-0.1724,10.7146,21.5305,235.0017,0.0918,0.4988
2014-11-03T00:19:59.156Z,3.5939,18.3148,230.0725,0.0802,0.196,-2.5808,15.7606,233.4128,0.0675,-0.1604,10.8077,21.5313,234.7506,0.0914,0.5033
2014-11-03T00:20:59.293Z,3.569,18.5443,229.8765,0.0807,0.1919,-2.7072,15.768,233.1485,0.0676,-0.1695,10.993,21.2615,234.1606,0.0909,0.5177
2014-11-03T00:21:59.495Z,3.6413,18.3016,230.5756,0.0793,0.1981,-2.6881,15.7955,233.0731,0.0678,-0.1667,11.4117,21.5234,234.4835,0.0916,0.5312
2014-11-03T00:22:59.684Z,3.7401,18.4881,230.9862,0.0802,0.2017,-2.3699,15.2817,233.2836,0.0653,-0.1526,11.3512,21.3119,234.4426,0.0914,0.5333
2014-11-03T00:23:59.818Z,3.81,18.6697,231.0977,0.0811,0.2038,-2.4334,15.7669,233.2329,0.0678,-0.1531,11.3505,21.2403,234.4378,0.0906,0.5352
2014-11-03T00:24:59.058Z,3.8126,18.459,231.3002,0.0802,0.2063,-2.691,15.4828,233.3815,0.0661,-0.1704,11.361,21.4013,234.5052,0.0911,0.5324
2014-11-03T00:25:59.217Z,3.5963,18.2567,230.7559,0.0797,0.1965,-2.7614,15.8488,233.1335,0.0684,-0.1714,11.0291,21.2762,234.0209,0.0905,0.5203
2014-11-03T00:26:59.733Z,3.7759,18.3174,231.2132,0.0795,0.2057,-2.4661,15.8678,233.0251,0.0681,-0.1524,11.066,21.3799,233.9913,0.0915,0.5186
2014-11-03T00:28:59.242Z,3.8014,18.4521,231.2679,0.0801,0.2051,-2.6342,15.7545,232.7455,0.0679,-0.1632,11.1651,21.6875,234.3856,0.0923,0.517
2014-11-03T00:29:59.399Z,3.6726,18.2554,230.6377,0.0794,0.2004,-2.4115,15.4285,233.0893,0.0663,-0.1552,11.1609,21.2791,234.1713,0.0909,0.5262
2014-11-03T00:30:59.590Z,3.5524,18.2323,230.0161,0.08,0.1949,-2.5241,15.1357,232.8427,0.0656,-0.1648,11.2784,21.0347,233.8157,0.0897,0.5368
2014-11-03T00:31:59.929Z,3.8833,18.4098,230.4979,0.0802,0.2103,-2.4631,15.6166,232.69,0.0667,-0.1555,11.2896,21.4384,234.0349,0.0918,0.528
2014-11-03T00:32:59.127Z,3.7191,18.5085,231.5083,0.0802,0.2003,-2.5557,15.7318,232.5963,0.0675,-0.16,11.2664,21.4497,234.17,0.0914,0.5267
2014-11-03T00:33:59.363Z,3.5087,18.1166,232.9461,0.078,0.1933,-2.3829,15.5169,232.1646,0.0669,-0.1515,11.0596,21.3087,234.2189,0.0904,0.52
2014-11-03T00:34:59.683Z,3.9482,18.5803,233.2016,0.08,0.212,-2.4487,15.4698,232.2215,0.0667,-0.1574,11.1728,21.2971,234.4374,0.0909,0.5259
2014-11-03T00:35:59.846Z,3.8733,18.5691,233.1523,0.0801,0.2068,-2.3414,15.3023,232.7529,0.0659,-0.1481,11.2007,21.4979,234.4276,0.0918,0.5227
2014-11-03T00:36:59.987Z,3.8609,18.7855,232.7286,0.081,0.2062,-2.4876,15.1541,232.0923,0.0657,-0.1631,11.1181,21.0524,233.6495,0.0897,0.5307
2014-11-03T00:37:59.112Z,4.1021,19.0001,232.6077,0.0811,0.2145,-2.4577,15.0287,232.0679,0.0647,-0.1628,10.9562,20.5933,233.2348,0.0879,0.5335
2014-11-03T00:38:59.492Z,4.0202,18.768,232.6345,0.0809,0.2134,-2.3248,15.2882,232.2051,0.0659,-0.151,11.0857,21.2241,233.3072,0.0913,0.5238
2014-11-03T00:39:59.935Z,3.9039,18.3178,232.8195,0.0794,0.2122,-2.7824,15.6074,232.0194,0.0672,-0.1736,11.1987,21.2782,233.2085,0.0915,0.5276
2014-11-03T00:40:59.133Z,3.9476,18.6586,232.1155,0.0805,0.2109,-2.6208,15.4767,231.8018,0.0668,-0.1668,11.3417,21.4099,233.3583,0.0915,0.5301
2014-11-03T00:41:59.365Z,4.0207,18.4361,232.7604,0.0796,0.218,-2.568,15.6673,231.9855,0.0677,-0.1612,11.1133,21.2886,233.7596,0.0907,0.5234
2014-11-03T00:42:59.597Z,3.3836,18.0533,232.9082,0.0776,0.1871,-2.7003,15.5247,231.7729,0.0671,-0.1719,11.1073,21.2913,233.5683,0.091,0.5224
2014-11-03T00:43:59.871Z,3.5547,18.2467,233.334,0.0789,0.1936,-2.3658,15.7905,232.4604,0.0675,-0.1476,11.2541,21.1353,234.1185,0.0902,0.5352
2014-11-03T00:44:59.032Z,3.426,18.2803,233.6909,0.0786,0.1861,-2.5005,15.3586,233.2326,0.0659,-0.1625,11.2398,21.2293,233.9682,0.0909,0.5325
2014-11-03T00:45:59.263Z,3.6653,18.4763,233.4417,0.0797,0.1978,-2.5204,15.7762,233.392,0.0673,-0.1589,11.2578,21.2082,233.7813,0.0911,0.5322
2014-11-03T00:46:59.508Z,3.9144,18.659,233.5282,0.0799,0.2096,-2.2803,15.5747,233.3043,0.0668,-0.1445,11.3368,21.51,233.9811,0.0922,0.5284
2014-11-03T00:47:59.838Z,4.1997,18.8783,233.4352,0.0817,0.2231,-2.5428,15.362,233.1372,0.0653,-0.1615,11.1963,21.3592,234.1047,0.0909,0.5241
2014-11-03T00:48:59.911Z,4.1978,19.1215,233.1888,0.0818,0.2201,-2.2684,15.1556,233.2994,0.0653,-0.1453,11.1617,21.0883,233.9776,0.0899,0.5303
2014-11-03T00:49:59.453Z,3.5403,18.0726,233.3974,0.0773,0.1952,-2.2318,16.0958,233.0968,0.0696,-0.136,11.3455,21.4692,233.7404,0.0919,0.5294
2014-11-03T00:50:59.761Z,3.7956,18.3301,232.9841,0.0791,0.2064,-2.5302,15.7847,232.9506,0.0682,-0.1613,11.2014,21.2157,233.6787,0.0908,0.5307
2014-11-03T00:51:59.067Z,3.6172,18.512,232.9302,0.08,0.1948,-2.6068,15.7458,232.9029,0.067,-0.1633,11.0248,21.2354,233.5485,0.091,0.5203
2014-11-03T00:52:59.323Z,3.8998,18.6118,232.7316,0.0805,0.2093,-2.6256,15.3055,232.4927,0.0654,-0.1687,11.108,21.2813,233.1778,0.0905,0.5235
2014-11-03T00:53:59.619Z,3.6601,18.4043,232.1573,0.0794,0.1981,-2.518,15.5839,232.5969,0.067,-0.1584,11.3224,21.7617,233.429,0.0929,0.5217
2014-11-03T00:54:59.183Z,3.8586,18.5687,232.6746,0.0797,0.2075,-2.613,15.8565,233.0049,0.0678,-0.1622,11.2015,21.4708,234.0975,0.0917,0.5231
2014-11-03T00:55:59.454Z,4.0053,18.4418,232.5917,0.0795,0.2161,-2.4299,15.4812,233.0026,0.0663,-0.1531,11.2894,21.4443,234.007,0.0916,0.528
2014-11-03T00:56:59.614Z,4.0272,18.6996,232.6183,0.0799,0.2154,-2.6607,15.8329,232.8652,0.068,-0.1656,11.2638,21.396,233.8393,0.0913,0.5269
2014-11-03T00:57:59.863Z,4.0177,18.6354,233.223,0.0803,0.2146,-2.6054,15.8302,232.9819,0.0684,-0.1615,11.3598,21.5857,234.2088,0.0916,0.5282
2014-11-03T00:58:59.197Z,3.742,18.4695,232.7809,0.0794,0.202,-2.677,15.7149,233.4556,0.0674,-0.1674,11.2101,21.5208,234.3527,0.0922,0.5211
2014-11-03T00:59:59.381Z,3.7035,18.6004,232.7456,0.0799,0.1986,-2.3749,15.5932,233.5706,0.0672,-0.1538,11.1352,21.4598,234.4676,0.0911,0.5215
