2014-11-25T00:00:59.778Z,3.2811,22.3244,232.2921,0.0959,0.1474,-6.0484,22.1785,232.0023,0.0959,-0.2718,10.4905,25.859,233.4518,0.1107,0.4062
2014-11-25T00:01:59.634Z,3.7029,22.8617,232.3722,0.0982,0.1637,-6.2881,22.6653,232.1191,0.0982,-0.277,10.5621,26.4613,234.0499,0.1133,0.4004
2014-11-25T00:02:59.379Z,3.6899,22.7158,231.2015,0.0985,0.1631,-6.2942,22.3927,232.6144,0.0963,-0.2812,10.4972,26.2954,233.8355,0.1119,0.4004
2014-11-25T00:03:59.302Z,3.4571,22.4077,231.453,0.0975,0.1553,-6.7514,22.5892,232.502,0.0973,-0.2985,10.5839,26.3142,233.4514,0.1127,0.4045
2014-11-25T00:04:59.331Z,3.2116,22.871,231.7222,0.0986,0.1422,-6.4289,22.6083,232.5449,0.0973,-0.2851,10.358,26.071,233.2579,0.1118,0.3986
2014-11-25T00:05:59.574Z,3.4562,23.3318,232.4866,0.0999,0.1491,-6.64,23.0226,232.0793,0.0995,-0.289,10.2279,26.515,233.4346,0.1136,0.386
2014-11-25T00:06:59.830Z,3.5355,23.0939,232.1521,0.0996,0.1531,-6.816,22.9404,231.7197,0.0989,-0.2964,10.6241,26.9296,233.4095,0.1151,0.3945
2014-11-25T00:07:59.227Z,3.8169,23.2361,231.5886,0.1,0.1651,-6.5517,22.902,231.124,0.099,-0.2863,10.7861,26.8827,233.6686,0.1153,0.4009
2014-11-25T00:08:59.046Z,3.4348,23.009,232.3272,0.0991,0.1503,-6.6054,22.8941,231.3954,0.0992,-0.289,10.5285,26.7502,233.2965,0.1145,0.3937
2014-11-25T00:09:59.542Z,3.2412,22.9406,232.2854,0.0986,0.1417,-6.5582,23.0112,231.2891,0.0999,-0.2855,10.3971,26.7285,233.4098,0.1147,0.3891
2014-11-25T00:10:59.992Z,3.291,23.006,232.2251,0.0985,0.1451,-6.4738,22.523,231.6851,0.0972,-0.2861,10.6289,26.1876,232.737,0.1123,0.4085
2014-11-25T00:11:59.214Z,3.2039,23.0184,232.5829,0.0991,0.1402,-6.6635,22.7746,232.1415,0.0981,-0.2919,10.3556,26.584,232.977,0.1135,0.3895
2014-11-25T00:12:59.556Z,3.3076,22.9377,231.6505,0.0985,0.1447,-6.4773,23.0097,233.3234,0.0987,-0.2822,10.5167,26.9312,233.3576,0.1151,0.3907
2014-11-25T00:13:59.999Z,3.6652,23.232,231.6202,0.1005,0.1579,-6.6435,23.0794,232.9247,0.0994,-0.2889,10.7529,26.9773,233.2511,0.1151,0.398
2014-11-25T00:14:59.228Z,3.6832,22.9332,231.9891,0.099,0.1603,-6.8762,22.784,232.764,0.0982,-0.3015,10.5531,26.7995,233.5894,0.1139,0.3934
2014-11-25T00:15:59.389Z,3.8114,23.0917,232.5243,0.0993,0.1661,-6.7877,22.8062,231.9644,0.0985,-0.2973,10.4521,26.3003,233.2209,0.1123,0.3982
2014-11-25T00:16:59.802Z,3.7939,23.2585,232.4377,0.0998,0.1631,-6.643,22.8487,231.8201,0.0991,-0.2903,10.5157,26.7967,233.2386,0.1148,0.3929
2014-11-25T00:17:59.391Z,3.9926,23.0219,232.5296,0.0986,0.1728,-6.7001,22.8895,232.2037,0.0984,-0.293,10.6137,26.7151,233.3446,0.1148,0.3974
2014-11-25T00:18:59.830Z,3.7549,23.3905,232.6282,0.1005,0.1612,-6.7414,23.0388,233.1278,0.0993,-0.2929,10.4557,26.8774,234.0881,0.1147,0.3903
2014-11-25T00:19:59.006Z,3.77,22.962,232.7463,0.0985,0.1653,-6.4044,22.7296,233.3569,0.0978,-0.2817,10.7309,26.5078,234.5371,0.1125,0.4055
2014-11-25T00:20:59.880Z,3.4175,22.876,233.3693,0.0977,0.1507,-6.1738,22.3854,232.8399,0.0961,-0.2735,10.6716,26.3342,235.0285,0.1119,0.4069
2014-11-25T00:21:59.280Z,3.7599,22.7134,233.2418,0.0974,0.1662,-6.2488,22.5143,232.3229,0.0971,-0.2763,10.5932,26.1745,234.7898,0.1116,0.4054
2014-11-25T00:22:59.685Z,3.7228,23.0514,233.1109,0.099,0.164,-5.9524,22.6345,233.3931,0.097,-0.263,10.6997,26.5791,235.1066,0.113,0.4045
2014-11-25T00:23:59.438Z,3.956,23.14,233.5014,0.099,0.1728,-5.8108,22.4328,233.9728,0.0961,-0.2589,10.7205,26.7054,235.4885,0.113,0.4035
2014-11-25T00:24:59.029Z,3.9376,23.4096,232.9029,0.1004,0.1684,-6.4591,22.7579,233.9453,0.098,-0.2832,10.4431,27.0387,235.1117,0.115,0.3862
2014-11-25T00:25:59.524Z,3.8641,23.2527,233.5346,0.0994,0.1676,-6.406,22.6718,233.736,0.0979,-0.2807,10.6534,26.8894,235.3881,0.1141,0.3967
2014-11-25T00:26:59.114Z,3.91,23.468,233.1702,0.1004,0.1675,-6.492,23.0966,233.8666,0.099,-0.2806,10.4146,27.0603,235.6448,0.1154,0.3838
2014-11-25T00:27:59.437Z,3.6713,23.0401,233.1743,0.0986,0.1578,-6.7085,23.0084,233.6517,0.0986,-0.2927,10.274,27.0369,235.6711,0.1148,0.3804
2014-11-25T00:28:59.756Z,3.9266,23.1845,233.5974,0.0995,0.1713,-6.4886,23.2324,233.9371,0.0993,-0.2794,10.3616,27.0921,235.8292,0.1145,0.3823
2014-11-25T00:29:59.147Z,4.005,23.1124,233.4471,0.0987,0.1741,-6.6315,23.0966,233.959,0.0988,-0.288,10.5463,27.2813,236.346,0.1154,0.3868
2014-11-25T00:30:59.264Z,3.8847,23.0845,233.3462,0.0985,0.1686,-6.2889,22.7556,233.4978,0.0989,-0.2761,10.6959,26.866,236.2723,0.1132,0.3991
2014-11-25T00:31:59.951Z,3.7619,23.1306,233.1273,0.0994,0.1631,-6.6306,22.9907,233.9456,0.0986,-0.2884,10.5136,26.9006,235.7666,0.1142,0.3911
2014-11-25T00:32:59.245Z,3.4466,23.2537,233.5994,0.0994,0.1492,-6.8187,23.2878,234.5684,0.0992,-0.2928,10.5774,27.4825,235.7108,0.1163,0.3853
2014-11-25T00:33:59.710Z,4.4389,23.6198,234.5159,0.1009,0.1887,-6.4674,22.9581,234.9305,0.0978,-0.2812,10.7717,27.0094,236.1736,0.1141,0.3995
2014-11-25T00:34:59.238Z,4.0738,23.7758,234.3156,0.1008,0.1716,-6.6599,23.124,234.9463,0.0988,-0.2876,10.6217,26.9512,236.1602,0.1135,0.3953
2014-11-25T00:35:59.095Z,3.7306,23.251,234.7455,0.0988,0.1616,-6.3823,23.0372,234.7701,0.0981,-0.2767,10.5968,27.1177,235.9545,0.115,0.3919
2014-11-25T00:36:59.315Z,3.3494,23.6806,234.8305,0.101,0.1422,-6.4378,22.9895,234.9512,0.0983,-0.2791,10.4343,26.6432,235.4286,0.1128,0.3916
2014-11-25T00:37:59.217Z,3.2362,23.2901,234.8824,0.0989,0.1401,-6.9021,23.1797,235.2423,0.0986,-0.2977,10.3861,26.8657,235.4499,0.1141,0.3866
2014-11-25T00:38:59.500Z,3.2839,23.5387,235.0324,0.1007,0.1405,-6.4526,23.3836,235.6205,0.0994,-0.2755,10.4717,27.1462,235.6185,0.1152,0.3862
2014-11-25T00:39:59.841Z,3.8071,23.2418,233.8821,0.0989,0.165,-6.1232,23.0198,235.1384,0.0982,-0.2669,10.7149,27.0761,235.7176,0.1148,0.3962
2014-11-25T00:41:59.556Z,3.7604,23.2137,233.0953,0.0996,0.1629,-6.338,23.2601,235.4335,0.0994,-0.2729,10.6825,27.0765,235.9035,0.1145,0.3944
2014-11-25T00:42:59.877Z,3.7082,23.3081,233.1554,0.0998,0.16,-6.3889,23.0859,235.314,0.0983,-0.2773,10.452,26.8621,235.1636,0.1142,0.3901
2014-11-25T00:43:59.544Z,3.7655,23.5407,233.4644,0.1013,0.1615,-6.3627,23.3496,235.2768,0.099,-0.2732,10.7501,27.2547,235.2529,0.1155,0.3944
2014-11-25T00:44:59.507Z,4.1539,23.4866,233.832,0.1003,0.1788,-6.4025,23.3473,234.9454,0.0998,-0.2741,10.7459,26.7567,234.9529,0.1139,0.4029
2014-11-25T00:45:59.948Z,3.8111,22.8723,234.6643,0.0975,0.1677,-6.6776,22.8049,234.6726,0.0969,-0.2913,10.6125,26.8754,234.8329,0.1142,0.3969
2014-11-25T00:46:59.394Z,4.1116,23.7454,234.3643,0.1011,0.1744,-6.7499,23.1629,234.7971,0.0988,-0.2916,10.6032,26.9085,235.6992,0.1137,0.3952
2014-11-25T00:47:59.793Z,3.2012,23.6459,234.9222,0.1005,0.1345,-6.6441,23.3309,234.5744,0.1001,-0.2853,10.2021,26.9296,235.5912,0.1144,0.379
2014-11-25T00:48:59.045Z,2.9463,23.6318,234.7779,0.101,0.1255,-6.6454,23.1574,234.9663,0.0989,-0.2865,10.1043,26.9629,235.2334,0.1148,0.3743
2014-11-25T00:49:59.486Z,3.4643,23.1383,234.9512,0.0981,0.1512,-6.1125,22.9499,234.4467,0.098,-0.266,10.3067,26.5619,235.3955,0.1129,0.3878
2014-11-25T00:50:59.751Z,3.6612,22.9873,234.3114,0.0976,0.1597,-6.5389,22.8511,233.9115,0.0977,-0.2869,10.6223,26.9911,235.5866,0.1146,0.3941
2014-11-25T00:51:59.313Z,3.7522,23.0733,233.8061,0.0983,0.1631,-6.4563,22.9326,233.5419,0.0987,-0.2824,10.4316,26.9318,235.6222,0.114,0.3875
2014-11-25T00:52:59.562Z,3.9215,23.1822,234.0781,0.0988,0.1702,-6.6194,23.2568,234.3151,0.0993,-0.2856,10.5594,27.0131,235.1238,0.115,0.3909
2014-11-25T00:53:59.225Z,3.6238,22.8932,233.5291,0.0982,0.1595,-6.7016,23.0856,234.6599,0.0988,-0.2899,10.5793,26.7917,235.4329,0.1132,0.3953
2014-11-25T00:54:59.610Z,3.3688,23.3128,234.0924,0.1002,0.1461,-6.4845,23.1589,234.9114,0.0984,-0.28,10.4568,26.859,235.3014,0.1141,0.39
2014-11-25T00:55:59.583Z,3.8722,23.0354,233.9887,0.098,0.1682,-6.5309,23.1017,234.8594,0.0988,-0.2831,10.4471,27.0011,235.8437,0.1147,0.3871
2014-11-25T00:56:59.303Z,3.1404,23.2686,234.6698,0.0991,0.1349,-6.4565,23.3167,235.3087,0.0996,-0.2782,10.362,26.8191,235.3513,0.1137,0.3866
2014-11-25T00:57:59.220Z,3.3985,23.4026,233.9595,0.1,0.1467,-6.7047,23.0605,234.1418,0.0987,-0.2909,10.5746,26.8877,233.6639,0.1153,0.3935
2014-11-25T00:58:59.689Z,3.184,23.0404,232.1835,0.099,0.1395,-6.8735,23.1218,232.9059,0.0998,-0.2977,10.5639,26.4393,232.5704,0.1136,0.3996
2014-11-25T00:59:59.468Z,3.131,23.0324,232.5578,0.0988,0.1356,-6.5339,23.0028,233.1899,0.099,-0.2848,10.3807,26.5582,233.1623,0.114,0.3915
