2014-10-29T12:59:59.654Z,0,0.3782,0.4141,0,0,0,0,0,0,0,0,0,0,0,0
2014-10-29T13:02:59.538Z,0,0.3829,0.3879,0,0.36,0,0.0386,0,0,0,0,0,0,0,0
2014-10-29T13:07:59.499Z,2988.3873,2988.9509,62.3009,15.3491,0.4955,0,0,5.3418,0,0,3058.0191,3045.4936,66.0782,14.0791,0.6773
2014-10-29T14:22:59.127Z,6.46,1404.88,0.6,1.8,36.414,70,7.2,1.62,0.8,1.86,130.08,88.2,100000.78,0.098,14.4
2014-10-29T14:22:59.713Z,98.1198,555649451.3831,6.3055,41.0215,219.6154,77553.6155,793.187,28.9708,1.6415,2881.9231,2517.0791,2292.0046,276.7062,785.9123,0.4623
2014-10-29T14:23:59.865Z,6178.1765,884846.7188,0.2735,2.81,6.0329,0,0.3353,1.3406,131429.6412,0.1353,35625.2435,1.8218,35394.6218,0.3547,297.3735
2014-10-29T17:05:59.127Z,-1181.2146,2032.3266,231.9806,8.54,-0.7431,-1185.1006,1990.9569,227.8766,8.5223,-0.7591,2120.8763,2586.1746,231.4026,10.9774,0.8249
2014-10-29T17:06:59.198Z,-1359.8895,1724.4581,230.0693,7.4962,-0.7895,-1384.7613,1739.4442,227.0896,7.6598,-0.7967,1894.9704,2301.7111,228.8947,10.0556,0.8207
2014-10-29T17:07:59.242Z,-1355.0235,1705.2297,228.7791,7.4533,-0.7951,-1428.8938,1775.1971,228.1387,7.781,-0.8065,1904.8805,2329.6507,229.0316,10.1718,0.8195
2014-10-29T17:08:59.342Z,-1318.5149,1672.3664,227.9992,7.3352,-0.7895,-1424.9135,1756.2431,228.1402,7.6977,-0.8105,1908.9332,2346.1873,229.5398,10.2211,0.8118
2014-10-29T17:09:59.380Z,-1334.8897,1681.0485,227.7376,7.3814,-0.7933,-1452.6977,1778.8422,228.1533,7.7966,-0.8184,1925.4382,2362.167,228.9642,10.3164,0.8151
2014-10-29T17:10:59.411Z,-1329.2334,1689.3001,228.4871,7.393,-0.7875,-1420.1925,1750.9743,227.5435,7.6952,-0.8097,1920.8263,2349.3451,229.2315,10.2487,0.819
2014-10-29T17:11:59.505Z,-1360.9421,1723.6414,229.5789,7.5075,-0.7892,-1429.2288,1771.6941,227.5797,7.7851,-0.8066,1928.8826,2352.0763,229.2968,10.258,0.82
2014-10-29T17:14:59.682Z,-989.9715,2227.376,233.3375,9.138,-0.7005,-1029.1635,2180.333,227.8965,9.1565,-0.7375,2323.683,2843.909,233.837,11.7885,0.8255
2014-10-29T17:15:59.893Z,-1363.8662,1755.2802,229.9897,7.6322,-0.7774,-1393.0598,1716.3435,224.6992,7.638,-0.8108,1980.9717,2384.9192,230.5166,10.3461,0.8292
2014-10-29T17:16:59.051Z,-1376.6997,1741.8534,230.3911,7.5606,-0.7901,-1406.9804,1769.5491,227.4271,7.7804,-0.7944,1913.5892,2328.5482,229.5034,10.1455,0.82
2014-10-29T17:17:59.327Z,-1389.7008,1752.6015,230.4189,7.6064,-0.7932,-1417.0521,1778.3008,227.3547,7.8217,-0.7978,746.4685,2138.9034,229.4173,9.3223,0.3216
2014-10-29T17:18:59.583Z,-1387.9409,1748.4204,230.2555,7.5933,-0.7926,389.6949,1566.8231,227.0108,6.9022,0.2205,-1896.8687,2293.593,229.0838,10.0121,-0.8281
2014-10-29T19:07:59.195Z,0,0,231.1197,0,0,0,0,227.2527,0,0,0,0,235.1457,0,0
2014-10-29T19:08:59.395Z,0,0,229.1071,0,0,0,0,221.9362,0,0,0,0,233.8581,0,0
2014-10-29T19:09:59.576Z,0,0,229.861,0,0,0,0,222.0414,0,0,0,0,234.3133,0,0
2014-10-29T19:10:59.765Z,0,0,229.1389,0,0,0,0,224.7984,0,0,0,0,233.7203,0,0
2014-10-29T19:46:59.165Z,1274.9621,1743.8806,229.4492,7.4806,0.7321,1370.1082,1691.0527,226.851,7.3317,0.8177,1944.7421,2456.1872,233.9776,10.3896,0.7927
2014-10-29T19:47:59.407Z,1175.3304,1602.5146,228.3212,7.0182,0.7327,1278.1698,1555.8013,225.9158,6.8866,0.8211,1851.9614,2327.6402,232.759,10.0005,0.7958
2014-10-29T19:48:59.613Z,1189.4775,1606.7952,228.4979,7.0318,0.7401,1286.4447,1570.3123,226.1366,6.9437,0.8196,1837.8607,2307.4146,232.0346,9.9444,0.7968
2014-10-29T19:49:59.789Z,1210.0892,1629.9208,229.6307,7.0977,0.7423,1290.01,1587.0645,226.4437,7.0085,0.8123,1834.5868,2303.8255,232.3588,9.9152,0.7966
2014-10-29T19:50:59.979Z,1216.3142,1623.7891,230.0074,7.0597,0.7492,1308.3267,1617.0435,227.3942,7.111,0.8095,1814.0687,2292.1108,232.0525,9.8775,0.7902
2014-10-29T19:51:59.133Z,1222.2266,1627.3167,229.9194,7.0776,0.7511,1319.2059,1623.6606,227.2828,7.1438,0.8121,1825.0467,2301.0536,231.7907,9.9271,0.7917
2014-10-29T19:52:59.372Z,1219.5642,1639.5027,230.0192,7.1277,0.7444,1313.6998,1607.5757,226.483,7.098,0.8171,1855.0363,2327.7769,232.5375,10.01,0.7968
2014-10-29T19:53:59.749Z,1216.9103,1686.0323,230.9697,7.2998,0.7209,1251.7237,1528.3135,223.3774,6.8416,0.8196,1913.3941,2354.7498,233.9067,10.0672,0.8124
2014-10-29T19:54:59.031Z,1205.4713,1651.9818,230.6931,7.1613,0.7296,1244.687,1541.1464,224.878,6.8536,0.8073,1845.755,2294.4637,232.9717,9.848,0.8039
2014-10-29T19:55:59.195Z,1149.808,1560.7457,229.5964,6.7977,0.7363,1237.273,1550.2407,226.8014,6.8352,0.798,1741.2084,2215.3242,232.0546,9.5463,0.7852
2014-10-29T19:56:59.574Z,1136.77,1541.2857,228.7644,6.7375,0.7375,1256.4803,1558.8952,227.1763,6.8627,0.8059,1747.3974,2233.6927,232.4788,9.6079,0.7812
2014-10-29T19:57:59.762Z,1110.5195,1518.9138,228.2502,6.6549,0.7316,1256.2026,1550.6648,228.2004,6.795,0.8103,1749.1979,2248.0663,232.5133,9.6687,0.7799
2014-10-29T19:58:59.978Z,1119.1892,1524.1115,228.4309,6.6715,0.7345,1272.2223,1567.1399,228.4779,6.8591,0.8112,1756.6287,2259.4173,232.5485,9.7158,0.7792
2014-10-29T19:59:59.154Z,1124.9771,1531.6147,229.0401,6.6868,0.735,1264.1884,1561.8017,227.4371,6.8671,0.8099,1752.627,2247.0152,232.6032,9.6603,0.7803
