2014-11-17T00:00:59.947Z,4.0754,22.4484,234.0985,0.0955,0.1831,-6.163,21.5355,232.2115,0.093,-0.284,10.4754,25.977,234.6086,0.1107,0.4044
2014-11-17T00:01:59.516Z,3.7425,22.7802,234.4428,0.097,0.1653,-6.501,22.119,232.5326,0.0952,-0.2942,10.477,25.6969,234.0502,0.11,0.4085
2014-11-17T00:02:59.568Z,3.1379,22.916,234.6706,0.0974,0.1391,-6.3715,21.7107,232.8159,0.0932,-0.2922,10.418,25.4816,233.9504,0.1084,0.409
2014-11-17T00:03:59.027Z,3.2219,22.7513,234.5595,0.0972,0.1431,-6.1356,22.2219,232.5038,0.0958,-0.2766,10.453,25.9784,233.759,0.1111,0.4034
2014-11-17T00:04:59.454Z,3.3,22.9267,234.7551,0.0976,0.1447,-6.0837,21.9021,232.731,0.0938,-0.2766,10.5935,25.9955,233.8253,0.1115,0.4093
2014-11-17T00:05:59.897Z,3.108,22.9053,233.6303,0.0974,0.1365,-6.342,22.6212,233.4751,0.097,-0.2802,10.4132,26.2751,234.6284,0.1115,0.3973
2014-11-17T00:06:59.142Z,3.7676,22.8139,232.9794,0.0974,0.1663,-6.3903,22.8738,233.4033,0.0973,-0.2806,10.5968,26.7387,234.6104,0.1135,0.3965
2014-11-17T00:07:59.611Z,3.6837,23.1297,232.2626,0.0993,0.1597,-6.3916,22.758,233.124,0.0978,-0.2819,10.7639,26.2448,234.6471,0.1114,0.4104
2014-11-17T00:08:59.856Z,3.6849,22.9226,232.3351,0.0987,0.1609,-6.4929,22.8445,233.1053,0.099,-0.285,10.4812,26.4659,234.4922,0.1133,0.3961
2014-11-17T00:09:59.258Z,3.403,23.2073,232.2735,0.0995,0.1472,-6.2172,23.3095,232.9809,0.1002,-0.2676,10.572,26.2663,234.2048,0.1122,0.4026
2014-11-17T00:10:59.597Z,3.8766,23.0373,232.5882,0.0991,0.1691,-6.3104,22.3671,233.1749,0.096,-0.2828,10.7368,26.3019,234.2087,0.112,0.4082
2014-11-17T00:11:59.106Z,3.4611,23.0782,234.1105,0.0987,0.1503,-6.6856,22.478,233.0029,0.0971,-0.2969,10.4149,26.3109,234.0105,0.1123,0.3962
2014-11-17T00:12:59.398Z,4.0528,23.2306,234.3015,0.0988,0.1748,-6.6061,22.958,233.584,0.0985,-0.2897,10.4711,26.4702,235.0756,0.1132,0.3956
2014-11-17T00:13:59.663Z,3.6584,23.1108,234.7104,0.0979,0.1579,-7.0442,23.3162,233.9581,0.0995,-0.3034,10.3383,26.2063,235.2378,0.1109,0.3942
2014-11-17T00:14:59.159Z,3.9656,22.9965,234.0899,0.0982,0.1717,-6.7169,22.6039,234.3997,0.0966,-0.2971,10.9787,27.0717,235.3886,0.1147,0.4063
2014-11-17T00:15:59.669Z,3.4369,22.853,233.0631,0.0979,0.1513,-6.4201,23.5093,234.7323,0.1003,-0.2747,10.3215,26.6051,235.3904,0.1127,0.3896
2014-11-17T00:16:59.010Z,3.768,23.0331,232.7731,0.0986,0.1655,-6.0713,22.9658,234.381,0.0983,-0.2644,10.7265,26.5002,235.6175,0.1123,0.404
2014-11-17T00:17:59.357Z,3.5345,22.6962,232.1785,0.097,0.1565,-6.4794,23.0459,234.2051,0.0986,-0.2823,10.6118,26.212,235.2279,0.1111,0.4061
2014-11-17T00:18:59.782Z,3.5792,22.8592,232.3239,0.0983,0.1575,-6.4378,22.5287,233.8772,0.0963,-0.2865,10.8768,26.7721,235.0666,0.114,0.4079
2014-11-17T00:19:59.707Z,3.4847,22.6143,232.6752,0.0971,0.1548,-6.0306,22.5191,234.157,0.0963,-0.2673,10.6295,26.6402,235.223,0.1132,0.4019
2014-11-17T00:20:59.005Z,3.5617,22.7288,232.3015,0.098,0.158,-6.0217,22.8625,233.9644,0.0977,-0.2648,10.7974,25.9818,234.9096,0.1103,0.4174
2014-11-17T00:21:59.302Z,4.0836,22.9886,233.0524,0.0987,0.178,-6.42,22.3532,233.4635,0.0961,-0.2861,10.6133,25.9981,234.8877,0.111,0.4085
2014-11-17T00:22:59.930Z,3.7163,22.4247,232.7264,0.0961,0.1667,-6.5453,22.2425,233.8197,0.0956,-0.2944,10.6904,26.1718,235.2946,0.1112,0.4095
2014-11-17T00:23:59.964Z,3.763,23.0478,233.2189,0.0984,0.1637,-6.2011,22.922,233.8249,0.098,-0.2714,10.6965,26.5403,235.4032,0.112,0.4031
2014-11-17T00:24:59.503Z,3.7097,23.0062,232.7089,0.099,0.161,-6.5001,22.9005,233.6845,0.0986,-0.2842,10.7272,26.5932,235.3638,0.113,0.4037
2014-11-17T00:25:59.790Z,3.4841,23.196,232.4459,0.0993,0.1504,-6.5171,22.5473,234.536,0.0963,-0.2883,10.6643,26.7014,235.6796,0.1132,0.3995
2014-11-17T00:26:59.126Z,3.8441,22.836,232.4933,0.0975,0.1685,-6.3671,22.946,234.5128,0.0981,-0.2777,10.6697,26.6328,235.5796,0.113,0.4006
2014-11-17T00:27:59.432Z,3.1497,22.9169,232.39,0.0978,0.1382,-6.5071,23.2454,234.6486,0.0993,-0.282,10.4878,26.6957,235.1433,0.1137,0.3935
2014-11-17T00:28:59.533Z,3.1765,23.3267,233.5812,0.0998,0.1368,-6.5297,23.1249,234.4612,0.0986,-0.2838,10.7711,26.472,234.7136,0.1126,0.407
2014-11-17T00:29:59.900Z,3.2187,23.218,232.368,0.0998,0.1402,-6.2693,23.2894,234.2359,0.0995,-0.2706,10.3955,26.2408,234.7726,0.1117,0.3962
2014-11-17T00:30:59.314Z,3.6317,23.1865,232.1311,0.1,0.1568,-6.2748,22.761,233.5895,0.0973,-0.2764,10.4828,26.2575,234.747,0.112,0.399
2014-11-17T00:31:59.820Z,3.7472,22.8984,232.3716,0.0983,0.1646,-6.4619,22.4201,233.2522,0.0965,-0.2883,11.0753,26.9478,234.5532,0.1151,0.4118
2014-11-17T00:32:59.139Z,3.968,23.1924,233.5628,0.0992,0.1731,-6.3092,22.8923,232.2935,0.0989,-0.2782,10.263,26.1603,234.2497,0.1114,0.392
2014-11-17T00:33:59.686Z,3.4393,22.9689,234.3219,0.0977,0.1509,-6.8003,22.8386,232.629,0.0984,-0.2999,10.3854,26.8071,234.409,0.114,0.3877
2014-11-17T00:34:59.172Z,2.7895,23.3934,234.9367,0.0999,0.1197,-6.8092,22.667,232.7986,0.0975,-0.3004,10.3223,26.4068,234.4789,0.1126,0.3903
2014-11-17T00:35:59.523Z,2.9976,22.7764,234.9941,0.0973,0.1334,-6.6434,23.0766,232.843,0.0985,-0.2876,10.3904,26.4509,234.4154,0.1131,0.395
2014-11-17T00:36:59.854Z,3.2562,23.0753,234.6283,0.0979,0.1422,-6.4647,22.6445,233.0491,0.0972,-0.2858,10.6052,26.2451,234.454,0.1115,0.4041
2014-11-17T00:37:59.680Z,3.5868,22.9001,234.2356,0.0976,0.1566,-6.4815,22.7696,233.0277,0.0986,-0.2854,10.4744,26.4171,234.8345,0.1124,0.396
2014-11-17T00:38:59.009Z,3.7731,23.452,234.9925,0.0999,0.1591,-6.8519,22.2843,232.736,0.0955,-0.3068,10.3371,26.1312,234.8154,0.111,0.3955
2014-11-17T00:39:59.426Z,3.8185,23.2045,234.4647,0.0987,0.1649,-6.8176,22.7427,233.3943,0.0981,-0.3003,10.4753,26.8037,234.5734,0.1144,0.3909
2014-11-17T00:40:59.875Z,4.1136,23.8477,234.4333,0.1019,0.1731,-6.3016,22.6168,233.6454,0.0964,-0.2795,10.7184,26.3229,234.3856,0.1125,0.4069
2014-11-17T00:41:59.352Z,3.7198,23.3578,234.566,0.099,0.1603,-6.2528,22.6982,233.3837,0.0973,-0.2755,10.3372,26.1625,234.4627,0.1115,0.3949
2014-11-17T00:42:59.561Z,3.8473,23.1593,233.8721,0.0985,0.1665,-6.3759,22.4568,233.8448,0.096,-0.2845,10.6178,26.3038,234.7622,0.112,0.4041
2014-11-17T00:43:59.826Z,4.075,23.1882,234.0166,0.0989,0.177,-6.7098,22.6866,234.0024,0.0971,-0.2967,10.5888,26.6731,235.2793,0.1134,0.3971
2014-11-17T00:44:59.137Z,3.4523,22.6818,233.3688,0.0969,0.1538,-6.604,22.608,233.926,0.097,-0.2941,10.5402,26.8115,235.2041,0.114,0.3942
2014-11-17T00:45:59.857Z,3.4421,23.2318,234.0823,0.0989,0.1483,-6.4506,22.9634,234.3266,0.0976,-0.2815,10.5051,26.2514,234.3112,0.1116,0.4
2014-11-17T00:46:59.098Z,2.8562,23.2019,235.1173,0.099,0.1244,-6.8159,23.0408,235.1201,0.0978,-0.2963,10.3066,26.2967,233.0681,0.1124,0.3919
2014-11-17T00:47:59.334Z,3.1148,23.4913,234.1946,0.1006,0.1323,-6.9662,22.7491,234.7222,0.0973,-0.3066,10.2973,26.3609,235.0967,0.1122,0.391
2014-11-17T00:48:59.175Z,3.1479,23.094,234.5746,0.0988,0.1372,-6.286,22.855,234.7749,0.0979,-0.2752,10.601,26.533,235.1882,0.1122,0.4003
2014-11-17T00:49:59.630Z,3.4715,23.5414,234.2046,0.1004,0.1483,-6.4049,23.0348,234.5467,0.0981,-0.2782,10.5643,26.7815,235.848,0.1134,0.3946
2014-11-17T00:50:59.276Z,3.5532,23.2242,234.6563,0.0991,0.1544,-6.52,22.6687,234.9996,0.0969,-0.2886,10.6363,27.1205,235.8402,0.1144,0.3929
2014-11-17T00:51:59.376Z,3.2509,23.3574,236.0063,0.0987,0.1405,-6.1065,23.312,234.7407,0.0995,-0.2619,10.5372,26.434,235.4814,0.1126,0.3989
2014-11-17T00:52:59.818Z,3.5308,24.1279,236.0148,0.1029,0.148,-6.0658,22.63,234.2446,0.0976,-0.2679,10.5097,26.6024,235.6795,0.1126,0.3945
2014-11-17T00:53:59.062Z,3.227,23.2691,236.1052,0.0987,0.1398,-6.6043,22.4762,234.3142,0.0965,-0.2939,10.3348,26.6716,235.9077,0.1132,0.388
2014-11-17T00:54:59.466Z,3.1613,23.1631,235.8164,0.0983,0.1371,-6.5253,22.7537,234.3995,0.0971,-0.2872,10.5741,26.7114,235.8038,0.1126,0.3965
2014-11-17T00:55:59.956Z,3.3885,23.3687,235.1341,0.0997,0.1454,-6.3315,22.8034,234.3498,0.0973,-0.277,10.6169,26.7913,235.7488,0.1135,0.397
2014-11-17T00:56:59.212Z,3.7558,23.324,235.2699,0.0989,0.1617,-6.7329,22.5281,234.2606,0.0963,-0.299,10.5805,26.6797,236.351,0.1133,0.3969
2014-11-17T00:57:59.643Z,3.4913,23.6951,235.9157,0.1005,0.1486,-6.0567,22.8672,234.5491,0.0977,-0.2656,10.6797,26.8355,236.109,0.1134,0.3984
2014-11-17T00:58:59.353Z,3.3679,23.2523,235.7015,0.0983,0.1469,-6.5765,22.3696,233.8017,0.096,-0.2941,10.5163,26.6841,235.4445,0.1135,0.3952
2014-11-17T00:59:59.530Z,3.0765,23.2937,235.6432,0.0989,0.133,-6.6037,22.3462,233.904,0.0959,-0.2953,10.6189,26.4317,235.5833,0.1122,0.4019
