2014-09-21T00:00:59.675Z,0.0395,0.052,0.5868,0.088,0.7478,0.0366,0.0549,0.6366,0.0859,0.6305,0.0305,0.0466,0.5756,0.0802,0.6185
2014-09-21T00:01:59.942Z,0.0431,0.0548,0.605,0.0914,0.7662,0.0367,0.0538,0.636,0.086,0.6517,0.0264,0.0431,0.5598,0.0774,0.5971
2014-09-21T00:02:59.101Z,0.0465,0.0589,0.6273,0.093,0.7622,0.0373,0.0551,0.6341,0.0865,0.6516,0.0303,0.0462,0.5781,0.0814,0.6373
2014-09-21T00:03:59.224Z,0.0453,0.0568,0.6145,0.0932,0.7874,0.0434,0.06,0.6537,0.0929,0.6997,0.0271,0.0453,0.5729,0.0782,0.6058
2014-09-21T00:04:59.629Z,0.0456,0.0559,0.61,0.0926,0.7896,0.0367,0.0552,0.6222,0.0859,0.6422,0.0259,0.043,0.5533,0.0793,0.5915
2014-09-21T00:05:59.759Z,0.0407,0.0521,0.589,0.089,0.7593,0.0334,0.0507,0.6117,0.0821,0.5838,0.0293,0.0452,0.5828,0.0783,0.6172
2014-09-21T00:06:59.884Z,0.0442,0.0554,0.6092,0.0923,0.7688,0.0431,0.0592,0.6546,0.0912,0.6942,0.0304,0.0458,0.5777,0.0792,0.6112
2014-09-21T00:07:59.952Z,0.0417,0.0522,0.5969,0.0892,0.7703,0.0386,0.0564,0.6417,0.0861,0.6661,0.0325,0.0481,0.5875,0.0822,0.6522
2014-09-21T00:08:59.065Z,0.0395,0.0508,0.5919,0.0881,0.7441,0.0381,0.0562,0.6346,0.0892,0.6668,0.0273,0.043,0.5589,0.0781,0.6011
2014-09-21T00:09:59.132Z,0.0424,0.0533,0.593,0.0918,0.7727,0.0442,0.0621,0.6591,0.0924,0.6912,0.0288,0.0473,0.5758,0.08,0.5879
2014-09-21T00:10:59.417Z,0.0386,0.0507,0.5848,0.0869,0.7107,0.0398,0.0555,0.6376,0.0883,0.6786,0.0312,0.0474,0.5783,0.0807,0.631
2014-09-21T00:11:59.503Z,0.0432,0.0551,0.6049,0.0917,0.7612,0.0449,0.0615,0.6646,0.0929,0.702,0.0278,0.0449,0.5683,0.0805,0.5902
2014-09-21T00:12:59.688Z,0.0423,0.0539,0.6032,0.0913,0.7703,0.0358,0.0529,0.6148,0.0845,0.6377,0.0294,0.0445,0.5677,0.0803,0.6165
2014-09-21T00:13:59.769Z,0.045,0.057,0.614,0.0935,0.7723,0.0388,0.057,0.6455,0.0888,0.6592,0.031,0.0485,0.5787,0.082,0.6257
2014-09-21T00:14:59.878Z,0.0445,0.0548,0.6071,0.0932,0.7829,0.0416,0.0603,0.6506,0.0923,0.6806,0.0287,0.0435,0.5703,0.079,0.6123
2014-09-21T00:15:59.969Z,0.0437,0.054,0.6023,0.0914,0.7877,0.0449,0.0623,0.6637,0.0926,0.6951,0.0271,0.044,0.5637,0.0783,0.5869
2014-09-21T00:16:59.078Z,0.041,0.0503,0.5852,0.09,0.7752,0.0403,0.0569,0.6334,0.0876,0.6679,0.0286,0.0455,0.5803,0.08,0.5924
2014-09-21T00:17:59.157Z,0.0423,0.0543,0.603,0.0917,0.7773,0.0413,0.0567,0.6417,0.09,0.6843,0.0287,0.0447,0.574,0.0793,0.5987
2014-09-21T00:18:59.248Z,0.0423,0.0552,0.6029,0.0913,0.7435,0.0371,0.0552,0.6306,0.0871,0.6555,0.0277,0.0442,0.569,0.0787,0.5965
2014-09-21T00:19:59.334Z,0.0419,0.0526,0.6019,0.09,0.7726,0.037,0.0537,0.6267,0.0881,0.6478,0.0281,0.0433,0.5737,0.0778,0.6156
2014-09-21T00:20:59.415Z,0.0397,0.051,0.5866,0.0897,0.7652,0.0397,0.0583,0.6376,0.091,0.669,0.0269,0.0424,0.5545,0.079,0.5955
2014-09-21T00:21:59.536Z,0.0405,0.052,0.5855,0.0892,0.77,0.0398,0.0583,0.6428,0.09,0.681,0.0288,0.0458,0.569,0.0805,0.5987
2014-09-21T00:22:59.593Z,0.0427,0.0535,0.6027,0.0915,0.7854,0.0369,0.0527,0.6138,0.0873,0.6627,0.025,0.0431,0.5612,0.075,0.5827
2014-09-21T00:23:59.669Z,0.0383,0.05,0.5817,0.0867,0.7362,0.0429,0.06,0.6588,0.0905,0.6657,0.0298,0.0462,0.576,0.0807,0.62
2014-09-21T00:24:59.801Z,0.0476,0.0586,0.6192,0.0954,0.7895,0.0376,0.057,0.6341,0.0878,0.633,0.0319,0.0476,0.59,0.0814,0.6478
2014-09-21T00:25:59.857Z,0.0458,0.0564,0.6125,0.0939,0.7867,0.0369,0.055,0.6308,0.0875,0.6378,0.0303,0.0456,0.5678,0.0814,0.6072
2014-09-21T00:26:59.960Z,0.0418,0.0532,0.5925,0.0914,0.7621,0.0393,0.0554,0.63,0.0886,0.6818,0.0264,0.0446,0.5686,0.0779,0.5875
2014-09-21T00:27:59.017Z,0.0431,0.0544,0.599,0.0915,0.769,0.04,0.0577,0.6428,0.0879,0.649,0.0323,0.0474,0.5969,0.0795,0.6405
2014-09-21T00:28:59.106Z,0.0414,0.0526,0.5974,0.0895,0.7633,0.0407,0.0577,0.6444,0.0907,0.6691,0.0309,0.0479,0.5849,0.0828,0.62
2014-09-21T00:29:59.228Z,0.0422,0.0531,0.5997,0.0906,0.7781,0.0431,0.0597,0.6486,0.0911,0.67,0.03,0.0467,0.5722,0.0814,0.5961
2014-09-21T00:30:59.283Z,0.0414,0.0522,0.5975,0.0886,0.7728,0.0372,0.0539,0.6297,0.0856,0.6497,0.0319,0.0494,0.5847,0.0825,0.6483
2014-09-21T00:31:59.472Z,0.0386,0.0517,0.5883,0.0893,0.7355,0.0359,0.0534,0.6231,0.0872,0.6645,0.0307,0.0483,0.5893,0.0797,0.6393
2014-09-21T00:32:59.581Z,0.0428,0.055,0.6022,0.0919,0.7656,0.0363,0.0547,0.6209,0.0888,0.6416,0.0278,0.045,0.5706,0.0784,0.5944
2014-09-21T00:33:59.636Z,0.0446,0.056,0.6111,0.0914,0.7826,0.0409,0.058,0.6429,0.0911,0.6803,0.0303,0.0466,0.5809,0.0806,0.6363
2014-09-21T00:34:59.732Z,0.0421,0.0521,0.5964,0.0896,0.7754,0.0336,0.0514,0.6143,0.0861,0.6264,0.0271,0.045,0.5771,0.0782,0.5946
2014-09-21T00:35:59.880Z,0.0418,0.0532,0.6021,0.0903,0.7703,0.0408,0.0584,0.6429,0.0911,0.6758,0.0311,0.0487,0.5961,0.0829,0.6226
2014-09-21T00:36:59.006Z,0.0403,0.0521,0.5982,0.0897,0.7371,0.0388,0.0571,0.6374,0.0891,0.6453,0.0279,0.0453,0.5756,0.0788,0.5841
2014-09-21T00:37:59.190Z,0.0425,0.0539,0.6033,0.0911,0.76,0.0414,0.0586,0.65,0.0892,0.6839,0.0311,0.0456,0.5772,0.0797,0.6444
2014-09-21T00:38:59.325Z,0.0431,0.0537,0.6014,0.092,0.7851,0.0394,0.0574,0.6417,0.0903,0.674,0.0274,0.0429,0.5569,0.0791,0.6014
2014-09-21T00:39:59.402Z,0.0413,0.0528,0.5947,0.0909,0.7544,0.0344,0.0525,0.62,0.085,0.6062,0.0288,0.0456,0.5741,0.08,0.5988
2014-09-21T00:40:59.467Z,0.0405,0.0529,0.5916,0.0887,0.7582,0.0405,0.0582,0.6511,0.0871,0.6508,0.0308,0.0471,0.58,0.0808,0.6237
2014-09-21T00:41:59.685Z,0.0397,0.0521,0.5888,0.0879,0.7688,0.0367,0.0548,0.6288,0.0882,0.6524,0.0309,0.0473,0.59,0.0809,0.6176
2014-09-21T00:42:59.765Z,0.0424,0.055,0.6032,0.0912,0.7674,0.0415,0.0591,0.6485,0.0906,0.6906,0.0282,0.045,0.5726,0.0774,0.6082
2014-09-21T00:43:59.097Z,0.0421,0.0523,0.6,0.089,0.7603,0.0428,0.0608,0.6574,0.0921,0.6774,0.0303,0.0474,0.5787,0.0805,0.6056
2014-09-21T00:44:59.312Z,0.0409,0.0525,0.6,0.0891,0.7578,0.0384,0.0569,0.6381,0.0884,0.6369,0.0297,0.0463,0.5738,0.0816,0.5959
2014-09-21T00:45:59.367Z,0.0388,0.0518,0.5915,0.0882,0.7379,0.0362,0.0535,0.6268,0.0856,0.62,0.0288,0.0453,0.5729,0.0794,0.6091
2014-09-21T00:46:59.420Z,0.0416,0.0536,0.6,0.0912,0.7512,0.038,0.0556,0.6376,0.0896,0.6836,0.0264,0.0428,0.5696,0.078,0.5752
2014-09-21T00:47:59.550Z,0.0411,0.0538,0.6011,0.0922,0.7432,0.0389,0.0551,0.6362,0.0886,0.6616,0.0308,0.0478,0.5843,0.0827,0.6319
2014-09-21T00:48:59.639Z,0.0405,0.0519,0.596,0.0886,0.7555,0.044,0.0612,0.6598,0.0924,0.6883,0.0302,0.0471,0.58,0.08,0.611
2014-09-21T00:49:59.755Z,0.0413,0.053,0.601,0.0893,0.7487,0.043,0.06,0.6523,0.0917,0.699,0.0303,0.0443,0.5763,0.0797,0.6187
2014-09-21T00:50:59.888Z,0.0438,0.0547,0.6041,0.0922,0.7716,0.0378,0.0547,0.6369,0.0853,0.6453,0.0334,0.0503,0.5972,0.0825,0.6581
2014-09-21T00:51:59.049Z,0.0429,0.0539,0.6039,0.0913,0.7506,0.041,0.0594,0.6584,0.09,0.6655,0.0303,0.0468,0.591,0.08,0.6013
2014-09-21T00:52:59.142Z,0.0456,0.0569,0.6156,0.0941,0.7813,0.0363,0.0556,0.6353,0.0878,0.635,0.0284,0.045,0.5809,0.0778,0.6091
2014-09-21T00:53:59.230Z,0.0414,0.052,0.5931,0.09,0.7694,0.0457,0.0631,0.6729,0.094,0.7029,0.0343,0.0489,0.5874,0.0834,0.6286
2014-09-21T00:54:59.297Z,0.0421,0.0531,0.5952,0.0905,0.7776,0.0393,0.0574,0.6481,0.0867,0.644,0.0312,0.0479,0.5781,0.0821,0.61
2014-09-21T00:55:59.477Z,0.0413,0.0523,0.5943,0.0903,0.7737,0.0333,0.0523,0.616,0.084,0.6117,0.0297,0.0463,0.5857,0.078,0.6203
2014-09-21T00:56:59.545Z,0.0456,0.0586,0.6297,0.0939,0.7694,0.0378,0.0561,0.6336,0.0856,0.6253,0.0264,0.0458,0.5731,0.0792,0.5867
2014-09-21T00:57:59.653Z,0.0412,0.0524,0.5933,0.0886,0.7695,0.0436,0.0595,0.655,0.091,0.6921,0.0271,0.0448,0.5602,0.0788,0.5938
2014-09-21T00:58:59.844Z,0.042,0.0529,0.5946,0.092,0.7746,0.0334,0.0526,0.618,0.0854,0.608,0.0303,0.0486,0.5926,0.0797,0.6074
2014-09-21T00:59:59.202Z,0.0439,0.0546,0.6061,0.0921,0.7689,0.0393,0.0575,0.6411,0.0871,0.66,0.0304,0.0464,0.5879,0.0796,0.6271
