2014-11-04T10:26:59.131Z,3.5106,22.1819,232.8263,0.0949,0.1582,-6.2585,21.4237,228.0342,0.0932,-0.2929,9.6136,24.1066,228.4317,0.1057,0.3987
2014-11-04T10:27:59.398Z,3.2513,22.1719,231.9624,0.0949,0.1465,-5.7722,21.0406,230.0531,0.0916,-0.2726,9.7396,23.8284,228.3296,0.1039,0.4096
2014-11-04T10:28:59.503Z,3.1697,22.0386,230.9199,0.095,0.1441,-6.0321,21.3449,230.0557,0.0926,-0.2812,9.9886,24.1956,228.5871,0.106,0.4138
2014-11-04T10:29:59.679Z,2.9623,22.1919,231.4065,0.0954,0.1337,-5.7689,21.4616,229.1001,0.0933,-0.2697,9.4526,23.9331,228.8957,0.1048,0.3957
2014-11-04T10:30:59.884Z,3.3163,21.9894,232.3037,0.0951,0.152,-5.7729,21.0561,227.2681,0.0926,-0.2738,9.7188,24.3454,229.1347,0.1059,0.4002
2014-11-04T10:31:59.127Z,3.6329,22.1555,231.451,0.0957,0.1638,-5.7111,21.0223,226.9077,0.0925,-0.2718,9.5883,24.2542,228.8364,0.1058,0.3961
2014-11-04T10:32:59.351Z,3.7017,21.5096,232.1511,0.0929,0.1732,-5.744,20.4935,224.0469,0.0911,-0.2796,10.0987,24.2954,229.3886,0.106,0.417
2014-11-04T10:33:59.827Z,3.2196,20.1897,232.5478,0.0868,0.1594,-5.4405,20.1271,224.8165,0.0891,-0.2688,9.7681,23.7969,228.7362,0.104,0.4119
2014-11-04T10:34:59.995Z,2.8163,20.0193,232.0037,0.0865,0.1402,-5.8488,20.3368,228.2253,0.0889,-0.2871,9.6315,23.4205,228.8212,0.1022,0.4123
2014-11-04T10:35:59.189Z,3.6115,21.5203,231.4541,0.0938,0.1696,-5.7066,20.5408,229.8,0.0898,-0.2776,9.7316,23.2213,228.5158,0.1016,0.419
2014-11-04T10:36:59.396Z,3.6521,21.8143,231.1566,0.0945,0.168,-5.8657,20.7261,229.5634,0.0905,-0.2829,9.7713,23.435,228.5291,0.1021,0.4173
2014-11-04T10:37:59.633Z,3.7076,21.538,231.8624,0.0926,0.1713,-6.1126,20.7282,229.3647,0.0903,-0.2935,9.6668,23.1484,227.5688,0.1016,0.419
2014-11-04T11:02:59.151Z,344.1842,640.4384,236.4005,2.2679,0.1679,333.6942,633.3511,234.7237,2.26,-0.1963,348.8284,641.1553,237.8132,2.2684,0.4074
2014-11-04T11:03:59.459Z,4.0637,20.2501,233.564,0.0867,0.203,-5.0536,19.236,231.442,0.0835,-0.259,10.421,23.779,234.5148,0.1009,0.4395
2014-11-04T11:04:59.592Z,3.9513,21.3136,234.8952,0.091,0.1855,-5.4706,19.7036,230.8696,0.0854,-0.2771,10.0768,23.797,233.6106,0.1018,0.4235
2014-11-04T11:06:59.197Z,3.5946,21.143,234.8989,0.0901,0.1714,-5.468,19.6065,229.1144,0.0857,-0.2784,10.4198,23.7158,233.321,0.1013,0.4403
2014-11-04T11:07:59.280Z,3.3479,21.2743,233.8865,0.0912,0.1572,-5.9952,20.0553,228.1416,0.0884,-0.2994,9.9361,23.8401,233.749,0.1022,0.4167
2014-11-04T11:08:59.367Z,3.1977,21.2656,235.0378,0.0909,0.1511,-5.7205,19.7391,230.6097,0.0857,-0.2886,9.9379,22.822,228.4531,0.1001,0.4361
2014-11-04T11:09:59.450Z,3.17,21.0357,233.8857,0.0904,0.152,-5.7917,19.8177,229.9901,0.0864,-0.2917,9.7985,23.1701,231.1591,0.1001,0.4224
2014-11-04T11:10:59.623Z,3.1218,21.1205,232.6527,0.0906,0.1484,-5.7694,20.3183,230.3404,0.0885,-0.2836,9.9917,23.8401,232.5853,0.1024,0.4201
2014-11-04T11:11:59.852Z,3.1507,21.0776,232.8888,0.0905,0.1507,-5.6574,20.3179,230.508,0.0884,-0.2787,9.7548,23.4412,231.2705,0.1011,0.4167
2014-11-04T11:12:59.083Z,3.2804,20.689,233.9052,0.0885,0.1594,-5.5876,19.8478,230.0401,0.0866,-0.2803,9.8511,22.9487,229.7612,0.0999,0.4306
2014-11-04T11:13:59.250Z,3.075,20.969,234.8635,0.0889,0.1469,-5.9519,20.2797,231.0689,0.0877,-0.2934,9.4354,22.2982,226.2227,0.0989,0.4243
2014-11-04T11:14:59.420Z,3.6181,21.2739,234.1995,0.091,0.1711,-6.0389,20.1055,227.2402,0.0884,-0.3001,9.839,23.3087,229.33,0.102,0.4221
2014-11-04T11:15:59.694Z,3.3333,21.1991,233.7163,0.0907,0.1583,-5.9749,20.0818,227.9907,0.0883,-0.2966,9.988,23.4464,230.6612,0.1014,0.4262
2014-11-04T11:17:59.258Z,3.1455,20.9411,233.2017,0.0899,0.1508,-5.6147,20.0545,229.7356,0.0879,-0.2796,9.8561,23.3508,230.6152,0.1014,0.4226
2014-11-04T11:18:59.501Z,3.3901,20.8254,233.606,0.0887,0.164,-5.4584,19.6555,229.3603,0.0854,-0.275,10.0612,23.0581,229.6114,0.1009,0.437
2014-11-04T11:19:59.639Z,3.0789,21.0883,233.1365,0.0898,0.146,-5.7248,19.913,229.4048,0.0872,-0.2867,9.7216,23.2363,229.2295,0.1017,0.4186
2014-11-04T11:20:59.694Z,3.0655,21.1572,232.1846,0.0909,0.1459,-5.8167,19.9548,229.3056,0.0871,-0.2916,9.8382,23.3139,231.3386,0.1006,0.4217
2014-11-04T11:21:59.049Z,3.2024,20.9591,232.7485,0.0903,0.1538,-5.5381,20.2882,229.7586,0.0886,-0.2731,9.9438,23.3266,230.9653,0.1006,0.4267
2014-11-04T11:22:59.215Z,3.0334,20.8968,233.4327,0.0895,0.1456,-5.7588,20.0854,230.4383,0.0877,-0.2855,9.9133,23.3481,230.4102,0.1011,0.4256
2014-11-04T11:23:59.428Z,3.1674,21.0363,233.2343,0.0901,0.1513,-5.5907,20.4024,230.4581,0.089,-0.2759,9.9667,23.2618,230.0335,0.1011,0.4285
2014-11-04T11:24:59.580Z,3.4869,21.402,233.9073,0.0912,0.1635,-6.0411,19.9834,227.6534,0.0877,-0.302,9.851,23.4739,230.623,0.1018,0.4199
2014-11-04T11:25:59.947Z,3.2157,21.1496,232.543,0.0909,0.1527,-5.7303,19.7556,227.9618,0.0866,-0.2896,10.0324,23.6007,231.3764,0.1019,0.4262
2014-11-04T11:26:59.336Z,3.1839,21.1033,232.612,0.0909,0.1513,-5.5775,20.273,229.5738,0.0883,-0.2756,9.9657,23.4358,231.397,0.101,0.4253
2014-11-04T11:27:59.566Z,3.4435,21.0334,232.3371,0.091,0.1639,-5.7931,20.0228,229.4815,0.0881,-0.2883,9.9081,23.2507,230.4514,0.1011,0.4272
2014-11-04T11:28:59.689Z,3.2876,21.2159,232.3932,0.0917,0.1554,-5.5821,19.9984,229.4419,0.0874,-0.2791,9.7134,23.2677,230.1751,0.1006,0.4181
2014-11-04T11:29:59.852Z,3.6783,21.239,232.3867,0.0914,0.1735,-5.583,19.6821,227.0684,0.087,-0.284,9.9288,23.2463,230.8624,0.1009,0.4272
2014-11-04T11:30:59.048Z,3.5254,21.1242,232.6882,0.0905,0.1674,-5.4806,20.1095,227.4601,0.0886,-0.2743,9.9178,23.4692,231.0012,0.1018,0.4237
2014-11-04T11:31:59.247Z,3.229,20.8959,232.0595,0.0899,0.1552,-5.5346,20.1016,229.2655,0.0883,-0.275,10.0796,23.4791,231.5749,0.1017,0.4299
2014-11-04T11:32:59.393Z,3.0512,21.0131,231.5562,0.0909,0.1464,-5.4394,19.6614,228.8562,0.0865,-0.2749,10.0276,23.3774,231.9051,0.1006,0.429
2014-11-04T11:33:59.621Z,2.9766,21.0071,231.2156,0.0907,0.1419,-5.9067,20.0645,229.3847,0.0874,-0.2943,9.86,23.5656,232.1291,0.1017,0.4189
2014-11-04T11:34:59.822Z,3.1535,20.9386,231.8396,0.0909,0.1522,-5.4385,20.0398,229.6371,0.0874,-0.2716,10.0321,23.4954,230.8445,0.1017,0.4284
2014-11-04T11:35:59.241Z,3.1048,21,232.5956,0.0909,0.1483,-5.6142,20.1796,229.8929,0.0883,-0.2788,9.8265,23.5051,231.1085,0.1019,0.4183
2014-11-04T11:36:59.335Z,2.983,20.907,232.8305,0.0897,0.1424,-5.9372,19.8966,227.4636,0.0881,-0.2978,9.9133,23.5227,232.7245,0.1007,0.4212
2014-11-04T11:37:59.506Z,3.4579,21.1237,233.6237,0.0905,0.1653,-5.7854,19.7548,223.3236,0.0884,-0.2933,10.236,23.8707,232.877,0.1021,0.4291
2014-11-04T11:38:59.874Z,3.3741,21.3939,234.1587,0.0913,0.1579,-5.7988,19.6767,224.2304,0.0879,-0.2941,10.0906,23.9302,233.6294,0.102,0.4226
2014-11-04T11:39:59.146Z,3.2155,21.091,232.3896,0.0905,0.1529,-5.5042,19.9203,227.2961,0.088,-0.2765,10.0692,23.8565,232.6774,0.1027,0.4225
2014-11-04T11:40:59.219Z,3.0046,21.2774,232.4229,0.0926,0.1422,-5.7581,19.5566,227.0102,0.0863,-0.2946,9.8636,23.1874,231.0766,0.1001,0.4251
2014-11-04T11:41:59.417Z,3.4209,21.0227,231.761,0.091,0.1622,-5.7964,20.1814,228.9343,0.0887,-0.2868,9.8937,23.6571,231.4151,0.1018,0.4181
2014-11-04T11:42:59.651Z,3.5714,21.1191,232.2909,0.0911,0.169,-5.8144,20.1262,229.986,0.0879,-0.2898,9.9727,23.6968,231.492,0.1021,0.4215
2014-11-04T11:43:59.895Z,3.3962,21.0261,232.7884,0.0904,0.1612,-5.7263,19.8053,228.063,0.0869,-0.2886,9.991,23.305,230.3264,0.1007,0.4299
2014-11-04T11:44:59.124Z,3.3819,21.0096,232.8496,0.0902,0.1617,-5.8363,19.8429,227.2072,0.0876,-0.2932,9.9515,23.4653,230.4677,0.102,0.4245
2014-11-04T11:45:59.567Z,3.3488,21.0109,232.8595,0.0905,0.1604,-5.5872,20.3938,229.9683,0.0887,-0.2747,9.7807,23.5157,230.493,0.1021,0.4172
2014-11-04T11:46:59.729Z,2.8321,20.9354,232.5071,0.0896,0.1359,-5.86,20.2969,230.6567,0.0884,-0.2887,9.8969,23.512,232.1041,0.1009,0.4209
2014-11-04T11:47:59.925Z,3.3563,21.0948,232.5686,0.0906,0.1601,-5.5077,20.3376,231.3959,0.0878,-0.2709,10.2352,23.8579,233.3544,0.1019,0.4294
2014-11-04T11:48:59.100Z,3.2311,21.1055,233.3899,0.0902,0.1562,-5.3911,20.4223,230.5596,0.0885,-0.2643,10.002,23.9225,232.2389,0.1026,0.4187
2014-11-04T11:49:59.325Z,2.9985,20.9613,233.0083,0.0901,0.1447,-5.7412,20.2821,230.0581,0.0878,-0.2839,9.9472,23.5872,231.8917,0.1016,0.4224
2014-11-04T11:50:59.450Z,3.3003,21.0571,232.89,0.0911,0.1579,-5.5786,20.3413,230.1887,0.0888,-0.2738,10.0712,23.9346,232.417,0.1029,0.4206
2014-11-04T11:51:59.638Z,3.4701,20.8579,232.1349,0.0906,0.1669,-5.5195,20.0705,229.5941,0.0877,-0.2754,10.2615,24.1845,234.7131,0.1029,0.4243
2014-11-04T11:52:59.051Z,3.8854,20.9348,232.6956,0.09,0.1834,-6.2845,19.9789,227.3775,0.0877,-0.3144,10.1441,24.4034,235.1088,0.1035,0.4168
2014-11-04T11:53:59.308Z,4.08,21.361,233.2845,0.0917,0.1928,-5.9581,20.0321,227.3817,0.0885,-0.2973,10.2109,23.9727,233.5979,0.1024,0.4267
2014-11-04T11:54:59.451Z,3.5845,20.8988,232.1695,0.0898,0.1717,-5.7855,20.0373,230.3159,0.0871,-0.2888,10.1527,24.2212,234.2764,0.1033,0.4188
2014-11-04T11:55:59.657Z,3.488,21.0444,232.1949,0.0912,0.1656,-5.7295,20.3335,230.0986,0.0888,-0.2814,10.0448,24.1338,234.5123,0.1027,0.4165
2014-11-04T11:56:59.761Z,3.7167,20.9207,232.9993,0.0898,0.1776,-5.9916,19.9302,229.593,0.0869,-0.3009,10.0278,23.8714,233.7353,0.1016,0.4203
2014-11-04T11:57:59.833Z,3.3071,21.0461,233.7834,0.0905,0.158,-5.6489,19.3015,229.8744,0.0843,-0.2894,9.9227,23.1401,231.7001,0.0999,0.4295
2014-11-04T11:58:59.029Z,3.2194,21.0731,233.6848,0.09,0.1533,-5.7968,20.0486,229.5017,0.0875,-0.2888,9.9352,23.6987,231.2,0.1025,0.4201
2014-11-04T11:59:59.287Z,3.1879,21.0084,233.4877,0.0897,0.153,-5.4509,20.1513,229.2972,0.088,-0.2707,10.1713,23.7381,231.8502,0.1022,0.4293
2014-11-04T12:00:59.578Z,3.1336,20.4496,233.5799,0.0878,0.1534,-5.1963,19.8899,229.1071,0.0867,-0.2616,9.903,23.5753,231.3499,0.1019,0.4215
2014-11-04T12:01:59.771Z,3.1403,20.7404,233.0235,0.0887,0.1521,-5.4034,19.6009,229.229,0.0851,-0.2753,9.9555,23.2862,231.8467,0.1003,0.4285
2014-11-04T12:02:59.927Z,3.3368,20.8249,232.8099,0.0897,0.161,-5.1417,19.3527,229.7038,0.0845,-0.2637,10.3693,23.5496,233.355,0.1007,0.4416
2014-11-04T12:03:59.123Z,3.5136,20.6413,232.4987,0.0886,0.1718,-5.0925,19.1947,229.2215,0.084,-0.2634,10.2632,23.4412,232.9227,0.1,0.4395
2014-11-04T12:04:59.298Z,3.1177,20.8103,233.243,0.0894,0.1511,-5.5472,19.7107,228.219,0.0863,-0.2806,9.9133,23.2356,230.7146,0.1002,0.4269
2014-11-04T12:05:59.493Z,3.4965,20.7817,233.3278,0.0884,0.1686,-5.8235,19.723,225.8435,0.0874,-0.2954,9.897,23.2543,230.4952,0.1011,0.4259
2014-11-04T12:06:59.703Z,3.3634,20.9398,232.1563,0.0902,0.1611,-5.67,19.8521,228.0676,0.0868,-0.2848,10.1213,23.8887,231.2987,0.1034,0.4239
2014-11-04T12:07:59.943Z,3.1893,21.0134,232.4725,0.0904,0.1534,-5.7013,20.0993,229.0053,0.0876,-0.2836,10.2144,23.2998,230.6916,0.1005,0.4392
2014-11-04T12:08:59.151Z,3.1685,21.0012,232.6907,0.0897,0.1523,-5.6016,19.9876,229.0646,0.0877,-0.2809,10.0433,22.9467,228.7663,0.1001,0.4384
2014-11-04T12:09:59.637Z,3.2975,21.1715,232.5907,0.0913,0.1559,-5.6539,20.0501,228.7704,0.088,-0.2826,9.8384,23.0203,229.0095,0.1009,0.4273
2014-11-04T12:10:59.831Z,3.1801,20.5926,231.4647,0.0886,0.1535,-5.6073,20.257,229.5509,0.0882,-0.2772,9.7018,23.2414,229.0605,0.1017,0.4171
2014-11-04T12:11:59.062Z,3.5445,20.6962,229.6642,0.0909,0.1714,-5.7154,20.2595,229.9022,0.0888,-0.2823,9.8195,23.5178,231.5222,0.1016,0.4182
2014-11-04T12:12:59.303Z,3.4431,20.8755,229.9314,0.0906,0.1648,-5.5236,19.946,230.229,0.0871,-0.2763,10.0596,23.9216,232.0716,0.1026,0.4212
2014-11-04T12:13:59.455Z,3.8159,21.0541,230.3343,0.0912,0.18,-5.6048,19.9941,229.8959,0.0869,-0.2798,9.9672,23.8257,232.329,0.1026,0.4182
2014-11-04T12:14:59.799Z,3.4154,20.9166,229.9315,0.0917,0.1639,-5.6562,20.3314,230.1395,0.0883,-0.2787,9.8318,23.4789,231.4128,0.1018,0.4188
2014-11-04T12:15:59.025Z,3.5208,20.9792,229.6308,0.0916,0.1681,-6.1439,20.2756,228.7181,0.0888,-0.3035,9.7824,23.2413,229.3717,0.102,0.4218
2014-11-04T12:16:59.163Z,3.4915,20.8818,228.5983,0.0915,0.1676,-5.6759,20.1217,228.6051,0.088,-0.2818,9.9968,23.939,232.7302,0.1024,0.4178
2014-11-04T12:17:59.557Z,3.3089,20.5155,228.2569,0.0899,0.1618,-5.5407,20.3224,229.2901,0.0891,-0.2732,10.0545,23.7335,231.7537,0.1022,0.4238
2014-11-04T12:18:59.739Z,3.459,20.975,231.0414,0.0909,0.1649,-5.8354,19.9294,228.8756,0.0872,-0.2923,9.8237,23.4531,229.8629,0.102,0.4191
2014-11-04T12:19:59.027Z,3.6254,20.8769,231.1534,0.0902,0.1739,-5.6722,20.0539,229.1126,0.0877,-0.2838,9.8741,23.2998,230.1188,0.1012,0.424
2014-11-04T12:20:59.368Z,3.6165,21.0849,231.6065,0.0913,0.172,-5.7727,19.7806,228.7623,0.0868,-0.2915,9.9149,23.799,231.9981,0.1023,0.4164
2014-11-04T12:21:59.502Z,3.4479,20.9482,231.0097,0.0904,0.1649,-5.8001,19.825,229.3247,0.0865,-0.2906,10.1562,23.7136,232.0563,0.1023,0.4286
2014-11-04T12:22:59.723Z,3.5515,20.8601,231.3763,0.0902,0.1699,-5.7782,20.0526,228.7993,0.0877,-0.2879,9.8752,23.6878,232.0744,0.1023,0.4178
2014-11-04T12:23:59.930Z,3.7481,21.0539,231.7267,0.0904,0.1773,-6.0887,20.2161,228.0279,0.0885,-0.3014,10.0028,23.3607,231.189,0.101,0.4284
2014-11-04T12:24:59.088Z,3.7368,21,230.7918,0.0903,0.1783,-6.3362,20.1254,227.0233,0.0891,-0.3147,10.1711,23.5018,232.0449,0.1011,0.4333
2014-11-04T12:25:59.276Z,3.6874,21.1819,231.0328,0.0921,0.1727,-5.9784,19.5766,226.3354,0.0867,-0.3046,10.3207,23.9247,233.1982,0.1026,0.432
2014-11-04T12:26:59.447Z,3.3352,20.851,230.4032,0.0907,0.1589,-6.0659,19.8896,229.1787,0.087,-0.3043,9.9243,23.7756,233.2145,0.1015,0.4177
2014-11-04T12:27:59.554Z,3.5911,21.1934,230.0103,0.0921,0.1702,-5.6972,19.6647,229.8313,0.0853,-0.287,10.0534,23.3659,230.8865,0.1015,0.4313
2014-11-04T12:28:59.716Z,3.4023,21.0046,230.133,0.0911,0.1618,-5.8752,20.136,230.2353,0.0878,-0.2922,9.8669,23.1143,230.7055,0.1003,0.4267
2014-11-04T12:29:59.980Z,3.4837,20.7669,230.2467,0.0905,0.1672,-5.811,20.2796,230.2345,0.0879,-0.2868,9.8603,23.396,231.2969,0.1009,0.4216
2014-11-04T12:30:59.093Z,3.7176,21.2482,231.0186,0.0923,0.1742,-5.9838,19.9155,230.1545,0.0865,-0.2993,9.8999,23.4179,232.0361,0.1007,0.4226
2014-11-04T12:31:59.213Z,3.667,20.927,231.7159,0.0905,0.1762,-5.7611,19.3589,228.3349,0.0851,-0.2969,10.0884,23.4965,232.4387,0.101,0.4296
2014-11-04T12:32:59.436Z,3.887,20.6317,232.2063,0.0893,0.1891,-5.4103,18.7817,226.5909,0.0827,-0.2855,9.9994,23.093,230.8141,0.1001,0.4347
2014-11-04T12:33:59.625Z,3.9116,20.8579,232.1556,0.0898,0.1896,-5.4085,19.1339,227.4046,0.0844,-0.2816,10.0262,22.7153,230.5246,0.098,0.4424
2014-11-04T12:34:59.738Z,3.474,20.3579,232.0018,0.0881,0.1727,-5.2326,19.0856,228.7198,0.0838,-0.2732,10.1349,22.462,229.5133,0.0978,0.4514
2014-11-04T12:35:59.843Z,3.8209,20.7222,232.1488,0.0898,0.1862,-5.6141,19.4236,229.4388,0.0849,-0.2884,10.0216,22.7867,230.0693,0.0993,0.4409
2014-11-04T12:36:59.109Z,4.0017,20.9882,231.5828,0.0906,0.1912,-5.2753,19.5308,229.9448,0.0849,-0.2689,9.92,22.9353,230.5952,0.0999,0.4333
2014-11-04T12:37:59.230Z,3.8205,20.8474,230.4997,0.0901,0.1844,-5.3975,19.1363,229.8655,0.0829,-0.281,10.1586,22.993,232.0585,0.0988,0.4425
2014-11-04T12:38:59.352Z,3.4876,20.5031,230.616,0.0886,0.1698,-5.628,19.3564,230.2371,0.0843,-0.2898,9.9338,22.8591,230.6066,0.0991,0.436
2014-11-04T12:39:59.637Z,3.7382,20.6579,231.2233,0.0897,0.1814,-5.4184,19.4221,230.3111,0.0845,-0.2783,9.8809,23.1602,231.3539,0.0996,0.4274
2014-11-04T12:40:59.779Z,3.7272,20.7632,231.0392,0.0902,0.1803,-5.6885,19.4458,228.9687,0.0852,-0.2909,10.0284,23.6683,233.6382,0.1009,0.4246
2014-11-04T12:41:59.024Z,3.5867,21.1753,231.5154,0.0916,0.1685,-6.19,19.9605,227.1283,0.0881,-0.3108,10.2503,24.3101,234.2704,0.1034,0.422
2014-11-04T12:42:59.292Z,4.0664,20.678,231.8614,0.0895,0.1988,-5.1603,19.4848,230.0479,0.0847,-0.2643,10.2545,23.7061,233.5623,0.1011,0.4345
2014-11-04T12:43:59.561Z,3.7857,20.6323,232.2096,0.0887,0.1846,-5.3888,19.5448,229.8519,0.0853,-0.2741,10.6063,23.8329,233.7069,0.1017,0.4462
2014-11-04T12:44:59.792Z,3.4801,20.544,232.1238,0.0884,0.1699,-5.4123,19.6302,228.8977,0.0854,-0.2749,10.0088,23.473,233.3306,0.1009,0.4267
2014-11-04T12:45:59.876Z,3.7143,20.666,232.3205,0.0891,0.181,-5.7138,19.4054,228.9465,0.085,-0.2937,10.0003,23.3977,233.4903,0.0996,0.4276
2014-11-04T12:46:59.110Z,3.6633,20.9656,232.2966,0.0901,0.1747,-5.5916,19.9365,228.822,0.0874,-0.2799,10.2672,23.8576,234.1492,0.1011,0.4317
2014-11-04T12:47:59.314Z,3.2911,20.8649,232.8813,0.09,0.158,-5.6822,20.2233,229.0848,0.0883,-0.2803,10.2179,24.097,234.26,0.1027,0.4251
2014-11-04T12:48:59.670Z,3.5548,21.2059,232.8639,0.0907,0.1677,-5.8376,20.1578,229.9328,0.0878,-0.2906,10.0291,24.069,233.7521,0.1031,0.4164
2014-11-04T12:49:59.113Z,3.5859,21.1147,233.373,0.0901,0.1706,-5.7929,20.2814,230.3269,0.0882,-0.2853,10.1643,23.9996,233.9247,0.1023,0.4245
2014-11-04T12:50:59.379Z,3.7025,21.2529,234.0176,0.0902,0.1736,-5.5007,20.2958,230.2121,0.0879,-0.2715,10.0093,24.0678,233.5102,0.1027,0.4169
2014-11-04T12:51:59.626Z,3.8426,21.2306,233.6523,0.091,0.1807,-5.6649,19.8744,229.0934,0.0867,-0.2844,10.0693,23.7364,233.351,0.1019,0.4248
2014-11-04T12:52:59.707Z,3.6405,21.4489,234.2031,0.0916,0.1709,-5.9659,19.63,227.2421,0.0864,-0.3034,9.8195,23.1722,231.4135,0.1,0.4244
2014-11-04T12:53:59.912Z,3.6596,21.197,234.7376,0.0907,0.1735,-5.936,19.843,226.3966,0.0879,-0.2993,9.9641,23.5103,231.2437,0.1016,0.4247
2014-11-04T12:54:59.115Z,3.2148,21.3522,233.3298,0.0915,0.1513,-5.7645,20.2407,229.5517,0.0883,-0.2857,10.111,23.9742,234.1217,0.1025,0.422
2014-11-04T12:55:59.371Z,3.3554,21.2774,233.6867,0.0915,0.1584,-5.7356,20.0855,229.9727,0.0876,-0.2863,9.9932,24.2871,234.7309,0.1031,0.4112
2014-11-04T12:56:59.465Z,3.2209,21.186,233.7272,0.0905,0.1528,-5.5655,19.7198,230.4686,0.086,-0.2791,10.0123,23.5639,234.7217,0.1003,0.4268
2014-11-04T12:57:59.563Z,3.3121,20.9267,233.7462,0.0896,0.1589,-5.5791,19.8116,231.4526,0.0859,-0.279,10.2145,24.1619,234.9891,0.1026,0.4238
2014-11-04T12:58:59.906Z,3.3074,21.1246,233.2088,0.0912,0.1568,-5.8231,20.2983,230.0515,0.0887,-0.2874,10.1494,24.2749,234.806,0.1027,0.4179
2014-11-04T12:59:59.179Z,3.5841,21.2827,234.0333,0.0908,0.1684,-5.8798,19.7947,227.2329,0.0876,-0.2973,10.3471,24.3278,235.1495,0.1037,0.4254
2014-11-04T13:00:59.541Z,3.5055,20.8522,233.1039,0.0892,0.1686,-5.6643,19.7857,227.5486,0.0869,-0.2863,10.4528,24.5709,236.5901,0.1033,0.4264
2014-11-04T13:01:59.692Z,3.5717,20.6256,232.3426,0.0886,0.173,-5.6083,19.6265,228.1344,0.0864,-0.2856,10.3562,24.1265,234.7768,0.1021,0.4307
2014-11-04T13:02:59.035Z,3.3724,20.6055,232.0411,0.0888,0.1655,-5.396,19.4426,228.6908,0.0852,-0.2772,10.4913,23.7623,234.1135,0.1013,0.4425
2014-11-04T13:03:59.239Z,3.3194,20.6802,231.6876,0.0891,0.1617,-5.4309,19.5382,228.2299,0.086,-0.2787,10.4039,24.1895,235.4019,0.1019,0.4307
2014-11-04T13:04:59.410Z,3.3474,20.7254,231.621,0.0897,0.1622,-5.7868,19.6683,228.26,0.0869,-0.2938,10.2466,24.1383,235.2189,0.1021,0.4251
2014-11-04T13:05:59.516Z,3.3381,20.7107,231.9106,0.0898,0.1628,-5.7412,19.5219,228.6879,0.0848,-0.2937,10.3177,24.145,235.2544,0.1023,0.4283
2014-11-04T13:06:59.697Z,3.281,20.8347,232.2003,0.0899,0.1576,-5.7637,20.0889,228.5126,0.088,-0.287,10.1618,24.0499,234.6896,0.1026,0.4231
2014-11-04T13:07:59.883Z,3.3802,20.9902,232.8786,0.0902,0.1624,-5.8915,19.9905,228.6173,0.0876,-0.295,9.9853,23.989,232.5596,0.103,0.4168
2014-11-04T13:08:59.011Z,3.3767,21.2222,232.9392,0.0915,0.1595,-5.9573,20.0987,228.3809,0.088,-0.2952,9.8697,23.3547,231.7195,0.1,0.4223
2014-11-04T13:09:59.067Z,3.3069,21.2978,232.6004,0.0913,0.1561,-6.1514,20.0518,228.5598,0.0881,-0.3072,10.0474,23.6268,232.2459,0.1015,0.4263
2014-11-04T13:10:59.204Z,3.2243,20.8806,231.1456,0.0904,0.1566,-5.9172,20.0655,228.7668,0.0885,-0.2954,10.1237,24.1109,233.4841,0.1021,0.4197
2014-11-04T13:11:59.499Z,3.2712,21.0332,231.1988,0.0907,0.1559,-5.9821,19.9693,228.3861,0.0876,-0.2995,10.0946,23.8153,232.8161,0.1022,0.4238
2014-11-04T13:12:59.738Z,3.1145,20.8918,230.9499,0.0904,0.149,-5.9668,19.7988,226.8769,0.0869,-0.3001,10.1413,24.0374,233.0818,0.1028,0.4228
2014-11-04T13:13:59.962Z,3.3626,20.9697,231.076,0.0907,0.1615,-5.8764,19.6072,224.55,0.0874,-0.2999,10.2041,23.8544,233.2312,0.1026,0.429
2014-11-04T13:14:59.158Z,3.1316,20.7971,230.297,0.0901,0.1505,-5.7979,19.6148,225.2803,0.0872,-0.2957,10.11,24.244,233.2093,0.1041,0.4168
2014-11-04T13:15:59.373Z,3.6527,21.0037,228.8315,0.092,0.1739,-6.0589,20.0372,227.5307,0.0886,-0.3027,10.2163,24.237,233.7029,0.1033,0.422
2014-11-04T13:16:59.557Z,3.4918,20.8186,228.9761,0.0905,0.1674,-5.9905,19.7256,227.6679,0.0871,-0.3019,10.2861,23.8332,233.3031,0.1022,0.433
2014-11-04T13:17:59.715Z,3.6591,20.8383,229.2909,0.0911,0.1762,-5.9817,19.9401,227.596,0.087,-0.2994,10.1723,23.8836,233.1396,0.1023,0.4267
2014-11-04T13:18:59.910Z,3.9598,20.997,231.4289,0.0909,0.1893,-6.0141,20.2188,227.5681,0.089,-0.2983,10.1566,24.1201,233.1249,0.1032,0.4205
2014-11-04T13:19:59.206Z,3.8057,20.9435,231.228,0.091,0.1819,-5.8885,20.029,228.9145,0.0881,-0.2942,10.2129,24.1437,233.3676,0.1033,0.4232
2014-11-04T13:20:59.682Z,3.503,20.984,231.3471,0.0904,0.1669,-5.6393,19.8772,230.9317,0.0863,-0.2815,10.1197,23.9084,232.8886,0.1028,0.4247
2014-11-04T13:21:59.884Z,3.8294,21.0374,231.639,0.0913,0.1824,-5.9255,19.9878,230.0379,0.0873,-0.2953,10.2245,23.9704,233.2459,0.1023,0.4277
2014-11-04T13:22:59.025Z,3.6868,21.0383,231.9283,0.0903,0.1761,-6.0328,19.8616,228.1398,0.087,-0.3029,10.1308,23.9788,234.0517,0.1027,0.4233
2014-11-04T13:23:59.209Z,3.6697,21.0909,231.309,0.0911,0.1745,-6.0339,20.2013,228.8463,0.0886,-0.2986,10.3064,24.4272,234.5577,0.1041,0.4219
2014-11-04T13:24:59.475Z,3.8003,21.0696,230.9496,0.0913,0.1814,-5.9194,19.689,229.3774,0.0857,-0.2996,10.1918,23.9322,233.9722,0.1017,0.4264
2014-11-04T13:25:59.638Z,3.803,20.957,230.5454,0.0913,0.1816,-5.8013,19.9022,230.9705,0.0866,-0.291,10.1215,23.6479,233.1641,0.1011,0.4281
2014-11-04T13:26:59.862Z,3.5744,20.8315,230.7605,0.0907,0.1726,-5.579,19.7599,231.4269,0.0857,-0.2803,9.9921,23.7744,233.1619,0.1018,0.4216
2014-11-04T13:27:59.997Z,3.8185,20.9939,230.9813,0.0913,0.1816,-6.0254,20.1011,230.6623,0.0879,-0.3002,10.1999,23.8421,233.2083,0.1027,0.4282
2014-11-04T13:28:59.181Z,3.6909,20.9435,231.267,0.0909,0.1764,-6.1795,19.9566,228.4851,0.0877,-0.3095,10.0522,24.0354,233.925,0.1023,0.4184
2014-11-04T13:29:59.337Z,3.8378,21.2697,231.7061,0.0916,0.1805,-6.0983,20.0064,228.5661,0.0881,-0.3043,10.1395,24.1406,233.7502,0.103,0.4201
2014-11-04T13:30:59.511Z,3.5209,21.013,231.7161,0.0903,0.1678,-5.8069,20.5049,231.2484,0.0888,-0.2843,10.061,23.5073,232.78,0.1009,0.4278
2014-11-04T13:31:59.772Z,3.6821,21.0407,232.1504,0.0914,0.1759,-5.7182,20.2862,231.312,0.0877,-0.2816,10.1309,23.6387,231.9352,0.1016,0.429
2014-11-04T13:32:59.966Z,3.7909,21.2615,232.9612,0.0915,0.1784,-5.5528,20.2078,231.7971,0.0877,-0.276,9.9338,23.7365,231.7395,0.1019,0.4188
2014-11-04T13:33:59.132Z,3.8582,21.3424,232.9028,0.092,0.1811,-5.9985,20.1745,230.3547,0.0876,-0.2975,10.1315,23.7763,232.7266,0.1018,0.4269
2014-11-04T13:34:59.339Z,3.9138,21.1557,232.154,0.0906,0.1849,-6.1535,20.5089,228.4944,0.09,-0.3013,10.1618,24.4129,234.191,0.1037,0.4172
2014-11-04T13:35:59.573Z,3.7674,21.244,232.1876,0.0916,0.1774,-6.0853,20.1915,228.6697,0.0888,-0.3011,10.2513,24.4393,234.9555,0.104,0.4199
2014-11-04T13:36:59.735Z,3.5978,20.7582,231.4727,0.0894,0.1741,-5.724,19.9766,231.351,0.0866,-0.2844,10.2135,23.9944,234.0475,0.1026,0.4272
2014-11-04T13:37:59.991Z,3.6761,21.1358,231.9097,0.0908,0.1735,-5.8133,20.2876,231.4144,0.0877,-0.2873,10.1525,24.1646,234.2392,0.1033,0.4211
2014-11-04T13:38:59.106Z,3.6872,21.2511,231.1927,0.0923,0.1736,-5.885,20.1035,230.8101,0.0867,-0.2927,10.1175,24.2375,234.5558,0.1027,0.4173
2014-11-04T13:39:59.326Z,3.3147,20.8855,230.8589,0.0906,0.1586,-5.8165,20.0873,230.4054,0.0867,-0.2893,10.1651,24.4035,234.4504,0.1039,0.4168
2014-11-04T13:40:59.477Z,3.7946,20.7738,230.8956,0.0898,0.183,-6.0081,20.2944,229.7554,0.0887,-0.2968,10.2033,24.0222,234.2421,0.1023,0.4255
2014-11-04T13:41:59.703Z,3.9421,21.0787,231.3113,0.0916,0.1871,-5.8051,19.9328,227.1426,0.0879,-0.2914,10.3063,24.2432,235.008,0.1033,0.4253
2014-11-04T13:42:59.928Z,3.601,20.9286,231.2933,0.0903,0.1728,-5.9164,20.1548,227.7841,0.0887,-0.2947,10.0212,24.3276,234.916,0.1036,0.4122
2014-11-04T13:43:59.118Z,3.4176,20.9499,232.0159,0.091,0.1643,-5.528,20.1789,229.6264,0.0878,-0.2737,10.1201,24.3738,233.8347,0.1038,0.4155
2014-11-04T13:44:59.381Z,3.5913,21.2829,231.7318,0.0913,0.1685,-5.7789,20.2614,230.4087,0.0877,-0.2859,9.9721,23.976,233.6028,0.1021,0.4167
2014-11-04T13:45:59.707Z,3.5971,21.0377,231.1164,0.0913,0.1716,-5.7503,20.3611,230.0924,0.0888,-0.2829,10.182,24.3132,233.2514,0.1036,0.4193
2014-11-04T13:46:59.230Z,3.9301,21.1978,231.7494,0.0917,0.1873,-5.3794,20.1155,229.2957,0.0882,-0.2681,10.2643,24.3271,234.4642,0.1037,0.4224
2014-11-04T13:47:59.414Z,3.8404,21.0373,231.7764,0.0907,0.1831,-5.6767,20.1101,229.3894,0.088,-0.2818,10.3214,24.2014,234.5865,0.1027,0.4266
2014-11-04T13:48:59.646Z,3.8669,21.1841,231.9873,0.0911,0.1818,-6.0302,20.0666,227.8374,0.0878,-0.3004,10.0183,24.2103,234.701,0.1023,0.4136
2014-11-04T13:49:59.804Z,3.8946,21.3014,232.6853,0.0919,0.1817,-5.9265,19.9002,227.8106,0.0874,-0.2973,10.1201,24.3816,235.4437,0.1032,0.416
2014-11-04T13:50:59.044Z,3.57,21.1319,232.3947,0.0905,0.1671,-5.6387,19.8288,229.4812,0.0871,-0.2846,10.1395,24.4319,234.9515,0.1037,0.4159
2014-11-04T13:51:59.318Z,3.7206,21.1221,232.1911,0.0911,0.1765,-5.6515,19.9852,231.3007,0.0867,-0.2819,10.2338,24.2407,234.4389,0.1029,0.423
2014-11-04T13:52:59.598Z,4.0429,21.1927,232.1262,0.0919,0.1916,-5.6868,20.2732,231.3107,0.0877,-0.281,10.4697,24.1433,234.233,0.103,0.4347
2014-11-04T13:53:59.742Z,3.6372,21.0653,232.0331,0.0906,0.1723,-5.8083,20.2109,230.864,0.088,-0.2874,10.0007,23.843,233.6659,0.1019,0.4203
2014-11-04T13:54:59.905Z,3.6035,21.1713,230.8561,0.0915,0.1699,-5.7103,20.1412,231.255,0.0879,-0.2832,9.9171,23.9027,233.82,0.1024,0.4161
2014-11-04T13:55:59.016Z,3.4035,20.9332,231.2391,0.0902,0.1621,-5.9764,19.9749,231.1358,0.0863,-0.2991,9.9058,23.3942,232.5655,0.1005,0.4236
2014-11-04T13:56:59.132Z,3.786,21.2717,231.3904,0.0919,0.1772,-5.9016,19.9144,230.3045,0.0862,-0.2953,10.1018,23.6543,232.9885,0.1015,0.4277
2014-11-04T13:57:59.438Z,3.4098,21.0008,231.5408,0.0909,0.1632,-5.6063,20.0633,230.6072,0.0864,-0.2791,10.1979,24.0906,233.2917,0.1028,0.4241
2014-11-04T13:58:59.597Z,3.8185,21.1029,232.3597,0.0906,0.1813,-5.8935,20.1136,229.7119,0.0879,-0.2928,9.7832,23.5129,232.1413,0.1016,0.4166
2014-11-04T13:59:59.905Z,4.0399,21.4009,233.8399,0.0914,0.1886,-6.1339,19.8164,226.9346,0.0873,-0.3095,10.1604,23.9478,232.9381,0.1026,0.4249
2014-11-04T14:00:59.213Z,3.7616,20.9677,233.265,0.0898,0.18,-5.6575,19.852,227.804,0.0871,-0.2853,10.1739,23.6191,232.0754,0.1014,0.4316
2014-11-04T14:01:59.434Z,3.7066,20.8387,232.7382,0.0899,0.1778,-5.705,19.8846,229.6297,0.0868,-0.288,10.1852,23.4243,231.7909,0.101,0.435
2014-11-04T14:02:59.540Z,3.5666,20.7488,232.6449,0.0893,0.1718,-5.8905,19.587,229.8056,0.0856,-0.2997,10.0697,23.1039,232.3079,0.0998,0.4368
2014-11-04T14:03:59.931Z,3.5902,20.8912,233.2737,0.0894,0.1714,-5.4838,19.6494,230.3033,0.0856,-0.2769,10.1851,23.4935,231.6045,0.1017,0.4337
2014-11-04T14:04:59.230Z,3.7543,21.0411,232.989,0.0909,0.1782,-5.8025,19.4347,229.0026,0.0849,-0.2974,10.0408,23.1404,231.662,0.1001,0.4347
2014-11-04T14:05:59.403Z,3.6435,20.957,231.9494,0.0898,0.1749,-5.3237,19.709,229.0606,0.0864,-0.2705,10.021,23.5138,233.0935,0.1009,0.4263
2014-11-04T14:06:59.505Z,3.3886,20.9101,231.1203,0.091,0.1626,-5.8502,19.9468,228.7547,0.0874,-0.2933,9.9761,23.7466,233.5489,0.102,0.4201
2014-11-04T14:07:59.631Z,4.016,21.2065,231.2506,0.0921,0.1903,-5.4513,19.7663,228.2865,0.0866,-0.2754,10.3019,23.8184,233.6724,0.1018,0.4324
2014-11-04T14:08:59.073Z,3.8945,21.2159,231.4867,0.0916,0.1841,-5.4346,19.8776,228.4592,0.0871,-0.2737,10.5254,24.2474,234.0328,0.1034,0.4343
2014-11-04T14:09:59.213Z,3.3647,20.8305,231.5901,0.0891,0.1626,-5.6814,20.0931,228.6359,0.0882,-0.2826,9.9661,24.1956,234.7186,0.103,0.4114
2014-11-04T14:10:59.405Z,3.1973,20.8572,232.045,0.09,0.1539,-5.6401,20.1149,229.6479,0.0876,-0.2813,10.041,24.3344,234.3769,0.1034,0.4131
2014-11-04T14:11:59.673Z,3.1976,20.8479,231.9844,0.0902,0.1538,-5.7354,19.9274,229.3061,0.0878,-0.2873,10.199,24.1085,233.8233,0.1027,0.4228
2014-11-04T14:12:59.727Z,3.9689,21.2587,231.5936,0.0923,0.1867,-6.0717,19.5009,226.4059,0.086,-0.3111,10.5209,24.2167,234.897,0.1027,0.434
2014-11-04T14:13:59.873Z,3.646,21.117,230.6669,0.0913,0.1732,-5.9549,19.8434,228.0991,0.0877,-0.3009,10.0241,23.9209,234.6297,0.1013,0.4197
2014-11-04T14:14:59.932Z,3.7568,21.153,230.4003,0.0921,0.1777,-5.725,19.6762,228.9431,0.0867,-0.2905,10.1021,24.1471,234.6156,0.1021,0.4182
2014-11-04T14:15:59.119Z,3.5658,20.7047,229.3783,0.0903,0.1737,-5.7815,20.2413,229.6407,0.0883,-0.2859,10.1704,24.1403,234.4754,0.1023,0.4221
2014-11-04T14:16:59.262Z,3.6785,20.7403,230.3124,0.0907,0.179,-5.8105,19.8633,229.9953,0.087,-0.2927,10.2003,23.8535,234.0181,0.1015,0.4288
2014-11-04T14:17:59.437Z,3.7094,21.0129,230.5681,0.0914,0.1755,-5.7306,20.22,229.9586,0.0882,-0.2839,10.0121,24.1516,233.9201,0.1027,0.4155
2014-11-04T14:18:59.593Z,3.8937,21.0619,230.6216,0.0914,0.1835,-5.5251,20.0244,230.0966,0.0868,-0.2759,10.106,24.1963,233.844,0.1032,0.4178
2014-11-04T14:19:59.726Z,3.7994,21.0321,230.4853,0.0911,0.1812,-5.4726,20.0971,229.6235,0.0873,-0.2728,10.2816,24.4203,233.9812,0.1038,0.4216
2014-11-04T14:20:59.965Z,3.519,20.7376,230.4151,0.0904,0.1695,-5.8134,20.1155,228.7609,0.0879,-0.2898,9.9618,23.9012,233.0001,0.1022,0.4167
2014-11-04T14:21:59.152Z,3.3688,20.8583,230.6253,0.0903,0.1614,-5.8737,20.0502,228.7165,0.0881,-0.2922,9.9754,23.8482,233.1109,0.1023,0.4194
2014-11-04T14:22:59.257Z,3.6435,21.1168,230.9056,0.0917,0.1722,-6.0814,19.7304,228.368,0.0868,-0.307,10.0912,23.96,233.7159,0.1021,0.4213
2014-11-04T14:23:59.430Z,3.586,21.1438,230.7962,0.0918,0.1703,-5.8017,19.848,228.4814,0.0874,-0.292,9.9237,23.753,233.4499,0.1017,0.4181
2014-11-04T14:24:59.646Z,3.1508,20.8077,231.2381,0.09,0.1512,-5.8699,20.0424,229.684,0.088,-0.2924,100.8588,124.0525,233.0912,0.533,0.6015
2014-11-04T14:25:59.832Z,970.121,1384.6763,231.9711,5.9688,0.6824,981.8187,1429.9745,229.8031,6.2231,0.6547,1498.712,2012.7063,226.5388,8.8855,0.7509
2014-11-04T14:26:59.074Z,1060.7792,1490.8323,231.63,6.4364,0.7119,1093.3638,1526.3788,229.3146,6.6561,0.7167,1616.2276,2120.4361,228.1763,9.2932,0.7616
2014-11-04T14:27:59.247Z,1036.758,1502.38,232.5553,6.4603,0.6901,1067.7667,1478.6542,227.1999,6.5079,0.7222,1655.1447,2149.4903,229.6126,9.3608,0.7693
2014-11-04T14:28:59.506Z,1021.6023,1480.4029,231.485,6.3952,0.6902,1097.3253,1492.4991,227.3978,6.5624,0.7359,1659.6363,2171.2722,230.4654,9.4209,0.7646
2014-11-04T14:29:59.813Z,1041.9503,1480.9479,231.1775,6.4056,0.703,1126.3285,1537.701,229.2763,6.7065,0.7324,1644.1779,2166.6516,230.3102,9.4076,0.7596
2014-11-04T14:31:59.180Z,1068.4029,1509.656,231.3047,6.5264,0.7077,1136.7619,1551.8274,229.2405,6.7698,0.7324,1660.3402,2173.8967,230.4667,9.4323,0.7642
2014-11-04T14:32:59.284Z,1096.679,1524.5289,231.9392,6.5732,0.7197,1150.0144,1574.3035,229.2602,6.8668,0.7302,1657.3651,2157.1288,229.2116,9.4112,0.7693
2014-11-04T14:33:59.479Z,1080.9286,1501.6982,231.0026,6.5005,0.7198,1161.9503,1574.8244,229.4277,6.8642,0.7379,1657.8612,2167.5465,229.217,9.4559,0.7648
2014-11-04T14:34:59.650Z,1077.0388,1487.7132,230.2693,6.4605,0.7238,1179.7104,1586.8252,229.7408,6.9071,0.7433,1652.4999,2167.1881,229.3513,9.4497,0.762
2014-11-04T14:35:59.834Z,1102.8707,1526.3982,229.9374,6.6385,0.7219,1180.6279,1562.9114,227.8007,6.86,0.7557,1713.328,2202.1569,229.5365,9.5941,0.7781
2014-11-04T14:36:59.084Z,1060.1588,1520.2401,230.2051,6.6038,0.6977,1117.0654,1484.7147,226.1283,6.5656,0.7521,1721.4591,2199.9539,230.418,9.5474,0.7822
2014-11-04T14:37:59.321Z,1054.0474,1503.6037,230.8599,6.5132,0.7008,1100.5384,1499.3215,227.8752,6.5795,0.734,1661.6433,2147.4466,229.827,9.3437,0.7738
2014-11-04T14:38:59.517Z,1039.8771,1495.3514,230.899,6.4764,0.6951,1119.3241,1508.0999,227.8239,6.6195,0.7421,1674.9182,2176.5436,231.1253,9.4176,0.7699
2014-11-04T14:39:59.772Z,1059.2832,1507.6531,231.4051,6.5151,0.7027,1136.4814,1533.1837,227.9467,6.726,0.741,1675.117,2176.578,231.3469,9.4077,0.7698
2014-11-04T14:40:59.040Z,1076.4289,1528.2546,232.1889,6.5813,0.7046,1118.991,1531.8738,228.1144,6.7147,0.7308,1669.0248,2159.0593,231.0264,9.3457,0.7717
2014-11-04T14:41:59.247Z,1100.2582,1551.8996,232.19,6.6831,0.709,1138.6726,1546.7457,228.2032,6.7776,0.7364,1694.7025,2180.3926,231.0238,9.4375,0.7776
2014-11-04T14:42:59.481Z,1100.0086,1546.4412,232.4555,6.6526,0.7118,1125.4065,1537.6575,227.5613,6.7575,0.7323,1680.8097,2157.1333,230.3362,9.3655,0.78
2014-11-04T14:43:59.602Z,1118.5738,1554.5567,233.1952,6.6666,0.7198,1132.3999,1558.9703,228.1673,6.8324,0.727,1666.1234,2136.0662,229.3775,9.3123,0.7799
2014-11-04T14:44:59.810Z,1133.947,1570.5895,233.5916,6.7237,0.722,1128.0403,1559.8279,227.8646,6.8458,0.7229,1669.547,2130.763,229.2004,9.2969,0.7832
2014-11-04T14:45:59.092Z,1142.9942,1580.492,233.4954,6.7689,0.7234,1131.9309,1567.5298,228.3317,6.866,0.7219,1672.8624,2135.1294,229.4159,9.3071,0.7828
2014-11-04T14:46:59.326Z,1112.608,1572.3851,232.7032,6.7569,0.7077,1129.0831,1541.472,228.2375,6.7535,0.7321,1705.9545,2182.5949,231.2081,9.44,0.7805
2014-11-04T14:47:59.657Z,1110.8893,1577.891,232.1027,6.7984,0.7041,1164.5234,1557.5132,228.4871,6.8167,0.747,1751.4201,2245.1193,232.7147,9.6474,0.7802
2014-11-04T14:48:59.838Z,1089.878,1568.0579,231.3192,6.7791,0.6953,1154.4362,1531.4223,228.2303,6.7098,0.7534,1762.4652,2257.5409,233.263,9.6781,0.78
2014-11-04T14:49:59.047Z,1101.4928,1585.0686,230.9767,6.8621,0.6947,1136.5207,1506.8312,227.0103,6.6372,0.754,1775.8301,2251.0949,233.1038,9.6566,0.789
2014-11-04T14:50:59.350Z,1122.4344,1638.7822,231.5988,7.076,0.6842,1129.8124,1474.0065,224.6787,6.56,0.7669,1857.9008,2309.5715,233.8512,9.8758,0.8052
2014-11-04T14:51:59.638Z,1114.9865,1618.6768,231.6141,6.9887,0.6895,1126.3364,1474.7658,224.5966,6.5658,0.7635,1829.874,2280.2843,232.8863,9.7913,0.8033
2014-11-04T14:52:59.126Z,1122.83,1583.3944,231.2027,6.8479,0.7094,1163.5788,1534.9497,226.732,6.7703,0.7583,1771.5994,2239.5826,231.6807,9.6667,0.79
2014-11-04T14:53:59.350Z,1136.4786,1589.4642,231.3946,6.8693,0.7148,1173.9571,1550.4184,226.6432,6.8409,0.7574,1765.476,2231.735,231.6193,9.6357,0.79
2014-11-04T14:54:59.791Z,1159.3534,1593.852,231.9303,6.8725,0.7282,1204.727,1599.1643,227.9558,7.0151,0.7531,1750.3964,2226.296,230.9381,9.6403,0.7875
2014-11-04T14:55:59.038Z,1182.2466,1614.7007,232.5114,6.9444,0.732,1193.5234,1600.5488,227.7659,7.0272,0.7457,1744.1922,2203.1662,230.3647,9.5636,0.7918
2014-11-04T14:56:59.180Z,1207.1533,1631.3668,233.0155,7.0012,0.7397,1184.8509,1602.7049,227.6345,7.0411,0.7397,1732.2088,2171.9763,228.9433,9.4864,0.7998
2014-11-04T14:57:59.295Z,1212.2155,1631.4751,233.0763,7.0001,0.7427,1194.5834,1613.2832,227.8318,7.0814,0.7413,1734.5823,2175.8119,228.6333,9.5169,0.799
2014-11-04T14:58:59.541Z,1188.264,1607.707,232.4269,6.9168,0.7393,1199.193,1608.4424,228.042,7.0536,0.7454,1732.4987,2185.6841,229.0985,9.5408,0.7911
2014-11-04T14:59:59.666Z,1212.585,1611.2079,231.73,6.9537,0.7528,1246.8268,1648.8295,228.1249,7.2278,0.7565,1744.4522,2200.319,228.8671,9.6137,0.7914
