2014-10-18T00:00:59.046Z,0.024,0.0377,0.5347,0.07,0.5607,0.0147,0.0337,0.5603,0.0563,0.367,0.02,0.0373,0.504,0.074,0.5047
2014-10-18T00:01:59.402Z,0.0271,0.0405,0.5503,0.0708,0.5674,0.0153,0.035,0.5655,0.0592,0.3713,0.0208,0.0384,0.4982,0.0742,0.5289
2014-10-18T00:02:59.802Z,0.0268,0.0393,0.5407,0.0718,0.5675,0.0143,0.0339,0.55,0.0575,0.3421,0.0193,0.0371,0.4904,0.0718,0.5082
2014-10-18T00:03:59.210Z,0.0274,0.0388,0.54,0.0731,0.5798,0.0179,0.0369,0.5795,0.0619,0.4014,0.0195,0.0383,0.499,0.0736,0.5
2014-10-18T00:04:59.122Z,0.0252,0.0383,0.536,0.0683,0.5533,0.0155,0.0345,0.561,0.059,0.3869,0.0214,0.0398,0.5176,0.0748,0.5333
2014-10-18T00:05:59.568Z,0.0295,0.0432,0.5541,0.0746,0.603,0.0197,0.0368,0.5792,0.0622,0.4249,0.0192,0.0378,0.4962,0.0732,0.5208
2014-10-18T00:06:59.155Z,0.0263,0.0397,0.5513,0.0691,0.5388,0.0163,0.0338,0.5747,0.0578,0.3684,0.0194,0.0366,0.4925,0.0725,0.5172
2014-10-18T00:07:59.442Z,0.0248,0.0386,0.5269,0.0707,0.5652,0.0155,0.0364,0.5695,0.0614,0.3579,0.0212,0.04,0.5202,0.0736,0.5293
2014-10-18T00:08:59.809Z,0.0249,0.0374,0.5362,0.07,0.5308,0.0151,0.0359,0.5785,0.0595,0.3787,0.0205,0.0408,0.52,0.0749,0.5205
2014-10-18T00:09:59.254Z,0.0254,0.0367,0.5336,0.069,0.5621,0.0169,0.0349,0.5764,0.0603,0.3869,0.021,0.0369,0.4926,0.0736,0.5372
2014-10-18T00:10:59.634Z,0.0257,0.0368,0.5314,0.0686,0.5432,0.0157,0.0354,0.5643,0.0611,0.3665,0.0214,0.0395,0.5097,0.073,0.5251
2014-10-18T00:11:59.158Z,0.0261,0.0379,0.5388,0.0688,0.5606,0.0161,0.0348,0.5618,0.0585,0.3903,0.0203,0.0364,0.4988,0.073,0.513
2014-10-18T00:12:59.600Z,0.0298,0.0435,0.556,0.0748,0.5938,0.014,0.0335,0.5617,0.0595,0.3652,0.02,0.038,0.504,0.073,0.526
2014-10-18T00:13:59.395Z,0.0241,0.038,0.5376,0.0705,0.529,0.0146,0.0361,0.5683,0.06,0.3849,0.0207,0.0398,0.5151,0.0741,0.52
2014-10-18T00:14:59.790Z,0.0263,0.0391,0.5363,0.0716,0.5691,0.0103,0.0303,0.545,0.0538,0.2988,0.0206,0.0378,0.4953,0.0725,0.5387
2014-10-18T00:15:59.102Z,0.0241,0.0375,0.53,0.0681,0.5478,0.0156,0.035,0.5769,0.0588,0.3834,0.0203,0.0378,0.495,0.0728,0.5181
2014-10-18T00:16:59.431Z,0.0275,0.0406,0.5558,0.0736,0.5639,0.0131,0.0333,0.5617,0.0561,0.3656,0.02,0.0386,0.5014,0.0747,0.4925
2014-10-18T00:17:59.744Z,0.0253,0.0387,0.5368,0.0703,0.5416,0.0161,0.0345,0.5737,0.0595,0.3766,0.0205,0.0389,0.5005,0.0739,0.5255
2014-10-18T00:18:59.165Z,0.023,0.0357,0.53,0.066,0.5063,0.0137,0.033,0.5603,0.057,0.3503,0.0207,0.0377,0.4997,0.073,0.5237
2014-10-18T00:19:59.865Z,0.0241,0.0369,0.5356,0.0672,0.5225,0.0144,0.0325,0.5656,0.0556,0.3644,0.0197,0.0378,0.4991,0.0734,0.515
2014-10-18T00:20:59.244Z,0.0259,0.039,0.5436,0.071,0.5531,0.0169,0.0369,0.5746,0.0633,0.4015,0.0205,0.039,0.5079,0.0736,0.51
2014-10-18T00:21:59.641Z,0.0271,0.0389,0.5426,0.0716,0.5987,0.0168,0.0374,0.5753,0.0629,0.4005,0.0218,0.0389,0.5168,0.0747,0.5413
2014-10-18T00:22:59.069Z,0.0216,0.0356,0.5241,0.0647,0.4953,0.0138,0.0325,0.5619,0.055,0.3256,0.0209,0.0388,0.5041,0.0738,0.5353
2014-10-18T00:23:59.537Z,0.0267,0.04,0.5415,0.0718,0.5503,0.0145,0.0339,0.5748,0.0573,0.3348,0.0203,0.0391,0.5048,0.0736,0.51
2014-10-18T00:24:59.840Z,0.0241,0.0368,0.5374,0.0682,0.5276,0.0171,0.0341,0.5618,0.0588,0.3826,0.0212,0.0376,0.4982,0.0721,0.5209
2014-10-18T00:25:59.219Z,0.0261,0.0387,0.5461,0.0694,0.5339,0.0135,0.0332,0.559,0.0571,0.3119,0.021,0.039,0.5061,0.0739,0.5365
2014-10-18T00:26:59.597Z,0.02,0.0328,0.5178,0.0631,0.4891,0.0138,0.0344,0.5638,0.0594,0.3516,0.0191,0.0378,0.4919,0.0722,0.5113
2014-10-18T00:27:59.024Z,0.0245,0.0365,0.5323,0.0684,0.5339,0.0132,0.0332,0.5645,0.0545,0.3174,0.019,0.0374,0.4984,0.0742,0.5048
2014-10-18T00:28:59.329Z,0.0267,0.0397,0.5497,0.0706,0.545,0.0167,0.0369,0.5758,0.0608,0.3417,0.0208,0.0389,0.5083,0.0736,0.5322
2014-10-18T00:29:59.710Z,0.0225,0.0383,0.5361,0.0678,0.52,0.0153,0.0344,0.5597,0.0614,0.3725,0.0203,0.0378,0.4983,0.0733,0.5142
2014-10-18T00:30:59.166Z,0.0272,0.0398,0.5438,0.0719,0.5804,0.0196,0.0396,0.5885,0.0649,0.4206,0.0209,0.04,0.5211,0.0736,0.5291
2014-10-18T00:31:59.553Z,0.0273,0.042,0.5507,0.0724,0.5676,0.0141,0.0354,0.5634,0.0607,0.3488,0.0222,0.0393,0.5102,0.0759,0.5349
2014-10-18T00:32:59.851Z,0.0235,0.0362,0.5279,0.0671,0.5435,0.0138,0.0338,0.5721,0.0574,0.3315,0.0209,0.0382,0.5076,0.0729,0.5174
2014-10-18T00:33:59.384Z,0.0263,0.04,0.5434,0.07,0.5582,0.0161,0.0347,0.5708,0.0592,0.3668,0.0208,0.0389,0.4987,0.0724,0.5216
2014-10-18T00:34:59.856Z,0.0269,0.0386,0.5406,0.0714,0.5822,0.0144,0.0358,0.5839,0.0597,0.3467,0.0217,0.0397,0.5125,0.0736,0.5453
2014-10-18T00:35:59.355Z,0.0272,0.0403,0.5503,0.0725,0.5714,0.0167,0.0358,0.5786,0.0619,0.3867,0.02,0.0381,0.5028,0.0739,0.52
2014-10-18T00:36:59.946Z,0.0203,0.0345,0.5252,0.0645,0.489,0.0113,0.031,0.5529,0.0535,0.3077,0.019,0.0371,0.491,0.0726,0.5094
2014-10-18T00:37:59.453Z,0.0307,0.0427,0.5615,0.0737,0.6005,0.0163,0.0373,0.5832,0.0617,0.3871,0.019,0.0371,0.4863,0.0739,0.5222
2014-10-18T00:38:59.916Z,0.0266,0.0389,0.5383,0.0723,0.588,0.014,0.0323,0.5597,0.0574,0.3651,0.0206,0.038,0.5,0.0731,0.5191
2014-10-18T00:39:59.230Z,0.0284,0.0407,0.5412,0.0747,0.5942,0.0198,0.0405,0.5967,0.0656,0.4202,0.0214,0.0395,0.5112,0.0742,0.5267
2014-10-18T00:40:59.666Z,0.0261,0.0394,0.5429,0.0694,0.5519,0.0129,0.0313,0.5616,0.0535,0.2952,0.0206,0.0387,0.499,0.0729,0.5213
2014-10-18T00:41:59.983Z,0.0236,0.0378,0.5358,0.0697,0.5356,0.0144,0.0344,0.5719,0.0583,0.3461,0.0208,0.0383,0.4989,0.0728,0.5311
2014-10-18T00:42:59.344Z,0.0252,0.0384,0.5384,0.069,0.5506,0.0129,0.0323,0.5674,0.0558,0.3187,0.0197,0.0394,0.5106,0.0732,0.5184
2014-10-18T00:43:59.733Z,0.0271,0.0409,0.5476,0.0733,0.5682,0.016,0.0353,0.5727,0.0607,0.4002,0.0209,0.0391,0.5111,0.0742,0.5342
2014-10-18T00:44:59.305Z,0.0298,0.0424,0.5549,0.0755,0.6149,0.0194,0.0396,0.5867,0.0655,0.4443,0.022,0.0406,0.5247,0.0739,0.5304
2014-10-18T00:45:59.712Z,0.0261,0.0383,0.5461,0.0683,0.5324,0.0161,0.0349,0.5715,0.0598,0.3549,0.0207,0.0373,0.4973,0.0724,0.5261
2014-10-18T00:46:59.393Z,0.0228,0.0363,0.5322,0.0656,0.5247,0.0106,0.0288,0.5431,0.0531,0.275,0.0197,0.0363,0.4863,0.0725,0.5291
2014-10-18T00:47:59.957Z,0.0272,0.04,0.5416,0.0703,0.5916,0.015,0.0338,0.5697,0.0572,0.3234,0.02,0.0369,0.4881,0.0725,0.5256
2014-10-18T00:48:59.469Z,0.0237,0.036,0.5309,0.0669,0.5369,0.0146,0.0354,0.5597,0.0594,0.3603,0.022,0.0377,0.5083,0.0746,0.5603
2014-10-18T00:49:59.230Z,0.0247,0.0384,0.5335,0.07,0.5695,0.0137,0.0342,0.5802,0.0588,0.3744,0.0195,0.0379,0.5033,0.0733,0.5212
2014-10-18T00:50:59.685Z,0.0251,0.0384,0.5389,0.0684,0.5389,0.0168,0.0349,0.5743,0.0597,0.4051,0.0192,0.0376,0.4932,0.0743,0.503
2014-10-18T00:51:59.099Z,0.0307,0.0437,0.559,0.0761,0.6163,0.0185,0.0371,0.5759,0.0622,0.4044,0.0212,0.04,0.5127,0.0756,0.5346
2014-10-18T00:52:59.477Z,0.0229,0.0346,0.5274,0.0663,0.5163,0.014,0.0334,0.5703,0.0583,0.3563,0.0191,0.038,0.5,0.0717,0.5297
2014-10-18T00:53:59.829Z,0.0251,0.0373,0.529,0.0702,0.5702,0.0176,0.0361,0.5795,0.0607,0.3839,0.0215,0.0393,0.5178,0.0737,0.5407
2014-10-18T00:54:59.252Z,0.0237,0.0353,0.5287,0.0674,0.5392,0.0168,0.0366,0.5771,0.06,0.3768,0.0218,0.04,0.5147,0.0742,0.5542
2014-10-18T00:55:59.733Z,0.0303,0.0424,0.5561,0.0739,0.6108,0.015,0.0345,0.5629,0.0589,0.3513,0.0195,0.0374,0.4929,0.0729,0.5166
2014-10-18T00:56:59.043Z,0.0265,0.0388,0.5412,0.0709,0.5582,0.015,0.0329,0.5662,0.0568,0.3821,0.0212,0.0403,0.5021,0.0759,0.5176
2014-10-18T00:57:59.615Z,0.0209,0.0338,0.5222,0.0641,0.4913,0.0103,0.0288,0.5528,0.0513,0.3047,0.0216,0.0369,0.4956,0.0728,0.5353
2014-10-18T00:58:59.021Z,0.028,0.039,0.5435,0.072,0.5815,0.0135,0.0328,0.563,0.057,0.3405,0.0205,0.0373,0.504,0.0727,0.5325
2014-10-18T00:59:59.472Z,0.0246,0.0394,0.546,0.0691,0.5311,0.0123,0.0303,0.5514,0.0529,0.3349,0.0203,0.0383,0.4991,0.0737,0.5249
2014-10-18T01:00:59.931Z,0.0276,0.0415,0.545,0.0756,0.5871,0.015,0.0329,0.5632,0.0585,0.3871,0.0229,0.0403,0.5141,0.0744,0.5353
2014-10-18T01:01:59.372Z,0.0258,0.0379,0.5329,0.07,0.5632,0.0147,0.0345,0.5684,0.0584,0.3529,0.0189,0.0384,0.5092,0.0729,0.5142
2014-10-18T01:02:59.883Z,0.0272,0.0404,0.5409,0.0735,0.6009,0.0178,0.0365,0.5791,0.0617,0.4013,0.0213,0.0404,0.5157,0.0748,0.5428
2014-10-18T01:03:59.234Z,0.0266,0.0389,0.5437,0.0697,0.5411,0.0137,0.0323,0.5709,0.0569,0.3491,0.0209,0.0383,0.5003,0.074,0.5391
2014-10-18T01:04:59.630Z,0.0207,0.0331,0.5221,0.0628,0.4772,0.0124,0.03,0.5455,0.0534,0.3297,0.0197,0.0369,0.4845,0.0741,0.519
2014-10-18T01:05:59.067Z,0.0264,0.0385,0.5397,0.071,0.5585,0.0144,0.0338,0.5651,0.059,0.3403,0.0192,0.0356,0.4897,0.0723,0.5192
2014-10-18T01:06:59.463Z,0.0245,0.0383,0.5375,0.0698,0.536,0.016,0.0353,0.5715,0.0613,0.3873,0.0228,0.04,0.5167,0.0733,0.563
2014-10-18T01:07:59.949Z,0.0251,0.0395,0.5385,0.071,0.5726,0.0162,0.0362,0.5682,0.0621,0.4177,0.0197,0.0392,0.5069,0.0728,0.5192
2014-10-18T01:08:59.412Z,0.03,0.0443,0.5573,0.0752,0.607,0.0186,0.0375,0.5764,0.0639,0.4068,0.0211,0.0402,0.5139,0.0761,0.5375
2014-10-18T01:09:59.936Z,0.0244,0.0408,0.5392,0.07,0.5508,0.0136,0.0341,0.5667,0.0592,0.3505,0.0233,0.0415,0.5223,0.0762,0.5641
2014-10-18T01:10:59.323Z,0.0281,0.0424,0.5462,0.0745,0.6124,0.0193,0.039,0.5764,0.0662,0.4257,0.0217,0.0398,0.521,0.0729,0.5514
2014-10-18T01:11:59.589Z,0.026,0.0414,0.5386,0.0749,0.5974,0.0205,0.0386,0.5733,0.0667,0.4658,0.0219,0.0405,0.5188,0.0742,0.5495
2014-10-18T01:12:59.971Z,0.0272,0.0409,0.5465,0.0726,0.583,0.0174,0.0384,0.5788,0.0651,0.3991,0.0223,0.0412,0.5244,0.0744,0.5572
2014-10-18T01:13:59.284Z,0.0274,0.0423,0.5509,0.072,0.5717,0.0143,0.0329,0.5654,0.0577,0.3689,0.0203,0.04,0.5111,0.0723,0.5074
2014-10-18T01:14:59.059Z,0.0262,0.0411,0.5389,0.0727,0.5878,0.018,0.0389,0.5924,0.0649,0.3909,0.0231,0.0427,0.534,0.0756,0.55
2014-10-18T01:15:59.522Z,0.0261,0.0413,0.5526,0.0718,0.5545,0.0174,0.0358,0.5737,0.0608,0.4247,0.0205,0.0392,0.5029,0.0721,0.5229
2014-10-18T01:16:59.951Z,0.0242,0.0387,0.5448,0.0677,0.551,0.0155,0.0342,0.561,0.059,0.371,0.0229,0.04,0.5152,0.0739,0.5329
2014-10-18T01:17:59.275Z,0.0246,0.04,0.5459,0.0695,0.5474,0.0172,0.0385,0.5754,0.0636,0.3936,0.021,0.0387,0.5118,0.0741,0.5338
2014-10-18T01:18:59.732Z,0.0259,0.0413,0.5477,0.0721,0.5705,0.0151,0.0367,0.5746,0.0621,0.3559,0.0233,0.0418,0.5313,0.0751,0.5456
2014-10-18T01:19:59.120Z,0.0271,0.0429,0.5542,0.0721,0.5729,0.0179,0.0361,0.5753,0.0632,0.4163,0.0203,0.0389,0.5061,0.0734,0.5271
2014-10-18T01:20:59.580Z,0.0225,0.0391,0.5441,0.0681,0.5094,0.0119,0.0325,0.5622,0.055,0.2953,0.0191,0.0384,0.5134,0.0728,0.5116
2014-10-18T01:21:59.048Z,0.028,0.0432,0.5584,0.072,0.5539,0.0184,0.0377,0.5859,0.0641,0.4234,0.0207,0.0409,0.52,0.0739,0.5264
2014-10-18T01:22:59.533Z,0.0254,0.0411,0.5419,0.0705,0.5705,0.0168,0.0365,0.5765,0.0619,0.3895,0.02,0.0397,0.5046,0.073,0.5205
2014-10-18T01:23:59.987Z,0.0267,0.0415,0.543,0.0721,0.5724,0.0145,0.0361,0.5685,0.06,0.3439,0.0224,0.0406,0.5224,0.0739,0.5409
2014-10-18T01:24:59.526Z,0.0234,0.0409,0.5419,0.0691,0.5213,0.0134,0.0344,0.5734,0.0588,0.3338,0.02,0.0384,0.5009,0.0722,0.5425
2014-10-18T01:25:59.056Z,0.0227,0.0394,0.5367,0.0688,0.5209,0.0145,0.0361,0.5748,0.0606,0.3627,0.0212,0.0391,0.5109,0.0742,0.537
2014-10-18T01:26:59.185Z,0.0236,0.041,0.544,0.0714,0.53,0.0155,0.0362,0.5714,0.0595,0.3545,0.021,0.0405,0.5231,0.0733,0.5167
2014-10-18T01:27:59.646Z,0.0262,0.0424,0.5543,0.0735,0.5514,0.0178,0.0362,0.5786,0.0624,0.4176,0.0216,0.0405,0.5243,0.0738,0.5257
2014-10-18T01:28:59.964Z,0.0244,0.0412,0.5465,0.0702,0.5486,0.0156,0.0363,0.5837,0.0614,0.3395,0.0212,0.04,0.5207,0.0744,0.5384
2014-10-18T01:29:59.296Z,0.0242,0.0414,0.544,0.0705,0.564,0.0216,0.0423,0.5967,0.0681,0.446,0.0221,0.0405,0.5221,0.0747,0.5372
2014-10-18T01:30:59.654Z,0.0218,0.0388,0.5339,0.0664,0.5148,0.0139,0.0333,0.5642,0.0576,0.3421,0.0212,0.0391,0.507,0.0745,0.5464
2014-10-18T01:31:59.040Z,0.0274,0.0418,0.5541,0.0726,0.5523,0.0164,0.0372,0.5851,0.0608,0.39,0.021,0.0392,0.5118,0.0738,0.5333
2014-10-18T01:32:59.383Z,0.0237,0.0392,0.5318,0.0695,0.5553,0.0174,0.0361,0.5789,0.0632,0.3871,0.0208,0.0411,0.5211,0.0739,0.5297
2014-10-18T01:33:59.727Z,0.0247,0.0408,0.5389,0.0703,0.5625,0.0164,0.0375,0.5836,0.0633,0.4036,0.0231,0.0417,0.5367,0.0739,0.5369
2014-10-18T01:34:59.464Z,0.0241,0.0388,0.5413,0.0672,0.5194,0.0119,0.0328,0.5788,0.0572,0.3316,0.0213,0.0403,0.5241,0.0738,0.5294
2014-10-18T01:35:59.881Z,0.0197,0.0365,0.5303,0.0648,0.4748,0.0129,0.0329,0.5639,0.0565,0.3474,0.0223,0.0397,0.5139,0.0745,0.5416
2014-10-18T01:36:59.602Z,0.0261,0.0425,0.5531,0.0717,0.5639,0.0175,0.0383,0.5842,0.0625,0.4122,0.0194,0.0392,0.5056,0.0733,0.5342
2014-10-18T01:37:59.132Z,0.025,0.0421,0.5488,0.0697,0.5156,0.0132,0.0335,0.5691,0.0591,0.3453,0.0212,0.0406,0.5176,0.0738,0.5303
2014-10-18T01:38:59.598Z,0.0268,0.0405,0.5519,0.0708,0.5797,0.0192,0.0397,0.5876,0.0654,0.4186,0.0192,0.0392,0.5062,0.0724,0.5057
2014-10-18T01:39:59.938Z,0.0261,0.0406,0.5465,0.0703,0.581,0.0155,0.0361,0.5739,0.061,0.3635,0.0213,0.0394,0.5003,0.0742,0.5374
2014-10-18T01:40:59.356Z,0.0286,0.0433,0.552,0.0741,0.6173,0.0206,0.0412,0.5933,0.0678,0.4418,0.022,0.0406,0.5243,0.0735,0.548
2014-10-18T01:41:59.752Z,0.0244,0.0395,0.5398,0.069,0.541,0.0207,0.041,0.5971,0.0678,0.4285,0.022,0.0407,0.522,0.0746,0.5439
2014-10-18T01:42:59.236Z,0.0233,0.0383,0.5326,0.0676,0.54,0.0176,0.0369,0.5819,0.0617,0.4067,0.0205,0.0395,0.5086,0.0752,0.5298
2014-10-18T01:43:59.698Z,0.0256,0.0409,0.545,0.0697,0.5568,0.0165,0.0362,0.5674,0.0615,0.3759,0.0206,0.0391,0.5068,0.0732,0.52
2014-10-18T01:44:59.129Z,0.0259,0.0436,0.5533,0.0736,0.5564,0.0172,0.0369,0.5774,0.0631,0.4062,0.0231,0.04,0.5251,0.0741,0.5582
2014-10-18T01:45:59.674Z,0.0236,0.0403,0.5358,0.0694,0.5348,0.0155,0.0367,0.5821,0.0612,0.3715,0.0215,0.0406,0.5133,0.0742,0.5297
2014-10-18T01:46:59.109Z,0.0288,0.0439,0.5561,0.0746,0.6049,0.0171,0.0368,0.5876,0.0607,0.4034,0.022,0.041,0.5161,0.0741,0.5485
2014-10-18T01:47:59.923Z,0.0222,0.0389,0.5361,0.0675,0.505,0.0147,0.0336,0.5675,0.0583,0.3642,0.0206,0.0397,0.515,0.0733,0.5433
2014-10-18T01:48:59.350Z,0.0246,0.0405,0.5468,0.0692,0.5257,0.0159,0.0373,0.5841,0.0622,0.3662,0.0219,0.0424,0.5273,0.0754,0.5462
2014-10-18T01:49:59.718Z,0.0256,0.0403,0.5459,0.0703,0.5677,0.0149,0.0351,0.5733,0.0587,0.3659,0.0205,0.0403,0.519,0.0738,0.5333
2014-10-18T01:50:59.264Z,0.0262,0.0424,0.5494,0.0718,0.5465,0.0159,0.0353,0.5735,0.06,0.3812,0.0209,0.0406,0.5162,0.0741,0.5238
2014-10-18T01:51:59.726Z,0.0235,0.0397,0.5432,0.0685,0.5262,0.0126,0.0335,0.5741,0.0565,0.3168,0.0226,0.04,0.5168,0.0741,0.5512
2014-10-18T01:52:59.415Z,0.0273,0.0425,0.5545,0.0738,0.5798,0.0198,0.0393,0.588,0.064,0.4248,0.0208,0.0398,0.5135,0.0748,0.53
2014-10-18T01:53:59.868Z,0.0267,0.0424,0.5539,0.0718,0.5812,0.0173,0.0364,0.5797,0.0603,0.4024,0.0221,0.0409,0.5173,0.0745,0.5464
2014-10-18T01:54:59.158Z,0.0255,0.042,0.5488,0.0707,0.5537,0.0168,0.0365,0.5758,0.0615,0.3827,0.0228,0.042,0.5293,0.0763,0.5458
2014-10-18T01:55:59.708Z,0.0231,0.0389,0.5422,0.0675,0.5178,0.0158,0.0378,0.585,0.0617,0.36,0.0231,0.0408,0.5242,0.0739,0.555
2014-10-18T01:56:59.005Z,0.029,0.0446,0.5638,0.0746,0.5977,0.0133,0.0349,0.5769,0.06,0.3644,0.021,0.0392,0.519,0.0728,0.5433
2014-10-18T01:57:59.701Z,0.0282,0.0432,0.5487,0.0747,0.6042,0.0158,0.0355,0.5661,0.06,0.3811,0.0211,0.0397,0.5066,0.0737,0.5437
2014-10-18T01:58:59.973Z,0.0255,0.0418,0.5488,0.0709,0.5536,0.0142,0.0348,0.5679,0.0612,0.3579,0.0212,0.0397,0.5124,0.073,0.5342
2014-10-18T01:59:59.373Z,0.0247,0.04,0.5497,0.0694,0.5367,0.0161,0.0364,0.5731,0.0603,0.3856,0.0197,0.0375,0.5008,0.0719,0.5181
