2014-11-12T00:00:59.841Z,3.1849,22.339,234.6097,0.0952,0.1437,-6.0848,22.7798,233.264,0.0977,-0.2663,10.2932,25.73,232.4849,0.1105,0.4003
2014-11-12T00:01:59.225Z,3.128,22.6889,234.4809,0.0967,0.1389,-6.0383,22.4387,233.4143,0.0968,-0.2691,10.4815,25.9598,232.8228,0.1114,0.4052
2014-11-12T00:03:59.886Z,3.1556,22.383,233.9705,0.0959,0.1427,-6.0854,22.2439,233.6696,0.0956,-0.2735,10.5526,26.3635,232.9315,0.1135,0.4011
2014-11-12T00:04:59.290Z,3.5804,22.3495,233.8091,0.0956,0.1613,-6.5353,22.4357,233.8225,0.0961,-0.2912,10.6228,26.0304,233.2353,0.1117,0.4099
2014-11-12T00:05:59.310Z,3.7255,22.6924,234.543,0.0972,0.1653,-5.8279,22.611,233.82,0.0967,-0.2585,10.4827,25.3843,233.5429,0.1083,0.414
2014-11-12T00:06:59.639Z,3.544,23.0581,234.4281,0.0982,0.1539,-6.6247,22.844,233.9869,0.0981,-0.29,10.1438,26.0218,233.6648,0.1111,0.3896
2014-11-12T00:07:59.212Z,3.4471,23.0354,235.1257,0.0981,0.1508,-6.4488,22.9072,234.1357,0.0977,-0.2824,10.5547,26.6672,234.0876,0.1134,0.3961
2014-11-12T00:08:59.185Z,3.7494,22.9369,234.5752,0.0981,0.1641,-6.8767,22.9524,234.12,0.098,-0.2996,10.5065,26.6498,234.7342,0.1134,0.3943
2014-11-12T00:09:59.617Z,3.5088,22.8161,232.6109,0.098,0.154,-6.5267,22.9487,234.0406,0.0978,-0.2855,10.4703,27.1193,234.8937,0.1154,0.3871
2014-11-12T00:10:59.010Z,3.5325,22.4262,232.8207,0.0962,0.1575,-6.7741,22.6882,233.9668,0.0971,-0.2979,10.5352,26.9516,234.609,0.1145,0.3916
2014-11-12T00:11:59.862Z,3.478,22.5423,232.4037,0.0967,0.1546,-6.5043,22.8169,233.918,0.0981,-0.2863,10.6705,26.9853,234.8855,0.1154,0.3955
2014-11-12T00:12:59.014Z,3.527,23.0134,232.826,0.0984,0.1544,-6.5812,23.0737,234.2983,0.0984,-0.2864,10.4006,26.8317,235.031,0.1137,0.3879
2014-11-12T00:14:59.387Z,3.6342,22.8825,233.7821,0.0973,0.1591,-6.6889,23.0518,234.8853,0.0982,-0.291,10.5479,26.5907,234.8632,0.1132,0.3969
2014-11-12T00:15:59.925Z,3.8424,22.6494,234.6911,0.0962,0.1718,-6.2803,22.9021,234.1885,0.0981,-0.2752,10.7565,26.6731,234.6654,0.1136,0.4046
2014-11-12T00:16:59.324Z,3.5066,22.4563,234.5949,0.0956,0.1556,-6.5909,22.0855,234.0302,0.0945,-0.2957,10.688,26.3367,234.4317,0.1119,0.4078
2014-11-12T00:17:59.275Z,3.7446,22.3619,234.7356,0.095,0.1676,-6.5702,23.1304,234.0197,0.0994,-0.2839,10.4587,26.0355,234.622,0.1109,0.4024
2014-11-12T00:18:59.817Z,3.7702,22.7251,234.4908,0.0969,0.1666,-6.2397,22.8133,233.6222,0.0975,-0.2735,10.4388,26.0658,234.6069,0.1113,0.4017
2014-11-12T00:19:59.339Z,3.6586,22.4149,234.292,0.0954,0.1646,-6.2462,22.4867,233.9392,0.0961,-0.2775,10.36,26.8043,234.6871,0.1137,0.3881
2014-11-12T00:20:59.400Z,3.6527,22.6719,234.098,0.0966,0.1605,-6.4969,22.6611,234.1459,0.0971,-0.2865,10.563,27.0063,234.9919,0.1154,0.3918
2014-11-12T00:21:59.232Z,3.5944,23.0117,233.6326,0.0983,0.1576,-6.4212,23.2223,233.8424,0.0991,-0.2781,10.5615,26.5505,235.0621,0.1126,0.3985
2014-11-12T00:22:59.424Z,3.5782,22.8478,233.9197,0.0977,0.158,-6.4887,22.6419,233.2214,0.097,-0.2874,10.5081,26.9291,235.493,0.1139,0.3905
2014-11-12T00:23:59.938Z,3.6045,23.1193,233.9733,0.0983,0.1551,-6.5505,22.972,233.5982,0.0994,-0.2854,10.4181,26.9957,235.4332,0.1144,0.3866
2014-11-12T00:24:59.223Z,3.6399,22.7514,233.553,0.0975,0.1588,-6.6652,22.6478,233.6598,0.0974,-0.293,10.5464,26.4685,235.4163,0.1122,0.3986
2014-11-12T00:25:59.653Z,3.0288,22.5715,233.8233,0.0966,0.1375,-6.4346,22.3807,234.0527,0.0958,-0.2873,10.4605,26.1883,235.0175,0.1113,0.4007
2014-11-12T00:26:59.978Z,2.6559,22.619,234.183,0.0976,0.1161,-6.8861,22.9112,234.6339,0.0973,-0.3012,10.4688,27.4336,235.0957,0.1169,0.3828
2014-11-12T00:27:59.924Z,3.0185,23.0919,234.2773,0.0982,0.1316,-6.5009,22.8262,234.6218,0.0981,-0.2865,10.4645,26.522,235.1078,0.1122,0.3947
2014-11-12T00:28:59.533Z,3.4996,22.8531,234.104,0.0976,0.1538,-6.4246,23.1369,234.6202,0.0987,-0.2789,10.7865,27.0848,235.2088,0.1146,0.3989
2014-11-12T00:29:59.302Z,3.606,22.8613,234.1176,0.0981,0.1578,-6.5213,22.9403,234.8971,0.0977,-0.2855,10.3611,26.386,235.0955,0.1116,0.3925
2014-11-12T00:30:59.367Z,3.556,22.9348,233.2839,0.0977,0.156,-7.0447,22.1027,231.1152,0.096,-0.3173,10.0598,26.0569,234.5194,0.1112,0.3863
2014-11-12T00:31:59.799Z,3.2013,22.8394,233.5593,0.0975,0.1407,-6.7568,22.6544,231.1918,0.098,-0.2982,10.546,26.2713,233.7152,0.112,0.4017
2014-11-12T00:32:59.439Z,3.6282,22.7111,232.8517,0.0977,0.1595,-6.5689,22.6037,233.128,0.0973,-0.2909,10.5184,26.8929,233.4441,0.1154,0.3911
2014-11-12T00:33:59.357Z,3.2951,22.7135,233.9892,0.0975,0.1444,-6.3981,22.886,233.596,0.0985,-0.2795,10.2462,25.9786,232.7553,0.1114,0.3949
2014-11-12T00:34:59.200Z,3.5457,22.9077,234.8145,0.0969,0.1556,-6.5229,22.502,233.717,0.0961,-0.2903,10.4645,26.3686,232.7271,0.1132,0.3959
2014-11-12T00:35:59.343Z,2.7599,22.7247,235.0366,0.0967,0.1233,-6.8018,22.2014,233.7519,0.0957,-0.3036,10.4744,26.1265,232.7444,0.1122,0.4026
2014-11-12T00:36:59.892Z,3.1901,22.838,235.1651,0.0976,0.1395,-6.4143,22.8016,233.2533,0.098,-0.2822,10.4211,26.4081,232.9728,0.1131,0.3957
2014-11-12T00:37:59.840Z,3.4611,23.0899,233.993,0.0984,0.1496,-6.5197,22.7977,233.3518,0.0984,-0.2871,10.1685,25.9504,232.9222,0.1115,0.3928
2014-11-12T00:38:59.196Z,3.4989,22.9573,233.101,0.0985,0.1527,-6.6947,22.6245,233.1996,0.0972,-0.2958,10.2075,25.8841,232.7678,0.1112,0.3947
2014-11-12T00:39:59.766Z,3.7733,23.2135,233.2053,0.1002,0.1639,-6.6039,22.4329,233.1022,0.0967,-0.2938,10.3998,25.8894,232.7568,0.1112,0.4028
2014-11-12T00:40:59.169Z,3.4886,22.861,233.2541,0.0976,0.1546,-6.4938,22.6688,233.1921,0.0974,-0.2846,10.5034,26.294,233.3187,0.1121,0.4012
2014-11-12T00:41:59.585Z,3.1174,22.5931,233.3076,0.0964,0.1409,-6.4803,22.7438,232.6125,0.0977,-0.2844,10.3643,26.3781,233.6022,0.1128,0.3928
2014-11-12T00:42:59.530Z,3.6683,22.617,233.9225,0.0966,0.1635,-6.482,22.5683,232.2587,0.0971,-0.288,10.7135,26.549,233.5914,0.1134,0.4044
2014-11-12T00:43:59.915Z,3.5034,22.8365,233.9988,0.0975,0.1543,-6.6977,22.9512,232.4626,0.0987,-0.2923,10.6342,26.9842,233.4781,0.1154,0.3953
2014-11-12T00:44:59.124Z,3.21,22.402,234.3947,0.0959,0.1437,-6.3701,22.6312,232.471,0.0982,-0.2817,10.3993,26.4335,233.1745,0.1128,0.3946
2014-11-12T00:45:59.839Z,3.5479,22.4243,233.8666,0.0959,0.1602,-6.0036,22.5046,232.8389,0.0965,-0.2649,10.4324,25.7479,233.3611,0.11,0.4077
2014-11-12T00:46:59.809Z,856.6938,1511.0225,241.46,5.2513,0.1738,841.08,1501.62,241.1175,5.2388,-0.0975,864.3513,1512.2425,240.3063,5.2562,0.3288
2014-11-12T00:47:59.936Z,2.7597,23.0564,233.396,0.0985,0.1195,-6.3207,22.6853,233.4226,0.0971,-0.2788,10.1034,25.8133,232.7211,0.1109,0.3911
2014-11-12T00:48:59.046Z,3.9514,23.1345,233.3493,0.0996,0.1727,-6.0255,22.529,233.0526,0.0973,-0.2684,10.4749,26.2146,233.0283,0.1126,0.3998
2014-11-12T00:49:59.162Z,3.4223,22.7107,234.2686,0.0974,0.1526,-6.2284,22.1893,232.7059,0.0955,-0.2793,10.4777,25.7011,232.7499,0.1094,0.4085
2014-11-12T00:50:59.431Z,3.4506,22.9087,233.5951,0.0983,0.1515,-6.3285,22.4361,232.5217,0.0968,-0.2807,10.3946,25.9496,232.7355,0.1114,0.4007
2014-11-12T00:51:59.557Z,3.6326,22.52,233.1485,0.0957,0.1619,-6.9171,22.3594,232.7585,0.0963,-0.3089,10.3502,26.1147,233.3816,0.1115,0.3953
2014-11-12T00:52:59.803Z,3.3607,22.8366,233.172,0.0977,0.1483,-6.4873,22.8101,232.5852,0.0987,-0.2845,10.6247,26.0501,233.6739,0.1115,0.4081
2014-11-12T00:53:59.914Z,2.8197,22.4949,232.356,0.0962,0.126,-6.5585,22.4311,232.5891,0.0968,-0.2915,10.4947,25.958,232.9148,0.1114,0.4043
2014-11-12T00:54:59.288Z,2.8026,22.5961,232.0209,0.0974,0.1242,-6.2815,22.8328,232.8859,0.0978,-0.2747,10.6064,26.3727,233.4148,0.1125,0.4029
2014-11-12T00:55:59.556Z,3.3729,22.5877,231.7288,0.0977,0.1502,-6.6563,22.5036,232.7689,0.0974,-0.2947,10.3954,26.1666,233.9511,0.1117,0.3977
2014-11-12T00:56:59.053Z,3.2163,22.5392,231.7947,0.0975,0.1423,-6.3899,22.867,233.4217,0.0984,-0.2799,10.5412,26.2986,233.7948,0.112,0.4023
2014-11-12T00:57:59.266Z,3.118,22.6402,232.4712,0.0971,0.1395,-6.5084,22.9399,233.8649,0.0982,-0.2849,10.7346,26.3923,234.0801,0.1119,0.4078
2014-11-12T00:58:59.552Z,3.54,22.8633,231.9494,0.0987,0.1561,-6.6169,22.531,233.3894,0.0973,-0.2936,10.3394,26.4135,233.8057,0.1131,0.3921
2014-11-12T00:59:59.771Z,2.9818,22.6761,233.6883,0.0973,0.1323,-6.339,22.6126,232.9015,0.0969,-0.2803,10.4497,25.9487,233.7186,0.111,0.4033
2014-11-12T01:00:59.983Z,3.0843,22.1827,232.8222,0.0957,0.1401,-5.9831,21.8731,232.4718,0.0946,-0.2712,10.536,25.9688,233.2918,0.1111,0.4071
2014-11-12T01:01:59.095Z,3.5562,22.5009,231.7307,0.0975,0.1602,-6.1386,21.876,232.7975,0.095,-0.2801,10.4851,25.5626,233.0088,0.1097,0.4114
2014-11-12T01:02:59.362Z,3.5723,22.4041,231.3058,0.0969,0.1607,-6.0756,21.9901,232.5003,0.0947,-0.2759,10.3639,25.3323,232.2548,0.1094,0.4101
2014-11-12T01:03:59.623Z,3.5682,22.666,230.4805,0.0984,0.1583,-6.1686,21.652,232.5018,0.0932,-0.2827,10.0719,25.1998,232.5815,0.1085,0.4011
2014-11-12T01:04:59.175Z,3.5367,22.2298,231.5256,0.0958,0.1598,-5.9498,22.2148,231.9998,0.0956,-0.2683,10.3714,25.5392,232.8075,0.1092,0.4078
2014-11-12T01:05:59.634Z,3.1627,22.0921,232.3883,0.0951,0.1428,-6.6844,22.4332,232.1654,0.097,-0.2973,10.5023,26.1599,233.3921,0.1117,0.4033
2014-11-12T01:06:59.863Z,3.1061,22.6037,232.3159,0.0974,0.138,-6.2955,22.7452,232.0815,0.0983,-0.2774,10.043,26.0306,233.5862,0.1109,0.3864
2014-11-12T01:07:59.101Z,3.4765,22.4716,232.8559,0.0966,0.1535,-6.7475,22.6829,232.3154,0.0978,-0.2985,10.6483,26.2808,233.8731,0.1123,0.406
2014-11-12T01:08:59.313Z,3.4297,22.266,232.9889,0.0954,0.1531,-6.7099,22.4767,232.4636,0.0974,-0.298,10.306,26.4114,233.9798,0.1131,0.3912
2014-11-12T01:09:59.606Z,3.1978,22.7629,233.3616,0.098,0.1423,-6.2633,22.4276,232.2662,0.0967,-0.2778,10.4066,25.8965,233.8354,0.1102,0.403
2014-11-12T01:10:59.994Z,3.0321,23.092,234.5376,0.098,0.1325,-6.4189,23.0922,232.4312,0.0993,-0.2783,10.0993,25.0691,230.6986,0.1085,0.4026
2014-11-12T01:11:59.316Z,2.802,23.0222,232.7923,0.0985,0.1228,-6.4814,22.7638,232.4609,0.098,-0.2849,10.3229,25.7973,233.1187,0.1108,0.401
2014-11-12T01:12:59.580Z,3.6234,22.8164,232.1123,0.098,0.1591,-6.5653,22.4765,232.2563,0.0971,-0.2924,10.222,26.1954,233.4034,0.1124,0.3902
2014-11-12T01:13:59.918Z,3.7613,23.3288,232.6489,0.1005,0.1622,-6.3839,22.2096,232.7075,0.0957,-0.2858,10.6672,26.1489,233.7194,0.112,0.4083
2014-11-12T01:14:59.087Z,3.5287,22.9143,232.6343,0.0991,0.1548,-6.4782,22.8227,232.9842,0.0979,-0.2858,10.3716,26.2203,233.7372,0.1118,0.3962
2014-11-12T01:15:59.380Z,3.8707,22.7721,232.9185,0.0981,0.1707,-6.1056,22.2844,232.6429,0.0963,-0.2743,10.495,25.7053,233.8765,0.1098,0.41
2014-11-12T01:16:59.585Z,3.7576,22.8188,233.6959,0.0981,0.1651,-6.2464,21.8967,233.0278,0.0944,-0.2849,10.1395,25.4867,233.6802,0.1094,0.398
2014-11-12T01:18:59.182Z,3.786,22.789,233.6848,0.0977,0.1674,-6.1556,22.0993,232.6957,0.0951,-0.2781,10.3187,25.4487,233.4514,0.1092,0.407
2014-11-12T01:19:59.347Z,3.7447,22.6072,233.0056,0.0968,0.1662,-6.1654,22.3814,232.3634,0.0969,-0.2759,10.4773,25.5633,233.4278,0.1093,0.411
2014-11-12T01:20:59.606Z,3.5037,22.884,233.1199,0.0982,0.1552,-6.2733,22.7307,232.5644,0.0981,-0.276,10.3237,26.071,233.7624,0.1118,0.397
2014-11-12T01:21:59.849Z,3.4928,22.6947,231.8535,0.0981,0.155,-6.2701,22.6673,232.314,0.0973,-0.2774,10.2603,25.9235,233.2207,0.1106,0.3962
2014-11-12T01:22:59.071Z,3.4173,22.8472,232.2188,0.0985,0.1496,-6.7382,22.4516,232.2953,0.0972,-0.3004,10.2158,26.059,233.1317,0.112,0.3923
2014-11-12T01:23:59.229Z,3.6995,22.8534,232.5322,0.098,0.162,-6.7873,22.4928,232.03,0.0974,-0.3015,10.2848,25.7214,232.8887,0.1101,0.4001
2014-11-12T01:24:59.518Z,3.4413,22.7695,232.4779,0.0979,0.1501,-6.8668,22.6912,232.2866,0.0978,-0.3029,10.2252,26.0638,232.8489,0.112,0.3922
2014-11-12T01:25:59.973Z,3.6383,22.9897,232.9463,0.0989,0.1594,-6.4311,22.6029,232.35,0.0978,-0.2841,10.4059,25.9937,232.432,0.111,0.4015
2014-11-12T01:26:59.261Z,3.5486,22.8816,233.084,0.0978,0.1551,-6.5543,22.583,232.2914,0.0974,-0.2901,10.116,25.7265,232.8028,0.1108,0.3935
2014-11-12T01:27:59.652Z,3.6178,23.0199,233.1359,0.0984,0.1585,-6.4712,22.3516,231.8859,0.0967,-0.2899,10.3254,25.8245,233.5605,0.1107,0.399
2014-11-12T01:28:59.902Z,3.6222,22.8436,232.2734,0.0979,0.1585,-6.5473,22.9814,231.9137,0.0991,-0.2865,10.5539,26.2166,233.5635,0.1123,0.4034
2014-11-12T01:29:59.100Z,3.4888,22.6875,232.3681,0.0972,0.1561,-6.2877,22.4785,232.2798,0.097,-0.2786,10.421,26.2819,233.9627,0.1117,0.399
2014-11-12T01:30:59.381Z,3.6651,22.8745,232.2451,0.0982,0.16,-6.3227,22.3435,232.3378,0.0965,-0.2827,10.3072,26.0373,234.0062,0.1113,0.3976
2014-11-12T01:31:59.789Z,3.4657,22.9898,232.2855,0.0987,0.1518,-6.7003,22.6601,232.4521,0.0981,-0.2957,10.2329,26.0138,233.3266,0.1111,0.394
2014-11-12T01:32:59.034Z,3.131,22.5403,232.3252,0.0964,0.1401,-6.487,22.536,232.9174,0.0967,-0.2874,10.1855,26.3459,233.0353,0.1135,0.3865
2014-11-12T01:33:59.102Z,3.0945,22.7022,233.861,0.0965,0.1359,-7.2889,22.5374,233.0279,0.0969,-0.323,10.1019,25.9446,233.0495,0.1111,0.39
2014-11-12T01:34:59.355Z,3.4839,22.9577,233.9441,0.0981,0.1527,-6.2678,22.7118,232.8636,0.0982,-0.2747,10.3577,26.042,232.8866,0.1118,0.3993
2014-11-12T01:35:59.668Z,3.5444,22.6864,233.3196,0.0972,0.1566,-6.6031,22.4802,232.8455,0.0974,-0.2903,10.1712,26.062,233.4376,0.1118,0.391
2014-11-12T01:36:59.901Z,3.76,22.8439,233.1693,0.0982,0.1647,-6.7738,22.19,232.3387,0.0958,-0.3043,10.3194,26.0324,233.7518,0.1112,0.3974
2014-11-12T01:37:59.362Z,3.7689,22.9248,233.1587,0.0985,0.1658,-6.387,22.7059,232.3634,0.0985,-0.281,10.5421,26.2871,233.6423,0.1121,0.4017
2014-11-12T01:38:59.528Z,3.7307,22.4606,233.043,0.0957,0.167,-6.5727,22.2264,232.8845,0.0957,-0.2946,10.4596,25.927,233.7315,0.1107,0.4043
2014-11-12T01:39:59.854Z,3.28,22.9096,233.1923,0.0984,0.1436,-6.8015,22.464,232.6049,0.0971,-0.3029,10.3424,26.4441,233.784,0.1134,0.3921
2014-11-12T01:40:59.986Z,3.1651,22.7243,234.0172,0.0963,0.14,-6.7248,22.5468,232.0599,0.097,-0.2982,10.1049,26.3937,234.0317,0.112,0.3826
2014-11-12T01:41:59.105Z,3.7977,23.1576,233.843,0.099,0.1653,-6.7886,22.2315,231.5654,0.0963,-0.305,10.3617,26.0153,234.0073,0.1109,0.398
2014-11-12T01:42:59.291Z,3.8414,23.2701,233.5529,0.0991,0.1653,-6.6705,22.6513,231.7045,0.0978,-0.2939,10.4752,25.9547,234.0296,0.1107,0.4031
2014-11-12T01:43:59.472Z,3.6347,22.5895,233.4,0.0957,0.1609,-6.789,22.7549,231.7852,0.0979,-0.2979,9.8114,25.8044,233.8219,0.1105,0.38
2014-11-12T01:44:59.671Z,3.5379,22.4416,232.3634,0.0963,0.1597,-6.6036,22.3293,231.7623,0.0963,-0.2943,10.351,26.3766,234.2552,0.1127,0.3935
2014-11-12T01:45:59.984Z,3.2251,22.2844,230.7922,0.0964,0.1443,-6.4429,22.4555,231.8285,0.0981,-0.2853,10.0797,26.1693,234.308,0.1114,0.3872
2014-11-12T01:46:59.190Z,2.7918,22.5689,230.9409,0.098,0.124,-6.2489,22.3272,231.7916,0.0968,-0.2792,10.2503,26.2676,234.6575,0.1124,0.3903
2014-11-12T01:47:59.452Z,2.806,22.8213,232.1788,0.0983,0.1232,-6.6183,22.6976,231.5339,0.0982,-0.2913,10.063,26.3853,234.8523,0.1123,0.3812
2014-11-12T01:48:59.622Z,3.0315,22.9057,232.5032,0.0978,0.1313,-6.3026,22.3006,231.5376,0.0961,-0.2822,10.1278,26.4328,235.0883,0.1122,0.3835
2014-11-12T01:49:59.839Z,3.2885,22.962,232.934,0.099,0.1436,-6.2902,21.9379,231.5266,0.0948,-0.2865,10.6201,26.306,234.9626,0.1119,0.4032
2014-11-12T01:50:59.939Z,3.0286,23.056,233.6135,0.0991,0.1305,-6.9603,22.215,231.9054,0.0963,-0.3122,10.2966,26.3343,235.0623,0.1118,0.3907
2014-11-12T01:51:59.154Z,3.102,22.9912,234.2957,0.0982,0.1356,-6.0312,22.8369,232.1128,0.0987,-0.2653,10.5099,26.3696,234.9935,0.1124,0.3984
2014-11-12T01:52:59.407Z,3.305,22.9816,233.948,0.0981,0.1462,-6.5695,22.2957,232.0936,0.096,-0.2945,10.2931,26.2359,234.8734,0.1113,0.3927
2014-11-12T01:53:59.578Z,3.3545,22.5724,233.061,0.0961,0.1483,-6.7072,22.7811,232.2855,0.0986,-0.2953,10.1078,25.9968,234.1185,0.1105,0.3886
2014-11-12T01:54:59.818Z,3.039,22.5822,233.3477,0.0967,0.1364,-6.3496,22.4839,232.0053,0.0974,-0.2828,10.489,26.4883,233.4817,0.113,0.3956
2014-11-12T01:55:59.097Z,3.0218,22.2997,233.0788,0.0946,0.1365,-6.0426,22.2882,231.821,0.096,-0.2711,10.7952,26.8387,233.2423,0.1148,0.4018
2014-11-12T01:56:59.388Z,3.3422,22.6487,232.0321,0.0974,0.1478,-6.3351,22.397,231.9139,0.0966,-0.2831,10.5153,26.3781,233.3195,0.1132,0.399
2014-11-12T01:57:59.442Z,3.3722,22.7603,232.584,0.0968,0.1504,-6.9562,22.2146,231.7379,0.0952,-0.3129,10.2537,26.03,233.4532,0.111,0.3936
2014-11-12T01:58:59.540Z,3.842,22.6783,232.6553,0.0975,0.1702,-6.7184,22.337,231.762,0.0968,-0.3002,10.6884,26.2982,233.5141,0.1127,0.4059
2014-11-12T01:59:59.929Z,3.3292,22.9214,233.2795,0.0978,0.1471,-6.2751,22.8916,232.0474,0.0989,-0.2746,10.4648,25.8561,233.2589,0.1112,0.4042
2014-11-12T02:00:59.597Z,3.489,22.2581,233.2711,0.0953,0.1575,-5.9683,21.6782,231.9733,0.0939,-0.2738,10.3492,25.7899,233.418,0.11,0.4013
2014-11-12T02:01:59.779Z,3.7335,22.6136,232.8567,0.0967,0.1656,-6.1309,22.2951,231.6045,0.0971,-0.2753,10.4271,25.7137,233.5936,0.11,0.4054
2014-11-12T02:02:59.989Z,3.7043,22.1497,232.9653,0.0955,0.1686,-6.3355,22.2314,231.5116,0.0962,-0.2852,10.4548,25.6107,233.751,0.1094,0.4094
2014-11-12T02:03:59.225Z,3.6397,22.3237,231.7235,0.0961,0.164,-6.2261,21.8035,231.8237,0.0945,-0.285,10.501,25.8016,233.8488,0.1098,0.4083
2014-11-12T02:04:59.473Z,3.8264,22.3516,231.4555,0.0968,0.172,-6.1773,22.0873,231.9302,0.0953,-0.2792,10.6724,25.8676,233.6515,0.1107,0.4151
2014-11-12T02:05:59.795Z,3.4611,22.5807,231.632,0.097,0.1547,-6.6113,22.5776,231.7289,0.0976,-0.2929,10.3378,26.4509,233.4544,0.1128,0.3913
2014-11-12T02:06:59.975Z,3.5462,22.6603,231.1794,0.098,0.1557,-6.52,22.2379,231.3636,0.0963,-0.2923,10.3557,26.105,233.0107,0.1117,0.397
2014-11-12T02:07:59.257Z,3.6839,22.7335,231.6983,0.0982,0.1632,-6.2923,22.6771,231.0885,0.0985,-0.2786,10.3214,25.9576,233.0135,0.1113,0.3975
2014-11-12T02:08:59.473Z,3.4315,22.8648,232.7806,0.0979,0.1516,-6.5532,22.3534,231.1448,0.0967,-0.2924,10.3279,26.0507,232.9505,0.1116,0.3965
2014-11-12T02:09:59.984Z,3.424,23.0101,233.5092,0.098,0.15,-6.1454,22.6021,231.056,0.0977,-0.2739,10.1824,26.1105,233.1525,0.112,0.3904
2014-11-12T02:10:59.253Z,3.4245,22.8571,234.2461,0.0976,0.1499,-6.6085,22.4685,228.9202,0.0974,-0.2942,10.7892,26.6214,233.512,0.1136,0.4065
2014-11-12T02:11:59.603Z,3.2162,23.1795,233.5077,0.0995,0.1387,-6.2143,22.4426,230.5287,0.0975,-0.2771,10.4431,26.0427,233.0927,0.1118,0.4005
2014-11-12T02:12:59.760Z,3.3349,22.8719,233.1513,0.0978,0.1469,-6.5247,22.2949,231.0122,0.0965,-0.2928,10.5895,26.5095,232.7183,0.1135,0.4
2014-11-12T02:13:59.013Z,3.5984,22.7422,232.9684,0.0975,0.1597,-6.4854,22.557,230.9198,0.0977,-0.2872,10.255,25.5803,233.1309,0.1095,0.4012
2014-11-12T02:14:59.282Z,3.5437,22.7976,231.997,0.0984,0.1562,-6.1851,22.7184,232.1429,0.0987,-0.2719,10.4896,26.3402,233.2535,0.1132,0.3987
2014-11-12T02:15:59.504Z,3.718,22.7851,232.4667,0.098,0.1632,-6.6296,22.3827,232.1603,0.0967,-0.296,10.3084,25.6717,232.7236,0.1106,0.4015
2014-11-12T02:16:59.825Z,3.5462,22.8088,232.7162,0.0981,0.1562,-6.1975,22.0798,232.0991,0.0955,-0.2807,10.3011,25.5421,232.8438,0.1095,0.4042
2014-11-12T02:17:59.924Z,3.7138,22.5748,232.4372,0.0968,0.1642,-6.5313,21.9887,232.1901,0.0952,-0.2963,10.2933,25.8974,232.8939,0.1111,0.3994
2014-11-12T02:18:59.263Z,3.7862,22.3127,233.3692,0.0952,0.172,-5.9887,22.181,232.3078,0.0958,-0.2692,10.7623,25.9623,233.083,0.1116,0.4158
2014-11-12T02:19:59.451Z,3.7169,22.4546,233.2947,0.0963,0.1656,-6.1922,21.8462,232.5567,0.0944,-0.2807,10.2261,25.4406,233.2998,0.1085,0.4028
2014-11-12T02:20:59.713Z,3.6722,22.8087,233.1504,0.0981,0.162,-5.982,22.6394,232.4556,0.0971,-0.2636,10.2937,25.7612,233.4165,0.1101,0.4001
2014-11-12T02:21:59.980Z,3.4434,22.6088,232.436,0.0976,0.1528,-6.4722,22.7939,232.602,0.0986,-0.2844,10.0018,26.1387,233.2673,0.1122,0.3825
2014-11-12T02:22:59.210Z,3.4174,22.554,232.7661,0.0971,0.1513,-6.617,22.7957,232.9399,0.098,-0.2908,10.1905,26.1057,233.6379,0.1114,0.3909
2014-11-12T02:23:59.653Z,3.5631,22.7279,232.7279,0.0978,0.1572,-6.4715,22.7833,232.6036,0.0982,-0.2844,10.5159,25.8943,233.4949,0.111,0.4071
2014-11-12T02:24:59.026Z,3.7091,22.6834,232.5768,0.0976,0.1635,-6.6042,22.7196,232.8827,0.098,-0.2901,10.1789,25.8368,233.436,0.1106,0.3951
2014-11-12T02:25:59.431Z,3.5158,22.8374,232.8818,0.0981,0.1548,-5.9694,22.4185,232.9542,0.0961,-0.2657,10.4284,25.9975,233.4565,0.1114,0.4016
2014-11-12T02:26:59.589Z,3.8297,22.3417,233.2689,0.0954,0.1724,-6.0311,21.7866,232.9824,0.0934,-0.2762,10.3602,25.2444,233.382,0.108,0.4121
2014-11-12T02:27:59.846Z,3.9917,22.1106,233.1487,0.0951,0.1814,-5.7573,21.9032,232.4479,0.0943,-0.2632,10.4573,25.2282,233.0327,0.1081,0.4159
2014-11-12T02:28:59.025Z,3.6865,22.4098,233.1868,0.096,0.1656,-6.0326,21.6443,232.5457,0.0929,-0.2768,10.3823,25.3297,233.1542,0.1087,0.4109
2014-11-12T02:29:59.394Z,3.3172,22.3081,231.871,0.0962,0.1503,-6.0641,22.2435,232.8206,0.0963,-0.2729,10.3623,25.4167,233.2246,0.1089,0.4091
2014-11-12T02:30:59.581Z,3.7126,22.5276,231.6585,0.097,0.1646,-6.3819,22.0089,232.9509,0.0945,-0.2887,10.3259,25.9074,233.5535,0.1107,0.4
2014-11-12T02:31:59.741Z,3.4851,22.4416,231.2337,0.097,0.1569,-6.3754,22.0917,232.9695,0.095,-0.2888,10.8535,26.1253,233.4184,0.1117,0.417
2014-11-12T02:32:59.914Z,3.4203,22.3917,230.4597,0.0977,0.1539,-6.1022,21.8905,233.2026,0.0941,-0.2782,10.5867,25.3154,233.4566,0.1082,0.4189
2014-11-12T02:33:59.369Z,3.2072,22.626,232.4491,0.0969,0.1419,-6.0716,22.6568,232.6749,0.0975,-0.2667,10.3216,25.706,233.4812,0.1098,0.4027
2014-11-12T02:34:59.924Z,3.914,23.4471,232.9618,0.1004,0.1679,-6.0633,22.8893,232.6118,0.0987,-0.2657,10.256,25.9543,233.5185,0.1112,0.3959
2014-11-12T02:35:59.298Z,3.5847,22.7087,232.9556,0.0969,0.1581,-6.4427,22.253,232.5983,0.0958,-0.289,10.446,25.8231,233.5034,0.111,0.4052
2014-11-12T02:36:59.610Z,3.491,22.2639,233.5446,0.0944,0.1566,-6.298,22.4412,232.7512,0.0968,-0.2803,10.3078,25.8769,233.4516,0.1104,0.4002
2014-11-12T02:37:59.078Z,3.693,22.5644,233.429,0.0965,0.1645,-6.3318,22.6278,232.9559,0.0972,-0.2798,10.3788,25.4056,233.3997,0.1085,0.4095
2014-11-12T02:38:59.498Z,3.5688,22.5468,232.6385,0.0974,0.1596,-5.7562,22.274,232.9849,0.0963,-0.2573,10.5533,25.4478,233.5559,0.1088,0.416
2014-11-12T02:39:59.770Z,3.5561,22.6245,232.0904,0.0972,0.1593,-6.3541,22.2906,232.5972,0.0962,-0.285,10.3044,26.0173,233.333,0.1114,0.3974
2014-11-12T02:41:59.188Z,3.0275,22.7886,232.0581,0.0982,0.135,-6.4304,22.3663,232.5164,0.0964,-0.2884,10.5024,26.1216,233.2328,0.1121,0.4022
2014-11-12T02:42:59.508Z,3.455,23.0764,232.6278,0.0993,0.1504,-6.6336,22.5405,231.5684,0.0973,-0.2953,10.5815,26.6426,234.188,0.1138,0.3979
2014-11-12T02:43:59.815Z,3.3474,22.6337,232.7988,0.0973,0.1485,-6.2771,22.4497,231.6229,0.0973,-0.2786,10.2946,26.0933,233.6378,0.1119,0.3961
2014-11-12T02:44:59.150Z,3.0782,23.3478,233.079,0.1002,0.1316,-6.5499,22.5189,231.6029,0.0976,-0.2905,10.4442,26.3116,233.6228,0.1126,0.3972
2014-11-12T02:45:59.356Z,3.5277,22.8277,232.5056,0.0981,0.1555,-5.9429,22.6473,231.5924,0.0982,-0.2639,10.4719,26.1388,233.7402,0.1117,0.4017
2014-11-12T02:46:59.485Z,3.6882,23.06,232.7768,0.0986,0.1598,-6.8294,22.4104,231.6607,0.0971,-0.3041,10.5454,25.9717,234.0044,0.1103,0.4061
2014-11-12T02:47:59.730Z,3.6379,22.7739,232.4657,0.098,0.1609,-6.6401,22.4262,231.1451,0.0973,-0.2949,10.4259,26.3882,234.1267,0.1123,0.3951
2014-11-12T02:48:59.893Z,3.7657,22.5173,231.3811,0.0971,0.1676,-6.4839,22.2309,231.3635,0.096,-0.2913,10.3297,25.8588,233.976,0.1105,0.4006
2014-11-12T02:49:59.122Z,3.2477,22.5128,232.0195,0.0977,0.1459,-6.3712,22.5897,231.2688,0.098,-0.2816,10.2885,26.1096,233.9224,0.1115,0.3944
2014-11-12T02:50:59.431Z,2.8402,22.7672,231.338,0.0989,0.1243,-6.5222,22.7017,231.7214,0.0976,-0.2883,10.6018,26.6303,233.8997,0.1134,0.3979
2014-11-12T02:51:59.648Z,3.0968,22.9633,231.8068,0.0996,0.1347,-6.4985,22.3322,231.8454,0.0964,-0.2901,10.2847,26.0198,233.9267,0.1112,0.3959
2014-11-12T02:52:59.883Z,2.8302,22.7344,231.9871,0.0981,0.1251,-6.4172,22.7457,231.9604,0.0988,-0.2832,10.5383,26.3347,233.8737,0.113,0.4006
2014-11-12T02:53:59.158Z,2.6932,22.6106,231.6228,0.0972,0.1205,-6.5158,22.9423,232.692,0.0994,-0.2844,10.2309,25.8992,233.6912,0.1101,0.3946
2014-11-12T02:54:59.405Z,3.3911,22.6035,231.1441,0.098,0.151,-6.0274,22.6528,232.7307,0.0977,-0.267,10.6321,26.4127,233.7889,0.1128,0.4032
2014-11-12T02:55:59.856Z,3.4865,22.6954,230.0982,0.0986,0.1544,-6.2676,22.8389,232.8809,0.0982,-0.2743,10.3486,26.1003,234.1498,0.1112,0.3963
2014-11-12T02:56:59.035Z,3.2122,22.3319,229.634,0.0968,0.143,-6.4978,22.6949,232.6682,0.0976,-0.2861,10.4605,26.4256,234.1449,0.1123,0.3957
2014-11-12T02:57:59.268Z,3.3847,22.6845,229.9674,0.0983,0.149,-6.6064,22.5046,232.4295,0.0967,-0.2928,10.1672,25.9729,234.26,0.1112,0.3916
2014-11-12T02:58:59.379Z,3.2762,22.1973,229.5315,0.0962,0.149,-6.5229,22.5272,232.447,0.0977,-0.2873,10.5353,26.2246,233.9954,0.112,0.4023
2014-11-12T02:59:59.590Z,3.2566,22.225,230.5041,0.0966,0.1472,-6.8021,22.4556,232.1947,0.0976,-0.3022,10.2967,26.2251,233.8833,0.1121,0.392
