2014-11-23T00:00:59.347Z,3.9451,18.8582,230.9473,0.081,0.2098,-2.9705,15.6877,231.3683,0.0677,-0.1872,11.3352,21.0468,232.1295,0.09,0.5404
2014-11-23T00:01:59.462Z,3.9669,18.9645,230.7332,0.0824,0.2088,-2.8684,15.3163,231.2555,0.0661,-0.1833,11.3739,20.8237,232.6171,0.0895,0.5479
2014-11-23T00:02:59.693Z,3.8234,19.0216,231.1077,0.0815,0.2002,-2.7684,15.3467,231.7785,0.0662,-0.1787,11.2816,20.759,233.1717,0.0888,0.5441
2014-11-23T00:03:59.994Z,4.0032,19.1043,231.7041,0.0824,0.2088,-2.7727,15.4286,231.8537,0.0661,-0.1768,11.5162,21.1787,233.4072,0.0912,0.545
2014-11-23T00:04:59.443Z,3.5205,18.8255,232.5577,0.0812,0.1855,-2.6112,15.4581,233.1065,0.0662,-0.1658,11.3389,20.9774,233.2653,0.0894,0.5418
2014-11-23T00:05:59.556Z,3.5461,19.1194,232.9859,0.0819,0.184,-2.6719,15.2331,233.5521,0.0656,-0.1732,11.195,20.2995,232.9136,0.087,0.5529
2014-11-23T00:06:59.827Z,3.4326,18.605,232.54,0.0797,0.1837,-2.412,15.1886,233.5176,0.0652,-0.1553,11.2713,20.7614,232.6837,0.0891,0.5445
2014-11-23T00:07:59.218Z,3.4436,18.3765,232.1348,0.0798,0.1874,-2.9535,15.7609,233.036,0.0676,-0.1808,11.3415,21.1484,232.2497,0.091,0.5361
2014-11-23T00:08:59.487Z,3.2931,18.5,229.474,0.0807,0.1762,-2.8767,15.6847,232.0793,0.0677,-0.1807,11.2896,20.8215,232.4385,0.0886,0.5445
2014-11-23T00:09:59.592Z,3.8149,18.948,228.3669,0.083,0.2004,-2.7428,15.4372,231.3957,0.0657,-0.1756,11.1797,20.937,232.9409,0.09,0.5361
2014-11-23T00:10:59.938Z,3.778,18.6418,229.0612,0.081,0.2012,-2.9107,15.624,231.4988,0.0674,-0.1823,11.3399,20.9273,233.3002,0.0894,0.544
2014-11-23T00:11:59.151Z,3.7729,18.7292,229.8223,0.0812,0.2008,-2.9423,15.7011,231.8792,0.0679,-0.1824,11.2737,21.1511,233.2033,0.0905,0.5336
2014-11-23T00:12:59.432Z,3.6913,18.8619,230.3229,0.0817,0.1946,-2.8815,15.3269,231.6401,0.0661,-0.1876,11.1407,20.6552,232.6424,0.0889,0.5412
2014-11-23T00:13:59.577Z,3.7909,18.8446,230.3483,0.0813,0.2006,-2.9028,15.0233,232.0063,0.0645,-0.1901,11.1565,20.6302,232.5105,0.0889,0.5417
2014-11-23T00:14:59.716Z,3.8994,18.9329,230.0912,0.0819,0.2044,-2.9794,15.4183,231.7322,0.0667,-0.1885,11.215,20.7524,232.5994,0.089,0.5433
2014-11-23T00:15:59.222Z,4.1792,18.9759,230.7376,0.0823,0.2189,-2.569,15.4121,231.908,0.0665,-0.1666,11.4877,20.8437,232.7079,0.0899,0.5537
2014-11-23T00:16:59.468Z,4.0003,19.0934,230.4544,0.0825,0.2084,-2.7236,15.0989,231.9416,0.0655,-0.1779,11.3809,20.5604,232.5855,0.0882,0.5547
2014-11-23T00:17:59.754Z,3.8414,18.9389,230.5329,0.0812,0.2016,-2.8583,15.218,231.9595,0.0656,-0.1826,11.4956,20.7999,232.8461,0.0889,0.5537
2014-11-23T00:18:59.285Z,4.0066,18.9427,231.2303,0.0816,0.2106,-3.0181,15.6148,231.9195,0.0677,-0.1924,11.3111,20.8903,232.9534,0.0894,0.5433
2014-11-23T00:19:59.911Z,3.5495,18.4453,231.8032,0.0796,0.1924,-2.7202,15.3403,232.5554,0.0662,-0.1743,11.3016,20.6059,232.6507,0.0881,0.5506
2014-11-23T00:20:59.993Z,3.6672,18.8776,231.7347,0.0815,0.1934,-2.771,15.1905,232.3302,0.0653,-0.178,11.2464,20.601,232.45,0.0884,0.5472
2014-11-23T00:21:59.221Z,4.0372,18.7671,230.3745,0.0814,0.2146,-2.877,15.1022,231.5967,0.065,-0.1873,11.3108,20.4783,232.8262,0.0878,0.5542
2014-11-23T00:22:59.591Z,4.0529,18.8303,230.6919,0.0813,0.2145,-2.7605,15.3018,231.6038,0.0658,-0.1765,11.2462,20.6009,233.4951,0.0879,0.5485
2014-11-23T00:23:59.782Z,4.0174,18.9597,230.8457,0.0824,0.2114,-2.5628,15.0403,232.1114,0.0646,-0.1683,11.1595,20.6801,233.902,0.0879,0.542
2014-11-23T00:24:59.948Z,3.9501,18.7983,231.1438,0.0807,0.21,-2.6414,15.1429,232.4956,0.0648,-0.1717,11.2591,20.5235,233.9288,0.0878,0.5507
2014-11-23T00:25:59.230Z,3.9918,19.1566,231.0712,0.0824,0.208,-2.9449,15.4809,232.3468,0.0664,-0.1874,11.1966,20.8852,233.4238,0.0891,0.5373
2014-11-23T00:26:59.479Z,3.7578,18.6232,229.9963,0.0814,0.2006,-2.7952,15.3887,232.1566,0.066,-0.1788,11.2719,20.8736,233.0636,0.0894,0.5426
2014-11-23T00:27:59.834Z,3.7918,18.6927,230.1213,0.0814,0.2013,-3.1779,15.5521,232.1562,0.0671,-0.2006,11.3383,20.8151,232.788,0.0894,0.5463
2014-11-23T00:28:59.037Z,3.8897,18.9301,230.4674,0.0822,0.2048,-2.8121,15.3339,232.328,0.0658,-0.1799,11.2684,20.8422,233.2664,0.0889,0.5417
2014-11-23T00:29:59.149Z,3.564,18.5986,229.9234,0.0807,0.1915,-2.8322,15.2171,232.2285,0.0655,-0.1815,11.1229,20.584,233.3071,0.0877,0.5417
2014-11-23T00:30:59.556Z,4.0181,19.0147,229.8225,0.0823,0.2105,-2.8048,15.3099,232.3651,0.0657,-0.1813,11.276,20.7941,233.5105,0.0889,0.5428
2014-11-23T00:31:59.934Z,4.1535,18.8121,229.2743,0.0819,0.2212,-2.6376,15.1518,232.1049,0.0659,-0.1734,11.4946,20.6168,233.6165,0.0872,0.5593
2014-11-23T00:32:59.177Z,3.8163,19.0626,229.378,0.0827,0.1992,-2.7961,15.1658,231.6817,0.0656,-0.1833,11.2174,20.5306,233.233,0.0876,0.5487
2014-11-23T00:33:59.436Z,3.5787,18.7966,229.6395,0.0813,0.1894,-2.6676,15.0523,231.5684,0.0656,-0.1744,11.1527,20.9748,233.5216,0.0895,0.5328
2014-11-23T00:34:59.782Z,3.8398,18.8852,229.696,0.0819,0.2027,-2.4705,15.7211,232.1882,0.0676,-0.1569,11.2641,20.6287,233.1804,0.0879,0.5482
2014-11-23T00:35:59.127Z,3.7789,18.6682,229.8868,0.0811,0.2015,-2.6057,15.2581,232.674,0.0658,-0.1705,11.3411,20.6852,232.5506,0.0886,0.5505
2014-11-23T00:36:59.439Z,3.8797,19.0138,229.5468,0.0826,0.2035,-2.9688,15.5376,232.6541,0.0669,-0.1903,11.1544,20.7557,232.1734,0.0891,0.5386
2014-11-23T00:37:59.630Z,3.9317,18.9868,230.077,0.0824,0.2072,-2.8784,15.2663,232.8566,0.066,-0.1848,11.2307,20.4888,232.2006,0.0879,0.5493
2014-11-23T00:38:59.880Z,3.7546,18.7403,228.7337,0.0817,0.1993,-2.7471,15.3186,233.1476,0.0656,-0.1774,11.3021,20.6664,232.2574,0.0884,0.5468
2014-11-23T00:39:59.059Z,3.862,18.8639,228.4985,0.0822,0.2037,-2.9484,15.4765,232.9584,0.0668,-0.1877,11.3673,20.6887,232.308,0.0882,0.5508
2014-11-23T00:40:59.437Z,3.6444,19.0472,229.3902,0.0827,0.1907,-2.7734,15.317,232.9561,0.0657,-0.1765,11.2556,20.7878,232.9897,0.0894,0.5421
2014-11-23T00:41:59.529Z,3.7993,18.8297,229.6603,0.0817,0.2009,-2.8617,15.4672,233.3903,0.0661,-0.1817,11.2983,20.8556,233.5998,0.0895,0.5436
2014-11-23T00:42:59.850Z,3.6693,18.9296,230.8041,0.0818,0.1934,-2.8411,15.365,233.0583,0.0656,-0.1807,11.3538,20.5851,233.6448,0.0883,0.5526
2014-11-23T00:43:59.412Z,3.9144,18.8708,231.2474,0.0817,0.2059,-2.5855,15.5889,233.3273,0.0669,-0.1637,11.2278,20.8504,233.75,0.089,0.5409
2014-11-23T00:44:59.607Z,4.0071,18.9937,231.4228,0.0818,0.2106,-2.6042,15.6103,233.2311,0.0665,-0.1611,11.2935,20.7296,233.6705,0.0887,0.546
2014-11-23T00:45:59.091Z,3.8497,18.9051,231.2667,0.0814,0.2028,-2.7096,15.2948,233.3864,0.0659,-0.1742,11.2926,20.9187,233.9158,0.0893,0.5416
2014-11-23T00:46:59.419Z,3.9606,18.9773,230.5508,0.0821,0.2083,-2.8283,15.7085,232.9216,0.0672,-0.1765,11.2683,20.8497,233.2892,0.0891,0.5421
2014-11-23T00:47:59.650Z,3.8059,18.815,230.5466,0.0814,0.201,-2.9613,15.4335,232.809,0.0666,-0.189,11.3756,20.6579,232.6996,0.0883,0.5518
2014-11-23T00:48:59.876Z,4.1281,19.2089,230.658,0.0833,0.2141,-2.8528,15.3661,233.2073,0.0663,-0.1836,11.1834,20.599,233.1064,0.0874,0.5444
2014-11-23T00:49:59.438Z,3.8695,18.8022,230.7889,0.0814,0.2052,-2.8201,15.261,233.3149,0.0654,-0.1805,11.4375,20.9645,233.1365,0.0896,0.5467
2014-11-23T00:50:59.734Z,4.0062,19.0519,230.4384,0.0821,0.2103,-2.7005,15.3203,232.8549,0.0656,-0.1741,11.2705,20.65,233.0683,0.0884,0.5482
2014-11-23T00:51:59.099Z,3.9129,19.1585,230.6543,0.0824,0.204,-2.8078,15.3037,232.5984,0.0654,-0.1802,11.2829,20.6376,232.9097,0.0885,0.5476
2014-11-23T00:52:59.273Z,3.8961,18.9165,230.2922,0.0819,0.2041,-2.7686,15.2635,232.742,0.0654,-0.1798,11.2648,20.5972,232.9001,0.0878,0.5487
2014-11-23T00:53:59.520Z,3.7933,18.836,229.9211,0.0816,0.2001,-2.732,15.1269,232.5887,0.0652,-0.1777,11.3362,20.5743,232.8236,0.0885,0.5529
2014-11-23T00:54:59.052Z,3.8718,18.8032,230.1053,0.082,0.2046,-2.8219,15.0304,231.9722,0.0646,-0.1845,11.4643,20.8855,232.5046,0.09,0.5503
2014-11-23T00:55:59.349Z,3.8547,18.9357,229.8981,0.0821,0.2038,-2.8873,15.3751,231.85,0.0664,-0.1852,11.3984,20.5822,231.8497,0.0883,0.5548
2014-11-23T00:56:59.557Z,3.956,18.998,230.916,0.0817,0.2078,-2.8339,15.4423,231.917,0.0668,-0.1798,11.2871,20.8561,232.0164,0.09,0.5419
2014-11-23T00:57:59.868Z,3.8107,18.8323,230.5051,0.0814,0.2012,-2.7989,15.2596,231.7977,0.066,-0.1799,11.4851,20.7482,231.8602,0.0891,0.5546
2014-11-23T00:58:59.113Z,4.0297,19.1949,229.9146,0.0831,0.2096,-2.8017,15.2576,231.7424,0.0663,-0.1815,11.1881,20.2852,231.4797,0.0868,0.5526
2014-11-23T00:59:59.360Z,3.8749,18.9418,229.9031,0.082,0.2046,-2.9793,15.1293,231.7446,0.0654,-0.195,11.3798,20.714,232.0738,0.0898,0.5505
