2014-12-13T00:00:59.964Z,1238.41,1620.6449,229.2249,7.0701,0.764,1287.7208,1696.1882,229.5587,7.3888,0.7594,1737.3579,2212.0864,228.6751,9.6731,0.7856
2014-12-13T00:01:59.626Z,1228.3112,1604.0774,228.8585,7.0087,0.7658,1298.5253,1702.4151,229.7478,7.4102,0.7627,1731.1008,2212.4563,228.521,9.6818,0.7806
2014-12-13T00:02:59.261Z,1228.8374,1596.2556,228.9101,6.9734,0.7701,1300.8339,1705.1251,229.4945,7.4302,0.7622,1727.047,2205.2544,227.9125,9.6757,0.7813
2014-12-13T00:03:59.560Z,1228.5863,1588.3519,228.5312,6.9501,0.7729,1308.5778,1708.6151,229.3343,7.45,0.7668,1722.3983,2198.2823,227.3806,9.6682,0.7826
2014-12-13T00:04:59.891Z,1220.4958,1576.6646,228.6179,6.8967,0.7744,1320.5166,1718.4007,229.539,7.4868,0.7687,1722.0012,2208.334,227.4303,9.7098,0.7799
2014-12-13T00:05:59.141Z,1222.7142,1594.5944,229.5011,6.948,0.7661,1308.1877,1708.2193,229.3188,7.4487,0.7658,1734.6317,2218.0783,228.0539,9.7266,0.7807
2014-12-13T00:06:59.638Z,1228.5799,1605.5477,229.5421,6.9949,0.7654,1299.4014,1701.0338,229.3017,7.4181,0.7633,1738.2727,2215.2073,228.0302,9.7136,0.7842
2014-12-13T00:07:59.196Z,1240.686,1604.94,229.5097,6.9933,0.7722,1307.2301,1718.5812,229.7883,7.4796,0.7611,1723.2611,2200.5658,227.5211,9.6716,0.7819
2014-12-13T00:08:59.527Z,1254.2333,1615.1602,229.8791,7.0263,0.7758,1302.7263,1720.5517,229.7189,7.4897,0.7573,1716.2431,2183.2719,226.6708,9.6316,0.7867
2014-12-13T00:09:59.759Z,1256.8304,1617.7986,230.0268,7.0328,0.7769,1298.3441,1712.8484,228.8986,7.4831,0.7593,1718.5641,2177.5751,226.264,9.6234,0.7899
2014-12-13T00:10:59.975Z,1253.6443,1623.8828,230.2399,7.0529,0.7727,1297.3839,1712.3678,229.2018,7.4707,0.7579,1729.5848,2194.367,227.2796,9.6546,0.7891
2014-12-13T00:11:59.202Z,1242.5165,1613.1466,230.1967,7.0082,0.77,1308.0252,1720.8457,229.3718,7.5024,0.7602,1727.2197,2207.2493,228.1136,9.6765,0.7807
2014-12-13T00:12:59.716Z,1235.9894,1610.5056,229.8269,7.0076,0.7684,1305.8307,1709.6806,229.1243,7.462,0.7631,1739.755,2217.6192,228.1693,9.7193,0.7843
2014-12-13T00:13:59.008Z,1227.3511,1599.2306,229.5807,6.9658,0.7672,1313.5474,1713.0442,229.3087,7.4699,0.7671,1740.3564,2224.4969,228.1074,9.7519,0.7825
2014-12-13T00:14:59.291Z,1229.2899,1595.408,229.0027,6.9662,0.7706,1317.5424,1718.4539,229.9008,7.4747,0.7672,1736.5623,2223.3291,228.1389,9.7454,0.7801
2014-12-13T00:15:59.020Z,1241.4003,1601.8256,229.0522,6.9931,0.7756,1317.0309,1725.491,230.1738,7.4965,0.7622,1726.1887,2206.0354,227.5025,9.6967,0.7812
2014-12-13T00:16:59.162Z,1239.8008,1609.334,229.2123,7.0213,0.7704,1306.7712,1710.1309,229.4986,7.4519,0.7639,1740.2829,2215.0704,227.8197,9.7229,0.7859
2014-12-13T00:17:59.338Z,1250.4812,1633.2638,230.0863,7.099,0.7661,1289.9066,1700.2952,229.5522,7.4065,0.7591,1746.6978,2215.3011,228.096,9.7127,0.7897
2014-12-13T00:18:59.850Z,1249.9277,1636.9834,230.512,7.1016,0.7633,1281.082,1700.8121,229.7682,7.4018,0.7531,1736.6896,2206.5623,228.5534,9.6551,0.7879
2014-12-13T00:19:59.393Z,1254.9797,1635.7525,230.3208,7.102,0.7676,1293.848,1710.3821,229.7451,7.4442,0.7564,1741.3311,2211.6737,228.5439,9.677,0.7896
2014-12-13T00:20:59.592Z,1241.3934,1626.4273,230.1438,7.0666,0.7625,1284.274,1696.8127,229.8264,7.3829,0.7572,1740.8544,2212.89,228.7751,9.6721,0.7883
2014-12-13T00:21:59.019Z,1234.6211,1610.4635,229.8461,7.0064,0.7671,1301.1439,1706.8734,229.5982,7.4343,0.7622,1739.2699,2219.0822,228.6661,9.7036,0.7828
2014-12-13T00:22:59.348Z,1226.0762,1606.2233,229.2847,7.0058,0.7626,1301.8032,1692.8891,228.8979,7.3957,0.769,1753.8656,2231.1644,228.8609,9.749,0.7864
2014-12-13T00:23:59.708Z,1238.8851,1622.1324,229.9339,7.0546,0.7632,1293.9644,1691.6886,228.6179,7.3996,0.7649,1757.6632,2228.348,228.8561,9.7367,0.7897
2014-12-13T00:24:59.912Z,1236.3923,1623.3023,230.0596,7.0554,0.7617,1285.9748,1684.4776,228.5859,7.3693,0.7638,1755.7828,2223.3879,228.6821,9.7226,0.7902
2014-12-13T00:25:59.275Z,1242.8347,1622.8907,229.9233,7.059,0.7662,1293.1269,1696.9052,228.9581,7.411,0.7621,1747.4334,2215.7807,228.7519,9.686,0.7894
2014-12-13T00:26:59.929Z,1255.9148,1624.3893,229.9679,7.0636,0.7731,1304.7009,1719.4261,229.4591,7.4932,0.7588,1730.5593,2201.9092,228.4633,9.638,0.7861
2014-12-13T00:27:59.133Z,1252.3136,1617.7885,229.4561,7.0504,0.774,1312.2994,1723.4776,229.6161,7.5056,0.7616,1731.7667,2207.163,228.4861,9.6594,0.7847
2014-12-13T00:28:59.608Z,1265.5041,1641.9914,230.1638,7.1337,0.7708,1293.4879,1713.8194,229.754,7.4589,0.754,1735.7596,2199.9278,228.4266,9.6308,0.7899
2014-12-13T00:29:59.921Z,1255.8944,1633.7258,229.8134,7.1094,0.7692,1285.8848,1695.6968,229.3026,7.3946,0.7589,1743.0853,2203.9296,228.1689,9.659,0.7903
2014-12-13T00:30:59.119Z,1252.6951,1628.5958,229.3414,7.1009,0.7694,1295.9527,1696.235,229.1016,7.4041,0.7633,1755.2225,2216.9389,227.8851,9.7284,0.7905
2014-12-13T00:31:59.324Z,1250.8909,1612.8566,229.3274,7.0323,0.7762,1308.6497,1708.6486,229.0419,7.46,0.7656,1739.7668,2204.0717,227.117,9.7046,0.7901
2014-12-13T00:33:59.531Z,1258.8288,1627.2518,229.0528,7.1043,0.7736,1292.9131,1690.9462,228.4739,7.4009,0.7649,1747.1647,2199.3926,227.1781,9.6811,0.7935
2014-12-13T00:34:59.855Z,1257.5202,1635.6692,229.7809,7.1184,0.7686,1299.8431,1706.6671,229.4488,7.4379,0.7612,1751.7016,2217.5959,228.1417,9.7199,0.79
2014-12-13T00:35:59.096Z,1243.2176,1629.6018,229.8893,7.0886,0.7624,1297.1026,1701.4548,229.8164,7.4037,0.762,1759.1394,2237.0847,229.0299,9.7677,0.788
2014-12-13T00:36:59.372Z,1258.14,1637.6679,230.4062,7.1077,0.7683,1305.9173,1720.1396,229.8358,7.4839,0.7597,1749.9806,2226.3153,228.7436,9.7324,0.7876
2014-12-13T00:37:59.600Z,1240.425,1618.1171,229.5122,7.0498,0.7664,1298.6184,1695.919,228.9249,7.4082,0.766,1752.147,2222.065,228.4678,9.7258,0.7883
2014-12-13T00:38:59.857Z,1253.5373,1616.6416,228.459,7.076,0.7756,1317.5496,1708.6913,228.7228,7.47,0.7707,1754.395,2218.4668,227.8389,9.737,0.7906
2014-12-13T00:39:59.315Z,1252.8229,1620.6818,228.5343,7.0917,0.7726,1306.7872,1697.956,228.4878,7.4311,0.77,1754.2464,2214.8236,228.0287,9.7131,0.7916
2014-12-13T00:40:59.567Z,1256.1963,1626.1947,228.3426,7.122,0.7722,1313.1633,1700.9701,228.7624,7.4358,0.7717,1767.3824,2228.6432,228.1726,9.7672,0.7918
2014-12-13T00:41:59.914Z,1227.339,1594.6767,228.0013,6.9942,0.7694,1313.4496,1692.834,229.0461,7.3908,0.7763,1758.4333,2232.0018,228.1472,9.7829,0.7891
2014-12-13T00:42:59.062Z,1231.8142,1595.0556,227.9961,6.996,0.7719,1337.6451,1714.6043,229.2948,7.4776,0.7799,1771.0274,2252.8351,228.3385,9.8668,0.7873
2014-12-13T00:43:59.356Z,1226.172,1592.1322,229.3263,6.9426,0.7701,1323.2739,1716.7977,229.7664,7.4719,0.7714,1745.1381,2231.319,228.3279,9.7723,0.7814
2014-12-13T00:44:59.679Z,1246.2009,1610.2342,229.6486,7.0118,0.773,1334.751,1734.3124,229.9208,7.5434,0.7688,1752.7006,2234.781,228.2442,9.7909,0.7837
2014-12-13T00:45:59.916Z,1238.3059,1602.477,229.8529,6.9717,0.7721,1320.1128,1729.3279,230.1267,7.5142,0.763,1730.1161,2214.896,228.2227,9.7052,0.7803
2014-12-13T00:46:59.501Z,1252.671,1607.1661,230.1394,6.9835,0.7796,1344.6966,1757.8635,230.3007,7.6328,0.7644,1733.5539,2221.073,227.8785,9.747,0.7801
2014-12-13T00:47:59.806Z,1246.9912,1607.0046,230.2501,6.9796,0.7759,1325.0569,1742.3206,230.4851,7.559,0.76,1722.1759,2206.6008,227.9606,9.6796,0.78
2014-12-13T00:48:59.034Z,1257.2953,1621.6778,230.3811,7.0388,0.7754,1334.8593,1753.9706,230.9253,7.5955,0.7606,1736.1753,2223.2508,228.2887,9.739,0.7804
2014-12-13T00:49:59.398Z,1254.107,1620.1621,230.4434,7.0309,0.7736,1314.8076,1737.4038,230.5278,7.5363,0.7572,1724.339,2203.8706,228.0637,9.6634,0.7811
2014-12-13T00:50:59.627Z,1271.3804,1632.762,229.9894,7.0988,0.7791,1321.9606,1735.3232,230.0601,7.5423,0.762,1741.6079,2207.5501,227.306,9.7116,0.7898
2014-12-13T00:51:59.901Z,1260.483,1621.8951,230.535,7.0352,0.7769,1317.3697,1739.566,230.3978,7.55,0.7573,1723.8049,2199.3901,227.7651,9.656,0.7829
2014-12-13T00:52:59.211Z,1261.478,1617.7567,230.0194,7.0333,0.7795,1339.9869,1755.8992,230.6737,7.6123,0.7632,1732.8627,2216.4278,228.0322,9.72,0.7819
2014-12-13T00:53:59.959Z,1234.8744,1584.0309,228.9038,6.9203,0.78,1347.9975,1751.3153,230.8108,7.5871,0.7693,1727.0925,2220.9554,227.9967,9.7409,0.7792
2014-12-13T00:54:59.192Z,1245.2122,1597.7511,229.2743,6.9688,0.7792,1352.0392,1756.4029,230.5712,7.6178,0.7701,1736.1264,2228.0549,228.1565,9.7655,0.7799
2014-12-13T00:55:59.534Z,1249.4707,1613.1031,230.4618,6.9994,0.7749,1329.7164,1747.2501,230.5486,7.5784,0.762,1728.4757,2215.3931,228.3599,9.7014,0.7802
2014-12-13T00:56:59.873Z,1252.6464,1619.9954,230.5632,7.0256,0.773,1331.3793,1743.4057,230.2458,7.572,0.7627,1743.8578,2227.1822,228.1748,9.7608,0.7827
2014-12-13T00:57:59.093Z,1242.4726,1614.2292,230.7483,6.996,0.7699,1324.8464,1738.3982,230.4839,7.5423,0.7609,1740.2452,2226.776,228.2785,9.7547,0.7805
2014-12-13T00:58:59.690Z,1258.7385,1625.831,230.5289,7.0529,0.7751,1325.1686,1738.7736,230.073,7.5577,0.7616,1741.5299,2220.8531,228.1862,9.7325,0.7837
2014-12-13T00:59:59.195Z,1264.3421,1630.206,230.4591,7.0734,0.7757,1315.4419,1732.3083,229.7116,7.5411,0.7597,1733.6558,2204.4763,227.9276,9.6713,0.7881
2014-12-13T01:00:59.531Z,1262.603,1630.7616,230.6046,7.0719,0.774,1319.8143,1737.9216,229.7286,7.5647,0.7592,1736.8674,2212.8431,228.1692,9.6979,0.7851
2014-12-13T01:01:59.826Z,1254.2834,1617.9931,230.7551,7.0116,0.7753,1333.2787,1758.1073,230.2801,7.6346,0.7586,1724.4074,2215.0309,228.4211,9.6972,0.7793
2014-12-13T01:02:59.312Z,1253.8407,1630.1267,230.8881,7.0603,0.7696,1317.3147,1732.6981,229.2997,7.5562,0.7615,1744.9892,2224.891,228.6326,9.7313,0.7843
2014-12-13T01:03:59.883Z,1244.2052,1634.1267,230.7558,7.0812,0.7612,1302.3418,1695.3032,227.415,7.4544,0.7689,1774.9492,2243.9067,229.1303,9.7933,0.7908
2014-12-13T01:04:59.111Z,1247.8245,1605.2685,230.3319,6.969,0.7775,1344.9866,1764.1257,230.3418,7.6588,0.7623,1720.0305,2216.6163,228.4109,9.7041,0.7766
2014-12-13T01:05:59.465Z,1252.4912,1599.8539,229.272,6.9779,0.7824,1351.5051,1759.1958,229.7763,7.6554,0.769,1730.1953,2216.1354,227.9348,9.7228,0.7801
2014-12-13T01:06:59.687Z,1243.326,1592.5758,228.5461,6.9686,0.7806,1345.5938,1744.5468,229.5751,7.5988,0.7706,1732.3469,2218.589,228.0959,9.7266,0.7806
2014-12-13T01:07:59.876Z,1255.5507,1613.9366,229.2976,7.0388,0.7786,1337.9081,1745.8246,229.7962,7.5974,0.7658,1739.5336,2222.641,228.3761,9.7322,0.781
2014-12-13T01:08:59.090Z,1253.2235,1617.1689,229.8484,7.0364,0.7747,1327.4404,1741.6873,230.0761,7.5702,0.7621,1732.5469,2216.1329,228.5464,9.6972,0.7801
2014-12-13T01:09:59.461Z,1263.9119,1629.7689,230.2223,7.0789,0.776,1333.5671,1750.031,229.7702,7.6168,0.7612,1739.5414,2223.3792,228.6729,9.7232,0.7812
2014-12-13T01:10:59.778Z,1253.6824,1617.8761,230.2823,7.0251,0.7753,1331.9282,1749.2347,229.9861,7.6057,0.761,1731.548,2217.3114,228.5937,9.6993,0.7799
2014-12-13T01:11:59.175Z,1259.2666,1620.6286,230.1634,7.0409,0.7775,1345.1303,1759.0793,230.25,7.6402,0.7647,1742.6324,2231.3403,228.4311,9.7681,0.78
2014-12-13T01:12:59.528Z,1256.0727,1628.1272,230.4677,7.0646,0.7712,1320.0504,1736.4202,229.8986,7.5536,0.7603,1742.6873,2225.3326,228.8699,9.7229,0.7813
2014-12-13T01:13:59.749Z,1259.358,1640.497,230.5197,7.1169,0.7678,1324.73,1732.8397,229.6977,7.5442,0.7643,1767.649,2249.517,229.2683,9.8117,0.7864
2014-12-13T01:14:59.102Z,1248.2524,1632.7328,230.5998,7.0802,0.7643,1313.6009,1717.973,229.1921,7.4957,0.7637,1762.4774,2242.4373,229.3489,9.777,0.7862
2014-12-13T01:15:59.346Z,1264.1292,1651.0352,230.9617,7.1488,0.7661,1320.024,1725.0454,229.0088,7.5322,0.766,1779.6667,2254.6556,229.4908,9.8246,0.79
2014-12-13T01:16:59.772Z,1254.253,1641.794,230.8159,7.1129,0.7639,1310.8046,1714.816,228.9633,7.4889,0.7644,1770.4228,2246.062,229.5462,9.7844,0.7897
2014-12-13T01:17:59.489Z,1271.5644,1661.2138,231.2349,7.1843,0.7649,1318.0079,1731.1243,229.4674,7.5442,0.7609,1777.5492,2252.9881,229.5997,9.8126,0.7889
2014-12-13T01:18:59.713Z,1265.4579,1652.1376,231.175,7.1469,0.7666,1308.2672,1731.9869,230.148,7.5251,0.7553,1754.1054,2234.4419,229.4851,9.7367,0.7852
2014-12-13T01:19:59.125Z,1268.5487,1651.1118,230.683,7.1574,0.7687,1328.8896,1744.1916,230.2564,7.5751,0.761,1768.6085,2254.7944,229.7817,9.8133,0.7833
2014-12-13T01:20:59.299Z,1255.5209,1637.9151,230.3567,7.1102,0.7668,1320.0419,1732.1294,230.0524,7.529,0.7617,1758.45,2241.8331,229.4812,9.7692,0.783
2014-12-13T01:21:59.426Z,1270.5716,1643.1836,230.4579,7.1302,0.7728,1341.2143,1758.1246,230.1898,7.638,0.7625,1757.8678,2245.8625,229.3862,9.791,0.7817
2014-12-13T01:22:59.707Z,1256.7324,1627.0633,230.2943,7.0647,0.7717,1337.0213,1752.4536,230.1299,7.6151,0.7622,1745.8894,2238.0694,229.3582,9.7573,0.78
2014-12-13T01:23:59.934Z,1265.4023,1627.754,230.018,7.0762,0.7773,1358.1089,1768.9493,230.0717,7.6883,0.768,1755.3927,2246.9009,229.0241,9.8106,0.78
2014-12-13T01:24:59.239Z,1254.5129,1615.4329,229.6888,7.0329,0.777,1345.0166,1747.3719,229.3884,7.6172,0.7701,1752.0376,2235.2912,228.6025,9.7776,0.7833
2014-12-13T01:25:59.487Z,1280.7606,1648.7303,230.2961,7.159,0.7773,1340.2207,1746.9904,229.1229,7.6248,0.7676,1766.2292,2235.8007,228.5038,9.7843,0.79
2014-12-13T01:26:59.851Z,1280.1842,1650.2219,230.4089,7.1619,0.7763,1319.8399,1732.3984,228.8529,7.5698,0.7608,1751.8806,2214.2437,228.2391,9.701,0.7902
2014-12-13T01:27:59.039Z,1292.2618,1658.7564,229.8695,7.2158,0.7793,1329.757,1733.1855,228.504,7.5851,0.768,1773.6169,2228.643,227.9556,9.7768,0.7959
2014-12-13T01:28:59.355Z,1280.4246,1651.1137,230.0542,7.177,0.7757,1317.9282,1724.3541,228.9471,7.5316,0.7644,1764.45,2223.9357,228.0286,9.7526,0.7933
2014-12-13T01:29:59.765Z,1284.6397,1649.2339,229.6981,7.1797,0.7792,1336.2132,1741.9699,229.2412,7.599,0.7677,1767.3216,2232.0132,227.8348,9.7969,0.7904
2014-12-13T01:30:59.055Z,1283.0222,1645.0678,230.2252,7.1456,0.7796,1329.419,1748.2064,229.7834,7.6071,0.7609,1745.9852,2213.9701,227.6711,9.7246,0.79
2014-12-13T01:31:59.265Z,1282.0443,1638.0902,230.3306,7.1116,0.782,1354.3751,1773.9903,230.3473,7.7018,0.7637,1746.8192,2226.0923,227.7458,9.7746,0.7841
2014-12-13T01:32:59.427Z,1261.7161,1613.4761,229.2642,7.0374,0.7812,1363.1229,1769.8216,230.6959,7.6714,0.7701,1745.6713,2234.8432,227.9897,9.8023,0.7802
2014-12-13T01:33:59.777Z,1264.1662,1617.7409,228.7223,7.073,0.781,1369.0523,1766.4504,230.3279,7.6686,0.7749,1765.1577,2253.2814,228.3977,9.8646,0.782
2014-12-13T01:34:59.018Z,1255.978,1613.684,228.8392,7.0512,0.7786,1362.3638,1761.4303,230.6018,7.6385,0.7731,1763.5081,2258.1259,228.9062,9.8652,0.7801
2014-12-13T01:35:59.304Z,1274.4163,1636.3014,229.8833,7.1178,0.7788,1357.6316,1767.6849,230.4791,7.6693,0.7687,1762.3543,2249.1171,228.7142,9.8333,0.783
2014-12-13T01:36:59.620Z,1280.0496,1642.7832,230.3807,7.1307,0.7794,1348.9832,1768.3996,230.3831,7.6756,0.7622,1751.2376,2235.0614,228.5479,9.7791,0.7826
2014-12-13T01:37:59.944Z,1283.7086,1648.7126,230.1306,7.1646,0.7792,1345.5507,1758.6218,230.1749,7.6404,0.7656,1764.9418,2240.7664,228.2828,9.8152,0.7889
2014-12-13T01:38:59.121Z,844.8322,1106.8496,231.2271,4.8009,0.5385,874.8713,1155.7453,230.6687,5.0228,0.5317,1254.0247,1572.1164,229.6158,6.8721,0.8296
2014-12-13T01:39:59.382Z,3.093,43.8954,232.2864,0.1888,0.0712,2.5463,30.4146,232.0612,0.1316,0.0857,23.5022,50.1885,232.0898,0.2164,0.2386
2014-12-13T01:40:59.819Z,3.3432,44.117,233.0771,0.1895,0.0784,3.2014,31.7876,232.4953,0.1368,0.1018,3.4009,32.7005,232.4439,0.1405,0.1097
2014-12-13T01:41:59.668Z,2.6143,43.9877,232.9393,0.1893,0.0593,2.8459,30.1052,232.6356,0.1293,0.1005,3.1603,31.6332,232.3467,0.1359,0.1049
2014-12-13T01:42:59.026Z,2.5799,44.4022,232.9398,0.1908,0.0582,2.7357,30.2006,232.741,0.1298,0.0886,3.4658,31.9286,232.4363,0.137,0.1134
2014-12-13T01:43:59.223Z,2.6679,43.5927,233.0553,0.1871,0.0615,2.4298,29.582,232.8432,0.1269,0.0867,3.4268,34.6189,232.2769,0.1481,0.1038
2014-12-13T01:44:59.770Z,2.8514,44.0086,232.9427,0.1891,0.0643,2.8029,30.2603,232.6607,0.1299,0.0984,3.6978,30.1359,232.6744,0.1295,0.1292
2014-12-13T01:45:59.054Z,2.1703,44.4464,232.2062,0.1912,0.049,2.3116,29.7609,232.5986,0.1278,0.085,3.2149,32.1629,232.4962,0.1384,0.1044
2014-12-13T01:46:59.441Z,2.5709,44.6691,231.4691,0.193,0.0579,2.959,31.7483,232.2764,0.1372,0.0951,3.3832,31.6965,232.098,0.1366,0.1139
2014-12-13T01:47:59.794Z,3.3734,43.8334,231.0124,0.1899,0.0773,2.5362,31.4559,232.2178,0.1358,0.0863,3.52,31.864,232.4163,0.1375,0.1158
2014-12-13T01:48:59.343Z,2.8107,44.2878,231.1637,0.1917,0.0628,2.5506,30.9552,231.3527,0.1337,0.0894,2.9032,31.6808,232.1231,0.1367,0.0953
2014-12-13T01:49:59.536Z,2.5924,44.6986,231.5927,0.1929,0.0598,2.6734,30.495,231.8411,0.1314,0.0896,3.5489,31.8178,232.4063,0.1365,0.1143
2014-12-13T01:50:59.761Z,2.8256,43.8653,231.7178,0.1893,0.0636,2.7201,30.8435,232.4207,0.1325,0.0932,3.1368,33.1579,232.3373,0.1427,0.1002
2014-12-13T01:51:59.216Z,3.264,44.5393,232.4876,0.1913,0.0742,2.7531,32.3202,232.5137,0.139,0.089,3.1514,32.5382,232.3886,0.1392,0.099
2014-12-13T01:52:59.526Z,2.5729,44.0102,233.1481,0.1885,0.0597,2.4503,32.8022,233.0529,0.1412,0.0847,3.1923,32.0867,233.2836,0.1377,0.102
2014-12-13T01:53:59.703Z,2.4951,44.4468,233.251,0.1907,0.0559,2.2967,30.7115,232.8809,0.1316,0.0813,3.5414,32.1672,233.6878,0.1372,0.1137
2014-12-13T01:54:59.965Z,3.3519,44.5924,232.914,0.1911,0.0759,2.8334,32.3523,232.5008,0.1389,0.0859,3.2335,33.122,233.4327,0.1423,0.1043
2014-12-13T01:55:59.206Z,2.731,44.5417,232.32,0.1913,0.0609,2.3851,30.6448,232.5676,0.1321,0.0832,3.5482,32.0641,233.1807,0.137,0.1143
2014-12-13T01:56:59.376Z,2.4249,44.7811,232.8968,0.1924,0.0545,2.6629,30.6695,232.8516,0.1312,0.0951,2.9023,31.7843,233.289,0.1363,0.0975
2014-12-13T01:57:59.169Z,2.9378,44.8015,232.7667,0.1923,0.0673,3.396,31.4777,231.9749,0.1352,0.1079,3.5664,32.3007,233.2149,0.1385,0.116
2014-12-13T01:58:59.616Z,2.6188,43.8741,232.8051,0.1882,0.0581,2.5204,30.1609,231.8078,0.13,0.0886,3.4992,31.3025,233.6126,0.1338,0.116
2014-12-13T01:59:59.915Z,1.7879,43.868,233.495,0.1879,0.04,2.7312,30.1226,231.0439,0.1307,0.0962,3.2198,32.4465,233.8897,0.1388,0.1097
2014-12-13T02:00:59.263Z,2.9338,44.2423,233.5323,0.1892,0.0641,2.0824,30.655,228.723,0.1342,0.07,3.417,33.3609,234.3127,0.1423,0.1028
2014-12-13T02:01:59.665Z,2.8713,44.0896,232.9412,0.1896,0.0653,2.9055,30.8675,231.7064,0.1327,0.0986,3.5488,31.3211,233.2411,0.1343,0.1192
2014-12-13T02:02:59.049Z,2.5073,43.5892,232.7334,0.1878,0.0597,3.3493,31.822,231.6686,0.1377,0.1042,3.2722,31.715,233.0432,0.136,0.1079
2014-12-13T02:03:59.217Z,2.694,44.0204,232.3789,0.1899,0.0597,2.3826,29.9448,230.8957,0.1296,0.0807,3.1279,32.723,233.4547,0.1403,0.104
2014-12-13T02:04:59.356Z,2.7632,44.1826,232.949,0.1896,0.0624,2.8213,29.562,231.176,0.1279,0.1033,3.5727,34.0942,233.6285,0.1456,0.1033
2014-12-13T02:05:59.628Z,2.1696,44.1164,232.9968,0.1897,0.0499,2.9822,32.2654,230.9851,0.1396,0.0935,3.4796,32.4323,233.3954,0.1388,0.1134
2014-12-13T02:06:59.865Z,2.5163,45.1602,233.2704,0.1936,0.0568,2.5948,31.3267,231.0937,0.1357,0.0868,3.6596,32.1921,233.5064,0.1378,0.115
2014-12-13T02:07:59.954Z,2.4588,44.5977,233.4768,0.1913,0.0558,3.2782,30.856,231.5774,0.1332,0.1127,3.6175,33.5422,233.3348,0.1437,0.1099
2014-12-13T02:08:59.180Z,3.0625,44.1653,233.2161,0.1896,0.0712,2.793,31.4772,231.8865,0.1362,0.0954,2.9854,30.9121,233.4124,0.1328,0.1021
2014-12-13T02:09:59.032Z,3.2192,44.5756,233.4214,0.1908,0.0718,2.4127,30.9319,231.5434,0.1329,0.0819,3.9088,32.0319,233.5599,0.1375,0.122
2014-12-13T02:10:59.198Z,2.3316,44.8912,233.0573,0.1929,0.0527,2.3342,29.6627,231.4709,0.1284,0.0855,3.6666,33.6277,233.2958,0.1446,0.1109
2014-12-13T02:11:59.954Z,2.491,44.1655,232.7532,0.1896,0.0548,3.192,31.0007,231.8321,0.134,0.1014,3.3435,34.023,233.401,0.1457,0.1042
2014-12-13T02:12:59.135Z,2.4458,43.8057,232.7677,0.1887,0.0557,2.4303,31.5828,231.7344,0.1363,0.082,3.363,31.961,233.2947,0.137,0.1101
2014-12-13T02:13:59.350Z,2.3556,45.0134,232.2974,0.194,0.0519,3.3079,29.9122,232.1246,0.1288,0.1127,3.6343,32.9529,233.2489,0.1416,0.1107
2014-12-13T02:14:59.592Z,2.5086,43.6351,231.3081,0.1885,0.0575,2.9921,33.3919,232.3171,0.1443,0.0935,3.0222,31.8136,233.1912,0.1359,0.1045
2014-12-13T02:15:59.829Z,3.4644,43.7496,231.2248,0.189,0.0792,3.1753,30.2664,232.7204,0.1303,0.1011,3.4487,32.7164,232.6376,0.1403,0.1097
2014-12-13T02:16:59.063Z,3.3651,44.1931,231.2082,0.1912,0.0758,2.6863,31.7112,232.392,0.1362,0.0842,3.2613,32.6953,232.2203,0.1408,0.1054
2014-12-13T02:17:59.322Z,2.8751,44.3436,232.0958,0.191,0.0657,2.6248,31.0416,232.2345,0.1335,0.0948,3.1584,32.5534,232.2048,0.1398,0.0987
2014-12-13T02:18:59.606Z,2.4367,44.8549,233.0382,0.1928,0.0534,2.4892,30.0712,231.7854,0.1296,0.0897,3.0902,31.6295,231.6968,0.1364,0.1009
2014-12-13T02:19:59.193Z,2.8259,44.199,233.1472,0.1898,0.0638,2.7882,31.1941,231.9852,0.1347,0.0931,2.9853,33.7937,232.0862,0.1458,0.0952
2014-12-13T02:20:59.530Z,2.6818,44.7862,233.4247,0.1914,0.0604,2.1601,31.8607,231.8355,0.1375,0.0731,3.219,33.2435,232.7037,0.1437,0.1046
2014-12-13T02:21:59.707Z,2.2527,43.5464,232.8901,0.187,0.0509,2.2258,29.1852,231.2696,0.1264,0.0793,3.0146,32.1901,232.8627,0.1382,0.1007
2014-12-13T02:22:59.995Z,2.3252,44.3098,232.9865,0.1898,0.051,3.1646,31.7388,231.8866,0.1367,0.1037,3.6736,31.6786,232.4655,0.1359,0.1211
2014-12-13T02:23:59.219Z,3.3358,43.4104,232.8316,0.1863,0.0764,2.0472,29.4831,232.1306,0.1269,0.0759,3.8181,32.6814,232.0662,0.1409,0.1207
2014-12-13T02:24:59.433Z,3.4073,42.8952,232.5212,0.1843,0.0788,2.6796,31.3325,232.0787,0.1349,0.0877,3.5355,32.7365,232.0415,0.1408,0.1145
2014-12-13T02:25:59.669Z,2.5446,44.8132,232.8336,0.1924,0.0568,2.9781,29.8385,232.2289,0.1284,0.102,3.4854,32.4974,232.1575,0.1405,0.1103
2014-12-13T02:26:59.895Z,1.989,43.4141,232.6646,0.1865,0.0478,2.5193,31.0696,232.5619,0.1336,0.0869,3.2569,32.3658,232.3166,0.1397,0.1076
2014-12-13T02:27:59.355Z,3.3085,44.4009,232.6846,0.1909,0.0725,3.2751,31.4537,232.6369,0.1349,0.1125,3.3691,32.744,232.1988,0.1412,0.1022
2014-12-13T02:28:59.473Z,2.2935,43.7324,232.4801,0.1876,0.0524,2.9459,31.0199,232.5133,0.1332,0.0989,3.2707,32.5596,232.2458,0.1402,0.1066
2014-12-13T02:29:59.705Z,2.4789,44.6045,232.0914,0.1922,0.0554,3.3398,30.3031,232.2076,0.1302,0.1136,3.3021,32.66,232.3989,0.1405,0.1045
2014-12-13T02:30:59.002Z,3.1501,43.7314,232.0493,0.1879,0.0732,2.5364,31.9416,232.1802,0.1374,0.0852,3.2254,32.239,232.4788,0.1391,0.1044
2014-12-13T02:31:59.409Z,3.0642,44.3798,231.6193,0.1916,0.0693,2.6845,31.7085,232.3833,0.1356,0.0888,2.9813,32.6126,232.4677,0.1402,0.0963
2014-12-13T02:32:59.601Z,2.3362,44.32,231.7651,0.1915,0.0534,3.0859,30.2889,232.4784,0.1301,0.1045,3.5595,33.2707,232.7596,0.1425,0.1093
2014-12-13T02:33:59.256Z,2.7624,44.3719,231.6479,0.1913,0.0627,2.9909,32.4683,232.6552,0.1398,0.092,3.1867,31.9932,233.0222,0.137,0.1047
2014-12-13T02:34:59.055Z,2.7866,43.8373,230.6471,0.1896,0.0636,2.6114,30.4468,232.712,0.1312,0.0926,3.4501,33.2979,232.8466,0.1435,0.1096
2014-12-13T02:35:59.238Z,2.372,43.6169,231.3532,0.1886,0.054,3.1214,32.8347,232.9929,0.1409,0.0971,3.2267,32.369,232.9529,0.1395,0.1058
2014-12-13T02:36:59.509Z,2.9652,44.0116,231.301,0.1902,0.0668,2.009,32.2499,233.2416,0.1384,0.0702,3.149,33.0203,233.379,0.1415,0.1032
2014-12-13T02:37:59.951Z,3.5554,44.1505,230.9511,0.1911,0.0796,2.412,32.0687,233.1375,0.1373,0.0823,3.5423,32.2718,233.1682,0.1382,0.1129
2014-12-13T02:38:59.258Z,2.6352,43.5994,231.1614,0.1884,0.0622,2.8581,30.0986,232.8586,0.129,0.0973,3.19,33.7534,232.6068,0.1449,0.1026
2014-12-13T02:39:59.457Z,2.2602,43.7992,231.0247,0.1897,0.0519,3.1848,31.5548,232.9026,0.1353,0.1,3.1245,32.4799,232.5202,0.1398,0.1009
2014-12-13T02:40:59.717Z,2.9441,42.9646,230.8995,0.1855,0.0693,2.9318,32.2869,232.3714,0.1389,0.0907,3.7486,32.9771,232.9402,0.1416,0.1209
2014-12-13T02:41:59.054Z,3.0629,44.5573,230.9823,0.1931,0.0691,3.2563,31.6913,232.108,0.1368,0.0998,3.335,33.0248,232.8754,0.1419,0.1064
2014-12-13T02:42:59.854Z,3.3842,43.6853,230.9305,0.1886,0.0764,2.561,30.3255,232.4914,0.13,0.0886,3.4848,32.9747,233.1383,0.1421,0.1103
2014-12-13T02:43:59.115Z,2.118,43.4162,231.1822,0.1879,0.0488,2.5718,32.2513,231.9697,0.1392,0.0862,2.8323,32.5124,233.4367,0.1389,0.0999
2014-12-13T02:44:59.571Z,2.7088,44.6803,232.0745,0.1926,0.0596,2.7918,29.9107,230.8468,0.13,0.0988,3.654,34.2986,233.9959,0.146,0.1078
2014-12-13T02:45:59.093Z,3.2816,43.8986,232.1963,0.1892,0.0762,3.1473,31.1169,230.1979,0.1353,0.1049,3.5181,32.7666,234.3477,0.1396,0.1111
2014-12-13T02:46:59.597Z,3.4366,44.9084,232.1468,0.1935,0.0745,2.2145,30.1446,229.7948,0.1313,0.0797,3.2393,32.2337,234.1607,0.1377,0.1012
2014-12-13T02:47:59.840Z,2.441,43.9108,231.3595,0.1901,0.0559,2.6161,29.5801,229.7341,0.1289,0.0909,3.1753,31.2359,233.977,0.1336,0.1024
2014-12-13T02:48:59.154Z,2.542,45.2689,231.8894,0.1953,0.0558,2.7254,27.8613,229.6727,0.1218,0.1021,2.9772,29.4781,233.8507,0.1261,0.1012
2014-12-13T02:49:59.455Z,2.8871,44.8792,231.4379,0.1942,0.0643,2.3178,31.5708,229.5974,0.1377,0.0787,2.9657,32.2359,233.6558,0.138,0.1016
2014-12-13T02:50:59.653Z,2.5227,43.7615,231.2745,0.1895,0.0576,2.9813,30.7443,230.0476,0.1335,0.1027,81.3864,87.7748,233.6513,0.3755,0.9118
2014-12-13T02:51:59.830Z,2.3938,43.8434,231.2684,0.1891,0.0529,2.53,29.407,230.4626,0.1271,0.0916,83.9766,90.3749,233.3999,0.3871,0.9296
2014-12-13T02:52:59.458Z,2.8797,44.2849,231.28,0.1916,0.0659,2.6169,31.6151,230.676,0.1374,0.0863,83.72,89.64,233.7392,0.3837,0.9348
2014-12-13T02:53:59.139Z,2.8488,44.171,231.9623,0.1909,0.0649,3.334,30.1412,231.1451,0.13,0.1106,84.3612,91.1253,234.0734,0.3899,0.927
2014-12-13T02:54:59.450Z,2.3568,44.2147,231.8321,0.1908,0.0543,3.1512,32.5359,231.2322,0.1405,0.097,83.7825,90.066,234.0218,0.3847,0.9309
2014-12-13T02:55:59.729Z,2.5254,45.0825,231.7812,0.1942,0.0547,2.6658,30.2272,231.0977,0.1304,0.092,83.4718,89.7968,233.6328,0.3838,0.9298
2014-12-13T02:56:59.878Z,2.8697,43.5975,232.7763,0.1871,0.0641,2.6377,31.4853,228.9863,0.1374,0.0897,84.4235,90.7444,234.899,0.3863,0.9321
2014-12-13T02:57:59.062Z,2.8788,44.3374,232.1009,0.1915,0.0656,2.6174,31.5482,231.2875,0.1367,0.0879,84.5776,90.6073,234.1407,0.3872,0.9336
2014-12-13T02:58:59.238Z,3.3276,43.6951,231.8079,0.1887,0.0749,2.9704,30.8484,228.8435,0.1343,0.0992,83.8992,90.6035,234.4129,0.3868,0.927
2014-12-13T02:59:59.860Z,3.6435,44.1362,232.3555,0.1903,0.0821,2.591,30.9684,228.4913,0.1358,0.0905,82.6321,88.4698,231.8409,0.3811,0.9354
