2014-11-26T00:18:59.784Z,1338.9963,1743.9954,229.8457,7.5052,0.773,1454.1899,1903.5785,231.6067,8.1409,0.7672,1839.1615,2396.1879,230.6026,10.3168,0.7694
2014-11-26T00:19:59.054Z,1294.5113,1660.3132,228.7523,7.2578,0.7799,1430.691,1837.4699,231.3468,7.9422,0.7787,1809.7571,2338.0109,230.2166,10.1548,0.7738
2014-11-26T00:20:59.287Z,1327.8884,1683.0252,228.3246,7.3711,0.7887,1454.881,1856.8274,230.7924,8.0453,0.7831,1829.9866,2348.7998,229.8479,10.2184,0.7798
2014-11-26T00:21:59.489Z,1175.2289,1500.7069,228.8883,6.5644,0.7078,1286.8361,1646.702,230.8155,7.142,0.6786,1669.7693,2131.1848,230.7582,9.2463,0.7959
2014-11-26T00:22:59.625Z,5.2798,63.7807,231.6733,0.2753,0.0842,-7.3172,59.6037,232.3607,0.2566,-0.1252,51.6752,93.6299,233.9186,0.4009,0.4277
2014-11-26T00:23:59.800Z,4.9021,62.261,231.8931,0.2691,0.079,-7.4047,57.4218,232.8605,0.2465,-0.1335,12.0637,60.1273,234.3556,0.2571,0.204
2014-11-26T00:24:59.021Z,5.366,65.2676,231.9246,0.2817,0.0837,-6.5713,59.0858,232.6004,0.2543,-0.1143,12.078,63.3864,234.0365,0.2708,0.1942
2014-11-26T00:25:59.231Z,5.4364,64.8977,231.4689,0.2808,0.0837,-6.8541,59.8367,231.4789,0.2588,-0.1162,11.6502,62.0725,233.2832,0.2661,0.1872
2014-11-26T00:26:59.651Z,4.8825,65.0275,230.9257,0.2815,0.0756,-6.7314,58.3744,231.0186,0.2527,-0.1187,11.6643,59.473,232.614,0.2556,0.1984
2014-11-26T00:27:59.841Z,4.8884,65.5635,231.341,0.2831,0.0748,-6.5881,57.7846,230.1978,0.2511,-0.1173,11.7887,59.5857,232.892,0.2556,0.2
2014-11-26T00:28:59.187Z,4.7449,65.9666,231.4632,0.2853,0.072,-6.5941,59.1731,230.9022,0.2561,-0.1132,11.6284,60.5913,233.3347,0.2593,0.1937
2014-11-26T00:29:59.574Z,5.3527,64.732,231.619,0.2799,0.084,-6.6128,58.6685,231.8237,0.2527,-0.1175,11.7668,60.6696,232.9992,0.2603,0.1954
2014-11-26T00:30:59.825Z,4.8379,65.1045,231.4884,0.2815,0.0766,-6.7489,59.3486,231.562,0.256,-0.1159,11.4941,59.7708,232.253,0.2573,0.1945
2014-11-26T00:31:59.185Z,5.4286,64.8227,231.4741,0.2793,0.0852,-6.7907,59.8624,229.7167,0.2604,-0.1147,11.5102,59.8353,232.2808,0.2582,0.1937
2014-11-26T00:32:59.364Z,4.8035,64.478,230.8304,0.2789,0.0769,-6.7509,58.2066,229.0266,0.2548,-0.1187,11.2935,60.7188,231.9692,0.2616,0.1878
2014-11-26T00:33:59.636Z,4.8911,65.7379,229.7484,0.2859,0.0754,-6.8423,58.3543,230.0803,0.254,-0.1189,10.7248,59.7037,231.0403,0.2584,0.1822
2014-11-26T00:34:59.852Z,5.2802,65.9929,230.0179,0.287,0.0796,-7.1751,58.97,228.1164,0.2588,-0.1225,11.593,62.0552,231.5604,0.2685,0.1878
2014-11-26T00:35:59.042Z,5.2684,66.1717,229.8926,0.2881,0.0791,-6.266,59.9671,226.8396,0.2647,-0.1079,11.4897,62.2226,232.1421,0.2685,0.1847
2014-11-26T00:36:59.327Z,4.9121,66.4314,229.5712,0.2895,0.0742,-6.4318,59.68,226.565,0.2634,-0.1102,11.8058,62.0138,232.0328,0.2676,0.1912
2014-11-26T00:37:59.634Z,4.8481,66.8631,229.4332,0.2914,0.0734,-6.8384,59.389,226.684,0.2621,-0.117,11.5596,60.9551,231.6076,0.2634,0.1903
2014-11-26T00:38:59.954Z,5.92,65.3544,229.0411,0.2847,0.0919,-6.6305,58.7503,226.9878,0.2585,-0.1129,11.4812,63.1436,231.6789,0.2726,0.1834
2014-11-26T00:39:59.190Z,5.8484,64.9777,229.8444,0.2828,0.0901,-7.2381,60.1632,227.8579,0.2639,-0.1213,11.2511,62.2451,232.9082,0.2678,0.1813
2014-11-26T00:40:59.473Z,6.4476,64.4838,229.3699,0.2811,0.1018,-6.7732,56.3228,227.7214,0.2468,-0.123,11.7023,61.0847,233.206,0.2623,0.194
2014-11-26T00:41:59.650Z,6.3304,66.0081,229.3307,0.2884,0.097,-7.3973,59.9313,228.1243,0.2629,-0.1234,11.1244,62.8507,232.9407,0.2699,0.1764
2014-11-26T00:42:59.781Z,6.5212,65.6523,229.9326,0.2853,0.1004,-7.2251,59.0014,228.008,0.2588,-0.1223,11.2199,62.5825,232.7416,0.2688,0.1804
2014-11-26T00:43:59.091Z,6.0377,65.3777,229.8947,0.2846,0.0958,-7.3654,59.1728,228.0762,0.2591,-0.1273,11.3962,62.5558,232.8271,0.2683,0.1869
2014-11-26T00:44:59.450Z,6.0742,62.2518,230.0135,0.2702,0.1013,-7.0029,56.4957,226.7681,0.2493,-0.1248,11.8497,61.054,233.1368,0.262,0.1982
2014-11-26T00:45:59.546Z,6.5026,65.5895,229.7367,0.2857,0.0991,-6.8888,59.0995,226.049,0.2618,-0.1179,11.7752,63.0864,233.5421,0.2701,0.1878
2014-11-26T00:46:59.793Z,6.9121,66.4686,230.027,0.2892,0.1047,-7.1051,59.0026,226.6903,0.2602,-0.1224,11.4688,63.7814,233.1982,0.2736,0.1809
2014-11-26T00:47:59.964Z,6.3752,67.4059,230.0426,0.293,0.0951,-7.2818,59.493,229.101,0.2595,-0.1246,10.7974,60.8438,232.6959,0.2613,0.1809
2014-11-26T00:48:59.145Z,6.6014,65.7177,230.1047,0.2862,0.1027,-6.9909,59.081,230.0834,0.2564,-0.1203,11.4416,61.494,232.6521,0.2639,0.1904
2014-11-26T00:49:59.395Z,6.3656,66.9005,230.4734,0.2905,0.0958,-6.936,59.9691,229.5151,0.2614,-0.118,11.3157,63.0034,232.9974,0.2701,0.1805
2014-11-26T00:50:59.770Z,5.9562,66.4741,231.0812,0.288,0.089,-6.701,60.6507,227.5732,0.2662,-0.1146,11.5923,61.9564,233.167,0.2656,0.1878
2014-11-26T00:51:59.978Z,5.1168,66.6999,231.5483,0.2883,0.0783,-6.8268,58.6749,225.4609,0.2604,-0.1177,11.3513,62.679,233.9626,0.2676,0.1821
2014-11-26T00:52:59.330Z,5.1614,65.7358,231.0013,0.2847,0.0793,-6.6206,58.2096,225.8374,0.2574,-0.1172,11.9733,61.3431,233.2396,0.2628,0.198
2014-11-26T00:53:59.530Z,5.212,66.653,230.7647,0.2891,0.0803,-5.9768,60.3736,228.0788,0.2642,-0.1,11.4332,62.324,232.7301,0.2675,0.1857
2014-11-26T00:54:59.750Z,6.7812,65.9912,230.5505,0.2865,0.1045,-6.7086,59.2852,228.9902,0.2587,-0.1152,11.332,61.7937,231.9984,0.2664,0.1852
2014-11-26T00:55:59.931Z,6.4274,66.9118,230.4014,0.2902,0.0979,-6.87,60.5484,228.6409,0.2647,-0.1142,11.4067,63.0981,231.828,0.2723,0.1819
2014-11-26T00:56:59.164Z,6.5034,65.2093,230.6217,0.2826,0.102,-7.2577,58.356,225.6367,0.2584,-0.1262,11.5528,62.2061,232.6253,0.2678,0.1876
2014-11-26T00:57:59.410Z,6.4838,67.5477,231.0178,0.2928,0.0974,-7.2193,59.0276,225.754,0.261,-0.1214,11.7501,61.9499,233.0116,0.2658,0.1915
2014-11-26T00:58:59.741Z,6.3298,65.5487,230.364,0.2846,0.097,-7.3668,59.8187,229.3043,0.2612,-0.1255,11.1678,61.6196,232.201,0.2654,0.1862
2014-11-26T00:59:59.998Z,5.4164,65.2476,230.5548,0.2834,0.0835,-6.601,60.637,230.518,0.263,-0.1108,11.7051,61.601,232.0114,0.2656,0.19
2014-11-26T01:00:59.430Z,4.718,64.4214,230.2219,0.2797,0.0739,-6.6749,57.9888,230.3511,0.2516,-0.1162,11.2738,57.5549,231.5108,0.2487,0.1966
2014-11-26T01:01:59.696Z,4.8565,63.5864,229.7868,0.2768,0.0774,-6.789,57.3012,230.5405,0.2485,-0.121,11.538,60.1654,231.4241,0.2595,0.1934
2014-11-26T01:02:59.883Z,4.2642,65.3608,229.4595,0.2847,0.0656,-6.4555,57.8673,229.073,0.2525,-0.1135,10.8605,58.0082,231.2841,0.2508,0.1905
2014-11-26T01:03:59.161Z,5.1331,64.452,229.791,0.2798,0.0824,-6.2764,58.9092,228.2303,0.2582,-0.1088,11.5779,60.2922,231.5615,0.2599,0.1973
2014-11-26T01:04:59.426Z,4.8297,64.5816,229.0109,0.282,0.0763,-6.5457,58.7859,230.3324,0.255,-0.1128,11.3635,61.8204,230.5651,0.2682,0.1854
2014-11-26T01:05:59.703Z,4.5322,65.1093,227.98,0.2853,0.071,-6.5804,60.046,231.197,0.2602,-0.1122,11.1064,60.5982,230.6035,0.2627,0.1841
2014-11-26T01:06:59.981Z,4.6782,67.271,228.6443,0.2941,0.0696,-5.9209,60.7812,231.9267,0.2616,-0.0993,11.2742,61.6653,231.7282,0.2664,0.1834
2014-11-26T01:07:59.283Z,4.9139,66.2214,229.943,0.2878,0.0757,-6.8891,60.2314,233.0173,0.259,-0.1172,11.5778,61.62,232.9131,0.2638,0.1897
2014-11-26T01:08:59.721Z,4.5297,65.8523,231.21,0.2848,0.0696,-6.848,62.2789,232.1379,0.2682,-0.111,11.5173,62.5237,233.0196,0.2685,0.1835
2014-11-26T01:09:59.881Z,5.359,66.3703,231.7173,0.2862,0.0805,-6.7531,59.6415,230.0364,0.2593,-0.1132,11.4375,62.0233,233.5698,0.2653,0.1858
2014-11-26T01:10:59.052Z,4.5104,66.4419,232.2576,0.2861,0.0684,-6.3865,60.5722,229.4903,0.2636,-0.1076,11.3747,61.1474,234.0776,0.2615,0.1865
2014-11-26T01:11:59.280Z,4.9229,66.3204,231.5016,0.2862,0.0744,-6.3576,58.9604,232.1775,0.2536,-0.1102,11.7722,62.7719,233.929,0.2685,0.1903
2014-11-26T01:12:59.482Z,5.2321,65.4021,232.037,0.2817,0.0817,-6.7041,59.4818,232.4489,0.2553,-0.1143,11.615,61.7743,234.1593,0.2638,0.189
2014-11-26T01:13:59.877Z,5.0538,66.727,232.3087,0.2875,0.0762,-6.5197,59.667,232.8004,0.2562,-0.1121,11.4912,62.2923,234.0635,0.2657,0.1858
2014-11-26T01:14:59.113Z,5.1663,66.9302,231.9517,0.2889,0.0779,-6.644,61.6263,232.4928,0.265,-0.11,11.1292,62.3132,233.733,0.2667,0.181
2014-11-26T01:15:59.455Z,4.8047,65.0671,232.1768,0.2804,0.0755,-6.2677,62.0699,232.9434,0.266,-0.1029,11.6703,64.0024,233.5699,0.2743,0.1823
2014-11-26T01:16:59.581Z,5.0577,66.6292,232.2164,0.2867,0.0762,-6.748,60.8718,233.2721,0.2611,-0.1126,11.2188,61.342,233.8195,0.262,0.1829
2014-11-26T01:17:59.881Z,5.3792,66.8645,233.2175,0.2862,0.0808,-6.4473,60.6277,230.5124,0.2634,-0.1096,11.6672,62.4636,234.3484,0.2662,0.1917
2014-11-26T01:18:59.010Z,4.8494,65.7697,233.4578,0.2821,0.076,-7.0846,60.8671,231.9199,0.2627,-0.1175,11.7787,61.4058,234.2302,0.2618,0.1916
2014-11-26T01:19:59.165Z,5.0264,64.589,232.9936,0.2768,0.081,-6.8526,57.9663,233.3092,0.2483,-0.1208,10.8687,60.1167,234.0003,0.2567,0.1821
2014-11-26T01:20:59.475Z,5.1216,65.8343,233.0144,0.2823,0.0793,-6.5429,60.7396,233.3395,0.2598,-0.1097,11.4074,60.7201,234.6797,0.2584,0.1891
2014-11-26T01:21:59.646Z,4.8652,65.3022,232.9451,0.2801,0.0758,-6.9043,58.3082,233.493,0.2499,-0.1213,11.2969,60.9944,234.6885,0.2596,0.1868
2014-11-26T01:22:59.935Z,5.3266,65.5385,232.5284,0.2817,0.0814,-6.8032,58.363,232.986,0.2505,-0.1201,11.723,60.3557,234.0487,0.2583,0.1968
2014-11-26T01:23:59.063Z,4.8188,66.904,232.8947,0.2869,0.0718,-6.7375,59.4874,233.0989,0.2551,-0.1136,11.6401,63.5976,233.9728,0.2719,0.1861
2014-11-26T01:24:59.276Z,4.9626,66.3108,232.7956,0.2851,0.0755,-6.5018,60.8167,233.5905,0.2608,-0.1076,11.3449,62.2707,233.9631,0.266,0.182
2014-11-26T01:25:59.446Z,5.5608,65.9512,232.5058,0.2834,0.0845,-6.8717,60.7639,233.026,0.261,-0.1145,11.3705,63.1972,233.9873,0.2703,0.181
2014-11-26T01:26:59.781Z,5.5023,66.6705,233.3452,0.2854,0.0832,-7.0255,60.0091,231.0971,0.2595,-0.1177,11.4356,62.4399,235.0254,0.2657,0.1844
2014-11-26T01:27:59.966Z,4.9618,67.2213,233.4322,0.2877,0.0755,-6.272,59.1733,231.5522,0.2548,-0.1077,11.6029,61.2085,233.4351,0.2625,0.193
2014-11-26T01:28:59.204Z,5.0702,67.4319,233.2079,0.2891,0.0764,-6.8822,61.3304,233.0282,0.2636,-0.1129,11.498,61.8358,232.3768,0.2658,0.1859
2014-11-26T01:29:59.431Z,5.1518,66.96,232.9276,0.2871,0.0764,-6.6481,59.6905,233.1011,0.2558,-0.1138,11.352,62.4416,232.0802,0.2687,0.1829
2014-11-26T01:30:59.579Z,4.8126,67.7251,233.1719,0.2899,0.0721,-6.1565,60.5197,233.1782,0.2596,-0.1036,11.3569,60.8388,232.2558,0.2626,0.1887
2014-11-26T01:31:59.746Z,5.0847,67.1144,233.2564,0.2873,0.0763,-6.3258,60.0756,233.3011,0.2579,-0.1062,10.8893,60.838,232.0868,0.2623,0.1798
2014-11-26T01:32:59.882Z,5.0115,66.9434,233.2791,0.287,0.0757,-6.5932,60.3496,233.5554,0.2585,-0.1109,10.9891,59.1883,231.8889,0.2554,0.1901
2014-11-26T01:33:59.998Z,5.0635,66.2804,233.3188,0.284,0.0771,-7.0087,60.6592,233.5473,0.2603,-0.1166,11.5816,61.8435,232.0547,0.2667,0.1886
2014-11-26T01:34:59.297Z,5.0494,67.6527,233.3227,0.2901,0.0747,-6.4056,60.6457,233.5516,0.2593,-0.1059,11.2534,60.7991,232.4513,0.2612,0.1869
2014-11-26T01:35:59.523Z,6.1574,67.5869,233.6787,0.2893,0.0915,-6.9929,60.757,232.6711,0.2615,-0.1147,11.2341,63.1276,233.1857,0.2711,0.1778
2014-11-26T01:36:59.737Z,6.778,67.6902,233.4662,0.2901,0.0998,-6.7922,61.4337,232.5834,0.2642,-0.1124,11.8501,62.7621,233.2591,0.2696,0.1886
2014-11-26T01:37:59.962Z,6.5821,66.6141,233.3826,0.2852,0.1011,-6.6722,60.0333,232.3875,0.2584,-0.1137,11.202,60.0478,232.9684,0.2575,0.1936
2014-11-26T01:38:59.184Z,7.1536,68.489,234.0952,0.2932,0.1058,-7.2652,60.2162,229.8244,0.2624,-0.1223,11.7496,62.4559,233.4376,0.2672,0.1897
2014-11-26T01:39:59.383Z,6.6433,66.9864,232.8642,0.2875,0.0992,-6.5258,59.5911,229.8551,0.259,-0.1112,11.6123,62.3424,232.5676,0.2679,0.1866
2014-11-26T01:40:59.632Z,6.2782,67.1446,232.9052,0.2882,0.094,-6.9225,59.7007,231.4148,0.2582,-0.1157,10.8111,63.5638,232.2955,0.2739,0.1693
2014-11-26T01:41:59.868Z,6.3564,65.9289,233.1863,0.2831,0.0963,-7.0055,61.3921,231.8991,0.2646,-0.1149,10.8338,61.5454,232.7402,0.2643,0.1768
2014-11-26T01:42:59.042Z,6.5727,66.7493,233.1191,0.2864,0.0997,-7.0318,59.7469,232.2893,0.2576,-0.121,11.5921,61.6009,232.5447,0.2649,0.1922
2014-11-26T01:43:59.368Z,6.8091,67.9748,233.5053,0.2913,0.102,-7.1814,60.3908,232.3053,0.2601,-0.1201,11.2949,62.5849,232.6734,0.2689,0.1809
2014-11-26T01:44:59.638Z,5.9362,66.4609,233.7607,0.2845,0.0899,-6.9057,61.1179,232.8216,0.2625,-0.1132,11.3555,62.7247,232.6035,0.2697,0.182
2014-11-26T01:45:59.953Z,4.9415,67.2004,233.2189,0.2879,0.0738,-6.5168,60.4809,232.8587,0.2601,-0.1078,11.2909,62.8013,232.9816,0.2698,0.1801
2014-11-26T01:46:59.153Z,5.0644,65.061,232.748,0.2794,0.0794,-6.081,60.8012,232.5298,0.2615,-0.1033,11.3966,61.6954,232.7678,0.2647,0.191
2014-11-26T01:47:59.391Z,5.1182,67.0034,232.1597,0.2887,0.0764,-6.5901,61.0389,232.3586,0.2623,-0.1083,11.0976,62.496,233.0791,0.2685,0.1798
2014-11-26T01:48:59.669Z,5.7244,67.4371,231.8508,0.2908,0.0862,-6.6101,60.6297,232.2982,0.2611,-0.1091,11.2867,62.0566,233.3335,0.2663,0.1821
2014-11-26T01:49:59.983Z,5.3613,66.8311,231.2482,0.2891,0.0802,-6.322,59.6204,231.6395,0.2573,-0.1068,11.3664,61.3716,233.0074,0.2636,0.1864
2014-11-26T01:50:59.184Z,4.7553,66.8828,231.1402,0.289,0.0713,-6.8079,60.362,232.1859,0.2604,-0.1137,11.5822,62.2412,233.377,0.2669,0.1863
2014-11-26T01:51:59.393Z,5.5336,65.1696,230.4359,0.283,0.0852,-6.5353,61.772,233.2502,0.2648,-0.1069,11.3567,62.1847,233.317,0.2667,0.1829
2014-11-26T01:52:59.543Z,5.3997,65.3914,230.3097,0.2844,0.0833,-6.2585,60.1681,233.6908,0.2573,-0.104,11.3724,63.0125,233.6813,0.2697,0.1824
2014-11-26T01:53:59.718Z,4.4045,66.4653,230.5965,0.2886,0.0678,-6.8026,61.0932,233.7832,0.2614,-0.1126,11.5714,62.2621,233.8855,0.2663,0.185
2014-11-26T01:54:59.978Z,4.6959,66.6927,231.6049,0.2882,0.0697,-6.547,60.8944,234.1709,0.26,-0.1077,11.2849,63.1923,234.2989,0.27,0.1804
2014-11-26T01:55:59.217Z,5.3644,66.4142,232.4673,0.2857,0.0817,-6.6628,61.3988,233.47,0.2623,-0.1092,11.2449,61.5979,233.9219,0.263,0.1834
2014-11-26T01:56:59.388Z,4.9568,67.7409,232.7843,0.2903,0.0734,-6.6179,60.2711,230.5173,0.2611,-0.1109,11.6623,62.1476,235.1951,0.2645,0.1869
2014-11-26T01:57:59.658Z,4.4566,67.4582,232.3281,0.2903,0.0671,-6.7992,60.7735,232.7046,0.2609,-0.1131,11.4447,62.4647,234.469,0.2659,0.1834
2014-11-26T01:58:59.849Z,4.6599,67.8216,232.4142,0.2919,0.0697,-6.6675,60.0474,233.1831,0.2569,-0.1127,11.5741,63.3399,234.1664,0.2703,0.1843
2014-11-26T01:59:59.158Z,5.4377,65.9612,232.165,0.2836,0.0832,-6.6934,58.3876,232.4028,0.2516,-0.1187,11.277,60.9237,233.582,0.2609,0.186
