2014-11-06T00:00:59.904Z,1197.8651,1593.8602,232.4697,6.8562,0.7516,1317.1592,1762.6853,233.1466,7.5604,0.7479,1727.146,2293.7826,232.2178,9.8779,0.7523
2014-11-06T00:01:59.361Z,1225.8601,1616.3517,232.3366,6.9567,0.76,1326.4416,1773.0459,232.448,7.6278,0.7486,1737.5507,2289.8997,231.8434,9.8766,0.7598
2014-11-06T00:02:59.751Z,1229.3553,1632.3714,232.3069,7.0265,0.753,1328.6778,1756.3985,231.1524,7.5979,0.7564,1775.7322,2319.2868,232.4058,9.9795,0.7662
2014-11-06T00:03:59.246Z,1232.2069,1655.5089,232.4969,7.1202,0.7433,1312.356,1718.6408,229.4446,7.4908,0.7631,1822.9851,2345.4781,232.7496,10.0771,0.7771
2014-11-06T00:04:59.405Z,1272.9535,1667.1677,231.9246,7.1881,0.7621,1365.9803,1779.7979,230.7326,7.713,0.7674,1824.6264,2347.6542,231.7511,10.1301,0.7754
2014-11-06T00:05:59.701Z,1212.0164,1589.9089,231.1747,6.8774,0.7613,1339.88,1767.7101,232.436,7.6058,0.7577,1739.9512,2287.5671,231.3795,9.8866,0.7608
2014-11-06T00:06:59.998Z,1220.5557,1604.294,231.816,6.9211,0.7601,1343.7169,1778.8742,233.0681,7.6325,0.7554,1746.8231,2297.1353,231.7959,9.9103,0.76
2014-11-06T00:07:59.606Z,1244.4423,1627.3827,231.9672,7.0157,0.7647,1351.6376,1786.6393,232.7839,7.6749,0.7568,1764.1684,2303.7491,231.5751,9.948,0.7657
2014-11-06T00:08:59.048Z,1242.4994,1645.9648,232.5104,7.0794,0.7547,1335.4093,1752.3372,231.2137,7.5783,0.7626,1804.9443,2330.2339,232.0676,10.0417,0.7746
2014-11-06T00:09:59.958Z,1249.816,1668.2004,232.7414,7.1677,0.7499,1322.3732,1727.0334,229.9508,7.5102,0.7663,1836.6797,2346.1934,232.3987,10.0949,0.7819
2014-11-06T00:10:59.202Z,1272.1895,1656.3764,232.177,7.1343,0.7693,1374.329,1801.4067,232.5532,7.7461,0.7623,1803.9537,2333.9122,231.6823,10.0741,0.7713
2014-11-06T00:11:59.386Z,1274.5455,1659.4879,232.067,7.1507,0.7696,1373.4433,1794.1121,232.0907,7.7301,0.7655,1812.2095,2335.4399,231.4804,10.0892,0.7777
2014-11-06T00:12:59.026Z,1288.0022,1667.7512,231.6549,7.1997,0.7721,1396.4237,1811.1693,232.0987,7.8032,0.7706,1831.2837,2353.8086,231.5479,10.1659,0.7794
2014-11-06T00:13:59.136Z,17.1896,38.9463,233.4196,0.167,0.1598,9.5789,40.1075,233.679,0.1718,-0.2681,140.7331,161.677,234.3543,0.6914,0.6682
2014-11-06T00:14:59.452Z,3.3,20.9226,234.1418,0.0897,0.1585,-5.6121,20.1826,231.8287,0.0878,-0.2784,10.4791,24.6356,235.2962,0.1043,0.4259
2014-11-06T00:15:59.595Z,3.3836,20.9091,233.9901,0.0895,0.1628,-5.7844,20.5505,231.5509,0.0887,-0.2824,10.2584,24.721,235.5756,0.105,0.4162
2014-11-06T00:16:59.870Z,3.3147,20.9768,233.8552,0.0895,0.1594,-5.6036,20.7163,234.1782,0.0892,-0.2713,10.3177,24.3719,235.4504,0.1036,0.4242
2014-11-06T00:17:59.550Z,3.0192,20.8553,233.8934,0.0891,0.1462,-5.6816,20.4743,234.2919,0.0878,-0.2767,10.2461,24.3466,235.4715,0.103,0.4219
2014-11-06T00:18:59.939Z,3.1119,21.061,233.3462,0.0902,0.1481,-5.6239,20.0457,233.8757,0.0857,-0.2788,10.2213,24.0496,235.2477,0.1021,0.4257
2014-11-06T00:19:59.123Z,3.1871,20.9165,233.8175,0.0894,0.1514,-5.6755,20.3996,233.1496,0.0874,-0.2782,10.2576,24.5322,235.5668,0.1039,0.4181
2014-11-06T00:20:59.336Z,3.1078,21.1078,232.5107,0.0911,0.1472,-5.7487,20.7086,232.8321,0.0887,-0.2777,10.0988,24.5954,235.9427,0.1041,0.4124
2014-11-06T00:21:59.579Z,3.2709,21.0724,232.9532,0.0902,0.156,-5.9626,20.1228,230.4139,0.0876,-0.2962,10.2804,24.6986,236.6135,0.1045,0.4168
2014-11-06T00:22:59.797Z,3.1417,20.7836,232.7888,0.089,0.1524,-5.7588,20.4217,232.8755,0.0882,-0.2822,10.3812,24.5682,235.5814,0.1037,0.4233
2014-11-06T00:23:59.261Z,3.0883,20.7404,233.4944,0.089,0.1489,-5.4897,20.3305,233.3749,0.0872,-0.2689,10.4099,24.3832,235.1762,0.1035,0.4273
2014-11-06T00:24:59.472Z,3.2767,21.0705,233.7243,0.0902,0.1567,-5.4814,20.357,233.1215,0.0877,-0.27,10.2341,24.2112,234.7791,0.1031,0.4233
2014-11-06T00:25:59.695Z,3.1279,21.0891,233.612,0.0902,0.1484,-5.6328,20.5653,233.1476,0.0883,-0.2741,10.2141,24.2214,234.4028,0.1032,0.422
2014-11-06T00:26:59.401Z,3.0677,20.9249,234.2072,0.0894,0.1474,-5.6664,20.4639,233.8511,0.0879,-0.2752,10.2453,24.25,235.1105,0.103,0.423
2014-11-06T00:28:59.562Z,3.1274,20.789,233.6434,0.0892,0.1503,-5.7474,20.7066,233.0095,0.0893,-0.2778,10.4145,24.3985,234.5457,0.1037,0.4275
2014-11-06T00:29:59.543Z,3.277,21.1475,233.9615,0.0897,0.1559,-5.9962,20.5432,231.0137,0.0888,-0.292,10.3401,24.632,235.4838,0.1041,0.42
2014-11-06T00:30:59.720Z,3.2368,21.1337,233.454,0.0914,0.1519,-5.9886,20.4971,233.5996,0.0877,-0.292,10.2147,24.2361,234.4101,0.1033,0.422
2014-11-06T00:31:59.873Z,3.4649,21.2123,233.4506,0.0907,0.1638,-5.8016,20.4178,233.6106,0.0877,-0.2848,10.2101,24.3609,234.6601,0.1034,0.4202
2014-11-06T00:32:59.067Z,3.6366,21.1992,233.8599,0.0904,0.1701,-5.9133,19.7558,233.3432,0.0849,-0.2973,10.0967,24.0038,235.0618,0.1018,0.4215
2014-11-06T00:33:59.316Z,3.7849,21.2503,234.0009,0.0909,0.1784,-5.7376,20.5368,233.519,0.0878,-0.2804,10.4254,24.5507,235.4061,0.1045,0.4244
2014-11-06T00:34:59.731Z,3.8191,21.4315,234.0797,0.0921,0.1777,-5.9046,20.1272,233.4119,0.0864,-0.2927,10.222,24.238,235.017,0.1034,0.4217
2014-11-06T00:35:59.594Z,3.5688,21.4041,233.9804,0.0915,0.1667,-5.7706,20.397,233.1728,0.0876,-0.2838,10.1787,24.0661,234.4139,0.1022,0.423
2014-11-06T00:36:59.671Z,3.7005,21.0087,233.6338,0.0896,0.1771,-5.9386,20.5532,233.3767,0.0883,-0.2886,10.3987,24.4182,234.3511,0.1043,0.4257
2014-11-06T00:37:59.887Z,3.6413,21.1914,233.6476,0.0904,0.1716,-5.8233,20.3857,233.4879,0.0871,-0.2849,10.2848,24.3894,234.6099,0.104,0.4217
2014-11-06T00:38:59.095Z,3.4954,21.3045,233.4625,0.0916,0.1639,-5.9734,20.1243,231.1197,0.0868,-0.2966,10.3372,24.4515,235.187,0.1032,0.4238
2014-11-06T00:39:59.313Z,3.2754,20.8712,232.9909,0.0901,0.1577,-5.8174,20.3832,232.9743,0.0877,-0.2852,10.4744,24.3167,234.4784,0.1031,0.4312
2014-11-06T00:40:59.468Z,3.1673,21.1615,233.2103,0.0902,0.1498,-5.6451,20.4638,233.6269,0.088,-0.276,10.3059,24.1849,234.2283,0.1033,0.4262
2014-11-06T00:41:59.741Z,3.1398,20.9196,233.2161,0.0897,0.1504,-5.8278,20.5659,234.1371,0.0878,-0.2828,10.2455,23.9882,234.1705,0.1028,0.428
2014-11-06T00:42:59.945Z,3.0664,21.0296,233.4771,0.09,0.1455,-5.7633,20.5932,234.2064,0.0881,-0.2791,10.1496,24.1284,234.384,0.1029,0.4224
2014-11-06T00:43:59.950Z,3.2076,20.8907,234.0555,0.0888,0.1546,-5.7279,20.6981,234.0239,0.0883,-0.277,10.3698,24.304,234.7272,0.1037,0.4274
2014-11-06T00:44:59.855Z,3.0145,21.0584,233.8166,0.0901,0.1433,-5.6959,20.6852,233.4484,0.0884,-0.2751,10.265,24.0085,234.4004,0.1021,0.4279
2014-11-06T00:45:59.020Z,3.169,21.2813,233.7017,0.0907,0.1493,-5.8153,20.4543,233.255,0.0882,-0.2845,10.1899,24.0184,233.8034,0.1032,0.4248
2014-11-06T00:46:59.461Z,2.9362,21.0171,233.2279,0.0894,0.1407,-5.6806,20.1554,233.5685,0.0863,-0.2819,9.9684,23.8128,233.4003,0.1019,0.4198
2014-11-06T00:47:59.991Z,3.266,21.0424,233.2523,0.0896,0.1552,-5.6072,20.6151,233.5184,0.0886,-0.2717,10.3872,23.9791,233.4628,0.1026,0.4331
2014-11-06T00:48:59.222Z,2.8981,20.8478,233.4673,0.0897,0.1396,-5.7383,20.2854,233.608,0.0871,-0.2831,10.2695,24.3175,234.0897,0.1041,0.4229
2014-11-06T00:49:59.900Z,2.9946,20.7021,233.2118,0.0887,0.1458,-5.7597,20.4281,233.8585,0.0876,-0.2825,10.2669,24.4688,234.708,0.1035,0.4205
2014-11-06T00:50:59.382Z,3.2331,20.9514,234.2095,0.0896,0.1551,-5.9838,20.5661,232.8872,0.0886,-0.2913,10.2222,24.5114,235.5268,0.1041,0.4175
2014-11-06T00:51:59.816Z,3.3596,21.3849,234.357,0.091,0.1578,-6.0805,20.3451,231.1801,0.0881,-0.3001,10.4576,24.7186,235.7511,0.1047,0.4229
2014-11-06T00:52:59.597Z,2.9584,20.975,233.0333,0.0896,0.1419,-5.7947,20.475,233.0566,0.0884,-0.283,10.0713,24.0107,234.1618,0.1023,0.4196
2014-11-06T00:53:59.910Z,3.0805,20.9453,233.2422,0.0897,0.1482,-5.6788,20.4738,233.6897,0.0871,-0.2774,10.3121,23.9797,233.7199,0.1024,0.4313
2014-11-06T00:54:59.174Z,3.5196,20.9328,233.1427,0.0893,0.168,-5.8858,20.4022,233.5766,0.0877,-0.288,10.293,24.1001,234.2538,0.1029,0.428
2014-11-06T00:55:59.477Z,3.684,21.1816,233.1721,0.0906,0.1733,-5.712,20.5137,233.4396,0.0876,-0.2789,10.3422,24.3749,234.184,0.1042,0.4247
2014-11-06T00:56:59.997Z,3.653,20.9205,232.8447,0.0899,0.1752,-5.8246,20.5739,232.8389,0.0887,-0.2823,10.3285,24.1434,233.8549,0.1029,0.4283
2014-11-06T00:57:59.367Z,3.3316,20.9915,232.9242,0.0899,0.1562,-6.0794,20.6509,232.9316,0.0886,-0.2951,9.9587,23.991,233.6634,0.1024,0.4156
2014-11-06T00:58:59.525Z,3.3131,21.0306,233.56,0.0896,0.1574,-5.7043,20.4478,233.4365,0.0871,-0.2786,10.2802,23.8071,233.036,0.1024,0.4321
2014-11-06T00:59:59.781Z,2.9617,21.0045,233.3506,0.09,0.141,-5.8493,20.431,233.7128,0.0882,-0.2867,10.08,23.9406,233.5659,0.1029,0.4209
