2014-09-26T00:00:59.571Z,0.0247,0.0419,0.5572,0.0731,0.5464,0.0178,0.0392,0.5936,0.0653,0.4039,0.0242,0.0422,0.5461,0.0778,0.5497
2014-09-26T00:01:59.712Z,0.0248,0.0424,0.5636,0.073,0.543,0.0158,0.0358,0.5827,0.0618,0.3479,0.0236,0.043,0.5448,0.0785,0.5376
2014-09-26T00:02:59.914Z,0.0264,0.0424,0.5682,0.0742,0.5685,0.0179,0.0379,0.5936,0.0648,0.4197,0.0242,0.043,0.5403,0.077,0.5521
2014-09-26T00:03:59.209Z,0.0233,0.0406,0.5555,0.0718,0.5518,0.0203,0.0385,0.5979,0.0652,0.4527,0.0218,0.0412,0.5318,0.0758,0.5318
2014-09-26T00:04:59.334Z,0.0238,0.0406,0.5547,0.0716,0.5403,0.0184,0.0391,0.6028,0.0641,0.3894,0.0219,0.0431,0.5472,0.0766,0.5206
2014-09-26T00:05:59.607Z,0.0281,0.0444,0.5706,0.0763,0.5941,0.02,0.04,0.6084,0.0653,0.4106,0.0231,0.0419,0.535,0.0769,0.5509
2014-09-26T00:06:59.026Z,0.0248,0.0413,0.5594,0.0755,0.5619,0.0197,0.0413,0.6045,0.0665,0.4397,0.0252,0.0445,0.5555,0.0777,0.5535
2014-09-26T00:07:59.392Z,0.0289,0.0451,0.5681,0.0784,0.6265,0.0159,0.0389,0.5954,0.0657,0.3757,0.0211,0.0414,0.5373,0.0754,0.5241
2014-09-26T00:08:59.806Z,0.0207,0.0393,0.5445,0.071,0.5245,0.0134,0.0366,0.581,0.061,0.3476,0.0241,0.0421,0.5545,0.0779,0.5669
2014-09-26T00:09:59.203Z,0.0314,0.0472,0.5783,0.08,0.6097,0.0172,0.0369,0.5821,0.0648,0.401,0.0217,0.0403,0.5283,0.0769,0.5162
2014-09-26T00:10:59.535Z,0.0262,0.0432,0.5606,0.0756,0.585,0.0206,0.0421,0.6015,0.0691,0.4253,0.0224,0.0415,0.5338,0.0779,0.5403
2014-09-26T00:11:59.890Z,0.0254,0.0435,0.5708,0.0749,0.5586,0.0159,0.0376,0.5827,0.0665,0.4057,0.0235,0.0438,0.5527,0.0786,0.5384
2014-09-26T00:12:59.153Z,0.0274,0.0434,0.5711,0.0757,0.5897,0.02,0.0411,0.5997,0.0674,0.4031,0.0234,0.042,0.5397,0.0769,0.5471
2014-09-26T00:13:59.494Z,0.0229,0.0404,0.5564,0.0732,0.5304,0.015,0.0354,0.5825,0.0618,0.3782,0.0232,0.0411,0.5329,0.0768,0.5543
2014-09-26T00:14:59.792Z,0.0274,0.0451,0.5706,0.078,0.5931,0.0209,0.044,0.6114,0.0694,0.4354,0.0231,0.0429,0.5514,0.0786,0.5371
2014-09-26T00:16:59.360Z,0.028,0.0451,0.5707,0.0771,0.5867,0.0204,0.0421,0.6081,0.0683,0.425,0.023,0.0427,0.5503,0.0767,0.5361
2014-09-26T00:17:59.659Z,0.0282,0.0454,0.5746,0.0769,0.5959,0.0203,0.0426,0.6049,0.069,0.4256,0.0244,0.0431,0.5523,0.0777,0.5559
2014-09-26T00:18:59.034Z,0.0269,0.0442,0.5744,0.0753,0.5867,0.02,0.0414,0.6067,0.0681,0.4217,0.0244,0.0436,0.5447,0.0778,0.5522
2014-09-26T00:19:59.345Z,0.0279,0.0442,0.5742,0.0758,0.5839,0.0179,0.0403,0.6027,0.0655,0.4118,0.0233,0.0427,0.5467,0.0764,0.5442
2014-09-26T00:20:59.678Z,0.0295,0.0451,0.5786,0.0768,0.6049,0.0235,0.0427,0.6086,0.0711,0.4951,0.0235,0.0424,0.5424,0.0768,0.5465
2014-09-26T00:21:59.932Z,0.0295,0.0451,0.5716,0.0784,0.6295,0.0222,0.0432,0.607,0.0703,0.457,0.0254,0.0432,0.5489,0.0792,0.5522
2014-09-26T00:22:59.262Z,0.0243,0.0414,0.5668,0.0736,0.5464,0.0132,0.0343,0.5814,0.0589,0.3507,0.0236,0.0429,0.545,0.0764,0.5411
2014-09-26T00:23:59.477Z,0.0293,0.0464,0.5668,0.0791,0.613,0.02,0.0411,0.5955,0.0682,0.4414,0.0239,0.0425,0.5436,0.0766,0.5509
2014-09-26T00:24:59.726Z,0.0247,0.0419,0.5644,0.0744,0.5603,0.0217,0.0442,0.6186,0.0683,0.4361,0.0233,0.0417,0.5319,0.0775,0.5511
2014-09-26T00:25:59.962Z,0.0228,0.0403,0.5441,0.0714,0.5638,0.0169,0.0369,0.5924,0.0617,0.4024,0.0217,0.0414,0.5366,0.0766,0.521
2014-09-26T00:26:59.247Z,0.0291,0.0467,0.5755,0.0785,0.5958,0.0224,0.043,0.613,0.0691,0.4848,0.02,0.0403,0.527,0.0752,0.51
2014-09-26T00:27:59.532Z,0.0266,0.0441,0.565,0.0763,0.5731,0.0172,0.0359,0.5856,0.0628,0.3931,0.0225,0.0406,0.5444,0.0744,0.5344
2014-09-26T00:28:59.896Z,0.0221,0.0411,0.5586,0.0707,0.5218,0.0132,0.0329,0.5825,0.0579,0.3279,0.0204,0.0404,0.5236,0.0739,0.5182
2014-09-26T00:29:59.199Z,0.0284,0.0448,0.5645,0.0782,0.605,0.0245,0.0448,0.617,0.0711,0.4827,0.0255,0.045,0.552,0.0791,0.5498
2014-09-26T00:30:59.445Z,0.0275,0.0445,0.5682,0.078,0.5872,0.0188,0.041,0.596,0.069,0.4253,0.0245,0.044,0.554,0.0785,0.5565
2014-09-26T00:31:59.775Z,0.0267,0.0439,0.5658,0.0761,0.5739,0.0173,0.0379,0.5973,0.0645,0.4082,0.0233,0.0424,0.5394,0.077,0.5336
2014-09-26T00:32:59.243Z,0.0197,0.0377,0.5447,0.0687,0.5247,0.017,0.038,0.5837,0.062,0.4,0.024,0.043,0.5397,0.077,0.5483
2014-09-26T00:33:59.482Z,0.0206,0.0394,0.5503,0.0706,0.5242,0.0145,0.0374,0.5974,0.0613,0.341,0.0226,0.0429,0.5461,0.0761,0.5342
2014-09-26T00:34:59.806Z,0.0316,0.0475,0.5866,0.0788,0.6131,0.0181,0.0397,0.5891,0.0663,0.4019,0.0228,0.0425,0.5341,0.0791,0.5525
2014-09-26T00:35:59.096Z,0.03,0.0469,0.5828,0.0781,0.6178,0.0194,0.0413,0.6081,0.0681,0.4231,0.0231,0.0422,0.5359,0.0781,0.5391
2014-09-26T00:36:59.345Z,0.0285,0.0449,0.5727,0.0778,0.5956,0.0163,0.0371,0.5883,0.0639,0.3941,0.0237,0.0432,0.5529,0.0771,0.5446
2014-09-26T00:37:59.768Z,0.0237,0.042,0.5554,0.0737,0.5603,0.0166,0.0374,0.5863,0.0646,0.4023,0.0234,0.0434,0.5451,0.0763,0.5406
2014-09-26T00:38:59.155Z,0.0264,0.0446,0.5636,0.0764,0.5718,0.0204,0.0404,0.5986,0.0679,0.4361,0.0218,0.0421,0.5414,0.0768,0.5304
2014-09-26T00:39:59.419Z,0.0236,0.0414,0.555,0.0736,0.5218,0.0139,0.0361,0.5789,0.0607,0.3496,0.0211,0.0407,0.5161,0.0779,0.5236
2014-09-26T00:40:59.822Z,0.0282,0.0442,0.5656,0.076,0.5844,0.0187,0.0404,0.6007,0.0664,0.4184,0.0229,0.0429,0.5456,0.0762,0.5329
2014-09-26T00:41:59.955Z,0.0258,0.043,0.5627,0.0721,0.5679,0.0179,0.0379,0.587,0.0639,0.3773,0.0221,0.0412,0.53,0.0779,0.5355
2014-09-26T00:42:59.166Z,0.0274,0.045,0.56,0.0776,0.5697,0.015,0.0371,0.5935,0.0626,0.3706,0.0218,0.0426,0.5382,0.0765,0.5182
2014-09-26T00:43:59.516Z,0.0268,0.0424,0.5521,0.075,0.6089,0.0218,0.0434,0.6166,0.0695,0.4395,0.0221,0.0421,0.53,0.0782,0.5387
2014-09-26T00:44:59.751Z,0.0283,0.0432,0.5654,0.0763,0.6117,0.0183,0.0405,0.5968,0.0678,0.4029,0.0249,0.0434,0.5539,0.0783,0.5527
2014-09-26T00:46:59.292Z,0.0279,0.0441,0.5648,0.0765,0.6024,0.0199,0.0407,0.5928,0.0688,0.4369,0.0248,0.0435,0.5513,0.0788,0.5569
2014-09-26T00:47:59.635Z,0.0254,0.043,0.557,0.0757,0.5735,0.0186,0.0405,0.5916,0.0695,0.4189,0.0235,0.0419,0.5446,0.0768,0.5535
2014-09-26T00:48:59.996Z,0.0273,0.0446,0.5644,0.0768,0.5949,0.022,0.0437,0.6185,0.07,0.469,0.0217,0.0415,0.5278,0.0778,0.5388
2014-09-26T00:49:59.321Z,0.0238,0.04,0.5503,0.0714,0.5562,0.0179,0.04,0.5959,0.0662,0.3993,0.0231,0.0428,0.5428,0.0769,0.5303
2014-09-26T00:50:59.640Z,0.022,0.04,0.545,0.0707,0.5467,0.0147,0.035,0.5713,0.062,0.3607,0.0227,0.0413,0.536,0.0767,0.543
2014-09-26T00:51:59.979Z,0.0288,0.0458,0.566,0.0794,0.605,0.0242,0.0458,0.6175,0.0723,0.4833,0.0233,0.0425,0.5425,0.0781,0.5485
2014-09-26T00:52:59.407Z,0.0244,0.0409,0.5481,0.0738,0.5694,0.015,0.0366,0.5862,0.0631,0.3641,0.0219,0.0422,0.5381,0.0775,0.5231
2014-09-26T00:53:59.811Z,0.0258,0.0428,0.5575,0.0758,0.5681,0.0214,0.0442,0.6153,0.0694,0.4183,0.0228,0.0428,0.5422,0.0758,0.5406
2014-09-26T00:54:59.095Z,0.0217,0.0407,0.5462,0.0731,0.5338,0.0159,0.0369,0.5855,0.0628,0.3579,0.0224,0.0417,0.53,0.0786,0.5417
2014-09-26T00:55:59.509Z,0.0307,0.0464,0.5736,0.0796,0.6049,0.02,0.0416,0.6047,0.0682,0.4164,0.0244,0.0429,0.5498,0.0776,0.5458
2014-09-26T00:56:59.785Z,0.0255,0.0434,0.5617,0.0759,0.5759,0.0159,0.0362,0.5841,0.0631,0.3983,0.0207,0.0403,0.5259,0.0759,0.5138
2014-09-26T00:57:59.090Z,0.0265,0.0444,0.5644,0.0747,0.5788,0.0168,0.0379,0.58,0.065,0.3718,0.0215,0.0421,0.5362,0.0765,0.5315
2014-09-26T00:58:59.463Z,0.0267,0.0444,0.5669,0.0767,0.5822,0.0183,0.0386,0.5856,0.0669,0.4078,0.0231,0.0411,0.5378,0.0764,0.5389
2014-09-26T00:59:59.644Z,0.0189,0.0368,0.5329,0.0682,0.5118,0.0129,0.0339,0.575,0.0607,0.3325,0.0225,0.0429,0.5446,0.0779,0.5311
