2014-11-30T00:00:59.890Z,3.8208,61.2702,232.6669,0.2635,0.0627,2.2419,56.3399,231.5984,0.2435,0.0413,3.7781,58.6248,231.4796,0.2526,0.0643
2014-11-30T00:01:59.232Z,4.3614,65.9518,232.0288,0.2839,0.0684,2.8473,58.2866,231.5631,0.2518,0.0492,3.4239,59.5133,231.2396,0.2574,0.0574
2014-11-30T00:02:59.644Z,4.8751,64.8834,231.7223,0.2797,0.079,2.4937,58.2546,231.6766,0.2515,0.044,3.4588,57.0026,230.8022,0.2471,0.0614
2014-11-30T00:03:59.952Z,5.2777,64.097,231.968,0.276,0.0841,2.8036,57.8124,231.9958,0.2496,0.0496,3.7382,60.0828,231.0857,0.2605,0.064
2014-11-30T00:04:59.319Z,4.1599,65.6859,232.0291,0.2831,0.0653,2.3091,58.3689,231.7787,0.2517,0.0397,3.0367,59.185,231.3984,0.2558,0.051
2014-11-30T00:05:59.713Z,4.5415,64.5023,231.2746,0.2789,0.0722,2.9477,57.3882,232.1056,0.2479,0.0527,2.9592,57.4477,231.318,0.2481,0.0519
2014-11-30T00:06:59.837Z,5.5879,63.3011,230.8047,0.2738,0.0907,2.2612,59.0453,232.6462,0.2537,0.0398,3.6604,56.5696,231.0734,0.2447,0.0671
2014-11-30T00:07:59.415Z,4.4736,63.7034,231.2793,0.2757,0.0724,2.9761,55.6144,232.6189,0.2397,0.0543,3.5988,54.9878,231.2311,0.2387,0.0631
2014-11-30T00:08:59.943Z,4.9127,64.9599,232.1984,0.2799,0.0772,3.0802,57.7343,232.306,0.2486,0.0547,3.711,56.9693,231.4107,0.246,0.0654
2014-11-30T00:09:59.212Z,4.9437,64.035,232.3644,0.2756,0.0811,3.0763,56.7433,232.3352,0.2446,0.0564,3.1049,56.6337,231.6279,0.2444,0.056
2014-11-30T00:10:59.447Z,4.9775,65.2435,232.6573,0.2803,0.0788,2.7948,58.8771,232.1638,0.2535,0.048,4.3658,56.5185,231.5733,0.2442,0.0789
2014-11-30T00:11:59.768Z,4.7214,64.8088,232.5266,0.2792,0.0735,2.8587,57.0664,232.0697,0.2459,0.0493,3.6092,57.303,231.5133,0.2473,0.062
2014-11-30T00:12:59.979Z,5.5268,64.5191,232.9293,0.2766,0.0898,2.776,58.8609,232.3736,0.2534,0.0495,3.1084,59.0065,231.9774,0.2544,0.0538
2014-11-30T00:13:59.370Z,5.5152,66.539,233.2368,0.2851,0.0834,2.5766,58.7988,231.9993,0.254,0.0438,3.4828,59.2253,232.0007,0.2557,0.0592
2014-11-30T00:14:59.771Z,4.3121,66.6869,233.458,0.2859,0.0646,2.5673,59.9295,233.1171,0.2568,0.044,3.5984,60.164,232.0518,0.259,0.0599
2014-11-30T00:15:59.999Z,4.4196,63.6412,233.3216,0.2725,0.0707,2.7111,57.9468,232.6237,0.2489,0.048,3.5487,58.2258,231.7651,0.2512,0.0603
2014-11-30T00:16:59.188Z,5.6289,64.8706,233.3864,0.278,0.089,2.2026,58.044,232.3963,0.2494,0.0371,3.1863,58.9799,231.5217,0.2544,0.0553
2014-11-30T00:17:59.584Z,5.0483,65.0042,233.7361,0.2783,0.0796,2.4183,58.3014,232.5937,0.2507,0.0415,3.3609,57.8776,231.6592,0.2498,0.0589
2014-11-30T00:18:59.880Z,4.5189,66.784,234.586,0.2846,0.0688,2.9549,60.3957,233.3931,0.2587,0.0481,3.3024,59.5932,233.1046,0.2552,0.0577
2014-11-30T00:19:59.359Z,4.3031,64.0803,234.4058,0.2738,0.0703,3.0592,57.0363,234.1205,0.2434,0.0549,3.4944,58.8955,233.2947,0.2526,0.0625
2014-11-30T00:20:59.700Z,5.2863,65.6165,234.2773,0.2798,0.0819,3.1003,57.5942,233.3854,0.247,0.0541,3.1457,58.3227,233.0352,0.2502,0.0559
2014-11-30T00:21:59.004Z,5.2043,65.956,234.8428,0.2811,0.0798,2.6342,58.9001,233.2916,0.2521,0.0454,3.6379,58.4304,233.4224,0.2506,0.0636
2014-11-30T00:22:59.202Z,4.217,65.6819,234.7302,0.2798,0.0658,3.0933,57.6845,233.563,0.2468,0.0546,3.4968,59.2492,233.9256,0.2531,0.0601
2014-11-30T00:23:59.451Z,5.2671,65.5318,234.5865,0.2795,0.0825,3.0848,58.2812,233.3415,0.2496,0.0548,3.3388,57.9893,233.5062,0.2482,0.0574
2014-11-30T00:24:59.672Z,5.2779,66.3735,234.0908,0.2831,0.0807,2.5992,60.2489,233.4907,0.258,0.0438,3.847,61.5548,233.289,0.264,0.0638
2014-11-30T00:25:59.984Z,5.3507,66.9521,233.6757,0.2865,0.0808,2.7087,59.8649,233.2888,0.2562,0.0446,4.217,58.738,232.7412,0.2531,0.0741
2014-11-30T00:26:59.482Z,5.1416,66.8289,234.1067,0.2855,0.0775,2.8142,59.8098,233.0462,0.2566,0.0459,3.4646,60.9431,232.2378,0.2627,0.0581
2014-11-30T00:27:59.734Z,5.0893,67.2351,233.8915,0.2876,0.0771,2.2977,61.1062,233.0789,0.2626,0.0386,3.1256,60.7363,232.2852,0.2611,0.0521
2014-11-30T00:28:59.951Z,4.7578,66.0708,233.9638,0.2826,0.0727,2.6444,59.0732,233.0723,0.2534,0.0438,3.2508,59.607,232.2408,0.2566,0.0552
2014-11-30T00:29:59.231Z,4.6376,68.493,234.2304,0.2924,0.0687,3.4839,60.7267,233.352,0.26,0.0579,3.7002,60.8358,232.365,0.2616,0.0612
2014-11-30T00:30:59.604Z,4.2353,65.5696,233.889,0.2802,0.0657,2.5109,60.2177,233.0898,0.2584,0.0414,3.3613,59.8829,232.2376,0.258,0.0574
2014-11-30T00:31:59.959Z,4.9516,67.1729,234.6771,0.286,0.0753,2.4247,60.4323,233.2481,0.2593,0.0405,3.6719,59.8414,232.5851,0.2566,0.0624
2014-11-30T00:32:59.203Z,5.4409,68.2503,234.5137,0.291,0.08,3.1594,60.8788,232.8582,0.2617,0.0528,3.2362,59.8638,233.2547,0.2568,0.054
2014-11-30T00:33:59.627Z,4.8156,66.5987,234.7547,0.284,0.0736,2.4792,60.5024,232.938,0.2598,0.0419,3.6896,59.6932,233.0527,0.2567,0.0646
2014-11-30T00:34:59.983Z,5.1539,67.1255,234.5132,0.2858,0.0773,2.7477,60.7212,233.118,0.2611,0.047,3.0314,60.6609,232.8812,0.2601,0.0503
2014-11-30T00:35:59.387Z,5.3796,68.1708,234.0407,0.2911,0.0801,2.7842,60.4936,233.258,0.2597,0.046,3.2949,60.2203,233.008,0.2584,0.0557
2014-11-30T00:36:59.828Z,5.1113,67.075,234.3077,0.2862,0.0762,3.071,61.1732,232.9896,0.2624,0.0536,3.3571,60.9247,232.3538,0.262,0.0539
2014-11-30T00:37:59.182Z,5.0101,68.2816,234.1824,0.2917,0.0746,2.5501,60.7047,232.7651,0.2609,0.041,3.7264,60.3372,232.3447,0.2598,0.0614
2014-11-30T00:38:59.407Z,4.8441,66.7208,234.3732,0.2851,0.0734,2.9618,59.1138,231.8229,0.2552,0.0496,3.0271,60.1225,232.5813,0.2586,0.0522
2014-11-30T00:39:59.654Z,5.3652,66.2045,233.8818,0.2832,0.0823,2.3807,58.8032,230.2591,0.2556,0.041,3.4998,59.3498,232.9491,0.2551,0.0602
2014-11-30T00:40:59.917Z,4.9946,67.2733,232.6102,0.2893,0.0745,2.726,60.1597,233.0808,0.2583,0.0467,3.7925,60.1191,232.0727,0.2588,0.063
2014-11-30T00:41:59.152Z,4.8283,66.2811,233.4334,0.2837,0.0737,2.6192,59.8193,233.6204,0.2558,0.0436,3.5458,60.0991,230.6187,0.2601,0.06
2014-11-30T00:42:59.489Z,5.1091,67.344,233.8664,0.2878,0.0762,2.3762,60.9824,233.3786,0.2616,0.0397,3.353,60.33,232.306,0.2599,0.0564
2014-11-30T00:43:59.736Z,5.7115,68.0599,233.9731,0.2907,0.0852,2.4286,59.9,233.2802,0.2566,0.041,3.5097,57.8158,233.0629,0.2475,0.0627
2014-11-30T00:44:59.948Z,5.2516,65.6499,234.1818,0.2798,0.0801,3.1646,58.2258,233.106,0.25,0.0545,3.1819,60.5027,233.019,0.2597,0.0543
2014-11-30T00:45:59.302Z,4.0838,66.8511,234.0011,0.2853,0.0612,2.8524,61.1343,232.9222,0.2626,0.0453,3.2812,60.6904,233.2754,0.2602,0.054
2014-11-30T00:46:59.538Z,5.146,67.8784,234.13,0.2901,0.0772,2.7707,59.5179,229.858,0.2589,0.0465,3.1429,60.2949,234.3163,0.2566,0.0525
2014-11-30T00:47:59.840Z,5.4797,67.3055,234.2671,0.2869,0.0831,2.5693,57.8725,229.2862,0.2523,0.0462,3.9741,60.1777,234.6136,0.2563,0.0666
2014-11-30T00:48:59.197Z,4.1611,66.98,233.7496,0.2862,0.0629,2.4774,59.1719,231.9216,0.2554,0.0426,3.4342,61.8956,234.0871,0.2648,0.0567
2014-11-30T00:49:59.468Z,5.6393,66.6952,233.3252,0.2859,0.0859,2.9872,59.659,232.7521,0.2561,0.0518,3.1828,59.6837,233.4643,0.2557,0.0557
2014-11-30T00:50:59.589Z,5.387,66.7662,233.7946,0.2853,0.0811,3.087,59.7502,233.1629,0.2562,0.0513,3.5746,60.7154,233.7585,0.2599,0.0592
2014-11-30T00:51:59.022Z,5.5043,67.1559,233.338,0.2879,0.0819,3.5136,59.7463,232.2662,0.2574,0.0574,3.0453,60.5687,233.674,0.2591,0.0496
2014-11-30T00:52:59.357Z,4.1454,66.7531,233.5743,0.2854,0.0623,2.9574,59.9847,232.0438,0.2587,0.0484,3.2497,61.7364,233.6891,0.2646,0.056
2014-11-30T00:53:59.768Z,5.3254,65.8391,233.617,0.2816,0.081,2.502,59.2548,231.8199,0.2557,0.044,3.8336,59.7696,234.0285,0.2558,0.0673
2014-11-30T00:54:59.929Z,5.2256,65.7743,233.6346,0.2814,0.08,2.7114,58.3578,231.4086,0.2521,0.048,3.6498,61.7837,234.3311,0.2638,0.06
2014-11-30T00:55:59.213Z,5.351,65.8059,233.76,0.2813,0.0824,2.7537,59.6478,232.5628,0.2568,0.0459,3.3811,60.8776,233.499,0.2612,0.0573
2014-11-30T00:56:59.525Z,4.2599,66.6799,233.6769,0.2855,0.0637,2.7115,59.8726,233.0288,0.2573,0.0436,3.3333,61.7737,233.4758,0.2645,0.0563
2014-11-30T00:57:59.117Z,5.5114,67.4702,233.8249,0.2886,0.0838,3.2153,60.1395,232.8044,0.2586,0.0551,3.5116,61.3082,233.3743,0.263,0.0571
2014-11-30T00:58:59.422Z,5.2355,66.4105,234.079,0.2837,0.0801,2.7402,59.128,233.029,0.254,0.0478,3.8077,59.4156,233.6611,0.2541,0.068
2014-11-30T00:59:59.666Z,4.3737,66.3295,233.9747,0.2838,0.0677,2.5256,59.6525,232.9858,0.2558,0.0418,3.7375,60.7344,233.7308,0.2595,0.0644
