2014-11-15T00:00:59.187Z,2.8923,22.4472,229.727,0.0977,0.13,-6.4601,22.0162,231.6432,0.0955,-0.2915,10.4059,25.1995,231.4852,0.1086,0.4138
2014-11-15T00:01:59.356Z,2.7151,22.7591,229.3432,0.0986,0.1211,-6.4867,22.4235,231.9941,0.0968,-0.2886,10.4701,25.6365,232.1809,0.1103,0.4094
2014-11-15T00:02:59.643Z,2.9323,22.7378,230.075,0.0986,0.1306,-6.1676,22.7247,232.7555,0.098,-0.2694,10.412,25.9853,233.0843,0.1114,0.4013
2014-11-15T00:03:59.031Z,3.3023,22.2238,229.042,0.0963,0.1501,-6.2933,23.0295,231.8857,0.0994,-0.2739,10.4848,25.7385,232.7561,0.1101,0.4095
2014-11-15T00:04:59.989Z,3.3715,22.8968,229.4503,0.0993,0.1484,-6.0988,22.9295,231.7658,0.0993,-0.2668,10.4884,26.5224,232.8175,0.114,0.3957
2014-11-15T00:05:59.241Z,3.2433,22.7856,230.5657,0.0986,0.1427,-6.6843,22.8545,232.1501,0.098,-0.2909,10.4632,26.4532,232.5697,0.1141,0.3962
2014-11-15T00:06:59.483Z,2.7917,22.9671,231.0862,0.0999,0.1219,-6.7816,22.7564,232.4315,0.098,-0.2981,10.1994,26.3359,232.5849,0.1132,0.3869
2014-11-15T00:07:59.755Z,3.1323,23.1546,230.931,0.1006,0.1363,-6.4449,23.2639,232.5998,0.1001,-0.2774,10.4533,26.3388,232.4971,0.1133,0.3982
2014-11-15T00:08:59.948Z,2.7967,23.6034,231.0068,0.1023,0.1202,-6.6057,22.8246,232.5764,0.0984,-0.2894,10.4286,26.3843,232.5462,0.1135,0.395
2014-11-15T00:09:59.494Z,2.7942,22.9519,230.7322,0.0994,0.122,-6.9528,23.0656,231.9194,0.0995,-0.3019,10.19,26.3443,232.2248,0.1127,0.3871
2014-11-15T00:10:59.837Z,3.0861,22.8014,229.7064,0.0989,0.1378,-6.3979,23.1266,231.3471,0.0998,-0.2774,10.5137,26.5283,232.2506,0.114,0.3956
2014-11-15T00:11:59.115Z,3.1409,22.7372,228.9475,0.0996,0.1397,-6.2292,23.2749,231.7703,0.1004,-0.2687,10.166,26.507,232.6194,0.114,0.383
2014-11-15T00:12:59.494Z,2.8846,22.8109,228.6231,0.1,0.1281,-6.5705,23.1,231.7072,0.1002,-0.2846,10.2914,26.4422,232.4693,0.1134,0.3887
2014-11-15T00:13:59.765Z,2.6898,22.9023,228.5272,0.1002,0.1193,-6.4404,22.5463,231.7796,0.0978,-0.2844,10.5972,26.531,232.2986,0.1139,0.4011
2014-11-15T00:14:59.136Z,3.3978,22.9349,227.2198,0.1008,0.148,-7.0912,22.9015,230.4218,0.1,-0.31,10.3778,26.3906,233.3789,0.1128,0.3932
2014-11-15T00:15:59.418Z,3.2454,22.5864,228.311,0.0982,0.1449,-6.5498,22.9057,229.5852,0.0998,-0.2872,10.2285,26.5404,233.2256,0.1134,0.385
2014-11-15T00:16:59.661Z,3.1974,22.5615,229.0435,0.0978,0.1411,-7.1403,22.7474,230.262,0.0991,-0.3135,10.3023,26.6853,233.7863,0.1139,0.387
2014-11-15T00:17:59.305Z,3.4628,22.7747,230.1951,0.0988,0.1534,-6.2442,23.103,231.2984,0.1011,-0.2723,10.5804,26.5187,233.8223,0.1134,0.3995
2014-11-15T00:18:59.828Z,3.7078,23.0419,229.6997,0.1007,0.1636,-6.2212,22.2798,231.4492,0.0966,-0.2774,10.7477,25.7765,232.7799,0.1103,0.4182
2014-11-15T00:19:59.152Z,3.654,23.0397,231.0719,0.0994,0.1586,-6.7141,22.378,229.2071,0.0976,-0.2999,10.3426,26.0057,233.4977,0.1113,0.3987
2014-11-15T00:20:59.551Z,3.0254,22.9134,231.4273,0.0986,0.1334,-6.5118,22.5329,229.6017,0.0984,-0.289,10.3251,25.921,232.7129,0.1114,0.3998
2014-11-15T00:21:59.641Z,3.0563,23.0501,231.0216,0.1001,0.1343,-6.7123,22.2319,231.6441,0.0963,-0.3013,10.2684,25.4986,232.0381,0.1094,0.4032
2014-11-15T00:22:59.748Z,2.7343,22.923,232.1785,0.0991,0.1183,-6.6105,22.3384,232.4264,0.0961,-0.2938,10.213,25.825,232.6153,0.1105,0.3982
2014-11-15T00:23:59.065Z,3.13,23.2103,232.1666,0.0999,0.1361,-6.8416,23.1037,232.397,0.0999,-0.2958,10.4757,26.4238,232.7691,0.1135,0.3967
2014-11-15T00:24:59.594Z,3.4805,23.4207,231.3456,0.1008,0.1491,-6.4771,22.8665,232.0884,0.0988,-0.2829,10.3425,26.772,232.5555,0.1149,0.3863
2014-11-15T00:25:59.759Z,3.5381,22.8626,231.0661,0.0993,0.1557,-6.8637,23.0026,232.0086,0.0996,-0.2986,10.3821,26.6329,232.5536,0.1145,0.3896
2014-11-15T00:26:59.283Z,3.3727,22.7831,230.9488,0.0983,0.1485,-6.8343,23.2282,232.0927,0.1001,-0.2946,10.1929,26.1631,232.5217,0.1123,0.3899
2014-11-15T00:27:59.630Z,3.6014,22.8793,231.4072,0.0988,0.1567,-6.567,23.3333,232.167,0.1004,-0.2833,10.4144,26.6421,232.8306,0.1139,0.3918
2014-11-15T00:28:59.892Z,3.2167,22.7355,231.1414,0.0987,0.1423,-6.4094,22.8555,231.9812,0.0988,-0.2795,10.2768,26.4224,232.7459,0.1136,0.39
2014-11-15T00:29:59.144Z,3.3446,23.0538,230.8488,0.0991,0.1466,-6.7631,23.2197,231.3698,0.1008,-0.2924,10.1695,26.6341,232.4898,0.1143,0.3817
2014-11-15T00:30:59.703Z,3.5226,23.1186,230.4386,0.1007,0.1528,-6.7276,23.1049,230.7706,0.1007,-0.292,10.5186,26.7089,232.2381,0.1146,0.3945
2014-11-15T00:31:59.048Z,3.4702,23.2348,229.5115,0.1017,0.1502,-6.6639,23.0114,231.2733,0.0999,-0.2896,10.5375,26.28,232.8066,0.113,0.4004
2014-11-15T00:32:59.390Z,2.9252,22.9026,229.8522,0.0993,0.1278,-6.6054,22.6963,232.6324,0.0984,-0.2887,10.1969,26.2447,233.4667,0.1122,0.3903
2014-11-15T00:33:59.766Z,3.106,23.1154,230.0612,0.1006,0.1343,-6.6301,22.9544,232.9814,0.0985,-0.288,10.1484,26.4659,233.8928,0.1132,0.3831
2014-11-15T00:34:59.054Z,3.5682,23.2111,230.3462,0.1011,0.1555,-6.592,23.1436,232.8596,0.0998,-0.2851,10.4591,26.6035,234.1274,0.1137,0.393
2014-11-15T00:35:59.252Z,3.6167,22.9072,231.2795,0.0987,0.1578,-6.9331,22.9013,232.4003,0.0994,-0.3024,10.466,27.0695,233.7607,0.1155,0.3876
2014-11-15T00:36:59.104Z,3.5521,23.1079,231.7809,0.0997,0.1541,-6.5785,23.0981,232.651,0.0993,-0.2847,10.5149,26.9267,233.8233,0.115,0.3906
2014-11-15T00:37:59.346Z,3.5938,23.4789,232.2352,0.1019,0.1528,-6.3823,22.5029,232.1917,0.0971,-0.2821,10.5528,26.3982,234.616,0.1121,0.4015
2014-11-15T00:38:59.736Z,3.4093,23.2286,231.9368,0.1004,0.1484,-6.1873,23.619,232.1865,0.1016,-0.2641,10.4966,27.0688,234.0224,0.1159,0.3877
2014-11-15T00:39:59.330Z,3.6369,23.2506,231.5044,0.1004,0.157,-6.9096,22.5377,231.477,0.0971,-0.306,10.4199,26.5856,233.8555,0.1136,0.3926
2014-11-15T00:40:59.399Z,4.0586,23.2811,231.8601,0.1005,0.1754,-6.8455,22.5442,231.5197,0.0986,-0.3034,10.7453,26.6549,234.2005,0.1139,0.4033
2014-11-15T00:41:59.495Z,3.3962,23.1568,231.8106,0.1,0.1478,-7.1018,22.721,231.9164,0.0982,-0.3129,10.4759,27.0634,234.2396,0.1152,0.3866
2014-11-15T00:42:59.635Z,3.4447,22.9978,231.6406,0.0989,0.1496,-6.9852,22.6812,232.2883,0.0982,-0.3077,10.3769,26.6798,234.206,0.1139,0.3891
2014-11-15T00:43:59.220Z,3.3982,23.6937,232.2739,0.1022,0.1452,-6.426,22.7428,232.5947,0.0977,-0.2822,10.4842,26.4898,234.0959,0.113,0.3957
2014-11-15T00:44:59.506Z,3.2475,23.1515,230.9191,0.1005,0.1411,-6.5871,23.1167,232.2481,0.0996,-0.2854,10.4381,26.7873,233.4465,0.1147,0.3899
2014-11-15T00:45:59.060Z,3.4642,22.9941,230.9117,0.0996,0.151,-6.6861,23.1415,232.2302,0.0991,-0.2896,10.3066,26.8711,233.1547,0.1149,0.3845
2014-11-15T00:46:59.840Z,3.42,23.5853,231.5363,0.102,0.1451,-6.6147,23.1142,232.1254,0.0994,-0.2871,10.3834,26.4118,233.1145,0.1134,0.3931
2014-11-15T00:47:59.266Z,2.8899,23.2358,230.9292,0.1009,0.1255,-6.3063,23.5192,231.4591,0.1011,-0.2694,10.3797,26.1216,232.3663,0.1123,0.3969
2014-11-15T00:48:59.629Z,3.2617,23.2919,231.5757,0.1009,0.1406,-6.4315,23.3727,231.7449,0.1012,-0.2759,10.4101,26.4738,232.9941,0.1132,0.3933
2014-11-15T00:49:59.901Z,2.8155,23.1984,231.2779,0.1002,0.1223,-6.4314,23.4743,231.4804,0.1014,-0.274,10.2924,26.5733,233.0631,0.1137,0.3878
2014-11-15T00:50:59.300Z,3.0406,23.3541,230.9274,0.1014,0.1309,-6.7126,23.1401,231.3459,0.1003,-0.2911,10.5089,26.5817,233.5396,0.1135,0.3954
2014-11-15T00:51:59.607Z,2.9243,23.2543,231.0646,0.1007,0.1267,-6.5823,23.305,231.7397,0.101,-0.2833,10.432,26.9806,234.3718,0.1149,0.3863
2014-11-15T00:52:59.410Z,3.0003,23.0518,231.2457,0.0999,0.1307,-6.5101,22.6862,231.5474,0.0984,-0.2855,10.4012,27.1854,234.5447,0.1159,0.384
2014-11-15T00:53:59.925Z,3.4467,23.1643,230.8335,0.0997,0.1503,-6.6838,23.1448,231.5772,0.0999,-0.2897,10.6479,27.0039,234.4503,0.1149,0.3956
2014-11-15T00:54:59.215Z,3.687,23.1282,230.8855,0.1001,0.1603,-6.5953,23.0075,232.0557,0.0994,-0.2868,10.4176,26.9767,234.2596,0.1149,0.387
2014-11-15T00:55:59.300Z,3.6688,23.2729,231.3082,0.1013,0.1576,-6.852,22.8272,231.6845,0.0985,-0.3002,10.3795,27.0382,234.0207,0.1149,0.3839
2014-11-15T00:56:59.655Z,3.5603,23.0136,231.4907,0.0996,0.1552,-7.1131,22.8996,232.0646,0.099,-0.3112,10.4301,26.8526,234.1602,0.1145,0.3884
2014-11-15T00:57:59.828Z,3.4314,22.9959,229.6103,0.1003,0.1499,-6.6546,23.0197,232.962,0.0991,-0.2887,10.4081,26.4705,234.2487,0.1133,0.3951
2014-11-15T00:58:59.950Z,3.3355,23.0456,229.9807,0.1006,0.1453,-6.913,22.9256,233.839,0.0983,-0.3004,10.4702,26.5952,234.8554,0.1128,0.3934
2014-11-15T00:59:59.248Z,3.5486,23.3194,229.4555,0.1016,0.1534,-6.6938,22.9254,232.9646,0.0986,-0.2912,10.8804,26.7583,234.4515,0.1142,0.407
