2014-11-16T00:00:59.031Z,3.7195,21.9709,231.6012,0.0948,0.1708,-6.3754,22.4372,232.7942,0.0965,-0.2835,10.6621,26.3408,233.8848,0.1126,0.4067
2014-11-16T00:01:59.206Z,3.5824,22.8221,231.3467,0.0984,0.1586,-6.5431,22.5933,233.5001,0.0967,-0.2891,10.6281,26.2493,233.7545,0.1122,0.4057
2014-11-16T00:02:59.504Z,3.6719,22.9409,232.1979,0.0986,0.1621,-6.1653,22.1312,233.0217,0.0952,-0.2768,10.5366,26.1552,233.4213,0.112,0.4048
2014-11-16T00:03:59.857Z,3.5689,22.9045,232.0968,0.0986,0.158,-6.419,22.1237,232.9259,0.0947,-0.2855,10.6391,26.194,233.6245,0.1122,0.4076
2014-11-16T00:04:59.052Z,3.5832,23.1363,232.1516,0.0996,0.1565,-6.2979,22.6014,232.8089,0.0965,-0.2778,10.2792,26.0954,233.6062,0.1114,0.3952
2014-11-16T00:05:59.151Z,3.3563,23.1682,231.9648,0.0999,0.1456,-6.9246,22.6684,232.7724,0.0974,-0.3041,9.9714,26.3637,233.3768,0.113,0.3782
2014-11-16T00:06:59.407Z,3.2461,22.7729,231.2509,0.098,0.1422,-6.9204,22.9586,231.9922,0.0988,-0.3013,10.1031,26.8226,232.5422,0.1153,0.3772
2014-11-16T00:07:59.641Z,3.4777,22.7931,231.9918,0.0977,0.1513,-6.9007,22.8183,231.7481,0.0987,-0.3032,10.1147,26.1702,231.6026,0.1129,0.3864
2014-11-16T00:08:59.048Z,3.4117,22.8167,232.4926,0.0985,0.1504,-6.8046,22.898,232.5434,0.0986,-0.2971,10.4146,26.3883,232.2228,0.1135,0.3944
2014-11-16T00:09:59.145Z,3.5569,23.1504,232.9819,0.0997,0.1566,-6.6776,22.8017,232.5714,0.099,-0.2921,10.4177,26.3374,232.3939,0.1132,0.3954
2014-11-16T00:10:59.435Z,3.6047,23.4276,232.3514,0.1007,0.1545,-6.9891,22.712,230.1579,0.0989,-0.3084,10.4237,26.6413,233.362,0.1136,0.3911
2014-11-16T00:11:59.612Z,2.9748,23.0435,232.2261,0.0997,0.1296,-6.7438,22.9259,230.7855,0.0993,-0.2941,10.2187,26.4565,232.8021,0.1136,0.3863
2014-11-16T00:12:59.838Z,3.0356,23.2241,232.2916,0.0999,0.132,-6.202,23.0717,232.785,0.0997,-0.2698,10.7151,26.2641,232.1666,0.1132,0.4096
2014-11-16T00:13:59.171Z,3.1003,23.5772,232.3396,0.1015,0.1324,-6.7368,23.2739,232.8649,0.1,-0.2897,10.4724,26.4889,232.6453,0.1139,0.3955
2014-11-16T00:14:59.420Z,2.7919,23.3424,232.2167,0.1003,0.12,-6.704,22.8784,232.1017,0.0993,-0.2936,10.3803,26.4881,232.5293,0.1139,0.3921
2014-11-16T00:15:59.504Z,3.7191,22.9917,231.2594,0.0997,0.1619,-6.9618,22.7398,231.6351,0.0982,-0.3053,10.4267,26.7016,232.5967,0.1145,0.3903
2014-11-16T00:16:59.946Z,3.4632,23.1621,231.1285,0.1003,0.1503,-6.1591,23.0663,231.4216,0.1002,-0.2684,10.3864,26.713,232.6994,0.1149,0.3897
2014-11-16T00:17:59.306Z,2.8368,22.8923,230.9773,0.0988,0.1238,-6.2355,22.9833,231.7186,0.0987,-0.2714,10.2931,26.2843,232.0668,0.1129,0.3924
2014-11-16T00:18:59.517Z,3.0199,22.2955,229.5384,0.097,0.1367,-6.5429,22.3019,231.9057,0.0963,-0.2916,10.381,25.9044,232.3347,0.112,0.4027
2014-11-16T00:19:59.735Z,3.121,22.454,229.3815,0.0976,0.1402,-6.7253,22.604,231.833,0.0977,-0.2982,10.5548,26.0685,232.73,0.1126,0.4061
2014-11-16T00:20:59.920Z,3.0129,22.3345,229.2611,0.0973,0.1356,-6.4034,22.2177,231.9664,0.0956,-0.2873,10.404,25.9486,232.677,0.1105,0.4016
2014-11-16T00:21:59.248Z,3.1714,22.9701,229.4796,0.0999,0.1386,-6.0395,22.2384,231.5215,0.0969,-0.2715,10.4532,25.833,232.1281,0.1108,0.4051
2014-11-16T00:22:59.468Z,2.7711,23.1933,230.818,0.1006,0.1215,-6.417,22.6384,230.7893,0.0984,-0.2837,10.4247,26.1928,231.6728,0.113,0.3984
2014-11-16T00:23:59.763Z,2.995,23.6068,231.262,0.1023,0.1285,-6.522,22.5638,230.5062,0.0985,-0.289,10.1582,25.6816,231.4478,0.1105,0.3957
2014-11-16T00:24:59.911Z,2.7583,23.4178,231.7277,0.1011,0.119,-6.4603,23.0574,231.6821,0.0999,-0.2812,10.1826,26.2899,232.4699,0.1132,0.3877
2014-11-16T00:25:59.174Z,3.3822,23.4347,231.1,0.1016,0.1461,-6.4908,22.9954,231.4225,0.1,-0.2835,10.3862,26.4075,232.7643,0.1137,0.394
2014-11-16T00:26:59.515Z,3.5528,23.2549,231.1672,0.1002,0.1535,-6.6937,23.0541,231.2652,0.1004,-0.2909,10.4776,26.3547,232.8757,0.1128,0.3973
2014-11-16T00:27:59.838Z,95.3121,181.21,231.1734,0.7877,0.1924,89.4595,163.5147,231.6722,0.7074,-0.1849,253.8294,333.5289,232.6843,1.4437,0.6315
2014-11-16T00:28:59.108Z,1070.6907,1474.9418,229.6746,6.4216,0.7256,1169.6687,1590.9226,230.8136,6.8927,0.7351,1640.4032,2187.6051,230.0818,9.5077,0.7491
2014-11-16T00:29:59.361Z,1151.1857,1564.7509,229.8892,6.8063,0.7356,1218.2038,1613.8409,228.9625,7.0484,0.754,1744.313,2254.126,230.1931,9.7925,0.7746
2014-11-16T00:30:59.606Z,1153.3767,1573.9658,229.7701,6.85,0.7325,1221.2198,1603.4226,227.8198,7.0381,0.7614,1770.0293,2271.7679,230.5554,9.8531,0.7793
2014-11-16T00:31:59.823Z,1189.747,1575.516,229.4218,6.8668,0.7547,1280.5003,1687.0184,230.2949,7.3256,0.7588,1742.5752,2258.726,229.6335,9.836,0.7705
2014-11-16T00:32:59.155Z,1207.067,1603.5887,229.9947,6.972,0.7521,1288.9603,1698.7129,230.8263,7.3593,0.7594,1766.2204,2282.2863,230.1228,9.9172,0.7737
2014-11-16T00:33:59.447Z,1232.796,1617.8913,229.8862,7.0374,0.7624,1314.3636,1726.1097,230.9839,7.4736,0.7613,1774.1703,2285.5999,229.6133,9.954,0.7774
2014-11-16T00:34:59.758Z,1252.8113,1630.2775,229.7555,7.0956,0.7689,1335.6218,1746.657,230.9521,7.563,0.7641,1785.0596,2291.4292,229.2712,9.9947,0.7799
2014-11-16T00:35:59.988Z,1260.8023,1634.0414,229.1045,7.1324,0.7714,1347.1182,1745.1712,230.4507,7.5724,0.7714,1805.6474,2304.2902,229.1345,10.056,0.7822
2014-11-16T00:36:59.202Z,1279.0918,1648.9243,229.0784,7.1978,0.7758,1375.5776,1770.5769,230.2213,7.6911,0.7764,1826.2473,2326.2829,229.3813,10.1419,0.7852
2014-11-16T00:37:59.477Z,1300.7704,1650.3604,228.4699,7.2235,0.7889,1407.3593,1800.6569,230.1814,7.8225,0.7813,1823.1625,2316.437,228.1155,10.1543,0.789
2014-11-16T00:38:59.750Z,1243.41,1606.2584,228.8995,7.0173,0.7742,1340.0117,1736.4234,229.7855,7.5564,0.7712,1776.8741,2271.0585,228.6865,9.9309,0.7827
2014-11-16T00:39:59.064Z,1230.3587,1618.8803,230.41,7.026,0.7594,1315.5952,1725.9873,230.7916,7.4781,0.7621,1776.1804,2282.5764,230.3371,9.9096,0.7786
2014-11-16T00:40:59.347Z,1245.8062,1634.7223,230.2507,7.1,0.7611,1334.9782,1738.5352,230.764,7.5335,0.7684,1802.7335,2307.899,230.6159,10.0069,0.7805
2014-11-16T00:41:59.614Z,1270.2319,1650.1587,229.752,7.1821,0.7703,1354.653,1749.3662,230.1941,7.5996,0.7751,1824.1816,2316.0396,230.1249,10.0642,0.7895
2014-11-16T00:42:59.861Z,1266.8673,1634.0337,228.8751,7.1395,0.7754,1362.6616,1750.5639,230.1626,7.6057,0.7786,1818.2213,2307.5767,229.329,10.0623,0.7899
2014-11-16T00:43:59.170Z,1281.8108,1643.8706,229.347,7.1669,0.7798,1384.5237,1773.816,230.2094,7.7052,0.7802,1828.9743,2318.6115,229.0055,10.1247,0.79
2014-11-16T00:44:59.382Z,116.036,170.358,230.6309,0.7434,0.1985,112.3363,172.4514,231.8569,0.748,-0.1953,283.9954,344.4314,232.4935,1.4941,0.6828
2014-11-16T00:45:59.639Z,3.6424,23.2982,231.7444,0.1005,0.1578,-6.5491,22.8531,231.6493,0.0987,-0.2873,10.2914,26.2041,232.9538,0.1122,0.392
2014-11-16T00:46:59.947Z,3.7713,23.3501,232.0587,0.1009,0.1626,-6.4923,22.7326,231.6962,0.0982,-0.2847,10.2154,26.2317,232.8773,0.1128,0.3899
2014-11-16T00:47:59.239Z,3.4759,23.4685,232.0841,0.1012,0.149,-6.5432,23.4524,231.6539,0.1018,-0.2806,10.2189,26.3209,232.8352,0.1125,0.3887
2014-11-16T00:48:59.635Z,3.4906,23.1605,231.8999,0.0994,0.1506,-6.7233,23.5596,231.2164,0.1024,-0.2874,10.5024,26.5257,233.2128,0.1138,0.3974
2014-11-16T00:49:59.968Z,3.735,23.4751,231.7687,0.1016,0.1609,-6.5706,23.2651,231.0003,0.1005,-0.2831,10.4871,26.418,233.0272,0.1133,0.3971
2014-11-16T00:50:59.156Z,3.5531,23.1613,231.2291,0.0999,0.1553,-6.8012,22.6647,231.5237,0.0982,-0.2996,10.1329,26.2397,232.1806,0.1126,0.3865
2014-11-16T00:51:59.318Z,3.5904,23.0454,230.6467,0.1,0.1564,-6.81,23.0477,231.4501,0.0996,-0.2953,10.2573,26.1801,231.6984,0.1133,0.392
2014-11-16T00:52:59.857Z,3.4905,23.0183,230.3592,0.1002,0.1522,-6.9291,23.3466,231.6297,0.1007,-0.2976,10.2753,26.1851,231.5561,0.1126,0.3929
2014-11-16T00:53:59.199Z,3.1947,23.8363,231.02,0.1033,0.1352,-6.5592,22.8312,231.3657,0.099,-0.2874,10.2722,25.9211,231.8478,0.1117,0.3959
2014-11-16T00:54:59.314Z,3.1034,23.0566,231.6143,0.0999,0.1357,-6.8161,22.7427,231.2699,0.0988,-0.2995,10.2803,26.4622,233.1877,0.1133,0.3884
2014-11-16T00:55:59.663Z,3.7745,23.2553,231.6898,0.1004,0.1635,-5.9893,23.1036,231.2569,0.1003,-0.2603,10.8549,26.9912,233.6538,0.1152,0.4021
2014-11-16T00:57:59.305Z,3.101,22.926,232.6219,0.0986,0.1367,-6.5216,23.201,232.3421,0.1003,-0.2816,10.4744,26.5205,233.7431,0.1133,0.3961
2014-11-16T00:58:59.669Z,3.1981,23.6535,233.1561,0.1018,0.1356,-6.5417,23.4318,233.4338,0.1009,-0.2798,10.3153,26.3155,233.2482,0.1134,0.3919
2014-11-16T00:59:59.834Z,2.8739,23.253,233.2102,0.1001,0.1232,-6.6331,23.2806,233.7381,0.0998,-0.2852,10.3995,26.68,233.2733,0.1141,0.3899
2014-11-16T01:00:59.250Z,3.4565,22.4201,232.714,0.0967,0.1544,-5.9017,22.5391,232.9716,0.0966,-0.2604,10.432,26.3544,233.4652,0.1127,0.397
2014-11-16T01:01:59.490Z,3.4811,23.0369,232.6153,0.0989,0.152,-6.5611,22.5641,232.9615,0.097,-0.2891,10.3419,26.2276,233.6436,0.1123,0.3956
2014-11-16T01:02:59.754Z,3.7412,22.8264,233.0124,0.0977,0.1648,-6.5346,22.1512,232.9009,0.0953,-0.2938,10.399,26.2174,233.6046,0.1119,0.3977
2014-11-16T01:03:59.362Z,3.6018,23.1692,232.8659,0.0995,0.1561,-6.3997,22.4827,232.2888,0.0966,-0.2842,10.2181,25.9306,232.6669,0.1115,0.396
2014-11-16T01:04:59.693Z,3.6635,23.2415,232.1235,0.0997,0.1577,-6.2876,22.8835,231.6893,0.0986,-0.2745,10.1906,25.9841,232.7729,0.1113,0.393
2014-11-16T01:05:59.929Z,2.8931,23.4706,232.151,0.1011,0.1244,-6.5463,22.8991,230.984,0.0989,-0.2856,10.4588,26.2746,233.2707,0.1127,0.3981
2014-11-16T01:06:59.074Z,2.9707,23.5336,231.8953,0.1017,0.1276,-6.4838,22.7928,231.5082,0.0985,-0.282,10.362,26.5557,233.4068,0.1134,0.3904
2014-11-16T01:07:59.425Z,2.8674,23.0962,231.6518,0.0997,0.1254,-6.3723,23.124,231.7483,0.1,-0.2755,10.4816,26.4597,233.5072,0.1132,0.3971
2014-11-16T01:08:59.685Z,3.7044,23.197,231.3734,0.1007,0.16,-6.6682,22.9229,231.5714,0.0995,-0.2913,10.4517,26.6701,234.1321,0.114,0.3912
2014-11-16T01:09:59.015Z,3.7185,23.3432,232.4274,0.0999,0.1609,-6.551,23.3667,233.0262,0.1007,-0.2809,10.422,26.7202,233.7085,0.1147,0.3911
2014-11-16T01:10:59.304Z,3.5126,23.2338,231.7119,0.1003,0.1519,-6.6402,23.1454,232.9723,0.0995,-0.2877,10.4672,26.4948,234.0204,0.1137,0.3948
2014-11-16T01:11:59.680Z,3.2322,23.4333,231.0256,0.1017,0.1386,-6.7507,22.7393,233.4072,0.098,-0.2959,10.2655,26.6115,234.3215,0.1138,0.3863
2014-11-16T01:12:59.912Z,3.0328,22.7779,231.3905,0.0978,0.1337,-6.9243,23.0626,233.689,0.0988,-0.2984,10.3744,26.7016,234.2127,0.1144,0.3886
2014-11-16T01:13:59.108Z,2.9717,23.1264,231.8918,0.0998,0.1289,-6.7949,23.1754,233.4521,0.0995,-0.2932,10.2959,26.5317,233.8532,0.1135,0.3879
2014-11-16T01:14:59.291Z,3.6703,23.3677,231.8365,0.1006,0.1582,-6.8165,23.2163,232.956,0.0998,-0.2949,10.4089,26.3603,233.313,0.1123,0.3953
2014-11-16T01:15:59.566Z,3.5789,23.2716,232.1655,0.1002,0.1543,-6.3153,23.5754,232.6408,0.1012,-0.2711,10.0709,26.2114,232.344,0.1126,0.3848
2014-11-16T01:16:59.755Z,2.9576,23.2347,232.7726,0.0996,0.1279,-6.7266,22.6595,233.1123,0.0974,-0.295,10.3659,25.8623,232.2491,0.1112,0.4014
2014-11-16T01:17:59.804Z,2.7363,23.2172,233.0843,0.0993,0.1191,-6.7969,22.8926,233.3697,0.0988,-0.2973,10.2171,26.1012,232.4645,0.1124,0.3907
2014-11-16T01:18:59.003Z,3.2271,22.757,233.0888,0.0972,0.1417,-6.8076,22.596,232.8003,0.0973,-0.3016,10.2026,25.6393,232.1557,0.1101,0.3984
2014-11-16T01:19:59.242Z,3.5571,22.7977,232.5884,0.0979,0.158,-6.6199,22.828,231.7376,0.0982,-0.2912,10.4911,25.9074,232.5762,0.1118,0.4045
2014-11-16T01:20:59.508Z,3.4585,22.9328,232.1006,0.0996,0.1524,-6.5928,21.8527,228.7467,0.0956,-0.2996,10.624,26.7165,233.4135,0.1143,0.3979
2014-11-16T01:21:59.757Z,3.4881,22.7103,231.911,0.0982,0.1552,-6.4484,22.5912,228.8893,0.099,-0.2848,10.4823,26.3469,234.1627,0.1124,0.3997
2014-11-16T01:22:59.349Z,3.8757,23.2312,232.1572,0.1004,0.1683,-5.9435,22.4943,230.4834,0.0979,-0.2646,10.7439,26.5463,234.6377,0.1132,0.4053
2014-11-16T01:23:59.580Z,3.817,23.4286,232.0276,0.1006,0.1645,-6.6551,22.8164,232.3099,0.0985,-0.291,10.541,26.7682,234.0191,0.1138,0.3943
2014-11-16T01:24:59.868Z,3.3694,23.3564,233.4727,0.0997,0.1454,-6.5289,23.4153,233.6734,0.1004,-0.2814,10.7373,26.5381,233.7857,0.1138,0.4053
2014-11-16T01:25:59.091Z,3.633,23.6566,233.2086,0.1016,0.1547,-6.4822,23.1934,233.4378,0.0996,-0.2798,10.5507,26.4852,233.7555,0.1139,0.3986
2014-11-16T01:26:59.235Z,3.7265,23.1289,232.9723,0.0994,0.1634,-6.4518,22.8613,233.6161,0.0979,-0.2805,10.6128,26.8143,234.1935,0.1146,0.3956
2014-11-16T01:27:59.501Z,3.6951,23.1917,233.2305,0.0995,0.1596,-6.7139,23.5121,233.3667,0.1007,-0.2866,10.2226,26.3936,234.1055,0.1129,0.3877
2014-11-16T01:28:59.644Z,3.7406,23.5155,233.015,0.1005,0.1597,-6.9113,22.9073,233.4571,0.0983,-0.3,10.5155,26.6256,234.1566,0.1134,0.3948
2014-11-16T01:29:59.798Z,3.1157,23.8127,234.1185,0.1013,0.1315,-7.146,22.8324,231.1048,0.099,-0.3132,10.5157,26.7461,234.6124,0.1138,0.393
2014-11-16T01:30:59.052Z,3.3023,23.4414,233.9675,0.1001,0.1417,-6.7929,22.9199,231.6181,0.0991,-0.2972,10.7727,27.0582,234.4665,0.1157,0.3987
2014-11-16T01:31:59.266Z,3.0597,23.6169,233.5056,0.1012,0.131,-6.7228,23.4017,234.0854,0.1003,-0.2877,10.4041,26.6418,233.626,0.1137,0.3899
2014-11-16T01:32:59.710Z,3.0765,23.4441,233.742,0.1008,0.1309,-6.6027,23.4728,233.7509,0.1006,-0.2823,10.4009,26.8784,233.5808,0.1149,0.3874
2014-11-16T01:33:59.830Z,3.6937,23.3014,232.37,0.1004,0.1598,-6.8615,22.8861,232.8627,0.0984,-0.2987,10.3913,26.6779,233.6252,0.1138,0.3897
2014-11-16T01:34:59.237Z,3.6549,23.4598,232.9177,0.1006,0.156,-6.7803,23.3144,232.4638,0.1002,-0.2918,10.471,26.5637,233.2146,0.1139,0.3947
2014-11-16T01:35:59.789Z,3.0683,23.3981,233.7018,0.1001,0.1318,-6.6238,23.2488,232.445,0.1003,-0.2849,10.458,26.7048,232.6739,0.1147,0.392
2014-11-16T01:36:59.095Z,3.07,23.6051,233.4881,0.1011,0.1319,-6.598,23.1072,232.3306,0.0992,-0.2862,10.429,26.5224,232.8348,0.1135,0.3929
2014-11-16T01:37:59.336Z,3.097,23.6153,233.5041,0.1005,0.1323,-6.6973,22.9655,232.4136,0.0993,-0.291,10.4654,26.3997,232.9713,0.1128,0.3964
2014-11-16T01:38:59.687Z,3.128,23.1469,232.1532,0.0998,0.1357,-6.5077,23.3333,232.9475,0.0997,-0.2802,10.4104,26.5024,233.3134,0.1136,0.3933
2014-11-16T01:39:59.182Z,3.5229,23.522,232.2335,0.101,0.1503,-6.444,23.2947,234.4101,0.0995,-0.2766,10.4472,26.6345,234.9257,0.1137,0.3923
2014-11-16T01:40:59.448Z,3.5433,23.2587,232.3094,0.1001,0.1535,-6.5349,23.3167,234.6759,0.0998,-0.2811,10.6227,27.1434,235.239,0.1156,0.3917
2014-11-16T01:41:59.791Z,3.4148,23.3026,233.406,0.0996,0.1464,-6.7141,23.1833,234.2793,0.0991,-0.2891,10.5031,26.8474,234.918,0.1139,0.392
2014-11-16T01:42:59.059Z,3.509,23.9244,235.0088,0.1025,0.1483,-6.9268,22.9547,231.2017,0.0995,-0.3018,10.6606,27.3086,236.1845,0.116,0.3901
2014-11-16T01:43:59.371Z,3.3644,23.5001,234.283,0.1005,0.1449,-7.0303,23.2187,232.0672,0.0998,-0.3031,10.5357,26.8919,235.469,0.1141,0.392
2014-11-16T01:44:59.571Z,3.8522,23.2974,233.5939,0.1,0.1659,-6.9473,23.0751,232.9598,0.099,-0.3005,10.5112,26.9229,235.0219,0.1147,0.3907
2014-11-16T01:45:59.786Z,3.4921,23.0828,233.2284,0.0988,0.152,-6.8962,23.1489,232.7365,0.1,-0.298,10.6644,27.0061,234.4273,0.1155,0.3964
2014-11-16T01:46:59.075Z,3.4429,23.0439,233.3557,0.0983,0.1503,-6.7297,22.7671,232.717,0.0985,-0.2949,10.5399,26.7057,234.1605,0.1144,0.396
2014-11-16T01:47:59.359Z,3.6455,23.2352,232.8489,0.0995,0.1578,-6.5659,23.1802,232.5965,0.0998,-0.2843,10.3576,26.4946,233.711,0.1135,0.391
2014-11-16T01:48:59.706Z,3.1554,23.5743,233.1939,0.1012,0.1349,-6.5609,23.3347,232.7358,0.1003,-0.2811,10.3773,26.7871,233.3857,0.1145,0.3873
2014-11-16T01:49:59.004Z,3.2632,23.4092,232.9732,0.1005,0.1405,-6.6846,22.9549,232.0271,0.099,-0.2912,10.323,26.4496,233.1835,0.1129,0.3897
2014-11-16T01:50:59.459Z,3.6604,23.1738,232.3064,0.0999,0.1581,-6.7201,23.3683,231.9074,0.1013,-0.2888,10.3175,26.104,233.0016,0.1117,0.3957
2014-11-16T01:52:59.099Z,3.1443,23.4251,233.3031,0.1001,0.1353,-6.7334,22.874,230.9326,0.0994,-0.2945,10.2127,26.1474,231.6555,0.1128,0.391
2014-11-16T01:53:59.343Z,3.236,23.1773,233.1659,0.0995,0.1404,-6.557,23.2129,231.9177,0.0999,-0.2827,10.412,26.4168,233.036,0.1135,0.3944
2014-11-16T01:54:59.701Z,3.7063,23.4574,233.1212,0.1004,0.1584,-6.7335,22.8537,231.7794,0.0988,-0.2951,10.5041,26.6853,233.9077,0.1131,0.3937
2014-11-16T01:55:59.207Z,3.2786,23.408,232.8239,0.1009,0.1408,-6.6309,23.1838,231.5601,0.1,-0.2876,10.3032,26.8794,233.5386,0.1147,0.3834
2014-11-16T01:56:59.586Z,3.1093,22.9871,232.4331,0.0988,0.1359,-6.418,22.9127,231.2401,0.0996,-0.2782,10.5573,26.5722,233.1174,0.1141,0.3998
2014-11-16T01:57:59.662Z,3.138,23.5968,232.5418,0.1014,0.1343,-6.7057,22.7357,231.9267,0.0984,-0.2933,10.4109,26.3487,233.0047,0.1131,0.3947
2014-11-16T01:58:59.964Z,3.0901,23.4722,232.7564,0.1005,0.1326,-6.8206,23.43,233.1661,0.1006,-0.2916,10.242,26.4267,232.8791,0.1138,0.3872
2014-11-16T01:59:59.196Z,3.1863,23.49,233.356,0.1004,0.1361,-6.8322,23.0583,233.3021,0.0996,-0.296,10.5962,26.4179,232.9996,0.1129,0.4011
2014-11-16T02:00:59.444Z,3.1666,22.6142,232.7386,0.0973,0.1406,-5.9465,21.9379,233.3405,0.0945,-0.2708,10.5497,26.1526,233.2578,0.1121,0.4039
2014-11-16T02:01:59.760Z,3.6745,22.7941,232.7563,0.0981,0.1632,-5.9672,22.3689,232.8433,0.0961,-0.2661,10.7341,25.8662,233.4372,0.1109,0.4171
2014-11-16T02:02:59.081Z,3.9921,23.1134,232.6702,0.0993,0.1747,-6.1773,22.5566,230.748,0.0984,-0.2746,10.7579,26.6852,233.7222,0.1142,0.4026
2014-11-16T02:03:59.363Z,3.3712,23.2844,233.4733,0.0996,0.1458,-6.656,22.2952,230.1254,0.0976,-0.2975,10.5875,26.2469,233.6109,0.1125,0.404
2014-11-16T02:04:59.845Z,3.223,22.8865,232.834,0.098,0.1403,-6.6509,22.5115,233.0616,0.0965,-0.2938,10.2869,25.8616,233.251,0.1109,0.3985
2014-11-16T02:05:59.156Z,3.5111,23.5952,232.7149,0.1017,0.1494,-6.6206,23.0277,232.4537,0.0986,-0.2876,10.1906,26.4077,233.1528,0.1131,0.3861
2014-11-16T02:06:59.733Z,3.4984,23.4637,232.5018,0.1011,0.1498,-6.9169,22.8365,232.3551,0.098,-0.3014,10.4553,26.6299,232.944,0.1141,0.3945
2014-11-16T02:07:59.911Z,3.5247,23.1378,231.9804,0.0994,0.1528,-6.8929,22.9961,232.3623,0.099,-0.2998,10.3407,26.1221,231.806,0.1123,0.3959
2014-11-16T02:08:59.077Z,3.163,23.4026,233.8999,0.1001,0.136,-6.4784,23.1259,232.3126,0.0999,-0.2809,10.5982,26.8359,233.4081,0.1151,0.3961
2014-11-16T02:09:59.337Z,3.3321,23.5324,234.0776,0.1005,0.1418,-6.6167,22.9736,230.046,0.1001,-0.2889,10.5681,26.5796,234.0544,0.1143,0.398
2014-11-16T02:10:59.573Z,2.8847,22.9672,232.1847,0.0989,0.1259,-6.3652,22.7326,231.6305,0.0984,-0.2795,10.3921,26.3305,233.4488,0.1128,0.3957
2014-11-16T02:11:59.259Z,3.101,23.3909,231.6675,0.1014,0.1353,-6.422,22.8435,233.0991,0.0981,-0.2799,10.6154,26.6233,232.5774,0.1143,0.4001
2014-11-16T02:12:59.461Z,3.8732,23.5441,231.0861,0.1021,0.1671,-6.5963,23.1355,232.8581,0.0995,-0.2854,10.3595,26.1598,232.7981,0.1126,0.3963
2014-11-16T02:13:59.750Z,3.2629,23.4313,232.5345,0.1009,0.1413,-6.4372,23.117,232.9688,0.1,-0.2785,10.4528,26.4364,232.5924,0.1134,0.3959
2014-11-16T02:14:59.027Z,3.4273,23.4684,232.9111,0.1016,0.1474,-6.5315,23.1658,232.8454,0.0998,-0.2831,10.444,26.3209,232.6914,0.1129,0.397
2014-11-16T02:15:59.322Z,3.6349,23.6696,233.3165,0.1009,0.1541,-6.36,22.8232,233.2218,0.0985,-0.2779,10.6279,26.3318,233.0786,0.1136,0.4049
2014-11-16T02:16:59.715Z,3.4018,23.6474,233.2322,0.1017,0.1425,-6.2536,23.016,233.1754,0.0994,-0.2728,10.1767,26.0445,233.0407,0.1114,0.3919
2014-11-16T02:17:59.933Z,3.3246,23.6702,232.9583,0.1021,0.1414,-6.4057,23.411,232.8906,0.1011,-0.2739,10.7924,26.535,232.9696,0.1144,0.4067
2014-11-16T02:18:59.287Z,3.2182,22.9342,232.8439,0.0986,0.1422,-6.0514,22.7984,232.6177,0.0979,-0.2671,10.5862,25.9767,233.1861,0.1115,0.4082
2014-11-16T02:19:59.481Z,3.0881,22.9119,232.1785,0.0986,0.136,-6.7633,22.7606,233.0134,0.0977,-0.2975,10.7941,26.5558,233.5915,0.1139,0.4069
2014-11-16T02:20:59.058Z,3.5705,22.8404,231.654,0.0982,0.1578,-6.3801,22.1744,232.5178,0.0953,-0.2851,10.4362,26.2031,233.9953,0.1124,0.4012
2014-11-16T02:21:59.278Z,3.4416,23.1269,231.7269,0.0998,0.1496,-6.6461,22.593,232.3862,0.0971,-0.2927,10.5076,26.2443,233.87,0.112,0.4015
2014-11-16T02:22:59.459Z,3.041,22.8301,232.0926,0.098,0.1337,-6.408,22.2653,232.9104,0.0956,-0.2872,10.4459,26.1489,233.1743,0.112,0.4004
2014-11-16T02:23:59.773Z,3.2169,23.4297,232.8984,0.1009,0.1395,-6.664,23.0297,233.079,0.099,-0.2895,10.5445,26.4561,233.1046,0.1135,0.3994
2014-11-16T02:24:59.122Z,3.38,23.3129,232.65,0.1,0.1462,-6.37,23.3068,232.9285,0.1004,-0.2733,10.9365,26.5478,232.8518,0.1137,0.412
2014-11-16T02:25:59.500Z,3.5917,22.7731,231.9659,0.0981,0.1579,-6.6754,23.3662,232.6838,0.1007,-0.2874,10.4493,26.5474,233.0535,0.114,0.3931
2014-11-16T02:26:59.621Z,3.6696,22.6557,231.6989,0.0973,0.1644,-6.515,22.0068,231.9527,0.0955,-0.2955,10.7193,25.6085,232.7379,0.1097,0.4191
2014-11-16T02:27:59.854Z,3.7422,22.9194,231.3986,0.0985,0.1647,-6.5379,22.054,232.0368,0.0949,-0.2951,10.1988,25.8244,233.1124,0.1107,0.3972
2014-11-16T02:28:59.164Z,3.4966,22.5954,232.5659,0.0973,0.1556,-5.8986,22.0691,232.6537,0.0951,-0.267,10.2515,26,233.0733,0.1117,0.3952
2014-11-16T02:29:59.535Z,3.134,22.9656,233.1153,0.0981,0.138,-6.314,22.56,232.8899,0.097,-0.2806,10.2373,25.6088,232.2186,0.1104,0.4006
2014-11-16T02:30:59.028Z,3.5806,22.6612,232.4937,0.0971,0.1586,-6.4768,22.5624,232.4951,0.0968,-0.2865,10.3531,25.8066,233.2116,0.1103,0.4025
2014-11-16T02:31:59.585Z,3.178,22.5987,233.1251,0.0967,0.1417,-5.9913,22.9681,233.2024,0.0988,-0.2606,10.6405,26.1668,232.6021,0.1125,0.4088
2014-11-16T02:32:59.740Z,3.0567,22.9783,233.1585,0.0983,0.1343,-6.3197,22.6096,233.2112,0.0969,-0.2793,10.5019,26.1506,232.4141,0.1124,0.4027
2014-11-16T02:33:59.900Z,3.1871,23.024,233.3346,0.0991,0.1398,-6.5402,22.977,233.2049,0.0988,-0.285,10.4966,25.9902,232.739,0.1115,0.4043
2014-11-16T02:34:59.484Z,3.9049,23.2023,233.0917,0.0997,0.1672,-6.7224,23.0703,233.2565,0.099,-0.2916,10.4275,27.1186,233.0232,0.1162,0.3855
2014-11-16T02:35:59.691Z,4.0699,23.5168,233.391,0.1011,0.1741,-6.4326,22.94,233.1926,0.0982,-0.2807,10.7603,26.306,233.3535,0.1129,0.4104
2014-11-16T02:36:59.146Z,3.5258,23.1293,233.0858,0.0993,0.1536,-6.3353,22.2907,233.1909,0.0958,-0.2841,10.6813,26.1409,233.1076,0.1125,0.41
2014-11-16T02:37:59.360Z,3.3339,23.1459,233.5496,0.0991,0.1463,-6.6621,22.0663,230.4701,0.0959,-0.3013,10.4143,25.9865,233.7552,0.1108,0.4012
2014-11-16T02:38:59.647Z,3.4088,23.1663,233.5494,0.0988,0.1485,-6.1149,22.6972,231.9136,0.0982,-0.271,10.6852,26.2368,234.4567,0.1118,0.4083
2014-11-16T02:39:59.854Z,2.8922,23.3259,232.7367,0.1003,0.1236,-6.7346,22.7395,233.3851,0.0973,-0.2953,10.4718,26.7236,233.7962,0.1138,0.3919
2014-11-16T02:40:59.125Z,3.2038,23.4751,233.0128,0.1011,0.1378,-6.4709,23.0181,232.9849,0.0992,-0.2799,10.5548,26.776,234.0427,0.1138,0.394
2014-11-16T02:41:59.293Z,3.7755,23.5255,232.3917,0.1014,0.1619,-6.885,22.8495,232.4324,0.0981,-0.3002,10.4945,26.7818,234.0843,0.1144,0.3913
2014-11-16T02:42:59.662Z,3.4956,23.1124,232.7699,0.0993,0.1533,-6.7506,23.3831,232.467,0.1009,-0.2885,10.4195,27.1281,234.5363,0.1159,0.3836
2014-11-16T02:43:59.925Z,3.7851,22.9494,232.4729,0.0984,0.1678,-6.9811,23.0007,232.0805,0.0991,-0.3037,10.4969,26.7711,233.8673,0.1146,0.3926
2014-11-16T02:44:59.513Z,3.2204,23.2525,232.3642,0.0997,0.1397,-6.5467,23.5425,232.5776,0.1012,-0.279,10.462,26.7804,233.4327,0.1146,0.3909
2014-11-16T02:45:59.782Z,3.0552,23.3141,232.7299,0.0997,0.1338,-6.5359,22.8814,232.3716,0.0982,-0.2852,10.5567,26.5296,233.3413,0.1141,0.3992
2014-11-16T02:46:59.076Z,3.3609,23.3511,232.535,0.1008,0.1428,-6.6883,22.8147,231.4064,0.0985,-0.2933,10.2671,26.8153,233.9468,0.1157,0.3834
2014-11-16T02:47:59.291Z,3.7934,23.396,231.4664,0.1006,0.1649,-6.7852,22.8464,231.949,0.0987,-0.2962,10.6352,26.7009,234.347,0.1141,0.3986
2014-11-16T02:48:59.483Z,3.5584,23.1905,231.2538,0.1003,0.1538,-6.9613,23.2181,232.7051,0.1002,-0.2999,10.4516,26.8284,233.697,0.1147,0.3896
2014-11-16T02:49:59.900Z,3.3681,22.9311,231.6282,0.0987,0.1481,-6.5206,23.3333,232.8786,0.1003,-0.2805,10.4057,26.3156,232.5595,0.1135,0.3972
2014-11-16T02:50:59.223Z,3.0893,23.1778,233.0562,0.0996,0.1351,-6.0287,22.736,232.8782,0.0979,-0.2654,10.5907,26.4322,232.5629,0.1136,0.4029
2014-11-16T02:51:59.510Z,3.0019,23.3666,233.1408,0.1004,0.1304,-6.7881,22.8844,232.5345,0.0981,-0.2972,10.7128,26.8946,232.8757,0.1158,0.3986
2014-11-16T02:52:59.742Z,3.3045,23.0707,232.8527,0.0986,0.1439,-7.1053,22.9793,232.1703,0.099,-0.3089,10.3356,26.5764,233.3715,0.1137,0.3887
2014-11-16T02:53:59.905Z,3.3,23.3918,232.8311,0.1002,0.1415,-6.7655,23.0983,231.9899,0.0993,-0.2931,10.5431,26.6948,232.9657,0.1144,0.3954
2014-11-16T02:54:59.115Z,3.6395,22.9072,232.2279,0.0982,0.1599,-7.1076,23.1223,231.7985,0.0997,-0.3075,10.3383,26.7096,233.1761,0.1141,0.3873
2014-11-16T02:55:59.808Z,3.6917,23.2655,232.3638,0.0999,0.1603,-6.6136,23.2131,231.4638,0.1011,-0.2877,10.5935,26.5818,233.166,0.114,0.3996
2014-11-16T02:56:59.975Z,3.3259,23.2622,232.4143,0.1,0.1437,-6.8741,22.9511,231.5628,0.0991,-0.2994,10.2815,26.6191,233.0231,0.1138,0.3866
2014-11-16T02:57:59.217Z,3.1345,23.2997,233.1866,0.0996,0.1352,-6.822,22.8658,231.4531,0.0992,-0.2987,10.5789,26.6931,233.1146,0.1145,0.3962
2014-11-16T02:58:59.473Z,3.4232,23.5876,233.7831,0.1002,0.1457,-7.1091,22.7097,229.1739,0.0993,-0.3133,10.5366,26.8403,234.189,0.1144,0.3926
2014-11-16T02:59:59.655Z,2.9631,23.6365,233.6734,0.1012,0.1262,-6.9979,22.9847,231.4978,0.0989,-0.3038,10.4079,26.6882,233.3041,0.1146,0.3903
