2014-09-30T00:00:59.036Z,0.025,0.0431,0.5608,0.075,0.5522,0.0186,0.0389,0.6108,0.0636,0.4039,0.0222,0.0422,0.5514,0.0758,0.5144
2014-09-30T00:01:59.291Z,0.0245,0.0428,0.5728,0.0728,0.5245,0.0134,0.0345,0.5872,0.0572,0.3686,0.0234,0.0421,0.5583,0.0748,0.5531
2014-09-30T00:02:59.592Z,0.0251,0.042,0.5591,0.0749,0.5503,0.0169,0.0383,0.606,0.0629,0.382,0.0251,0.0451,0.5666,0.0777,0.5386
2014-09-30T00:03:59.945Z,0.0291,0.0459,0.575,0.0786,0.5977,0.0202,0.0441,0.6248,0.0695,0.4286,0.0218,0.042,0.5548,0.0743,0.522
2014-09-30T00:04:59.279Z,0.0279,0.0459,0.5774,0.0774,0.5828,0.0162,0.0387,0.6031,0.0641,0.3656,0.0246,0.0433,0.5687,0.0769,0.5469
2014-09-30T00:05:59.744Z,0.0223,0.0403,0.5543,0.0723,0.533,0.0133,0.034,0.59,0.059,0.3413,0.021,0.0397,0.5323,0.0717,0.524
2014-09-30T00:06:59.104Z,0.0243,0.0421,0.5689,0.0729,0.5504,0.0168,0.0379,0.5964,0.0621,0.3918,0.0207,0.04,0.5329,0.075,0.5004
2014-09-30T00:07:59.541Z,0.0291,0.0461,0.5736,0.0785,0.5867,0.0133,0.0348,0.5885,0.0597,0.3615,0.0233,0.0436,0.5645,0.0767,0.5345
2014-09-30T00:08:59.901Z,0.0278,0.0438,0.5653,0.0763,0.5928,0.019,0.0385,0.6055,0.0628,0.432,0.0248,0.0425,0.555,0.0768,0.557
2014-09-30T00:09:59.520Z,0.0257,0.0431,0.5711,0.0746,0.55,0.0163,0.0374,0.5969,0.0623,0.3714,0.0234,0.0423,0.5474,0.0757,0.5289
2014-09-30T00:10:59.741Z,0.0264,0.0431,0.5594,0.0756,0.5844,0.0167,0.0386,0.6006,0.0653,0.3942,0.0228,0.0431,0.5558,0.0783,0.5247
2014-09-30T00:11:59.018Z,0.0222,0.04,0.5473,0.0711,0.5303,0.0154,0.0376,0.5957,0.0624,0.3662,0.0214,0.0416,0.5503,0.0751,0.5203
2014-09-30T00:12:59.354Z,0.0265,0.043,0.5608,0.076,0.5763,0.0153,0.037,0.5918,0.0623,0.3865,0.0235,0.0443,0.5635,0.0768,0.5378
2014-09-30T00:13:59.786Z,0.0212,0.0403,0.5562,0.0712,0.5097,0.0168,0.0376,0.5985,0.0635,0.4071,0.0232,0.0432,0.5515,0.0774,0.5447
2014-09-30T00:14:59.284Z,0.0242,0.0416,0.5555,0.0745,0.5521,0.0179,0.0387,0.6029,0.0655,0.4189,0.0229,0.0432,0.565,0.0753,0.5332
2014-09-30T00:15:59.602Z,0.0268,0.0446,0.5671,0.0754,0.5598,0.0168,0.0385,0.6095,0.0629,0.3839,0.022,0.0407,0.5337,0.0741,0.5122
2014-09-30T00:16:59.924Z,0.0254,0.0418,0.5575,0.0739,0.5643,0.0146,0.0357,0.5893,0.0618,0.3614,0.0229,0.0425,0.555,0.0771,0.5186
2014-09-30T00:17:59.416Z,0.025,0.0422,0.5706,0.0731,0.5422,0.0222,0.0408,0.6072,0.0667,0.4597,0.0222,0.0422,0.5458,0.0747,0.5233
2014-09-30T00:18:59.979Z,0.0212,0.0394,0.5488,0.0697,0.5212,0.0164,0.0352,0.5852,0.06,0.3661,0.0224,0.0424,0.5452,0.0758,0.5152
2014-09-30T00:19:59.350Z,0.0278,0.0448,0.5704,0.0767,0.583,0.0167,0.0363,0.5993,0.0619,0.3974,0.02,0.0389,0.5248,0.0726,0.5189
2014-09-30T00:20:59.795Z,0.0268,0.0442,0.5668,0.0765,0.5748,0.0181,0.039,0.5916,0.0642,0.3829,0.0226,0.0419,0.5529,0.0752,0.5335
2014-09-30T00:21:59.064Z,0.0214,0.0391,0.5509,0.0709,0.5086,0.018,0.0394,0.5969,0.0651,0.4106,0.0217,0.0426,0.5457,0.0746,0.5146
2014-09-30T00:22:59.521Z,0.0264,0.0414,0.5517,0.0756,0.5989,0.0194,0.0397,0.6103,0.0658,0.4258,0.0219,0.0419,0.5406,0.0767,0.5256
2014-09-30T00:23:59.827Z,0.0274,0.0442,0.5661,0.0768,0.5982,0.0187,0.0395,0.5995,0.0647,0.4208,0.0232,0.0429,0.5539,0.0771,0.5353
2014-09-30T00:24:59.037Z,0.0249,0.0413,0.5502,0.0744,0.5582,0.0213,0.0427,0.6071,0.0689,0.4271,0.0227,0.042,0.5529,0.0751,0.5231
2014-09-30T00:25:59.390Z,0.0237,0.0427,0.568,0.073,0.532,0.0143,0.0363,0.592,0.0597,0.3623,0.024,0.0437,0.5577,0.0767,0.5283
2014-09-30T00:26:59.941Z,0.0169,0.0362,0.5427,0.0669,0.4815,0.0154,0.0377,0.6023,0.0627,0.3808,0.0242,0.0427,0.5481,0.0765,0.5677
2014-09-30T00:27:59.229Z,0.0255,0.0432,0.5671,0.0745,0.5506,0.0145,0.0365,0.601,0.0606,0.3468,0.0219,0.0419,0.5503,0.0758,0.5161
2014-09-30T00:28:59.655Z,0.026,0.0423,0.5637,0.0757,0.5823,0.0207,0.0433,0.6247,0.0697,0.446,0.0237,0.0443,0.5627,0.0773,0.552
2014-09-30T00:29:59.033Z,0.0256,0.0439,0.5719,0.075,0.5458,0.0164,0.0389,0.5933,0.0647,0.3911,0.0283,0.0469,0.5806,0.0786,0.5739
2014-09-30T00:30:59.336Z,0.0226,0.0411,0.55,0.0711,0.5326,0.0143,0.0354,0.5834,0.0611,0.3497,0.0271,0.0469,0.5837,0.08,0.5677
2014-09-30T00:31:59.600Z,0.0271,0.0432,0.5618,0.075,0.5855,0.0184,0.0379,0.6011,0.0632,0.4108,0.0232,0.0426,0.5471,0.0763,0.5361
2014-09-30T00:32:59.007Z,0.0264,0.0438,0.5617,0.0771,0.5776,0.0207,0.0421,0.6143,0.0674,0.4357,0.0255,0.0445,0.5579,0.0774,0.5507
2014-09-30T00:33:59.321Z,0.0236,0.0408,0.5544,0.0726,0.5462,0.0154,0.0372,0.5967,0.0626,0.3859,0.0231,0.0421,0.5469,0.0749,0.5267
2014-09-30T00:34:59.596Z,0.0266,0.0438,0.5604,0.0777,0.5762,0.0223,0.0436,0.6217,0.07,0.464,0.0232,0.0432,0.5562,0.0766,0.5428
2014-09-30T00:35:59.842Z,0.0262,0.0445,0.5683,0.074,0.5369,0.0207,0.0414,0.6157,0.0676,0.399,0.0219,0.0414,0.5464,0.0743,0.5302
2014-09-30T00:36:59.591Z,0.0229,0.04,0.5518,0.0721,0.5497,0.0159,0.0374,0.595,0.0624,0.3674,0.0229,0.0426,0.5529,0.0768,0.535
2014-09-30T00:37:59.823Z,0.0207,0.0396,0.5556,0.0685,0.487,0.0141,0.0344,0.5944,0.0574,0.3563,0.0222,0.0411,0.5381,0.0737,0.5393
2014-09-30T00:38:59.162Z,0.0261,0.0439,0.5688,0.0756,0.571,0.0195,0.0393,0.6024,0.0646,0.4393,0.0239,0.0437,0.5602,0.0766,0.5322
2014-09-30T00:39:59.450Z,0.0264,0.0442,0.5692,0.0761,0.5725,0.0208,0.0442,0.6181,0.0711,0.4414,0.0219,0.0414,0.5519,0.075,0.5108
2014-09-30T00:40:59.737Z,0.0274,0.0444,0.5713,0.0769,0.5697,0.0187,0.0392,0.6072,0.0644,0.4208,0.0228,0.0421,0.5551,0.0746,0.5249
2014-09-30T00:41:59.058Z,0.0209,0.0391,0.5539,0.0694,0.5161,0.0139,0.0352,0.5952,0.0582,0.3388,0.0227,0.0424,0.5548,0.0733,0.5182
2014-09-30T00:42:59.532Z,0.0238,0.0406,0.5587,0.0706,0.5378,0.0144,0.0359,0.595,0.0594,0.3172,0.0219,0.0416,0.5403,0.0756,0.5366
2014-09-30T00:43:59.885Z,0.0271,0.0442,0.5678,0.0769,0.5882,0.0193,0.0427,0.6164,0.0673,0.4011,0.0238,0.0444,0.57,0.0767,0.534
2014-09-30T00:44:59.350Z,0.0268,0.0432,0.5703,0.0741,0.5738,0.0208,0.0443,0.6316,0.0681,0.4065,0.0238,0.0441,0.5608,0.0778,0.5308
2014-09-30T00:45:59.665Z,0.0229,0.0424,0.5626,0.0732,0.5332,0.0161,0.0389,0.6042,0.0647,0.3447,0.0211,0.0416,0.5432,0.0761,0.5074
2014-09-30T00:46:59.904Z,0.0265,0.044,0.5638,0.077,0.565,0.0173,0.0383,0.5995,0.0648,0.4005,0.0233,0.0423,0.557,0.0763,0.5262
2014-09-30T00:47:59.605Z,0.0251,0.0434,0.5637,0.0743,0.562,0.0174,0.0403,0.6094,0.0634,0.3849,0.0223,0.0417,0.542,0.076,0.5269
2014-09-30T00:48:59.967Z,0.0254,0.0431,0.5683,0.0751,0.5557,0.0157,0.0371,0.5937,0.062,0.3409,0.0217,0.0411,0.54,0.074,0.5314
2014-09-30T00:49:59.619Z,0.025,0.0419,0.5571,0.0733,0.554,0.0162,0.0379,0.5976,0.0624,0.3724,0.024,0.0436,0.5719,0.0748,0.5412
2014-09-30T00:50:59.894Z,0.0226,0.0403,0.5514,0.0717,0.5369,0.0177,0.04,0.6086,0.0654,0.3786,0.0229,0.0426,0.5506,0.0746,0.5411
2014-09-30T00:51:59.163Z,0.0274,0.0429,0.5646,0.0751,0.5769,0.02,0.0414,0.6091,0.068,0.4223,0.0234,0.0431,0.546,0.0754,0.54
2014-09-30T00:52:59.388Z,0.019,0.038,0.544,0.0687,0.4873,0.016,0.0373,0.5987,0.0617,0.3717,0.0223,0.0417,0.5403,0.0757,0.5393
2014-09-30T00:53:59.741Z,0.0274,0.044,0.5654,0.0763,0.5814,0.0211,0.0417,0.6094,0.0677,0.4414,0.0226,0.042,0.5497,0.0751,0.5391
2014-09-30T00:54:59.981Z,0.0238,0.0416,0.5657,0.0727,0.5492,0.0162,0.0373,0.5978,0.0622,0.3784,0.0219,0.0424,0.5503,0.0757,0.5114
2014-09-30T00:55:59.278Z,0.0242,0.0411,0.5576,0.0726,0.5489,0.0155,0.0379,0.6037,0.0618,0.3592,0.0245,0.0445,0.5642,0.0763,0.5424
2014-09-30T00:56:59.466Z,0.025,0.0417,0.5564,0.075,0.5697,0.0194,0.0397,0.6128,0.0658,0.4364,0.0236,0.0425,0.5511,0.0753,0.5536
2014-09-30T00:57:59.070Z,0.0279,0.0447,0.5708,0.0771,0.5863,0.0155,0.0371,0.5929,0.0624,0.3687,0.0234,0.0421,0.5508,0.0753,0.5445
2014-09-30T00:58:59.324Z,0.0291,0.0463,0.5789,0.0789,0.5911,0.0169,0.0397,0.6054,0.0646,0.3803,0.0254,0.0443,0.5563,0.0783,0.5526
2014-09-30T00:59:59.770Z,0.0259,0.0436,0.567,0.0755,0.5548,0.0209,0.0416,0.615,0.0668,0.4441,0.0223,0.0436,0.5595,0.0764,0.5259
