2014-12-29T00:00:59.754Z,1175.745,1545.2241,230.5939,6.7009,0.7609,1217.644,1679.7406,231.1947,7.266,0.7253,1592.8298,2086.1331,226.6223,9.2053,0.7629
2014-12-29T00:01:59.083Z,1166.8925,1566.3984,231.397,6.7693,0.7449,1200.9132,1654.7336,230.5045,7.1781,0.7261,1627.8063,2126.741,228.4001,9.3114,0.7652
2014-12-29T00:02:59.358Z,1182.2759,1588.0664,231.9087,6.8476,0.7448,1210.7602,1653.3041,229.2344,7.2121,0.7321,1654.9141,2140.9026,228.3697,9.3748,0.7726
2014-12-29T00:03:59.682Z,1189.0922,1558.8444,231.4632,6.7343,0.7632,1255.5612,1725.6312,232.0151,7.4376,0.728,1605.0844,2119.8602,227.475,9.3186,0.7561
2014-12-29T00:04:59.911Z,1187.2439,1548.039,231.3322,6.6918,0.7672,1271.4803,1741.5694,232.5183,7.49,0.7304,1598.3603,2120.3467,227.1682,9.3339,0.7528
2014-12-29T00:05:59.157Z,1199.6515,1568.1101,231.6191,6.7699,0.7652,1281.2733,1740.3508,231.9294,7.504,0.7366,1631.0607,2147.0976,227.5459,9.4353,0.7589
2014-12-29T00:06:59.388Z,1206.8659,1576.63,230.9713,6.8261,0.7659,1284.4733,1726.4248,230.881,7.4774,0.7441,1655.7212,2157.5642,227.3664,9.4891,0.7687
2014-12-29T00:07:59.725Z,1210.0346,1582.7331,230.9632,6.8527,0.7644,1272.8003,1711.1076,230.3708,7.4273,0.744,1660.8333,2153.0121,227.3187,9.4713,0.7711
2014-12-29T00:08:59.043Z,1206.8909,1585.4783,230.3591,6.8827,0.7611,1285.9653,1707.09,230.1945,7.4156,0.7525,1690.3237,2185.4638,227.782,9.5943,0.7722
2014-12-29T00:09:59.419Z,1212.0289,1579.4263,230.0293,6.866,0.768,1306.5632,1727.5203,230.512,7.4944,0.7559,1687.4132,2187.5122,227.5339,9.614,0.7704
2014-12-29T00:10:59.663Z,229.7371,335.369,230.7777,1.4613,0.2034,247.5881,347.4665,232.0376,1.5093,0.2105,435.742,549.9578,230.2747,2.4074,0.6541
2014-12-29T00:11:59.962Z,2.5557,44.1798,232.3443,0.1902,0.0573,2.5321,30.7189,234.5212,0.1308,0.0948,3.4869,31.8942,231.5399,0.1374,0.1163
2014-12-29T00:12:59.411Z,2.2872,44.436,232.5001,0.1913,0.0523,2.9716,31.9681,234.396,0.136,0.0989,2.79,31.5222,231.3661,0.1359,0.0969
2014-12-29T00:13:59.748Z,3.4866,45.105,233.4485,0.1932,0.0764,2.6795,29.6725,233.8139,0.1268,0.0991,3.2921,32.2771,231.1697,0.1393,0.1054
2014-12-29T00:14:59.057Z,2.1956,45.42,233.981,0.1939,0.0487,2.9044,30.2701,234.0943,0.1293,0.0997,3.3524,32.1792,231.3552,0.139,0.1112
2014-12-29T00:15:59.381Z,2.3886,44.9967,234.0873,0.1921,0.0497,2.4901,31.0518,234.2051,0.132,0.091,3.4384,32.0467,231.4056,0.1385,0.118
2014-12-29T00:16:59.627Z,2.1357,45.3551,233.7069,0.1945,0.046,3.0435,31.1838,233.6802,0.133,0.0985,3.7956,31.7536,230.9735,0.1375,0.1238
2014-12-29T00:17:59.874Z,2.4821,44.9984,233.8908,0.1928,0.0562,2.8778,30.826,233.2884,0.132,0.0979,3.7785,32.3098,230.8164,0.1404,0.1201
2014-12-29T00:18:59.085Z,2.632,45.7915,234.5093,0.1952,0.0567,2.8194,30.4045,232.6129,0.1307,0.0948,4.0061,32.0082,230.1374,0.1392,0.1338
2014-12-29T00:19:59.287Z,1.9456,44.8715,234.0195,0.1914,0.0437,2.8367,32.4281,232.6476,0.1392,0.0948,3.7145,31.5949,229.8891,0.1373,0.1245
2014-12-29T00:20:59.528Z,3.6929,44.972,234.1203,0.1918,0.0834,2.6295,30.8438,232.2078,0.1333,0.0884,64.3202,86.6439,229.8933,0.3768,0.4965
2014-12-29T00:21:59.844Z,4.8099,44.7771,233.7244,0.1915,0.1063,2.1579,30.1511,233.9034,0.1287,0.0721,3.4462,33.1735,231.1981,0.1433,0.1092
2014-12-29T00:22:59.100Z,5.2096,46.6382,233.3353,0.1994,0.1119,2.8207,31.9004,234.0883,0.1362,0.0901,3.5278,32.4998,232.8641,0.1397,0.1088
2014-12-29T00:23:59.322Z,4.9656,45.479,233.3848,0.1953,0.1096,2.4152,31.4956,234.0169,0.1344,0.0793,3.3484,32.1995,233.2365,0.1378,0.1113
2014-12-29T00:24:59.573Z,5.4208,45.7591,233.3222,0.1961,0.1175,2.5495,31.5147,234.0221,0.1348,0.0818,3.8279,32.6012,233.5537,0.1395,0.1229
2014-12-29T00:25:59.744Z,5.2201,45.833,234.267,0.1955,0.1124,2.09,30.5836,233.4396,0.1309,0.0774,3.7465,33.132,232.8233,0.1426,0.1171
2014-12-29T00:26:59.994Z,5.7371,45.9559,233.8329,0.1965,0.1265,2.5191,31.9274,232.7951,0.1373,0.0791,3.4046,33.0273,232.5675,0.1419,0.1087
2014-12-29T00:27:59.240Z,5.4156,45.1718,233.421,0.1941,0.1197,2.5939,32.1287,233.455,0.1373,0.0849,3.4697,33.1709,233.2256,0.1421,0.1086
2014-12-29T00:28:59.469Z,4.9753,45.2336,234.2252,0.1927,0.1103,2.5149,31.7377,230.7807,0.1376,0.0803,3.2019,31.3408,232.9448,0.1344,0.1096
2014-12-29T00:29:59.813Z,5.3011,45.4589,233.8476,0.1942,0.1163,1.8651,29.6812,229.9708,0.1292,0.065,3.4692,33.0574,232.9279,0.1417,0.1139
2014-12-29T00:30:59.038Z,4.2404,44.8137,233.5882,0.1919,0.0952,2.0694,30.3755,232.3619,0.1312,0.072,66.3936,90.4711,231.607,0.3906,0.504
2014-12-29T00:31:59.336Z,2.8449,44.8039,232.5332,0.1925,0.0618,2.6929,31.9961,234.2321,0.1361,0.088,3.242,31.3878,232.8295,0.1346,0.1045
2014-12-29T00:32:59.566Z,2.2011,45.2676,231.6995,0.1958,0.0478,2.4736,32.3262,234.2736,0.1379,0.0865,2.8826,33.9735,233.2702,0.1451,0.0907
2014-12-29T00:33:59.800Z,2.5767,45.9289,232.6905,0.1974,0.0542,2.7784,31.6701,234.317,0.1354,0.0954,3.1582,33.408,233.2754,0.143,0.0976
2014-12-29T00:34:59.004Z,2.4359,44.8713,232.5797,0.1923,0.0522,2.8958,31.7034,234.5009,0.1349,0.0974,3.5812,32.7549,233.5662,0.1406,0.109
2014-12-29T00:35:59.429Z,2.8614,45.7959,233.6898,0.1958,0.0619,2.8818,31.7444,233.9873,0.1358,0.0931,2.7973,33.2571,233.5713,0.1424,0.0881
2014-12-29T00:36:59.629Z,2.3235,45.8307,233.302,0.1964,0.0489,2.8045,30.5192,233.3233,0.1307,0.0958,3.6371,33.6115,233.3352,0.1441,0.1143
2014-12-29T00:37:59.902Z,2.3962,45.2645,233.1953,0.194,0.0516,2.8452,31.5608,233.5038,0.1352,0.0907,3.2229,32.3986,233.1543,0.1388,0.1035
2014-12-29T00:38:59.204Z,2.3461,46.4581,232.8922,0.1991,0.0506,3.1108,30.4989,233.6954,0.1312,0.1048,3.0654,31.9929,231.6136,0.1387,0.0964
2014-12-29T00:39:59.605Z,3.2674,45.1437,232.8138,0.1943,0.0734,3.0092,32.3481,233.8058,0.139,0.0955,2.9431,31.5097,231.3564,0.1362,0.0963
2014-12-29T00:40:59.929Z,3.4223,45.4465,232.7984,0.1948,0.0727,2.6598,30.9976,233.8301,0.1323,0.0924,42.5554,70.6695,231.5132,0.3051,0.3439
2014-12-29T00:41:59.181Z,4.9884,46.0706,233.1794,0.1975,0.1076,2.3399,32.591,234.0688,0.1392,0.0731,26.2102,54.1025,232.6979,0.2326,0.2461
2014-12-29T00:42:59.661Z,5.2526,47.023,233.3526,0.2017,0.1121,2.1783,31.8448,234.1389,0.1365,0.0691,3.1654,32.8757,234.1049,0.1403,0.1
2014-12-29T00:43:59.163Z,5.3327,46.8418,233.7417,0.2007,0.1139,2.8897,33.0423,233.9666,0.1413,0.0878,3.4513,33.6687,233.7722,0.1439,0.1039
2014-12-29T00:44:59.346Z,4.6605,46.2468,233.8684,0.1976,0.1019,2.4399,31.8371,234.3459,0.136,0.0782,2.8931,33.8051,233.2214,0.1446,0.0951
2014-12-29T00:45:59.630Z,5.4103,46.129,234.0034,0.1968,0.1165,2.1365,31.6253,234.6565,0.135,0.0718,3.3896,33.788,233.4389,0.1447,0.1012
2014-12-29T00:46:59.885Z,5.1737,46.6733,233.9156,0.1992,0.1121,2.7042,31.308,233.6744,0.1338,0.0873,2.881,33.574,233.0599,0.1446,0.0904
2014-12-29T00:47:59.172Z,4.9972,46.2363,234.0751,0.1971,0.1089,2.4217,31.9293,232.7597,0.1369,0.0792,3.2793,32.0006,232.6489,0.1376,0.1016
2014-12-29T00:48:59.621Z,5.5924,46.107,233.5815,0.1977,0.1203,2.3623,33.3305,232.0367,0.1432,0.0718,3.4718,32.8988,232.9985,0.1419,0.1107
2014-12-29T00:49:59.826Z,5.145,46.5533,233.2746,0.1998,0.11,2.8011,30.9832,231.6899,0.1333,0.0955,3.1367,33.6628,232.6475,0.1443,0.098
2014-12-29T00:50:59.089Z,4.8939,45.3452,230.8956,0.1967,0.1087,2.5358,31.6433,229.9976,0.1372,0.0798,9.3642,38.302,229.6509,0.1669,0.1432
2014-12-29T00:51:59.454Z,2.6449,46.1208,231.2685,0.1987,0.0579,2.5312,31.5709,230.9182,0.1369,0.0858,58.0318,82.6436,229.5726,0.3603,0.4577
2014-12-29T00:52:59.733Z,2.2522,46.0774,232.2064,0.198,0.0479,2.8601,31.9923,232.0127,0.138,0.0891,3.2867,31.8499,230.1093,0.1384,0.1086
2014-12-29T00:53:59.874Z,2.7791,44.9049,232.2758,0.1936,0.0607,2.7019,32.0173,232.0135,0.1379,0.087,2.6138,32.836,230.0198,0.1426,0.0831
2014-12-29T00:54:59.214Z,2.3499,45.0803,232.4106,0.1941,0.0538,2.9144,32.3417,232.2406,0.1393,0.0933,3.0253,33.005,230.2116,0.1433,0.0936
2014-12-29T00:55:59.594Z,3.0283,45.8737,232.1813,0.1976,0.0648,2.8746,32.0083,232.4474,0.1375,0.0942,3.2498,33.758,230.085,0.1467,0.0972
2014-12-29T00:56:59.956Z,2.6679,44.1397,232.0021,0.1901,0.0616,3.0188,31.3155,231.9118,0.1353,0.0949,2.6703,32.0505,229.739,0.1391,0.0896
2014-12-29T00:57:59.205Z,2.5564,46.0641,231.6964,0.1984,0.0544,2.836,31.7111,231.657,0.1369,0.0959,3.3867,33.6771,229.53,0.1472,0.101
2014-12-29T00:58:59.519Z,2.1225,44.5123,230.2251,0.1933,0.0474,2.8816,33.4195,232.4186,0.1437,0.0897,2.9757,31.9709,228.6891,0.1397,0.1003
2014-12-29T00:59:59.895Z,2.518,45.1014,229.7954,0.1966,0.0563,3.0237,31.0672,232.6129,0.1338,0.1039,2.8061,32.8258,228.7868,0.1436,0.0912
2014-12-29T01:00:59.303Z,3.047,43.038,229.5098,0.1873,0.0693,2.559,31.9984,232.4427,0.1371,0.0903,2.3639,33.6428,229.0616,0.1463,0.0732
2014-12-29T01:01:59.562Z,3.5792,45.0866,230.5325,0.1954,0.079,2.2325,34.2227,232.2051,0.1473,0.0689,62.4599,85.1351,229.1101,0.3721,0.4885
2014-12-29T01:02:59.847Z,5.4586,46.158,232.3097,0.1988,0.1178,2.7892,33.026,232.112,0.1426,0.0823,3.1879,33.4635,230.5253,0.1454,0.0978
2014-12-29T01:03:59.022Z,5.1929,46.4432,232.2212,0.1996,0.1103,2.5469,32.1884,232.1012,0.1383,0.0797,3.0499,33.7929,230.3539,0.1469,0.0943
2014-12-29T01:04:59.388Z,5.3345,46.3201,232.2263,0.1995,0.1145,2.7374,32.0237,232.0451,0.138,0.0847,2.936,31.7475,230.1388,0.1376,0.0984
2014-12-29T01:05:59.727Z,4.4911,45.8171,231.9924,0.1979,0.0975,2.4132,31.6231,231.2558,0.137,0.0797,2.7247,33.9775,230.4179,0.1477,0.0833
2014-12-29T01:06:59.050Z,5.2852,45.9234,231.873,0.1978,0.1158,2.6636,32.073,230.5197,0.1389,0.081,2.9398,32.0223,229.8274,0.1396,0.0932
2014-12-29T01:07:59.274Z,5.4416,45.6409,231.7509,0.1965,0.1181,2.5024,32.2756,230.3123,0.1401,0.0786,3.2981,31.8273,229.2582,0.1385,0.1064
2014-12-29T01:08:59.504Z,4.2947,45.4505,230.9216,0.1968,0.0951,2.719,31.9785,229.0396,0.1396,0.0838,3.293,33.2433,229.7734,0.1451,0.0957
2014-12-29T01:09:59.792Z,4.6777,45.0669,231.0654,0.1952,0.102,1.8126,32.2311,228.5524,0.1411,0.0657,2.6991,31.2989,229.651,0.1365,0.0979
2014-12-29T01:10:59.076Z,4.8956,44.955,230.626,0.1952,0.1102,1.7877,32.958,228.9251,0.1443,0.0643,2.5064,31.1383,229.4524,0.1359,0.0842
2014-12-29T01:11:59.235Z,4.4511,45.1277,230.9457,0.1957,0.0987,2.352,33.108,228.7987,0.1447,0.082,102.4614,123.224,229.262,0.5373,0.5227
2014-12-29T01:12:59.597Z,3.1174,45.1227,232.3508,0.1943,0.0691,2.9286,31.4123,230.3979,0.1363,0.097,80.8693,87.735,229.5889,0.3822,0.923
2014-12-29T01:13:59.773Z,2.0203,45.6969,232.1456,0.1971,0.0464,2.2408,31.6777,230.4629,0.1379,0.0762,80.912,87.2238,230.1408,0.3792,0.9282
2014-12-29T01:14:59.983Z,2.5825,45.1579,232.3181,0.1945,0.0566,2.9657,32.7501,230.2681,0.1423,0.0945,81.3658,87.9353,230.1415,0.3824,0.9267
2014-12-29T01:15:59.317Z,2.5759,44.903,231.9039,0.1943,0.0571,2.6779,31.8431,230.6633,0.1382,0.0872,81.2422,87.6734,230.1927,0.3808,0.9278
2014-12-29T01:16:59.599Z,3.5374,45.3514,231.7915,0.1954,0.0769,2.303,32.0278,230.2599,0.1389,0.0827,81.4862,87.9155,229.9931,0.3824,0.9281
2014-12-29T01:17:59.925Z,2.5982,44.7753,231.686,0.193,0.0579,3.285,31.666,230.4777,0.1377,0.1021,80.8839,87.6832,230.187,0.381,0.9232
2014-12-29T01:18:59.474Z,2.1942,45.3463,231.711,0.1957,0.0496,2.825,32.2158,229.1178,0.1406,0.0902,81.1141,87.2096,230.4346,0.3781,0.9313
2014-12-29T01:19:59.704Z,3.0827,44.999,231.8782,0.1936,0.0669,2.7032,30.5807,228.6781,0.1338,0.0934,81.3521,87.773,230.2779,0.3813,0.9279
2014-12-29T01:20:59.297Z,2.9576,45.6392,231.8664,0.1968,0.0633,2.3514,33.5194,228.5707,0.1468,0.0783,81.0308,87.0817,230.3907,0.3781,0.9314
2014-12-29T01:21:59.607Z,2.5016,45.9859,231.9166,0.1984,0.0547,2.8291,31.6074,229.5404,0.1368,0.0978,111.4945,119.5812,230.9302,0.5178,0.9302
2014-12-29T01:22:59.827Z,4.8647,45.9491,232.4375,0.1971,0.1074,2.3216,31.1976,230.4302,0.1346,0.0788,112.8765,121.3823,231.406,0.5247,0.9275
2014-12-29T01:23:59.071Z,5.2659,45.7513,231.9907,0.1974,0.1157,2.1091,30.7393,230.4822,0.133,0.0768,81.7747,88.2929,231.3762,0.3814,0.9272
2014-12-29T01:24:59.335Z,5.109,45.8085,232.1024,0.1975,0.1093,2.003,32.6469,230.446,0.1412,0.0673,81.9097,88.3496,231.2213,0.3825,0.9277
2014-12-29T01:25:59.679Z,5.1789,46.2345,232.022,0.1987,0.1123,2.3389,32.4979,231.121,0.1407,0.0712,81.4864,88.0197,231.2396,0.3803,0.9261
2014-12-29T01:26:59.038Z,5.4127,45.965,231.7224,0.1981,0.1164,2.8378,32.0687,230.4412,0.1394,0.0927,81.0086,86.6618,230.7996,0.3757,0.9358
2014-12-29T01:27:59.343Z,4.5144,45.2438,231.6825,0.1957,0.0992,2.3424,31.4609,229.8282,0.137,0.0815,81.2943,87.7022,230.5933,0.38,0.9279
2014-12-29T01:28:59.547Z,4.4849,45.6303,232.088,0.1969,0.0969,2.7925,31.6769,228.6749,0.1385,0.0878,80.9786,87.6866,230.2801,0.3803,0.9245
2014-12-29T01:29:59.771Z,4.4743,45.9034,232.1034,0.1975,0.098,2.4042,30.8526,228.7068,0.1352,0.081,80.4777,86.7191,230.0032,0.3771,0.9291
2014-12-29T01:30:59.075Z,4.7502,45.2838,230.8902,0.1962,0.1057,2.0241,31.8052,228.5667,0.1393,0.0649,80.8242,86.8453,230.224,0.3776,0.9316
2014-12-29T01:31:59.411Z,4.7976,45.653,230.2366,0.1982,0.107,2.417,31.2928,229.6108,0.1366,0.0763,81.2291,87.7665,230.4027,0.3811,0.9266
2014-12-29T01:32:59.716Z,3.4625,44.9973,230.2814,0.1951,0.0769,2.4709,30.8923,230.6199,0.1344,0.0825,143.2988,152.9596,231.238,0.6621,0.9359
2014-12-29T01:33:59.927Z,2.8787,45.2781,230.6533,0.1962,0.0642,2.6401,32.1613,230.4116,0.1395,0.0876,81.3316,88.1563,230.6946,0.3819,0.9238
2014-12-29T01:34:59.267Z,2.3414,45.4761,231.6,0.1966,0.0513,3.1351,31.4356,230.2468,0.1361,0.1007,81.7124,87.7942,231.0054,0.3796,0.9326
2014-12-29T01:35:59.515Z,2.4236,45.586,231.6425,0.1966,0.053,2.6211,31.3289,230.4436,0.136,0.0878,81.9123,88.3635,231.4003,0.3823,0.9276
2014-12-29T01:36:59.791Z,2.6542,44.6781,231.1593,0.1927,0.059,2.772,32.5334,230.463,0.1412,0.0913,81.217,87.7191,230.8779,0.3801,0.9267
2014-12-29T01:37:59.181Z,3.8998,45.4009,231.4372,0.1958,0.0872,3.3223,31.3309,230.2753,0.1362,0.1051,81.1529,86.7892,230.567,0.3766,0.9354
2014-12-29T01:38:59.668Z,2.8616,44.6568,230.5862,0.1933,0.0647,2.693,32.5043,229.2937,0.1423,0.0883,82.2566,88.7214,231.6648,0.3835,0.9276
2014-12-29T01:39:59.907Z,2.0984,44.9947,230.5295,0.1954,0.0463,3.0167,31.5321,229.5676,0.1373,0.0992,82.0932,88.8563,231.5552,0.384,0.9247
2014-12-29T01:40:59.218Z,2.8581,45.0592,231.0098,0.1954,0.0632,2.8534,30.9179,229.1897,0.1347,0.0941,82.0742,88.9564,231.4856,0.3837,0.9242
2014-12-29T01:41:59.661Z,2.7027,45.1442,231.5458,0.1947,0.0598,2.8497,31.3221,229.8864,0.1363,0.0948,81.4546,87.9934,231.3815,0.3812,0.9271
2014-12-29T01:42:59.844Z,3.4733,45.496,232.6436,0.1955,0.0756,2.8307,32.1115,230.6258,0.1395,0.09,143.2432,153.0395,231.3729,0.662,0.9336
2014-12-29T01:43:59.081Z,2.6562,45.3783,232.4752,0.195,0.059,2.5372,30.329,230.6479,0.1316,0.089,82.3091,88.9002,231.5989,0.3839,0.927
2014-12-29T01:44:59.262Z,2.737,46.1313,232.4268,0.1986,0.0579,2.7807,31.8104,230.7759,0.1378,0.0907,81.9246,88.5231,231.2926,0.3829,0.9269
2014-12-29T01:45:59.589Z,3.2847,45.3455,232.7687,0.1948,0.0729,3.0302,32.5215,230.9078,0.14,0.0987,81.8369,88.7038,231.268,0.3831,0.9236
2014-12-29T01:46:59.854Z,3.0343,45.3251,232.0322,0.1953,0.0668,2.8741,31.039,231.0426,0.1347,0.0974,81.302,87.8938,230.9955,0.3808,0.9263
2014-12-29T01:47:59.060Z,2.4832,45.2963,231.9947,0.1956,0.0548,3.0836,31.655,231.1833,0.137,0.1019,81.0624,87.5644,230.2246,0.3804,0.9267
2014-12-29T01:48:59.338Z,2.177,45.0389,230.9746,0.1947,0.0484,2.7005,31.6251,231.5315,0.1362,0.0873,80.2143,86.4047,229.4027,0.3765,0.9293
2014-12-29T01:49:59.712Z,3.4735,44.2398,231.032,0.1914,0.0777,3.2541,30.8245,231.6224,0.133,0.1048,80.4329,86.927,229.484,0.3786,0.9259
2014-12-29T01:50:59.067Z,3.2887,45.5901,231.1342,0.1974,0.0718,2.3113,33.4137,231.2673,0.145,0.0798,80.7032,87.1716,229.5563,0.3801,0.9267
2014-12-29T01:51:59.438Z,2.6013,44.6365,231.5434,0.1923,0.058,3.3385,31.6345,231.6048,0.1362,0.1055,80.891,87.383,230.3347,0.3795,0.9264
2014-12-29T01:52:59.542Z,2.8548,45.2787,232.2581,0.1951,0.0646,2.7062,31.0034,232.0109,0.1337,0.0931,136.0524,145.2441,230.8496,0.6295,0.9342
2014-12-29T01:53:59.763Z,2.776,45.0392,232.4344,0.1934,0.062,2.6169,31.559,230.29,0.1373,0.0885,88.7337,95.6399,231.8654,0.412,0.9275
2014-12-29T01:54:59.091Z,3.2871,45.109,232.4672,0.1943,0.0734,2.3857,31.5556,230.0454,0.137,0.0817,82.5841,89.3434,232.2683,0.384,0.9248
2014-12-29T01:55:59.367Z,2.4593,45.7358,232.4526,0.1969,0.0526,3.1313,31.7685,232.3233,0.1368,0.1029,81.6936,88.1863,231.489,0.3813,0.9275
2014-12-29T01:56:59.709Z,2.8212,45.6802,231.9426,0.1972,0.061,2.8583,32.0604,231.8882,0.138,0.0877,81.3723,87.5377,231.0451,0.3787,0.9308
2014-12-29T01:57:59.947Z,2.346,45.0657,231.6159,0.1946,0.0511,2.7875,32.1601,231.5299,0.139,0.0922,81.9273,87.9404,231.121,0.3801,0.9324
2014-12-29T01:58:59.413Z,3.1216,45.2114,230.9846,0.1959,0.0698,3.0747,31.1068,231.5428,0.1341,0.1009,81.2861,87.5234,230.3362,0.3801,0.9304
2014-12-29T01:59:59.786Z,3.0183,45.4897,230.8488,0.1971,0.0667,3.4366,32.5142,231.6836,0.1404,0.1086,80.4482,86.776,229.7571,0.3772,0.9277
2014-12-29T02:00:59.234Z,2.7217,43.3622,231.0281,0.1883,0.0611,2.6006,33.2488,230.6984,0.1441,0.0802,81.3148,88.1452,230.1568,0.3833,0.9239
2014-12-29T02:01:59.451Z,2.2687,44.8709,230.6166,0.1945,0.0501,3.03,31.6056,230.5653,0.1369,0.1013,81.2475,88.0674,230.0996,0.3825,0.9238
2014-12-29T02:02:59.764Z,2.8413,44.8042,231.7451,0.1935,0.0632,2.8847,31.8979,230.7792,0.1384,0.0941,105.0078,112.6201,231.0709,0.4878,0.9318
2014-12-29T02:03:59.951Z,3.6396,44.7359,232.1708,0.1922,0.0808,2.708,31.327,230.7749,0.1358,0.0862,119.3935,127.6995,230.7918,0.5536,0.9333
2014-12-29T02:04:59.170Z,2.4816,46.1813,231.9024,0.1993,0.0539,2.5399,30.1669,230.9126,0.1306,0.0894,81.6333,88.2703,230.8391,0.3827,0.9262
2014-12-29T02:05:59.349Z,2.1265,45.2392,232.2553,0.1943,0.0459,2.8709,31.5792,230.9507,0.1375,0.0973,81.8136,87.8454,230.774,0.381,0.9322
2014-12-29T02:06:59.594Z,2.2765,45.1973,232.2208,0.195,0.0508,2.8397,32.3486,229.7546,0.1408,0.0952,81.6574,87.8607,231.1371,0.3804,0.9308
2014-12-29T02:07:59.877Z,3.3797,45.343,231.5978,0.1963,0.0744,2.8907,32.4003,229.5707,0.1412,0.0933,81.0098,87.9062,230.6352,0.3813,0.9222
2014-12-29T02:08:59.192Z,2.8313,44.9429,230.1604,0.1954,0.0621,2.7194,31.2142,229.1964,0.1358,0.0922,81.6718,87.9677,231.4756,0.38,0.9292
2014-12-29T02:09:59.410Z,2.4833,44.7395,229.7337,0.1945,0.0533,2.8831,31.5743,229.0927,0.1377,0.0919,81.2519,87.6852,230.77,0.3791,0.9274
2014-12-29T02:10:59.635Z,3.1588,45.3396,230.1593,0.197,0.0697,2.5743,31.5007,229.0155,0.1373,0.0854,81.8022,88.2365,231.064,0.3816,0.9287
2014-12-29T02:11:59.034Z,3.0468,44.2357,230.9343,0.191,0.069,2.942,29.4772,229.2176,0.1287,0.1021,81.5199,88.1344,230.8727,0.3818,0.9264
2014-12-29T02:12:59.170Z,2.8676,44.6851,231.7586,0.1927,0.0636,2.6989,31.9749,230.6011,0.1381,0.0897,80.7662,87.771,230.7876,0.3803,0.9211
2014-12-29T02:13:59.554Z,322.0377,510.1556,231.6796,2.2118,0.2814,318.1527,490.6109,230.4397,2.1373,0.2682,640.8677,832.5141,229.6381,3.6452,0.8646
2014-12-29T02:14:59.842Z,1068.0343,1469.8328,229.9208,6.3928,0.7263,1111.1278,1553.9968,229.5503,6.7697,0.7156,1565.2044,2097.8833,227.8496,9.2076,0.7471
2014-12-29T02:15:59.245Z,1149.8767,1523.6643,228.9439,6.6549,0.7542,1218.6712,1642.422,229.1753,7.1665,0.7421,1641.8042,2165.889,227.5373,9.5187,0.7575
2014-12-29T02:16:59.482Z,1183.176,1547.9303,228.9981,6.7591,0.7641,1254.8574,1676.1196,228.941,7.3206,0.7489,1664.9353,2181.5608,227.252,9.5997,0.7639
2014-12-29T02:17:59.795Z,1180.1254,1545.8947,228.8683,6.7543,0.7638,1239.5476,1661.0296,228.4617,7.2702,0.7459,1657.5273,2165.2528,226.8963,9.5426,0.766
2014-12-29T02:18:59.088Z,1198.0653,1575.62,230.1563,6.846,0.7599,1218.6273,1647.3911,227.4878,7.2412,0.74,1661.0998,2146.9142,226.5526,9.4761,0.7743
2014-12-29T02:19:59.380Z,1200.343,1567.9401,229.236,6.8398,0.7662,1243.7507,1654.3693,226.8307,7.2931,0.7512,1679.997,2162.5362,226.1178,9.5631,0.7783
2014-12-29T02:20:59.616Z,1208.338,1576.6387,229.2831,6.876,0.7666,1244.6199,1652.6564,226.2783,7.3038,0.7528,1686.9494,2161.3942,226.0984,9.559,0.7809
2014-12-29T02:21:59.969Z,1205.2052,1585.7621,229.3608,6.9133,0.7598,1237.8328,1640.1019,226.2501,7.2488,0.7548,1702.9222,2178.2617,227.0898,9.5922,0.7814
2014-12-29T02:22:59.171Z,1198.4921,1578.2229,229.2422,6.8847,0.7588,1250.363,1655.7764,227.2979,7.2844,0.7551,1698.7162,2188.353,227.4171,9.6222,0.7766
2014-12-29T02:23:59.420Z,1212.2882,1600.6282,229.4852,6.9751,0.7578,1252.7114,1652.3963,226.6853,7.289,0.7583,1722.9347,2203.5996,227.761,9.675,0.7806
2014-12-29T02:24:59.562Z,1211.6848,1602.3971,229.4044,6.9849,0.7564,1247.1045,1647.2256,226.6155,7.2689,0.7575,1724.3766,2202.4854,227.8762,9.6654,0.7809
2014-12-29T02:25:59.738Z,1205.881,1598.2024,229.1464,6.9748,0.7543,1233.326,1632.6289,226.4348,7.2101,0.7558,1716.6618,2190.4342,227.8788,9.6123,0.7827
2014-12-29T02:26:59.060Z,1202.3346,1586.0869,229.0856,6.9237,0.7587,1236.5446,1633.1881,226.1301,7.2219,0.7579,1707.5911,2178.1378,227.3553,9.5801,0.783
2014-12-29T02:27:59.223Z,1159.3277,1539.5182,228.8652,6.7269,0.753,1208.4612,1612.8308,226.6372,7.1163,0.7489,1654.667,2134.9934,227.113,9.4007,0.775
2014-12-29T02:28:59.363Z,1145.3419,1521.8901,229.3501,6.6352,0.7527,1182.2547,1595.741,226.3019,7.0511,0.7416,1618.859,2091.3501,226.4115,9.2372,0.7733
2014-12-29T02:29:59.638Z,1196.6077,1552.0431,229.0602,6.7756,0.771,1254.8504,1663.8124,226.6896,7.3399,0.754,1659.1709,2135.4217,225.9644,9.4502,0.7772
2014-12-29T02:30:59.923Z,1178.0911,1536.7754,228.7249,6.7188,0.7671,1237.2728,1644.0929,226.6021,7.2551,0.7522,1643.033,2118.8838,225.8186,9.3837,0.7761
2014-12-29T02:31:59.258Z,1148.041,1513.8399,228.8227,6.616,0.7591,1196.4088,1607.5903,226.609,7.094,0.7436,1613.2197,2088.9447,226.0949,9.2397,0.7727
2014-12-29T02:32:59.588Z,1150.5032,1499.5794,228.382,6.5663,0.7672,1247.097,1660.8476,228.3254,7.2736,0.7508,1611.3067,2112.6014,226.451,9.3292,0.7623
2014-12-29T02:33:59.854Z,1080.9573,1396.1724,228.5546,6.1124,0.7123,1159.2837,1540.1609,228.4899,6.7452,0.6926,1487.3298,1937.9096,226.6164,8.5608,0.7799
2014-12-29T02:34:59.071Z,39.518,108.7527,230.3629,0.4736,0.1121,44.5975,102.9754,230.0827,0.4501,0.1058,166.7565,244.5769,228.8902,1.0724,0.8615
2014-12-29T02:35:59.317Z,315.3381,519.7979,229.3288,2.2733,0.3103,353.1311,573.2364,229.4279,2.5077,0.3071,414.1342,661.116,228.2236,2.9038,0.7607
2014-12-29T02:36:59.710Z,55.6174,116.4404,229.9647,0.5086,0.1219,62.4679,114.7175,230.2186,0.5023,0.118,425.6625,518.4963,227.7076,2.2846,0.8808
2014-12-29T02:37:59.048Z,1229.6583,1589.7222,228.3245,6.9629,0.7735,1303.4265,1687.9872,225.5544,7.483,0.772,1729.5481,2196.2831,226.2111,9.7094,0.7861
2014-12-29T02:38:59.352Z,1212.1769,1585.8766,227.5528,6.9694,0.7643,1284.5348,1648.0178,224.2723,7.3483,0.7797,1753.4938,2212.4512,226.5831,9.7648,0.7924
2014-12-29T02:39:59.701Z,1206.0362,1559.0194,227.2799,6.8597,0.7739,1311.6074,1695.6994,226.6684,7.4807,0.7734,1710.7736,2195.0802,226.4254,9.6944,0.7797
2014-12-29T02:40:59.896Z,1210.3499,1560.6627,227.0506,6.8737,0.7758,1329.6982,1712.9119,226.962,7.5466,0.7768,1716.7959,2207.9092,226.7671,9.7363,0.778
2014-12-29T02:41:59.266Z,1274.5349,1614.4115,228.236,7.0735,0.7891,1320.729,1729.7964,226.8059,7.6266,0.7632,1705.71,2157.9195,224.3577,9.6181,0.7901
2014-12-29T02:42:59.561Z,1251.9473,1602.7978,228.8153,7.0048,0.7814,1326.6268,1736.4212,227.7168,7.6253,0.7641,1711.8199,2187.3962,225.9757,9.6799,0.7821
2014-12-29T02:43:59.823Z,1241.6562,1599.9244,228.7916,6.9923,0.776,1326.2286,1731.4486,227.8781,7.5986,0.7664,1719.3827,2202.7864,226.7596,9.7144,0.7806
2014-12-29T02:44:59.059Z,1260.2873,1625.699,228.8863,7.1026,0.7754,1319.7336,1720.9818,227.0756,7.579,0.767,1741.8379,2210.6075,227.0542,9.7357,0.7894
2014-12-29T02:45:59.423Z,1225.4699,1591.8629,228.7122,6.9603,0.7698,1289.9368,1692.3959,227.0332,7.4541,0.7631,1706.7751,2180.0361,227.1343,9.597,0.7838
2014-12-29T02:46:59.677Z,1178.4682,1539.9479,228.3317,6.7443,0.7653,1249.5812,1648.8489,226.3667,7.2837,0.7582,1660.3764,2130.8917,226.3744,9.4138,0.7796
2014-12-29T02:47:59.026Z,1160.1512,1521.0291,227.9018,6.6739,0.7626,1241.6412,1635.3422,226.5312,7.2187,0.7597,1650.321,2123.2524,226.4083,9.3781,0.7774
2014-12-29T02:48:59.412Z,1132.5171,1485.0671,225.691,6.5798,0.7628,1265.1293,1632.1081,226.9433,7.1914,0.7756,1664.1563,2153.4466,226.6923,9.4993,0.7714
2014-12-29T02:49:59.678Z,1170.9184,1510.1921,225.5591,6.6949,0.7752,1305.8298,1675.7678,227.4557,7.3676,0.7793,1682.8603,2169.0977,226.169,9.5901,0.777
2014-12-29T02:50:59.865Z,1152.1588,1493.7393,225.6006,6.6211,0.7712,1289.9409,1659.9852,227.4852,7.2966,0.7777,1667.4384,2156.0132,226.1241,9.5346,0.772
2014-12-29T02:51:59.062Z,1175.4848,1528.0349,226.994,6.7312,0.7692,1265.9706,1649.9363,227.2861,7.2592,0.768,1669.709,2140.3778,225.8536,9.4765,0.7798
2014-12-29T02:52:59.342Z,1225.43,1572.7612,228.2253,6.8909,0.7791,1304.6893,1709.0874,228.3381,7.4845,0.763,1687.4329,2161.4101,225.944,9.566,0.78
2014-12-29T02:53:59.563Z,1208.5334,1558.8783,227.9616,6.8384,0.775,1293.2368,1695.0997,228.3503,7.4236,0.7619,1678.2951,2154.9306,226.173,9.5281,0.78
2014-12-29T02:54:59.794Z,1196.9902,1550.3977,228.1147,6.7959,0.7716,1285.4202,1683.6934,228.2018,7.3782,0.7636,1677.1307,2154.298,226.297,9.5198,0.7798
2014-12-29T02:55:59.202Z,1231.8769,1581.9027,227.87,6.9421,0.7794,1317.7153,1707.8254,227.6522,7.5022,0.771,1715.6789,2185.7543,226.3309,9.6572,0.7858
2014-12-29T02:56:59.412Z,1097.1584,1460.5479,227.5286,6.4192,0.7501,1182.9716,1579.3542,226.9572,6.9597,0.7487,1588.1831,2065.1791,225.7902,9.1464,0.7686
2014-12-29T02:57:59.768Z,972.0119,1350.591,228.068,5.922,0.7194,1042.816,1472.1029,227.0988,6.4821,0.7086,1439.4044,1927.9921,225.6408,8.5443,0.7468
2014-12-29T02:58:59.085Z,932.2192,1296.7586,227.1432,5.7091,0.7189,1022.4755,1457.0495,227.3741,6.4084,0.7018,1386.4718,1885.9766,224.8868,8.3865,0.7349
2014-12-29T02:59:59.266Z,909.2513,1282.4753,227.6816,5.6324,0.7087,987.1401,1437.6952,227.4973,6.32,0.6867,1352.9237,1857.0356,224.9319,8.2562,0.7289
