2014-12-12T00:00:59.497Z,2.317,39.6108,233.9046,0.1693,0.062,2.4311,20.5756,232.4731,0.0881,0.1266,83.7003,87.0985,233.2799,0.3735,0.9627
2014-12-12T00:01:59.464Z,2.679,37.8766,233.543,0.1622,0.0725,2.2057,18.5255,232.3545,0.0802,0.1257,83.6265,87.4459,233.1959,0.3748,0.9571
2014-12-12T00:02:59.841Z,3.3862,38.9278,232.7695,0.1668,0.0886,1.8677,20.4585,232.0053,0.0882,0.1007,83.9995,87.5152,232.9322,0.3755,0.9611
2014-12-12T00:03:59.314Z,2.467,38.5504,233.0137,0.1651,0.068,2.299,18.7562,232.186,0.0807,0.1334,83.507,86.7104,232.8988,0.3726,0.9637
2014-12-12T00:04:59.640Z,2.3623,38.2657,232.8535,0.1645,0.0638,1.3933,20.0486,232.9171,0.0863,0.1005,83.6698,87,232.7285,0.374,0.9627
2014-12-12T00:05:59.256Z,2.4506,37.9261,233.085,0.1629,0.0664,2.7636,22.1332,233.0237,0.0954,0.1196,82.9787,86.7438,232.5451,0.3729,0.9572
2014-12-12T00:06:59.635Z,1.943,38.706,232.9718,0.1661,0.0532,2.2201,19.309,232.3918,0.0833,0.1116,83.6829,86.9663,232.4257,0.3745,0.9637
2014-12-12T00:07:59.935Z,2.2213,38.0747,232.5631,0.164,0.0603,1.5499,19.5538,232.3323,0.0838,0.1003,82.9788,87.0213,232.1505,0.3744,0.9551
2014-12-12T00:08:59.531Z,2.1964,38.6618,232.2951,0.1663,0.0597,1.7118,20.3612,232.3738,0.088,0.1091,83.6209,86.7709,232.4401,0.3734,0.9649
2014-12-12T00:09:59.762Z,2.4147,37.9827,231.1388,0.1646,0.0641,1.8543,19.0686,232.6327,0.0824,0.1149,83.0521,86.5124,232.322,0.3721,0.9609
2014-12-12T00:10:59.068Z,2.193,38.3873,231.4458,0.1661,0.0591,2.1329,20.2451,232.9737,0.0871,0.1128,82.9136,86.2276,232.0821,0.3713,0.9618
2014-12-12T00:11:59.601Z,2.5647,38.0697,231.7654,0.1642,0.0689,1.8534,18.4476,232.2965,0.0798,0.1065,82.5311,85.9886,231.6805,0.3708,0.9602
2014-12-12T00:12:59.244Z,2.614,38.2425,233.4475,0.1642,0.0713,1.8369,18.0929,229.307,0.079,0.1048,83.5651,86.9991,232.7797,0.374,0.9619
2014-12-12T00:13:59.939Z,2.4238,38.6574,233.0751,0.1663,0.0628,1.9723,19.5323,230.7095,0.0849,0.1138,83.5147,86.8098,232.888,0.3734,0.9636
2014-12-12T00:14:59.158Z,3.0425,38.3469,232.8534,0.1646,0.0813,1.549,17.4335,232.9509,0.0749,0.1064,83.5345,86.5129,232.5674,0.3718,0.9667
2014-12-12T00:15:59.958Z,2.5365,38.9798,233.2682,0.1673,0.0676,1.836,22.0374,233.1503,0.0941,0.1057,83.5224,86.204,232.8125,0.3702,0.9691
2014-12-12T00:16:59.415Z,2.4149,38.8183,233.3648,0.1663,0.062,1.6263,20.7063,233.0136,0.0887,0.0992,83.5271,86.7334,233.1082,0.3722,0.9637
2014-12-12T00:17:59.627Z,2.9718,38.1957,233.3872,0.1635,0.0778,1.7857,17.4901,233.3025,0.0753,0.1197,83.6885,86.9122,233.3763,0.372,0.9634
2014-12-12T00:18:59.397Z,2.5263,37.4436,233.3711,0.1603,0.0682,1.7439,17.6053,233.2517,0.0759,0.1127,84.0423,87.4603,233.1008,0.3752,0.9616
2014-12-12T00:19:59.814Z,2.4074,38.1027,233.1354,0.1632,0.0624,1.7354,17.4586,233.008,0.0748,0.1227,83.8964,87.1602,233.1876,0.3739,0.9637
2014-12-12T00:20:59.929Z,2.9382,38.3078,233.0119,0.1643,0.078,1.7579,18.8748,232.9197,0.0814,0.1052,83.7469,86.6411,233.0545,0.3716,0.9675
2014-12-12T00:21:59.139Z,1.9991,38.4569,233.2682,0.1648,0.0538,1.9272,19.7426,233.1689,0.0849,0.1198,84.1366,87.2438,233.0966,0.3742,0.9654
2014-12-12T00:22:59.304Z,1.9871,38.648,233.1493,0.1656,0.0525,1.6668,18.7681,233.0835,0.0799,0.1055,83.6522,86.5821,232.8712,0.3719,0.967
2014-12-12T00:23:59.298Z,2.9754,37.9738,233.2951,0.1625,0.0792,1.7016,17.878,233.1044,0.0766,0.1232,83.6869,87.0758,233.1001,0.3727,0.9621
2014-12-12T00:24:59.651Z,2.2324,38.5029,233.2289,0.1649,0.0582,2.1914,18.1509,232.8611,0.0775,0.1337,83.1404,86.3598,232.8644,0.3711,0.9636
2014-12-12T00:25:59.216Z,2.1342,38.3235,232.1688,0.1654,0.0569,1.6595,18.2942,232.8377,0.0788,0.1046,83.2344,86.5305,232.6014,0.3719,0.9627
2014-12-12T00:26:59.279Z,2.8078,37.6963,232.1851,0.1618,0.0748,1.7518,17.5599,232.8548,0.0754,0.1289,82.9719,86.1941,232.5555,0.3703,0.9633
2014-12-12T00:27:59.506Z,2.13,38.1947,232.356,0.1643,0.0575,1.9311,17.5323,232.6938,0.0751,0.1234,83.9173,87.1426,232.8937,0.3741,0.9636
2014-12-12T00:28:59.992Z,2.606,38.061,231.811,0.1645,0.0695,1.9117,18.8632,232.4843,0.0811,0.1102,83.3915,86.7263,232.705,0.3727,0.9628
2014-12-12T00:29:59.020Z,2.5206,37.6894,232.2389,0.1622,0.0684,1.897,18.599,232.6544,0.0793,0.118,83.756,87.1382,233.2547,0.3736,0.9616
2014-12-12T00:30:59.307Z,2.113,38.1999,231.9213,0.1648,0.057,1.2928,18.5441,232.4359,0.0797,0.1066,83.4528,86.6862,232.9849,0.3716,0.963
2014-12-12T00:31:59.849Z,2.2318,38.0263,231.3319,0.1645,0.0592,1.9247,19.6259,232.599,0.0842,0.1207,83.8379,86.7759,232.8033,0.3732,0.9675
2014-12-12T00:32:59.147Z,1.9682,38.2452,230.3089,0.1656,0.0539,1.6818,20.2518,232.2391,0.0871,0.0982,83.8864,87.3039,233.4368,0.3734,0.962
2014-12-12T00:33:59.401Z,2.4557,37.7233,230.2264,0.1643,0.0655,1.8589,19.772,232.5597,0.0852,0.1202,84.249,87.7364,233.6732,0.3753,0.9607
2014-12-12T00:34:59.959Z,3.0198,37.8096,230.5596,0.1637,0.0822,1.4923,19.0893,232.5255,0.0822,0.1025,84.0646,87.5049,233.766,0.3742,0.9612
2014-12-12T00:35:59.267Z,2.6727,38.5772,230.695,0.1674,0.0692,1.5307,19.4594,232.1309,0.0838,0.1049,84.2947,87.7794,233.47,0.3763,0.9611
2014-12-12T00:36:59.586Z,2.4263,37.616,232.0852,0.1622,0.0664,1.9365,18.4129,232.1552,0.0793,0.1095,84.5634,88.5167,233.4724,0.3789,0.9563
2014-12-12T00:37:59.117Z,3.2769,38.0848,232.5541,0.1637,0.089,1.9606,20.3592,232.3329,0.0874,0.1129,84.0478,87.41,233.6029,0.3739,0.9624
2014-12-12T00:38:59.686Z,2.0503,38.3307,232.7383,0.1649,0.0548,2.0738,19.7152,232.2634,0.0848,0.1132,83.424,87.3179,233.2825,0.3745,0.9562
2014-12-12T00:39:59.527Z,2.39,38.4024,233.523,0.1651,0.0632,1.8433,19.0938,231.8132,0.0826,0.1137,83.4284,86.7437,232.9742,0.3726,0.9633
2014-12-12T00:40:59.022Z,3.0418,38.4158,233.1947,0.1647,0.0811,1.7252,19.6036,231.7306,0.0846,0.1067,83.5542,87.0108,232.6796,0.3737,0.9612
2014-12-12T00:41:59.635Z,3.3022,37.9729,233.1374,0.1626,0.0891,2.106,21.2046,231.8154,0.0915,0.1216,83.4223,86.6201,232.6951,0.3721,0.9642
2014-12-12T00:42:59.168Z,2.2891,38.6704,232.4967,0.1661,0.0593,1.8793,20.3238,231.6351,0.0874,0.1164,83.3639,86.7283,232.5542,0.3736,0.9622
2014-12-12T00:43:59.604Z,1.9913,38.1936,232.7183,0.1646,0.0567,1.3928,19.0034,231.5998,0.0823,0.1021,83.6803,87.1266,232.731,0.3742,0.9616
2014-12-12T00:44:59.588Z,3.2184,37.569,233.2711,0.161,0.0875,1.7515,17.5346,231.6841,0.0758,0.119,83.7449,86.6788,232.7862,0.3723,0.9671
2014-12-12T00:45:59.927Z,2.0725,38.7278,234.0146,0.1658,0.0533,2.1165,18.847,229.6285,0.082,0.1231,84.3499,87.9709,234.0009,0.3762,0.9599
2014-12-12T00:46:59.480Z,2.5302,38.5204,234.1413,0.1646,0.0674,1.9597,17.512,230.0155,0.0762,0.1205,84.8254,87.8535,234.3834,0.3743,0.9664
2014-12-12T00:47:59.750Z,3.162,38.2997,233.9743,0.1635,0.084,1.9509,20.3221,232.7714,0.0873,0.117,84.1468,87.6221,233.8445,0.3744,0.9605
2014-12-12T00:48:59.043Z,3.4504,37.8926,233.9383,0.1621,0.091,1.8132,19.7718,233.0544,0.0851,0.1037,84.2102,87.7508,234.0362,0.375,0.9607
2014-12-12T00:49:59.462Z,2.193,38.3782,233.7135,0.1646,0.0608,2.162,21.0483,232.2927,0.0908,0.1205,84.5954,87.672,234.0799,0.3742,0.9655
2014-12-12T00:51:59.544Z,2.4503,38.2473,233.03,0.1641,0.0657,1.8262,20.2408,231.8812,0.0874,0.1123,84.1136,87.8455,233.8436,0.3758,0.9589
2014-12-12T00:52:59.620Z,3.1565,37.1048,233.3682,0.1589,0.0859,1.7622,18.0426,232.6369,0.0776,0.1163,84.3104,88.4073,233.5067,0.3793,0.9545
2014-12-12T00:53:59.852Z,2.1616,38.3978,233.0038,0.1651,0.0582,1.7914,17.6886,232.7079,0.0751,0.1175,83.5952,87.3899,232.9302,0.3748,0.9575
2014-12-12T00:54:59.457Z,1.9546,38.7497,233.1094,0.1662,0.0528,1.793,19.922,232.7702,0.0858,0.1061,83.6553,87.1321,232.8348,0.3743,0.9611
2014-12-12T00:55:59.642Z,3.0365,37.9452,233.7002,0.1629,0.0802,1.9895,18.3954,232.9077,0.0784,0.1279,83.6805,87.333,233.1493,0.3745,0.959
2014-12-12T00:56:59.044Z,3.5502,37.716,233.6744,0.161,0.0952,1.8908,20.3964,233.0276,0.0877,0.108,83.9379,87.8813,233.2493,0.3766,0.9563
2014-12-12T00:57:59.086Z,2.5231,38.188,233.7762,0.1636,0.0676,2.3046,21.2269,232.8015,0.0911,0.1273,95.7796,100.1238,233.2115,0.4295,0.9597
2014-12-12T00:58:59.322Z,4.9591,39.059,233.7019,0.1673,0.1268,1.5229,19.7555,232.6144,0.0848,0.0914,134.144,141.3402,232.8334,0.6068,0.9536
2014-12-12T00:59:59.294Z,5.3167,38.6502,233.6016,0.1651,0.1377,1.4095,21.3771,232.9057,0.0919,0.0874,83.3426,87.1184,232.7737,0.3742,0.9582
2014-12-12T01:00:59.563Z,5.277,39.7347,233.4558,0.1704,0.1342,1.9527,22.1419,232.6376,0.0956,0.1,83.5209,86.9024,233.054,0.3724,0.9622
2014-12-12T01:01:59.793Z,5.709,38.6836,232.5905,0.1666,0.1469,1.5545,20.392,232.1844,0.0877,0.0949,83.5658,87.0484,232.8122,0.3735,0.9613
2014-12-12T01:02:59.463Z,4.9887,38.2008,233.2858,0.1635,0.1298,1.3915,18.1762,229.4432,0.0792,0.0799,84.0099,87.8234,233.5365,0.3758,0.9584
2014-12-12T01:03:59.813Z,4.1875,38.4074,233.3258,0.1644,0.1096,1.7566,20.1478,231.8238,0.0867,0.092,83.7616,86.52,232.9542,0.3715,0.969
2014-12-12T01:04:59.849Z,4.0786,38.0276,233.0557,0.1632,0.1086,1.5849,16.9409,232.6846,0.0729,0.1014,83.6904,87.0049,232.581,0.3748,0.9632
2014-12-12T01:05:59.175Z,5.3907,38.5377,232.0132,0.1656,0.1411,1.9768,20.3781,233.189,0.087,0.1024,83.5652,86.7299,232.8106,0.3728,0.9644
2014-12-12T01:06:59.556Z,5.736,39.0815,232.3492,0.1686,0.1467,1.3877,20.0756,232.9722,0.0864,0.074,83.018,85.964,231.6952,0.3709,0.9666
2014-12-12T01:07:59.218Z,4.7002,38.5118,232.0753,0.166,0.1229,1.3998,17.7068,232.6873,0.0758,0.0935,142.3981,149.821,231.3902,0.6481,0.9553
2014-12-12T01:08:59.472Z,480.0353,674.9417,232.7918,2.9058,0.3887,471.8667,703.7982,231.5539,3.0524,0.3509,835.4678,1106.6142,228.2327,4.8873,0.8477
2014-12-12T01:09:59.071Z,1124.4145,1515.1735,231.1147,6.5562,0.7419,1154.1448,1610.7987,230.1672,6.9983,0.7163,1601.1953,2118.1071,227.8082,9.2976,0.7562
2014-12-12T01:10:59.388Z,1138.5834,1536.3592,231.1474,6.6469,0.7409,1175.2464,1628.5578,230.3247,7.0707,0.722,1628.3656,2146.4569,228.6773,9.3861,0.7603
2014-12-12T01:11:59.106Z,1222.544,1606.2084,230.6822,6.9628,0.7608,1274.3408,1712.5401,230.3585,7.434,0.7438,1716.5293,2226.7334,228.5325,9.7438,0.7708
2014-12-12T01:12:59.667Z,1227.3518,1606.2203,230.588,6.966,0.7635,1289.574,1724.0525,230.3622,7.4835,0.7486,1723.1658,2232.6654,228.3421,9.7779,0.7712
2014-12-12T01:13:59.959Z,1219.2948,1595.5441,230.6606,6.917,0.764,1292.9086,1728.9736,230.5219,7.5,0.7478,1711.314,2225.4532,228.2759,9.7494,0.7697
2014-12-12T01:14:59.904Z,1224.8013,1598.444,229.9817,6.9506,0.7661,1310.4669,1742.1544,231.0534,7.54,0.7517,1722.1106,2240.1834,228.5179,9.8028,0.7685
2014-12-12T01:15:59.236Z,1228.8407,1608.1908,230.1503,6.9878,0.7637,1308.4415,1737.3266,230.8029,7.5272,0.752,1732.2867,2245.2174,228.7061,9.8175,0.7709
2014-12-12T01:16:59.819Z,1218.0774,1598.7246,230.378,6.9398,0.7609,1325.3497,1751.7154,231.3392,7.5719,0.7572,1735.6399,2264.5764,229.355,9.873,0.7674
2014-12-12T01:17:59.107Z,1225.796,1604.379,230.2728,6.9672,0.764,1330.0035,1755.6847,231.2093,7.5935,0.7582,1738.7406,2263.7074,229.1683,9.8782,0.7693
2014-12-12T01:18:59.398Z,1236.7617,1619.4476,230.3846,7.0296,0.7641,1335.8464,1760.3693,230.9551,7.6223,0.7591,1750.725,2272.9903,229.1434,9.9193,0.7697
2014-12-12T01:19:59.906Z,1249.3289,1628.7033,230.5339,7.0651,0.7674,1354.3728,1781.6607,231.2037,7.7064,0.76,1760.2837,2286.2748,229.3862,9.967,0.77
2014-12-12T01:20:59.860Z,1264.517,1655.0262,231.7245,7.1418,0.7637,1324.2122,1765.3993,230.4724,7.66,0.7504,1750.8701,2259.2075,229.3764,9.8497,0.7763
2014-12-12T01:21:59.142Z,1262.0447,1654.6583,231.7631,7.1394,0.7621,1314.3548,1752.3407,230.1366,7.6143,0.75,1754.3782,2256.7415,229.3853,9.8382,0.7788
2014-12-12T01:22:59.031Z,1222.6862,1613.4994,231.7798,6.9613,0.7573,1281.5009,1728.1244,230.4765,7.4975,0.7406,1703.2585,2213.2494,229.2753,9.653,0.7709
2014-12-12T01:23:59.435Z,1188.5154,1586.7888,231.9862,6.8401,0.7492,1251.4962,1702.9338,230.935,7.3737,0.7343,1675.163,2191.7544,229.6213,9.545,0.7639
2014-12-12T01:24:59.996Z,1181.5688,1573.5995,231.534,6.7964,0.7508,1257.9418,1699.3263,230.6779,7.3666,0.7404,1673.1904,2188.2532,229.169,9.5482,0.7644
2014-12-12T01:25:59.895Z,1197.5567,1591.4947,231.7127,6.8684,0.7522,1251.3145,1695.4722,230.5033,7.3549,0.7378,1681.2562,2183.5758,229.0752,9.5316,0.77
2014-12-12T01:26:59.155Z,1198.7843,1595.0375,231.6147,6.8869,0.7517,1255.1165,1693.468,230.5627,7.3451,0.7404,1696.8129,2197.5034,229.4376,9.5776,0.7709
2014-12-12T01:27:59.158Z,1196.5562,1598.7773,231.4689,6.907,0.7487,1260.1704,1692.3287,230.7819,7.3329,0.7445,1710.3485,2214.689,229.7237,9.6404,0.7719
2014-12-12T01:28:59.461Z,1217.5556,1628.9454,231.7842,7.0274,0.7477,1248.7302,1682.9867,230.2891,7.3078,0.7416,1728.3076,2217.8254,229.9933,9.6432,0.7797
2014-12-12T01:29:59.385Z,1216.8381,1630.2469,231.973,7.0274,0.747,1255.588,1690.3258,230.5574,7.3311,0.7423,1731.3712,2226.4389,230.2527,9.6689,0.7786
2014-12-12T01:30:59.669Z,1222.3519,1635.2173,231.601,7.06,0.7482,1269.4459,1692.7579,229.853,7.3648,0.7497,1752.2662,2246.3596,230.5333,9.7443,0.7799
2014-12-12T01:31:59.399Z,1223.9507,1628.9204,231.2443,7.0442,0.7515,1281.9244,1698.2576,229.5783,7.3974,0.7548,1753.8989,2245.8317,230.1891,9.7563,0.7807
2014-12-12T01:32:59.924Z,1053.2306,1403.7146,231.5054,6.0701,0.6572,1100.0977,1454.3934,230.0899,6.3308,0.6551,1569.3291,1994.0733,230.6577,8.6544,0.8014
2014-12-12T01:33:59.460Z,5.0426,39.0797,233.2435,0.1676,0.129,1.6857,20.9299,231.6792,0.0903,0.0926,46.9296,65.0543,233.426,0.2789,0.4447
2014-12-12T01:34:59.899Z,5.1318,38.6499,232.7641,0.1662,0.1331,1.6488,18.9525,232.6811,0.0818,0.0909,4.3348,22.2854,232.9111,0.0951,0.2143
2014-12-12T01:35:59.201Z,5.5504,38.579,232.7269,0.1656,0.1453,1.5161,17.9358,233.1604,0.0769,0.0923,4.544,23.3669,233.0759,0.1002,0.2151
2014-12-12T01:36:59.453Z,5.5937,39.3511,233.2509,0.1687,0.1445,1.8949,20.2446,232.9709,0.0869,0.099,3.9001,23.8004,232.7688,0.102,0.192
2014-12-12T01:37:59.796Z,4.9374,38.881,233.2205,0.167,0.1273,1.2338,18.8111,232.998,0.0809,0.0765,4.1125,24.1225,232.6529,0.1035,0.2009
2014-12-12T01:38:59.058Z,4.8057,38.096,233.4009,0.163,0.1278,1.3546,20.2592,232.8822,0.0871,0.0836,4.3381,24.6627,232.544,0.1057,0.1968
2014-12-12T01:39:59.482Z,5.9373,39.3864,233.3521,0.1689,0.1509,1.8508,20.3298,232.7576,0.0875,0.0932,4.4496,23.5333,232.3737,0.1012,0.2143
2014-12-12T01:40:59.819Z,5.2158,39.0951,233.5643,0.1673,0.136,1.8755,19.1516,233.0654,0.0823,0.102,4.5783,23.5954,232.3803,0.1015,0.209
2014-12-12T01:41:59.304Z,4.2096,38.511,233.9803,0.1648,0.1097,1.8058,22.1113,233.803,0.0944,0.0854,4.2638,24.7088,232.8008,0.1061,0.2046
2014-12-12T01:42:59.812Z,4.8029,39.5942,233.6322,0.1689,0.122,1.8914,20.8103,233.344,0.0889,0.0985,4.0849,22.6145,233.0354,0.0968,0.2066
2014-12-12T01:43:59.265Z,5.3864,39.0344,233.7418,0.1674,0.14,1.5627,18.9336,233.3468,0.0807,0.0979,4.0758,24.2868,233.2823,0.1038,0.1978
2014-12-12T01:44:59.610Z,5.3672,39.0122,233.8041,0.1671,0.139,1.4458,18.7704,233.2618,0.0808,0.0823,4.0314,25.1548,233.2745,0.1073,0.1878
2014-12-12T01:45:59.963Z,3.9759,38.0458,233.6585,0.1626,0.1047,1.7103,19.6943,233.2713,0.0846,0.0855,4.1025,23.436,233.5479,0.1003,0.201
2014-12-12T01:46:59.200Z,5.817,39.4571,233.852,0.1683,0.1473,1.5742,19.477,233.4803,0.0833,0.0858,4.2106,23.4701,233.9647,0.1,0.2032
2014-12-12T01:47:59.190Z,5.7721,38.2785,233.3446,0.1643,0.1509,1.73,19.6533,233.4409,0.0838,0.0968,4.2847,24.6454,233.6421,0.1048,0.1984
2014-12-12T01:48:59.672Z,4.3195,38.0775,233.3766,0.1634,0.1135,1.399,20.319,233.4727,0.0873,0.0807,4.3347,24.4438,233.7548,0.1047,0.2028
2014-12-12T01:49:59.890Z,4.4099,38.8522,233.5589,0.1669,0.1144,1.2204,15.178,233.0936,0.0654,0.0935,4.2919,25.3647,233.6735,0.1086,0.1909
2014-12-12T01:50:59.650Z,5.314,38.9025,232.6024,0.1673,0.1389,1.3288,20.1021,233.1167,0.0863,0.0886,4.2718,23.8485,233.0693,0.1019,0.2025
2014-12-12T01:51:59.262Z,5.5862,38.3822,232.1747,0.1652,0.1457,1.8076,20.6034,233.3582,0.0883,0.0974,4.6771,23.1606,233.1757,0.0993,0.2244
2014-12-12T01:52:59.207Z,5.487,38.9756,232.1191,0.1678,0.1414,1.357,18.5234,233.4632,0.0793,0.0836,4.4495,24.5557,233.1553,0.1055,0.2062
2014-12-12T01:53:59.459Z,5.7644,39.0442,232.4979,0.1679,0.1487,1.28,20.6821,233.4597,0.0881,0.0752,4.3519,23.7349,233.0058,0.1019,0.2095
2014-12-12T01:54:59.734Z,5.8082,38.9987,233.6354,0.1669,0.1486,1.4851,18.5271,233.4777,0.0795,0.0895,4.5178,24.4008,233.2558,0.1041,0.207
2014-12-12T01:55:59.137Z,5.1683,38.2261,233.6803,0.1639,0.1343,1.5161,19.4714,234.0438,0.0834,0.0816,4.0814,25.2209,233.651,0.1078,0.1893
2014-12-12T01:56:59.641Z,4.5003,38.568,233.2796,0.165,0.1161,1.8407,20.6774,233.4904,0.0885,0.0921,4.3942,23.6495,233.3477,0.1013,0.2115
2014-12-12T01:57:59.931Z,5.7499,39.7147,233.403,0.17,0.1444,1.574,18.1874,233.5056,0.0779,0.0943,4.2727,23.9857,233.4074,0.1026,0.2062
2014-12-12T01:58:59.242Z,5.6498,38.9218,233.0526,0.167,0.1454,1.3926,18.3908,233.4421,0.0787,0.0848,4.3433,24.3993,233.3269,0.1043,0.2027
2014-12-12T01:59:59.610Z,4.7026,37.8909,233.0226,0.163,0.1233,1.5362,20.7495,233.1466,0.0892,0.0811,3.8751,25.3845,233.2916,0.1088,0.1814
