2014-12-27T00:00:59.718Z,1155.4348,1588.6242,232.3099,6.838,0.7273,1178.8482,1621.6218,230.1964,7.0441,0.7272,1663.9789,2154.8018,229.7144,9.3807,0.7717
2014-12-27T00:01:59.995Z,1028.7354,1413.9229,232.4057,6.0883,0.658,1053.567,1447.1704,230.3342,6.2889,0.6568,1541.108,1981.2977,229.5157,8.6369,0.7883
2014-12-27T00:02:59.234Z,4.869,46.0398,233.3428,0.1969,0.103,2.1193,33.3301,231.7265,0.1438,0.0673,50.3798,74.368,231.2988,0.3203,0.4078
2014-12-27T00:03:59.282Z,3.8871,45.4623,233.3608,0.1947,0.0851,1.9555,33.3962,230.8835,0.1442,0.0603,2.8867,33.4001,231.7273,0.1445,0.0958
2014-12-27T00:04:59.531Z,5.2473,46.1669,233.9884,0.1973,0.113,2.0557,32.2345,229.5604,0.1405,0.0657,3.5292,32.2255,234.2978,0.1379,0.1166
2014-12-27T00:05:59.196Z,6.0804,45.9776,233.4493,0.197,0.1298,2.6018,30.5084,231.3424,0.1315,0.0824,3.8941,31.7069,234.0153,0.1357,0.1231
2014-12-27T00:06:59.499Z,4.3037,45.6486,232.1566,0.1967,0.0936,1.7493,31.8395,229.1897,0.1384,0.0612,3.2915,31.8938,232.0262,0.1375,0.1077
2014-12-27T00:07:59.484Z,4.6977,46.4892,232.3554,0.1999,0.1021,2.5867,31.3877,228.9926,0.1367,0.0778,3.4988,32.1253,232.2925,0.1386,0.11
2014-12-27T00:08:59.884Z,5.3501,46.8169,232.249,0.202,0.1142,2.8168,29.9682,228.6945,0.1308,0.0892,3.3652,35.9886,232.5203,0.1551,0.0946
2014-12-27T00:09:59.542Z,4.7653,45.0624,231.8527,0.1944,0.1073,2.3647,30.9481,228.7136,0.1352,0.0782,3.5904,34.7175,232.0038,0.1495,0.1045
2014-12-27T00:11:59.334Z,4.2407,46.2267,231.2161,0.2,0.0924,1.9769,32.1062,228.5916,0.1401,0.0674,3.0997,33.2662,230.9879,0.1441,0.0972
2014-12-27T00:12:59.744Z,5.4335,45.8907,231.4895,0.1983,0.1166,2.1329,32.9617,227.6146,0.1445,0.0707,3.5538,33.6527,230.8609,0.1457,0.1109
2014-12-27T00:13:59.081Z,3.6784,45.1763,232.7551,0.1939,0.0806,2.2416,30.6082,226.6826,0.1347,0.0745,3.034,33.7245,230.0539,0.147,0.0996
2014-12-27T00:14:59.710Z,3.1686,46.515,233.559,0.1992,0.0675,2.0448,32.9258,227.6566,0.145,0.0729,3.0725,31.8221,230.5001,0.1382,0.1024
2014-12-27T00:15:59.033Z,2.4438,46.3732,233.2698,0.1988,0.0544,3.1176,32.1873,228.7839,0.1408,0.0976,2.7637,31.9791,230.9093,0.1391,0.0917
2014-12-27T00:16:59.078Z,2.3902,46.2836,233.5469,0.1978,0.0512,2.6802,31.2689,228.9066,0.137,0.0873,3.4641,33.8423,231.4191,0.1465,0.104
2014-12-27T00:17:59.118Z,2.3285,46.21,232.9435,0.198,0.05,2.8488,31.5945,229.5368,0.138,0.0963,3.4735,34.0159,231.0053,0.1478,0.1016
2014-12-27T00:18:59.380Z,2.6643,45.1276,233.2224,0.1936,0.0581,2.7658,32.4046,227.6243,0.1425,0.0854,3.4869,32.7665,231.8102,0.1413,0.1097
2014-12-27T00:19:59.737Z,1.8325,46.2341,232.8799,0.1985,0.0415,2.5763,30.8746,227.7378,0.1361,0.0911,3.3561,32.765,232.0668,0.1412,0.1079
2014-12-27T00:20:59.136Z,3.4146,46.0913,231.9167,0.1988,0.0734,2.7826,34.2736,230.3949,0.1493,0.0843,3.1776,33.5401,230.9502,0.1451,0.102
2014-12-27T00:21:59.570Z,2.6993,45.3509,232.4052,0.1948,0.0596,2.9467,33.2189,229.2033,0.145,0.0941,3.2923,34.6011,230.6451,0.15,0.1008
2014-12-27T00:22:59.892Z,2.0552,45.8714,232.7027,0.1968,0.0445,2.7769,30.8268,228.1935,0.1348,0.0952,3.0057,33.2604,230.034,0.1446,0.0942
2014-12-27T00:23:59.579Z,2.0643,46.3355,232.4392,0.1993,0.0457,2.821,32.5076,228.0075,0.1429,0.0898,3.2885,34.141,229.5975,0.1488,0.1012
2014-12-27T00:24:59.227Z,2.6491,44.8863,232.1818,0.1932,0.0586,2.5452,30.0991,228.7947,0.1314,0.0927,3.5826,33.2876,230.3514,0.1443,0.1087
2014-12-27T00:25:59.389Z,2.4144,46.0947,231.7797,0.1987,0.0545,2.7201,31.6813,230.4123,0.1377,0.0925,3.4422,33.6655,231.2275,0.1458,0.1003
2014-12-27T00:26:59.840Z,2.6821,45.6347,232.0223,0.197,0.0597,2.3939,32.6063,230.2957,0.1416,0.0816,3.0229,34.1257,231.2617,0.1477,0.0949
2014-12-27T00:27:59.820Z,2.2475,45.5374,231.9027,0.1965,0.049,2.8677,31.1079,230.0799,0.1353,0.0948,3.2589,33.3788,231.13,0.1447,0.1031
2014-12-27T00:28:59.335Z,2.5973,45.856,232.0318,0.1972,0.0554,2.76,31.1804,230.2426,0.1353,0.0908,3.0511,33.9134,231.24,0.1467,0.0989
2014-12-27T00:29:59.645Z,2.0012,46.2435,232.1325,0.1995,0.0424,2.8649,32.1103,229.9266,0.1396,0.0921,3.1654,32.7337,231.0373,0.1419,0.0998
2014-12-27T00:30:59.306Z,2.5018,46.2355,231.6012,0.1997,0.0518,2.5274,32.8041,229.6838,0.1427,0.0862,3.4051,31.4445,231.2869,0.1364,0.1099
2014-12-27T00:31:59.039Z,2.8082,46.0058,231.2396,0.1987,0.0618,2.924,30.3292,229.2734,0.1322,0.0992,3.0638,32.2823,231.1843,0.1399,0.0979
2014-12-27T00:32:59.532Z,2.9453,43.9798,230.487,0.1908,0.0674,2.818,31.9712,229.1708,0.1396,0.0974,3.535,34.4658,231.5182,0.149,0.1082
2014-12-27T00:33:59.625Z,2.3146,45.3655,230.0673,0.197,0.0511,2.1845,30.03,228.96,0.131,0.0776,3.442,33.8843,231.8629,0.146,0.1004
2014-12-27T00:34:59.886Z,2.3864,45.3535,230.6782,0.1965,0.0526,2.2766,32.5626,229.0597,0.1422,0.0802,3.4189,34.1832,232.2609,0.1469,0.1043
2014-12-27T00:35:59.172Z,2.1983,45.5034,231.6648,0.1963,0.049,2.8988,29.535,229.6728,0.1287,0.0999,3.8552,31.558,232.3338,0.1359,0.117
2014-12-27T00:36:59.485Z,2.3578,45.2427,230.4727,0.196,0.0522,2.6052,30.3884,230.4348,0.1321,0.0911,3.2059,33.2056,232.011,0.1424,0.1047
2014-12-27T00:37:59.136Z,2.0443,46.0956,230.3352,0.2,0.046,2.5992,33.8018,230.3875,0.1469,0.0818,3.146,34.6205,231.8827,0.1495,0.0953
2014-12-27T00:38:59.435Z,2.6391,45.4433,230.2558,0.1971,0.057,3.0516,34.2078,230.7226,0.148,0.0896,3.1698,33.3611,231.3989,0.1446,0.0984
2014-12-27T00:39:59.493Z,2.7334,45.8246,231.106,0.1985,0.0609,2.5858,33.8747,230.2842,0.1473,0.0818,3.3281,33.4854,231.2438,0.1445,0.0997
2014-12-27T00:40:59.808Z,1.6037,46.4773,231.0908,0.2012,0.0345,2.7109,32.3412,229.0568,0.1413,0.0904,3.3388,34.5483,230.897,0.1497,0.1007
2014-12-27T00:41:59.065Z,2.1498,45.6154,231.012,0.1978,0.0479,2.6864,31.3185,228.5076,0.1365,0.0869,3.0394,32.6973,230.5904,0.1418,0.104
2014-12-27T00:42:59.592Z,2.487,45.0127,230.6503,0.1954,0.0541,1.9964,31.9135,229.0526,0.1392,0.074,3.4665,33.9563,230.7588,0.1474,0.1068
2014-12-27T00:43:59.783Z,2.2238,44.663,230.4145,0.1941,0.0501,2.3186,30.8434,229.1187,0.1351,0.0829,3.1731,34.4126,230.9411,0.1491,0.1
2014-12-27T00:44:59.148Z,2.3463,45.8878,231.3361,0.1978,0.0516,2.612,31.2201,226.2476,0.1384,0.089,3.3456,32.398,231.646,0.14,0.1111
2014-12-27T00:45:59.426Z,3.0392,45.9548,232.4016,0.1977,0.0668,2.6299,33.0292,228.3274,0.1448,0.0843,47.4945,74.8716,231.4721,0.3238,0.3779
2014-12-27T00:46:59.638Z,2.8952,45.9508,232.0432,0.1982,0.0644,2.8399,31.5954,230.1574,0.1367,0.0912,20.6815,48.3,231.0007,0.209,0.22
2014-12-27T00:47:59.157Z,2.7548,45.4943,232.3552,0.1962,0.0613,2.5841,32.3486,230.007,0.1404,0.0862,3.0008,33.9218,230.6821,0.1472,0.0953
2014-12-27T00:48:59.450Z,2.026,46.647,232.4833,0.2003,0.0434,2.6874,31.3847,230.2775,0.1359,0.0888,3.5444,33.5866,231.1238,0.1456,0.1107
2014-12-27T00:49:59.909Z,2.4965,45.644,232.5345,0.1965,0.0565,2.7253,30.2451,230.1982,0.1315,0.0941,3.6504,34.3178,230.9516,0.149,0.1117
2014-12-27T00:50:59.421Z,2.8222,45.2126,231.8438,0.195,0.0627,2.299,35.33,229.9991,0.1538,0.0756,3.0652,34.7496,231.36,0.1504,0.0958
2014-12-27T00:51:59.622Z,2.3457,45.3368,231.2296,0.196,0.0499,2.0337,31.5568,230.0154,0.1369,0.0759,3.0079,33.3301,230.9293,0.144,0.1034
2014-12-27T00:52:59.032Z,2.0511,45.0651,231.3855,0.1945,0.0453,2.8445,32.358,229.9215,0.1409,0.0968,2.7385,32.9562,230.4126,0.1434,0.0902
2014-12-27T00:53:59.522Z,2.7787,44.4653,231.0762,0.1921,0.0641,2.7537,29.7408,229.3815,0.1295,0.0935,3.6548,34.2274,230.187,0.1492,0.1084
2014-12-27T00:54:59.741Z,2.5699,45.5599,231.3858,0.1974,0.0545,2.4711,31.4205,229.5241,0.1367,0.0875,3.0544,34.1959,230.4809,0.1486,0.0964
2014-12-27T00:55:59.118Z,2.3034,46.129,232.5703,0.1982,0.0521,2.6922,32.1456,229.6907,0.1401,0.0892,37.3006,66.0377,231.2734,0.2856,0.3193
2014-12-27T00:56:59.655Z,3.9773,45.5508,232.5524,0.1962,0.0853,2.1732,31.4428,229.6952,0.1366,0.0763,30.5851,59.1064,231.5177,0.2552,0.2737
2014-12-27T00:57:59.973Z,3.8129,46.2404,232.6555,0.1988,0.0823,2.4485,32.8627,229.4016,0.1432,0.0832,3.5272,34.793,231.3732,0.1502,0.1035
2014-12-27T00:58:59.634Z,4.5823,46.1751,233.5189,0.1979,0.0977,2.2194,31.2723,229.4172,0.136,0.0731,2.9674,32.7673,231.3501,0.1414,0.0938
