2014-11-02T00:00:59.530Z,4.333,17.7565,234.0816,0.0765,0.2429,-2.1546,14.0126,234.4073,0.0599,-0.1505,11.178,20.1385,235.7727,0.0852,0.5557
2014-11-02T00:01:59.799Z,4.3884,17.9478,233.2335,0.0773,0.2436,-2.0973,13.8309,233.6732,0.0589,-0.1489,11.0503,20.144,234.8261,0.0852,0.5516
2014-11-02T00:02:59.909Z,4.2634,18.05,231.1685,0.0789,0.2362,-2.0733,13.508,231.5674,0.0583,-0.1504,11.0061,19.5776,232.812,0.0839,0.5629
2014-11-02T00:03:59.086Z,4.1432,17.8127,231.4237,0.0775,0.2317,-2.1574,13.7527,231.6878,0.059,-0.154,10.8995,19.8352,232.7852,0.0846,0.5505
2014-11-02T00:04:59.345Z,4.2913,17.878,231.1999,0.0781,0.2396,-1.9511,13.5312,231.6831,0.0578,-0.1416,11.1286,19.7184,232.7765,0.0848,0.5649
2014-11-02T00:05:59.531Z,4.213,17.7846,230.9864,0.0776,0.2363,-2.1146,13.7334,231.592,0.0589,-0.1506,11.1523,19.726,232.6322,0.0844,0.5671
2014-11-02T00:06:59.762Z,3.8377,17.6219,230.671,0.0769,0.218,-2.2418,13.7573,230.8257,0.0599,-0.1572,10.8673,19.8099,232.1285,0.085,0.5498
2014-11-02T00:07:59.008Z,4.2638,17.86,230.6253,0.0779,0.2379,-2.1546,14.0083,230.9537,0.0611,-0.1516,11.0561,19.9109,232.0195,0.0853,0.557
2014-11-02T00:08:59.221Z,4.3539,17.9435,231.2622,0.0785,0.2422,-2.1126,14.0309,231.4526,0.0603,-0.1473,11.1474,19.9607,232.4107,0.0856,0.5586
2014-11-02T00:09:59.503Z,4.2437,17.9311,231.4069,0.0781,0.2364,-2.2388,14.1059,231.677,0.0607,-0.157,11.0526,19.8918,232.4527,0.0851,0.5573
2014-11-02T00:10:59.744Z,3.5744,17.7259,231.6747,0.0765,0.2001,-2.0755,14.0675,231.7286,0.0606,-0.1453,11.0364,20.3027,232.3164,0.0873,0.5459
2014-11-02T00:11:59.057Z,3.1811,17.5883,232.6032,0.0751,0.1802,-2.0753,14.2712,230.546,0.0618,-0.1426,11.0428,19.9253,232.4722,0.085,0.5553
2014-11-02T00:12:59.333Z,3.436,17.5313,232.8397,0.0751,0.1948,-2.0979,14.1262,228.8485,0.0622,-0.1481,11.0313,20.0218,233.1537,0.0855,0.5529
2014-11-02T00:13:59.587Z,3.2716,17.4826,232.2607,0.0753,0.1857,-2.1252,14.4684,231.9448,0.0625,-0.1448,11.016,20.0146,232.3956,0.0855,0.5508
2014-11-02T00:14:59.886Z,3.8306,17.7254,231.0011,0.0773,0.2151,-2.2213,14.2233,231.1922,0.0618,-0.1527,11.0321,19.7549,231.8539,0.0845,0.5598
2014-11-02T00:15:59.026Z,4.64,18.0097,230.6345,0.079,0.2564,-1.9266,13.5846,230.3092,0.059,-0.1404,11.1048,19.5925,232.2505,0.0838,0.5675
2014-11-02T00:16:59.149Z,4.7734,18.0426,230.8173,0.0786,0.2639,-1.8535,13.277,230.5016,0.0579,-0.1376,11.2004,19.74,233.649,0.0836,0.5681
2014-11-02T00:17:59.330Z,3.8104,17.491,231.3562,0.075,0.2169,-1.9145,13.7122,231.0293,0.0594,-0.1344,11.5299,20.238,233.076,0.0866,0.5706
2014-11-02T00:18:59.470Z,3.2743,17.5346,231.9282,0.0762,0.186,-1.9752,13.6395,231.3833,0.0587,-0.1409,11.104,19.642,232.9571,0.0841,0.5655
2014-11-02T00:19:59.729Z,3.19,17.5255,232.2378,0.0754,0.1816,-2.1701,14.4187,231.5957,0.0623,-0.1469,11.021,20.1579,233.2735,0.0863,0.5485
2014-11-02T00:20:59.086Z,3.2031,17.5304,232.0196,0.0752,0.1813,-2.0381,14.0486,231.2277,0.0601,-0.1431,10.8729,19.8476,233.0278,0.0842,0.5496
2014-11-02T00:21:59.196Z,3.6413,18.104,231.5313,0.079,0.2011,-1.9999,13.5023,231.3107,0.0581,-0.144,11.1034,19.65,233.0341,0.084,0.5661
2014-11-02T00:22:59.404Z,3.9254,17.7688,231.298,0.0776,0.2201,-2.0988,14.1737,231.3381,0.0615,-0.145,26.4432,36.8086,233.13,0.1577,0.5937
2014-11-02T00:23:59.773Z,693.7508,977.8788,230.2651,4.2553,0.5488,728.0147,1019.0786,229.8543,4.4442,0.4412,1172.3111,1569.9946,230.8527,6.8183,0.7866
2014-11-02T00:24:59.011Z,1159.6948,1551.3969,229.8238,6.7502,0.7477,1222.0843,1626.1571,229.5272,7.0847,0.752,1702.185,2214.7439,230.2078,9.6208,0.7687
2014-11-02T00:25:59.136Z,1164.1986,1545.9533,229.937,6.7227,0.7524,1253.406,1654.2504,229.6841,7.2025,0.7579,1704.0843,2223.4471,230.0765,9.6651,0.7671
2014-11-02T00:26:59.460Z,1177.8619,1548.3225,229.7173,6.7399,0.7604,1272.537,1672.1162,229.6927,7.2799,0.7604,1708.016,2221.226,229.4619,9.6804,0.7696
2014-11-02T00:27:59.638Z,1205.351,1574.064,229.8334,6.849,0.7656,1289.9279,1691.0582,229.6085,7.3648,0.7622,1725.6096,2231.7536,229.6742,9.7173,0.7715
2014-11-02T00:28:59.914Z,1222.5253,1595.6185,229.7951,6.9439,0.7663,1303.9263,1700.1786,229.2217,7.417,0.7676,1750.3274,2251.2173,230.1226,9.7825,0.7778
2014-11-02T00:29:59.259Z,1246.4604,1637.16,230.1001,7.1153,0.7609,1293.5896,1685.3728,228.7892,7.3661,0.7686,1788.1167,2271.7506,230.6381,9.8498,0.7882
2014-11-02T00:30:59.394Z,1260.4157,1648.2689,230.2284,7.1591,0.7641,1313.7815,1705.7748,228.8385,7.4538,0.7701,1800.323,2286.0003,230.6174,9.9123,0.7892
2014-11-02T00:31:59.562Z,1260.8549,1640.9799,229.7096,7.1436,0.7692,1343.608,1721.9008,228.7336,7.5277,0.78,1819.908,2311.3257,230.4496,10.0289,0.7884
2014-11-02T00:32:59.767Z,1269.4763,1648.9137,229.3813,7.188,0.7699,1352.7207,1722.256,228.3737,7.5414,0.7857,1837.01,2320.4411,229.9533,10.0908,0.7901
2014-11-02T00:33:59.001Z,1286.1052,1671.189,230.0442,7.2646,0.7692,1362.3581,1739.7456,228.9787,7.5981,0.7829,1848.8476,2334.802,230.3072,10.1382,0.7908
2014-11-02T00:34:59.232Z,1286.416,1665.299,229.9026,7.2432,0.7716,1376.0035,1750.8437,229.1486,7.6411,0.786,1848.6085,2337.4958,230.1347,10.1574,0.7902
2014-11-02T00:35:59.424Z,1242.8136,1622.8295,229.9512,7.0573,0.7655,1342.0398,1719.1315,229.2,7.5009,0.781,1807.8964,2303.5165,230.1609,10.0082,0.7833
2014-11-02T00:36:59.611Z,1224.6551,1604.3222,229.9982,6.9755,0.7625,1321.8102,1700.3448,229.2268,7.4178,0.778,1784.8845,2278.1209,230.0584,9.9023,0.7815
2014-11-02T00:37:59.096Z,1240.7483,1605.0226,229.1856,7.003,0.773,1340.8584,1711.268,228.77,7.4802,0.7832,1790.9529,2272.8213,229.245,9.9137,0.7896
2014-11-02T00:38:59.285Z,1242.6569,1600.7107,229.4089,6.9775,0.7763,1337.7826,1715.8978,228.7474,7.5013,0.7796,1773.3919,2253.8534,229.006,9.8416,0.7881
2014-11-02T00:39:59.438Z,1260.0378,1627.1925,230.3096,7.0654,0.7745,1363.6455,1746.852,229.6114,7.6074,0.7803,1800.0253,2292.8215,230.0559,9.9663,0.7853
2014-11-02T00:40:59.729Z,1254.5434,1624.3338,230.2935,7.0536,0.7714,1362.5229,1743.3242,229.6822,7.5907,0.7802,1803.2708,2297.2975,230.3329,9.9737,0.7852
2014-11-02T00:41:59.127Z,1272.2812,1633.6723,230.268,7.0951,0.7798,1401.532,1781.8113,230.2558,7.7381,0.7863,1818.9758,2321.8723,230.6226,10.0673,0.7819
2014-11-02T00:42:59.532Z,717.8438,931.8346,230.6934,4.0537,0.5299,786.9344,1004.4054,231.0329,4.3578,0.377,1141.4883,1435.8399,232.2077,6.2082,0.8388
2014-11-02T00:43:59.844Z,4.3122,17.9034,230.9711,0.0776,0.2395,-2.1236,14.0448,231.269,0.0605,-0.1495,20.0601,29.5579,234.2721,0.1255,0.5787
2014-11-02T00:44:59.897Z,4.3787,18.0872,231.3761,0.0793,0.2417,-2.252,14.0947,232.4385,0.0607,-0.1563,11.113,20.0334,234.6834,0.0851,0.5551
2014-11-02T00:45:59.148Z,4.2824,18.0847,231.5259,0.079,0.2354,-2.3326,14.2982,233.1159,0.0612,-0.1574,11.0213,20.0889,234.4052,0.0859,0.5495
2014-11-02T00:46:59.426Z,3.5697,17.4411,232.5761,0.0748,0.2044,-2.268,14.1515,233.3596,0.0604,-0.158,11.1225,20.3496,234.2718,0.0873,0.5481
2014-11-02T00:47:59.591Z,3.454,17.4169,232.5453,0.0743,0.1977,-2.1626,14.385,232.5314,0.0615,-0.1459,11.2434,20.1509,233.5836,0.0853,0.5589
2014-11-02T00:48:59.802Z,3.1711,17.541,231.498,0.0756,0.1799,-2.1128,13.9612,232.1231,0.0596,-0.147,11.034,19.6527,232.588,0.0835,0.5623
2014-11-02T00:49:59.905Z,3.3553,17.7247,231.5593,0.0767,0.1892,-2.0021,13.7815,232.2934,0.0597,-0.1439,11.1045,19.7611,232.8041,0.0839,0.5637
2014-11-02T00:50:59.171Z,3.0615,17.5742,232.0013,0.0757,0.1736,-2.4949,14.6603,232.3603,0.0625,-0.1648,10.847,20.2688,233.1492,0.0867,0.5365
2014-11-02T00:51:59.629Z,4.1923,17.9799,231.9782,0.0777,0.2326,-2.1512,14.1009,231.6927,0.0609,-0.1512,11.258,20.1067,232.414,0.086,0.5615
2014-11-02T00:52:59.760Z,4.2267,17.9863,231.7456,0.0781,0.2345,-2.2971,14.0784,231.7829,0.0605,-0.1621,11.0229,20.0301,232.7441,0.0856,0.5516
2014-11-02T00:53:59.881Z,4.3273,18.2564,232.0541,0.0797,0.2357,-2.0385,14.3044,232.3459,0.0607,-0.137,11.1701,20.1661,233.8493,0.0857,0.5553
2014-11-02T00:54:59.082Z,3.9808,18.0266,232.1121,0.0782,0.22,-2.1093,13.8397,232.1595,0.0597,-0.1488,11.1633,20.0792,233.5929,0.085,0.5575
2014-11-02T00:55:59.598Z,4.3131,18.2379,232.0264,0.0794,0.2366,-2.3427,14.4206,232.1973,0.0621,-0.1612,11.0325,20.1869,233.3727,0.0865,0.5473
2014-11-02T00:56:59.938Z,4.2021,18.3086,232.0057,0.0789,0.2291,-2.1349,14.0985,232.1724,0.0606,-0.1513,10.9981,20.2156,233.3755,0.0862,0.5455
2014-11-02T00:57:59.191Z,3.9423,17.8482,231.4416,0.0784,0.2204,-2.3254,14.1278,231.491,0.0609,-0.1637,10.9212,20.1224,233.2686,0.0857,0.5453
2014-11-02T00:58:59.410Z,4.1825,17.8403,231.5975,0.0776,0.2339,-2.1191,14.0276,231.9003,0.0608,-0.1449,11.0737,19.8787,233.5519,0.0846,0.5571
2014-11-02T00:59:59.568Z,3.5137,17.3951,232.3829,0.0741,0.2011,-2.1597,14.0765,231.9619,0.0607,-0.1489,10.919,20.1015,233.1481,0.0861,0.5447
