2014-10-05T00:00:59.188Z,0.027,0.0443,0.573,0.0751,0.5849,0.0162,0.0389,0.5986,0.0635,0.3768,0.0246,0.0441,0.5703,0.0768,0.543
2014-10-05T00:01:59.477Z,0.0254,0.0417,0.5671,0.0734,0.5583,0.0211,0.046,0.6269,0.0703,0.4223,0.0251,0.0443,0.57,0.0783,0.5531
2014-10-05T00:02:59.738Z,0.0229,0.04,0.5623,0.071,0.5023,0.0155,0.0371,0.6023,0.0626,0.3923,0.0229,0.0423,0.551,0.0742,0.5297
2014-10-05T00:03:59.175Z,0.0233,0.0424,0.5706,0.0748,0.5361,0.0158,0.0385,0.6136,0.0618,0.3839,0.0233,0.043,0.5588,0.0761,0.5236
2014-10-05T00:04:59.593Z,0.0232,0.0418,0.56,0.075,0.5316,0.0189,0.0416,0.6232,0.0668,0.3982,0.0258,0.0453,0.5824,0.0771,0.5413
2014-10-05T00:05:59.334Z,0.026,0.0451,0.5709,0.0758,0.5514,0.0153,0.0372,0.5937,0.0616,0.3651,0.0233,0.0442,0.5612,0.0777,0.5209
2014-10-05T00:06:59.703Z,0.0231,0.0403,0.5579,0.0733,0.5495,0.0213,0.0433,0.6333,0.0669,0.4259,0.0251,0.0441,0.5713,0.0774,0.5469
2014-10-05T00:07:59.096Z,0.0235,0.0413,0.5681,0.0723,0.5448,0.0181,0.0406,0.6113,0.0652,0.4052,0.021,0.041,0.5471,0.0742,0.5174
2014-10-05T00:08:59.466Z,0.0283,0.0446,0.5746,0.0771,0.61,0.0244,0.0446,0.6298,0.0717,0.4988,0.0254,0.0441,0.5734,0.0783,0.5654
2014-10-05T00:09:59.902Z,0.0218,0.04,0.5586,0.0721,0.5396,0.0125,0.0332,0.5879,0.0564,0.3068,0.0221,0.0439,0.5561,0.0782,0.5186
2014-10-05T00:10:59.259Z,0.0234,0.042,0.5683,0.074,0.5249,0.0186,0.0403,0.6103,0.066,0.4151,0.0223,0.0437,0.5523,0.0769,0.5123
2014-10-05T00:11:59.996Z,0.0258,0.0445,0.5791,0.0758,0.5321,0.0224,0.0421,0.62,0.0679,0.4433,0.0224,0.0415,0.5491,0.0755,0.5285
2014-10-05T00:12:59.271Z,0.0223,0.0408,0.5712,0.0719,0.5277,0.0127,0.035,0.5827,0.0596,0.3304,0.02,0.0404,0.5342,0.0735,0.5104
2014-10-05T00:13:59.899Z,0.0224,0.041,0.571,0.0721,0.5038,0.0172,0.0393,0.6117,0.0634,0.3807,0.0214,0.0417,0.5503,0.0766,0.511
2014-10-05T00:14:59.402Z,0.0283,0.0446,0.5737,0.0776,0.5861,0.0183,0.0405,0.612,0.0646,0.4061,0.0234,0.0439,0.5683,0.0771,0.53
2014-10-05T00:15:59.874Z,0.0229,0.0411,0.5634,0.0732,0.5421,0.0166,0.0384,0.6053,0.0634,0.3776,0.0234,0.0434,0.5661,0.0758,0.5468
2014-10-05T00:16:59.294Z,0.0289,0.0474,0.5771,0.0795,0.6021,0.0211,0.0432,0.6139,0.0697,0.4497,0.0247,0.0445,0.5608,0.0782,0.5355
2014-10-05T00:17:59.420Z,0.0254,0.0443,0.5743,0.077,0.5441,0.02,0.0419,0.6043,0.0673,0.4173,0.023,0.0441,0.5711,0.0773,0.5119
2014-10-05T00:18:59.801Z,0.0256,0.0428,0.5631,0.0761,0.5847,0.0211,0.0433,0.6156,0.07,0.4358,0.0214,0.0433,0.5586,0.0761,0.5172
2014-10-05T00:19:59.144Z,0.0264,0.0445,0.5839,0.0748,0.5385,0.0139,0.0355,0.6039,0.0588,0.3673,0.0242,0.0439,0.5715,0.0773,0.5545
2014-10-05T00:20:59.492Z,0.0221,0.0406,0.57,0.0721,0.5182,0.0185,0.0427,0.6227,0.0673,0.3867,0.023,0.043,0.5618,0.0755,0.5327
2014-10-05T00:21:59.824Z,0.0255,0.0432,0.5639,0.0759,0.56,0.0211,0.0409,0.6111,0.0673,0.4439,0.0266,0.0461,0.5843,0.078,0.5566
2014-10-05T00:22:59.338Z,0.0244,0.0429,0.5762,0.0738,0.5438,0.0182,0.0388,0.5965,0.0647,0.4188,0.0256,0.0444,0.5768,0.0771,0.5688
2014-10-05T00:23:59.599Z,0.0279,0.0448,0.5797,0.0773,0.5773,0.0173,0.0412,0.6136,0.067,0.3861,0.0239,0.0445,0.57,0.0782,0.5479
2014-10-05T00:24:59.939Z,0.0259,0.0426,0.575,0.0741,0.5682,0.0185,0.0409,0.6203,0.0659,0.4147,0.0241,0.0426,0.5568,0.0762,0.5356
2014-10-05T00:25:59.275Z,0.0256,0.0438,0.5759,0.0759,0.5623,0.02,0.041,0.6151,0.0651,0.4231,0.0226,0.0426,0.5659,0.0759,0.5241
2014-10-05T00:26:59.737Z,0.0253,0.0438,0.572,0.076,0.55,0.0198,0.0405,0.6218,0.0653,0.4093,0.0235,0.0435,0.566,0.0758,0.5298
2014-10-05T00:27:59.023Z,0.0241,0.0421,0.5721,0.0741,0.5428,0.02,0.041,0.6221,0.0634,0.4283,0.0231,0.0417,0.56,0.0759,0.5514
2014-10-05T00:28:59.281Z,0.0238,0.042,0.5667,0.0748,0.5555,0.0235,0.0435,0.6173,0.0707,0.4738,0.0228,0.0435,0.5673,0.0765,0.5395
2014-10-05T00:29:59.621Z,0.0273,0.0454,0.5862,0.077,0.5654,0.0208,0.0422,0.62,0.0681,0.45,0.023,0.0427,0.5562,0.0762,0.5381
2014-10-05T00:30:59.844Z,0.0266,0.0445,0.5702,0.0766,0.573,0.0195,0.0414,0.6245,0.0673,0.4191,0.0275,0.0477,0.5882,0.0807,0.558
2014-10-05T00:31:59.262Z,0.0243,0.0417,0.572,0.0729,0.5474,0.0131,0.0357,0.5917,0.0603,0.3474,0.024,0.0423,0.5594,0.0754,0.5469
2014-10-05T00:32:59.604Z,0.0274,0.0451,0.5769,0.0774,0.6037,0.0186,0.0414,0.6123,0.0669,0.4186,0.0251,0.0454,0.5797,0.0777,0.554
2014-10-05T00:33:59.966Z,0.0239,0.0419,0.5768,0.0729,0.5335,0.0165,0.0406,0.6087,0.0642,0.3352,0.0216,0.0413,0.5442,0.0752,0.5294
2014-10-05T00:34:59.235Z,0.0238,0.04,0.5622,0.0709,0.5341,0.0181,0.0388,0.6053,0.0638,0.4044,0.0228,0.0431,0.5547,0.0763,0.5291
2014-10-05T00:35:59.668Z,0.0214,0.041,0.5676,0.0717,0.5245,0.0152,0.0359,0.5966,0.0607,0.3597,0.0221,0.041,0.5483,0.0752,0.5476
2014-10-05T00:36:59.114Z,0.0251,0.042,0.5654,0.0751,0.5629,0.0166,0.0394,0.6063,0.0637,0.3531,0.0223,0.0426,0.5571,0.076,0.5371
2014-10-05T00:37:59.392Z,0.025,0.0428,0.5738,0.0731,0.5516,0.0169,0.0406,0.615,0.0638,0.3844,0.0231,0.0425,0.5538,0.0759,0.51
2014-10-05T00:38:59.563Z,0.0286,0.0455,0.5783,0.0769,0.5676,0.02,0.0421,0.6252,0.0666,0.389,0.0214,0.0417,0.5476,0.0769,0.5062
2014-10-05T00:39:59.695Z,0.0216,0.039,0.5532,0.0716,0.5255,0.0168,0.0368,0.6019,0.061,0.3535,0.0203,0.041,0.5439,0.0755,0.4968
2014-10-05T00:40:59.018Z,0.0265,0.0443,0.5797,0.0757,0.5459,0.0186,0.0408,0.6181,0.0646,0.4143,0.0241,0.0443,0.5638,0.0762,0.5354
2014-10-05T00:41:59.189Z,0.0244,0.0403,0.5559,0.0735,0.5756,0.02,0.0424,0.6159,0.0676,0.4488,0.0235,0.0424,0.5574,0.0774,0.5374
2014-10-05T00:42:59.599Z,0.0244,0.0426,0.5703,0.0753,0.5459,0.0156,0.0379,0.6153,0.0609,0.3682,0.0265,0.0447,0.5703,0.0779,0.5571
2014-10-05T00:43:59.038Z,0.024,0.042,0.5763,0.0733,0.5337,0.0143,0.0363,0.594,0.0607,0.379,0.0243,0.044,0.5657,0.0773,0.5523
2014-10-05T00:44:59.565Z,0.029,0.0458,0.5792,0.0778,0.5995,0.0228,0.046,0.6342,0.0712,0.4518,0.0243,0.0435,0.5635,0.0775,0.5353
2014-10-05T00:45:59.937Z,0.03,0.0458,0.5774,0.0789,0.6161,0.0171,0.0413,0.6071,0.0668,0.4179,0.0237,0.0432,0.5611,0.0766,0.5458
2014-10-05T00:46:59.364Z,0.0231,0.0423,0.5735,0.0731,0.5123,0.0162,0.0381,0.6023,0.0619,0.3946,0.0238,0.0435,0.5665,0.0758,0.5373
2014-10-05T00:47:59.897Z,0.0265,0.0444,0.5691,0.0776,0.5638,0.0159,0.0385,0.6021,0.0624,0.3856,0.0235,0.045,0.5576,0.0788,0.5315
2014-10-05T00:48:59.306Z,0.0233,0.0415,0.563,0.0721,0.5439,0.0194,0.0415,0.6115,0.0673,0.4088,0.023,0.0439,0.5615,0.0776,0.5152
2014-10-05T00:50:59.498Z,0.0275,0.0447,0.579,0.0769,0.5744,0.0176,0.0419,0.6182,0.0654,0.3918,0.0234,0.044,0.5666,0.0781,0.5353
2014-10-05T00:51:59.960Z,0.025,0.0422,0.565,0.0739,0.5644,0.0161,0.0383,0.6108,0.0628,0.3628,0.0269,0.0475,0.5764,0.08,0.5547
2014-10-05T00:52:59.351Z,0.0241,0.0409,0.5644,0.0728,0.5709,0.0125,0.0375,0.6012,0.0609,0.3253,0.0238,0.0444,0.5638,0.0778,0.5306
2014-10-05T00:53:59.801Z,0.0273,0.0427,0.5679,0.0767,0.5897,0.0194,0.0433,0.6276,0.0667,0.4406,0.0227,0.0427,0.5706,0.0755,0.527
2014-10-05T00:54:59.828Z,0.0278,0.0436,0.5772,0.0761,0.5964,0.0253,0.0456,0.6333,0.0711,0.4672,0.0239,0.0425,0.5625,0.0769,0.5542
2014-10-05T00:55:59.179Z,0.024,0.0403,0.5598,0.0728,0.542,0.02,0.0423,0.618,0.0668,0.4297,0.0268,0.0478,0.5945,0.079,0.5518
2014-10-05T00:56:59.462Z,0.0214,0.04,0.56,0.0731,0.5221,0.0183,0.0393,0.6197,0.0631,0.3617,0.0248,0.0448,0.5648,0.079,0.5372
2014-10-05T00:57:59.805Z,0.0253,0.0428,0.5736,0.0761,0.5531,0.0158,0.0389,0.6069,0.0647,0.3739,0.0236,0.045,0.5692,0.0758,0.53
2014-10-05T00:58:59.253Z,0.0276,0.045,0.5774,0.0776,0.5694,0.0176,0.0403,0.5982,0.0656,0.3712,0.0221,0.0432,0.5609,0.0782,0.5191
2014-10-05T00:59:59.579Z,0.0258,0.0436,0.5809,0.0752,0.5552,0.0136,0.037,0.5994,0.0624,0.3482,0.0248,0.0442,0.5615,0.0779,0.5633
2014-10-05T01:00:59.041Z,0.0266,0.0441,0.5822,0.075,0.5412,0.0134,0.0356,0.5897,0.0591,0.3306,0.0228,0.0431,0.5553,0.0772,0.53
2014-10-05T01:01:59.342Z,0.0289,0.046,0.5826,0.0786,0.5746,0.018,0.0403,0.6146,0.0654,0.402,0.0234,0.044,0.5654,0.0783,0.5454
2014-10-05T01:02:59.340Z,0.0254,0.0431,0.5671,0.0754,0.5683,0.0163,0.0406,0.6071,0.0669,0.3729,0.0249,0.0451,0.5786,0.0763,0.5349
2014-10-05T01:03:59.598Z,0.0263,0.0434,0.5784,0.0747,0.565,0.0175,0.0406,0.6172,0.065,0.3619,0.0241,0.0441,0.5684,0.0778,0.5428
2014-10-05T01:04:59.064Z,0.0204,0.0385,0.5633,0.07,0.5052,0.017,0.04,0.6096,0.0659,0.373,0.0274,0.0452,0.5774,0.077,0.5796
2014-10-05T01:05:59.615Z,0.0224,0.0409,0.5645,0.0715,0.5309,0.0142,0.0361,0.5952,0.06,0.3603,0.0218,0.0415,0.5503,0.0748,0.53
2014-10-05T01:06:59.904Z,0.0314,0.0476,0.5867,0.0805,0.6212,0.021,0.0429,0.6179,0.0688,0.44,0.025,0.0438,0.5579,0.0783,0.5517
2014-10-05T01:07:59.448Z,0.0261,0.0436,0.5661,0.0745,0.5606,0.0161,0.0373,0.6079,0.0627,0.3906,0.0248,0.0436,0.5567,0.0773,0.5512
2014-10-05T01:08:59.984Z,0.0256,0.043,0.5774,0.0741,0.5659,0.0141,0.0374,0.6,0.0622,0.3659,0.0226,0.0422,0.547,0.0767,0.5256
2014-10-05T01:09:59.322Z,0.0285,0.0447,0.5785,0.0771,0.5947,0.0176,0.04,0.6062,0.0659,0.3891,0.0238,0.0441,0.5582,0.0771,0.5491
2014-10-05T01:10:59.735Z,0.0245,0.0417,0.5741,0.0731,0.5407,0.0166,0.0386,0.6048,0.0645,0.3569,0.0214,0.0407,0.5403,0.0752,0.5172
2014-10-05T01:11:59.233Z,0.0251,0.0419,0.5616,0.0754,0.5543,0.0197,0.043,0.6249,0.0678,0.3859,0.0241,0.0454,0.5751,0.0784,0.5338
2014-10-05T01:12:59.800Z,0.0276,0.0459,0.5794,0.0782,0.5812,0.0179,0.0418,0.6297,0.065,0.3838,0.0235,0.0435,0.5565,0.0774,0.5324
2014-10-05T01:13:59.202Z,0.0246,0.0434,0.578,0.0746,0.5323,0.0211,0.0414,0.618,0.0657,0.4391,0.0249,0.046,0.5737,0.0783,0.5406
2014-10-05T01:14:59.011Z,0.0236,0.043,0.5618,0.0755,0.5342,0.0185,0.0412,0.6091,0.0655,0.41,0.0258,0.0458,0.5673,0.0776,0.5506
2014-10-05T01:15:59.413Z,0.0256,0.0426,0.5729,0.0756,0.5779,0.0232,0.0441,0.6253,0.0694,0.4571,0.0224,0.0421,0.5512,0.0771,0.5259
2014-10-05T01:16:59.782Z,0.0267,0.0437,0.5767,0.0753,0.575,0.0147,0.0397,0.612,0.063,0.3347,0.0233,0.0447,0.5597,0.0773,0.5223
2014-10-05T01:17:59.267Z,0.0293,0.0463,0.5821,0.0791,0.5837,0.0228,0.0447,0.6258,0.07,0.4526,0.0249,0.0442,0.5672,0.0774,0.5477
2014-10-05T01:18:59.597Z,0.0238,0.0425,0.5675,0.0741,0.5294,0.0219,0.0444,0.6375,0.0669,0.4322,0.0222,0.0413,0.5525,0.0747,0.5219
2014-10-05T01:19:59.045Z,0.0288,0.044,0.5688,0.0776,0.626,0.019,0.0433,0.6102,0.0693,0.4202,0.0243,0.0443,0.5719,0.0774,0.5538
2014-10-05T01:20:59.490Z,0.0263,0.0444,0.5747,0.0759,0.5688,0.0169,0.04,0.6097,0.0628,0.3841,0.0216,0.0422,0.5609,0.0759,0.5222
2014-10-05T01:21:59.957Z,0.0247,0.0437,0.5656,0.0765,0.5379,0.0179,0.04,0.6056,0.0653,0.4091,0.0242,0.0465,0.5774,0.08,0.5133
2014-10-05T01:22:59.607Z,0.0275,0.045,0.5817,0.0768,0.5865,0.02,0.042,0.616,0.0663,0.439,0.026,0.0453,0.5762,0.0775,0.5478
2014-10-05T01:23:59.832Z,0.0268,0.0435,0.5759,0.0759,0.5856,0.02,0.0406,0.61,0.0647,0.4194,0.0215,0.0415,0.5503,0.0756,0.5135
2014-10-05T01:24:59.146Z,0.0268,0.0427,0.563,0.0759,0.5865,0.0181,0.0414,0.6105,0.0673,0.4078,0.0235,0.0432,0.5722,0.0765,0.5405
2014-10-05T01:25:59.462Z,0.0284,0.0451,0.5832,0.0768,0.5943,0.0211,0.0427,0.6249,0.0665,0.4262,0.023,0.0443,0.5708,0.0789,0.5181
2014-10-05T01:26:59.852Z,0.03,0.0463,0.584,0.0786,0.612,0.0197,0.0414,0.6154,0.0674,0.442,0.022,0.042,0.5569,0.0766,0.5077
2014-10-05T01:27:59.154Z,0.0264,0.043,0.5648,0.0752,0.5706,0.0139,0.037,0.5955,0.0639,0.3209,0.0248,0.0439,0.5588,0.0773,0.553
2014-10-05T01:28:59.421Z,0.0233,0.0413,0.5628,0.0725,0.5552,0.0198,0.0408,0.6243,0.0658,0.3753,0.0233,0.0435,0.5575,0.076,0.5173
2014-10-05T01:29:59.842Z,0.0222,0.0404,0.5663,0.0704,0.5133,0.0174,0.0374,0.6056,0.0611,0.4141,0.0233,0.043,0.5541,0.077,0.5259
2014-10-05T01:30:59.196Z,0.0279,0.0453,0.5685,0.0783,0.59,0.0219,0.043,0.624,0.0685,0.4483,0.0247,0.0445,0.5717,0.077,0.5462
2014-10-05T01:31:59.681Z,0.0284,0.0451,0.5768,0.0751,0.5857,0.0165,0.0386,0.6168,0.063,0.3695,0.0235,0.043,0.5586,0.0762,0.5346
2014-10-05T01:32:59.159Z,0.0271,0.0442,0.5716,0.0761,0.5618,0.0187,0.0421,0.6129,0.0674,0.3776,0.0234,0.0442,0.5658,0.0766,0.5347
2014-10-05T01:33:59.989Z,0.0255,0.0432,0.569,0.0745,0.5629,0.0129,0.0335,0.5855,0.06,0.3668,0.0235,0.0426,0.5442,0.0765,0.5561
2014-10-05T01:34:59.376Z,0.0194,0.0382,0.5479,0.0694,0.5088,0.0152,0.0388,0.6012,0.0624,0.3785,0.03,0.0494,0.5976,0.0815,0.5809
2014-10-05T01:35:59.194Z,0.0246,0.0422,0.5638,0.0738,0.5541,0.0141,0.0359,0.5962,0.0614,0.3459,0.0222,0.0438,0.5562,0.0757,0.5046
2014-10-05T01:36:59.562Z,0.0291,0.0472,0.5748,0.0791,0.5965,0.02,0.0407,0.6146,0.0674,0.4635,0.0222,0.0437,0.5552,0.0759,0.5172
2014-10-05T01:37:59.855Z,0.0248,0.0419,0.5561,0.0732,0.5732,0.0184,0.039,0.6077,0.0639,0.4239,0.0223,0.0435,0.5532,0.0777,0.5032
2014-10-05T01:38:59.137Z,0.0312,0.0479,0.5851,0.0802,0.6093,0.0249,0.0465,0.6367,0.0714,0.4707,0.0226,0.0437,0.5635,0.077,0.5342
2014-10-05T01:39:59.461Z,0.0249,0.0434,0.5646,0.0749,0.5566,0.0163,0.038,0.6034,0.0629,0.3839,0.0259,0.0449,0.5729,0.0771,0.5737
2014-10-05T01:40:59.738Z,0.0272,0.0456,0.5739,0.0778,0.5747,0.0172,0.0375,0.6019,0.0631,0.4169,0.0231,0.0431,0.5569,0.0758,0.5303
2014-10-05T01:41:59.942Z,0.0273,0.0455,0.5736,0.0779,0.5627,0.0209,0.0415,0.6188,0.067,0.4515,0.0212,0.0424,0.5558,0.0755,0.4955
2014-10-05T01:42:59.383Z,0.0224,0.0407,0.5579,0.0717,0.5362,0.0152,0.0362,0.5986,0.0597,0.3848,0.0217,0.041,0.5466,0.0752,0.5355
2014-10-05T01:43:59.759Z,0.0239,0.0397,0.5508,0.0711,0.5711,0.0156,0.0367,0.6,0.0611,0.375,0.0236,0.0422,0.5469,0.0764,0.5428
2014-10-05T01:44:59.146Z,0.0297,0.046,0.5826,0.0777,0.5977,0.0191,0.0411,0.6017,0.0697,0.4351,0.0243,0.044,0.5674,0.0769,0.5534
2014-10-05T01:45:59.600Z,0.0246,0.043,0.5668,0.0757,0.5335,0.0176,0.0392,0.6062,0.0641,0.3905,0.0254,0.0446,0.5638,0.0778,0.5692
2014-10-05T01:46:59.904Z,0.0271,0.0443,0.569,0.0764,0.5745,0.019,0.041,0.6179,0.0657,0.4231,0.0233,0.0438,0.5526,0.0767,0.5286
2014-10-05T01:47:59.164Z,0.0203,0.0387,0.5503,0.0687,0.5068,0.0171,0.0377,0.6058,0.061,0.3858,0.0255,0.0452,0.5665,0.0774,0.5442
2014-10-05T01:48:59.562Z,0.0257,0.044,0.5743,0.0753,0.5627,0.0093,0.0323,0.583,0.0557,0.293,0.024,0.045,0.5667,0.0783,0.5273
2014-10-05T01:49:59.110Z,0.0268,0.0438,0.5709,0.0762,0.5735,0.0215,0.0421,0.6306,0.0668,0.4429,0.0226,0.0426,0.5518,0.0753,0.5376
2014-10-05T01:50:59.472Z,0.0245,0.0413,0.5498,0.0738,0.56,0.0185,0.0395,0.6078,0.0668,0.4235,0.024,0.0443,0.5743,0.078,0.541
2014-10-05T01:51:59.783Z,0.0275,0.0444,0.5834,0.0753,0.5569,0.0175,0.0384,0.6053,0.0625,0.3822,0.0247,0.045,0.5691,0.0781,0.5272
2014-10-05T01:52:59.257Z,0.0183,0.0379,0.5492,0.0692,0.4933,0.0146,0.0367,0.5954,0.0608,0.3487,0.0233,0.0442,0.5617,0.0767,0.5133
2014-10-05T01:53:59.602Z,0.025,0.0419,0.5697,0.0734,0.5547,0.0153,0.0369,0.6019,0.0625,0.3778,0.0241,0.0428,0.5622,0.0766,0.5556
2014-10-05T01:55:59.304Z,0.024,0.0416,0.5671,0.0727,0.5424,0.0174,0.0387,0.614,0.0629,0.3923,0.0221,0.0415,0.5439,0.0753,0.5229
2014-10-05T01:56:59.673Z,0.0259,0.0447,0.5671,0.0759,0.5703,0.0176,0.0391,0.6012,0.0653,0.425,0.0238,0.0432,0.555,0.0779,0.5379
2014-10-05T01:57:59.057Z,0.0246,0.0425,0.5604,0.075,0.5507,0.0168,0.0386,0.6014,0.0646,0.3954,0.0207,0.0418,0.5404,0.0757,0.5029
2014-10-05T01:58:59.917Z,0.0227,0.0404,0.5573,0.0723,0.5338,0.0119,0.0338,0.6004,0.0581,0.335,0.0219,0.0412,0.5423,0.0758,0.5196
2014-10-05T01:59:59.295Z,0.0297,0.0453,0.5747,0.0776,0.6029,0.0171,0.0391,0.6118,0.0644,0.3888,0.0224,0.0424,0.5521,0.0759,0.515
