2014-10-28T00:00:59.252Z,15.8986,25.5363,233.7712,0.1092,0.6231,19.681,26.5499,233.6178,0.1135,0.7406,3.2683,20.922,231.5104,0.0904,0.1563
2014-10-28T00:01:59.550Z,15.9143,25.7031,233.4871,0.1103,0.6195,20.0157,26.8996,233.7721,0.1145,0.7433,3.1697,20.1022,231.7763,0.087,0.1578
2014-10-28T00:02:59.314Z,15.9294,25.7454,233.4256,0.1102,0.6194,20.241,26.8881,233.8524,0.1145,0.7523,3.1573,20.427,231.6184,0.0888,0.1547
2014-10-28T00:03:59.125Z,15.8176,25.5796,234.0443,0.1099,0.618,20.3531,26.7435,231.1428,0.1154,0.7601,3.316,20.975,232.3531,0.0902,0.159
2014-10-28T00:04:59.558Z,15.925,25.4785,233.881,0.1093,0.6253,20.0017,26.4963,230.0261,0.1152,0.7544,3.313,20.8836,232.4893,0.0894,0.1598
2014-10-28T00:05:59.989Z,15.8433,25.6401,232.9782,0.11,0.6177,20.2794,26.8899,232.5985,0.1154,0.7533,3.2443,20.3193,232.2621,0.087,0.1599
2014-10-28T00:06:59.525Z,15.9944,25.8599,233.3511,0.1108,0.6186,19.7135,26.5886,233.0401,0.1141,0.7402,3.3423,20.7451,232.9034,0.0892,0.1609
2014-10-28T00:07:59.289Z,16.0261,25.8032,233.3912,0.1104,0.6212,19.7965,26.7533,232.9611,0.1148,0.739,3.3109,20.1693,232.7799,0.086,0.164
2014-10-28T00:08:59.186Z,15.9796,25.7378,232.7827,0.1109,0.6211,19.4894,26.5606,232.9895,0.1143,0.7333,3.2992,20.4046,232.7439,0.0877,0.1626
2014-10-28T00:09:59.922Z,15.738,25.6324,232.8301,0.1102,0.6143,19.5331,26.4479,232.8392,0.1131,0.7381,3.4265,20.7861,232.9796,0.0894,0.1648
2014-10-28T00:10:59.355Z,15.8114,25.6025,232.6634,0.1103,0.6175,19.5461,26.4934,232.6556,0.1142,0.7372,3.4018,20.4769,232.4902,0.0885,0.1662
2014-10-28T00:11:59.709Z,15.9515,25.7855,232.5807,0.111,0.6187,19.4443,26.3567,232.5307,0.1123,0.7376,3.2265,20.5643,232.4905,0.0884,0.1572
2014-10-28T00:12:59.222Z,15.8317,25.5787,233.014,0.1096,0.619,19.8167,26.6883,232.8356,0.1139,0.742,3.4424,20.8963,232.9491,0.0899,0.1644
2014-10-28T00:13:59.547Z,16.0437,26.0061,233.5167,0.1115,0.6176,19.852,26.7237,233.1701,0.1139,0.7424,3.5434,20.4263,232.6386,0.0879,0.1733
2014-10-28T00:14:59.103Z,15.8675,25.7737,233.8001,0.1103,0.6157,19.6851,26.5665,233.3211,0.113,0.7403,3.4189,21.0545,232.7753,0.0909,0.1629
2014-10-28T00:15:59.561Z,15.9571,25.8415,234.4483,0.1102,0.6177,19.9094,26.5977,231.4178,0.1143,0.7478,3.4265,20.8212,232.9949,0.0892,0.1647
2014-10-28T00:16:59.984Z,15.9526,25.938,234.9762,0.111,0.6148,19.7123,26.4587,230.7733,0.1155,0.7444,3.1796,20.713,233.2089,0.0886,0.1532
2014-10-28T00:17:59.460Z,16.1473,25.9391,234.0835,0.1112,0.6228,19.7616,26.6431,233.6932,0.1133,0.7406,3.4986,20.7354,232.848,0.0891,0.1689
2014-10-28T00:18:59.259Z,16.0461,25.6771,233.5857,0.1103,0.6245,19.8122,26.7184,233.8651,0.1141,0.7404,3.4193,20.7404,232.2329,0.0893,0.1657
2014-10-28T00:19:59.613Z,15.838,25.5484,233.7945,0.1097,0.6199,19.6439,26.5665,233.656,0.1133,0.7382,3.5178,21.3028,232.1707,0.0918,0.1648
2014-10-28T00:20:59.677Z,15.9739,25.6912,233.6737,0.1102,0.6217,19.7657,26.6593,233.527,0.1146,0.74,3.5317,21.0979,231.833,0.0912,0.1671
2014-10-28T00:21:59.123Z,15.9631,26.0322,233.4438,0.112,0.6132,19.8933,26.8469,233.4652,0.1144,0.7405,3.2491,19.8473,231.3524,0.086,0.1638
2014-10-28T00:22:59.881Z,15.6236,25.7266,233.3935,0.1098,0.6076,19.7048,26.6613,233.3395,0.1136,0.7395,3.1516,20.1383,231.6717,0.0876,0.1565
2014-10-28T00:23:59.271Z,15.9404,25.8287,234.1066,0.1104,0.6184,19.9416,26.7618,233.7435,0.1134,0.7445,3.2964,20.7579,232.2546,0.0892,0.1591
2014-10-28T00:24:59.661Z,16.1117,26.0352,234.1411,0.1115,0.6193,20.0888,26.7778,233.8002,0.1135,0.75,3.4943,20.6895,232.3128,0.0892,0.1691
2014-10-28T00:25:59.187Z,16.2888,26.1119,234.2058,0.1114,0.6238,20.3347,26.9712,233.709,0.1148,0.7535,3.499,20.0794,232.4294,0.0867,0.1745
2014-10-28T00:26:59.481Z,15.9777,25.8223,234.0713,0.1111,0.6184,19.8598,26.7113,233.3413,0.1134,0.7429,3.4598,20.3728,231.9935,0.0882,0.1702
2014-10-28T00:27:59.963Z,16.0027,25.8161,234.3291,0.1107,0.6203,19.8606,26.8205,233.318,0.1146,0.7397,3.3088,20.4554,232.4315,0.0883,0.1615
2014-10-28T00:28:59.810Z,16.133,25.7921,235.0412,0.11,0.6259,19.6012,26.4903,232.0479,0.1145,0.7394,3.3013,20.9994,232.7523,0.09,0.1577
2014-10-28T00:29:59.219Z,16.0144,25.9218,235.3941,0.1103,0.6174,19.9903,26.7703,231.3449,0.1158,0.7469,3.011,19.5071,231.6538,0.0843,0.1549
2014-10-28T00:30:59.671Z,16.0583,25.9548,234.8655,0.1105,0.6196,20.0917,26.8831,233.9448,0.1139,0.7469,3.2622,20.1898,231.5653,0.087,0.1621
2014-10-28T00:31:59.254Z,16.1161,26.1309,235.2469,0.1111,0.6174,19.923,26.7558,233.4834,0.1147,0.744,3.2573,20.2338,231.841,0.087,0.1616
2014-10-28T00:32:59.371Z,16.0372,26.0111,235.291,0.1106,0.6171,19.9082,26.7207,233.4439,0.1138,0.7444,3.4189,21.0045,233.2674,0.0901,0.1634
2014-10-28T00:33:59.749Z,16.1023,25.9653,235.0182,0.1109,0.6207,19.9199,26.7519,233.789,0.1135,0.744,3.4851,20.9717,233.502,0.0897,0.1667
2014-10-28T00:34:59.870Z,16.1033,25.793,233.6763,0.1111,0.6246,19.8504,26.7298,233.7398,0.1136,0.7422,3.4976,21.1746,233.7874,0.0905,0.1664
2014-10-28T00:35:59.561Z,16.2795,25.909,233.7514,0.1117,0.6282,19.7038,26.6205,233.4231,0.1139,0.7396,3.5773,20.7685,233.5984,0.0889,0.1722
2014-10-28T00:36:59.119Z,16.214,25.834,234.5971,0.1094,0.6277,19.7133,26.7076,233.6696,0.1138,0.7374,3.5482,20.8865,233.1542,0.0896,0.1699
2014-10-28T00:37:59.598Z,16.2203,26.2418,234.4436,0.1121,0.6186,20.0488,26.779,233.5436,0.1146,0.7484,3.3962,20.1413,233.1895,0.0862,0.1685
2014-10-28T00:38:59.995Z,15.8928,25.8875,233.8216,0.1105,0.6142,19.5808,26.5114,233.476,0.1124,0.7384,3.1735,20.7037,233.38,0.0881,0.1531
2014-10-28T00:39:59.524Z,16.0613,25.9253,233.4345,0.1112,0.6198,19.6631,26.5537,233.0675,0.1137,0.7402,3.4953,20.6244,232.6082,0.0886,0.1696
2014-10-28T00:40:59.211Z,15.9714,25.7134,233.5445,0.1101,0.6209,19.7129,26.5622,232.8688,0.1134,0.7417,3.2048,20.3652,232.5275,0.087,0.1575
2014-10-28T00:41:59.526Z,15.9613,25.92,233.5519,0.1112,0.6157,19.8635,26.7353,232.6998,0.1146,0.7426,3.4904,20.5277,232.7222,0.0878,0.1701
2014-10-28T00:42:59.314Z,15.8081,25.6711,232.6934,0.1105,0.6156,19.8315,26.6447,233.2587,0.1129,0.7441,3.5777,21.1381,232.76,0.0902,0.1703
2014-10-28T00:43:59.332Z,16.1726,25.867,232.7966,0.1111,0.6256,19.6627,26.733,233.9576,0.1139,0.734,3.4433,20.3472,233.0283,0.087,0.1686
2014-10-28T00:44:59.705Z,16.0661,25.8426,233.1217,0.1116,0.6219,20.0772,27.0017,233.2234,0.1159,0.7425,3.6177,19.898,232.9496,0.0858,0.1813
2014-10-28T00:45:59.886Z,16.0857,25.9366,233.3101,0.1112,0.6204,19.4766,26.3582,233.3016,0.1124,0.7385,3.4472,20.3423,232.9344,0.0876,0.1691
2014-10-28T00:46:59.246Z,15.8432,25.6907,233.2541,0.1103,0.6163,19.9118,26.8932,233.4776,0.1147,0.7397,3.4489,20.5085,233.3333,0.0876,0.169
2014-10-28T00:47:59.606Z,16.1088,25.8105,233.2572,0.1108,0.6244,19.8771,26.6582,233.5954,0.1128,0.7452,3.3592,20.7739,233.0584,0.0889,0.1621
2014-10-28T00:48:59.485Z,16.0583,25.9254,233.3453,0.111,0.6189,19.7337,26.5941,233.8484,0.1133,0.7413,3.4517,20.6469,233.5016,0.0887,0.1675
2014-10-28T00:49:59.346Z,16.0299,25.6259,232.9227,0.1102,0.6261,19.8702,26.668,233.9211,0.1134,0.7446,3.434,21.2013,233.6071,0.0913,0.1626
2014-10-28T00:50:59.939Z,16.0037,25.7454,232.5316,0.1109,0.6221,19.7254,26.5793,234.26,0.1129,0.7414,3.3883,20.8932,233.4671,0.0899,0.1626
2014-10-28T00:51:59.690Z,16.1333,25.8469,232.8801,0.1111,0.6242,19.5478,26.4997,234.5542,0.1119,0.7371,3.4367,20.5177,234.0974,0.0876,0.1671
2014-10-28T00:52:59.909Z,16.0179,25.5215,232.9632,0.1094,0.6279,19.7753,26.584,234.9416,0.1123,0.7432,3.5255,20.5823,234.846,0.0876,0.1707
2014-10-28T00:53:59.216Z,15.9187,25.7516,233.3235,0.1111,0.6191,19.7728,26.6604,233.3844,0.1145,0.7402,3.4283,20.3953,235.3286,0.0867,0.1689
2014-10-28T00:54:59.764Z,16.0549,25.7771,233.0603,0.1105,0.6236,20.0537,26.6634,231.9673,0.1154,0.7513,3.4245,20.6637,234.8409,0.0881,0.1658
2014-10-28T00:55:59.254Z,16.1242,26.0071,232.8332,0.1116,0.6205,19.8286,26.6827,234.5485,0.1129,0.7416,3.5199,21.0958,233.9197,0.09,0.1666
2014-10-28T00:56:59.104Z,16.1205,25.9776,233.1084,0.1117,0.6202,19.8653,26.6641,234.489,0.1135,0.7446,3.617,21.2854,234.2219,0.0916,0.1703
2014-10-28T00:57:59.587Z,15.9713,25.5927,232.8821,0.1096,0.6246,19.7741,26.6583,234.1322,0.1137,0.7407,3.6667,21.0572,234.0638,0.0899,0.1749
2014-10-28T00:58:59.170Z,15.7449,25.5826,232.5772,0.1099,0.6158,20.0567,26.8554,233.867,0.1152,0.7463,3.5423,20.5655,233.3597,0.0885,0.1718
2014-10-28T00:59:59.705Z,15.7849,25.6683,232.8736,0.1104,0.6151,19.7964,26.6722,233.899,0.1133,0.7415,3.5282,21.2336,233.4234,0.0914,0.1668
2014-10-28T01:00:59.095Z,15.9886,25.6998,233.6605,0.1103,0.6222,20.0343,26.6316,233.9192,0.1137,0.7516,3.3738,20.3857,232.63,0.087,0.1661
2014-10-28T01:01:59.442Z,16.1654,25.8264,234.0157,0.1103,0.6257,20.5412,27.0753,234.055,0.1159,0.7577,3.4206,20.7307,232.7968,0.0888,0.1653
2014-10-28T01:02:59.895Z,15.9842,25.9166,234.3051,0.1106,0.6176,20.4434,26.9372,233.9045,0.1153,0.7582,3.3614,19.9505,232.9539,0.0856,0.1685
2014-10-28T01:03:59.778Z,16.2203,25.9198,234.6004,0.1109,0.6262,20.3224,26.9615,234.5159,0.1145,0.7531,3.4415,20.6195,232.9558,0.0886,0.1671
2014-10-28T01:04:59.188Z,16.0931,25.8981,234.1514,0.1111,0.6223,20.4638,27.0782,234.3134,0.1147,0.7543,3.3994,20.4897,232.0705,0.0883,0.1666
2014-10-28T01:05:59.598Z,16.014,25.7319,233.8333,0.1099,0.6226,20.3232,26.9883,233.8507,0.1153,0.7524,3.3234,20.2229,232.3455,0.0869,0.1643
2014-10-28T01:06:59.119Z,15.9777,25.8994,234.0303,0.1109,0.6174,19.8957,26.7502,233.8754,0.1143,0.744,3.3842,20.2834,232.7188,0.0873,0.1669
2014-10-28T01:07:59.493Z,16.1002,25.8812,234.4401,0.1104,0.6219,20.0623,26.9011,234.2646,0.1145,0.7455,3.5388,20.5684,233.2973,0.0883,0.1717
2014-10-28T01:08:59.840Z,16.218,25.9097,234.7093,0.1107,0.6262,20.0749,26.7919,234.4267,0.1138,0.7482,3.5764,21.0877,233.4715,0.0903,0.1696
2014-10-28T01:09:59.704Z,15.9038,25.6716,234.3782,0.1099,0.6201,19.8795,26.7041,233.9771,0.1135,0.7438,3.4,20.6674,233.4243,0.089,0.1642
2014-10-28T01:10:59.106Z,16.0372,26.1642,234.5411,0.1117,0.6133,19.9138,26.7866,234.1046,0.1139,0.7437,3.4158,20.4881,233.4066,0.0878,0.1672
2014-10-28T01:11:59.587Z,16.1013,26.1447,234.6933,0.1113,0.6165,20.1664,26.9686,234.4257,0.1151,0.7479,3.4606,20.1867,233.3069,0.0866,0.1721
2014-10-28T01:12:59.120Z,15.9688,25.9463,235.0523,0.1109,0.6159,19.9961,26.8651,234.5974,0.1148,0.7431,3.3646,20.8199,233.6712,0.0889,0.1614
2014-10-28T01:13:59.763Z,16.0331,26.01,235.4255,0.1109,0.6164,19.9782,26.7761,234.4736,0.1143,0.7454,3.4528,20.7713,232.8835,0.0898,0.1668
2014-10-28T01:14:59.945Z,15.9096,25.9165,235.4107,0.1094,0.6148,20.1847,27.0719,234.752,0.115,0.7451,3.492,20.2995,232.1395,0.0872,0.1727
2014-10-28T01:15:59.320Z,16.2628,26.0825,235.8838,0.11,0.6235,20.1038,26.8297,233.8803,0.1145,0.749,3.5823,20.8577,232.259,0.0898,0.1719
2014-10-28T01:16:59.608Z,16.08,25.8809,235.9686,0.1097,0.621,19.9703,26.9199,234.0714,0.1141,0.7413,3.5653,20.8007,232.4539,0.0901,0.1713
2014-10-28T01:17:59.943Z,15.854,25.7455,234.998,0.1099,0.6166,20.0335,26.9367,234.1059,0.114,0.7437,3.547,20.6682,233.3898,0.0889,0.171
2014-10-28T01:18:59.266Z,15.8824,25.8715,234.1573,0.1112,0.6145,20.0131,26.8532,233.7935,0.1144,0.7449,3.4396,20.7505,233.533,0.0888,0.1661
2014-10-28T01:19:59.094Z,15.9144,26.0382,234.3734,0.112,0.6114,20.0256,26.921,234.4106,0.1137,0.7438,3.3655,20.3794,233.6868,0.0873,0.1657
2014-10-28T01:20:59.928Z,15.9516,25.8923,234.6044,0.1102,0.6157,19.918,26.7138,234.2336,0.1135,0.7456,3.4753,20.6917,233.7227,0.0886,0.1677
2014-10-28T01:21:59.288Z,15.8467,25.8063,235.2315,0.1095,0.6148,19.6098,26.653,234.8608,0.1128,0.7358,3.3621,20.6484,233.8491,0.0875,0.1633
2014-10-28T01:22:59.850Z,15.7786,25.8185,235.0525,0.1104,0.6108,19.7049,26.5938,234.8832,0.1123,0.7403,3.2428,19.8688,233.7378,0.0852,0.1631
2014-10-28T01:23:59.142Z,15.7917,25.7605,235.134,0.1093,0.613,19.7796,26.7791,234.8987,0.1143,0.7376,3.5596,20.5502,233.8223,0.0875,0.1732
2014-10-28T01:24:59.983Z,15.5311,25.6035,234.4133,0.1091,0.6063,19.431,26.6158,235.1125,0.112,0.7297,3.3392,20.1118,233.7294,0.0853,0.166
2014-10-28T01:25:59.247Z,15.5882,25.5846,233.8023,0.1095,0.6092,19.4521,26.4976,235.132,0.112,0.7337,3.3567,20.288,234.0203,0.0863,0.1657
2014-10-28T01:26:59.791Z,15.66,25.6551,233.6869,0.11,0.6107,19.4397,26.5369,235.044,0.1121,0.7324,3.2754,20.7492,234.3213,0.0882,0.158
2014-10-28T01:27:59.135Z,15.6562,25.5518,233.8316,0.1101,0.6127,19.3545,26.4232,235.3286,0.1121,0.7322,3.211,20.8683,234.3871,0.0891,0.1553
2014-10-28T01:28:59.904Z,15.4093,25.1948,231.9494,0.1087,0.6121,19.5643,26.4674,233.3755,0.1127,0.7393,3.3398,20.118,232.8655,0.0862,0.1667
2014-10-28T01:29:59.422Z,15.4742,25.2232,230.9353,0.1091,0.6139,19.1617,26.2499,232.3238,0.1128,0.7285,3.2123,19.6491,231.7648,0.084,0.1635
2014-10-28T01:30:59.764Z,15.3295,25.1822,230.9227,0.1092,0.6092,19.0265,26.1185,232.3211,0.1117,0.7282,3.1206,19.9629,231.5491,0.0862,0.1568
2014-10-28T01:31:59.927Z,15.2374,25.0555,230.7144,0.1078,0.6082,18.8317,26.0006,232.1499,0.1116,0.7238,3.2557,20.2436,231.4814,0.0874,0.1612
2014-10-28T01:32:59.521Z,15.3325,25.1132,230.6333,0.1085,0.6114,19.0611,26.0695,232.6509,0.1115,0.7302,3.1718,20.0384,231.3881,0.0868,0.1587
2014-10-28T01:33:59.489Z,15.2671,24.9117,230.6698,0.1082,0.6131,18.8415,25.967,232.1046,0.1115,0.7249,3.056,19.9268,231.7174,0.0854,0.1528
2014-10-28T01:34:59.876Z,15.3874,25.1102,230.6121,0.1089,0.6131,18.9091,26.0761,231.828,0.1114,0.7247,3.3026,19.7681,231.9714,0.0847,0.1671
2014-10-28T01:35:59.125Z,15.1755,24.9164,230.4257,0.1084,0.6087,18.7935,25.9851,231.7893,0.1114,0.7224,3.1698,19.9297,231.6778,0.0852,0.1589
2014-10-28T01:36:59.459Z,15.1816,24.8531,230.2973,0.1073,0.6104,18.7552,25.9065,231.2315,0.1112,0.7229,3.2433,20.5573,231.6716,0.088,0.1586
2014-10-28T01:37:59.176Z,15.3812,25.2531,230.1519,0.1093,0.6096,19.0221,25.9682,230.8717,0.1121,0.7315,3.4812,19.8364,231.1833,0.0854,0.1761
2014-10-28T01:38:59.487Z,15.2543,25.0787,230.728,0.109,0.6089,18.846,25.9179,230.4002,0.1117,0.7271,3.2123,19.6189,231.3712,0.0846,0.1639
2014-10-28T01:39:59.082Z,15.2169,25.2637,230.8737,0.1092,0.6029,18.8126,25.792,230.4853,0.1111,0.7289,3.0669,19.1925,231.6269,0.0822,0.1604
2014-10-28T01:40:59.884Z,15.1927,25.0626,230.7722,0.1087,0.6065,18.8936,25.8667,230.8136,0.1113,0.7298,3.1374,19.8217,231.4708,0.0851,0.1585
2014-10-28T01:41:59.009Z,15.3323,25.0584,230.3721,0.1088,0.6124,18.6616,25.8166,230.7297,0.1116,0.7223,3.214,20.3434,231.6049,0.0879,0.158
2014-10-28T01:42:59.565Z,15.2757,24.8214,230.0432,0.1078,0.6158,18.6444,25.83,230.5698,0.1115,0.7209,3.2807,20.1478,231.3419,0.087,0.163
2014-10-28T01:43:59.031Z,15.2098,25.0118,229.9951,0.1086,0.6082,18.9045,26.0008,231.1934,0.1122,0.7269,3.0335,19.9171,231.014,0.0861,0.1527
2014-10-28T01:44:59.730Z,15.5432,25.3258,230.6355,0.1098,0.6144,19.3861,26.3136,231.6731,0.1132,0.7365,3.1568,19.8393,230.6989,0.0852,0.1588
2014-10-28T01:45:59.521Z,15.5968,25.3909,230.6651,0.1105,0.6153,19.621,26.422,232.1219,0.1133,0.7422,3.1472,20.2781,230.6353,0.0885,0.1551
2014-10-28T01:46:59.531Z,15.5931,25.3079,230.5687,0.1098,0.617,19.2707,26.1935,231.4757,0.1128,0.735,3.3579,20.7616,230.4188,0.0901,0.1621
2014-10-28T01:47:59.009Z,15.6051,25.212,230.4685,0.1095,0.6195,18.9681,25.9184,230.9174,0.1122,0.7305,3.1666,20.34,230.2808,0.0876,0.1559
2014-10-28T01:48:59.569Z,15.6879,25.2712,230.1711,0.1097,0.6211,18.9423,25.9817,230.7429,0.112,0.728,3.2121,20.4231,230.1678,0.0884,0.1573
2014-10-28T01:49:59.944Z,15.4834,25.1654,230.6093,0.1091,0.6161,19.2609,26.0399,230.7347,0.112,0.7392,3.0184,19.9705,230.4519,0.0862,0.1517
2014-10-28T01:50:59.392Z,15.6075,25.3703,230.9217,0.1097,0.6162,19.3231,26.2346,230.8116,0.1127,0.736,3.4623,20.4641,230.4267,0.0894,0.1691
2014-10-28T01:51:59.813Z,15.6957,25.4216,230.9644,0.1103,0.6172,19.2204,26.1569,231.2784,0.1121,0.7345,3.2394,20.5204,230.0171,0.0889,0.1584
2014-10-28T01:52:59.279Z,15.6119,25.2819,231.3215,0.1098,0.6176,19.1299,26.1177,231.2819,0.112,0.7316,3.0457,20.5202,230.0671,0.089,0.1487
2014-10-28T01:53:59.763Z,15.7024,25.403,231.2662,0.1101,0.6178,19.1528,26.1212,231.5543,0.1114,0.7327,3.0862,20.7001,229.773,0.0901,0.1491
2014-10-28T01:54:59.516Z,15.6381,25.2736,231.7811,0.1094,0.6189,19.6377,26.5022,231.8737,0.1138,0.74,3.3594,20.3501,230.5679,0.0881,0.1656
2014-10-28T01:55:59.823Z,15.915,25.5097,232.1205,0.1095,0.6239,19.5744,26.4564,232.0177,0.1134,0.7395,3.4594,20.8946,231.0179,0.0907,0.1668
2014-10-28T01:56:59.116Z,15.7838,25.4981,231.7358,0.1099,0.6198,19.431,26.3871,231.9535,0.1133,0.7363,3.2085,20.6202,230.9346,0.0892,0.1556
2014-10-28T01:57:59.609Z,15.6798,25.6174,231.5452,0.111,0.6123,19.2357,26.26,231.6556,0.1127,0.7321,3.2283,20.2362,230.6657,0.0879,0.1589
2014-10-28T01:58:59.175Z,15.6501,25.3011,231.5868,0.1092,0.6188,19.3092,26.241,231.6343,0.1122,0.7355,3.4366,20.7965,230.3882,0.0902,0.1652
2014-10-28T01:59:59.666Z,15.6917,25.3799,231.3737,0.1104,0.6186,19.0325,26.0518,231.3631,0.112,0.7298,3.224,20.6784,230.3833,0.0897,0.1564
2014-10-28T02:00:59.021Z,15.5996,25.0724,230.7993,0.1091,0.6228,19.2899,26.1659,229.9999,0.1132,0.7371,3.1593,20.3229,229.8201,0.0875,0.156
2014-10-28T02:01:59.779Z,15.6632,25.2402,230.4491,0.1093,0.6207,19.1937,26.0476,229.7677,0.1129,0.7362,3.1319,20.3606,229.4374,0.0888,0.1541
2014-10-28T02:02:59.049Z,15.4913,25.0617,229.806,0.1089,0.6186,19.3544,26.1459,230.0744,0.1134,0.7387,3.0955,20.1574,229.606,0.0876,0.1542
2014-10-28T02:03:59.399Z,15.447,25.0518,229.7543,0.1089,0.6171,19.6568,26.3096,230.9096,0.1133,0.7463,3.1528,20.1339,229.7899,0.0872,0.1568
2014-10-28T02:04:59.481Z,15.4345,24.9646,229.5792,0.1086,0.6182,19.5954,26.197,230.9967,0.113,0.7465,3.1428,20.0683,229.8407,0.0878,0.1566
2014-10-28T02:05:59.792Z,15.341,24.9076,229.43,0.1082,0.6161,19.7487,26.4273,230.7734,0.1148,0.7468,3.1618,20.1764,229.902,0.0876,0.1564
2014-10-28T02:06:59.550Z,15.3909,25.193,229.4783,0.11,0.6113,19.2359,26.1016,230.9619,0.1124,0.7357,3.0404,20.2504,228.3659,0.0883,0.1504
2014-10-28T02:07:59.191Z,15.3633,25.01,229.2691,0.1086,0.6148,19.0962,26.1012,231.0069,0.1127,0.7316,2.928,20.2622,227.6441,0.0885,0.1443
2014-10-28T02:08:59.601Z,15.5456,25.2113,229.3946,0.11,0.6164,19.1974,26.0873,231.2111,0.1124,0.7354,3.0058,20.5171,228.1036,0.0892,0.1466
2014-10-28T02:09:59.268Z,15.3863,24.8848,229.5,0.108,0.6182,18.963,25.9583,230.7465,0.1117,0.7301,2.9485,20.3076,228.4555,0.0892,0.1456
2014-10-28T02:10:59.644Z,15.7654,25.4402,229.8293,0.1104,0.6197,19.3163,26.1939,230.38,0.1124,0.7371,3.296,20.9017,229.4445,0.0909,0.1582
2014-10-28T02:11:59.087Z,15.6556,25.4129,229.8047,0.111,0.6166,19.4124,26.3055,230.4171,0.1134,0.7376,3.078,20.5835,229.5812,0.0898,0.149
2014-10-28T02:12:59.780Z,15.8842,25.5001,229.8198,0.1112,0.6236,19.4413,26.1788,230.6792,0.1134,0.7415,3.3181,20.7353,229.4773,0.0905,0.1602
2014-10-28T02:13:59.344Z,15.8098,25.3635,229.9006,0.11,0.6231,19.3726,26.2408,230.8344,0.1129,0.7381,3.1447,20.7343,229.6873,0.0902,0.1514
2014-10-28T02:14:59.648Z,15.712,25.2482,229.3977,0.1097,0.6224,19.7635,26.4663,231.0047,0.1136,0.7461,3.2653,20.6453,229.3876,0.0899,0.159
2014-10-28T02:15:59.299Z,15.876,25.3592,229.4673,0.1111,0.6262,19.4326,26.3326,230.9771,0.1139,0.7369,3.3131,20.6748,229.5425,0.0903,0.1598
2014-10-28T02:16:59.659Z,16.0114,25.6959,230.0999,0.1121,0.6235,19.466,26.4139,231.6844,0.1138,0.7362,3.1775,20.7694,229.9547,0.09,0.1534
2014-10-28T02:17:59.417Z,15.6131,25.2833,229.6805,0.1099,0.618,19.7387,26.5335,231.7992,0.1151,0.7428,3.2868,20.9711,229.9095,0.0911,0.157
2014-10-28T02:18:59.820Z,15.8505,25.3151,229.0915,0.1105,0.6268,19.7176,26.4845,231.5654,0.1139,0.7442,3.3446,20.7125,230.7602,0.09,0.1622
2014-10-28T02:19:59.272Z,15.7208,25.2063,229.29,0.1103,0.6241,19.4735,26.3351,231.4922,0.1129,0.739,3.3582,21.034,230.7617,0.0915,0.1589
2014-10-28T02:20:59.557Z,15.6407,25.5185,229.8889,0.1104,0.6133,19.5694,26.3974,231.7912,0.1132,0.7414,3.1543,21.1102,230.4105,0.092,0.1495
2014-10-28T02:21:59.963Z,15.8067,25.5416,229.7814,0.1114,0.619,19.5773,26.4224,231.5817,0.1134,0.7406,3.411,20.7345,230.1913,0.0903,0.1645
2014-10-28T02:22:59.359Z,15.6638,25.2114,229.5386,0.1098,0.6211,19.5013,26.3537,231.2058,0.1135,0.7396,3.423,21.1845,229.5013,0.0924,0.1619
2014-10-28T02:23:59.200Z,15.6332,25.1711,229.7508,0.1097,0.6206,19.304,26.2687,231.0444,0.113,0.734,3.2926,21.0526,229.7674,0.0916,0.1577
2014-10-28T02:24:59.855Z,15.7939,25.1935,229.6665,0.1098,0.6262,19.2985,26.2031,230.9797,0.1124,0.7358,3.1965,20.8721,229.5804,0.0912,0.1537
2014-10-28T02:25:59.480Z,15.7239,25.3303,229.7833,0.1098,0.6222,19.6155,26.4034,231.2787,0.1134,0.7423,3.4761,21.0187,229.6777,0.0917,0.1659
2014-10-28T02:26:59.903Z,15.6072,25.2279,230.4078,0.1107,0.6182,19.6352,26.2447,229.0374,0.1137,0.7476,3.1705,21.1277,230.124,0.0916,0.1495
2014-10-28T02:27:59.812Z,15.8418,25.5157,230.6683,0.1112,0.6215,19.8629,26.4583,228.8741,0.1151,0.751,3.0685,20.321,229.3535,0.0891,0.1505
2014-10-28T02:28:59.196Z,15.8518,25.6473,230.1041,0.1117,0.6182,19.8925,26.5682,231.2401,0.1149,0.7485,2.9909,20.1077,229.1519,0.0894,0.1487
2014-10-28T02:29:59.636Z,15.8478,25.5267,230.4123,0.1112,0.6212,19.5966,26.4107,231.7321,0.1137,0.7422,3.1233,20.6815,229.5751,0.0903,0.1506
2014-10-28T02:30:59.033Z,15.8977,25.5663,230.48,0.1115,0.622,19.6892,26.4116,231.5199,0.1132,0.745,2.9901,20.2505,229.14,0.0888,0.1478
2014-10-28T02:31:59.043Z,15.6766,25.407,230.2913,0.1105,0.617,19.567,26.3909,231.1002,0.1135,0.74,3.1674,20.8482,229.097,0.091,0.1522
2014-10-28T02:32:59.449Z,15.8313,25.4511,230.2036,0.1109,0.6229,19.4269,26.2568,231.2356,0.1132,0.7393,3.2947,21.241,229.1888,0.0926,0.1554
2014-10-28T02:33:59.561Z,15.7331,25.227,229.9949,0.1102,0.6232,19.3771,26.2295,231.0434,0.1126,0.7384,3.0726,20.9416,229.0662,0.0916,0.1473
2014-10-28T02:34:59.071Z,15.8746,25.489,230.0419,0.1109,0.6233,19.4008,26.3806,230.6109,0.1141,0.7346,3.2246,20.7161,229.4559,0.0905,0.1552
2014-10-28T02:35:59.503Z,16.1843,25.9044,230.4829,0.1131,0.6248,19.3746,26.2634,231.0243,0.1132,0.7365,3.3044,20.3857,229.6297,0.0889,0.1622
2014-10-28T02:36:59.718Z,16.1143,25.7311,230.6201,0.1123,0.6261,19.6045,26.2928,230.9836,0.1138,0.7454,3.4489,20.495,228.9632,0.0894,0.1689
2014-10-28T02:37:59.415Z,15.9784,25.6846,230.3472,0.112,0.6225,19.5144,26.3792,230.4387,0.1142,0.7399,3.3898,20.607,229.1215,0.0901,0.1653
2014-10-28T02:38:59.949Z,15.8673,25.3627,229.9479,0.1099,0.6257,19.21,26.168,230.1437,0.1133,0.7339,3.2351,20.8011,228.9339,0.0905,0.156
2014-10-28T02:39:59.434Z,15.9052,25.6372,230.2251,0.1113,0.6214,19.6723,26.4559,230.233,0.1158,0.7431,3.329,20.5684,229.6999,0.0898,0.1615
2014-10-28T02:40:59.190Z,15.8141,25.5158,230.0633,0.111,0.6205,19.4243,26.3451,229.8849,0.1145,0.7368,3.0436,20.1778,229.1444,0.0888,0.1511
2014-10-28T02:41:59.493Z,15.5509,25.1202,229.7551,0.1097,0.6192,19.2499,25.9789,229.4704,0.1122,0.7403,3.1082,20.6273,229.1316,0.0907,0.1515
2014-10-28T02:42:59.624Z,15.8068,25.3722,229.9255,0.1098,0.6235,19.4977,26.3435,229.3943,0.1149,0.7404,3.3854,20.6729,229.2895,0.0903,0.1643
2014-10-28T02:43:59.263Z,15.7046,25.2428,230.7755,0.1087,0.6229,19.3735,26.0249,226.1747,0.1143,0.7434,3.258,21.072,229.3196,0.092,0.1553
2014-10-28T02:44:59.622Z,15.5697,25.3226,229.9574,0.1099,0.6157,19.3156,26.0773,228.4826,0.1134,0.7401,3.278,20.5627,229.2421,0.0901,0.1591
2014-10-28T02:45:59.985Z,15.7262,25.3687,229.8409,0.1099,0.62,19.4555,26.1,229.4016,0.1124,0.7449,3.1862,20.4011,229.0974,0.089,0.1563
2014-10-28T02:46:59.344Z,15.8054,25.5343,230.1524,0.1109,0.619,19.4152,26.3,230.0615,0.1134,0.7376,3.3597,20.6986,229.3145,0.0905,0.1617
2014-10-28T02:47:59.854Z,15.821,25.4445,230.4002,0.111,0.6221,19.4041,26.2962,230.2956,0.1137,0.7371,3.2948,21.1389,229.996,0.0912,0.1556
2014-10-28T02:48:59.469Z,15.654,25.3961,230.867,0.1108,0.6166,19.6513,26.5966,231.5673,0.1148,0.738,3.1972,20.6606,230.5033,0.09,0.1548
2014-10-28T02:49:59.837Z,15.7978,25.4797,230.8082,0.1102,0.6201,19.7421,26.5449,231.3596,0.1141,0.7436,3.4393,21.1639,230.2572,0.0917,0.1635
2014-10-28T02:50:59.920Z,15.6271,25.2129,230.5711,0.1099,0.6197,19.5006,26.3479,231.1469,0.1144,0.7389,3.1904,20.9223,230.1304,0.0913,0.153
2014-10-28T02:51:59.568Z,15.7346,25.5127,230.9026,0.1109,0.6173,19.2162,26.0743,230.5705,0.112,0.7365,3.0217,21.0732,229.2496,0.0922,0.1431
2014-10-28T02:52:59.261Z,15.7133,25.3611,231.0016,0.1098,0.6202,19.6499,26.3628,229.871,0.1137,0.7454,3.2031,20.2586,229.4691,0.089,0.1586
2014-10-28T02:53:59.627Z,15.7368,25.4168,228.9222,0.1109,0.6193,19.2729,26.0885,229.7907,0.1129,0.7388,3.3919,20.3888,229.9709,0.0885,0.1668
2014-10-28T02:54:59.136Z,15.8145,25.527,230.9065,0.1108,0.6203,19.6577,26.3489,229.846,0.1139,0.7457,3.3144,21.0233,229.3937,0.0922,0.158
2014-10-28T02:55:59.769Z,15.8406,25.6806,230.702,0.1109,0.6163,19.4424,26.2879,230.1299,0.114,0.7393,3.1294,20.8278,229.4884,0.0914,0.1505
2014-10-28T02:56:59.626Z,16.0181,25.6337,231.0355,0.1111,0.6255,19.7132,26.4971,231.4192,0.1141,0.744,3.3774,20.8303,228.5948,0.0912,0.1625
2014-10-28T02:57:59.031Z,15.9058,25.4347,231.4929,0.1094,0.6253,19.704,26.454,231.2663,0.1135,0.7443,3.0419,21.3206,228.2771,0.0934,0.1432
2014-10-28T02:58:59.214Z,15.621,25.4469,231.2382,0.1104,0.6138,19.7326,26.6251,231.0957,0.1155,0.7406,3.0689,20.6283,228.01,0.0906,0.1484
2014-10-28T02:59:59.478Z,15.6482,25.3259,230.1976,0.1103,0.6181,19.4398,26.1754,230.4268,0.1128,0.7422,2.9499,21.0152,228.273,0.0929,0.1401
2014-10-28T03:00:59.577Z,15.7039,25.3744,230.0041,0.1103,0.62,19.4772,26.1802,230.6921,0.1127,0.7436,2.9948,20.0193,228.3056,0.088,0.1494
2014-10-28T03:01:59.115Z,15.7165,25.3535,231.4451,0.1097,0.6205,20.0773,26.4261,227.9576,0.1157,0.7591,3.0454,20.7457,228.9117,0.091,0.1477
2014-10-28T03:02:59.507Z,15.8957,25.3812,230.9853,0.1097,0.6266,20.0493,26.5555,229.8424,0.1146,0.754,3.1357,20.2188,229.5812,0.088,0.1546
2014-10-28T03:03:59.934Z,15.8506,25.441,229.6001,0.1109,0.6235,19.9429,26.4683,230.0841,0.1152,0.7523,3.3406,20.5222,229.9833,0.0894,0.1632
2014-10-28T03:04:59.632Z,15.6708,25.3151,230.0592,0.1101,0.6189,19.8525,26.4987,230.3011,0.1144,0.7486,3.2482,20.8468,230.2192,0.0908,0.1557
2014-10-28T03:05:59.908Z,15.8441,25.3984,229.9494,0.1103,0.6241,19.8816,26.5053,230.4193,0.1146,0.7493,3.1766,20.4289,230.417,0.0887,0.1563
2014-10-28T03:06:59.314Z,15.7886,25.4397,230.0369,0.1103,0.6212,19.5308,26.3278,230.5941,0.1128,0.7414,3.4141,21.3626,230.4195,0.0934,0.1603
2014-10-28T03:07:59.474Z,15.9926,25.5435,231.0482,0.1105,0.6264,19.5952,26.3779,229.8584,0.1141,0.7424,3.1552,20.6105,230.0782,0.0897,0.1535
2014-10-28T03:08:59.864Z,16.016,25.6727,231.3916,0.1114,0.6235,19.4786,26.3388,230.1674,0.1148,0.7386,3.208,20.7102,230.42,0.0901,0.1545
2014-10-28T03:09:59.559Z,15.8419,25.3724,231.1966,0.1104,0.6236,19.3514,26.1607,230.6636,0.1126,0.739,3.2404,20.9316,230.4029,0.091,0.1549
2014-10-28T03:10:59.270Z,15.9604,25.6893,231.2952,0.1111,0.6213,19.8003,26.442,230.68,0.1146,0.7487,3.0077,20.5687,230.3049,0.0899,0.1462
2014-10-28T03:11:59.782Z,15.7958,25.4384,231.4549,0.111,0.6205,19.2125,26.0061,229.351,0.1131,0.7382,3.2493,21.2995,230.0568,0.0928,0.1538
2014-10-28T03:12:59.325Z,15.8834,25.65,231.3697,0.111,0.6192,19.2139,26.0528,229.4276,0.113,0.7369,3.3105,21.1723,229.8524,0.0919,0.1569
2014-10-28T03:13:59.537Z,15.9831,25.6986,231.2698,0.111,0.6222,19.6477,26.3849,230.4844,0.114,0.7443,3.3331,20.7553,229.9498,0.0907,0.1607
2014-10-28T03:14:59.946Z,15.9777,25.7544,231.138,0.1117,0.6203,19.6264,26.4722,231.0148,0.1141,0.7416,3.0631,20.499,229.3372,0.09,0.1497
2014-10-28T03:15:59.014Z,15.8917,25.6184,231.0627,0.1113,0.6201,19.5748,26.4099,230.8587,0.1141,0.7409,3.0817,21.1561,229.512,0.0929,0.1454
2014-10-28T03:16:59.615Z,15.8003,25.3976,230.7375,0.1106,0.6223,19.5804,26.4791,230.2342,0.1144,0.7391,3.2916,20.8445,229.3379,0.0907,0.1575
2014-10-28T03:17:59.091Z,15.7581,25.3366,230.3156,0.1103,0.622,19.4032,26.2666,230.201,0.1138,0.7386,3.0609,20.3649,229.33,0.0894,0.1505
2014-10-28T03:18:59.529Z,15.8115,25.4802,230.2366,0.1103,0.6209,19.6055,26.2948,230.1452,0.1137,0.7456,3.2569,20.5851,229.7272,0.0899,0.158
2014-10-28T03:19:59.928Z,15.8786,25.4404,230.6954,0.1101,0.6242,19.4109,26.2333,228.6151,0.1142,0.7395,3.3951,21.0501,229.9733,0.0914,0.1615
2014-10-28T03:20:59.107Z,15.9017,25.6141,230.5664,0.1104,0.6208,19.155,26.0266,228.2866,0.1137,0.7361,3.1625,20.9867,229.3159,0.0916,0.1504
2014-10-28T03:21:59.556Z,15.7286,25.4389,229.3045,0.1119,0.6188,19.2675,25.9201,227.9755,0.1129,0.7428,3.4069,21.1437,229.8281,0.0923,0.1613
2014-10-28T03:22:59.243Z,15.7025,25.0778,229.5667,0.1091,0.6269,19.1319,25.9286,228.0639,0.1127,0.7376,3.4304,21.214,230.0809,0.0922,0.1623
2014-10-28T03:23:59.675Z,15.8314,25.429,229.5551,0.1113,0.623,19.3355,26.0467,227.9295,0.1131,0.7417,3.1973,20.9168,230.0536,0.091,0.1528
2014-10-28T03:24:59.072Z,15.8516,25.3553,229.674,0.1111,0.6248,19.1467,26.0227,227.4673,0.1135,0.7356,3.4303,20.9284,229.9799,0.0909,0.1645
2014-10-28T03:25:59.543Z,15.8041,25.5009,230.3053,0.1105,0.6194,19.2007,25.8207,225.5885,0.1148,0.7429,3.2929,21.0238,230.1913,0.0915,0.1565
2014-10-28T03:26:59.506Z,15.891,25.5586,231.5899,0.1103,0.622,19.4738,25.9046,224.9702,0.1168,0.7515,3.294,20.819,230.0719,0.0909,0.1587
2014-10-28T03:27:59.842Z,15.7472,25.4296,230.607,0.1109,0.6194,19.1713,25.9754,227.9794,0.1136,0.7377,3.1943,20.8538,229.7469,0.0911,0.1538
2014-10-28T03:28:59.361Z,15.6239,25.2905,230.531,0.1099,0.6186,19.3743,26.0924,228.0045,0.1139,0.7419,3.2582,20.8854,229.4206,0.0911,0.1567
2014-10-28T03:29:59.225Z,15.8915,25.569,230.559,0.1112,0.6215,19.4506,26.2576,228.2402,0.1143,0.7401,3.3143,20.5713,229.8563,0.0898,0.1615
2014-10-28T03:30:59.570Z,15.8968,25.4078,230.511,0.1107,0.6261,19.2583,25.9819,228.3012,0.1137,0.741,3.2218,20.8938,229.662,0.0914,0.1547
2014-10-28T03:31:59.046Z,15.8711,25.432,230.8485,0.1106,0.6242,19.0769,25.8245,227.8799,0.1132,0.738,3.3105,21.1982,229.5767,0.0929,0.1563
2014-10-28T03:32:59.624Z,15.8341,25.5151,230.9763,0.1105,0.6207,19.2476,26.0691,227.7767,0.1136,0.7374,3.2497,20.8895,229.6969,0.0915,0.1555
2014-10-28T03:33:59.025Z,15.8991,25.614,231.0584,0.1111,0.6211,19.3175,26.0784,227.9153,0.1139,0.74,3.4293,20.9829,229.5717,0.0914,0.1627
2014-10-28T03:34:59.626Z,15.948,25.6481,231.2821,0.1109,0.6221,19.4319,26.1715,227.9265,0.1145,0.742,3.4196,20.842,230.0739,0.0914,0.1639
2014-10-28T03:35:59.121Z,15.9318,25.4375,230.6815,0.1102,0.6259,42.4583,66.6216,228.406,0.2913,0.6668,3.4248,21.1726,229.9375,0.0923,0.1619
2014-10-28T03:37:59.416Z,16.0147,25.4656,230.0886,0.1106,0.6289,57.154,92.1754,228.6943,0.4033,0.6197,3.1816,20.7963,229.6076,0.0906,0.1532
2014-10-28T03:38:59.767Z,15.8845,25.5054,230.0087,0.1115,0.6224,56.5568,91.7019,228.5304,0.401,0.6167,3.1511,20.6507,229.649,0.0901,0.1531
2014-10-28T03:39:59.987Z,16.1088,25.6515,229.7864,0.1115,0.6287,75.289,113.9047,228.4864,0.4974,0.6412,3.2874,20.7583,229.8699,0.0904,0.1586
2014-10-28T03:40:59.525Z,974.1072,1021.8471,227.6841,4.497,0.8702,1431.8539,1553.4028,227.4139,6.8388,0.8882,1022.5033,1094.41,229.2875,4.7782,0.7446
2014-10-28T03:41:59.239Z,1349.5766,1412.4985,227.841,6.1999,0.9564,1861.6525,1999.8901,227.7259,8.7825,0.93,1388.271,1452.8961,229.0625,6.3426,0.956
2014-10-28T03:42:59.628Z,1359.0678,1422.9253,227.9865,6.2413,0.9549,1875.2725,2018.7643,227.8042,8.8618,0.93,1392.8274,1463.1123,228.7754,6.3954,0.9514
2014-10-28T03:43:59.657Z,1362.3628,1430.7397,227.9225,6.2774,0.9503,1895.7889,2042.2477,227.7959,8.9655,0.9299,1405.8971,1485.6074,228.7189,6.495,0.9472
2014-10-28T03:44:59.396Z,1365.9728,1440.6137,228.0242,6.3176,0.9489,1907.0058,2052.7545,227.4293,9.0261,0.93,1428.5486,1512.6515,229.3199,6.5963,0.9443
2014-10-28T03:45:59.854Z,1362.8774,1437.7996,227.7286,6.3134,0.9497,1921.3409,2074.5683,227.5892,9.1157,0.926,1417.1391,1513.516,227.6067,6.65,0.9373
2014-10-28T03:46:59.468Z,1389.7502,1464.6023,227.8088,6.4291,0.9498,1913.5697,2083.0418,226.7261,9.1875,0.9192,1406.2674,1504.1233,227.5095,6.6113,0.9354
2014-10-28T03:47:59.023Z,1401.6845,1478.8051,227.7722,6.4924,0.9497,1915.5763,2092.3926,226.21,9.2497,0.9168,1408.519,1509.6186,227.3558,6.6398,0.9314
2014-10-28T03:48:59.882Z,1410.5216,1500.3272,226.475,6.6251,0.9422,1898.3049,2077.7155,225.8066,9.201,0.9115,1437.7971,1534.0476,228.5263,6.7129,0.939
2014-10-28T03:49:59.117Z,1426.8969,1522.086,226.1301,6.7312,0.9389,1897.287,2085.9918,225.4349,9.253,0.9098,1447.8308,1545.8154,228.6974,6.7595,0.9375
2014-10-28T03:50:59.386Z,1422.174,1519.6148,225.9576,6.7253,0.9366,1912.4559,2097.5225,225.6542,9.2955,0.9105,1456.2875,1560.408,228.6781,6.8233,0.9318
2014-10-28T03:51:59.819Z,1448.9449,1534.8361,228.7291,6.7101,0.9426,1941.2469,2115.6995,227.7996,9.2871,0.92,1479.9672,1572.7124,230.9609,6.8098,0.94
2014-10-28T03:52:59.820Z,1457.5702,1547.513,228.8496,6.7624,0.9404,1940.9159,2119.1705,227.8285,9.3015,0.917,1489.9401,1583.6193,230.8929,6.859,0.9407
2014-10-28T03:53:59.424Z,1415.5077,1491.7225,228.9057,6.5171,0.9498,1911.4884,2071.2826,228.2316,9.0757,0.923,1454.918,1537.6322,230.9249,6.658,0.9474
2014-10-28T03:54:59.538Z,1412.5389,1486.8888,229.9163,6.467,0.9499,1957.4665,2108.684,230.377,9.153,0.9296,1474.7503,1565.322,230.6415,6.7871,0.942
2014-10-28T03:55:59.925Z,1397.1231,1472.3149,230.1427,6.3973,0.9498,1959.1712,2102.7719,230.8514,9.1086,0.93,1480.0462,1570.9172,230.3853,6.818,0.9401
2014-10-28T03:56:59.359Z,1408.191,1490.7002,229.789,6.4875,0.9442,1967.1725,2116.5303,230.7427,9.1729,0.93,1498.477,1593.6448,230.5592,6.9123,0.94
2014-10-28T03:57:59.853Z,1411.9424,1491.178,229.9328,6.4852,0.949,1959.061,2111.0522,230.5891,9.1549,0.93,1485.743,1579.5724,230.4278,6.8548,0.94
2014-10-28T03:58:59.158Z,1424.9351,1508.9467,229.9693,6.5616,0.9438,1974.3038,2135.6693,230.3196,9.2721,0.9237,1491.3235,1594.0188,229.7087,6.939,0.9344
2014-10-28T03:59:59.263Z,1420.4213,1503.0042,229.9284,6.5367,0.9452,1973.9625,2137.3637,230.2958,9.2811,0.9214,1480.4118,1586.6083,229.0987,6.9253,0.9317
