2014-11-18T00:01:59.283Z,914.928,1236.3084,230.8126,5.3684,0.5905,955.5477,1224.3825,226.298,5.4018,0.5001,1458.4792,1806.6003,232.291,7.8007,0.8271
2014-11-18T00:02:59.548Z,3.4114,22.5205,232.6002,0.0966,0.1531,-6.1887,21.5695,225.9409,0.0957,-0.2856,10.4867,25.9219,234.6782,0.1102,0.4056
2014-11-18T00:03:59.784Z,3.5194,22.8379,231.6965,0.0983,0.1546,-6.067,21.8837,229.458,0.0955,-0.2763,10.6078,25.9372,234.0562,0.1104,0.41
2014-11-18T00:04:59.090Z,3.7311,22.8139,231.6296,0.0978,0.166,-5.7748,22.1825,229.1595,0.0969,-0.2601,10.7486,26.6309,234.1286,0.1132,0.4051
2014-11-18T00:05:59.417Z,3.5777,22.8436,231.3903,0.0988,0.157,-6.3146,22.7014,228.7998,0.0997,-0.2783,10.385,26.2426,233.6314,0.1128,0.3965
2014-11-18T00:06:59.667Z,3.4163,22.8774,231.7964,0.0993,0.1504,-6.3057,22.0331,228.8549,0.0968,-0.2855,10.5018,26.1441,233.1953,0.112,0.4027
2014-11-18T00:07:59.856Z,3.3703,22.9847,231.873,0.0989,0.1484,-6.1407,22.0838,228.664,0.0972,-0.2791,10.4778,25.9286,233.3074,0.1109,0.4048
2014-11-18T00:08:59.028Z,2.9825,22.9788,232.0999,0.0988,0.1311,-6.2168,22.2848,229.357,0.0972,-0.279,10.4104,25.8332,233.3871,0.1106,0.4039
2014-11-18T00:09:59.266Z,2.9899,23.2707,230.7013,0.101,0.13,-6.5734,22.9229,232.4204,0.0991,-0.2877,10.3163,26.2767,232.9311,0.1124,0.3927
2014-11-18T00:10:59.498Z,3.0803,23.4967,230.6021,0.1017,0.1331,-6.5931,23.2665,232.6471,0.1005,-0.2843,10.5246,26.6386,232.8126,0.1143,0.3961
2014-11-18T00:11:59.722Z,3.0018,22.7303,230.4066,0.0981,0.1314,-6.9523,23.2231,232.5727,0.0998,-0.3001,10.3902,26.3267,232.9319,0.113,0.3952
2014-11-18T00:12:59.938Z,3.3832,23.0257,231.2429,0.0997,0.1471,-6.8223,23.1093,231.9719,0.0996,-0.2957,10.4716,26.5601,233.1777,0.1134,0.395
2014-11-18T00:13:59.115Z,3.2259,23.1227,231.2003,0.1008,0.1408,-6.7211,22.8282,231.9272,0.0989,-0.2938,10.2645,26.4344,233.054,0.1134,0.388
2014-11-18T00:14:59.303Z,3.5677,23.1541,231.7891,0.0997,0.1559,-6.7053,22.4744,231.7124,0.0965,-0.2964,10.3566,26.6015,234.2186,0.1139,0.3897
2014-11-18T00:15:59.687Z,3.0336,23.161,231.7019,0.0998,0.1314,-6.9694,23.0146,232.5172,0.0993,-0.3017,10.4705,26.8365,233.7357,0.1147,0.3912
2014-11-18T00:16:59.024Z,3.3586,22.9476,231.5681,0.099,0.1476,-6.6945,23.0531,232.257,0.0996,-0.29,10.361,26.7429,233.5461,0.1144,0.388
2014-11-18T00:17:59.353Z,3.3638,23.0074,231.4536,0.0995,0.1472,-6.5471,23.5201,232.0806,0.1017,-0.2802,10.4501,26.6602,233.6189,0.1141,0.392
2014-11-18T00:18:59.562Z,3.192,23.1771,232.1167,0.1001,0.139,-6.2164,22.4916,232.5654,0.0967,-0.2766,10.5669,26.547,233.6812,0.1138,0.399
2014-11-18T00:19:59.762Z,3.069,22.9866,232.4141,0.0987,0.1345,-6.1807,22.1888,232.5405,0.0954,-0.2764,10.5193,26.2801,233.6179,0.1126,0.4017
2014-11-18T00:20:59.006Z,3.1763,22.7377,232.1701,0.0978,0.1414,-6.2251,22.9161,232.564,0.0985,-0.2719,10.4882,26.004,233.1988,0.1115,0.4045
2014-11-18T00:21:59.188Z,3.0138,22.7567,232.7496,0.0977,0.1319,-6.4997,22.2429,232.2376,0.0962,-0.292,10.4002,26.3309,233.8439,0.112,0.396
2014-11-18T00:22:59.464Z,3.5271,23.1099,232.4739,0.0993,0.1534,-6.2324,22.5305,231.9906,0.0974,-0.2762,10.6491,26.3682,234.294,0.1127,0.4038
2014-11-18T00:23:59.779Z,3.3668,23.3537,232.0126,0.1011,0.1448,-6.6725,23.0401,231.9997,0.0993,-0.2897,10.5499,26.6493,234.1749,0.1139,0.3957
2014-11-18T00:24:59.958Z,3.5822,23.3688,231.85,0.1012,0.1543,-6.5895,22.9532,231.5998,0.0996,-0.2866,10.4932,26.8606,234.5324,0.1145,0.3906
2014-11-18T00:25:59.323Z,3.6173,23.2743,231.4828,0.1009,0.1567,-6.7397,23.0828,231.9735,0.1001,-0.2936,10.3941,26.9828,234.1217,0.1155,0.3849
2014-11-18T00:26:59.863Z,3.6135,23.5099,231.9683,0.1012,0.1537,-6.4406,23.486,232.6481,0.1007,-0.2754,10.5064,27.0908,234.5359,0.1154,0.3888
2014-11-18T00:27:59.144Z,3.5746,23.4061,231.4965,0.1011,0.1532,-6.2588,23.3275,232.6222,0.1,-0.269,10.5687,26.9219,234.6638,0.1143,0.3926
2014-11-18T00:28:59.465Z,3.1452,23.3486,232.135,0.1009,0.1354,-6.6581,23.1723,232.8835,0.1002,-0.2873,10.5206,26.6931,234.656,0.1136,0.3944
2014-11-18T00:29:59.686Z,3.207,23.4207,231.8232,0.1017,0.1381,-6.7703,22.9154,232.2269,0.0996,-0.2951,10.6326,26.8245,234.5153,0.1143,0.3962
2014-11-18T00:30:59.992Z,3.3603,23.1921,231.2683,0.0999,0.1458,-6.6584,23.4133,233.1728,0.1007,-0.2853,10.4873,26.6374,234.1274,0.1136,0.3934
2014-11-18T00:31:59.243Z,3.6629,22.9984,231.6288,0.0997,0.1603,-6.8963,23.1084,233.2852,0.0996,-0.2971,10.4823,26.7808,234.3561,0.1135,0.3905
2014-11-18T00:32:59.563Z,3.2718,23.2437,232.1169,0.0998,0.1412,-6.7046,23.1704,233.2284,0.1,-0.29,10.3723,26.9536,234.6234,0.1151,0.3848
2014-11-18T00:33:59.707Z,3.5197,23.0352,232.0378,0.0995,0.1545,-6.8502,23.3803,232.9901,0.1001,-0.2936,10.5354,26.9712,234.5047,0.1141,0.3907
2014-11-18T00:34:59.975Z,3.5949,23.0595,231.9774,0.0998,0.1582,-6.6377,22.4579,232.989,0.0968,-0.2928,10.571,26.4546,234.0301,0.1133,0.4007
2014-11-18T00:35:59.217Z,3.5284,23.2763,231.985,0.1001,0.1512,-6.988,23.0582,232.8165,0.0992,-0.3024,10.4158,26.631,234.1072,0.1129,0.3909
2014-11-18T00:36:59.650Z,3.4703,23.3044,232.5211,0.1003,0.1503,-6.7085,23.0682,232.3649,0.0997,-0.2911,10.5167,26.7436,234.2859,0.1139,0.3928
2014-11-18T00:37:59.940Z,3.2711,23.2193,232.4023,0.0999,0.1419,-6.7513,23.3587,232.2761,0.1004,-0.29,10.3941,26.7843,234.2682,0.1141,0.3884
2014-11-18T00:38:59.985Z,2.9545,23.6591,233.2267,0.1021,0.1254,-6.708,22.617,232.0053,0.098,-0.2959,10.3253,26.4282,233.509,0.1134,0.3903
2014-11-18T00:39:59.328Z,3.3939,23.2826,233.0655,0.1001,0.1469,-6.5949,22.7374,231.7345,0.0985,-0.29,10.4901,26.567,233.3456,0.114,0.398
2014-11-18T00:40:59.743Z,3.3765,23.4045,232.1691,0.1006,0.1447,-6.3665,23.4284,231.8733,0.1014,-0.2711,10.692,26.7836,233.7224,0.1145,0.4003
2014-11-18T00:41:59.909Z,3.3548,23.2537,231.6353,0.1,0.1443,-6.7535,23.2762,232.0949,0.1,-0.2906,10.3531,26.8803,233.9764,0.1149,0.3849
2014-11-18T00:42:59.146Z,2.8725,23.6041,232.0794,0.1013,0.1226,-6.5603,23.2209,232.6665,0.0999,-0.2831,10.3009,26.3523,233.7675,0.112,0.3912
2014-11-18T00:43:59.310Z,3.3088,23.358,231.8665,0.1011,0.1419,-7.1616,22.9987,233.0772,0.0987,-0.3106,10.6387,27.0594,234.4321,0.1155,0.3936
2014-11-18T00:44:59.667Z,3.7445,23.5278,232.9045,0.1014,0.1598,-6.3407,23.4078,232.972,0.1007,-0.2724,10.3823,26.859,234.4997,0.1145,0.3867
2014-11-18T00:45:59.008Z,3.8585,23.9373,233.2305,0.1024,0.1616,-6.7489,22.7471,231.9801,0.0982,-0.2955,10.4738,26.6317,234.6597,0.1137,0.3934
2014-11-18T00:46:59.287Z,3.5399,23.1496,232.5447,0.0993,0.1528,-6.9377,22.8666,232.2795,0.0991,-0.3033,10.3656,26.9771,233.8599,0.1149,0.3847
2014-11-18T00:47:59.617Z,3.6295,23.601,232.1824,0.1017,0.1534,-6.5074,23.0245,232.3618,0.099,-0.2837,10.306,26.4568,233.689,0.1131,0.3895
2014-11-18T00:48:59.903Z,3.5703,23.1266,231.7354,0.0996,0.1544,-6.7499,23.0145,232.2423,0.0989,-0.2937,10.6163,26.5252,234.1331,0.1136,0.4003
2014-11-18T00:49:59.148Z,3.6658,23.1583,231.5805,0.1002,0.1586,-6.5941,23.1159,232.3302,0.1,-0.286,10.3189,26.9001,234.1495,0.1146,0.3839
2014-11-18T00:50:59.527Z,3.5393,23.3518,231.934,0.1004,0.1523,-6.6206,22.9769,232.4029,0.0985,-0.2887,10.4362,26.7109,234.269,0.1147,0.3904
2014-11-18T00:51:59.820Z,3.7898,23.4966,232.2729,0.1019,0.1615,-6.7103,22.7299,232.2566,0.0975,-0.2948,10.7135,26.9007,234.1907,0.1148,0.3982
2014-11-18T00:52:59.122Z,3.7858,23.1563,232.4286,0.0992,0.1645,-6.8795,23.3763,233.1207,0.0999,-0.2953,10.5338,26.832,233.9837,0.1137,0.3932
2014-11-18T00:53:59.662Z,3.6005,23.1356,232.8964,0.0993,0.156,-6.6531,23.2633,233.0534,0.1002,-0.2861,10.6074,26.7007,234.1015,0.1139,0.3984
2014-11-18T00:54:59.005Z,3.4146,23.5212,233.2484,0.1011,0.1463,-6.4268,22.9628,233.2995,0.0986,-0.2783,10.3647,26.3734,233.8278,0.1128,0.3953
2014-11-18T00:55:59.435Z,3.7565,23.5012,233.1988,0.1007,0.1606,-6.8568,22.7719,233.1184,0.0982,-0.3003,10.4378,26.6915,234.3718,0.114,0.3915
2014-11-18T00:56:59.810Z,3.29,23.4288,233.274,0.1,0.1409,-6.7116,23.0761,233.3263,0.0988,-0.2911,10.5434,26.6775,234.2128,0.1139,0.3957
2014-11-18T00:57:59.106Z,3.0079,23.7402,234.1728,0.1014,0.1272,-6.6548,23.2327,233.2679,0.0999,-0.2859,10.495,26.5824,233.4818,0.1135,0.3947
2014-11-18T00:58:59.345Z,3.3264,23.374,234.2744,0.0998,0.1431,-6.7165,23.5988,233.3005,0.1009,-0.2848,10.5446,26.7041,233.2745,0.1141,0.3955
2014-11-18T00:59:59.670Z,3.3349,23.3762,233.6289,0.0996,0.1444,-6.7348,23.4608,233.0996,0.1008,-0.2886,10.5362,26.6481,233.5735,0.1138,0.3951
2014-11-18T01:00:59.947Z,3.3815,23.183,233.6138,0.0989,0.1469,-5.7538,21.8791,233.0123,0.0941,-0.261,10.7606,26.2587,234.0803,0.1123,0.4111
2014-11-18T01:01:59.179Z,3.766,22.9663,233.5407,0.0985,0.1639,-6.7712,22.1568,231.9686,0.0957,-0.3052,10.4413,26.2297,234.5068,0.1117,0.3993
2014-11-18T01:02:59.422Z,3.7891,23.0182,233.3113,0.0982,0.1654,-6.2693,22.8634,232.4329,0.0987,-0.2741,10.6966,26.3306,234.3915,0.112,0.4074
2014-11-18T01:03:59.646Z,3.7407,23.1961,233.2808,0.0998,0.1633,-6.4855,22.862,232.4331,0.0985,-0.2832,10.56,26.4823,234.3595,0.1132,0.3998
2014-11-18T01:04:59.850Z,4.0276,23.0827,233.0339,0.0996,0.1754,-6.4314,22.0231,232.3804,0.095,-0.2898,10.5797,26.4594,234.4316,0.1127,0.4007
2014-11-18T01:05:59.064Z,3.5824,23.4442,233.2251,0.1003,0.1537,-6.8904,23.1036,232.1666,0.1,-0.2986,10.5462,27.1199,234.3849,0.1153,0.3892
2014-11-18T01:06:59.332Z,3.2491,23.4448,233.4432,0.1,0.1399,-6.9395,23.329,232.9682,0.1005,-0.2985,10.7333,27.2621,234.7787,0.1157,0.3936
2014-11-18T01:07:59.485Z,2.985,23.4061,233.3113,0.1006,0.1286,-6.7128,23.3819,233.0333,0.0999,-0.2878,10.4232,26.6023,234.5095,0.114,0.3922
2014-11-18T01:08:59.711Z,3.0839,23.6335,233.2977,0.1012,0.131,-6.513,23.0722,233.1713,0.0994,-0.2832,10.5286,27.101,234.4673,0.1162,0.3898
2014-11-18T01:09:59.957Z,2.9155,23.0903,232.8584,0.0989,0.1271,-6.7328,23.072,232.5889,0.0995,-0.2917,10.5537,26.9554,234.3109,0.1147,0.3922
2014-11-18T01:10:59.150Z,3.5477,22.8168,232.3554,0.0976,0.1565,-6.5442,22.4016,231.9842,0.0962,-0.2915,10.6676,26.4153,234.4869,0.1125,0.4046
2014-11-18T01:11:59.720Z,3.5389,23.3534,232.4324,0.1006,0.1529,-6.2452,23.3669,232.2173,0.1004,-0.2689,10.758,27.5,234.7602,0.1171,0.3918
2014-11-18T01:12:59.073Z,3.7003,23.644,232.8474,0.1016,0.1572,-6.712,22.6703,231.9538,0.0986,-0.2947,10.5729,26.5692,234.7644,0.1129,0.3992
2014-11-18T01:13:59.413Z,2.8402,23.253,232.7905,0.1001,0.1228,-6.6215,23.0559,232.2764,0.0993,-0.2865,10.2591,26.7874,234.294,0.1145,0.3847
2014-11-18T01:14:59.656Z,2.8412,23.4614,233.354,0.1011,0.1214,-6.829,22.9091,232.406,0.0984,-0.2959,10.1861,26.8698,234.4897,0.1143,0.379
2014-11-18T01:15:59.076Z,3.0742,23.3422,233.4408,0.1,0.1335,-6.2251,23.2641,232.3932,0.1002,-0.269,10.771,26.8202,234.4187,0.1143,0.4025
2014-11-18T01:16:59.423Z,3.2554,23.2795,233.5053,0.0993,0.1404,-6.6139,22.8831,231.7532,0.0984,-0.2902,10.5078,27.0727,234.3533,0.1155,0.3877
2014-11-18T01:17:59.594Z,3.2989,23.3842,233.1274,0.1003,0.1416,-6.8237,22.9243,231.1303,0.0994,-0.2976,10.8108,27.0139,234.846,0.1152,0.4008
2014-11-18T01:18:59.807Z,3.4034,23.1951,233.0269,0.0998,0.1471,-6.5203,22.0363,229.7914,0.0959,-0.2955,10.788,26.4634,235.429,0.1121,0.4098
2014-11-18T01:19:59.037Z,3.0024,22.7357,232.6525,0.0973,0.1327,-6.222,22.2479,232.5746,0.0961,-0.2785,10.5348,26.6873,234.735,0.114,0.397
2014-11-18T01:20:59.127Z,3.093,23.2577,233.6729,0.1003,0.1356,-6.581,22.3406,232.159,0.0962,-0.2946,10.7302,26.4943,234.3941,0.1131,0.4054
2014-11-18T01:21:59.455Z,2.9624,23.1486,234.1456,0.0985,0.1314,-6.378,22.9948,233.2605,0.099,-0.2779,10.5996,26.6704,234.2824,0.1136,0.3974
2014-11-18T01:22:59.667Z,2.6174,23.1693,234.4497,0.0991,0.1138,-6.7233,22.3954,233.2512,0.0961,-0.2995,10.2767,26.3814,234.4011,0.1122,0.3897
2014-11-18T01:23:59.133Z,3.0555,23.7654,234.2151,0.1016,0.1292,-6.2984,23.3635,233.2923,0.1004,-0.2709,10.1099,26.5851,234.5932,0.1131,0.3802
2014-11-18T01:24:59.506Z,3.8451,23.5828,233.7087,0.1013,0.1647,-6.3042,22.8368,233.0127,0.0982,-0.2752,10.7872,26.7933,234.4349,0.1146,0.4046
2014-11-18T01:25:59.923Z,3.6023,23.4613,233.4038,0.1013,0.1541,-6.685,23.5034,232.933,0.101,-0.2855,10.4547,27.0443,233.9651,0.1155,0.3876
2014-11-18T01:26:59.082Z,3.7066,23.6983,233.2723,0.1016,0.1575,-7.1853,23.2359,233.644,0.0998,-0.3095,10.4968,26.6935,234.3061,0.1138,0.3937
2014-11-18T01:27:59.485Z,4.0304,23.8626,233.2584,0.1028,0.1712,-6.5804,23.1495,233.552,0.0989,-0.2849,10.6422,26.8947,234.394,0.114,0.3962
2014-11-18T01:28:59.717Z,3.3272,23.4749,233.5049,0.1005,0.1426,-6.9279,23.0635,233.8265,0.0993,-0.3001,10.6664,26.6035,234.4471,0.1133,0.4023
2014-11-18T01:29:59.863Z,2.9835,23.4349,234.1506,0.1,0.129,-6.2462,22.9333,234.0663,0.0978,-0.2724,10.7043,26.9167,234.5349,0.1148,0.3985
2014-11-18T01:30:59.112Z,2.96,23.7028,233.777,0.1017,0.1259,-6.5078,23.1474,233.7387,0.0995,-0.2805,10.1337,26.5581,234.5916,0.1129,0.3816
2014-11-18T01:31:59.215Z,2.8646,23.5429,233.8001,0.1004,0.1219,-6.8472,23.1626,234.0316,0.0992,-0.2951,10.3057,26.5103,234.5504,0.1131,0.3888
2014-11-18T01:32:59.323Z,3.0664,23.3354,234.1023,0.0995,0.1312,-6.8972,22.8237,233.2262,0.0981,-0.3011,10.6795,26.9112,235.0326,0.1146,0.396
2014-11-18T01:33:59.710Z,3.4048,23.3028,233.5282,0.0998,0.1474,-6.8125,23.4282,233.8781,0.1005,-0.2916,10.4841,26.6982,234.7876,0.1139,0.3931
2014-11-18T01:34:59.017Z,3.2766,23.4918,233.4114,0.0998,0.1415,-6.7193,23.3797,233.4971,0.1002,-0.2891,10.6663,26.911,234.7297,0.1147,0.3964
2014-11-18T01:35:59.323Z,3.8792,23.6986,233.574,0.102,0.1644,-6.1061,23.4696,233.4209,0.1008,-0.2617,10.5674,27.0007,235.1848,0.1144,0.3909
2014-11-18T01:36:59.656Z,3.8054,24.0902,233.7427,0.1038,0.1588,-6.6209,22.6499,232.9848,0.0967,-0.2912,10.2832,26.6415,235.0764,0.1137,0.386
2014-11-18T01:37:59.967Z,3.999,23.5076,234.2247,0.1001,0.1731,-6.5628,22.7321,232.9584,0.0984,-0.289,10.8015,27.0429,235.4185,0.1146,0.3995
2014-11-18T01:38:59.102Z,3.8872,23.5841,233.8558,0.1009,0.1646,-6.9224,22.7068,232.9214,0.0977,-0.3044,10.4937,26.9094,235.4784,0.1142,0.3904
2014-11-18T01:39:59.244Z,3.6406,23.2453,233.7219,0.0995,0.1572,-6.958,23.0348,232.7535,0.0996,-0.3031,10.9451,27.3332,235.2874,0.1166,0.4007
2014-11-18T01:40:59.588Z,3.6806,23.7982,233.2368,0.1026,0.156,-6.5123,23.2367,232.3338,0.1,-0.2804,10.8686,27.0573,235.0173,0.1146,0.4019
2014-11-18T01:41:59.928Z,3.3165,23.7201,233.5436,0.1023,0.1397,-6.6151,23.5611,232.6565,0.1015,-0.282,10.6131,26.6282,234.6752,0.1134,0.3984
2014-11-18T01:42:59.222Z,3.0283,23.1705,233.8686,0.099,0.1319,-6.388,23.0733,232.8987,0.0991,-0.2767,10.8209,27.2873,234.4818,0.1163,0.3962
2014-11-18T01:43:59.370Z,2.9566,23.127,233.7604,0.0991,0.128,-6.565,23.1917,233.2086,0.0995,-0.2838,10.6595,26.6914,234.6577,0.1145,0.4014
2014-11-18T01:44:59.805Z,2.8626,23.077,233.711,0.0988,0.1262,-6.1352,22.9756,233.1984,0.0991,-0.267,10.6241,26.3237,234.5314,0.1117,0.4062
2014-11-18T01:45:59.025Z,3.1522,23.2306,232.5174,0.0998,0.1357,-6.6502,23.5498,232.9905,0.1016,-0.2832,10.607,26.7848,234.6413,0.1141,0.396
2014-11-18T01:46:59.409Z,2.6798,23.1714,233.2411,0.0995,0.1156,-6.3135,23.5845,232.9318,0.1014,-0.2679,10.6271,26.8803,234.8176,0.115,0.3967
2014-11-18T01:47:59.637Z,3.0215,23.2367,233.3217,0.0997,0.1309,-6.1481,22.9127,232.4645,0.0987,-0.269,10.6643,26.7179,234.7482,0.1136,0.3993
2014-11-18T01:48:59.910Z,3.217,23.2694,233.2095,0.1,0.1401,-6.3604,22.7614,232.4316,0.0979,-0.2787,10.5628,26.4617,235.2833,0.1123,0.4004
2014-11-18T01:49:59.047Z,3.3495,23.1592,233.1998,0.0991,0.1445,-6.6281,22.6775,233.4013,0.0974,-0.2911,10.4108,26.9113,235.2675,0.1142,0.3881
2014-11-18T01:50:59.475Z,3.6734,23.3693,232.6991,0.1009,0.1577,-6.1926,23.3787,232.9676,0.1012,-0.2656,10.93,27.0368,234.7978,0.1157,0.404
2014-11-18T01:51:59.970Z,3.7908,23.7043,232.9714,0.1018,0.1613,-5.9432,23.2509,233.2129,0.1005,-0.2572,10.9951,27.2804,234.8983,0.1164,0.4033
2014-11-18T01:52:59.277Z,3.5065,23.2817,233.3758,0.0992,0.1514,-6.4159,23.4061,233.3835,0.1012,-0.2741,10.5306,26.8926,235.1648,0.1141,0.3913
2014-11-18T01:53:59.586Z,3.6441,23.5113,233.3057,0.1009,0.1546,-6.474,23.2877,233.6918,0.0988,-0.2772,10.6199,26.7898,235.312,0.1131,0.397
2014-11-18T01:54:59.845Z,3.5278,23.4089,233.6549,0.1003,0.1503,-6.5147,23.1936,233.8118,0.0991,-0.2803,10.613,26.7949,235.0095,0.1137,0.3967
2014-11-18T01:55:59.106Z,3.6318,23.6422,233.514,0.1017,0.1541,-6.3563,23.3373,233.8196,0.1002,-0.2733,10.6399,27.0837,235.0041,0.1154,0.3933
2014-11-18T01:56:59.546Z,3.6087,23.4952,232.7369,0.1013,0.1548,-6.34,23.3687,233.4399,0.1003,-0.2714,10.6214,26.869,235.0407,0.1143,0.3957
2014-11-18T01:57:59.906Z,3.6403,23.3361,232.6963,0.1005,0.1565,-6.5572,23.1134,233.8281,0.0993,-0.284,10.8083,27.3665,235.357,0.1163,0.3944
2014-11-18T01:58:59.101Z,3.5942,23.4634,232.667,0.1009,0.1531,-6.7035,23.1105,234.0638,0.0995,-0.2892,10.7108,26.7475,235.3962,0.1138,0.4006
2014-11-18T01:59:59.315Z,3.3932,23.1688,233.0429,0.0998,0.1454,-6.5559,23.1117,233.1938,0.0989,-0.2834,10.4522,26.7082,234.9806,0.1134,0.3916
