2014-11-11T00:00:59.201Z,3.6028,21.7294,231.8558,0.0937,0.166,-5.9312,22.0326,231.7491,0.0951,-0.2688,10.421,25.4984,233.3802,0.1086,0.4092
2014-11-11T00:01:59.794Z,3.6546,21.8795,232.6599,0.094,0.1681,-6.0992,21.798,232.2183,0.0942,-0.2795,10.6476,25.9964,233.9959,0.1113,0.4108
2014-11-11T00:02:59.238Z,3.6406,21.5319,232.7369,0.093,0.1692,-6.1567,21.7811,232.3667,0.0944,-0.2819,10.4922,25.8159,234.051,0.1101,0.4077
2014-11-11T00:03:59.166Z,3.7261,21.8316,232.6757,0.0937,0.1716,-6.3919,21.3895,232.189,0.0917,-0.2978,10.2758,25.2167,234.0156,0.1085,0.4076
2014-11-11T00:04:59.427Z,3.8547,22.2055,232.2682,0.0957,0.1733,-5.8594,21.3709,232.1453,0.092,-0.2739,10.1993,24.9814,233.8662,0.1067,0.4094
2014-11-11T00:05:59.838Z,3.8088,22.0222,231.8701,0.0951,0.1733,-6.4687,21.2989,232.0472,0.0916,-0.3021,10.1962,25.2126,233.4422,0.1083,0.4056
2014-11-11T00:06:59.030Z,3.5549,22.2674,231.9252,0.0957,0.1605,-6.4097,21.7254,232.0806,0.0935,-0.2946,10.3296,25.5151,233.4153,0.1096,0.4057
2014-11-11T00:07:59.337Z,3.4669,22.017,232.8376,0.0946,0.1581,-6.1259,21.9964,231.5835,0.095,-0.2778,10.3057,25.7374,233.4709,0.1105,0.4015
2014-11-11T00:08:59.894Z,3.4883,22.2436,233.1615,0.0951,0.1573,-6.2516,22.1394,231.3027,0.0958,-0.2831,10.4915,25.6809,233.4313,0.1098,0.4092
2014-11-11T00:09:59.378Z,3.8177,22.0962,232.7155,0.0959,0.1724,-6.5848,22.0103,231.1217,0.0947,-0.2998,10.4567,26.1167,233.525,0.1117,0.4009
2014-11-11T00:10:59.981Z,3.6841,22.5104,232.9533,0.0968,0.1644,-6.3461,21.8322,230.9161,0.0948,-0.2905,10.3929,25.6056,233.7594,0.1103,0.4068
2014-11-11T00:11:59.494Z,3.7497,22.0384,233.1833,0.0943,0.1712,-6.4284,21.7041,230.8301,0.0939,-0.2948,10.2367,25.6102,234.0162,0.109,0.4013
2014-11-11T00:12:59.937Z,3.8264,22.4479,232.642,0.0967,0.1704,-6.2954,22.1736,230.8383,0.096,-0.2835,10.4559,25.9068,233.9733,0.111,0.4044
2014-11-11T00:13:59.428Z,3.7178,22.5697,232.3048,0.0969,0.1653,-6.2756,21.8261,231.2848,0.0946,-0.2877,10.2599,25.6984,233.7748,0.1101,0.3992
2014-11-11T00:14:59.649Z,3.454,22.3628,232.233,0.096,0.1551,-6.2883,22.1493,231.3352,0.0954,-0.2847,10.3999,25.7902,233.7516,0.1099,0.4037
2014-11-11T00:15:59.491Z,3.896,22.8023,231.751,0.0983,0.1706,-6.078,22.3312,231.2854,0.0961,-0.2739,10.304,25.5465,233.7945,0.1095,0.4033
2014-11-11T00:16:59.594Z,3.5545,21.9894,231.0213,0.0952,0.1633,-6.196,20.8107,231.8571,0.0896,-0.2938,10.3122,24.8481,234.1453,0.106,0.4177
2014-11-11T00:17:59.797Z,3.7464,22.0934,231.8757,0.0948,0.1705,-6.2138,21.3802,231.8299,0.0923,-0.2884,10.1415,25.2245,234.3193,0.1081,0.4039
2014-11-11T00:18:59.519Z,3.5114,21.9182,232.1299,0.0943,0.1598,-6.093,22.166,231.679,0.0958,-0.2773,10.0439,24.9397,234.4022,0.1068,0.4051
2014-11-11T00:19:59.214Z,3.5305,22.0075,232.898,0.0949,0.1613,-6.2526,21.5451,231.2844,0.093,-0.2891,10.6873,25.9588,234.7013,0.1106,0.4132
2014-11-11T00:20:59.485Z,3.9498,22.3024,233.1461,0.0962,0.1786,-6.2189,21.7346,231.9061,0.0931,-0.2865,10.4221,25.8528,235.1835,0.1098,0.4037
2014-11-11T00:21:59.022Z,3.9334,22.3848,233.4668,0.0955,0.1753,-6.2708,21.6738,232.0559,0.0934,-0.2871,10.5122,25.7651,235.0226,0.1101,0.409
2014-11-11T00:22:59.341Z,3.6882,22.2846,232.9173,0.0959,0.1662,-6.1991,22.158,232.5968,0.0954,-0.28,10.482,26.216,234.9683,0.1117,0.4005
2014-11-11T00:23:59.987Z,3.5472,22.3317,232.6702,0.0957,0.1583,-6.4264,22.0514,232.9968,0.0939,-0.2917,10.2484,25.7252,235.0893,0.1093,0.3981
2014-11-11T00:24:59.038Z,3.766,22.3388,233.0642,0.0955,0.1687,-6.4832,21.8929,233.3778,0.0934,-0.2961,10.5299,25.9594,235.0127,0.1105,0.4057
2014-11-11T00:25:59.550Z,3.4835,22.3457,232.6661,0.0956,0.1559,-6.4905,22.272,233.1151,0.0955,-0.2917,10.3202,26.1691,234.6654,0.1112,0.3951
2014-11-11T00:26:59.890Z,3.4473,22.3665,233.4024,0.0954,0.1546,-6.3448,22.3263,232.5196,0.0961,-0.2824,10.4121,25.8732,234.4105,0.1108,0.4032
2014-11-11T00:27:59.212Z,3.6472,22.0223,233.0218,0.0943,0.167,-6.265,21.9046,232.4457,0.0941,-0.286,10.5398,26.4618,234.165,0.1132,0.3991
2014-11-11T00:28:59.228Z,3.6189,22.4415,232.7812,0.0963,0.1618,-6.4801,21.8154,231.6689,0.0939,-0.297,10.2668,25.401,233.6464,0.1086,0.4049
2014-11-11T00:29:59.463Z,3.4664,22.4337,233.0772,0.0963,0.1554,-6.4524,22.1717,231.5489,0.0959,-0.2918,10.3633,25.4564,233.8627,0.1093,0.4071
2014-11-11T00:30:59.812Z,3.7717,22.2173,233.0352,0.0954,0.1691,-6.5261,22.1998,232.0548,0.0955,-0.2929,10.42,25.7868,233.7894,0.1109,0.4041
2014-11-11T00:31:59.329Z,3.643,22.7118,233.3848,0.0977,0.161,-6.293,22.4026,232.3712,0.0962,-0.2813,10.1215,25.59,233.6084,0.1096,0.3955
2014-11-11T00:32:59.346Z,3.3934,21.9342,232.2854,0.0942,0.1563,-6.2829,22.1514,232.4126,0.0954,-0.2833,10.357,25.4465,233.1157,0.1095,0.4082
2014-11-11T00:33:59.785Z,3.5557,22.3251,232.8741,0.0963,0.1596,-6.2526,21.6773,232.1817,0.0932,-0.2876,10.2678,25.5905,233.2398,0.1099,0.4018
2014-11-11T00:34:59.481Z,3.5691,22.3035,232.8648,0.0957,0.1605,-6.498,22.0924,232.0152,0.0955,-0.2946,10.5138,26.3314,233.2471,0.1126,0.3999
2014-11-11T00:35:59.814Z,3.8724,22.3918,232.8966,0.0962,0.1745,-6.3847,21.8659,232.0627,0.0935,-0.2923,10.3301,25.746,233.075,0.1106,0.402
2014-11-11T00:36:59.999Z,3.7771,22.2393,233.3183,0.0955,0.1681,-6.7493,21.8844,231.9822,0.0948,-0.3069,10.072,25.2874,233.1476,0.1093,0.3997
2014-11-11T00:37:59.576Z,3.2292,22.4186,232.6408,0.0966,0.1452,-6.2761,22.3647,232.59,0.0966,-0.2814,10.2745,25.4684,233.0441,0.1097,0.4041
2014-11-11T00:38:59.566Z,3.4393,21.69,232.1727,0.093,0.1607,-6.0639,21.7278,232.4139,0.0927,-0.2793,10.5163,25.4249,232.8462,0.1093,0.4145
2014-11-11T00:39:59.326Z,3.5748,22.2127,232.1051,0.0957,0.1609,-6.5438,22.4841,232.4348,0.0966,-0.2926,10.4883,25.7692,233.377,0.1102,0.4081
2014-11-11T00:40:59.187Z,3.357,21.9779,231.6333,0.0954,0.1523,-6.3793,22.5056,231.894,0.098,-0.2839,10.3932,25.9993,233.9063,0.1119,0.3996
2014-11-11T00:41:59.589Z,3.4811,22.2727,231.7599,0.0955,0.1577,-6.1041,21.7774,231.9511,0.0938,-0.2813,10.2688,26.0385,234.1509,0.1113,0.3952
2014-11-11T00:42:59.331Z,3.7222,22.0941,232.4349,0.0956,0.1697,-6.3329,21.498,231.7843,0.0923,-0.2931,10.3923,25.9317,233.3994,0.111,0.4015
2014-11-11T00:43:59.386Z,4.2446,22.7265,232.8755,0.0971,0.1884,-6.1048,21.5554,231.8271,0.0924,-0.2831,10.4904,25.4018,233.4846,0.1096,0.413
2014-11-11T00:44:59.892Z,3.858,22.6412,232.9824,0.0972,0.1723,-6.0792,21.8448,231.5594,0.0944,-0.2768,10.5587,25.5339,233.5872,0.1088,0.4137
2014-11-11T00:45:59.625Z,3.4803,21.7488,232.9797,0.0938,0.1586,-6.4724,22.1951,231.5804,0.0961,-0.2932,10.2344,26.0353,233.4601,0.1117,0.3937
2014-11-11T00:46:59.956Z,3.3675,21.7365,232.8275,0.0937,0.1554,-6.4163,21.9673,231.7599,0.0951,-0.2915,10.7796,26.1187,233.6463,0.112,0.4143
2014-11-11T00:47:59.611Z,3.6595,22.3394,232.4378,0.0965,0.1634,-6.2794,21.8932,231.8476,0.094,-0.2876,10.2882,26.0875,233.736,0.112,0.3953
2014-11-11T00:48:59.371Z,3.3357,22.4324,232.6488,0.0962,0.1483,-6.4976,21.7925,231.7565,0.0941,-0.2972,9.9239,25.5051,234.0292,0.1094,0.3892
2014-11-11T00:49:59.471Z,3.5054,22.434,232.7621,0.0966,0.1566,-6.4491,21.7603,231.7989,0.0935,-0.2963,10.2848,25.5918,233.8995,0.109,0.4022
2014-11-11T00:50:59.329Z,3.6578,22.4068,232.9883,0.0963,0.1639,-6.5664,21.7238,231.9337,0.0936,-0.3015,10.3744,25.6661,234.0549,0.1102,0.4038
2014-11-11T00:51:59.075Z,3.7209,22.6901,233.0846,0.0972,0.1647,-6.2618,21.9978,231.9154,0.0948,-0.2846,10.3571,25.8167,234.2556,0.1103,0.4017
2014-11-11T00:52:59.277Z,3.6613,22.4993,232.6505,0.0968,0.1629,-6.4283,21.8117,231.6713,0.0931,-0.2941,10.361,25.4396,233.8302,0.1088,0.4064
2014-11-11T00:53:59.481Z,3.5657,22.3084,232.2654,0.0959,0.1602,-6.5544,21.8286,231.3793,0.0944,-0.3,10.2983,25.7385,233.8683,0.1099,0.4005
2014-11-11T00:54:59.576Z,3.437,22.1796,232.1543,0.0948,0.1574,-6.6011,21.8968,232.4198,0.0939,-0.3009,10.6307,25.8969,233.3251,0.1112,0.4105
2014-11-11T00:55:59.129Z,3.2538,22.5613,232.3209,0.0972,0.146,-6.2288,22.1142,232.4023,0.0957,-0.2816,10.043,25.4667,233.2709,0.1094,0.3944
2014-11-11T00:56:59.625Z,3.4946,22.0389,232.4756,0.0944,0.1595,-6.3247,21.9379,232.4559,0.0947,-0.2876,10.3166,26.1056,233.4718,0.112,0.3977
2014-11-11T00:57:59.533Z,3.4595,21.9972,233.328,0.0944,0.1577,-6.3962,21.9532,232.0683,0.0944,-0.2908,10.0245,25.5594,233.2676,0.1095,0.3927
2014-11-11T00:58:59.878Z,3.7027,21.9613,233.3409,0.0945,0.167,-6.5221,22.1939,231.9901,0.0953,-0.2949,10.4283,26.1838,233.5831,0.1121,0.3996
2014-11-11T00:59:59.764Z,3.5333,22.2223,233.0373,0.0952,0.161,-6.4151,21.769,231.944,0.0938,-0.2945,10.3154,25.8929,233.8929,0.1109,0.3989
