2014-12-09T00:01:59.031Z,4.9024,61.9265,228.5604,0.2707,0.0806,2.5513,54.2104,229.7013,0.236,0.0498,3.2947,55.7746,230.731,0.2422,0.0597
2014-12-09T00:02:59.028Z,5.3355,62.0008,228.853,0.2704,0.0875,2.3767,55.7156,231.4686,0.2405,0.0422,3.2212,58.2842,230.6699,0.2524,0.0551
2014-12-09T00:03:59.285Z,4.2678,62.6234,229.4398,0.2729,0.0702,2.0711,56.9764,231.9633,0.2458,0.036,3.1673,57.3712,230.9358,0.249,0.0555
2014-12-09T00:04:59.742Z,4.3217,63.5054,230.0493,0.2764,0.0685,2.8767,60.1666,232.2677,0.2589,0.0479,3.8502,61.911,230.8375,0.2683,0.0621
2014-12-09T00:05:59.188Z,5.3214,63.499,229.7344,0.2761,0.0857,2.8636,58.7324,232.5108,0.2526,0.0494,3.1457,58.3908,231.1118,0.2523,0.0564
2014-12-09T00:06:59.662Z,5.3947,64.6734,229.559,0.2815,0.0846,2.6192,57.2828,232.1458,0.2466,0.0461,3.5552,59.5461,230.8675,0.2576,0.0608
2014-12-09T00:07:59.068Z,4.7316,64.9205,229.8965,0.2824,0.0738,2.5066,58.5316,232.1732,0.2516,0.0423,2.9704,59.7618,230.9809,0.2585,0.0487
2014-12-09T00:08:59.454Z,5.3879,65.8209,229.7443,0.2862,0.0821,2.6752,59.224,232.3254,0.2553,0.0466,3.1997,59.6576,230.857,0.2581,0.0541
2014-12-09T00:09:59.236Z,5.4144,64.6021,229.9743,0.2817,0.0846,2.3328,57.3048,232.363,0.2466,0.0413,2.7768,60.2951,230.9506,0.2611,0.0482
2014-12-09T00:10:59.900Z,5.2675,66.8151,229.999,0.2905,0.0809,2.6689,58.6804,231.9545,0.2533,0.0447,3.1939,59.8236,231.0728,0.259,0.0555
2014-12-09T00:11:59.278Z,5.4367,64.6672,229.8227,0.2816,0.0851,2.5182,59.8913,232.1649,0.2579,0.0403,3.5321,60.3768,231.3737,0.2609,0.0593
2014-12-09T00:12:59.367Z,3.6023,64.6401,229.5245,0.281,0.0553,2.9069,61.4084,232.4341,0.2642,0.0464,3.2649,61.1952,231.4547,0.2643,0.0534
2014-12-09T00:13:59.683Z,5.0757,65.0665,229.2555,0.284,0.0783,2.6133,58.8784,230.7913,0.2548,0.0436,3.2791,60.3103,232.1608,0.2598,0.0552
2014-12-09T00:14:59.433Z,4.877,64.6918,229.0907,0.2826,0.0752,2.3162,57.1824,231.0297,0.2478,0.0408,3.4601,60.6632,232.8714,0.2608,0.0567
2014-12-09T00:15:59.362Z,4.773,62.1002,228.7705,0.2709,0.077,2.7165,57.4516,232.9109,0.2468,0.0452,3.6198,61.0283,231.9927,0.2632,0.0606
2014-12-09T00:17:59.968Z,4.6885,63.0869,229.8452,0.2742,0.0744,2.5122,58.1254,232.6231,0.25,0.0431,3.9067,59.3786,231.8822,0.2558,0.0661
2014-12-09T00:18:59.405Z,4.9658,62.3271,229.6576,0.2713,0.0803,2.8977,54.923,232.6964,0.2361,0.0536,3.7273,58.3623,231.8282,0.2518,0.0644
2014-12-09T00:19:59.536Z,5.3171,60.9742,229.8766,0.2651,0.0891,2.3924,53.1242,232.558,0.2286,0.0448,3.0597,55.6622,231.7268,0.24,0.0592
2014-12-09T00:20:59.090Z,5.0183,61.1298,229.9033,0.2653,0.0823,2.3139,55.3931,231.9791,0.2388,0.0417,3.1908,54.9219,231.461,0.2369,0.0582
2014-12-09T00:21:59.514Z,4.9343,60.9505,230.1653,0.2645,0.0846,2.6972,53.5702,231.7061,0.231,0.0498,2.5288,56.2309,231.9654,0.2423,0.0468
2014-12-09T00:22:59.140Z,5.18,62.37,230.0462,0.2718,0.0834,2.5746,54.9164,230.987,0.238,0.0492,3.5643,56.7137,231.028,0.245,0.0631
2014-12-09T00:23:59.104Z,5.1403,62.0974,228.9689,0.2711,0.0846,2.1827,54.7401,230.1091,0.2376,0.043,3.113,56.2103,229.9108,0.2446,0.0562
2014-12-09T00:24:59.037Z,4.9674,62.174,229.1331,0.2711,0.0808,2.7781,56.6204,230.0212,0.2467,0.0498,3.2857,56.6081,230.0143,0.2463,0.0607
2014-12-09T00:25:59.428Z,5.1925,62.0097,229.8647,0.2697,0.0833,2.0224,55.236,231.0662,0.2391,0.0367,3.2918,57.9477,231.061,0.2508,0.0578
2014-12-09T00:26:59.662Z,5.2492,63.1084,230.0181,0.2744,0.0842,2.3538,56.0189,231.0598,0.2425,0.0424,3.4427,58.3585,231.5163,0.2522,0.057
2014-12-09T00:27:59.112Z,5.1325,62.3604,230.1157,0.271,0.0841,2.6432,55.3315,230.9615,0.2393,0.0466,3.2748,58.9866,231.9129,0.2544,0.0549
2014-12-09T00:28:59.174Z,4.2926,61.1065,229.8048,0.2657,0.0719,2.1178,56.4458,230.879,0.2451,0.0371,4.0178,61.7253,231.7641,0.2664,0.0643
2014-12-09T00:29:59.322Z,5.398,62.0191,230.35,0.2695,0.0889,2.5332,57.9726,230.851,0.2512,0.0458,3.5515,59.2426,232.1024,0.2554,0.0602
2014-12-09T00:30:59.276Z,5.1375,64.0388,230.2384,0.2777,0.0812,2.7318,57.6558,230.7173,0.2496,0.046,3.0733,57.0388,232.0612,0.2455,0.0551
2014-12-09T00:31:59.293Z,4.5924,62.2608,230.3566,0.2701,0.0742,2.4542,55.3414,230.9177,0.2391,0.0449,3.056,58.8637,232.1048,0.2538,0.0504
2014-12-09T00:32:59.148Z,4.4709,62.5035,232.2229,0.2686,0.0737,3.1637,56.4976,230.7314,0.2447,0.0562,3.047,54.7641,232.5777,0.2362,0.0562
2014-12-09T00:33:59.631Z,5.6253,63.0045,232.0116,0.2715,0.0914,3.058,58.1615,231.2995,0.2515,0.0515,3.3401,61.403,232.7593,0.2635,0.0533
2014-12-09T00:34:59.234Z,5.2021,63.3114,232.3162,0.2717,0.0832,2.4162,54.048,229.2264,0.2359,0.0451,3.1206,56.2422,233.6603,0.2403,0.0573
2014-12-09T00:35:59.253Z,4.422,65.1034,232.4695,0.2801,0.0689,2.7579,58.1637,228.8421,0.2542,0.0449,3.4974,58.7802,233.9982,0.251,0.0593
2014-12-09T00:36:59.947Z,4.4666,63.2958,232.479,0.2727,0.0708,2.2465,55.4002,230.9355,0.2403,0.0407,3.4555,57.6187,233.7421,0.2467,0.0595
2014-12-09T00:37:59.750Z,4.9097,62.8273,232.4393,0.2698,0.0788,2.7688,56.0393,233.2124,0.2402,0.0505,3.0059,58.5954,232.8596,0.2513,0.0509
2014-12-09T00:38:59.339Z,5.0369,63.7844,232.3844,0.2742,0.0789,2.5598,54.7733,233.3378,0.2348,0.0472,3.6433,59.46,233.0983,0.2549,0.0602
2014-12-09T00:39:59.537Z,4.9607,63.2509,232.4695,0.2723,0.0784,2.1356,57.0332,233.1069,0.2446,0.0375,2.8422,58.3312,232.8742,0.2508,0.0502
2014-12-09T00:40:59.428Z,4.6937,63.394,232.5127,0.2726,0.0742,3.0051,60.0101,233.3092,0.2575,0.0485,3.3554,57.4195,233.0338,0.2464,0.0588
2014-12-09T00:41:59.739Z,4.5521,62.4859,232.3713,0.2688,0.0737,2.6216,56.9515,233.6643,0.2441,0.0463,3.2334,58.3933,233.3823,0.25,0.0567
2014-12-09T00:42:59.892Z,4.7429,63.2926,232.1324,0.2724,0.0755,2.1979,55.4508,233.3924,0.2376,0.0405,3.2238,59.1877,233.4613,0.2534,0.0558
2014-12-09T00:43:59.613Z,4.8482,64.0296,232.2137,0.2758,0.0764,2.4177,56.1931,230.748,0.2432,0.0431,3.5841,58.3526,234.0073,0.2493,0.0632
2014-12-09T00:44:59.341Z,4.9932,64.4652,232.3731,0.277,0.0774,2.4156,57.6539,231.6071,0.2483,0.0408,3.11,57.0641,233.8959,0.2441,0.055
2014-12-09T00:45:59.822Z,4.871,63.0961,232.1483,0.272,0.0797,2.7109,58.9186,233.7398,0.252,0.0466,3.0047,58.8704,233.1651,0.2526,0.0503
2014-12-09T00:46:59.756Z,5.2462,63.5242,230.9625,0.2745,0.0816,2.5679,58.6645,234.1566,0.2502,0.044,3.119,58.1884,233.1043,0.25,0.0541
2014-12-09T00:47:59.060Z,5.3023,63.1549,231.0529,0.2738,0.0855,2.754,57.2415,233.3326,0.2459,0.0482,3.7612,58.215,232.6145,0.2505,0.0644
2014-12-09T00:48:59.169Z,4.923,62.5554,231.2213,0.2706,0.0795,2.2157,55.3129,233.1623,0.2375,0.0409,3.4897,59.0537,232.3057,0.2545,0.0587
2014-12-09T00:49:59.442Z,5.028,63.871,231.9175,0.2748,0.0797,2.7904,55.5287,232.8979,0.2386,0.0496,2.9469,59.2185,232.1645,0.2546,0.0505
2014-12-09T00:50:59.227Z,4.6702,63.9464,231.7464,0.2754,0.0736,2.251,54.1121,232.6551,0.2328,0.042,3.3148,58.8047,232.0571,0.2533,0.055
2014-12-09T00:51:59.559Z,5.2549,63.1935,231.6545,0.2729,0.0842,2.5283,57.5485,232.5536,0.2476,0.0425,3.2968,59.0897,232.312,0.2548,0.057
2014-12-09T00:52:59.383Z,5.048,63.4116,231.6568,0.274,0.0792,2.854,57.182,232.4711,0.2458,0.05,3.348,58.5523,232.59,0.2519,0.0569
2014-12-09T00:53:59.270Z,5.2279,64.1376,231.7807,0.2763,0.0829,2.009,55.7924,232.7348,0.2396,0.0362,3.226,57.9562,232.6236,0.2497,0.0551
2014-12-09T00:54:59.457Z,5.2799,62.5423,230.7692,0.271,0.086,2.9288,56.6325,232.3101,0.244,0.0539,3.1014,59.8401,231.9443,0.2577,0.0532
2014-12-09T00:55:59.494Z,4.7938,62.7357,231.0771,0.2711,0.0777,2.4343,56.3093,229.7685,0.2455,0.0431,2.9899,58.8225,232.5052,0.2529,0.0511
2014-12-09T00:56:59.728Z,4.0453,63.6946,231.648,0.2754,0.0638,2.5221,59.4529,229.3595,0.2593,0.0418,3.6552,58.1187,233.0002,0.2493,0.0649
2014-12-09T00:57:59.838Z,3.6688,63.4098,230.9542,0.2744,0.0597,2.1425,58.0181,231.0254,0.2513,0.038,3.0307,57.16,232.3078,0.2456,0.0536
2014-12-09T00:58:59.963Z,4.4789,64.3765,230.5951,0.2792,0.0709,2.3615,56.8122,230.7155,0.2462,0.0414,3.7218,56.6963,231.781,0.2446,0.066
2014-12-09T00:59:59.135Z,5.0573,61.5703,230.6132,0.267,0.0826,2.3332,53.5843,231.7486,0.2307,0.0456,3.7266,58.0043,231.6768,0.2506,0.064
