2014-09-28T00:00:59.705Z,0.0233,0.04,0.5523,0.072,0.548,0.0197,0.0403,0.5923,0.0663,0.4427,0.0237,0.0437,0.5543,0.0767,0.55
2014-09-28T00:01:59.021Z,0.0291,0.0468,0.5859,0.0782,0.5985,0.0179,0.0394,0.6006,0.0665,0.4097,0.0226,0.0426,0.5541,0.0774,0.5279
2014-09-28T00:02:59.362Z,0.0245,0.0424,0.5628,0.0748,0.5693,0.0176,0.04,0.6166,0.0648,0.3741,0.0217,0.041,0.5383,0.0755,0.5203
2014-09-28T00:03:59.679Z,0.0249,0.0417,0.5637,0.0746,0.5663,0.0166,0.038,0.6011,0.062,0.406,0.0231,0.0437,0.5574,0.0754,0.5414
2014-09-28T00:04:59.956Z,0.0297,0.0453,0.5821,0.0776,0.5847,0.02,0.0418,0.6174,0.0679,0.4241,0.0218,0.0426,0.5476,0.0762,0.5247
2014-09-28T00:05:59.716Z,0.0251,0.0412,0.5563,0.0749,0.5576,0.0193,0.0415,0.6078,0.0673,0.428,0.0254,0.0446,0.5695,0.0783,0.5495
2014-09-28T00:06:59.188Z,0.0285,0.0433,0.5718,0.0759,0.6033,0.0215,0.0436,0.6141,0.0685,0.4505,0.0233,0.0428,0.5549,0.0772,0.5528
2014-09-28T00:07:59.438Z,0.0255,0.0429,0.5713,0.0745,0.5587,0.0181,0.0403,0.5942,0.0655,0.3997,0.0226,0.0423,0.5452,0.0765,0.5297
2014-09-28T00:08:59.929Z,0.0257,0.0431,0.5677,0.0749,0.5649,0.0186,0.0411,0.6063,0.0674,0.4006,0.0246,0.0437,0.5543,0.078,0.5389
2014-09-28T00:09:59.470Z,0.0296,0.0448,0.5746,0.0772,0.6096,0.02,0.0413,0.6057,0.0667,0.4446,0.025,0.0443,0.5735,0.0787,0.547
2014-09-28T00:10:59.791Z,0.0269,0.0438,0.571,0.0755,0.5907,0.0155,0.0379,0.5959,0.0638,0.3797,0.0241,0.0431,0.551,0.0783,0.5462
2014-09-28T00:11:59.249Z,0.0291,0.044,0.5677,0.0769,0.612,0.0197,0.0414,0.61,0.0666,0.4271,0.0243,0.0437,0.5531,0.0769,0.5483
2014-09-28T00:12:59.666Z,0.0326,0.047,0.5796,0.0806,0.643,0.0252,0.0465,0.6298,0.0719,0.51,0.0243,0.0448,0.5619,0.0787,0.5526
2014-09-28T00:13:59.927Z,0.031,0.0469,0.5783,0.0795,0.6362,0.0212,0.0424,0.6052,0.0686,0.4502,0.0229,0.0436,0.5569,0.0769,0.5105
2014-09-28T00:14:59.551Z,0.0267,0.0423,0.5703,0.074,0.569,0.017,0.0393,0.6043,0.063,0.4133,0.023,0.042,0.5347,0.0767,0.5343
2014-09-28T00:15:59.751Z,0.0275,0.045,0.5735,0.0775,0.5808,0.02,0.041,0.6013,0.0685,0.4245,0.0258,0.0453,0.5568,0.078,0.5722
2014-09-28T00:16:59.031Z,0.0267,0.0439,0.5711,0.0769,0.5942,0.0197,0.0425,0.6144,0.0686,0.4342,0.0228,0.0428,0.5458,0.0769,0.5247
2014-09-28T00:17:59.335Z,0.024,0.041,0.563,0.0723,0.5657,0.016,0.0387,0.601,0.0637,0.384,0.0247,0.0437,0.5607,0.0783,0.5523
2014-09-28T00:18:59.668Z,0.0219,0.0389,0.553,0.0696,0.5259,0.0148,0.0356,0.5881,0.0604,0.3626,0.0237,0.0426,0.5544,0.077,0.5496
2014-09-28T00:19:59.028Z,0.0273,0.044,0.5653,0.0767,0.589,0.0143,0.0373,0.6017,0.0627,0.3523,0.0223,0.0413,0.5443,0.077,0.5193
2014-09-28T00:20:59.481Z,0.0271,0.0438,0.5774,0.0759,0.5862,0.0226,0.0447,0.6244,0.0694,0.4553,0.0241,0.0441,0.5676,0.0765,0.5447
2014-09-28T00:21:59.832Z,0.0274,0.0449,0.5726,0.0774,0.5883,0.0191,0.042,0.6109,0.0686,0.428,0.0234,0.0431,0.562,0.0771,0.5406
2014-09-28T00:22:59.197Z,0.0239,0.04,0.5624,0.0718,0.5458,0.0167,0.0406,0.6012,0.0655,0.3697,0.0218,0.0433,0.5524,0.077,0.4964
2014-09-28T00:23:59.544Z,0.0258,0.0434,0.5745,0.0753,0.5558,0.0195,0.0421,0.6266,0.0668,0.4255,0.0226,0.0424,0.5487,0.0758,0.5363
2014-09-28T00:24:59.760Z,0.0246,0.0425,0.57,0.0739,0.5457,0.0129,0.0364,0.6018,0.0593,0.3193,0.0243,0.0436,0.5486,0.0768,0.5632
2014-09-28T00:25:59.037Z,0.0231,0.0403,0.5594,0.0722,0.5409,0.015,0.0369,0.5969,0.0622,0.3606,0.0216,0.0416,0.5378,0.0756,0.5219
2014-09-28T00:26:59.364Z,0.0274,0.0432,0.5685,0.0753,0.5965,0.0176,0.0415,0.6071,0.0668,0.3865,0.0262,0.0453,0.5818,0.0782,0.5606
2014-09-28T00:27:59.605Z,0.0283,0.0436,0.5769,0.0767,0.6022,0.0231,0.0458,0.6317,0.0708,0.4436,0.0247,0.0453,0.565,0.0786,0.5531
2014-09-28T00:28:59.091Z,0.0248,0.0417,0.5666,0.0745,0.5652,0.0128,0.0362,0.5886,0.0621,0.3179,0.0234,0.0445,0.5593,0.0769,0.541
2014-09-28T00:29:59.426Z,0.028,0.0451,0.5757,0.0763,0.5886,0.018,0.04,0.6006,0.0657,0.4369,0.0229,0.0437,0.562,0.0771,0.518
2014-09-28T00:30:59.932Z,0.0259,0.0429,0.5691,0.0747,0.5694,0.0162,0.0379,0.5935,0.0635,0.3888,0.0224,0.0432,0.5556,0.0768,0.5238
2014-09-28T00:31:59.251Z,0.0271,0.0439,0.575,0.0755,0.595,0.0166,0.0376,0.5866,0.0639,0.3863,0.025,0.0442,0.5658,0.0774,0.5655
2014-09-28T00:32:59.554Z,0.0277,0.0442,0.5716,0.0765,0.5839,0.0145,0.0365,0.5916,0.0616,0.3668,0.0235,0.0429,0.5577,0.0768,0.539
2014-09-28T00:33:59.905Z,0.0239,0.0406,0.5576,0.0727,0.55,0.0161,0.0376,0.5927,0.0624,0.37,0.0227,0.0418,0.5491,0.077,0.5376
2014-09-28T00:34:59.222Z,0.0274,0.0449,0.5674,0.0774,0.5967,0.0237,0.0444,0.6177,0.0707,0.4821,0.0242,0.0433,0.5612,0.076,0.5474
2014-09-28T00:35:59.480Z,0.0287,0.0454,0.5785,0.0779,0.5931,0.0154,0.0369,0.5887,0.0631,0.3772,0.0236,0.0426,0.5503,0.0764,0.5523
2014-09-28T00:36:59.753Z,0.0281,0.0442,0.5769,0.0758,0.5786,0.015,0.0392,0.6,0.0661,0.3653,0.0231,0.0433,0.5558,0.0767,0.5464
2014-09-28T00:37:59.019Z,0.0273,0.0445,0.5703,0.0775,0.6033,0.0168,0.0383,0.595,0.0648,0.3953,0.026,0.0463,0.566,0.0795,0.55
2014-09-28T00:38:59.406Z,0.0253,0.0413,0.5559,0.0744,0.5684,0.0169,0.0391,0.6059,0.0634,0.3784,0.0228,0.0428,0.5534,0.0766,0.5303
2014-09-28T00:39:59.737Z,0.0262,0.0426,0.5618,0.075,0.5874,0.0203,0.0424,0.6124,0.0694,0.4282,0.0238,0.0432,0.5568,0.0765,0.53
2014-09-28T00:40:59.198Z,0.0259,0.043,0.5592,0.0762,0.5786,0.0205,0.0435,0.6157,0.0684,0.4508,0.0254,0.0462,0.5686,0.0805,0.5422
2014-09-28T00:41:59.577Z,0.0261,0.0429,0.5637,0.0758,0.5692,0.0184,0.0411,0.6184,0.0676,0.3853,0.0229,0.0424,0.5468,0.0763,0.5237
2014-09-28T00:42:59.971Z,0.0308,0.0477,0.5833,0.0805,0.5987,0.0187,0.0387,0.5969,0.0656,0.4267,0.0244,0.0431,0.5487,0.0785,0.5369
2014-09-28T00:43:59.248Z,0.0246,0.0409,0.5631,0.0726,0.5489,0.0163,0.0369,0.5886,0.062,0.3723,0.0231,0.0426,0.5423,0.0774,0.536
2014-09-28T00:44:59.492Z,0.0249,0.0426,0.564,0.074,0.5674,0.018,0.0386,0.6023,0.0646,0.3917,0.0229,0.0426,0.5451,0.0766,0.5337
2014-09-28T00:45:59.783Z,0.0209,0.04,0.5509,0.0721,0.5288,0.0174,0.0376,0.6059,0.0609,0.3638,0.0218,0.0426,0.5474,0.0776,0.5226
2014-09-28T00:46:59.091Z,0.0245,0.0421,0.5645,0.0752,0.5567,0.0161,0.0397,0.5927,0.0652,0.3621,0.0218,0.0421,0.5476,0.0758,0.5139
2014-09-28T00:47:59.312Z,0.027,0.0438,0.5662,0.0765,0.5814,0.0208,0.0419,0.6046,0.0695,0.4443,0.0227,0.043,0.5522,0.0784,0.5368
2014-09-28T00:48:59.577Z,0.0279,0.0439,0.5647,0.0779,0.5845,0.0245,0.0468,0.6324,0.0729,0.4713,0.0242,0.0432,0.5503,0.0789,0.5624
2014-09-28T00:49:59.693Z,0.0236,0.0418,0.5579,0.0736,0.5468,0.0179,0.0404,0.6039,0.065,0.3929,0.0214,0.0414,0.5414,0.0775,0.5232
2014-09-28T00:50:59.029Z,0.02,0.0388,0.5472,0.0716,0.5097,0.0181,0.0397,0.6066,0.065,0.4113,0.0228,0.0422,0.5506,0.075,0.5331
2014-09-28T00:51:59.732Z,0.03,0.0447,0.5691,0.0788,0.6003,0.0181,0.0388,0.5925,0.0641,0.4047,0.0219,0.0419,0.5406,0.0753,0.5406
2014-09-28T00:52:59.542Z,0.0228,0.0407,0.559,0.0724,0.5217,0.0179,0.0397,0.5979,0.0645,0.4045,0.0217,0.041,0.5503,0.0745,0.5372
2014-09-28T00:53:59.884Z,0.0246,0.0415,0.5579,0.0749,0.5569,0.0164,0.0374,0.6003,0.0621,0.3654,0.0228,0.0433,0.5492,0.0759,0.5426
2014-09-28T00:54:59.187Z,0.0244,0.0403,0.5541,0.0732,0.5688,0.0179,0.04,0.6032,0.0656,0.4141,0.0253,0.0435,0.5632,0.0782,0.5547
2014-09-28T00:55:59.467Z,0.0214,0.039,0.5548,0.0703,0.5193,0.0183,0.039,0.6014,0.0641,0.3903,0.021,0.0414,0.54,0.0766,0.5059
2014-09-28T00:56:59.662Z,0.0226,0.0417,0.5617,0.0734,0.5334,0.0174,0.0394,0.6009,0.0637,0.356,0.0234,0.0429,0.5491,0.076,0.5174
2014-09-28T00:57:59.908Z,0.0242,0.0415,0.5648,0.0724,0.5464,0.0164,0.0364,0.5891,0.0618,0.3724,0.0276,0.0464,0.5748,0.0797,0.5612
2014-09-28T00:58:59.272Z,0.0283,0.0448,0.5733,0.0771,0.5881,0.0202,0.0426,0.6079,0.0695,0.4393,0.0283,0.0476,0.5783,0.0802,0.5712
2014-09-28T00:59:59.558Z,0.0236,0.0413,0.5559,0.0736,0.5436,0.02,0.0418,0.6118,0.0667,0.4033,0.0256,0.0451,0.5687,0.0787,0.5436
