2014-12-24T00:00:59.453Z,4.8122,44.8219,232.4262,0.1922,0.106,2.4012,32.9825,232.3154,0.1414,0.0789,81.9882,88.733,231.6225,0.383,0.9247
2014-12-24T00:01:59.705Z,5.2678,46.4137,232.5363,0.2,0.1151,2.8199,31.8713,232.5269,0.137,0.0871,81.4985,87.4755,231.6411,0.3777,0.9322
2014-12-24T00:02:59.417Z,5.2901,45.5806,232.0404,0.1966,0.1146,2.6422,32.4721,232.1709,0.1392,0.0776,81.8597,88.5262,231.3382,0.3828,0.926
2014-12-24T00:03:59.475Z,4.2122,45.0741,232.2413,0.1943,0.0917,2.4635,30.5625,231.1773,0.1326,0.0815,81.8932,88.3392,231.3392,0.3822,0.9282
2014-12-24T00:04:59.718Z,5.0368,46.3396,231.7376,0.1997,0.1081,2.4392,33.0292,231.1837,0.142,0.0799,81.9957,88.2496,231.3466,0.3811,0.9307
2014-12-24T00:05:59.947Z,4.6244,44.9592,231.0103,0.1946,0.1021,2.1942,29.5062,231.693,0.1276,0.077,81.5558,88.5227,230.4073,0.3844,0.923
2014-12-24T00:06:59.882Z,4.4178,46.3373,231.9789,0.1999,0.0934,2.2309,33.3296,232.2215,0.1436,0.071,82.0392,88.1215,231.4956,0.381,0.9316
2014-12-24T00:07:59.243Z,4.3953,45.3844,232.3596,0.1951,0.098,2.145,29.5463,232.439,0.1272,0.0729,82.144,88.7311,232.0274,0.3822,0.9267
2014-12-24T00:08:59.055Z,4.7646,46.2525,232.5885,0.1985,0.1041,2.5845,31.037,232.0004,0.1337,0.0857,82.1266,88.5065,231.7347,0.3818,0.9287
2014-12-24T00:09:59.415Z,5.3607,46.7893,232.6511,0.201,0.1134,2.8226,33.7038,231.7913,0.1455,0.0826,82.0458,88.4293,231.6229,0.3819,0.9293
2014-12-24T00:10:59.847Z,4.1472,45.4866,231.8422,0.1962,0.0913,2.4064,31.0286,231.9961,0.1334,0.0793,82.1536,89.1412,231.7461,0.3851,0.9226
2014-12-24T00:11:59.164Z,5.1673,45.8336,231.7257,0.1978,0.1116,2.2813,31.9658,231.8633,0.1374,0.0728,82.5693,89.5361,231.8897,0.3861,0.9231
2014-12-24T00:12:59.434Z,4.7305,45.7164,231.5519,0.1975,0.1025,2.0559,31.7644,231.6881,0.1373,0.0718,82.3224,89.5037,231.7712,0.3864,0.9211
2014-12-24T00:13:59.684Z,4.4912,45.5234,232.3685,0.1947,0.0989,2.9354,33.3247,230.5301,0.1442,0.0853,82.2754,89.221,231.6385,0.3851,0.9234
2014-12-24T00:14:59.174Z,4.5254,45.6419,231.9131,0.1967,0.0982,2.6726,33.2136,229.5532,0.1443,0.0833,81.8819,88.3083,231.8469,0.3812,0.9277
2014-12-24T00:15:59.547Z,4.8697,46.1693,231.4749,0.1992,0.1066,2.4455,33.5574,229.328,0.1464,0.0716,82.4267,89.481,231.8611,0.3854,0.9228
2014-12-24T00:16:59.835Z,5.1081,45.5316,232.1008,0.196,0.1116,2.3205,31.9451,230.0779,0.1392,0.0776,82.0918,89.0066,232.1238,0.3837,0.9244
2014-12-24T00:17:59.791Z,4.7869,46.6981,232.5821,0.2004,0.1019,2.4658,31.9598,231.7568,0.1377,0.0801,82.1544,88.9405,232.1233,0.3831,0.9248
2014-12-24T00:18:59.066Z,3.9132,45.5398,232.8644,0.1953,0.0849,2.9828,31.3756,231.8433,0.1352,0.0907,82.3683,89.4392,232.13,0.3853,0.922
2014-12-24T00:19:59.324Z,4.3121,45.3126,232.4143,0.1946,0.0938,2.2576,31.8327,231.4624,0.1371,0.0708,82.2809,88.7468,231.9316,0.3821,0.9276
2014-12-24T00:21:59.489Z,4.9349,46.3973,232.9015,0.1992,0.1071,2.4445,33.0596,231.6162,0.1431,0.0742,82.6035,89.4686,232.1288,0.3854,0.9247
2014-12-24T00:22:59.220Z,3.8997,45.6057,232.7962,0.1955,0.0856,2.7659,33.2789,232.2071,0.1429,0.079,82.4108,88.8522,231.8534,0.3829,0.9288
2014-12-24T00:23:59.797Z,3.8626,46.2351,233.1541,0.1984,0.0843,2.8145,32.9116,231.693,0.1422,0.0873,81.7217,88.0258,231.4353,0.3799,0.9291
2014-12-24T00:24:59.571Z,4.5766,45.955,232.6884,0.1969,0.0996,2.4023,30.9311,230.7631,0.1339,0.08,82.2624,88.9592,231.8512,0.3836,0.9257
2014-12-24T00:25:59.228Z,4.5107,45.6716,232.4341,0.1966,0.098,2.6116,31.7998,230.44,0.1377,0.0827,82.1088,89.3142,231.9206,0.3851,0.9211
2014-12-24T00:26:59.653Z,4.3649,47.2191,233.1605,0.2027,0.0911,2.4988,34.5598,231.3411,0.1493,0.0749,82.6704,88.6691,232.0212,0.3823,0.9329
2014-12-24T00:27:59.990Z,4.935,46.1459,233.7162,0.1973,0.1054,2.354,31.4792,231.6458,0.1354,0.0778,82.2693,89.0632,232.0628,0.3841,0.9247
2014-12-24T00:28:59.628Z,5.0066,46.9839,234.1143,0.2007,0.1064,2.1017,31.7053,231.1336,0.137,0.0713,82.3814,88.5734,232.2047,0.3809,0.9311
2014-12-24T00:29:59.901Z,4.6939,46.2098,233.1729,0.1984,0.103,2.6348,34.5247,232.2625,0.1484,0.0757,81.771,87.9353,231.7607,0.379,0.93
2014-12-24T00:30:59.320Z,4.9293,46.2028,233.0628,0.1988,0.1072,2.9744,32.2509,232.5857,0.1383,0.0949,82.2627,89.0881,231.8122,0.3847,0.9249
2014-12-24T00:31:59.668Z,4.883,47.0577,233.202,0.2018,0.1035,2.3976,32.4952,232.4718,0.14,0.0755,82.4227,89.0418,231.9982,0.3836,0.9271
2014-12-24T00:32:59.343Z,4.9033,46.2265,234.6125,0.1969,0.1068,2.2199,32.4273,232.2399,0.1395,0.0727,82.4254,89.3205,231.8053,0.3851,0.9242
2014-12-24T00:33:59.711Z,4.3314,45.7343,233.8998,0.1954,0.0945,2.322,33.3589,231.2379,0.1444,0.072,82.2889,88.7551,231.5133,0.3831,0.9286
2014-12-24T00:34:59.159Z,4.6818,45.6413,233.7708,0.1953,0.1016,2.0801,32.1231,230.1754,0.14,0.0713,81.4329,88.8016,230.6018,0.3852,0.9174
2014-12-24T00:35:59.050Z,4.9968,45.9732,234.1176,0.1956,0.1071,2.4425,33.0205,229.6867,0.1435,0.076,81.5063,87.8869,230.6981,0.3805,0.9282
2014-12-24T00:36:59.408Z,4.8234,46.5188,233.5937,0.1989,0.1029,2.3779,33.8523,230.8236,0.1468,0.0742,82.1369,88.8464,231.7444,0.3835,0.9256
2014-12-24T00:37:59.791Z,4.777,45.8784,232.8331,0.1976,0.1046,2.4173,34.5718,231.9045,0.1493,0.0704,83.4426,90.0104,233.0069,0.3867,0.9284
2014-12-24T00:38:59.385Z,3.9538,45.3748,233.3851,0.1944,0.0844,2.4227,33.7046,231.5523,0.1457,0.0708,83.286,89.9059,233.1654,0.3854,0.9275
2014-12-24T00:39:59.480Z,4.9514,45.95,233.2592,0.1969,0.1069,2.5395,31.5222,231.1043,0.1364,0.0842,83.6626,90.5678,233.2623,0.3882,0.9243
2014-12-24T00:40:59.215Z,4.5068,46.7354,233.6793,0.1999,0.0981,2.4382,32.0282,231.3449,0.1385,0.0779,83.1454,89.1485,233.331,0.3822,0.9337
2014-12-24T00:41:59.691Z,4.3321,46.1711,233.5624,0.1974,0.0943,2.5193,32.8464,231.7422,0.1413,0.0813,83.1013,88.8221,232.8176,0.381,0.9361
2014-12-24T00:42:59.127Z,3.9841,45.2592,233.8362,0.1939,0.0879,2.8774,32.5514,231.4584,0.1407,0.0866,82.8022,89.7707,232.8684,0.3856,0.9228
2014-12-24T00:43:59.136Z,4.464,46.1333,233.4821,0.1978,0.0949,2.4236,32.0237,230.6537,0.1388,0.0803,82.524,88.7519,232.1008,0.3829,0.9307
2014-12-24T00:44:59.726Z,4.4941,45.7565,233.5262,0.1959,0.0965,2.2725,32.3705,230.9238,0.1402,0.074,82.0216,88.8664,231.5401,0.3836,0.9244
2014-12-24T00:45:59.692Z,4.5978,46.6745,234.0089,0.199,0.0966,2.5829,31.7596,230.3453,0.1379,0.0848,81.67,88.3841,230.7275,0.3832,0.9247
2014-12-24T00:46:59.708Z,4.2753,45.7538,233.8876,0.1957,0.0926,2.7204,32.5324,231.8997,0.1405,0.0868,81.7858,87.9353,231.2989,0.3804,0.9303
2014-12-24T00:47:59.031Z,4.9054,46.4396,234.7057,0.1984,0.1052,2.4163,32.1332,233.3356,0.138,0.0746,80.8709,87.1989,229.1834,0.3808,0.9288
2014-12-24T00:48:59.359Z,4.9178,46.482,233.5532,0.1988,0.1049,2.638,32.7829,233.2295,0.1408,0.083,82.5312,89.741,232.1241,0.3868,0.9213
2014-12-24T00:49:59.332Z,3.7927,46.1468,233.9449,0.1976,0.0827,2.3545,34.2657,233.0743,0.1469,0.0685,82.3758,88.6849,231.4071,0.3835,0.9298
2014-12-24T00:50:59.870Z,4.3829,45.238,233.7914,0.1932,0.0966,2.3478,33.1324,232.6099,0.1424,0.0779,81.9286,88.7546,231.7337,0.3835,0.9246
2014-12-24T00:51:59.548Z,4.6283,45.3771,233.2934,0.1944,0.1013,2.5666,31.186,232.5377,0.1341,0.084,82.3493,89.6414,232.1364,0.3863,0.9197
2014-12-24T00:52:59.811Z,4.7722,46.3336,233.6184,0.1982,0.1031,3.2508,33.749,232.8535,0.1447,0.0921,82.3735,88.9278,232.1515,0.3829,0.9276
2014-12-24T00:53:59.602Z,4.2802,46.1947,233.6129,0.1974,0.0915,2.2511,33.4545,232.3137,0.1445,0.0688,82.4597,88.4937,231.7093,0.382,0.933
2014-12-24T00:55:59.884Z,4.8318,46.2712,232.0902,0.1997,0.1048,2.3718,32.1546,232.6882,0.1381,0.0776,81.6585,88.5264,230.9892,0.3836,0.9237
2014-12-24T00:56:59.390Z,4.7175,45.6331,232.0045,0.1962,0.1018,2.8425,34.6036,233.2868,0.1482,0.0856,82.0266,88.2205,231.1465,0.3816,0.9308
2014-12-24T00:57:59.908Z,4.5475,46.474,233.8004,0.1987,0.0984,2.5368,31.5929,232.8603,0.1363,0.0803,83.086,89.9758,232.3266,0.3875,0.9248
2014-12-24T00:58:59.197Z,4.1387,45.5478,234.0103,0.1947,0.0886,3.0432,32.572,233.6173,0.1394,0.0917,82.8602,90.1038,232.6718,0.3872,0.9206
2014-12-24T00:59:59.453Z,208.04,346.3442,234.016,1.4846,0.2298,230.5297,411.4202,233.2727,1.7718,0.2181,493.2062,654.4144,231.9519,2.8354,0.8689
2014-12-24T01:00:59.737Z,949.6984,1396.185,232.6633,6.0012,0.6799,984.3984,1503.7654,232.0797,6.4793,0.6543,1425.1464,2001.6532,229.9297,8.7059,0.7113
2014-12-24T01:01:59.910Z,952.1473,1406.9879,232.7253,6.0456,0.6768,988.6511,1497.4124,231.4689,6.4694,0.6603,1448.4832,2020.1096,230.2848,8.7719,0.7169
2014-12-24T01:02:59.082Z,1034.745,1469.7669,232.8483,6.3118,0.7042,1070.6765,1567.1369,230.9143,6.7862,0.6831,1516.1153,2071.7698,230.1201,9.0026,0.7309
2014-12-24T01:03:59.485Z,1034.7089,1468.733,232.5491,6.3161,0.7041,1068.6904,1556.1714,230.2816,6.758,0.687,1520.7743,2065.308,229.8407,8.986,0.7359
2014-12-24T01:04:59.030Z,1047.4103,1475.1518,232.8215,6.3362,0.7103,1075.2064,1571.9649,230.6029,6.8164,0.684,1513.8051,2053.7767,229.2873,8.9571,0.7376
2014-12-24T01:05:59.723Z,1068.0201,1470.5986,231.8632,6.3424,0.7263,1085.3025,1578.1949,230.2389,6.8547,0.6881,1502.6408,2024.2002,227.8043,8.8854,0.7422
2014-12-24T01:06:59.010Z,1069.7407,1469.4316,232.052,6.3323,0.7281,1097.2791,1599.6731,230.9193,6.9272,0.6856,1496.0811,2027.9686,228.0063,8.8949,0.7374
2014-12-24T01:07:59.224Z,1075.8719,1484.8069,233.3028,6.364,0.7242,1101.5088,1616.9729,231.5017,6.9848,0.6816,1497.0431,2038.0494,228.6434,8.914,0.7339
2014-12-24T01:08:59.557Z,1066.659,1479.7138,232.8483,6.3552,0.7211,1104.3219,1610.8702,231.7102,6.9519,0.6854,1505.047,2048.8793,228.9218,8.9503,0.7343
2014-12-24T01:09:59.927Z,1061.7926,1481.9616,232.8942,6.3633,0.7166,1101.0522,1608.289,231.7,6.9411,0.6849,1507.5303,2056.1186,229.5727,8.957,0.7317
2014-12-24T01:10:59.543Z,1057.5742,1477.9873,232.5579,6.3556,0.7157,1093.4987,1599.9633,231.746,6.9044,0.6834,1502.1088,2047.4653,229.5276,8.9203,0.7327
2014-12-24T01:11:59.420Z,998.3222,1434.8983,232.6822,6.1671,0.696,1018.8131,1537.3041,231.3338,6.645,0.6629,1445.8521,1991.255,229.5624,8.674,0.7257
2014-12-24T01:12:59.749Z,998.7143,1440.0962,232.7329,6.1878,0.6936,1020.4464,1530.3479,231.1354,6.6207,0.667,1460.0492,1999.6568,229.7281,8.7041,0.729
2014-12-24T01:13:59.637Z,1005.0067,1444.7113,232.5675,6.2122,0.6951,1016.2526,1516.3137,230.5871,6.5757,0.6708,1470.9083,1995.2139,229.238,8.7037,0.7378
2014-12-24T01:14:59.028Z,1025.7601,1459.2325,232.3273,6.2807,0.7031,1023.6546,1518.7427,230.2022,6.5976,0.6742,1483.2606,1992.7804,228.6437,8.7154,0.7429
2014-12-24T01:15:59.348Z,1024.0914,1459.6151,230.9353,6.3203,0.7012,1028.1601,1499.9553,229.5622,6.5337,0.6857,1508.349,2011.0881,229.1843,8.7744,0.7501
2014-12-24T01:16:59.524Z,1018.6346,1463.4089,231.486,6.3219,0.6957,1032.6407,1511.9399,230.315,6.5642,0.6831,1509.7924,2027.2124,229.9449,8.8158,0.7458
2014-12-24T01:17:59.344Z,1033.6808,1467.0476,232.6301,6.3069,0.7047,1062.3415,1563.5147,231.7881,6.7456,0.6799,1495.6272,2031.5936,229.9102,8.8366,0.7367
2014-12-24T01:18:59.837Z,1040.2383,1473.9908,232.9779,6.3266,0.705,1055.687,1562.8091,231.6593,6.7462,0.6753,1491.2852,2021.0892,229.7972,8.7946,0.7386
2014-12-24T01:19:59.250Z,1060.1849,1502.5897,233.0855,6.4462,0.7061,1060.4033,1560.2278,231.2451,6.7474,0.6796,1521.5717,2039.6499,229.918,8.8712,0.7464
2014-12-24T01:21:59.761Z,1050.5052,1487.5627,233.093,6.3819,0.7063,1056.8104,1557.8347,231.2299,6.7373,0.6783,1506.7198,2025.7854,229.7474,8.8175,0.7431
2014-12-24T01:22:59.401Z,1054.9701,1486.5913,233.4483,6.3675,0.7096,1068.1258,1573.6642,231.6127,6.794,0.6789,1503.2196,2025.4484,229.4215,8.8283,0.7415
2014-12-24T01:23:59.192Z,1062.5162,1485.4117,233.1585,6.3707,0.7157,1069.929,1566.769,230.7858,6.7888,0.6829,1506.3188,2015.5421,228.7213,8.812,0.7478
2014-12-24T01:24:59.542Z,1057.9896,1478.4678,232.7562,6.3521,0.7154,1071.0729,1560.0283,230.4957,6.7686,0.687,1507.5281,2013.3098,228.4447,8.8128,0.7496
2014-12-24T01:25:59.177Z,1048.808,1474.7271,231.59,6.3676,0.711,1081.5384,1538.6721,229.7696,6.6966,0.7027,1544.9621,2048.709,228.9242,8.9491,0.7537
2014-12-24T01:26:59.568Z,1037.4602,1465.6884,232.0758,6.3152,0.7079,1070.5804,1538.8084,230.0789,6.6876,0.6958,1522.2307,2032.7651,228.9988,8.8768,0.7486
2014-12-24T01:27:59.016Z,1054.5903,1472.3885,231.4572,6.3616,0.7159,1103.161,1570.8275,230.9028,6.8028,0.7027,1536.2115,2056.2702,229.4791,8.9606,0.748
2014-12-24T01:28:59.632Z,1056.0543,1470.4607,231.497,6.3516,0.7178,1099.7603,1571.6948,230.748,6.8112,0.6995,1527.1116,2043.1315,229.3893,8.9063,0.7486
2014-12-24T01:29:59.754Z,1072.3786,1492.1317,231.8057,6.4376,0.719,1083.4551,1557.2036,229.9781,6.7713,0.696,1534.8773,2030.7919,228.9747,8.869,0.7561
2014-12-24T01:30:59.302Z,1088.5425,1520.7932,232.7598,6.5338,0.716,1068.1061,1551.6951,229.6238,6.7573,0.6885,1542.9968,2029.0711,229.2368,8.8516,0.76
2014-12-24T01:31:59.877Z,1096.7409,1534.0966,233.2165,6.5777,0.7152,1069.367,1559.2846,229.914,6.7815,0.6858,1546.851,2033.7525,229.7215,8.8529,0.7601
2014-12-24T01:32:59.291Z,1080.1697,1519.7031,232.5516,6.5348,0.7107,1083.8066,1558.7993,230.0753,6.7748,0.6951,1559.6597,2059.3778,230.4599,8.9358,0.7581
2014-12-24T01:33:59.336Z,1083.4835,1519.2399,232.1407,6.5444,0.7127,1084.8993,1548.842,229.3944,6.7522,0.7006,1568.7108,2058.1465,229.9237,8.9518,0.7618
2014-12-24T01:35:59.771Z,1093.4759,1522.5199,232.2094,6.5567,0.7184,1091.2901,1553.3557,229.126,6.7796,0.7026,1570.5879,2053.624,229.3277,8.955,0.7649
2014-12-24T01:36:59.444Z,1088.511,1526.2361,232.5542,6.5627,0.713,1072.371,1542.3338,229.1143,6.7319,0.6952,1563.7578,2045.1613,229.6758,8.9048,0.7644
2014-12-24T01:37:59.701Z,1079.4872,1518.5094,232.0437,6.5444,0.7109,1118.5064,1564.5069,229.7572,6.8087,0.7146,1603.4387,2108.0154,230.644,9.1398,0.7603
2014-12-24T01:38:59.744Z,1065.2413,1507.1708,232.141,6.4921,0.7063,1109.7473,1560.5687,230.0238,6.7848,0.7112,1588.9684,2101.4568,231.0077,9.0964,0.7556
2014-12-24T01:39:59.363Z,1090.713,1527.926,232.2966,6.5769,0.7137,1130.2837,1582.267,230.169,6.8745,0.7142,1606.7063,2114.8557,230.9036,9.159,0.759
2014-12-24T01:40:59.926Z,1083.798,1525.3736,232.4361,6.5623,0.7106,1115.5619,1569.9344,229.9048,6.8281,0.7109,1600.3163,2105.8032,230.7984,9.1238,0.7602
2014-12-24T01:41:59.268Z,1101.0744,1541.8819,232.5009,6.6318,0.7147,1127.4066,1580.6031,229.8146,6.8776,0.7135,1614.0131,2117.549,230.7651,9.1763,0.7611
2014-12-24T01:42:59.814Z,1094.0242,1533.7594,232.3576,6.6007,0.7136,1127.3437,1576.3142,229.6784,6.8624,0.7154,1612.1851,2116.5699,230.6798,9.1751,0.7607
2014-12-24T01:43:59.836Z,1102.0723,1534.3087,232.034,6.6128,0.7177,1138.4987,1578.9923,229.1842,6.8896,0.7208,1622.6142,2120.5454,230.2044,9.211,0.7651
2014-12-24T01:44:59.215Z,1109.0009,1529.9001,231.9995,6.5941,0.7247,1143.2036,1583.7477,228.6584,6.9263,0.7222,1612.0085,2102.8025,229.5695,9.1592,0.7667
2014-12-24T01:45:59.875Z,1121.7188,1555.4169,232.5829,6.6873,0.7213,1126.1162,1568.1647,227.744,6.8862,0.7182,1627.1975,2102.3668,229.6625,9.1537,0.7738
2014-12-24T01:46:59.360Z,1109.238,1543.0865,232.3574,6.6409,0.7183,1146.827,1585.5064,228.6578,6.9342,0.7234,1629.4499,2127.849,230.4896,9.2318,0.7663
2014-12-24T01:47:59.437Z,1098.934,1531.276,232.1713,6.5944,0.7183,1162.4291,1603.1908,229.683,6.9801,0.7248,1626.9543,2142.5306,231.2756,9.2638,0.76
2014-12-24T01:48:59.695Z,1106.2224,1542.1408,232.3514,6.6368,0.7169,1164.9069,1605.661,229.5987,6.9934,0.7253,1636.5909,2151.2272,231.3727,9.2978,0.7608
2014-12-24T01:50:59.234Z,1112.9713,1558.8578,232.4198,6.7073,0.7139,1152.5566,1590.4192,229.4021,6.9327,0.7249,1651.6718,2157.4303,231.6243,9.3141,0.7659
2014-12-24T01:51:59.526Z,1103.3054,1545.8361,232.028,6.6627,0.7134,1154.1021,1585.3694,229.3572,6.9122,0.7284,1652.129,2157.9289,231.2929,9.3299,0.7661
2014-12-24T01:52:59.782Z,1116.6557,1555.8217,232.1782,6.7009,0.7176,1173.1378,1599.5878,229.4511,6.9718,0.7336,1668.0373,2172.8601,231.0094,9.4056,0.7677
2014-12-24T01:53:59.334Z,1097.7188,1529.416,231.927,6.5944,0.7175,1156.5408,1587.3246,229.0791,6.9291,0.7284,1635.0084,2139.1028,230.6808,9.2729,0.7644
2014-12-24T01:54:59.386Z,1102.2464,1526.4544,231.778,6.5853,0.7224,1156.0417,1589.613,228.9571,6.9428,0.7278,1623.8394,2124.1112,230.2996,9.2227,0.764
2014-12-24T01:56:59.268Z,1127.1407,1541.0873,231.3355,6.6616,0.7316,1179.1575,1610.0504,229.2007,7.0245,0.7326,1640.4742,2136.067,229.7526,9.2972,0.7675
2014-12-24T01:57:59.408Z,1114.948,1555.5487,232.8146,6.6817,0.7174,1160.3464,1609.9094,229.995,6.9997,0.7206,1634.1738,2147.4633,231.4397,9.279,0.7602
2014-12-24T01:58:59.979Z,1109.3093,1548.4832,232.7397,6.6536,0.7164,1161.7554,1613.8488,230.5399,7.0004,0.7198,1632.4537,2151.1256,231.5434,9.29,0.7598
2014-12-24T01:59:59.180Z,1109.451,1555.45,232.5651,6.6879,0.713,1158.9861,1600.539,230.0964,6.9562,0.7242,1649.2619,2161.9121,231.5775,9.3353,0.7627
