2014-09-27T00:00:59.248Z,0.0279,0.0454,0.5636,0.0787,0.6046,0.0177,0.0387,0.5897,0.0659,0.4203,0.0221,0.0415,0.5323,0.0759,0.5403
2014-09-27T00:01:59.649Z,0.0289,0.0449,0.5743,0.0784,0.6046,0.0195,0.0422,0.5992,0.0676,0.4268,0.0241,0.043,0.5478,0.0762,0.5524
2014-09-27T00:02:59.951Z,0.0193,0.0375,0.5421,0.0686,0.5068,0.0157,0.0389,0.5932,0.065,0.345,0.0239,0.0418,0.5371,0.0793,0.5579
2014-09-27T00:03:59.239Z,0.0309,0.0471,0.5806,0.0794,0.6165,0.0194,0.0403,0.6044,0.0671,0.4382,0.0238,0.0426,0.5382,0.0774,0.5494
2014-09-27T00:04:59.519Z,0.0288,0.0449,0.5667,0.0779,0.617,0.0174,0.0405,0.5963,0.0663,0.4123,0.0249,0.0442,0.5533,0.077,0.5612
2014-09-27T00:05:59.902Z,0.0244,0.0411,0.5547,0.0733,0.5594,0.0192,0.0428,0.6103,0.0689,0.4072,0.0228,0.0419,0.5403,0.0781,0.5406
2014-09-27T00:06:59.217Z,0.0259,0.0455,0.5759,0.0769,0.5493,0.0172,0.0417,0.6117,0.0669,0.3752,0.0241,0.0428,0.5524,0.0793,0.5534
2014-09-27T00:07:59.474Z,0.0274,0.0451,0.5682,0.0772,0.5777,0.0236,0.0428,0.6069,0.0692,0.461,0.0233,0.0423,0.5441,0.0759,0.5513
2014-09-27T00:08:59.726Z,0.0265,0.0419,0.5577,0.0745,0.6032,0.0161,0.0387,0.6013,0.0645,0.3852,0.0245,0.0435,0.5465,0.0787,0.5545
2014-09-27T00:09:59.068Z,0.0262,0.0424,0.5554,0.0746,0.5962,0.0197,0.0403,0.5922,0.0673,0.4524,0.0219,0.0416,0.5381,0.0768,0.5241
2014-09-27T00:10:59.339Z,0.0272,0.0438,0.5609,0.0763,0.5994,0.0172,0.0403,0.5869,0.0672,0.4125,0.0241,0.0441,0.5444,0.0788,0.5328
2014-09-27T00:11:59.628Z,0.0241,0.0413,0.5485,0.0731,0.5677,0.0208,0.0428,0.6008,0.0695,0.4297,0.0251,0.0441,0.5477,0.0787,0.5674
2014-09-27T00:12:59.876Z,0.0267,0.0433,0.5588,0.0767,0.5996,0.0194,0.0437,0.6057,0.0708,0.41,0.0251,0.0449,0.551,0.0792,0.5465
2014-09-27T00:13:59.135Z,0.0274,0.0426,0.5597,0.0747,0.59,0.0176,0.0384,0.5868,0.0653,0.3905,0.0216,0.0421,0.5326,0.0771,0.5145
2014-09-27T00:14:59.373Z,0.0274,0.0435,0.5652,0.0752,0.5874,0.0187,0.0403,0.6048,0.0665,0.4145,0.0229,0.0426,0.5358,0.0768,0.5474
2014-09-27T00:15:59.710Z,0.0254,0.0422,0.5586,0.0754,0.5716,0.0195,0.0416,0.6084,0.0681,0.4081,0.0232,0.043,0.5457,0.0776,0.5427
2014-09-27T00:16:59.987Z,0.0247,0.0416,0.5571,0.0742,0.5661,0.0153,0.0368,0.5924,0.0629,0.3771,0.0247,0.0461,0.5653,0.0803,0.5579
2014-09-27T00:17:59.387Z,0.026,0.0426,0.5649,0.0751,0.5803,0.0186,0.0417,0.5931,0.0691,0.4063,0.0249,0.044,0.5434,0.0794,0.558
2014-09-27T00:18:59.920Z,0.0241,0.0422,0.5591,0.0747,0.5497,0.0175,0.0388,0.5959,0.0641,0.375,0.0238,0.0422,0.5406,0.0769,0.5575
2014-09-27T00:19:59.126Z,0.0263,0.042,0.5587,0.0747,0.5947,0.0153,0.039,0.5847,0.065,0.39,0.0233,0.0413,0.5307,0.077,0.5513
2014-09-27T00:20:59.421Z,0.0284,0.0437,0.5674,0.0771,0.6018,0.0234,0.0466,0.6184,0.0721,0.4621,0.0239,0.0434,0.5471,0.0787,0.5471
2014-09-27T00:21:59.795Z,0.0253,0.0425,0.5669,0.0747,0.5597,0.0166,0.0378,0.5938,0.0641,0.3941,0.0219,0.0419,0.5297,0.0759,0.5475
2014-09-27T00:22:59.978Z,0.0249,0.0406,0.5563,0.074,0.5611,0.0197,0.0411,0.5917,0.0683,0.4249,0.0229,0.042,0.5329,0.0766,0.5569
2014-09-27T00:23:59.264Z,0.0263,0.0424,0.5476,0.0763,0.6183,0.0232,0.0449,0.6073,0.0712,0.478,0.0227,0.0424,0.5383,0.078,0.551
2014-09-27T00:24:59.595Z,0.0266,0.0426,0.5614,0.076,0.5834,0.0166,0.0397,0.5986,0.0666,0.3934,0.0229,0.0414,0.5386,0.0766,0.5243
2014-09-27T00:25:59.899Z,0.0265,0.043,0.5632,0.0753,0.5845,0.0205,0.0405,0.5905,0.0678,0.4475,0.0243,0.0433,0.5535,0.077,0.562
2014-09-27T00:26:59.073Z,0.0265,0.0438,0.5647,0.075,0.5685,0.015,0.0376,0.5888,0.0644,0.3626,0.025,0.0456,0.5576,0.0794,0.5335
2014-09-27T00:27:59.665Z,0.0233,0.0406,0.5552,0.0721,0.5548,0.0188,0.0409,0.6076,0.0658,0.4055,0.0233,0.0436,0.5382,0.0779,0.5391
2014-09-27T00:28:59.000Z,0.021,0.0387,0.541,0.0706,0.5429,0.0171,0.0403,0.6052,0.0661,0.3913,0.0219,0.0416,0.5326,0.0761,0.5348
2014-09-27T00:29:59.361Z,0.0232,0.0405,0.5522,0.0719,0.5632,0.0219,0.0435,0.6162,0.0703,0.4343,0.0219,0.0416,0.5392,0.0741,0.5349
2014-09-27T00:30:59.615Z,0.0269,0.0429,0.5576,0.0757,0.5841,0.02,0.0424,0.6008,0.07,0.4178,0.0239,0.0439,0.558,0.0771,0.5535
2014-09-27T00:31:59.788Z,0.0193,0.0379,0.5448,0.0686,0.4997,0.0128,0.0348,0.589,0.06,0.3245,0.0228,0.0424,0.5393,0.0766,0.5431
2014-09-27T00:32:59.103Z,0.02,0.0379,0.5464,0.0696,0.5193,0.0171,0.0389,0.5996,0.0643,0.3814,0.025,0.0421,0.5521,0.0771,0.5664
2014-09-27T00:33:59.343Z,0.0262,0.0427,0.5627,0.0746,0.5803,0.0189,0.0414,0.5938,0.0684,0.4257,0.0222,0.0408,0.5351,0.0778,0.5524
2014-09-27T00:34:59.603Z,0.0298,0.0453,0.568,0.0788,0.6377,0.0195,0.0405,0.591,0.0675,0.434,0.0243,0.0435,0.5515,0.077,0.5493
2014-09-27T00:35:59.861Z,0.0247,0.042,0.5603,0.073,0.568,0.0167,0.0383,0.5883,0.064,0.4053,0.0243,0.0427,0.5477,0.077,0.5577
2014-09-27T00:36:59.127Z,0.0235,0.0406,0.5538,0.0729,0.5682,0.0182,0.04,0.5968,0.0665,0.3988,0.0238,0.0429,0.5476,0.0779,0.5438
2014-09-27T00:37:59.417Z,0.0262,0.0422,0.5657,0.0743,0.5678,0.0195,0.0419,0.6078,0.0692,0.4222,0.0224,0.0411,0.5359,0.0762,0.5424
2014-09-27T00:38:59.718Z,0.0298,0.0438,0.564,0.0778,0.6353,0.0202,0.0438,0.6071,0.0707,0.4373,0.0244,0.0436,0.5513,0.0778,0.5604
2014-09-27T00:39:59.980Z,0.0258,0.0429,0.5605,0.0768,0.5753,0.0184,0.0416,0.5934,0.0676,0.4184,0.0245,0.0429,0.5529,0.0774,0.5592
2014-09-27T00:40:59.283Z,0.0289,0.0447,0.575,0.0783,0.6011,0.0233,0.0458,0.615,0.0714,0.4775,0.0228,0.0425,0.5481,0.0778,0.5464
2014-09-27T00:41:59.604Z,0.0258,0.0416,0.5613,0.0735,0.5765,0.0184,0.0397,0.6068,0.0645,0.4194,0.0213,0.0403,0.5335,0.0752,0.5371
2014-09-27T00:42:59.935Z,0.0274,0.0421,0.5471,0.0769,0.6129,0.0176,0.0395,0.5921,0.0662,0.4171,0.0264,0.0455,0.5648,0.0786,0.5719
2014-09-27T00:43:59.282Z,0.0237,0.041,0.5533,0.0727,0.547,0.02,0.042,0.601,0.068,0.4273,0.0227,0.042,0.546,0.0773,0.5437
2014-09-27T00:44:59.587Z,0.026,0.0433,0.5552,0.075,0.599,0.0238,0.0443,0.6242,0.072,0.4975,0.0238,0.044,0.5537,0.077,0.5495
2014-09-27T00:45:59.812Z,0.0224,0.04,0.555,0.0724,0.5432,0.0179,0.0403,0.5991,0.0665,0.4,0.0244,0.0429,0.5562,0.0765,0.5682
2014-09-27T00:46:59.036Z,0.02,0.0384,0.5435,0.07,0.529,0.0194,0.0416,0.6065,0.0671,0.4171,0.0261,0.0429,0.5506,0.0774,0.5681
2014-09-27T00:47:59.369Z,0.0273,0.0434,0.5637,0.0768,0.5983,0.0232,0.0429,0.6124,0.07,0.4798,0.0251,0.0451,0.5649,0.0778,0.5524
2014-09-27T00:48:59.687Z,0.0211,0.0378,0.5474,0.0704,0.5248,0.0181,0.0393,0.5937,0.067,0.3989,0.0215,0.0411,0.5415,0.0774,0.5452
2014-09-27T00:49:59.030Z,0.0226,0.0406,0.56,0.0712,0.5356,0.0185,0.0397,0.6029,0.0656,0.4115,0.0232,0.0424,0.5412,0.0765,0.5541
2014-09-27T00:50:59.225Z,0.0291,0.0447,0.5677,0.0777,0.6109,0.0212,0.0433,0.6156,0.0698,0.4533,0.0249,0.0435,0.5521,0.0767,0.5498
2014-09-27T00:51:59.557Z,0.0258,0.0419,0.5556,0.0744,0.5906,0.0172,0.0403,0.6092,0.0664,0.3944,0.0253,0.0442,0.5586,0.0783,0.5742
2014-09-27T00:52:59.913Z,0.0285,0.0447,0.5756,0.0771,0.5968,0.0203,0.0421,0.6044,0.07,0.4526,0.0241,0.0432,0.5503,0.0782,0.5538
2014-09-27T00:53:59.201Z,0.0249,0.0424,0.5681,0.0741,0.567,0.0178,0.0405,0.6119,0.0649,0.3584,0.0241,0.0432,0.5427,0.0776,0.5286
2014-09-27T00:54:59.429Z,0.0278,0.0425,0.5622,0.0756,0.6144,0.0194,0.0397,0.6012,0.065,0.4269,0.025,0.0444,0.5581,0.0797,0.5634
2014-09-27T00:55:59.663Z,0.0298,0.0455,0.573,0.0798,0.6103,0.0183,0.0415,0.6,0.069,0.4253,0.0228,0.0425,0.5435,0.0773,0.545
2014-09-27T00:56:59.833Z,0.0196,0.0375,0.5464,0.0689,0.5054,0.0136,0.0357,0.5882,0.0618,0.32,0.0229,0.0421,0.54,0.0761,0.5368
2014-09-27T00:57:59.293Z,0.0283,0.044,0.5613,0.0773,0.6115,0.0218,0.0425,0.6097,0.0688,0.436,0.0248,0.0438,0.553,0.0798,0.5558
2014-09-27T00:58:59.472Z,0.0267,0.0418,0.5591,0.0745,0.6036,0.0206,0.043,0.61,0.0703,0.4261,0.0239,0.0433,0.5485,0.0773,0.5482
2014-09-27T00:59:59.775Z,0.0286,0.0443,0.5709,0.0769,0.5809,0.0229,0.0434,0.6049,0.0703,0.4666,0.0234,0.0414,0.5426,0.076,0.5563
