2014-11-08T00:00:59.744Z,3.3356,21.5366,230.8769,0.093,0.1561,-6.0623,22.0183,233.2806,0.094,-0.2755,10.1534,25.3293,233.605,0.1086,0.4012
2014-11-08T00:01:59.886Z,3.667,22.0448,230.5052,0.0955,0.1679,-6.4014,21.8453,233.3055,0.0934,-0.2918,10.1513,25.2903,233.485,0.1085,0.4021
2014-11-08T00:02:59.128Z,3.346,21.5922,231.0977,0.0928,0.1555,-6.0919,21.7992,233.4539,0.093,-0.2786,10.2594,25.3076,233.6239,0.109,0.4058
2014-11-08T00:03:59.295Z,3.4542,21.6503,231.1939,0.0937,0.1602,-6.4729,21.7413,232.9503,0.0932,-0.2971,10.1277,25.002,233.0868,0.1074,0.4054
2014-11-08T00:04:59.463Z,3.1716,21.69,232.3778,0.0936,0.1476,-6.275,21.4194,233.53,0.0914,-0.2923,10.1006,24.6945,231.4744,0.1071,0.4101
2014-11-08T00:05:59.702Z,3.6097,21.738,231.6372,0.0938,0.1677,-6.0318,21.3944,232.8609,0.092,-0.2787,10.2232,24.8429,232.763,0.1069,0.413
2014-11-08T00:06:59.882Z,3.5948,22.0482,230.9341,0.0952,0.1637,-6.3459,21.6878,232.7568,0.0931,-0.2905,10.2259,25.2495,233.3836,0.1086,0.4054
2014-11-08T00:07:59.053Z,3.5827,22.2761,231.5691,0.0967,0.1606,-6.4008,22.4044,233.0513,0.0961,-0.2859,10.2441,25.647,233.8931,0.1098,0.3994
2014-11-08T00:08:59.355Z,3.0411,22.2199,231.7604,0.0954,0.1379,-6.3184,22.0528,233.7953,0.0945,-0.286,10.2379,25.764,234.0167,0.1103,0.3986
2014-11-08T00:09:59.516Z,3.5469,22.0713,231.7667,0.095,0.1617,-6.3012,22.1957,233.9036,0.0952,-0.2836,10.3715,25.4997,234.3293,0.1094,0.407
2014-11-08T00:10:59.754Z,3.173,22.1414,232.5221,0.0949,0.1444,-6.1985,22.2085,233.9347,0.0951,-0.2786,10.1983,25.6243,234.4268,0.1099,0.3983
2014-11-08T00:11:59.059Z,3.1434,22.3164,232.1209,0.0959,0.141,-6.181,22.1563,233.706,0.0948,-0.2793,10.4864,25.6482,234.0313,0.1093,0.4085
2014-11-08T00:12:59.248Z,2.8144,22.0966,232.3515,0.0953,0.1281,-6.3635,22.0133,233.1076,0.094,-0.2889,10.1602,25.5712,233.3995,0.1095,0.3973
2014-11-08T00:13:59.302Z,2.9056,22.3356,232.4099,0.0955,0.131,-6.507,22.0926,233.2964,0.0941,-0.294,10.1319,25.518,233.4718,0.1097,0.3971
2014-11-08T00:14:59.422Z,3.3165,22.3944,232.8796,0.0955,0.1494,-6.5143,22.1022,233.5857,0.0941,-0.2953,10.024,25.4546,233.8637,0.1099,0.394
2014-11-08T00:15:59.647Z,3.641,22.1286,232.7982,0.0954,0.1645,-6.6652,22.0772,233.4955,0.0945,-0.3019,10.294,25.2434,233.9123,0.1081,0.4074
2014-11-08T00:16:59.749Z,3.4613,22.088,233.1897,0.0943,0.1568,-6.6646,21.6989,233.6278,0.0933,-0.3062,10.2637,25.258,234.2499,0.1083,0.407
2014-11-08T00:17:59.923Z,3.6415,22.1295,233.3706,0.0944,0.1648,-6.2173,21.4527,233.6251,0.092,-0.2888,10.4904,25.5366,234.4302,0.109,0.412
2014-11-08T00:18:59.139Z,3.7987,21.9288,233.2342,0.0935,0.1736,-6.3092,21.6507,233.6485,0.0921,-0.2911,10.2796,24.8001,234.3126,0.1058,0.4151
2014-11-08T00:19:59.407Z,3.7121,21.8665,233.1541,0.0942,0.1702,-6.208,21.364,233.0729,0.0917,-0.2889,10.0885,25.0599,233.8174,0.1074,0.404
2014-11-08T00:20:59.607Z,3.8982,22.2827,233.6945,0.0953,0.1741,-5.932,21.6238,233.7268,0.0924,-0.2751,10.189,24.9672,234.3907,0.1071,0.409
2014-11-08T00:21:59.070Z,3.5914,22.4519,233.921,0.0962,0.1601,-6.4829,22.4073,233.6148,0.0959,-0.2897,9.9315,25.404,234.5235,0.1086,0.391
2014-11-08T00:22:59.165Z,3.8694,22.5515,233.7943,0.0962,0.1729,-6.4826,21.9748,233.7642,0.0941,-0.2945,10.2204,25.7218,234.6771,0.1104,0.3971
2014-11-08T00:23:59.278Z,3.7137,22.2694,232.6906,0.0959,0.1671,-6.6064,21.7859,233.9337,0.0933,-0.3015,10.4136,25.4327,234.8696,0.1085,0.4098
2014-11-08T00:24:59.647Z,3.4459,22.0353,232.6715,0.0947,0.1553,-6.5081,22.3683,234.1045,0.0952,-0.2929,10.0935,25.6748,234.8908,0.1097,0.3935
2014-11-08T00:25:59.876Z,3.4654,22.0676,232.6701,0.0952,0.1581,-6.5022,22.124,234.4324,0.0939,-0.2946,10.4152,25.9865,235.188,0.1106,0.4006
2014-11-08T00:26:59.124Z,3.6751,22.4338,232.6685,0.096,0.1647,-6.2016,22.1057,234.1187,0.0939,-0.2798,10.5951,25.7857,234.9197,0.1099,0.4118
2014-11-08T00:27:59.723Z,3.6157,22.5501,233.3734,0.0965,0.1608,-6.5711,22.454,233.5027,0.0959,-0.2943,10.364,25.9514,235.1565,0.1109,0.4001
2014-11-08T00:28:59.948Z,3.911,22.4664,233.4637,0.0956,0.1751,-6.5007,22.2921,233.6711,0.0956,-0.2922,10.9004,26.429,235.023,0.1124,0.412
2014-11-08T00:29:59.155Z,4.0575,22.7482,233.902,0.0967,0.1788,-6.3678,21.7539,234.0169,0.0927,-0.2915,10.8147,25.8858,235.279,0.1102,0.4183
2014-11-08T00:30:59.335Z,3.6768,22.4734,232.9145,0.0961,0.1645,-6.4537,22.0005,233.2199,0.0936,-0.2929,10.626,26.3139,234.7754,0.1119,0.4041
2014-11-08T00:31:59.664Z,3.5352,22.1498,233.2867,0.0945,0.159,-6.1983,22.6403,233.2373,0.0972,-0.2756,10.2228,25.3303,234.4522,0.1081,0.4049
2014-11-08T00:32:59.950Z,3.6551,22.0505,233.114,0.0946,0.1657,-6.3299,22.3007,233.7334,0.0949,-0.2834,10.1444,25.3132,234.2501,0.1085,0.4012
2014-11-08T00:33:59.140Z,3.5976,22.4264,234.17,0.0959,0.1613,-6.41,22.1473,233.0165,0.0947,-0.2905,10.1778,25.805,234.709,0.1102,0.395
2014-11-08T00:34:59.191Z,3.8713,22.4536,234.5285,0.0964,0.173,-6.7286,21.999,233.411,0.0938,-0.3062,10.3023,25.5774,235.042,0.109,0.4026
2014-11-08T00:35:59.499Z,3.5796,22.5193,234.5632,0.0961,0.1596,-6.6798,22.0109,233.7991,0.0937,-0.3032,10.4356,25.6954,235.2198,0.11,0.4054
2014-11-08T00:36:59.770Z,4.0081,22.8132,234.7469,0.0966,0.1771,-6.4977,21.8247,233.7429,0.0924,-0.2977,10.3635,25.8321,235.3617,0.1104,0.4015
2014-11-08T00:37:59.972Z,3.4672,22.3502,233.7152,0.0949,0.1551,-6.403,21.9552,233.765,0.0938,-0.2906,9.9264,25.5909,235.2982,0.1088,0.3881
2014-11-08T00:38:59.158Z,3.6275,22.3467,233.8772,0.0952,0.164,-6.3452,22.1451,233.5793,0.0943,-0.2867,10.4449,25.8575,235.3624,0.1104,0.4042
2014-11-08T00:39:59.427Z,3.8071,22.4117,233.6705,0.0954,0.1713,-6.1616,22.5982,233.4937,0.0964,-0.2727,10.2683,25.7805,235.3327,0.1103,0.399
2014-11-08T00:40:59.679Z,3.7419,22.5147,233.6904,0.0967,0.1651,-6.2993,21.9964,233.3691,0.0941,-0.2869,10.2404,25.612,235.5126,0.109,0.4002
2014-11-08T00:41:59.815Z,3.3819,22.2038,233.9038,0.0948,0.1529,-6.6312,21.9254,233.2034,0.0944,-0.3021,10.0193,25.491,235.1267,0.1086,0.3949
2014-11-08T00:42:59.257Z,3.8208,22.7635,234.111,0.098,0.1678,-5.9906,22.4973,233.5299,0.096,-0.2677,10.5928,25.9594,235.3716,0.1103,0.4084
2014-11-08T00:43:59.374Z,3.7915,22.4178,234.277,0.0959,0.1684,-6.8669,22.1283,233.1009,0.0947,-0.31,10.3197,25.662,235.1569,0.1098,0.4026
2014-11-08T00:44:59.524Z,3.5968,22.2821,234.7349,0.0953,0.1607,-7.1714,22.1253,233.5603,0.0944,-0.3238,9.8365,25.556,235.1894,0.1083,0.3849
2014-11-08T00:45:59.783Z,3.2584,22.0704,234.39,0.0944,0.1473,-6.9604,22.1559,233.4352,0.0949,-0.3132,10.2679,25.6974,234.776,0.1095,0.4011
2014-11-08T00:46:59.905Z,2.9559,22.1556,234.5776,0.0941,0.1344,-6.5372,21.9267,233.7083,0.0945,-0.2977,10.4063,25.6473,234.9084,0.1089,0.4059
2014-11-08T00:47:59.149Z,2.9789,22.1931,233.841,0.0947,0.1344,-6.349,21.8123,233.6302,0.0934,-0.2891,10.0005,25.8841,233.9725,0.1104,0.3867
2014-11-08T00:48:59.388Z,3.1829,22.6048,234.2882,0.0963,0.142,-6.4096,22.0976,233.7224,0.0945,-0.2898,10.1417,25.1744,233.1426,0.1081,0.4031
2014-11-08T00:49:59.577Z,3.1174,22.3231,233.9618,0.0959,0.1415,-6.261,21.9649,234.0145,0.0938,-0.2868,10.3294,25.4129,233.6911,0.1087,0.4067
2014-11-08T00:50:59.790Z,3.8421,22.4202,233.961,0.0957,0.1712,-6.5893,22.3774,234.0559,0.0953,-0.2949,10.0498,25.4899,234.0912,0.1091,0.394
2014-11-08T00:51:59.985Z,3.8018,22.6532,233.3853,0.0974,0.1681,-6.7147,22.0526,234.283,0.0941,-0.3028,10.2936,25.3439,234.2089,0.1083,0.4061
2014-11-08T00:52:59.493Z,3.6069,22.3114,232.9927,0.0957,0.1624,-6.269,22.2788,234.1554,0.0953,-0.2816,10.5383,25.6891,233.534,0.1105,0.411
2014-11-08T00:53:59.646Z,3.8417,22.2723,233.3687,0.0953,0.173,-6.9503,21.9487,231.4795,0.0949,-0.3176,10.2267,25.7118,233.724,0.1096,0.3984
2014-11-08T00:54:59.787Z,3.8259,22.3699,233.0805,0.0957,0.1726,-6.3585,21.5841,231.8462,0.0929,-0.2933,10.4594,25.362,234.1728,0.1086,0.4132
2014-11-08T00:55:59.836Z,3.4617,21.4936,232.8936,0.0924,0.1605,-6.7251,21.404,234.1178,0.0914,-0.3116,10.0164,24.814,234.1018,0.1057,0.4049
2014-11-08T00:56:59.015Z,3.5852,21.9897,232.8985,0.0943,0.1616,-6.8325,22.1949,234.0536,0.0949,-0.3077,10.1943,25.2429,233.754,0.1084,0.4046
2014-11-08T00:57:59.207Z,3.172,22.1759,232.8584,0.0951,0.1451,-6.2576,22.011,234.0324,0.0938,-0.2849,10.1586,25.1966,233.826,0.1077,0.4037
2014-11-08T00:58:59.422Z,3.2307,22.2919,232.8295,0.0953,0.1471,-6.3939,21.8777,233.7823,0.0935,-0.2922,10.3116,25.6381,233.6485,0.1095,0.4031
2014-11-08T00:59:59.799Z,2.7363,22.4031,232.8528,0.0957,0.123,-6.4499,21.9804,233.9913,0.0938,-0.2916,10.1076,25.4581,233.7919,0.1087,0.3987
2014-11-08T01:00:59.118Z,3.029,21.7924,232.9804,0.0938,0.1402,-5.8068,22.3126,233.8175,0.0952,-0.2613,10.5013,25.437,233.6047,0.109,0.413
2014-11-08T01:01:59.313Z,2.9165,21.8718,233.1215,0.0936,0.1337,-6.1557,21.4888,233.985,0.0918,-0.2855,10.1311,25.0223,233.3086,0.1077,0.4067
2014-11-08T01:02:59.423Z,2.9753,21.7588,232.8421,0.0928,0.1378,-6.1124,21.6341,233.5951,0.0923,-0.2822,10.2748,24.884,233.3384,0.1067,0.4135
2014-11-08T01:03:59.480Z,3.0869,22.0765,232.7107,0.0951,0.1409,-6.2587,21.2548,233.3785,0.0905,-0.2939,10.2019,24.8663,232.9781,0.1074,0.4111
2014-11-08T01:04:59.632Z,2.9823,21.7606,232.702,0.0935,0.1381,-6.2147,21.503,233.2007,0.0918,-0.2884,10.2389,25.063,232.5286,0.1081,0.4097
2014-11-08T01:05:59.972Z,3.1841,22.2943,233.5034,0.0952,0.1438,-6.1193,21.9966,231.4174,0.0949,-0.2789,10.4517,25.2407,233.7388,0.1081,0.4147
2014-11-08T01:06:59.125Z,3.1386,22.4661,233.3045,0.0968,0.141,-6.6133,22,231.5116,0.0947,-0.301,10.3236,25.7454,234.4523,0.1101,0.4014
2014-11-08T01:07:59.517Z,3.0094,22.3108,233.4747,0.0955,0.1359,-6.4034,22.1279,233.5771,0.0948,-0.2895,10.2344,25.6574,234.2097,0.1097,0.3987
2014-11-08T01:08:59.821Z,3.0688,22.6501,233.4652,0.097,0.136,-6.0546,22.3926,233.9646,0.0956,-0.2699,10.1698,25.5732,234.3151,0.1091,0.3977
2014-11-08T01:09:59.090Z,3.1063,22.2219,233.427,0.0948,0.1412,-5.8027,22.3539,233.6426,0.0954,-0.261,10.3738,25.1844,233.8952,0.108,0.4129
2014-11-08T01:10:59.299Z,2.9089,22.5072,233.5037,0.0967,0.1296,-6.3473,21.9369,233.5912,0.0943,-0.2887,10.2266,25.5091,233.9564,0.1093,0.4027
2014-11-08T01:11:59.357Z,3.3297,22.5051,233.6205,0.0956,0.1504,-6.2983,21.7495,233.4883,0.0928,-0.2892,10.2738,25.2177,233.9512,0.1084,0.4073
2014-11-08T01:12:59.581Z,3.3409,22.4002,234.2584,0.0957,0.1502,-6.3446,21.8765,233.584,0.0924,-0.2901,10.1054,25.4719,234.3987,0.1093,0.3971
2014-11-08T01:13:59.742Z,3.5635,22.4665,233.2298,0.0959,0.159,-6.6287,22.1418,233.7776,0.095,-0.2984,10.1528,25.4605,234.7579,0.1086,0.398
2014-11-08T01:14:59.899Z,3.7344,22.4055,233.0124,0.0963,0.1655,-6.3101,22.3664,233.8471,0.0959,-0.2836,10.1684,25.6449,234.6574,0.1099,0.397
2014-11-08T01:15:59.981Z,3.6163,22.1677,232.8419,0.0951,0.1641,-6.5121,21.8396,234.1636,0.093,-0.2976,10.4369,25.4777,234.9688,0.1084,0.4119
2014-11-08T01:16:59.293Z,3.6486,21.9797,232.2818,0.0947,0.1668,-5.9603,21.9643,234.5548,0.0934,-0.2701,10.4945,25.1692,235.0983,0.1076,0.4184
2014-11-08T01:17:59.508Z,4.0435,22.0241,232.6195,0.0947,0.1846,-5.7583,21.641,234.7241,0.0924,-0.2661,10.6081,25.5205,235.0895,0.1091,0.416
2014-11-08T01:18:59.715Z,3.7543,21.9599,232.6246,0.0946,0.1716,-6.5523,21.894,234.4664,0.0929,-0.2981,10.4121,25.0279,235.0334,0.1066,0.4169
2014-11-08T01:19:59.050Z,3.7511,22.4361,233.9954,0.0967,0.1675,-6.0888,21.7345,233.7335,0.0927,-0.2797,10.3251,25.6238,235.19,0.1087,0.4042
2014-11-08T01:20:59.160Z,3.9463,22.79,233.7535,0.0972,0.1756,-6.439,21.4968,231.0802,0.0927,-0.3,10.6021,25.7638,235.6886,0.1093,0.4126
2014-11-08T01:21:59.226Z,4.1227,22.3904,233.5615,0.0957,0.1855,-6.4878,21.9774,233.4401,0.0944,-0.296,10.5872,25.7332,235.0247,0.1094,0.4115
2014-11-08T01:22:59.472Z,3.5633,22.1097,233.552,0.0946,0.1615,-6.5613,22.4076,233.9146,0.0962,-0.2934,10.1549,25.6912,234.7977,0.1096,0.396
2014-11-08T01:23:59.746Z,3.4685,22.19,233.2852,0.095,0.1568,-6.3587,21.8251,233.6834,0.0926,-0.2912,10.3676,25.6851,234.5516,0.1098,0.4028
2014-11-08T01:24:59.077Z,3.7187,22.2082,233.5463,0.0948,0.1683,-6.4095,22.2411,233.4796,0.0954,-0.2872,10.3598,25.9941,234.7005,0.1113,0.3992
2014-11-08T01:25:59.393Z,3.503,22.0135,233.5834,0.0939,0.1612,-6.4787,22.1035,233.6004,0.094,-0.2923,10.3045,25.806,234.747,0.1102,0.3996
2014-11-08T01:26:59.675Z,3.428,22.084,233.7397,0.0941,0.1564,-6.2824,21.9448,233.5005,0.0939,-0.2866,10.0811,25.6362,234.6441,0.11,0.3937
2014-11-08T01:27:59.934Z,3.7631,22.4548,233.8224,0.096,0.1656,-6.2226,22.3331,233.7571,0.0947,-0.2798,10.0731,25.7097,234.8291,0.1098,0.3916
2014-11-08T01:28:59.207Z,3.5991,22.059,233.3676,0.0949,0.1638,-6.3759,22.3128,233.4308,0.0954,-0.2872,10.0438,25.4567,234.2919,0.1092,0.3943
2014-11-08T01:29:59.658Z,3.6159,22.342,233.461,0.096,0.1611,-6.3537,21.4684,233.6268,0.0914,-0.2935,10.4131,25.6039,234.2638,0.1091,0.4072
2014-11-08T01:30:59.898Z,3.6615,22.2771,233.7278,0.0957,0.1645,-6.5922,22.2396,233.9089,0.0952,-0.2962,10.3477,25.9738,234.8123,0.1108,0.3987
2014-11-08T01:31:59.960Z,3.9766,22.5268,234.1141,0.0955,0.1776,-6.4416,21.8673,233.8682,0.0929,-0.2944,10.2092,25.6219,234.8885,0.1091,0.3988
2014-11-08T01:32:59.025Z,3.5863,22.2319,233.9561,0.0956,0.1615,-6.6737,21.8405,233.7348,0.0931,-0.3042,10.1285,25.518,234.9368,0.1091,0.3975
2014-11-08T01:33:59.225Z,3.7579,22.4823,233.7856,0.096,0.1676,-6.146,22.3701,234.2862,0.0955,-0.2751,10.3401,25.7205,234.7718,0.1102,0.4022
2014-11-08T01:34:59.461Z,3.6296,22.2886,233.6235,0.0954,0.162,-6.3198,21.9395,234.0755,0.0938,-0.2865,10.235,25.5591,235.0433,0.1091,0.4015
2014-11-08T01:35:59.678Z,3.5435,22.3364,233.3845,0.096,0.157,-6.3913,22.0096,234.0765,0.0937,-0.2907,10.0538,25.9468,235.3331,0.1104,0.3877
2014-11-08T01:36:59.945Z,3.2671,22.1576,233.1502,0.095,0.148,-6.4364,22.0888,233.7546,0.0944,-0.2913,10.1549,26.031,235.2483,0.1104,0.3898
2014-11-08T01:37:59.108Z,3.4922,22.1637,233.0227,0.0955,0.1577,-6.8157,21.7761,233.5678,0.0938,-0.3119,10.0709,25.5033,234.4883,0.1089,0.396
2014-11-08T01:38:59.308Z,3.7068,22.6074,233.2711,0.0969,0.1647,-6.4121,21.961,233.4315,0.0936,-0.2928,10.2281,25.5635,234.5585,0.1095,0.4014
2014-11-08T01:39:59.425Z,3.7395,22.3104,232.8744,0.0952,0.1695,-6.5033,21.6835,233.2369,0.0927,-0.2987,10.4246,25.4886,234.7586,0.1085,0.4103
2014-11-08T01:40:59.556Z,3.3849,21.9248,233.5154,0.0943,0.1544,-6.531,22.0127,233.6355,0.0939,-0.2953,10.3166,25.6803,235.1043,0.1098,0.403
2014-11-08T01:41:59.649Z,3.8261,22.6941,233.9511,0.0968,0.17,-6.5024,22.0273,233.8378,0.0941,-0.2948,10.3208,25.6892,235.2156,0.1095,0.402
2014-11-08T01:42:59.112Z,3.8558,22.3374,233.6326,0.0958,0.1731,-6.2467,21.9224,233.7926,0.0938,-0.2847,10.373,25.6695,235.1998,0.1095,0.4052
2014-11-08T01:43:59.303Z,3.4397,22.2788,233.6103,0.0953,0.155,-6.802,21.7435,233.4541,0.0928,-0.3123,10.2788,25.5113,234.8046,0.1083,0.4035
2014-11-08T01:44:59.894Z,3.7789,22.1003,233.406,0.0954,0.1701,-6.2316,22.0635,233.4734,0.0944,-0.2821,10.5075,25.8668,234.8645,0.1104,0.4082
2014-11-08T01:45:59.043Z,3.7644,22.5384,233.6419,0.0965,0.1667,-6.1784,22.027,233.6428,0.0943,-0.281,10.1527,25.6369,235.1146,0.1096,0.3962
2014-11-08T01:46:59.105Z,3.4399,21.8616,232.7868,0.0937,0.156,-6.7265,21.8011,233.0901,0.0929,-0.3083,9.9525,25.1267,234.1442,0.1073,0.3967
2014-11-08T01:47:59.186Z,3.6556,22.2651,232.4977,0.095,0.1653,-6.8082,22.0811,233.0955,0.0945,-0.3082,10.1935,25.378,233.632,0.1088,0.4019
2014-11-08T01:48:59.271Z,3.4662,21.9212,232.3661,0.0943,0.1583,-6.6507,21.7786,232.3024,0.0935,-0.3046,10.0686,25.2847,233.8914,0.1082,0.3982
2014-11-08T01:49:59.420Z,3.5501,21.734,232.4482,0.0937,0.1635,-6.6109,21.9797,232.6701,0.0945,-0.3,9.9959,25.1783,234.3639,0.1077,0.3983
2014-11-08T01:50:59.609Z,3.4313,22.2045,232.9127,0.0956,0.1553,-6.345,22.0955,232.7201,0.0952,-0.2877,10.1488,25.6049,234.5864,0.1091,0.3961
2014-11-08T01:51:59.930Z,3.6552,22.2212,232.9982,0.0952,0.167,-5.9855,22.2952,232.7511,0.0955,-0.2695,10.4364,25.9515,234.6395,0.1107,0.4023
2014-11-08T01:52:59.112Z,3.4598,22.2743,232.8338,0.0952,0.1565,-6.4511,22.2366,232.5362,0.0967,-0.2901,10.3975,25.6719,234.3908,0.1094,0.4045
2014-11-08T01:53:59.177Z,3.3019,21.943,232.8351,0.0941,0.1523,-6.7309,21.7718,231.9179,0.0945,-0.3084,10.108,25.7455,234.4487,0.1102,0.3923
2014-11-08T01:54:59.294Z,3.7543,22.3848,232.9991,0.0964,0.1667,-6.6367,21.7072,231.9009,0.093,-0.3054,10.0996,25.4015,234.255,0.1085,0.3981
2014-11-08T01:55:59.543Z,3.9155,22.4101,233.5045,0.0963,0.1752,-6.37,21.9436,232.0434,0.094,-0.2902,10.3406,25.499,234.0801,0.1093,0.405
2014-11-08T01:56:59.672Z,2.9799,22.2205,233.4255,0.0953,0.1361,-6.473,21.6631,232.1248,0.0932,-0.298,10.0995,25.2902,233.2527,0.1084,0.3989
2014-11-08T01:57:59.802Z,3.5691,22.2084,233.167,0.0953,0.1613,-6.472,21.4976,232.0267,0.0926,-0.3004,10.3815,25.2083,233.3119,0.1084,0.4116
2014-11-08T01:58:59.213Z,3.5495,22.0412,233.7011,0.0948,0.16,-6.8134,21.8208,230.1237,0.0949,-0.3129,10.1603,25.6419,233.9889,0.1095,0.3957
2014-11-08T01:59:59.414Z,3.5782,22.3766,234.189,0.095,0.1581,-6.9295,21.8044,230.7512,0.0945,-0.3174,10.1206,25.3852,234.1452,0.1084,0.3984
