2014-11-29T00:00:59.442Z,2.1367,60.7279,232.7142,0.2608,0.0359,3.2233,58.6574,233.1826,0.2514,0.0558,2.8516,56.2546,232.9363,0.242,0.0509
2014-11-29T00:01:59.457Z,2.2924,64.192,232.2432,0.2762,0.0373,3.3613,59.2838,233.419,0.2545,0.0569,3.5309,60.0288,232.7273,0.2578,0.06
2014-11-29T00:02:59.901Z,3.7692,63.1726,232.4121,0.2722,0.0589,3.4148,58.6404,232.2033,0.2516,0.0596,3.3443,57.876,232.967,0.248,0.0596
2014-11-29T00:03:59.617Z,2.9734,64.3563,233.025,0.276,0.0471,2.7347,59.572,232.7402,0.2558,0.0484,3.7507,57.9416,232.1453,0.2497,0.0642
2014-11-29T00:04:59.101Z,2.955,66.567,232.693,0.2861,0.045,3.2901,59.8767,232.1442,0.258,0.0544,3.4897,60.1164,231.4878,0.2597,0.0591
2014-11-29T00:05:59.928Z,2.4505,66.5399,232.6532,0.286,0.0366,3.2067,61.8157,232.6974,0.2652,0.0534,2.9036,59.2052,232.291,0.2546,0.0489
2014-11-29T00:06:59.112Z,2.8516,66.9528,232.607,0.2876,0.0428,2.9892,59.9945,233.0227,0.2575,0.0501,3.0103,59.9713,232.6146,0.2574,0.0502
2014-11-29T00:07:59.394Z,2.3193,66.3177,232.2159,0.2858,0.0357,3.0507,61.0603,232.7795,0.2625,0.0517,3.4787,60.0357,232.0872,0.2588,0.0585
2014-11-29T00:08:59.548Z,2.2382,65.4184,231.9629,0.2823,0.0331,3.2443,61.1287,232.929,0.2626,0.0533,2.9088,60.3596,232.0875,0.2599,0.0492
2014-11-29T00:09:59.228Z,3.3954,66.4242,232.1518,0.2859,0.0516,3.2114,61.6453,233.1758,0.2643,0.0519,3.7778,61.0332,231.9341,0.2631,0.0634
2014-11-29T00:10:59.507Z,2.5497,66.4807,232.1505,0.2863,0.0378,3.0836,61.8319,233.1653,0.2658,0.0505,3.6921,60.321,232.1548,0.2596,0.0615
2014-11-29T00:11:59.579Z,2.2008,64.3884,231.5713,0.2773,0.0336,3.0857,60.4091,233.3191,0.2588,0.0521,3.1892,58.9982,232.2799,0.2541,0.0566
2014-11-29T00:12:59.962Z,2.4031,58.394,232.2993,0.2512,0.0418,3.7897,60.1687,233.3526,0.2579,0.063,3.5692,60.4064,231.9236,0.2605,0.0613
2014-11-29T00:13:59.459Z,3.207,63.8457,232.4468,0.2749,0.0504,3.0101,59.7821,232.5927,0.2573,0.0518,3.6423,61.6816,231.8099,0.2658,0.0598
2014-11-29T00:14:59.141Z,2.3491,65.9678,232.1466,0.2843,0.0351,2.4061,59.8316,232.3799,0.2574,0.0413,3.4787,60.0916,231.9997,0.2589,0.0569
2014-11-29T00:15:59.457Z,2.7062,67.4355,232.0979,0.2904,0.0421,3.2053,59.9413,232.8379,0.2575,0.0544,3.7698,61.3805,232.6324,0.264,0.0615
2014-11-29T00:16:59.005Z,3.1356,66.2584,232.5003,0.2846,0.0474,3.0764,60.5244,232.6836,0.26,0.0524,3.3359,58.8697,232.4944,0.2536,0.0618
2014-11-29T00:17:59.139Z,2.9602,65.9888,232.6624,0.2835,0.0446,3.118,59.3522,232.5547,0.2554,0.0542,3.2114,60.2735,232.1809,0.26,0.0553
2014-11-29T00:18:59.388Z,2.4018,66.0874,233.1675,0.2833,0.037,3.7636,61.1128,231.9622,0.2633,0.0613,3.2836,61.2091,231.4083,0.2646,0.054
2014-11-29T00:19:59.992Z,2.4652,65.6407,232.7237,0.2824,0.0386,2.9449,59.2103,232.2651,0.2549,0.0503,3.563,59.3104,231.9896,0.2562,0.06
2014-11-29T00:20:59.247Z,2.9548,64.7321,233.0052,0.2779,0.0473,2.244,57.2624,231.8276,0.2478,0.0377,3.1054,57.1088,231.982,0.2457,0.0537
2014-11-29T00:21:59.534Z,2.313,64.0159,232.7324,0.2753,0.0366,3.1762,58.3935,232.6384,0.251,0.0523,3.097,58.1849,231.6027,0.2513,0.0547
2014-11-29T00:22:59.852Z,2.5251,64.9002,232.9602,0.2787,0.0384,2.8362,58.1853,232.6602,0.2497,0.0505,3.6921,57.0434,231.2531,0.2469,0.0645
2014-11-29T00:23:59.857Z,2.8301,63.5265,233.3392,0.2721,0.0453,3.5522,59.2579,232.8335,0.2549,0.0605,2.9111,57.5079,231.8136,0.2486,0.051
2014-11-29T00:24:59.966Z,3.0376,65.1381,232.89,0.28,0.047,3.1984,59.3399,232.6768,0.2549,0.0553,3.8751,60.4638,231.7273,0.261,0.0651
2014-11-29T00:25:59.124Z,2.7851,65.2567,232.9606,0.2799,0.0439,3.1401,56.9521,233.0535,0.2451,0.0552,2.9842,60.5366,232.2908,0.2609,0.052
2014-11-29T00:27:59.820Z,2.5005,66.987,232.6474,0.2877,0.0374,3.3496,61.1061,233.1781,0.2617,0.0554,3.5949,58.9331,232.4927,0.2535,0.0602
2014-11-29T00:28:59.630Z,2.2568,66.0957,232.2766,0.2846,0.0353,3.3889,60.1203,233.0889,0.2579,0.0564,3.3121,60.7271,232.7734,0.2604,0.0554
2014-11-29T00:29:59.069Z,2.4208,65.5708,232.2619,0.2823,0.037,3.2489,60.8253,233.5124,0.2596,0.0544,3.3113,60.7952,232.6681,0.2619,0.0548
2014-11-29T00:30:59.815Z,3.1051,65.8723,232.3024,0.2837,0.0479,2.9499,58.4077,233.4302,0.2505,0.0501,3.199,59.5743,232.5121,0.2562,0.0582
2014-11-29T00:31:59.977Z,3.4332,66.1309,232.8232,0.2842,0.054,3.0098,58.6866,233.7315,0.2509,0.052,3.6929,60.7777,232.7449,0.2612,0.0626
2014-11-29T00:32:59.089Z,2.4932,66.6669,232.8543,0.2859,0.0367,3.0284,60.6516,234.0496,0.2592,0.0501,3.7234,61.1229,232.1237,0.2634,0.0616
2014-11-29T00:33:59.497Z,2.1659,65.574,233.4122,0.2807,0.0324,3.1304,60.0336,233.9336,0.2568,0.0509,3.3354,61.3233,231.6413,0.2648,0.0529
2014-11-29T00:34:59.750Z,2.3732,65.6287,233.3627,0.2812,0.0372,3.083,61.155,233.7308,0.2614,0.0521,3.3116,60.316,231.1315,0.2611,0.0539
2014-11-29T00:35:59.986Z,2.8077,65.8634,233.906,0.2816,0.0433,2.937,59.458,234.3223,0.2536,0.0493,3.4841,58.8769,231.0221,0.2542,0.0609
2014-11-29T00:36:59.998Z,2.901,67.1047,234.4709,0.2862,0.0436,3.1057,60.9038,234.5308,0.2601,0.051,3.5594,59.4234,231.4224,0.2569,0.0612
2014-11-29T00:37:59.680Z,3.0635,66.9587,234.2473,0.2855,0.0468,2.9946,60.2609,234.1805,0.2577,0.0477,3.425,59.6585,231.2652,0.2585,0.059
2014-11-29T00:38:59.865Z,3.3386,66.8029,234.1058,0.2855,0.0512,3.2169,60.526,233.4155,0.2592,0.0535,3.5999,60.3551,231.0532,0.2616,0.0599
2014-11-29T00:39:59.240Z,2.6179,66.0117,233.6618,0.2824,0.0399,3.0848,61.6787,233.2263,0.2643,0.0484,2.9361,59.4116,230.5656,0.2584,0.0494
2014-11-29T00:40:59.817Z,2.4061,67.0173,234.0041,0.2867,0.0367,3.0887,61.2845,233.4304,0.2624,0.0505,3.8064,59.2741,230.7621,0.2566,0.0643
2014-11-29T00:41:59.476Z,2.6564,65.362,234.6948,0.2787,0.0419,2.643,58.723,232.2338,0.2529,0.048,3.3116,59.191,232.7488,0.2541,0.0603
2014-11-29T00:42:59.799Z,2.4519,65.9276,234.0526,0.2815,0.0355,2.3226,60.7266,231.6676,0.2624,0.0384,3.603,61.2501,233.1068,0.2631,0.0597
2014-11-29T00:43:59.238Z,2.6077,67.4289,233.7839,0.2884,0.0376,3.2383,60.5234,233.7416,0.2591,0.0526,3.3732,60.5206,232.2954,0.2607,0.056
2014-11-29T00:44:59.616Z,3.1288,65.8052,234.1164,0.2807,0.0473,3.2442,58.8124,233.8621,0.2514,0.0555,3.5196,61.6487,232.6229,0.2655,0.0571
2014-11-29T00:45:59.973Z,3.006,67.6222,233.963,0.2895,0.0427,3.1566,59.7792,233.8803,0.2553,0.0537,3.4759,60.0371,232.6656,0.2581,0.059
2014-11-29T00:46:59.126Z,2.3504,66.763,234.0417,0.2852,0.0342,3.1251,61.8914,234.1638,0.264,0.0488,3.691,59.8782,232.7573,0.2574,0.0613
2014-11-29T00:47:59.498Z,3.4258,65.5189,233.7125,0.2802,0.0519,2.9496,61.918,234.8636,0.2636,0.0475,3.4281,60.274,233.2973,0.2579,0.057
2014-11-29T00:48:59.896Z,2.6968,66.1863,233.4679,0.2833,0.0402,3.0392,61.3196,235.3592,0.2605,0.0485,3.1893,61.462,233.9702,0.2626,0.0517
2014-11-29T00:49:59.850Z,2.8499,65.8233,233.4497,0.2821,0.0438,3.2256,61.0267,235.1295,0.2601,0.053,3.6668,60.9805,234.2465,0.2603,0.0622
2014-11-29T00:50:59.092Z,3.2842,65.934,233.5887,0.2822,0.0508,3.2807,59.879,234.5723,0.2557,0.0534,3.1178,60.6607,234.385,0.2589,0.0521
2014-11-29T00:51:59.437Z,2.1543,66.6404,233.8071,0.2853,0.033,3.5005,60.3629,234.3426,0.2576,0.0599,3.9934,62.4699,234.2197,0.2663,0.0641
2014-11-29T00:52:59.320Z,2.6649,65.557,233.8351,0.2799,0.0412,3.191,61.4932,234.647,0.2619,0.052,3.623,60.578,234.4355,0.2588,0.0597
2014-11-29T00:53:59.886Z,3.0145,67.1839,233.5754,0.2877,0.045,3.1143,59.8309,234.297,0.2558,0.0523,3.6868,61.0982,234.1918,0.2602,0.0608
2014-11-29T00:54:59.903Z,2.6339,66.6638,233.9047,0.2851,0.0403,2.9443,60.5521,234.0552,0.2594,0.0492,2.7561,61.1123,234.4347,0.2606,0.0458
2014-11-29T00:55:59.328Z,2.711,65.9426,233.7697,0.2822,0.0402,3.4686,60.3639,233.6284,0.2582,0.0572,3.7244,59.8422,234.4253,0.2552,0.0643
2014-11-29T00:56:59.227Z,3.1556,66.3092,233.9532,0.2829,0.0482,2.813,60.1376,232.3576,0.2588,0.0476,3.3876,60.9414,234.1538,0.2601,0.0571
2014-11-29T00:57:59.558Z,3.2029,66.5051,233.9115,0.2845,0.0493,3.0365,60.4158,232.4609,0.2597,0.0514,3.7299,62.0262,234.6555,0.2642,0.0601
2014-11-29T00:58:59.952Z,2.5154,66.5157,233.9993,0.2846,0.0378,3.1202,60.3379,232.2316,0.26,0.0504,3.1781,60.8814,234.6373,0.2595,0.0509
2014-11-29T00:59:59.736Z,2.5849,64.0138,234.1763,0.2726,0.0419,3.0452,58.0988,232.3449,0.2501,0.0538,3.4332,58.878,234.4555,0.251,0.0587
