2014-12-20T00:00:59.706Z,4.3046,44.0833,233.1478,0.1895,0.0987,1.7689,32.8776,232.5291,0.1411,0.0578,4.1452,33.7676,232.3582,0.1455,0.1286
2014-12-20T00:01:59.058Z,3.7936,45.1844,234.0268,0.193,0.0826,2.4964,31.9319,232.0491,0.1376,0.0801,3.1426,32.8037,232.384,0.1416,0.0993
2014-12-20T00:02:59.330Z,5.5442,48.4585,234.2511,0.2064,0.1129,2.6678,29.4755,232.027,0.127,0.0907,3.8587,34.4464,231.7951,0.1486,0.1131
2014-12-20T00:03:59.506Z,5.3126,46.7258,233.914,0.1999,0.1134,2.3584,30.8564,231.8162,0.1329,0.0776,3.9238,35.2459,232.5389,0.1513,0.1107
2014-12-20T00:04:59.596Z,5.3124,46.2807,234.4641,0.1976,0.1125,2.0401,34.4236,232.0785,0.148,0.0638,3.4732,32.9647,232.5278,0.1416,0.1122
2014-12-20T00:05:59.136Z,4.074,46.9987,234.07,0.2009,0.086,2.6421,37.3062,231.6896,0.1608,0.077,3.1299,31.2312,232.0272,0.1341,0.1052
2014-12-20T00:06:59.110Z,4.1525,45.5327,232.5563,0.1958,0.0888,1.8188,31.4944,231.1184,0.1368,0.068,3.5614,34.4147,231.2527,0.1484,0.0995
2014-12-20T00:07:59.731Z,5.2166,46.3635,231.4467,0.2005,0.1122,2.7059,29.8118,230.612,0.1291,0.0888,3.131,32.4607,230.685,0.1411,0.1014
2014-12-20T00:08:59.237Z,4.9618,47.0164,231.2434,0.203,0.1038,2.4522,33.6556,231.2327,0.1458,0.0744,3.1749,32.6874,231.0046,0.1413,0.1041
2014-12-20T00:09:59.461Z,4.2675,45.8686,232.2577,0.1978,0.0929,2.3208,31.821,232.0677,0.1374,0.0751,3.3964,31.7745,230.8297,0.1375,0.1129
2014-12-20T00:10:59.963Z,4.2589,46.0732,232.1549,0.1987,0.0928,2.8685,31.9964,232.2988,0.1368,0.0905,3.3803,34.3998,231.1638,0.1489,0.1008
2014-12-20T00:11:59.400Z,5.1424,46.8311,231.569,0.2024,0.1096,2.4618,35.2504,232.6536,0.1518,0.0747,3.4161,33.4892,231.4407,0.1446,0.1072
2014-12-20T00:12:59.046Z,5.1393,45.4921,233.2619,0.1957,0.1114,2.5137,33.4514,232.1161,0.1442,0.0792,3.2494,33.9936,231.8227,0.1463,0.1008
2014-12-20T00:13:59.549Z,3.8513,45.7536,233.2192,0.196,0.0841,2.3911,30.1851,232.0817,0.1301,0.0761,2.4502,35.4168,231.8783,0.1532,0.0808
2014-12-20T00:14:59.130Z,5.0009,46.7892,233.0029,0.2007,0.1061,2.1239,33.404,231.958,0.144,0.0669,3.2747,33.9599,231.8042,0.1464,0.0971
2014-12-20T00:15:59.089Z,5.4991,46.474,232.5299,0.1997,0.1189,2.0177,31.6837,232.0378,0.1363,0.0682,3.502,34.6202,231.8275,0.1493,0.1068
2014-12-20T00:16:59.907Z,5.155,46.275,231.9915,0.1996,0.1086,2.2788,35.8343,231.1872,0.1553,0.071,3.6197,33.1405,231.6208,0.1428,0.1171
2014-12-20T00:17:59.767Z,4.2433,46.3745,231.1888,0.2005,0.0937,2.1673,31.3551,231.1135,0.1358,0.0693,3.9616,33.4744,231.5958,0.1449,0.1167
2014-12-20T00:18:59.757Z,4.5284,45.5599,230.4065,0.1978,0.0995,2.2171,28.8499,232.3947,0.124,0.0786,2.7702,33.2785,230.8246,0.1444,0.0843
2014-12-20T00:19:59.389Z,4.9281,45.5943,230.7023,0.1976,0.1082,2.416,34.3249,232.8787,0.1476,0.0769,3.6747,34.2297,231.7684,0.1477,0.1074
2014-12-20T00:20:59.129Z,4.9338,43.6965,230.7569,0.1891,0.1119,1.9463,30.5937,232.958,0.1316,0.0671,3.2782,35.8296,231.7965,0.1545,0.1009
2014-12-20T00:21:59.715Z,4.2728,47.0726,230.7464,0.2039,0.0898,2.2577,29.3433,232.7962,0.126,0.0779,3.2061,30.9109,231.8379,0.1335,0.1073
2014-12-20T00:22:59.847Z,4.598,44.4335,230.9573,0.1923,0.1025,2.6221,33.816,232.6185,0.1453,0.0829,3.569,32.7959,231.8735,0.1412,0.1164
2014-12-20T00:23:59.410Z,5.159,44.6606,230.8536,0.1937,0.1142,2.4412,32.5203,233.0597,0.1396,0.0798,4.0564,32.4577,231.7893,0.1403,0.1319
2014-12-20T00:24:59.777Z,4.9592,45.9811,231.6934,0.1986,0.1088,2.582,31.4814,232.8307,0.1359,0.0799,3.0874,30.8372,231.6661,0.1328,0.1112
2014-12-20T00:25:59.025Z,4.3362,45.3583,231.8985,0.1961,0.0962,1.8444,30.6892,232.4892,0.1318,0.0649,3.3917,32.7273,231.6724,0.1416,0.1101
2014-12-20T00:26:59.368Z,5.2352,45.0972,231.28,0.1953,0.1146,2.8368,31.4939,232.0301,0.1362,0.0848,3.2789,33.6697,230.9103,0.1462,0.1051
2014-12-20T00:27:59.738Z,5.0167,46.5438,231.5333,0.2009,0.1095,2.4667,32.5532,231.5946,0.141,0.0793,2.8896,32.2812,230.4514,0.1399,0.0922
2014-12-20T00:28:59.058Z,4.217,43.9802,232.1682,0.1891,0.0951,2.0498,30.4762,232.0046,0.1322,0.0733,3.855,34.6328,230.0479,0.1508,0.1136
2014-12-20T00:29:59.044Z,3.749,44.8201,233.4043,0.1926,0.0823,2.4821,33.4155,231.7442,0.1445,0.0819,3.5489,33.5731,230.4177,0.1454,0.111
2014-12-20T00:30:59.650Z,4.8074,47.0951,233.5087,0.202,0.1014,2.1536,32.5614,230.9418,0.1412,0.0725,3.3435,33.2912,230.4239,0.1446,0.1051
2014-12-20T00:31:59.157Z,5.1118,44.6689,232.1284,0.193,0.1103,1.968,28.9148,231.3152,0.1248,0.0748,3.1336,33.4054,230.5969,0.1449,0.0974
2014-12-20T00:32:59.002Z,3.9965,45.8521,232.3327,0.1974,0.0857,2.7975,37.6112,231.6609,0.1623,0.0753,3.1281,30.7676,230.7779,0.1334,0.1092
2014-12-20T00:33:59.231Z,4.5655,45.3973,232.3622,0.1953,0.0985,2.4215,30.5596,231.6285,0.1316,0.0791,3.5925,31.4549,230.7059,0.1366,0.1187
2014-12-20T00:34:59.722Z,5.0002,46.0521,232.2008,0.1984,0.108,2.4978,31.384,231.7422,0.1355,0.0827,3.606,33.242,230.8842,0.1438,0.118
2014-12-20T00:35:59.166Z,4.5982,46.9532,232.7524,0.2016,0.099,2.5189,33.3401,231.1359,0.1447,0.0811,3.2836,31.582,231.0913,0.1364,0.106
2014-12-20T00:36:59.740Z,4.3328,45.3491,233.1757,0.1939,0.0947,1.9438,30.8016,230.5551,0.1333,0.0665,3.373,34.8274,230.7915,0.1508,0.0997
2014-12-20T00:37:59.026Z,3.828,45.5749,232.9229,0.1955,0.0824,2.2037,29.6269,230.3769,0.1283,0.0752,3.1109,32.4657,230.41,0.1407,0.1022
2014-12-20T00:38:59.390Z,4.87,46.3698,233.6832,0.1978,0.1043,2.7476,34.1196,230.6348,0.1478,0.0871,3.2284,32.3842,230.1278,0.1413,0.1012
2014-12-20T00:39:59.721Z,5.0581,46.1025,233.0636,0.1982,0.1085,2.8993,32.4579,231.622,0.14,0.0875,3.3729,33.0288,230.6223,0.1433,0.1016
2014-12-20T00:40:59.216Z,4.3096,45.8407,232.6972,0.197,0.0942,2.5907,33.7136,231.7436,0.1454,0.0827,3.577,31.4614,231.6266,0.1362,0.1138
2014-12-20T00:41:59.295Z,4.0917,46.0853,232.5482,0.1979,0.0873,2.1808,34.9399,231.794,0.1507,0.0688,3.455,35.0706,231.5773,0.1514,0.1022
2014-12-20T00:42:59.868Z,4.8565,44.7368,232.5738,0.1918,0.1061,2.5865,33.1425,231.8234,0.1428,0.0798,3.9072,34.6392,231.2584,0.1495,0.1175
2014-12-20T00:43:59.216Z,5.3576,46.7459,232.4032,0.2011,0.1151,2.3008,32.9832,231.4168,0.1424,0.072,3.5103,32.8173,230.7207,0.1421,0.1104
2014-12-20T00:44:59.550Z,4.7333,46.2705,231.2672,0.2005,0.1022,2.0534,33.0938,231.8633,0.1425,0.0649,3.1962,33.0722,230.7999,0.1435,0.0998
2014-12-20T00:45:59.522Z,3.6515,44.7499,230.9285,0.1936,0.0801,2.6985,33.7247,231.6679,0.1456,0.0821,3.3773,34.9167,230.578,0.1521,0.0971
2014-12-20T00:46:59.910Z,4.7049,45.5211,230.8165,0.1974,0.1041,2.379,32.0424,230.819,0.1385,0.0734,3.3109,32.2085,230.1785,0.1393,0.1038
2014-12-20T00:47:59.954Z,4.9687,46.8264,230.8829,0.2025,0.1064,2.4523,33.7115,230.2785,0.1462,0.0764,3.1464,33.2085,229.6677,0.1448,0.1002
2014-12-20T00:48:59.619Z,5.1695,46.1116,232.6743,0.1982,0.1122,2.2984,32.3451,229.8638,0.141,0.07,3.7543,33.0571,229.7605,0.1443,0.1169
2014-12-20T00:49:59.877Z,4.8165,47.039,232.4693,0.2023,0.0975,2.4205,34.4665,230.9675,0.1493,0.073,3.1398,30.5766,230.5801,0.1322,0.1034
2014-12-20T00:50:59.411Z,5.4631,46.8177,232.2216,0.2013,0.1172,2.3827,31.9958,230.9678,0.138,0.0761,3.3986,34.2658,230.6263,0.1484,0.1018
2014-12-20T00:51:59.308Z,5.1253,47.7204,232.3653,0.2052,0.1086,2.8987,32.5862,230.9314,0.1414,0.0871,2.962,32.0547,230.734,0.1387,0.1038
2014-12-20T00:52:59.492Z,4.353,46.0319,231.9031,0.199,0.0919,2.457,34.798,230.8195,0.1503,0.0735,3.5445,34.1363,230.7953,0.1482,0.1071
2014-12-20T00:53:59.457Z,4.1722,46.371,232.07,0.2004,0.0899,2.0755,32.2454,230.2454,0.1401,0.0674,3.1809,32.8471,230.9654,0.1422,0.1008
2014-12-20T00:54:59.725Z,4.6602,45.0588,231.6474,0.1945,0.102,2.4838,36.38,230.3663,0.1577,0.0784,3.747,33.8532,230.9529,0.1465,0.1129
2014-12-20T00:55:59.406Z,5.1124,46.792,231.5636,0.2019,0.1089,2.31,34.1443,230.5309,0.1479,0.0716,3.2523,34.4937,231.3327,0.1491,0.0998
2014-12-20T00:56:59.979Z,4.8435,47.1848,231.8246,0.2035,0.102,2.2504,30.5795,229.8359,0.1327,0.0754,3.5648,32.9482,230.7584,0.1428,0.1123
2014-12-20T00:57:59.176Z,4.04,44.8174,231.381,0.1934,0.0901,1.981,32.3521,229.8892,0.1411,0.0663,3.823,35.076,230.7992,0.1516,0.1154
2014-12-20T00:58:59.200Z,3.9841,45.3424,230.3485,0.1969,0.0871,2.1356,31.1037,229.8333,0.1353,0.069,3.61,32.081,231.5269,0.138,0.1168
2014-12-20T00:59:59.504Z,4.8595,46.5042,231.3367,0.2015,0.1055,2.4682,30.4013,231.6523,0.1313,0.0783,3.0398,31.0211,231.5888,0.1337,0.1061
2014-12-20T01:00:59.384Z,4.9862,43.0456,230.664,0.1868,0.1154,2.933,31.7741,231.8049,0.1371,0.0926,3.4667,34.596,231.4904,0.15,0.1026
2014-12-20T01:01:59.446Z,3.8743,46.8544,231.2213,0.2027,0.0829,2.4636,29.0776,231.5591,0.1256,0.0792,3.4963,36.1573,231.5736,0.1556,0.0999
2014-12-20T01:02:59.360Z,4.7522,45.5668,232.0776,0.1963,0.1014,1.7561,31.2776,231.083,0.1359,0.0646,3.8326,33.7429,231.6787,0.1454,0.1168
2014-12-20T01:03:59.721Z,5.1178,46.0116,231.7529,0.1985,0.1124,2.4215,34.8524,231.344,0.1509,0.0686,3.3186,32.5058,231.7251,0.1403,0.1067
2014-12-20T01:04:59.060Z,4.8386,46.7962,231.502,0.2019,0.1041,2.614,33.005,231.4546,0.1429,0.082,2.7477,35.3627,231.7764,0.1523,0.0806
2014-12-20T01:05:59.148Z,4.8614,44.9751,231.5125,0.1943,0.1058,2.5878,32.0474,231.5671,0.1382,0.0818,3.8776,34.3778,232.0126,0.1479,0.1156
2014-12-20T01:06:59.477Z,5.0147,46.4003,231.2335,0.2003,0.108,2.7433,32.2558,230.7274,0.1396,0.0871,3.084,34.2844,231.0175,0.1487,0.0976
2014-12-20T01:07:59.895Z,5.143,46.4152,231.1886,0.2007,0.111,2.2425,33.7074,230.6155,0.1462,0.0721,3.4699,33.8265,230.9328,0.1462,0.1085
2014-12-20T01:08:59.406Z,4.8073,46.554,230.7523,0.2016,0.1047,2.763,32.2664,230.0024,0.1399,0.0917,3.4231,32.1863,230.9828,0.1391,0.1123
2014-12-20T01:09:59.052Z,4.6759,47.2371,231.7782,0.204,0.0976,2.4916,33.2147,231.2644,0.144,0.0786,3.3699,32.4616,231.2293,0.1408,0.1093
2014-12-20T01:10:59.955Z,4.0202,45.6939,231.8847,0.1974,0.0876,2.8403,34.1817,231.3618,0.1474,0.084,3.1502,33.4902,230.9222,0.1445,0.0962
2014-12-20T01:11:59.477Z,5.1632,46.0602,232.2473,0.1982,0.1082,2.3152,32.1632,231.3572,0.1392,0.0747,3.2539,33.0522,230.8604,0.1433,0.1064
2014-12-20T01:12:59.473Z,5.1474,45.2765,232.7541,0.1943,0.113,2.3347,34.4199,231.3479,0.1491,0.0704,3.912,35.4108,231.4896,0.1533,0.1119
2014-12-20T01:13:59.905Z,4.8676,46.7608,232.2224,0.2011,0.1034,2.4347,29.943,231.0117,0.1296,0.0811,3.5576,32.2535,231.6225,0.1389,0.1117
2014-12-20T01:14:59.487Z,4.7946,47.4527,232.433,0.2047,0.1017,2.214,31.7739,231.1899,0.1378,0.0751,3.3004,33.237,231.7807,0.143,0.1076
2014-12-20T01:15:59.861Z,5.4685,46.4754,231.0824,0.2012,0.1174,2.7318,32.2179,231.2474,0.1393,0.0817,3.6977,33.2013,231.3611,0.1429,0.1147
2014-12-20T01:16:59.785Z,4.7607,45.0274,230.2853,0.1956,0.1057,2.5233,29.8129,231.1657,0.1284,0.0873,3.3474,31.6335,230.7508,0.137,0.1105
2014-12-20T01:17:59.781Z,4.0956,47.1049,230.3876,0.204,0.0857,2.2113,33.2163,230.7442,0.1441,0.0737,3.021,31.6602,230.0048,0.1377,0.1009
2014-12-20T01:18:59.933Z,4.7891,47.3734,230.2391,0.2058,0.1018,2.1328,29.1614,230.8456,0.1267,0.0757,3.2169,30.8699,229.8181,0.1345,0.1108
2014-12-20T01:19:59.108Z,5.3252,46.2165,232.2791,0.1988,0.1141,2.8119,29.1038,230.3212,0.1262,0.0985,3.5772,31.0434,231.7991,0.1338,0.1189
2014-12-20T01:20:59.858Z,5.4496,45.4252,232.3773,0.1957,0.1188,2.3872,30.923,229.8113,0.1342,0.0789,3.3387,32.5659,231.1613,0.1409,0.1062
2014-12-20T01:21:59.541Z,3.561,45.9481,232.9932,0.1973,0.0792,2.6785,34.6253,229.9638,0.1504,0.0796,3.6947,32.6715,228.4746,0.1436,0.1191
2014-12-20T01:22:59.870Z,4.2812,43.878,232.3214,0.1887,0.0975,2.1053,29.982,229.9284,0.1301,0.0726,3.301,32.1626,230.8445,0.1393,0.1146
2014-12-20T01:23:59.551Z,5.2611,44.7044,231.908,0.1923,0.1164,2.3235,35.7788,230.3746,0.1556,0.0658,3.7854,32.7792,230.5347,0.1426,0.1135
2014-12-20T01:24:59.797Z,5.2808,46.1115,231.8196,0.1995,0.1137,2.4779,32.5438,230.3178,0.1416,0.0795,3.642,32.7837,230.9504,0.1418,0.1156
2014-12-20T01:25:59.677Z,5.1169,46.3807,231.5986,0.2002,0.1109,2.598,33.0156,230.4615,0.1431,0.086,3.4092,35.0556,230.787,0.1514,0.1
2014-12-20T01:26:59.507Z,4.0994,46.1444,231.5757,0.1988,0.0884,2.1997,34.8192,229.7201,0.1519,0.0643,3.1479,33.5908,230.4596,0.1456,0.0983
2014-12-20T01:27:59.629Z,4.2104,45.04,232.0533,0.194,0.0913,1.813,33.3309,229.628,0.1455,0.0629,3.2987,33.8266,230.3641,0.1472,0.1046
2014-12-20T01:28:59.330Z,5.2553,47.0906,232.2473,0.2022,0.1119,2.2908,32.7331,228.9444,0.1438,0.0712,3.3973,34.0819,230.5613,0.148,0.1012
2014-12-20T01:29:59.067Z,4.7166,46.3334,231.9207,0.1992,0.1001,2.6423,33.1247,230.5811,0.1435,0.0822,3.321,33.7122,231.4762,0.1456,0.1037
2014-12-20T01:30:59.408Z,4.2949,45.6038,232.0245,0.1962,0.0943,2.2753,37.1276,230.7745,0.1612,0.0621,3.0607,32.032,231.5522,0.1386,0.1042
2014-12-20T01:31:59.713Z,4.9865,47.0116,232.3021,0.2025,0.1063,2.571,32.0238,231.1388,0.1377,0.0791,3.2925,34.2825,231.4037,0.1481,0.0969
2014-12-20T01:32:59.935Z,5.3943,46.783,232.4898,0.2018,0.1162,2.6873,30.2301,230.8197,0.1317,0.0879,2.9936,30.8914,231.1553,0.1334,0.1036
2014-12-20T01:33:59.031Z,5.0674,45.8716,232.4712,0.197,0.1071,2.6266,32.5561,230.4601,0.1407,0.0806,3.6349,32.1673,231.7488,0.1382,0.1164
2014-12-20T01:34:59.558Z,4.2675,46.7614,232.3976,0.2009,0.0901,2.2239,32.5375,230.362,0.1411,0.0746,3.3157,34.2045,231.8772,0.1473,0.1011
2014-12-20T01:35:59.246Z,4.7368,46.1211,232.4623,0.1988,0.103,2.6076,32.6542,230.2821,0.1413,0.0828,3.5422,35.5412,231.8072,0.153,0.0992
2014-12-20T01:36:59.125Z,4.7958,45.7641,230.9352,0.198,0.1047,2.0596,32.7895,229.8592,0.1431,0.0722,3.3947,33.4734,231.0868,0.1456,0.1091
2014-12-20T01:37:59.683Z,4.8114,46.337,231.074,0.201,0.1042,2.1137,29.6274,229.3395,0.1289,0.0747,3.4209,32.8276,229.8602,0.143,0.1077
2014-12-20T01:38:59.442Z,4.7064,46.945,231.4153,0.2029,0.0999,2.5368,31.3474,228.6979,0.1366,0.0782,3.012,30.7249,229.7589,0.1334,0.0993
2014-12-20T01:39:59.213Z,5.0386,46.2415,231.3021,0.2003,0.1087,2.3296,32.8801,230.6443,0.1426,0.0749,3.4456,36.0382,232.3193,0.1548,0.0969
2014-12-20T01:40:59.581Z,5.0054,46.2559,232.0051,0.1991,0.1072,2.1618,35.5385,230.4998,0.1542,0.0702,3.3901,34.6618,232.3645,0.149,0.1004
2014-12-20T01:41:59.996Z,4.8373,45.7413,231.931,0.197,0.1058,2.2441,32.3535,230.3685,0.14,0.0752,3.4643,34.6167,232.4911,0.1486,0.1055
2014-12-20T01:42:59.032Z,4.7855,45.8253,231.7867,0.1978,0.1055,2.8272,33.7189,230.4552,0.1469,0.0847,3.7033,33.3612,232.498,0.1438,0.1154
2014-12-20T01:43:59.477Z,5.1708,46.8739,232.2142,0.2016,0.1079,2.7187,33.5009,230.3937,0.1455,0.0848,3.3836,34.5016,232.169,0.1484,0.1028
2014-12-20T01:44:59.205Z,4.9148,46.7413,232.0085,0.2017,0.1062,1.952,32.3103,230.5422,0.1404,0.0622,3.5661,32.2482,232.2216,0.1391,0.111
2014-12-20T01:45:59.636Z,4.1739,44.8598,232.4758,0.1931,0.0935,2.2384,33.3865,230.3954,0.1448,0.0729,3.5152,33.7558,231.5896,0.1455,0.1019
2014-12-20T01:46:59.007Z,5.1128,47.494,232.2188,0.2044,0.1077,2.4917,34.929,229.5854,0.1519,0.0742,3.7077,33.1916,230.7758,0.1439,0.112
2014-12-20T01:47:59.385Z,4.7814,45.8298,231.656,0.1979,0.1053,2.6008,32.0384,230.0112,0.1398,0.0871,3.3547,33.8545,231.604,0.1463,0.1075
2014-12-20T01:48:59.775Z,5.0988,47.0047,231.3775,0.2034,0.109,2.6105,34.5448,229.5045,0.1505,0.0763,2.9791,33.997,231.683,0.1458,0.0933
2014-12-20T01:49:59.280Z,4.0754,45.5906,231.5897,0.1966,0.0878,2.2384,31.6368,231.169,0.1364,0.0747,3.3581,34.9389,231.6427,0.1508,0.1027
2014-12-20T01:50:59.593Z,4.4459,46.7878,231.4187,0.2024,0.0937,2.2389,31.9946,231.2713,0.1385,0.0738,3.4001,31.2998,231.0883,0.1357,0.1093
2014-12-20T01:51:59.943Z,4.6229,45.2287,231.7031,0.1954,0.1019,2.411,32.2192,231.2518,0.1395,0.0793,3.5686,33.7858,230.9977,0.1466,0.1116
2014-12-20T01:52:59.332Z,4.8589,46.3366,231.6957,0.1999,0.1034,2.4971,32.8503,231.3959,0.1416,0.0798,3.6803,33.2676,230.939,0.1442,0.1118
2014-12-20T01:53:59.611Z,4.661,46.1691,232.0398,0.1989,0.099,2.4326,34.1468,231.659,0.1476,0.0811,3.4124,33.3763,230.917,0.1445,0.1054
2014-12-20T01:54:59.923Z,4.8178,46.3864,232.006,0.2002,0.1033,2.337,31.8696,231.8519,0.1381,0.0778,3.1708,35.139,231.0688,0.1526,0.0969
2014-12-20T01:55:59.173Z,5.3653,45.3442,231.84,0.195,0.1169,2.5736,30.2768,232.0851,0.13,0.0857,3.352,34.9237,231.1193,0.1513,0.1032
2014-12-20T01:56:59.080Z,4.9918,47.0558,231.1121,0.203,0.1063,2.1757,33.8183,231.1047,0.1461,0.072,3.0613,33.0968,230.2229,0.144,0.0899
2014-12-20T01:57:59.048Z,4.1189,45.861,230.66,0.1988,0.0893,2.4591,35.4362,231.2605,0.1534,0.0765,3.9676,34.5767,229.9805,0.1509,0.1165
2014-12-20T01:58:59.677Z,4.3695,45.405,230.5107,0.1974,0.0943,2.4121,33.979,231.3033,0.1466,0.0809,3.4873,30.5733,229.3263,0.133,0.1232
2014-12-20T01:59:59.376Z,5.0075,46.8395,231.3526,0.2021,0.1067,2.2796,32.9191,231.8756,0.1423,0.0763,3.3514,33.1074,230.8246,0.144,0.1075
