2014-12-16T00:00:59.587Z,2.7297,43.9131,234.7837,0.187,0.064,2.7519,32.1538,232.9213,0.1381,0.0929,3.4991,33.1473,233.1213,0.1421,0.1095
2014-12-16T00:01:59.394Z,2.059,44.429,233.081,0.1909,0.0468,3.039,30.9437,231.5464,0.1337,0.101,3.199,32.3546,231.834,0.1401,0.1079
2014-12-16T00:02:59.107Z,2.1469,43.5507,232.0823,0.1877,0.0511,3.0118,31.6471,231.6044,0.1369,0.0978,3.4834,32.2839,231.8933,0.1392,0.1173
2014-12-16T00:03:59.157Z,3.4268,43.9185,231.8225,0.1896,0.0777,2.7623,31.7934,230.451,0.1378,0.0929,3.4544,33.773,232.3331,0.1452,0.1125
2014-12-16T00:04:59.892Z,2.5099,45.2141,231.4391,0.1949,0.0549,2.5514,30.5226,230.6672,0.1324,0.0879,3.2174,33.0293,232.4635,0.1425,0.1071
2014-12-16T00:05:59.684Z,2.1476,44.3532,232.7111,0.1904,0.0485,2.5351,31.93,229.9357,0.1388,0.0803,3.5298,33.8152,232.882,0.1455,0.1116
2014-12-16T00:06:59.402Z,2.219,44.3178,232.8758,0.1903,0.0514,2.51,31.5211,230.0332,0.1372,0.0832,3.3796,31.8388,233.048,0.1369,0.1099
2014-12-16T00:07:59.909Z,2.6418,44.45,232.2974,0.1913,0.0614,2.7716,32.0604,231.5812,0.1383,0.0916,3.5573,32.9777,232.6283,0.1417,0.1128
2014-12-16T00:08:59.361Z,2.1249,45.0323,232.4846,0.1939,0.0472,2.2854,31.6323,231.3568,0.1369,0.0823,3.698,33.1089,232.3661,0.1416,0.115
2014-12-16T00:09:59.119Z,2.8113,45.032,232.9152,0.1933,0.0643,3.0141,30.4103,231.5126,0.1308,0.1068,3.2387,33.2353,232.3974,0.1431,0.1024
2014-12-16T00:10:59.590Z,2.9312,43.6515,232.3918,0.1875,0.0674,3.1418,31.371,231.8133,0.1353,0.0979,3.6492,34.0987,232.2597,0.1473,0.1085
2014-12-16T00:11:59.908Z,2.4045,44.3258,232.7975,0.1907,0.0538,2.6941,31.1798,231.6545,0.1348,0.0914,3.377,31.7742,231.6979,0.1369,0.1098
2014-12-16T00:12:59.245Z,2.7567,44.0844,232.3677,0.1894,0.0634,3.141,30.9626,230.464,0.1344,0.107,3.1399,33.2157,231.5768,0.144,0.1001
2014-12-16T00:13:59.704Z,3.2588,45.1359,232.29,0.1943,0.0714,2.7457,32.5742,230.202,0.1416,0.0898,3.4876,33.3587,231.142,0.144,0.1118
2014-12-16T00:14:59.489Z,3.5974,43.3081,231.8347,0.1869,0.0834,2.7478,33.764,231.0981,0.1461,0.0899,3.4431,32.2994,231.0839,0.1401,0.1123
2014-12-16T00:15:59.799Z,2.353,44.3387,232.0658,0.1904,0.0542,2.6862,33.394,231.5583,0.144,0.086,3.4116,32.9271,232.3959,0.1417,0.1065
2014-12-16T00:16:59.545Z,2.637,43.494,232.2412,0.1871,0.0601,3.2763,31.2057,231.9138,0.1348,0.1122,3.6654,34.0236,232.4884,0.1463,0.109
2014-12-16T00:17:59.007Z,3.5433,44.4999,232.504,0.1914,0.0792,2.7049,31.6456,231.6737,0.1363,0.0941,4.0308,34.3129,232.692,0.1479,0.1239
2014-12-16T00:18:59.236Z,2.5997,43.7548,232.11,0.1886,0.0589,3.351,32.9645,232.0168,0.142,0.1032,3.2352,32.5734,233.0245,0.1392,0.1074
2014-12-16T00:19:59.524Z,2.5944,43.689,232.2755,0.1884,0.058,2.6274,32.9591,232.0515,0.1418,0.0855,3.2273,31.6893,232.8466,0.136,0.1133
2014-12-16T00:20:59.284Z,2.7474,43.4682,232.0343,0.1882,0.0647,2.3755,30.6815,232.3014,0.1321,0.0866,3.7626,29.937,232.4286,0.1287,0.1311
2014-12-16T00:21:59.150Z,2.3314,43.029,232.253,0.1851,0.0537,2.8266,31.0193,232.0582,0.1339,0.0978,3.6278,30.6987,232.2651,0.1319,0.1271
2014-12-16T00:22:59.449Z,2.1995,44.104,232.248,0.1901,0.0511,2.6254,29.5587,231.046,0.1279,0.091,3.5865,31.4242,231.8862,0.1354,0.1235
2014-12-16T00:23:59.810Z,2.1618,43.1956,231.5189,0.1868,0.0495,2.2279,29.5769,230.7249,0.1282,0.0862,3.4891,30.8519,231.0174,0.1338,0.1211
2014-12-16T00:24:59.379Z,2.9958,42.9117,231.6525,0.1861,0.0713,3.0501,32.7964,230.6576,0.142,0.1001,4.1356,31.1178,230.5876,0.1348,0.1369
2014-12-16T00:25:59.169Z,3.2922,44.1177,232.7782,0.1892,0.074,2.3991,30.0677,231.1071,0.1301,0.0858,3.7048,30.2423,232.2805,0.1298,0.1259
2014-12-16T00:26:59.083Z,3.1564,44.4716,232.7445,0.1911,0.0704,2.5911,30.6698,231.3086,0.1323,0.0903,3.6474,31.2868,232.4934,0.1348,0.1284
2014-12-16T00:27:59.353Z,2.2747,45.6687,232.8815,0.1968,0.0504,2.7955,32.4821,231.9941,0.1398,0.0874,3.2903,33.4065,232.8234,0.1435,0.1048
2014-12-16T00:28:59.094Z,2.7835,43.7024,233.1842,0.1871,0.063,2.7154,30.4174,233.1449,0.1312,0.0919,3.5576,31.0867,233.1569,0.1333,0.1252
2014-12-16T00:29:59.492Z,3.3102,43.5288,233.2914,0.1868,0.0771,3.2241,30.6781,233.1387,0.1316,0.108,3.4903,32.6466,232.8963,0.1398,0.1113
2014-12-16T00:30:59.183Z,3.0723,44.2063,232.7588,0.1903,0.0729,2.3821,31.086,232.787,0.133,0.0813,3.4055,32.8889,232.6757,0.1413,0.1092
2014-12-16T00:31:59.139Z,3.0973,41.986,231.4588,0.1811,0.0753,3.102,32.9751,231.6895,0.1422,0.1018,3.16,31.8691,232.7846,0.137,0.108
2014-12-16T00:32:59.118Z,2.1059,44.4448,231.2578,0.1919,0.048,2.7092,32.8527,231.3183,0.1422,0.0939,3.4405,32.8434,232.5489,0.1416,0.1091
2014-12-16T00:33:59.093Z,2.3783,42.8614,231.5559,0.1851,0.0552,3.0442,33.9304,230.7955,0.1471,0.097,3.4768,31.6941,232.4447,0.1367,0.1156
2014-12-16T00:34:59.508Z,2.4546,45.1609,232.8788,0.1938,0.0536,2.6758,31.3326,229.72,0.1367,0.0947,3.5051,32.3229,232.3914,0.1391,0.1118
2014-12-16T00:35:59.953Z,2.3201,44.6239,232.6567,0.1917,0.0546,2.928,32.0539,231.1724,0.1387,0.0938,3.4929,32.257,233.4795,0.1379,0.1166
2014-12-16T00:36:59.471Z,3.5704,45.4552,232.6577,0.1948,0.0807,2.7137,32.2298,231.2978,0.1387,0.0921,3.2339,32.3107,232.9434,0.1387,0.102
2014-12-16T00:37:59.388Z,3.4514,45.0446,232.8927,0.1934,0.077,2.5741,32.2058,231.0204,0.1392,0.0875,3.8278,33.3638,232.8726,0.1432,0.1149
2014-12-16T00:38:59.402Z,2.5782,45.3015,232.7605,0.1945,0.0605,2.7192,32.1059,230.6223,0.1397,0.0867,3.206,31.9757,232.4687,0.1374,0.1079
2014-12-16T00:39:59.833Z,2.7211,45.3835,232.4622,0.1947,0.0596,2.7863,32.7623,230.8733,0.1413,0.0863,3.3518,32.4557,232.3507,0.1402,0.1092
2014-12-16T00:40:59.945Z,2.9547,43.8438,232.6513,0.1884,0.0659,3.0049,33.1564,231.3975,0.143,0.0953,3.2755,32.1725,232.0963,0.1385,0.1076
2014-12-16T00:41:59.543Z,2.8763,45.4815,232.6103,0.1957,0.0615,3.2614,32.866,231.2954,0.1418,0.1048,3.5597,33.1777,232.2586,0.1429,0.1146
2014-12-16T00:42:59.965Z,2.5753,44.5873,232.4705,0.1919,0.0592,2.7984,31.089,231.1513,0.1346,0.0935,3.6613,33.0027,232.0323,0.1427,0.1174
2014-12-16T00:43:59.720Z,2.3215,44.753,233.0408,0.1924,0.054,3.0504,31.9485,230.0688,0.1387,0.0988,3.682,31.7958,231.463,0.1377,0.1192
2014-12-16T00:44:59.126Z,3.1829,44.03,232.7028,0.1892,0.0717,2.3688,31.7243,229.6117,0.1378,0.0801,4.1246,33.573,231.2502,0.1453,0.1272
2014-12-16T00:45:59.818Z,2.8755,44.0965,232.2983,0.19,0.0671,2.2108,31.2392,231.6964,0.135,0.0778,3.6622,32.9324,232.4347,0.1418,0.1197
2014-12-16T00:46:59.465Z,2.3042,45.4841,232.0833,0.1957,0.0504,2.9171,32.3722,231.7389,0.1398,0.0904,3.1277,32.9383,232.0529,0.1422,0.1013
2014-12-16T00:47:59.885Z,2.2711,44.4763,231.9037,0.1915,0.0527,2.7524,31.3575,231.5613,0.1349,0.0925,3.6253,33.6645,232.7884,0.1451,0.1122
2014-12-16T00:48:59.571Z,2.9632,43.0729,232.2708,0.1857,0.0684,2.8917,32.1542,231.1673,0.1387,0.0981,3.5844,32.2556,233.8922,0.1376,0.1148
2014-12-16T00:49:59.879Z,2.2601,45.3626,232.7076,0.1947,0.0504,3.4565,31.8299,230.3577,0.1382,0.1112,3.4917,32.6835,233.8542,0.1399,0.1124
2014-12-16T00:50:59.654Z,2.566,44.6241,232.8131,0.1918,0.0588,3.1213,31.3388,230.0644,0.1354,0.1018,3.6344,31.959,233.6204,0.1368,0.1186
2014-12-16T00:51:59.337Z,2.8226,44.4607,232.7992,0.1907,0.0638,2.8282,30.5448,230.3543,0.1327,0.0958,2.9745,32.7048,233.0787,0.1409,0.0988
2014-12-16T00:52:59.297Z,2.3481,44.3282,231.8996,0.1907,0.0531,3.0075,33.0152,230.1932,0.143,0.0947,3.3931,35.9266,232.6804,0.1545,0.1108
2014-12-16T00:53:59.658Z,2.169,43.6386,232.0714,0.1879,0.0511,2.5625,34.2211,230.4684,0.1487,0.0835,3.6374,31.503,232.3365,0.1355,0.1231
2014-12-16T00:54:59.686Z,3.4059,44.1345,231.9211,0.191,0.0787,2.5279,33.5903,230.6553,0.1455,0.0885,3.1592,32.7527,231.8421,0.1414,0.0997
2014-12-16T00:55:59.678Z,2.562,43.5021,232.6401,0.1873,0.058,2.7947,34.3893,230.6243,0.1492,0.088,3.5729,33.0619,232.9188,0.1413,0.1133
2014-12-16T00:56:59.270Z,2.0349,44.3403,232.5197,0.1904,0.0464,2.9544,32.2992,230.5194,0.1401,0.0952,3.5566,32.0573,232.3582,0.1379,0.1166
2014-12-16T00:57:59.190Z,2.8163,44.9141,233.1784,0.1927,0.0613,2.9225,33.4216,230.3185,0.1453,0.0979,3.2618,32.7013,229.6091,0.1422,0.104
2014-12-16T00:58:59.134Z,3.4185,45.3262,233.4034,0.1936,0.0741,2.8513,31.119,227.4805,0.137,0.0957,3.6556,32.354,233.7734,0.1387,0.1243
2014-12-16T00:59:59.980Z,2.4973,43.6483,232.6186,0.1876,0.0572,2.6871,29.4712,229.5222,0.1285,0.0898,3.501,32.7682,233.4526,0.1405,0.1234
2014-12-16T01:00:59.451Z,2.323,43.2863,231.9326,0.1861,0.0537,2.5128,32.7084,230.9106,0.1419,0.0824,3.4954,33.0739,232.8,0.1429,0.1073
2014-12-16T01:01:59.044Z,2.9351,44.1401,232.0055,0.1898,0.0658,3.2357,32.2654,230.8267,0.1402,0.1032,3.5567,33.3832,232.3065,0.1437,0.1162
2014-12-16T01:02:59.415Z,2.9569,43.714,231.4193,0.1886,0.0679,2.3734,31.7319,230.289,0.1379,0.0784,3.3942,31.9203,231.9579,0.1378,0.1186
2014-12-16T01:03:59.546Z,2.9519,43.7704,231.669,0.1887,0.0677,2.7625,32.8965,230.7224,0.1425,0.0893,3.4,31.9978,232.1213,0.1381,0.1133
2014-12-16T01:04:59.245Z,2.4624,44.9747,231.468,0.1938,0.0542,2.8203,32.0271,230.7427,0.1391,0.0969,3.5988,33.7336,232.2002,0.1454,0.114
2014-12-16T01:05:59.588Z,2.8305,43.616,232.1353,0.1877,0.0654,2.8508,32.3963,231.94,0.1395,0.092,3.5923,33.5621,232.0945,0.1449,0.1147
2014-12-16T01:06:59.012Z,2.7531,44.8393,232.2973,0.1932,0.0608,2.844,32.2412,231.7898,0.1391,0.0872,3.3787,33.4792,231.856,0.1449,0.1052
2014-12-16T01:07:59.607Z,2.8228,44.1058,232.145,0.1901,0.0632,2.6642,32.0464,231.9421,0.1383,0.0928,3.5836,33.0774,231.6486,0.1428,0.1191
2014-12-16T01:08:59.443Z,2.6789,44.1922,231.8823,0.1904,0.0588,2.6043,32.4035,231.9495,0.1399,0.0888,3.0585,34.6621,231.9237,0.1492,0.0945
2014-12-16T01:09:59.584Z,2.52,43.4295,231.4043,0.1878,0.0596,2.8932,32.8237,231.612,0.1416,0.0929,3.4101,34.7447,232.1164,0.1498,0.1121
2014-12-16T01:10:59.243Z,3.1907,43.7813,231.176,0.1897,0.0724,2.9104,33.0718,231.6366,0.1423,0.0893,3.6382,31.5527,232.0968,0.1357,0.1252
2014-12-16T01:12:59.784Z,2.4591,44.3769,231.3506,0.1917,0.0563,2.7073,32.928,231.2934,0.1422,0.089,3.0962,32.4829,231.5609,0.1403,0.1048
2014-12-16T01:13:59.752Z,2.4613,44.26,232.1545,0.1905,0.0541,2.7471,32.6613,231.2732,0.1413,0.0832,3.782,31.4769,231.8155,0.1359,0.1258
2014-12-16T01:14:59.383Z,2.4184,44.5013,230.3558,0.1931,0.053,2.7364,31.2987,230.1194,0.1361,0.0922,3.4492,32.7803,232.204,0.1411,0.1114
2014-12-16T01:15:59.889Z,2.962,44.5862,230.75,0.1928,0.0684,2.6357,31.6854,230.8091,0.1379,0.0878,3.653,33.1775,231.9459,0.143,0.1111
2014-12-16T01:16:59.559Z,2.1868,43.5527,231.2114,0.1886,0.0459,2.7149,33.3867,230.7804,0.1452,0.0911,3.4854,32.1528,231.4793,0.139,0.1148
2014-12-16T01:17:59.245Z,2.242,44.8827,232.3301,0.1928,0.0489,2.6666,31.6112,231.0088,0.1372,0.0915,3.4976,33.4063,232.3779,0.1436,0.1053
2014-12-16T01:18:59.968Z,2.6938,43.8487,232.4862,0.1881,0.0578,2.8016,32.856,230.8322,0.1427,0.092,3.2516,32.2366,232.7149,0.1384,0.1078
2014-12-16T01:19:59.459Z,2.4088,44.1664,232.3596,0.1897,0.0549,2.7659,31.2352,231.3921,0.1356,0.0981,3.2944,33.1294,232.308,0.1426,0.1023
2014-12-16T01:20:59.327Z,2.345,44.9942,232.5886,0.1939,0.052,2.1429,29.7708,232.0056,0.1286,0.0824,3.6636,33.1063,232.4822,0.1426,0.117
2014-12-16T01:21:59.917Z,2.6599,43.4414,232.5914,0.187,0.0615,2.7307,30.9914,232.2222,0.1339,0.0935,3.4,31.8842,232.3307,0.1378,0.1174
2014-12-16T01:22:59.332Z,2.8641,42.9012,232.74,0.1843,0.0662,2.8224,30.0613,231.5266,0.1298,0.0952,3.5923,32.425,232.1069,0.1393,0.1137
2014-12-16T01:23:59.986Z,2.4284,44.8034,232.9557,0.192,0.0557,2.7675,31.1904,231.6335,0.1349,0.0957,3.8788,32.9104,231.6833,0.1417,0.1242
2014-12-16T01:24:59.626Z,2.3159,43.6913,232.4347,0.1875,0.0525,2.3004,29.3579,231.5273,0.1265,0.0814,3.4333,31.448,230.6159,0.1365,0.1177
2014-12-16T01:25:59.669Z,3.2503,44.0684,233.1519,0.1888,0.0732,3.2218,33.6234,231.6049,0.1454,0.1036,3.231,31.595,231.6493,0.1364,0.1082
2014-12-16T01:26:59.926Z,2.7992,45.4375,232.3252,0.1959,0.0616,3.0552,32.809,231.8068,0.1414,0.1001,3.1688,32.7642,231.9539,0.1411,0.1027
2014-12-16T01:27:59.799Z,2.5403,43.7597,232.6409,0.1884,0.06,3.1374,30.8347,232.1004,0.1322,0.1043,3.0891,32.887,232.2022,0.1422,0.0999
2014-12-16T01:28:59.756Z,3.3659,45.271,232.6515,0.1948,0.0752,3.1092,32.097,232.2784,0.1382,0.1033,3.9752,33.0547,232.1581,0.1423,0.1265
2014-12-16T01:29:59.179Z,2.8086,44.5025,232.3266,0.1918,0.0647,3.1225,32.0036,231.7979,0.1379,0.0993,3.5327,32.2964,231.848,0.139,0.1192
2014-12-16T01:30:59.485Z,2.9741,44.196,232.7435,0.1901,0.0664,2.2899,32.2102,232.2524,0.1392,0.0812,3.7026,31.8429,232.254,0.1376,0.1154
2014-12-16T01:31:59.177Z,2.1608,45.4148,232.7023,0.195,0.0482,3.3606,33.3006,232.456,0.1432,0.1034,3.4888,32.8044,232.4089,0.1406,0.1148
2014-12-16T01:32:59.775Z,2.8283,44.0784,232.1482,0.1893,0.0671,3.1186,30.8533,231.6716,0.133,0.1013,3.3949,33.8343,232.2455,0.1462,0.1028
2014-12-16T01:33:59.141Z,2.1768,45.1396,231.5893,0.1948,0.0487,2.295,30.7219,231.0561,0.133,0.0872,3.0141,32.7313,232.0408,0.1409,0.0961
2014-12-16T01:34:59.570Z,2.6379,44.5293,231.882,0.1916,0.0587,2.7978,30.5347,230.1216,0.1325,0.0953,3.1984,33.5971,231.154,0.1451,0.0989
2014-12-16T01:35:59.849Z,2.2374,43.9071,231.9676,0.1892,0.0512,3.0025,31.0068,231.6618,0.1335,0.1019,3.1542,32.7033,232.057,0.1403,0.1043
2014-12-16T01:36:59.788Z,3.0912,44.4373,231.8899,0.1916,0.0687,2.9868,30.2942,231.96,0.13,0.1032,3.3866,32.5137,231.9871,0.1401,0.1038
2014-12-16T01:37:59.322Z,2.3133,44.0871,232.1336,0.1897,0.0512,2.6961,33.2847,232.1223,0.1438,0.0888,3.018,33.9954,231.9718,0.1466,0.0936
2014-12-16T01:39:59.438Z,2.5518,44.8428,232.1723,0.1933,0.0582,2.8404,32.1224,231.5711,0.1387,0.0927,3.5341,31.6503,231.7788,0.1366,0.1201
2014-12-16T01:40:59.968Z,3.0612,44.8486,232.297,0.1929,0.0683,2.7986,33.6027,230.8317,0.1454,0.0891,3.7312,33.5692,231.9187,0.1446,0.115
2014-12-16T01:41:59.436Z,2.5797,43.162,232.2203,0.1858,0.0599,2.8906,34.2338,230.272,0.149,0.0989,3.4236,33.0059,232.1589,0.1422,0.1103
2014-12-16T01:42:59.854Z,2.5673,44.663,231.9615,0.1927,0.0573,3.0626,31.1266,230.3277,0.1347,0.1049,3.5281,32.2432,231.7054,0.1388,0.1052
2014-12-16T01:43:59.783Z,2.3351,44.3548,231.8424,0.1912,0.0538,2.797,31.8488,229.937,0.1386,0.0915,3.1934,31.5264,230.8096,0.1369,0.1087
2014-12-16T01:44:59.761Z,2.8495,44.007,232.4675,0.1896,0.0634,2.9629,30.4641,229.6744,0.1321,0.1042,3.3895,32.7362,231.2275,0.1418,0.1049
2014-12-16T01:45:59.134Z,2.2696,45.3241,232.8297,0.1943,0.0489,2.9293,31.2183,230.9799,0.1356,0.1017,3.5954,32.7402,233.0558,0.1408,0.1117
2014-12-16T01:46:59.654Z,2.3868,43.544,232.6784,0.1875,0.0553,3.1559,30.8092,230.7405,0.1329,0.1009,3.8138,33.9559,233.3584,0.1448,0.1153
2014-12-16T01:47:59.088Z,2.6207,43.7404,232.605,0.1887,0.0581,3.0618,32.7459,231.1782,0.1417,0.0992,3.4572,33.6246,233.5094,0.1441,0.1122
2014-12-16T01:48:59.861Z,2.3199,45.2102,232.7102,0.1942,0.0507,3.1846,33.1862,230.9712,0.1438,0.1021,3.1501,32.843,233.2035,0.1411,0.1052
2014-12-16T01:49:59.524Z,2.1087,45.0842,232.5314,0.1943,0.0478,2.484,31.1961,230.8623,0.1351,0.0856,3.5716,32.4248,233.0407,0.1389,0.1197
2014-12-16T01:50:59.923Z,2.5623,44.4936,232.9505,0.1912,0.0575,2.6304,32.571,231.4815,0.1407,0.0845,3.5085,33.4579,233.8662,0.1428,0.116
2014-12-16T01:51:59.367Z,3.2978,45.1311,232.9801,0.1937,0.0728,3.1959,32.6153,231.7304,0.1408,0.0994,3.4453,32.5921,234.0962,0.1387,0.1138
2014-12-16T01:52:59.837Z,2.2838,43.9576,232.4073,0.1899,0.0532,2.7985,31.8066,231.5263,0.1375,0.097,3.2041,32.2886,233.0951,0.1385,0.106
2014-12-16T01:53:59.467Z,2.2806,45.299,232.142,0.1951,0.0508,2.7251,31.9306,230.8654,0.1388,0.0942,2.9464,32.6049,232.8982,0.1401,0.0976
2014-12-16T01:54:59.838Z,3.1614,44.6373,231.4096,0.1922,0.0702,2.6334,31.5624,230.9364,0.1365,0.0899,3.4313,33.1369,231.7396,0.1426,0.1082
2014-12-16T01:55:59.023Z,2.7714,44.4434,232.1258,0.1912,0.0613,3.0047,31.8803,231.5404,0.1376,0.0979,3.6506,32.9868,232.8952,0.1419,0.1132
2014-12-16T01:56:59.582Z,2.4149,45.5599,232.9391,0.1962,0.0541,2.7273,32.4954,231.6068,0.14,0.0915,3.324,32.4066,232.4962,0.1397,0.1083
2014-12-16T01:57:59.646Z,2.6969,43.5327,232.5521,0.187,0.062,2.6576,31.0116,231.2871,0.1342,0.0891,3.0896,33.738,232.2974,0.1447,0.099
2014-12-16T01:58:59.069Z,2.948,43.3509,231.4987,0.1879,0.0694,2.7774,29.4038,231.6546,0.1267,0.1074,3.4277,32.5273,232.2891,0.1393,0.1104
2014-12-16T01:59:59.731Z,2.6608,43.0682,231.5354,0.1866,0.0639,2.5139,31.9328,231.6055,0.1374,0.0911,3.3998,31.802,232.7322,0.1365,0.1116
