2014-12-08T00:00:59.096Z,4.2936,60.1327,230.4553,0.2613,0.0719,3.0949,57.7342,232.4966,0.2487,0.0527,3.3434,54.1917,231.4776,0.2343,0.0646
2014-12-08T00:01:59.177Z,4.1268,61.159,230.8756,0.2651,0.0678,3.101,55.7385,232.3487,0.2402,0.0586,4.4523,59.8901,231.5963,0.2587,0.0724
2014-12-08T00:02:59.404Z,5.1085,62.3464,231.3298,0.2692,0.0812,2.6718,55.9564,232.257,0.2412,0.0479,3.0486,55.901,231.787,0.2413,0.0574
2014-12-08T00:03:59.501Z,4.4673,61.3092,231.4597,0.2649,0.0749,2.3313,53.4214,231.8647,0.2303,0.0449,3.0386,56.4623,230.8593,0.2443,0.0553
2014-12-08T00:04:59.767Z,4.9719,64.3398,231.2564,0.2782,0.079,2.7244,57.9663,231.6407,0.2501,0.0454,3.431,57.9814,230.5,0.2513,0.061
2014-12-08T00:05:59.331Z,5.0463,63.1948,231.364,0.2731,0.0805,2.1902,54.3675,232.0518,0.2347,0.0411,3.4688,57.6265,230.5237,0.25,0.0615
2014-12-08T00:06:59.233Z,5.5366,63.9493,232.0516,0.2754,0.0871,2.5073,59.2451,232.3579,0.2549,0.041,3.5672,60.9183,230.6356,0.2637,0.057
2014-12-08T00:07:59.103Z,5.0009,64.2582,231.5554,0.2775,0.0791,2.8475,58.1089,232.1046,0.2508,0.0499,3.288,57.3673,230.7119,0.2484,0.0575
2014-12-08T00:08:59.606Z,4.8851,64.3712,231.1396,0.279,0.0776,2.3488,56.9002,231.7509,0.2455,0.0399,3.4322,58.1483,230.121,0.2528,0.0598
2014-12-08T00:09:59.933Z,3.9731,63.9699,231.1315,0.2771,0.0608,2.2015,55.7002,231.6393,0.2412,0.039,3.0078,56.4173,230.5292,0.2449,0.0551
2014-12-08T00:10:59.717Z,4.7157,63.6133,230.9735,0.2754,0.0751,2.4646,54.5033,231.1466,0.2358,0.0453,2.7357,57.694,230.5007,0.2502,0.0513
2014-12-08T00:11:59.824Z,4.5612,63.2076,230.7643,0.2733,0.073,2.2426,55.0629,230.6055,0.2387,0.0398,2.9329,58.8044,230.206,0.2555,0.0512
2014-12-08T00:12:59.555Z,5.1224,64.5989,230.4264,0.2801,0.0789,2.7845,58.6108,230.2279,0.2544,0.0469,3.1126,56.9125,230.0062,0.2475,0.0537
2014-12-08T00:13:59.939Z,4.8319,64.483,230.3263,0.28,0.0753,2.1932,57.5503,230.072,0.25,0.0378,3.2708,56.0698,230.4284,0.2432,0.0579
2014-12-08T00:14:59.486Z,4.8524,62.5781,230.8889,0.2712,0.0779,3.0576,52.636,230.4133,0.2287,0.0596,2.7245,52.5221,231.2084,0.2271,0.0529
2014-12-08T00:15:59.528Z,5.1707,58.9209,230.4091,0.2554,0.0903,2.4997,55.7865,230.2659,0.2416,0.0469,2.7314,55.1716,231.2795,0.2387,0.0513
2014-12-08T00:16:59.950Z,4.8363,60.5041,230.756,0.2619,0.0821,2.6752,53.9269,230.4349,0.2341,0.049,3.6571,56.7989,231.419,0.2457,0.0665
2014-12-08T00:18:59.552Z,4.9309,60.4734,230.6623,0.2625,0.0839,2.8916,55.9174,230.8212,0.2419,0.0518,3.5534,57.8757,231.5938,0.2497,0.0623
2014-12-08T00:19:59.362Z,5.0128,62.2213,231.6914,0.2689,0.0837,2.8232,54.3101,230.6339,0.2357,0.0539,3.1909,55.7307,232.081,0.2399,0.0578
2014-12-08T00:20:59.767Z,5.1953,61.7213,232.0818,0.2657,0.086,2.7275,54.0555,231.3914,0.2338,0.0511,3.7411,55.0488,232.3512,0.2368,0.071
2014-12-08T00:21:59.236Z,4.6617,62.014,232.2082,0.2667,0.0753,2.6288,53.2927,231.4287,0.2301,0.0483,3.04,56.1536,232.4834,0.2412,0.0554
2014-12-08T00:22:59.463Z,4.2693,60.79,232.9167,0.2611,0.0719,2.7409,56.8026,232.2185,0.2447,0.0481,3.0623,57.8573,232.8543,0.2489,0.0545
2014-12-08T00:23:59.643Z,5.2368,63.4521,232.4414,0.2731,0.0843,2.6899,56.1286,232.0493,0.2414,0.0491,3.1608,58.679,232.5401,0.2518,0.0524
2014-12-08T00:24:59.747Z,4.9836,62.8425,232.5985,0.2693,0.0812,3.236,57.5831,232.1853,0.248,0.0569,2.8284,53.9864,232.8256,0.232,0.0544
2014-12-08T00:25:59.859Z,4.4236,63.6187,232.7396,0.2733,0.071,2.2861,54.4858,231.6464,0.2357,0.0448,3.039,55.8023,233.2432,0.2391,0.0539
2014-12-08T00:26:59.571Z,4.5187,63.6448,232.907,0.2736,0.0699,3.0988,56.3489,231.5414,0.2436,0.0581,2.8189,54.0009,233.2001,0.2316,0.052
2014-12-08T00:27:59.014Z,5.1537,62.7059,232.328,0.2702,0.0817,2.4741,55.329,232.9588,0.2378,0.0442,3.3734,57.739,233.4908,0.2476,0.0582
2014-12-08T00:28:59.261Z,4.7345,64.0333,231.976,0.2759,0.0758,1.9798,55.9907,233.2763,0.2401,0.0365,3.1845,58.648,233.9613,0.2503,0.0544
2014-12-08T00:29:59.365Z,4.3705,63.8765,232.0391,0.2757,0.0687,2.3813,58.0573,232.3298,0.25,0.0418,3.5613,58.3537,233.9659,0.2497,0.0596
2014-12-08T00:30:59.829Z,5.1128,64.1079,233.3004,0.2747,0.0797,2.1828,54.9455,232.1621,0.2369,0.0436,3.5616,56.5136,233.6591,0.242,0.066
2014-12-08T00:31:59.825Z,4.5163,63.9628,232.5308,0.2748,0.0699,2.4853,57.2226,231.7517,0.247,0.0428,3.0651,58.5668,232.0559,0.2529,0.0525
2014-12-08T00:32:59.834Z,4.7341,65.0371,233.0678,0.2796,0.0736,2.3998,55.531,231.5635,0.2395,0.0448,3.5547,59.0399,231.612,0.2555,0.0596
2014-12-08T00:33:59.112Z,5.7902,64.161,232.9282,0.2756,0.09,2.455,56.1693,231.7048,0.2422,0.043,3.2997,58.7496,230.8899,0.2541,0.0569
2014-12-08T00:34:59.232Z,4.6442,62.9543,232.5101,0.2702,0.0746,2.5241,58.6805,231.3473,0.2538,0.0429,3.3479,58.9625,231.551,0.2541,0.0566
2014-12-08T00:35:59.416Z,5.0346,63.1229,231.1315,0.2729,0.0821,2.7182,55.5832,231.1152,0.2403,0.0492,2.6444,58.44,232.2779,0.2515,0.0464
2014-12-08T00:36:59.633Z,4.6833,64.6348,231.4208,0.2792,0.0729,2.5266,56.3392,229.1074,0.2459,0.0449,2.9564,57.9573,233.7984,0.2479,0.0512
2014-12-08T00:38:59.021Z,4.4881,63.1245,231.5584,0.2726,0.0719,2.608,58.9508,230.7134,0.2555,0.0449,3.2641,58.9113,233.0351,0.2525,0.0559
2014-12-08T00:39:59.792Z,4.849,63.854,232.3628,0.2743,0.077,2.6176,58.0108,231.2747,0.2505,0.045,3.0767,58.3762,232.6582,0.2501,0.0527
2014-12-08T00:40:59.114Z,5.2084,63.4738,232.6154,0.2729,0.0828,2.4281,55.8002,231.7641,0.2409,0.043,3.3041,58.9518,232.8103,0.2533,0.0573
2014-12-08T00:41:59.139Z,4.9179,64.0686,232.0278,0.2763,0.0777,2.2769,56.9638,231.9362,0.2454,0.0404,3.4934,58.0659,232.7279,0.249,0.0611
2014-12-08T00:42:59.597Z,4.6373,63.4192,232.6776,0.2727,0.0722,2.8321,57.2997,231.8217,0.2475,0.0493,3.1513,58.3758,232.8559,0.2507,0.0541
2014-12-08T00:43:59.510Z,4.916,63.7135,232.6224,0.2738,0.0776,2.7698,57.4618,232.0931,0.2476,0.048,3.2836,59.0718,233.2854,0.2531,0.0547
2014-12-08T00:44:59.790Z,5.3523,64.7532,232.7395,0.2779,0.0836,2.6735,58.274,232.0111,0.2513,0.0463,3.2423,57.2726,233.3575,0.2455,0.0576
2014-12-08T00:45:59.384Z,3.9119,63.9659,232.8323,0.2742,0.0621,3.2202,60.4229,232.5037,0.2602,0.0522,2.9799,57.0951,233.2481,0.2446,0.053
2014-12-08T00:46:59.752Z,4.4289,63.3177,232.4232,0.2724,0.0699,2.2891,57.2043,233.0805,0.2455,0.04,3.4261,59.5676,233.1139,0.2557,0.0589
2014-12-08T00:47:59.128Z,5.0819,64.5193,232.7408,0.2776,0.08,2.3191,57.3492,233.2133,0.2458,0.0387,3.2296,58.4681,233.0358,0.2504,0.0548
2014-12-08T00:48:59.412Z,4.8076,63.4297,232.8044,0.2724,0.0752,2.39,55.7976,233.3599,0.2389,0.043,2.9568,59.3074,233.1924,0.2546,0.0518
2014-12-08T00:50:59.164Z,5.0918,63.7619,233.0579,0.2732,0.082,2.4729,57.1302,233.3724,0.2446,0.0427,3.0932,57.8738,233.1524,0.2479,0.055
2014-12-08T00:51:59.325Z,5.32,64.6257,232.7992,0.2781,0.0837,2.3995,58.0475,232.9014,0.2488,0.04,3.3812,60.8543,233.0256,0.261,0.0557
2014-12-08T00:52:59.983Z,5.2087,64.2654,232.9921,0.2757,0.0815,2.5932,60.55,232.975,0.2604,0.042,3.6258,59.6005,232.5242,0.256,0.0616
2014-12-08T00:53:59.459Z,4.7606,63.6427,233.241,0.2729,0.0752,2.5512,57.438,233.3497,0.2463,0.0456,3.3671,62.0613,232.9964,0.2663,0.0539
2014-12-08T00:54:59.061Z,5.0388,63.7469,233.1611,0.2734,0.0798,2.5776,55.1069,233.2338,0.2363,0.0506,3.5618,56.5521,232.7866,0.2436,0.0669
2014-12-08T00:55:59.837Z,5.0843,65.0485,233.3142,0.2786,0.0789,3.0766,58.9223,233.2773,0.253,0.0505,3.0426,58.3699,232.7978,0.2509,0.0517
2014-12-08T00:56:59.302Z,4.6878,63.1748,233.6724,0.2704,0.0757,2.2971,57.1176,233.5594,0.2446,0.0407,3.5243,59.7519,233.1292,0.2563,0.0589
2014-12-08T00:57:59.036Z,4.6682,63.8963,234.1193,0.2733,0.0744,3.1249,60.5091,233.6342,0.259,0.0508,3.3543,60.1893,233.2841,0.2582,0.0567
2014-12-08T00:58:59.446Z,4.939,64.5415,233.8951,0.2762,0.0778,2.7034,57.541,233.4143,0.2465,0.0471,3.1158,60.7543,233.2329,0.2605,0.0496
2014-12-08T00:59:59.830Z,4.9938,60.9413,233.578,0.2614,0.0813,2.5699,56.682,233.5951,0.2422,0.0476,3.3681,58.1936,232.5209,0.2501,0.0605
