2014-10-31T00:00:59.056Z,4.2482,19.6178,230.2372,0.0854,0.218,-5.7104,22.4547,232.4177,0.0967,-0.2532,9.5684,25.4194,235.3588,0.1081,0.3775
2014-10-31T00:01:59.316Z,4.4047,19.9777,231.2549,0.0869,0.2215,-5.9339,22.539,232.4146,0.0971,-0.2629,9.1965,25.3388,235.2918,0.108,0.3637
2014-10-31T00:02:59.653Z,4.5008,20.0917,231.6258,0.0871,0.2247,-6.1095,22.5672,232.1783,0.0973,-0.2711,9.5723,25.1966,234.8833,0.1076,0.3803
2014-10-31T00:03:59.474Z,4.3468,19.869,230.7089,0.0855,0.2195,-5.8213,22.3276,232.4761,0.0961,-0.2586,9.5843,25.0874,234.8854,0.1067,0.3834
2014-10-31T00:04:59.864Z,4.5332,20.1632,230.7181,0.0865,0.2256,-6.1546,22.8315,232.8961,0.0978,-0.2682,9.5087,25.1092,234.4582,0.1074,0.38
2014-10-31T00:05:59.248Z,4.6547,19.9155,230.3684,0.0861,0.2345,-6.0615,22.3992,232.5714,0.0966,-0.2695,9.3111,24.921,233.7837,0.1063,0.3743
2014-10-31T00:06:59.497Z,4.5949,20.0435,230.8191,0.0861,0.23,-6.0559,22.4642,232.7025,0.0965,-0.2678,9.5179,25.2005,232.7789,0.1085,0.3777
2014-10-31T00:07:59.735Z,4.2678,20.1276,230.284,0.087,0.2129,-6.0222,22.6835,232.3484,0.0976,-0.264,9.279,25.086,232.5811,0.1077,0.3696
2014-10-31T00:08:59.084Z,4.4349,19.903,229.9116,0.0865,0.2221,-5.8878,22.5763,231.9993,0.0978,-0.2599,9.3808,24.8229,233.159,0.1064,0.3777
2014-10-31T00:09:59.347Z,4.6925,20.0734,230.6939,0.0869,0.2338,-6.3314,22.6424,232.1387,0.0974,-0.2782,9.3599,25.0681,233.1964,0.1078,0.3734
2014-10-31T00:10:59.635Z,4.7511,20.0344,230.9836,0.0862,0.2377,-6.2089,22.5415,232.5521,0.0974,-0.2744,9.6295,25.2403,233.6457,0.1078,0.383
2014-10-31T00:11:59.911Z,4.5802,19.7753,231.2271,0.0859,0.2321,-6.0031,22.6714,232.6934,0.0974,-0.2639,9.425,25.5014,233.6877,0.1094,0.3698
2014-10-31T00:12:59.452Z,4.3009,19.7265,231.6799,0.0856,0.2185,-5.9285,22.633,232.4996,0.0975,-0.2609,8.9606,25.0313,232.9754,0.1073,0.3572
2014-10-31T00:13:59.702Z,3.7388,19.5976,230.9477,0.0849,0.1919,-5.4594,22.3865,231.7798,0.0965,-0.2441,9.3153,24.8374,232.6004,0.1072,0.3755
2014-10-31T00:14:59.984Z,3.3533,19.5,230.976,0.084,0.174,-4.9678,22.1463,231.6635,0.0959,-0.2231,9.4244,25.3349,232.6776,0.1089,0.373
2014-10-31T00:15:59.220Z,3.9706,19.9646,231.6778,0.0861,0.2009,-5.311,22.6919,231.4312,0.0974,-0.2334,9.2837,25.2465,232.8459,0.1085,0.3677
2014-10-31T00:16:59.379Z,4.0576,19.4863,231.4261,0.0832,0.2086,-5.0329,22.2443,232.0334,0.0963,-0.2257,9.0553,24.7245,232.4476,0.1067,0.3665
2014-10-31T00:17:59.726Z,3.9954,19.8824,231.8847,0.0861,0.202,-5.366,22.7294,232.3959,0.098,-0.2357,9.3307,24.7747,232.2874,0.1067,0.3764
2014-10-31T00:18:59.985Z,4.013,19.5914,231.6882,0.0846,0.206,-5.542,22.6807,232.1329,0.0981,-0.2432,9.1312,24.7253,231.972,0.1064,0.369
2014-10-31T00:19:59.446Z,3.9387,19.6045,232.0929,0.0843,0.202,-5.6749,22.5113,232.2263,0.0967,-0.2506,9.2432,24.9865,232.2947,0.1076,0.3695
2014-10-31T00:20:59.004Z,3.8128,19.5703,231.0929,0.0853,0.1963,-5.2277,22.6319,232.2205,0.0977,-0.2311,9.3559,24.8744,232.2059,0.1072,0.3768
2014-10-31T00:21:59.344Z,4.0989,19.4594,230.2921,0.0847,0.2118,-5.6448,22.6617,231.8597,0.0976,-0.2487,9.2709,24.9266,232.4235,0.1075,0.3723
2014-10-31T00:22:59.831Z,4.0767,19.5334,230.5988,0.0847,0.2088,-5.63,22.567,230.5267,0.0973,-0.2488,9.1453,24.8371,233.6699,0.1067,0.3687
2014-10-31T00:23:59.588Z,3.9387,19.6521,231.4777,0.0851,0.2018,-5.9801,22.2341,228.9476,0.0968,-0.2684,9.3486,25.0023,234.6418,0.107,0.374
2014-10-31T00:24:59.783Z,3.9139,19.6039,231.2235,0.0847,0.2015,-5.4274,22.4128,231.9737,0.0964,-0.2419,9.454,25.2283,234.1603,0.1077,0.3745
2014-10-31T00:25:59.013Z,4.1339,19.7216,231.034,0.0853,0.2107,-5.542,22.5624,231.5804,0.0975,-0.2449,9.2546,25.0317,234.0328,0.1072,0.3697
2014-10-31T00:26:59.323Z,4.1269,19.5734,230.8734,0.085,0.2114,-5.5428,22.7149,231.6155,0.0986,-0.2445,9.0953,24.8982,233.8256,0.1065,0.3661
2014-10-31T00:27:59.527Z,3.6532,19.564,230.8874,0.0847,0.1878,-5.5688,22.2603,231.3096,0.0964,-0.2499,9.3594,24.992,233.4998,0.1068,0.3757
2014-10-31T00:28:59.899Z,3.4257,19.5291,230.7625,0.0849,0.1759,-5.5013,22.6135,231.4291,0.0975,-0.2424,9.4324,25.0531,233.6067,0.108,0.3766
2014-10-31T00:30:59.246Z,3.9625,19.5799,230.7226,0.0852,0.2037,-5.3498,22.4832,231.3183,0.0973,-0.2378,9.3705,25.2267,233.6798,0.1078,0.3711
2014-10-31T00:31:59.635Z,3.8558,19.4717,230.8192,0.0847,0.1992,-5.3503,22.6156,231.4713,0.0974,-0.2367,9.3768,24.9593,233.6222,0.1067,0.3755
2014-10-31T00:32:59.019Z,3.6329,19.4406,230.1667,0.0845,0.1881,-5.0158,22.2814,231.1459,0.0961,-0.2259,9.0232,24.7725,233.382,0.1061,0.3644
2014-10-31T00:33:59.339Z,3.6454,19.4999,229.8559,0.0845,0.189,-5.4585,22.3269,231.0349,0.0971,-0.2444,9.3113,25.1688,233.4588,0.1078,0.3701
2014-10-31T00:34:59.525Z,3.7613,19.662,231.0326,0.0848,0.193,-5.4607,22.3336,231.2852,0.0965,-0.244,9.4472,24.662,231.0353,0.1065,0.3826
2014-10-31T00:35:59.709Z,4.1835,19.8396,230.1248,0.0857,0.2126,-5.8172,22.0257,230.8056,0.0957,-0.2633,9.3619,25.3567,234.282,0.1089,0.3693
2014-10-31T00:37:59.361Z,4.4396,19.7459,229.2902,0.0855,0.226,-6.3659,22.6504,231.7885,0.098,-0.2809,9.4644,25.4026,234.5655,0.109,0.3735
2014-10-31T00:38:59.866Z,4.5198,20.0814,229.7123,0.0872,0.2262,-5.8315,22.5224,232.1936,0.0971,-0.257,9.5365,25.2738,234.2885,0.1074,0.3778
2014-10-31T00:39:59.090Z,4.6817,19.9677,230.1926,0.0868,0.2342,-6.1494,22.4082,232.4048,0.0963,-0.2732,8.9711,25.1373,234.6025,0.107,0.3575
2014-10-31T00:40:59.941Z,4.5783,20.1626,231.3315,0.0866,0.2287,-6.4485,22.6255,231.5788,0.098,-0.2842,9.3904,25.3516,233.9759,0.1088,0.3708
2014-10-31T00:41:59.221Z,4.2892,19.9028,231.0748,0.0855,0.2173,-6.5212,22.4104,231.347,0.0967,-0.2898,9.2989,25.2368,234.2226,0.1081,0.3686
2014-10-31T00:42:59.586Z,4.8126,19.8923,231.5676,0.0862,0.2422,-6.202,22.5302,231.4806,0.0967,-0.274,9.155,25.1137,234.3669,0.1072,0.3649
2014-10-31T00:43:59.900Z,4.6655,20.1151,231.6511,0.0868,0.2327,-5.9917,22.2244,231.623,0.0957,-0.2682,9.2693,25.39,234.612,0.1084,0.3653
2014-10-31T00:44:59.249Z,4.6012,20.0462,231.4482,0.0863,0.2314,-5.8355,22.0241,231.7555,0.0955,-0.2645,9.4011,25.5462,234.6066,0.1086,0.3682
2014-10-31T00:45:59.541Z,4.589,20.093,231.3044,0.0867,0.2293,-6.212,22.1964,231.4212,0.0962,-0.2791,9.4634,25.0748,234.271,0.1072,0.3778
2014-10-31T00:46:59.937Z,4.7409,20.2039,231.2717,0.0867,0.2348,-6.4036,22.7346,231.1917,0.0983,-0.2812,9.3817,25.1589,234.5925,0.1073,0.3732
2014-10-31T00:47:59.150Z,4.5445,19.9168,231.244,0.0855,0.2291,-5.7868,22.0843,231.0832,0.0958,-0.2621,9.6982,25.535,234.6659,0.1089,0.3787
2014-10-31T00:48:59.588Z,4.3923,19.9427,231.446,0.0856,0.2196,-5.7371,22.3135,231.0618,0.0968,-0.2564,9.4387,25.0222,234.4977,0.1068,0.3772
2014-10-31T00:49:59.521Z,3.8493,19.6523,231.2301,0.0855,0.1964,-5.3639,22.0668,231.1661,0.0953,-0.2422,9.4519,25.4786,234.0102,0.1094,0.3706
2014-10-31T00:50:59.851Z,4.0348,19.6651,231.6064,0.0851,0.2062,-5.1616,22.3312,231.4963,0.0967,-0.2307,9.317,24.8568,234.2755,0.1062,0.3754
2014-10-31T00:51:59.152Z,3.8909,19.6362,231.3311,0.0846,0.1992,-5.1384,22.4003,231.6444,0.0968,-0.2286,9.4746,25.0609,234.3898,0.1069,0.3791
2014-10-31T00:52:59.478Z,3.8022,19.512,231.5447,0.0843,0.1957,-5.4114,22.4986,231.5409,0.0978,-0.2406,9.4932,25.404,234.3926,0.1084,0.3734
2014-10-31T00:53:59.777Z,3.5543,19.7965,231.6047,0.0852,0.1814,-5.5515,22.2257,231.1765,0.0962,-0.2492,9.2132,25.0831,234.0984,0.1076,0.3677
2014-10-31T00:54:59.570Z,3.7406,19.4934,231.2725,0.0845,0.1929,-5.1916,22.5223,231.2871,0.0975,-0.2298,9.2367,25.094,234.0709,0.1072,0.368
2014-10-31T00:55:59.793Z,4.0984,19.8611,231.6897,0.0854,0.2083,-5.278,22.5629,231.8614,0.0965,-0.2331,9.3113,25.2714,234.2424,0.1079,0.3684
2014-10-31T00:56:59.067Z,4.0008,19.6687,231.3186,0.0854,0.2048,-5.2144,22.2339,231.9158,0.0957,-0.2327,9.4467,25.2975,234.1376,0.1082,0.3728
2014-10-31T00:57:59.474Z,3.9871,19.5453,230.9044,0.0848,0.2039,-5.3305,22.7455,232.2632,0.098,-0.2339,9.228,25.1853,233.6207,0.1074,0.3663
2014-10-31T00:58:59.092Z,4.0738,19.7279,231.0832,0.0853,0.2061,-5.4767,22.6921,232.3115,0.0982,-0.2413,9.099,25.1817,233.475,0.1078,0.3617
2014-10-31T00:59:59.618Z,3.804,19.6448,231.2967,0.0853,0.1947,-5.7039,22.7068,232.2457,0.0971,-0.2512,9.2662,24.8379,233.6252,0.1065,0.3723
2014-10-31T01:00:59.485Z,3.5723,19.4048,231.9785,0.0838,0.1853,-5.088,22.2429,232.1721,0.0955,-0.2284,9.5385,25.0279,233.0167,0.1076,0.3812
2014-10-31T01:01:59.777Z,4.1591,19.575,231.5544,0.0845,0.2133,-5.5816,22.4129,231.9282,0.0968,-0.2482,9.438,24.7431,232.7497,0.1062,0.3826
2014-10-31T01:02:59.137Z,4.8799,20.0504,231.5139,0.0863,0.2436,-6.2124,22.4497,232.3251,0.0971,-0.276,9.4848,24.9467,233.1838,0.1066,0.3805
2014-10-31T01:03:59.659Z,4.7425,19.9232,232.0416,0.0857,0.2383,-6.3556,22.6351,232.4383,0.0966,-0.2798,9.4881,24.9053,233.4968,0.1067,0.3818
2014-10-31T01:04:59.869Z,4.8837,20.1624,232.1523,0.0867,0.242,-6.4856,22.2118,229.5176,0.097,-0.2911,9.7932,25.1003,234.2416,0.1073,0.3913
2014-10-31T01:05:59.129Z,3.7617,19.7603,231.894,0.085,0.1913,-5.5659,22.0235,230.3484,0.0951,-0.2518,9.2477,24.8927,234.3588,0.1058,0.3721
2014-10-31T01:06:59.503Z,4.0588,19.7854,231.8611,0.0847,0.2056,-5.1558,22.5376,232.3449,0.0971,-0.228,9.0733,25.0219,233.8534,0.1071,0.3629
2014-10-31T01:07:59.765Z,3.7493,19.4991,231.9921,0.0838,0.1943,-5.0953,22.2831,232.6323,0.0954,-0.2279,9.2963,25.3112,233.8796,0.1086,0.3672
2014-10-31T01:08:59.119Z,3.9784,19.5908,232.25,0.0845,0.2049,-5.6357,22.6761,232.4343,0.097,-0.2483,9.6632,25.0572,233.8742,0.107,0.3854
2014-10-31T01:09:59.765Z,3.6348,19.4736,232.2789,0.084,0.1888,-5.5493,22.5128,232.7645,0.0969,-0.2462,9.6683,25.1856,234.1238,0.1079,0.3836
2014-10-31T01:10:59.061Z,3.7055,19.497,231.9714,0.0842,0.1928,-5.7523,22.3192,232.7745,0.0962,-0.2578,9.3724,25.152,234.083,0.1076,0.3726
2014-10-31T01:11:59.400Z,4.6684,20.0004,231.6485,0.086,0.2335,-6.6172,22.7694,232.064,0.0983,-0.2909,9.4052,25.182,233.8978,0.1078,0.3738
2014-10-31T01:12:59.991Z,3.764,19.4377,231.3043,0.0844,0.1955,-5.2007,22.4428,232.4836,0.0967,-0.2311,9.4945,25.2413,233.6752,0.108,0.3757
2014-10-31T01:13:59.838Z,3.7726,19.732,231.6306,0.0853,0.1925,-5.0017,22.506,232.1754,0.0969,-0.2218,9.2147,25.0124,233.7608,0.1073,0.3681
2014-10-31T01:14:59.071Z,3.6142,19.5595,231.7841,0.084,0.1865,-5.9276,22.6147,231.8297,0.0976,-0.261,9.1269,25.1462,234.0323,0.1077,0.363
2014-10-31T01:15:59.496Z,3.6615,19.5959,232.263,0.0844,0.188,-5.4103,22.6804,232.2486,0.0974,-0.2383,9.3567,25.1738,234.3367,0.1076,0.3721
2014-10-31T01:16:59.665Z,3.8909,19.3732,231.8559,0.0829,0.2027,-4.9465,22.4381,231.4957,0.0967,-0.2203,9.387,25.2551,233.9306,0.1076,0.3712
2014-10-31T01:17:59.065Z,4.1682,19.616,231.5835,0.0849,0.2151,-5.009,22.2605,232.154,0.0958,-0.2244,9.4033,25.2285,233.9676,0.1071,0.3734
2014-10-31T01:18:59.849Z,4.0165,19.7684,231.1757,0.0857,0.2047,-5.3888,22.4514,231.7078,0.0972,-0.2399,9.4607,24.924,233.3826,0.1066,0.3807
2014-10-31T01:19:59.475Z,3.8326,19.4834,231.3753,0.0847,0.1984,-5.3061,22.5075,231.7905,0.0973,-0.2352,9.3922,25.0049,233.2881,0.1075,0.3751
2014-10-31T01:20:59.792Z,3.956,19.5933,231.0999,0.0846,0.2027,-5.2929,22.5137,231.8931,0.0969,-0.2343,9.148,24.6929,233.3499,0.1056,0.3716
2014-10-31T01:21:59.031Z,4.105,19.6782,231.9749,0.0848,0.2087,-5.3522,22.4122,232.1401,0.0965,-0.2379,9.1786,25.0816,234.0357,0.1077,0.3662
2014-10-31T01:22:59.684Z,4.2613,19.9947,233.6239,0.0855,0.2147,-5.9101,22.5124,230.1054,0.0979,-0.262,9.3594,25.57,235.1859,0.1088,0.3661
2014-10-31T01:23:59.124Z,3.8531,19.8681,233.6404,0.0848,0.1952,-5.5218,22.3715,231.6853,0.097,-0.246,9.6235,25.3573,234.2055,0.1083,0.3796
2014-10-31T01:24:59.354Z,3.7607,19.7829,233.1848,0.0846,0.1917,-5.2176,22.7107,232.2164,0.0981,-0.2289,9.4216,25.0623,233.7689,0.1069,0.3757
2014-10-31T01:25:59.684Z,4.5741,20.0257,232.9081,0.086,0.2288,-6.0395,22.6731,232.4268,0.0978,-0.2667,9.2822,24.9882,234.0906,0.1076,0.3717
2014-10-31T01:26:59.940Z,4.7624,20.0302,233.4413,0.0851,0.2382,-6.3293,22.5283,232.4207,0.0973,-0.2807,9.2972,25.1739,233.3424,0.1083,0.3693
2014-10-31T01:27:59.515Z,4.7629,20.1081,233.6174,0.0857,0.2385,-6.6818,22.8706,232.8014,0.0983,-0.2924,9.2323,25.0013,233.493,0.1068,0.3695
2014-10-31T01:28:59.341Z,4.9188,20.3274,233.5669,0.0868,0.2422,-6.2727,22.5591,232.5975,0.0972,-0.2778,9.2212,24.9831,233.3811,0.1076,0.3692
2014-10-31T01:29:59.698Z,4.8459,19.9559,232.2401,0.0857,0.2432,-6.1482,22.5867,232.6656,0.0971,-0.2712,9.2667,24.9515,233.5863,0.1071,0.3717
2014-10-31T01:30:59.163Z,4.6864,20.2896,231.6109,0.0873,0.2323,-6.1063,22.3858,232.6179,0.0966,-0.2721,9.3891,25.2142,233.8534,0.1082,0.3722
2014-10-31T01:31:59.415Z,4.6491,19.9583,231.7765,0.0867,0.2335,-6.5482,22.6412,232.3315,0.0974,-0.288,9.0811,25.0419,233.9277,0.1073,0.3633
2014-10-31T01:32:59.919Z,4.8515,20.1989,232.812,0.0864,0.2394,-6.4361,22.5795,231.967,0.097,-0.2844,9.4217,24.917,233.613,0.107,0.3785
2014-10-31T01:33:59.179Z,4.6098,20.2699,233.0311,0.0862,0.228,-6.3578,22.5169,231.919,0.097,-0.2835,9.4328,25.262,233.3267,0.1084,0.3733
2014-10-31T01:34:59.554Z,4.9374,20.3198,233.0107,0.0871,0.2429,-6.0411,22.1962,231.8472,0.095,-0.2714,9.3052,24.9184,233.2828,0.1069,0.3738
2014-10-31T01:35:59.839Z,4.9721,20.0476,232.8876,0.0863,0.2478,-6.2326,22.4248,230.6765,0.0972,-0.2772,9.248,25.2006,233.4832,0.1074,0.3668
2014-10-31T01:36:59.143Z,4.9826,20.3394,233.5178,0.0868,0.2459,-6.5725,22.2835,228.953,0.0976,-0.293,9.4369,25.4904,234.0178,0.1087,0.3705
2014-10-31T01:37:59.578Z,4.7785,20.1523,233.5895,0.0862,0.2367,-6.4436,22.797,232.2284,0.0983,-0.2812,9.2807,25.1149,232.7279,0.1084,0.3688
2014-10-31T01:38:59.934Z,4.8284,20.2558,233.1538,0.0863,0.2386,-6.3663,22.6621,232.4039,0.0972,-0.2798,8.83,24.6309,232.7989,0.1057,0.358
2014-10-31T01:39:59.424Z,5.0378,20.1506,233.4696,0.0862,0.2506,-5.9603,22.4717,231.3458,0.097,-0.2638,9.6222,25.2116,233.7898,0.1076,0.3816
2014-10-31T01:40:59.874Z,5.012,20.2012,232.9191,0.0867,0.2486,-6.0888,22.2738,231.0132,0.0967,-0.2726,9.5107,25.0153,233.6322,0.1068,0.38
2014-10-31T01:41:59.626Z,4.8884,20.257,233.5032,0.0866,0.2416,-6.6974,22.318,230.1987,0.0974,-0.3004,9.0356,24.8677,232.9445,0.1064,0.3638
2014-10-31T01:42:59.945Z,4.7035,20.0672,233.8254,0.086,0.2338,-6.4351,22.1377,228.4687,0.0967,-0.2902,9.4428,25.527,233.9231,0.1095,0.3696
2014-10-31T01:43:59.233Z,4.3022,19.7496,233.4825,0.0851,0.2191,-5.6813,22.2246,228.429,0.0975,-0.255,9.5128,25.1117,233.4492,0.108,0.3785
2014-10-31T01:44:59.735Z,3.922,19.6429,233.2931,0.0844,0.2017,-5.7784,22.1882,228.2249,0.0974,-0.2597,9.5394,24.9999,233.1164,0.1076,0.3812
2014-10-31T01:45:59.862Z,4.1584,19.698,232.9931,0.0845,0.2112,-5.6647,21.8096,228.219,0.0959,-0.2599,9.3838,25.2736,233.1352,0.1084,0.3713
2014-10-31T01:46:59.260Z,4.4086,19.8058,233.7026,0.0848,0.2243,-5.7282,22.2265,228.9254,0.0973,-0.2583,9.4426,25.2496,233.9217,0.1082,0.3748
2014-10-31T01:47:59.567Z,4.3707,19.6917,233.853,0.0843,0.2231,-5.7018,22.0841,228.978,0.0961,-0.257,9.3648,25.4789,234.2377,0.1089,0.3669
2014-10-31T01:48:59.931Z,4.2369,19.7567,233.1459,0.0847,0.215,-5.919,22.3226,228.7352,0.0977,-0.2643,9.4887,25.097,234.2281,0.107,0.3782
2014-10-31T01:49:59.645Z,4.0398,19.6745,232.4718,0.0839,0.2061,-5.7479,22.1986,228.4994,0.0973,-0.2588,9.3122,25.03,233.7472,0.1076,0.3721
2014-10-31T01:50:59.137Z,4.0118,19.6005,232.4628,0.0842,0.2045,-5.9026,21.9758,228.5099,0.0966,-0.268,9.482,24.9087,234.1638,0.1066,0.3818
2014-10-31T01:51:59.548Z,4.1351,19.5912,233.1032,0.0844,0.2126,-5.4009,21.9487,228.9363,0.0957,-0.2459,9.4254,25.2053,234.4052,0.1074,0.3741
2014-10-31T01:52:59.786Z,4.2757,19.7333,233.1759,0.0845,0.2181,-5.6421,22.0577,229.0116,0.0961,-0.2556,9.6749,25.204,233.9318,0.1082,0.3841
2014-10-31T01:53:59.584Z,4.1532,19.8318,232.9449,0.0846,0.2109,-5.8651,21.8318,228.8774,0.0952,-0.2671,9.2615,25.013,233.7146,0.1064,0.3704
2014-10-31T01:54:59.519Z,4.1586,19.7692,233.3569,0.0841,0.2124,-5.9518,22.2278,228.9605,0.0975,-0.2674,9.5362,25.3457,234.1341,0.1081,0.3756
2014-10-31T01:55:59.988Z,4.2735,19.6759,233.3394,0.0841,0.2179,-5.7681,22.0762,229.1091,0.0969,-0.2602,9.4448,25.4597,234.1663,0.1086,0.3718
2014-10-31T01:56:59.175Z,4.3341,19.834,233.5183,0.0848,0.22,-5.464,20.8947,229.2215,0.0914,-0.2612,9.5384,25.2765,234.6537,0.1076,0.3777
2014-10-31T01:57:59.468Z,4.2793,19.8223,233.7805,0.0853,0.2167,-5.3942,20.8434,229.0933,0.0911,-0.2579,9.4881,25.4213,235.0264,0.1081,0.3737
2014-10-31T01:58:59.676Z,4.0405,19.8614,233.1422,0.0854,0.2053,-5.309,21.1227,228.848,0.092,-0.2505,9.7116,25.1586,234.6847,0.1073,0.3857
2014-10-31T01:59:59.976Z,4.3941,19.8088,233.6796,0.0845,0.2228,-6.0805,21.2235,229.2203,0.0924,-0.2853,9.1471,25.0026,234.8952,0.1064,0.3661
2014-10-31T02:00:59.198Z,4.0521,19.365,233.2522,0.0833,0.2084,-5.4603,20.872,228.8759,0.0915,-0.26,9.519,25.0495,234.4145,0.1072,0.3808
2014-10-31T02:01:59.918Z,4.2301,19.6869,232.9383,0.0845,0.2164,-5.2315,21.3394,231.5864,0.092,-0.2448,9.3468,24.8873,233.9003,0.1064,0.3762
2014-10-31T02:02:59.244Z,3.9947,19.3701,232.5333,0.0834,0.2085,-5.3783,21.9441,230.262,0.0947,-0.2445,9.5948,24.8729,234.5261,0.1062,0.3875
2014-10-31T02:03:59.214Z,4.3349,19.8305,232.5999,0.085,0.2178,-5.6502,21.6518,228.2187,0.0954,-0.2598,9.2797,25.0749,235.2021,0.1069,0.3714
2014-10-31T02:04:59.494Z,4.402,19.7576,232.5879,0.0852,0.2263,-5.6859,21.7879,228.1867,0.0955,-0.2603,9.5461,25.2424,234.9336,0.1083,0.3796
2014-10-31T02:05:59.831Z,4.2581,19.6416,232.5862,0.0843,0.2198,-5.7521,21.8761,228.0413,0.0963,-0.2623,9.9266,25.2213,234.9331,0.1076,0.3945
2014-10-31T02:06:59.256Z,4.239,19.6665,232.3306,0.0845,0.2159,-5.6618,22.4232,229.0684,0.0975,-0.2534,9.242,25.2482,234.604,0.1073,0.3656
2014-10-31T02:07:59.513Z,3.6482,19.6289,232.1245,0.0843,0.1866,-5.5239,22.4141,230.7346,0.0977,-0.2465,9.4722,25.0869,233.9419,0.1071,0.3771
2014-10-31T02:08:59.574Z,3.5861,19.6893,231.7746,0.0849,0.1828,-5.4959,22.1876,230.8884,0.0963,-0.247,9.2886,25.0399,233.8514,0.1071,0.3704
2014-10-31T02:09:59.835Z,4.3281,19.7577,232.672,0.0855,0.2205,-5.9049,22.3568,228.8356,0.0979,-0.265,9.4256,25.3703,234.7543,0.1079,0.3722
2014-10-31T02:10:59.052Z,4.2385,19.784,232.7826,0.0853,0.2157,-5.7361,21.9459,228.4748,0.0955,-0.2614,9.6641,25.5037,234.8954,0.1085,0.3791
2014-10-31T02:11:59.658Z,4.1222,19.8887,232.5844,0.0859,0.2087,-5.4887,22.0306,229.6284,0.096,-0.2484,9.3789,25.1226,234.1828,0.1071,0.3739
2014-10-31T02:12:59.444Z,3.5982,19.6634,233.4951,0.0837,0.1851,-5.3102,22.4405,232.5809,0.0966,-0.236,9.4553,24.9812,233.4661,0.1067,0.3784
2014-10-31T02:13:59.068Z,3.5844,19.7903,232.8318,0.0843,0.1822,-5.4257,22.2586,232.0277,0.0957,-0.2428,9.4359,24.583,232.899,0.1053,0.3847
2014-10-31T02:14:59.263Z,4.2315,19.7051,233.5147,0.0841,0.2155,-5.3131,22.0568,230.5096,0.0956,-0.2399,9.4106,24.8114,233.6526,0.1064,0.3798
2014-10-31T02:15:59.424Z,4.1155,19.8739,233.3039,0.0847,0.2081,-5.6405,22.2789,228.8913,0.0978,-0.2531,9.5828,24.8299,233.4534,0.1063,0.3865
2014-10-31T02:16:59.089Z,4.3052,19.6633,232.6378,0.0851,0.221,-5.5254,22.024,228.3772,0.0968,-0.2503,9.4311,24.8183,233.1985,0.1066,0.3802
2014-10-31T02:17:59.757Z,4.1471,19.8408,233.2831,0.0854,0.2106,-5.5031,21.8709,227.476,0.0962,-0.2501,9.7013,24.8652,232.7315,0.1069,0.3898
2014-10-31T02:18:59.065Z,3.6835,19.6998,232.0756,0.0853,0.1882,-5.6274,21.901,228.9046,0.0957,-0.2567,9.364,24.5699,231.7401,0.1063,0.3829
2014-10-31T02:19:59.401Z,4.5202,20.0733,231.4204,0.0862,0.2265,-6.268,22.3832,230.5359,0.0971,-0.2797,9.4459,24.5601,232.3995,0.1056,0.3861
2014-10-31T02:20:59.701Z,4.4839,19.9661,231.6596,0.0862,0.2256,-6.4056,22.4016,230.4938,0.0973,-0.285,9.3506,24.1824,232.3541,0.1041,0.3883
2014-10-31T02:22:59.212Z,4.5716,19.9283,232.6142,0.0854,0.2307,-6.134,21.8289,227.1238,0.096,-0.2805,9.429,24.8962,232.8046,0.107,0.3798
2014-10-31T02:23:59.499Z,4.2289,19.8434,233.6603,0.0847,0.2141,-5.073,22.2579,228.1197,0.0978,-0.2271,9.4665,24.9557,232.5957,0.1077,0.3789
2014-10-31T02:24:59.887Z,4.2738,19.8935,233.6488,0.0851,0.2159,-5.2494,22.4739,230.7754,0.0974,-0.2335,9.2221,24.8395,232.6969,0.1065,0.3704
2014-10-31T02:25:59.462Z,3.8458,19.6185,234.4127,0.0835,0.1971,-5.2386,22.1737,231.3518,0.0967,-0.2362,9.517,24.3831,233.3533,0.1048,0.3913
2014-10-31T02:26:59.854Z,3.8888,19.6195,232.951,0.0845,0.1998,-5.2573,22.2637,230.936,0.0965,-0.2368,9.5464,24.5971,232.977,0.106,0.3885
2014-10-31T02:27:59.132Z,3.8571,19.5391,232.7374,0.0841,0.198,-5.4239,21.954,229.1519,0.0955,-0.2469,9.5156,24.7034,233.8457,0.1059,0.3867
2014-10-31T02:28:59.509Z,4.1523,19.5982,232.5411,0.0843,0.2128,-5.6834,21.9126,229.8859,0.0953,-0.2579,9.2665,25.0136,234.2978,0.1066,0.3715
2014-10-31T02:30:59.651Z,4.0266,19.6044,232.5312,0.0843,0.2068,-5.2465,22.2709,232.0398,0.0959,-0.2345,9.2126,24.5764,233.097,0.1053,0.3751
2014-10-31T02:31:59.605Z,3.526,20.6398,232.1273,0.0895,0.1738,-5.2194,21.6623,231.5746,0.0934,-0.2392,9.4711,24.4817,233.024,0.1046,0.388
2014-10-31T02:32:59.896Z,3.3388,22.5731,232.2071,0.0968,0.1484,-5.2635,21.3051,230.1094,0.0924,-0.2467,9.2358,24.2327,232.1576,0.1051,0.3837
2014-10-31T02:33:59.213Z,3.3618,22.5539,233.0687,0.0965,0.152,-5.8022,21.2703,226.9817,0.0936,-0.2717,9.5521,24.7151,233.043,0.1063,0.3886
2014-10-31T02:34:59.839Z,313.5768,460.7993,232.2284,1.991,0.3238,335.0802,513.3227,227.4419,2.2495,0.0394,601.0907,789.8254,232.0711,3.4252,0.7031
2014-10-31T02:35:59.098Z,1108.741,1527.1381,232.1281,6.5787,0.7256,1147.6058,1569.8129,229.3634,6.8437,0.7306,1633.2943,2143.5779,230.3711,9.3045,0.7622
2014-10-31T02:36:59.363Z,1170.0924,1585.6466,232.3402,6.8246,0.7386,1203.4509,1616.2327,229.2087,7.0511,0.7448,1695.9438,2194.7542,230.4829,9.5229,0.7714
2014-10-31T02:37:59.979Z,1163.9216,1577.2665,231.66,6.8085,0.7385,1207.7576,1609.7348,229.1316,7.0253,0.7501,1702.9015,2198.7779,230.0912,9.5556,0.7742
2014-10-31T02:38:59.388Z,1179.7371,1591.988,231.6694,6.8717,0.741,1219.4072,1620.4519,229.0153,7.0763,0.7523,1715.4034,2206.0001,230.3152,9.5781,0.7784
2014-10-31T02:39:59.812Z,1188.1477,1616.443,232.224,6.9609,0.7345,1225.3795,1616.1099,228.36,7.0766,0.7582,1754.4225,2241.0112,231.0927,9.6971,0.7836
2014-10-31T02:40:59.480Z,1188.4359,1624.0901,232.6791,6.9799,0.7313,1237.7721,1614.9281,227.5267,7.0978,0.7667,1784.295,2268.9314,231.3196,9.8082,0.788
2014-10-31T02:41:59.305Z,1218.1878,1619.7856,232.013,6.9814,0.7511,1282.4568,1681.4099,229.8881,7.3141,0.7624,1748.6192,2244.4109,230.2275,9.7491,0.7802
2014-10-31T02:42:59.538Z,1232.1185,1618.9684,230.8344,7.0136,0.7607,1297.798,1682.8219,229.2465,7.3409,0.7709,1760.5031,2242.0419,229.1564,9.784,0.7849
2014-10-31T02:43:59.263Z,1248.2273,1629.5387,230.822,7.06,0.766,1315.3976,1698.0778,229.0147,7.4144,0.7745,1771.106,2247.6534,228.9474,9.8173,0.7897
2014-10-31T02:44:59.537Z,1256.5284,1636.777,230.5929,7.0982,0.7678,1324.1618,1702.8499,228.9395,7.4373,0.7781,1784.4178,2258.9267,228.9282,9.8676,0.79
2014-10-31T02:45:59.959Z,1257.6016,1631.0388,229.9198,7.0942,0.7704,1334.2891,1707.7002,228.8373,7.4626,0.781,1784.0555,2258.1124,228.7115,9.8734,0.79
2014-10-31T02:46:59.466Z,1245.8092,1634.689,230.2582,7.0994,0.7618,1316.6671,1688.7094,228.8279,7.3802,0.7797,1790.9272,2265.7824,229.6059,9.8687,0.79
2014-10-31T02:47:59.433Z,1179.956,1602.0027,230.2586,6.9574,0.7365,1247.2667,1605.6722,227.9408,7.0444,0.7769,1781.6621,2259.1467,231.2433,9.77,0.7899
2014-10-31T02:48:59.592Z,1186.5211,1582.2001,230.0171,6.8784,0.7503,1279.0602,1659.1491,230.4667,7.1986,0.77,1740.0191,2236.5511,230.7778,9.6912,0.779
2014-10-31T02:49:59.291Z,1189.2918,1575.7953,229.857,6.8553,0.7546,1291.2164,1673.186,230.8236,7.2488,0.7714,1731.6736,2231.8152,230.4482,9.685,0.7771
2014-10-31T02:50:59.527Z,1203.6234,1589.2438,230.1822,6.9039,0.7571,1293.1704,1673.9624,230.3457,7.2675,0.7725,1740.1372,2228.913,230.0518,9.6888,0.7801
2014-10-31T02:51:59.948Z,1217.9293,1604.5745,230.479,6.9619,0.7597,1292.7152,1672.5657,229.8449,7.2775,0.7721,1751.2929,2230.882,229.8253,9.7062,0.7856
2014-10-31T02:52:59.440Z,1222.132,1604.8262,230.3908,6.9654,0.7613,1308.607,1685.1412,230.0626,7.325,0.7762,1761.5557,2243.8679,229.7919,9.7646,0.785
2014-10-31T02:53:59.833Z,1227.0773,1626.9836,229.9755,7.075,0.7542,1300.1576,1654.6233,228.6324,7.2366,0.7859,1810.2233,2277.9227,230.4055,9.8866,0.7954
2014-10-31T02:54:59.911Z,1245.2234,1645.0546,229.9035,7.1553,0.7568,1297.9275,1652.7735,228.1653,7.2438,0.7854,1816.9542,2272.5979,230.481,9.8607,0.7996
2014-10-31T02:55:59.168Z,1254.3368,1676.0327,230.0964,7.2841,0.7484,1284.6658,1618.5521,226.1871,7.1558,0.7933,1872.9832,2311.2144,230.9437,10.0081,0.8088
2014-10-31T02:56:59.425Z,1262.1535,1673.1152,230.094,7.2713,0.7542,1300.8741,1645.7175,227.3368,7.238,0.7902,1856.9931,2303.3409,230.8635,9.9773,0.8049
2014-10-31T02:57:59.712Z,685.7463,902.2897,230.3329,3.9297,0.4747,713.9599,913.479,229.4563,3.9955,0.2987,1106.0755,1359.0909,231.8645,5.8911,0.8515
2014-10-31T02:58:59.380Z,3.5296,22.7056,231.7253,0.0974,0.156,-6.3092,22.3071,230.4078,0.0962,-0.2837,14.9699,31.3412,234.9152,0.1339,0.3895
2014-10-31T02:59:59.612Z,3.977,23.0203,231.435,0.0993,0.1739,-6.2385,22.0466,230.1478,0.0955,-0.2833,9.3948,25.729,234.8279,0.1095,0.3657
2014-10-31T03:00:59.835Z,3.4904,22.3948,231.0422,0.097,0.1569,-6.1286,22.1374,230.7773,0.096,-0.2757,9.1361,25.3355,234.5153,0.108,0.3624
2014-10-31T03:01:59.333Z,4.1962,22.5824,231.1408,0.0975,0.1877,-6.0044,22.1656,231.1484,0.0956,-0.2705,9.4869,25.1608,233.9739,0.1075,0.3783
2014-10-31T03:02:59.607Z,3.5944,22.3724,231.7089,0.0967,0.1607,-5.6316,21.5031,232.1593,0.0926,-0.2594,9.4144,24.9673,234.4151,0.1068,0.3785
2014-10-31T03:03:59.717Z,3.9889,22.4737,232.3067,0.0965,0.1797,-5.8264,21.9728,232.7706,0.0943,-0.2657,9.4367,25.2888,234.3649,0.1079,0.3744
2014-10-31T03:04:59.969Z,2.7702,22.6847,232.0381,0.098,0.1235,-5.8844,21.8967,230.8211,0.0952,-0.2684,9.4633,25.249,234.1661,0.1076,0.3754
2014-10-31T03:05:59.318Z,4.2422,22.5685,232.3099,0.0974,0.1897,-6.2812,21.4802,226.9713,0.0944,-0.2929,9.6327,25.3038,235.5034,0.1073,0.3827
2014-10-31T03:06:59.831Z,2.7298,22.826,232.6746,0.0979,0.1193,-6.3512,21.9219,230.45,0.0954,-0.2892,9.2684,25.3691,234.1399,0.1083,0.3655
2014-10-31T03:07:59.750Z,3.8863,22.6774,231.1508,0.0975,0.1729,-6.1111,22.1692,231.3674,0.0956,-0.2759,9.1454,25.1102,233.4098,0.1072,0.3642
2014-10-31T03:08:59.868Z,3.7898,22.8529,230.2028,0.0993,0.1657,-6.4207,22.3523,231.6544,0.0965,-0.288,9.0451,25.3752,233.5543,0.1084,0.3563
2014-10-31T03:09:59.112Z,3.8096,22.8799,229.3887,0.0999,0.169,-6.1576,21.9461,230.6939,0.0953,-0.281,9.4273,25.6088,234.1672,0.1091,0.3688
2014-10-31T03:10:59.611Z,3.7769,22.5596,229.0545,0.0988,0.1668,-6.4914,22.2209,230.8365,0.0963,-0.2912,9.0672,25.1659,233.5763,0.108,0.3611
2014-10-31T03:11:59.365Z,3.3168,22.5934,230.5871,0.0978,0.1472,-6.3977,22.3962,230.5912,0.0972,-0.2853,9.2799,25.478,233.6334,0.1087,0.3639
2014-10-31T03:12:59.687Z,4.1497,22.7255,231.0098,0.0988,0.1849,-5.8686,22.1504,230.7798,0.0956,-0.2653,9.3334,25.428,233.9061,0.1089,0.3675
2014-10-31T03:13:59.222Z,2.5081,22.6825,231.3928,0.0975,0.111,-6.062,22.4205,231.6772,0.0969,-0.2719,8.9865,25.3413,233.6841,0.1083,0.3541
2014-10-31T03:14:59.576Z,2.865,23.0012,231.8672,0.099,0.1246,-6.0678,22.3406,231.467,0.0965,-0.2713,9.3761,25.4943,233.1299,0.1093,0.3685
2014-10-31T03:15:59.835Z,3.0104,22.7605,231.6773,0.0982,0.1323,-6.262,22.334,231.1257,0.0961,-0.2802,9.0639,25.3457,232.8478,0.1087,0.3581
2014-10-31T03:16:59.078Z,3.0557,22.7376,231.4849,0.0984,0.1351,-6.3083,22.54,230.7284,0.098,-0.2813,9.2655,25.1226,232.6333,0.1076,0.3687
2014-10-31T03:17:59.319Z,3.8759,23.0635,232.7461,0.0995,0.1694,-6.1077,22.5154,231.6976,0.0974,-0.2717,9.5249,25.2327,232.4213,0.1093,0.3776
2014-10-31T03:18:59.040Z,3.9068,22.9161,233.2503,0.0981,0.1717,-6.3694,22.1773,229.96,0.0969,-0.2861,9.5447,25.1818,233.1351,0.1072,0.3802
2014-10-31T03:19:59.625Z,3.1229,23.1633,233.4946,0.0985,0.1352,-6.2007,22.1242,230.3218,0.0968,-0.2797,9.3852,25.1081,232.752,0.1079,0.3739
2014-10-31T03:20:59.958Z,2.9616,23.05,233.3018,0.0988,0.13,-6.0935,22.3833,231.6312,0.0962,-0.2733,9.1107,25.1055,232.6801,0.1073,0.3633
2014-10-31T03:21:59.265Z,2.5046,22.9868,233.7122,0.0984,0.1087,-6.3869,22.5411,232.2726,0.098,-0.2837,8.9301,24.9873,232.8116,0.1078,0.3587
2014-10-31T03:22:59.528Z,2.8614,22.6253,233.1483,0.0968,0.13,-5.7246,22.3907,231.8436,0.0968,-0.2552,9.141,24.7326,232.1927,0.1064,0.3704
2014-10-31T03:23:59.769Z,3.6015,22.4551,232.0787,0.0969,0.1634,-5.7424,21.9904,231.5146,0.0949,-0.2602,9.4805,24.888,232.0006,0.1078,0.3835
2014-10-31T03:24:59.090Z,3.8832,22.9522,232.6856,0.0985,0.17,-6.3692,22.4738,231.1718,0.097,-0.2842,9.1091,24.3038,229.4444,0.1056,0.3741
2014-10-31T03:25:59.847Z,4.0988,23.0624,232.4752,0.0994,0.1788,-6.2861,22.1769,231.1181,0.0957,-0.2838,9.0057,24.5596,228.5912,0.1077,0.3667
2014-10-31T03:26:59.431Z,3.7912,22.692,231.6162,0.098,0.1674,-6.2873,22.2381,230.716,0.0964,-0.2837,9.0881,24.7417,230.8866,0.1071,0.3674
2014-10-31T03:27:59.766Z,4.3623,23.1202,232.0659,0.0997,0.1891,-6.1181,22.3583,230.9749,0.097,-0.2746,9.5254,25.026,231.2159,0.1085,0.382
2014-10-31T03:28:59.258Z,4.2238,22.9683,231.7726,0.0995,0.1857,-5.9371,22.5335,230.9129,0.0984,-0.2643,9.5039,24.7104,231.0668,0.1071,0.3855
2014-10-31T03:29:59.645Z,4.0055,23.3701,232.1407,0.1004,0.1735,-5.8969,22.1806,231.2673,0.0959,-0.2666,9.2993,24.9451,231.1533,0.1078,0.373
2014-10-31T03:30:59.873Z,3.823,22.6848,231.9732,0.0976,0.1679,-6.2887,22.1733,231.1694,0.096,-0.2836,9.23,24.9094,231.1586,0.108,0.3717
2014-10-31T03:31:59.160Z,3.7447,22.7508,231.6814,0.0984,0.1662,-6.1455,22.2814,231.0796,0.0965,-0.2763,9.2048,25.1623,231.1303,0.1087,0.3667
2014-10-31T03:32:59.896Z,3.8285,22.7543,232.6527,0.0977,0.1692,-6.1876,22.1583,231.3758,0.0957,-0.2793,9.1517,25.3685,232.6671,0.1092,0.3618
2014-10-31T03:33:59.152Z,4.2178,22.865,233.1843,0.0977,0.1862,-6.1509,22.099,231.4684,0.0957,-0.2767,9.4304,25.0493,232.1964,0.1085,0.3791
2014-10-31T03:34:59.180Z,3.783,23.0184,233.5149,0.0986,0.1653,-6.372,22.4937,232.2353,0.0967,-0.2841,9.179,25.1695,233.3266,0.1078,0.3649
2014-10-31T03:35:59.406Z,3.8147,22.9956,233.2624,0.0989,0.1667,-6.2435,22.2354,232.7484,0.0957,-0.2797,9.1304,25.3914,234.0445,0.1082,0.3602
2014-10-31T03:36:59.652Z,4.1481,22.9813,232.9621,0.0986,0.1815,-6.2432,22.4576,232.783,0.0965,-0.2781,9.2881,25.4365,234.2856,0.1088,0.3648
2014-10-31T03:37:59.039Z,4.051,22.8582,233.1267,0.0977,0.1787,-6.2011,22.5633,232.4749,0.0968,-0.2762,9.3966,25.5163,233.8585,0.1094,0.3691
2014-10-31T03:38:59.649Z,3.8881,22.8092,233.1081,0.0977,0.1714,-6.0895,22.1022,232.1455,0.0949,-0.2728,9.3868,25.3103,233.4971,0.1084,0.3734
2014-10-31T03:40:59.369Z,4.0156,22.9155,232.598,0.0985,0.1756,-6.2301,22.3868,231.6417,0.0963,-0.2791,9.257,25.099,232.5006,0.1086,0.3692
2014-10-31T03:41:59.998Z,3.9863,22.8738,232.181,0.0979,0.176,-6.3846,22.2776,229.3113,0.0972,-0.2871,9.5038,25.3357,233.2481,0.1088,0.3755
2014-10-31T03:42:59.353Z,4.0181,22.7548,231.8472,0.0981,0.1777,-6.0754,22.5085,232.4374,0.0963,-0.2681,9.4247,25.2596,232.2802,0.1088,0.3754
2014-10-31T03:43:59.686Z,3.6673,22.7657,232.0477,0.0978,0.1604,-6.5018,22.7085,232.5473,0.0974,-0.2874,9.2873,24.9816,232.5282,0.1074,0.3719
2014-10-31T03:44:59.987Z,3.5279,22.8921,231.2498,0.099,0.1546,-6.0156,22.3218,232.1463,0.0963,-0.2697,9.2019,25.1244,232.3093,0.1083,0.3669
2014-10-31T03:45:59.239Z,3.9798,22.997,231.0063,0.0998,0.1754,-6.0712,22.3709,232.2699,0.0966,-0.2719,9.4609,25.2725,232.4183,0.1088,0.3744
2014-10-31T03:46:59.499Z,4.018,22.8982,231.083,0.0997,0.1766,-6.2049,22.317,232.0723,0.0959,-0.2774,9.262,25.1607,232.5953,0.1077,0.3678
2014-10-31T03:47:59.062Z,3.739,22.5937,231.7839,0.0971,0.1656,-6.3283,22.5202,232.3212,0.0973,-0.2815,9.2425,25.6033,234.0201,0.1098,0.3608
2014-10-31T03:48:59.521Z,3.6078,22.5476,231.8451,0.0968,0.1637,-6.2484,22.6776,232.1527,0.0974,-0.2765,9.2983,25.6031,233.9173,0.1093,0.3626
2014-10-31T03:49:59.871Z,3.9383,22.9127,232.4364,0.099,0.1735,-6.1397,22.4416,232.6856,0.097,-0.2737,9.1353,25.4459,234.0506,0.1088,0.3598
2014-10-31T03:50:59.300Z,3.9122,23.0039,232.3694,0.0988,0.1712,-6.2022,22.2809,230.8777,0.0967,-0.2802,9.183,25.6014,233.9218,0.1094,0.3587
2014-10-31T03:51:59.394Z,4.2266,23.1621,232.5045,0.0997,0.1833,-6.8266,21.9229,228.8956,0.0962,-0.3119,9.4538,25.0878,234.3312,0.1068,0.3788
2014-10-31T03:52:59.752Z,3.8729,22.6461,232.1459,0.0974,0.1717,-6.211,22.0772,231.4965,0.0956,-0.2802,9.1965,25.3283,233.1806,0.1094,0.3644
2014-10-31T03:53:59.106Z,3.4654,22.4585,232.8775,0.0959,0.1544,-6.0088,22.1266,231.6549,0.0958,-0.2696,9.5528,25.1948,232.767,0.1085,0.3813
2014-10-31T03:54:59.392Z,4.0776,23.0587,233.0309,0.099,0.1793,-6.0064,21.9586,230.3051,0.0957,-0.274,9.5407,25.2174,232.7865,0.1083,0.3793
2014-10-31T03:55:59.783Z,3.8182,23.0787,233.5535,0.0988,0.1654,-6.2594,22.226,230.453,0.0968,-0.2811,9.0551,25.1223,233.0479,0.1083,0.3606
2014-10-31T03:56:59.132Z,3.7295,23.0948,232.8387,0.0987,0.1616,-6.1145,22.327,230.9158,0.0965,-0.2735,9.1255,25.1828,232.9788,0.1084,0.3627
2014-10-31T03:57:59.472Z,3.5935,22.8418,232.0726,0.0983,0.1572,-6.316,22.2402,231.0468,0.0961,-0.2835,9.2015,25.0182,232.907,0.1068,0.3681
2014-10-31T03:58:59.423Z,2.7878,23.0743,232.589,0.0994,0.1226,-6.1787,22.3481,230.9777,0.0968,-0.2771,9.1287,24.965,231.5311,0.1078,0.3661
2014-10-31T03:59:59.792Z,3.8094,22.5334,232.585,0.0971,0.17,-6.0931,22.228,230.6336,0.0961,-0.2738,8.946,24.752,231.2802,0.1073,0.3628
