2014-12-02T00:00:59.300Z,2.392,61.1169,232.9224,0.2628,0.0397,3.9353,55.1801,232.8802,0.237,0.0733,3.4891,54.7241,234.6082,0.2331,0.0637
2014-12-02T00:01:59.325Z,2.803,61.536,231.3512,0.2663,0.0459,3.3297,56.919,233.3409,0.2436,0.0605,3.3509,56.8087,234.5468,0.2423,0.0597
2014-12-02T00:02:59.620Z,2.4913,62.9788,231.4246,0.2723,0.0397,2.8854,56.6571,232.6692,0.2436,0.0534,2.9058,56.9586,234.2669,0.243,0.0527
2014-12-02T00:03:59.228Z,3.0172,63.6714,230.9116,0.2759,0.0488,3.1486,56.9591,233.2261,0.2441,0.0576,3.9529,57.0473,233.6441,0.2449,0.0717
2014-12-02T00:04:59.408Z,3.1335,63.2227,231.6718,0.2733,0.0504,3.1363,58.8013,231.8383,0.254,0.0543,3.625,55.2066,232.7423,0.2367,0.0667
2014-12-02T00:05:59.806Z,1.8764,64.1573,232.3556,0.2762,0.0318,2.8275,58.8427,232.5492,0.2532,0.0475,3.08,57.9677,233.4771,0.2484,0.053
2014-12-02T00:06:59.131Z,2.5072,63.32,231.8554,0.2729,0.0392,2.7897,58.0902,232.4822,0.2503,0.0486,3.5042,59.5688,233.0366,0.2552,0.0589
2014-12-02T00:07:59.741Z,2.5109,63.5027,231.4485,0.2742,0.0396,2.9171,57.9628,231.9188,0.2498,0.0498,3.2915,58.321,232.4515,0.2505,0.0577
2014-12-02T00:08:59.431Z,2.9404,63.7038,231.2981,0.2753,0.0463,3.1033,57.4636,231.6346,0.2477,0.0533,3.5872,58.5798,232.1083,0.252,0.0607
2014-12-02T00:09:59.160Z,2.4636,63.0044,231.446,0.2721,0.0393,3.168,56.4635,230.6593,0.2452,0.0563,3.5125,57.3889,231.7767,0.2474,0.0627
2014-12-02T00:10:59.365Z,2.3574,65.3586,233.047,0.2805,0.0368,3.1501,57.0568,232.063,0.246,0.0548,3.6831,58.7392,233.2292,0.2514,0.0635
2014-12-02T00:11:59.937Z,2.2963,64.3307,232.8457,0.2754,0.0353,2.9627,57.5721,232.738,0.2473,0.051,3.462,57.3914,232.7452,0.2467,0.0612
2014-12-02T00:12:59.488Z,2.7337,64.8166,232.8569,0.2784,0.0419,3.0532,56.104,232.7319,0.2408,0.0541,3.7366,58.6151,233.174,0.2517,0.0637
2014-12-02T00:13:59.017Z,2.6562,65.1852,232.8402,0.2799,0.0413,3.2626,57.0661,232.9524,0.2452,0.0568,3.5911,58.8597,233.101,0.2527,0.0607
2014-12-02T00:14:59.311Z,2.0658,65.1325,232.3451,0.2801,0.0313,3.8041,58.8205,232.6563,0.2525,0.0643,3.1695,58.0889,232.8862,0.2496,0.0558
2014-12-02T00:15:59.767Z,2.151,63.8367,232.5377,0.2745,0.0333,3.1016,56.2839,232.9003,0.2415,0.0543,3.4401,58.409,233.0027,0.2505,0.0591
2014-12-02T00:16:59.176Z,3.043,64.386,232.9802,0.2761,0.0472,3.3306,59.3003,233.3703,0.2541,0.0564,3.634,57.7973,233.5291,0.2479,0.0639
2014-12-02T00:17:59.993Z,2.7099,65.4471,233.3825,0.2802,0.0417,3.0333,60.1575,233.3507,0.2578,0.0505,3.3032,58.8105,233.6246,0.2518,0.0558
2014-12-02T00:18:59.521Z,2.1016,64.9872,232.6594,0.2792,0.0329,2.9751,57.7269,232.9849,0.2481,0.0528,3.7759,58.4622,233.1372,0.2509,0.064
2014-12-02T00:19:59.296Z,3.408,63.5449,233.1685,0.2721,0.0536,2.757,56.6465,233.5849,0.2422,0.0499,3.3425,55.953,233.4597,0.2392,0.0603
2014-12-02T00:20:59.941Z,2.7001,61.914,233.1678,0.2657,0.0428,3.1497,55.5842,233.4745,0.2382,0.0579,3.2698,57.7576,233.8797,0.2473,0.0571
2014-12-02T00:21:59.153Z,2.1127,61.3731,232.9575,0.2628,0.0351,2.8461,56.2161,233.3278,0.2411,0.0509,3.5927,56.6445,233.3854,0.243,0.0635
2014-12-02T00:22:59.759Z,2.2841,63.7146,232.6273,0.274,0.0366,2.9838,57.2754,232.8912,0.2463,0.0541,3.6824,57.0462,232.9083,0.2449,0.0642
2014-12-02T00:23:59.143Z,3.2626,63.4823,232.7503,0.2729,0.052,2.9217,55.7719,233.1206,0.2393,0.0553,3.5909,57.3374,233.1783,0.2463,0.0614
2014-12-02T00:24:59.741Z,2.4665,64.7612,232.8698,0.2772,0.0389,3.0237,58.6682,233.3053,0.2515,0.0542,3.5827,59.2546,233.2766,0.2541,0.0602
2014-12-02T00:25:59.433Z,2.5316,63.8134,233.6524,0.2727,0.041,3.098,58.2159,233.8368,0.2485,0.0546,3.7778,58.3424,233.9471,0.249,0.0659
2014-12-02T00:26:59.999Z,3.0225,64.8454,233.1993,0.2783,0.0485,3.0941,57.7253,233.4975,0.2474,0.0549,3.7168,58.2082,234.2133,0.2486,0.0651
2014-12-02T00:27:59.390Z,3.1216,63.9514,233.1044,0.2742,0.0473,2.6622,59.1021,233.1389,0.2532,0.0453,3.5933,57.7821,234.1156,0.2467,0.0619
2014-12-02T00:28:59.319Z,2.408,64.7156,232.9283,0.2772,0.0372,3.1468,58.367,233.1694,0.2499,0.0542,3.4267,58.7708,234.1682,0.2513,0.0589
2014-12-02T00:29:59.855Z,2.3408,64.7909,232.8462,0.2782,0.0354,3.1616,57.6654,232.9082,0.2475,0.0566,3.3518,59.4677,234.2651,0.2537,0.0571
2014-12-02T00:30:59.123Z,3.2609,63.519,232.856,0.2728,0.0513,2.8299,59.302,232.8949,0.2551,0.0481,3.8166,60.2611,234.2712,0.2571,0.0631
2014-12-02T00:31:59.359Z,2.8347,63.3336,232.5515,0.2726,0.046,3.134,59.0295,232.6327,0.2535,0.0527,3.5193,58.8691,233.9173,0.252,0.0595
2014-12-02T00:32:59.379Z,2.6663,63.6307,232.3624,0.274,0.0413,2.9453,58.6311,231.3822,0.2535,0.0516,3.1504,58.6257,233.6609,0.2507,0.0552
2014-12-02T00:33:59.693Z,2.2974,64.279,233.1736,0.2761,0.0359,3.2155,57.9177,232.3065,0.2491,0.0553,3.5616,59.5412,234.5707,0.2532,0.0612
2014-12-02T00:34:59.807Z,2.52,66.1547,232.9368,0.2835,0.0389,3.2221,57.8824,232.4826,0.2485,0.0546,3.437,58.9712,234.3316,0.251,0.0587
2014-12-02T00:35:59.518Z,2.2043,64.0894,232.8786,0.275,0.0343,3.0814,57.203,232.2574,0.246,0.0548,3.5237,58.34,234.0763,0.2496,0.0613
2014-12-02T00:37:59.462Z,2.2434,65.2146,232.767,0.2799,0.0343,3.2521,58.8892,232.4381,0.2532,0.0569,3.4904,59.2609,234.1584,0.2529,0.0593
2014-12-02T00:38:59.265Z,2.8206,63.9787,231.271,0.2764,0.0444,2.8787,57.79,232.9672,0.2472,0.0508,3.296,59.4387,234.129,0.2539,0.0564
2014-12-02T00:39:59.339Z,3.0236,63.2662,231.0277,0.274,0.0487,3.0531,57.0147,233.0207,0.2445,0.0534,3.5366,59.7665,234.0952,0.2558,0.0627
2014-12-02T00:40:59.709Z,2.535,63.5087,231.9867,0.2734,0.0396,3.2232,58.179,233.2884,0.2495,0.0566,3.7734,58.5787,234.5995,0.2495,0.0657
2014-12-02T00:41:59.793Z,2.2923,65.4863,232.4682,0.2813,0.0346,3.1864,57.6563,232.9771,0.2479,0.0554,3.3216,58.84,234.3149,0.2513,0.0567
2014-12-02T00:42:59.498Z,3.4738,64.1503,231.8614,0.2767,0.0553,3.1601,58.6926,232.7731,0.252,0.0534,3.6208,59.0137,234.3412,0.2521,0.0618
2014-12-02T00:43:59.397Z,3.1704,65.1995,231.9426,0.2812,0.0484,2.7813,58.0081,233.1122,0.2492,0.0491,3.3864,58.6169,233.9255,0.2507,0.0576
2014-12-02T00:44:59.599Z,2.3807,63.6116,231.9137,0.274,0.0374,3.1191,56.9985,233.1162,0.2448,0.0546,3.4829,57.7518,234.0575,0.247,0.0666
2014-12-02T00:45:59.654Z,2.3537,63.4514,232.2451,0.2732,0.0388,3.0587,60.3851,233.3337,0.2593,0.0508,3.2847,58.7882,233.5285,0.2522,0.0565
2014-12-02T00:46:59.671Z,2.4545,63.7964,232.7975,0.2744,0.0378,2.847,57.9967,233.3559,0.2484,0.05,3.5187,58.4448,233.7043,0.2499,0.0608
2014-12-02T00:47:59.402Z,2.88,64.5693,233.3918,0.2766,0.0426,3.2697,58.2983,233.869,0.2487,0.0544,3.1559,60.0648,234.4382,0.2567,0.0539
2014-12-02T00:48:59.788Z,2.2461,64.2878,232.923,0.2759,0.0347,3.5218,57.4909,233.1075,0.2466,0.0614,3.4359,58.0416,233.8121,0.2477,0.0604
2014-12-02T00:49:59.468Z,2.58,64.5861,232.8231,0.2772,0.0403,2.736,57.6958,232.2089,0.2481,0.0477,3.7968,57.2111,233.1612,0.2454,0.0692
2014-12-02T00:50:59.742Z,3.0065,63.7637,233.1495,0.273,0.0464,3.0887,57.168,232.9357,0.2457,0.0537,3.3311,58.0191,233.2347,0.2482,0.0585
2014-12-02T00:51:59.118Z,2.3293,63.9573,233.5771,0.2736,0.0366,3.2467,57.6837,233.2326,0.2477,0.0554,3.4474,59.0493,233.2467,0.2531,0.0592
2014-12-02T00:52:59.465Z,2.3471,65.3901,233.5293,0.2801,0.0347,3.2133,58.779,233.2935,0.2517,0.0554,3.438,58.2689,233.1813,0.2497,0.0579
2014-12-02T00:53:59.970Z,2.9843,65.1633,233.662,0.2789,0.0463,3.0058,58.2654,233.3136,0.2502,0.0522,3.8634,58.5308,233.3622,0.2509,0.0667
2014-12-02T00:54:59.483Z,3.0959,64.3246,233.5174,0.2757,0.0484,2.8622,56.7639,233.1884,0.2433,0.05,3.6668,58.4487,233.6492,0.2501,0.0628
2014-12-02T00:55:59.009Z,2.11,65.3844,233.0787,0.2804,0.0313,3.3668,59.7768,232.8482,0.2564,0.0569,3.5486,58.0831,233.2581,0.2488,0.0616
2014-12-02T00:56:59.707Z,2.5447,64.5647,232.562,0.2776,0.0407,3.425,59.8876,232.8507,0.2572,0.0575,3.654,58.2712,232.8582,0.2497,0.0641
2014-12-02T00:57:59.071Z,3.3456,63.3887,232.3116,0.2728,0.0532,3.0234,58.3371,233.4006,0.2499,0.0524,3.6539,58.9383,233.4409,0.252,0.0627
2014-12-02T00:58:59.334Z,3.3634,64.3801,232.2858,0.2769,0.0526,3.2186,58.6122,233.1296,0.2515,0.0552,3.4793,58.4735,233.1824,0.2504,0.0601
2014-12-02T00:59:59.966Z,2.374,63.9609,232.984,0.2747,0.038,2.9991,57.416,231.052,0.2484,0.0536,3.7024,60.0133,234.5011,0.2558,0.0602
2014-12-02T01:00:59.288Z,3.086,60.3388,231.7613,0.2606,0.0506,2.8259,54.7477,231.6919,0.2362,0.0541,3.3773,54.6667,232.7808,0.2346,0.0622
2014-12-02T01:01:59.606Z,2.7301,60.8421,231.6816,0.2627,0.0461,3.5249,57.3387,232.426,0.2459,0.0624,3.2625,55.8618,232.5257,0.2403,0.0592
2014-12-02T01:02:59.894Z,2.2364,61.1179,231.7284,0.2636,0.0362,3.5882,57.82,232.7979,0.2484,0.0643,3.5018,56.008,232.8369,0.2407,0.0646
2014-12-02T01:03:59.193Z,2.4627,62.9793,231.9354,0.2716,0.0377,3.7519,56.5771,233.133,0.2427,0.0664,3.9863,56.1753,233.1102,0.2407,0.072
2014-12-02T01:05:59.817Z,2.4779,63.8053,231.9385,0.2753,0.0392,3.0589,57.431,232.7665,0.2465,0.0551,3.6443,57.9882,233.1782,0.2487,0.0643
2014-12-02T01:06:59.104Z,2.0878,64.4003,231.8684,0.2772,0.0327,3.3563,57.2561,232.3828,0.2461,0.0578,3.2062,58.9058,233.0641,0.2523,0.0558
2014-12-02T01:07:59.366Z,2.1792,63.7402,231.7631,0.2748,0.0343,2.8288,58.1093,231.9349,0.2507,0.0489,3.3747,59.6663,232.9742,0.2557,0.0568
2014-12-02T01:08:59.803Z,2.5722,63.2192,232.2833,0.272,0.0411,3.3282,57.3617,232.6991,0.2466,0.0584,3.5123,58.6523,233.2354,0.2515,0.0597
2014-12-02T01:09:59.067Z,2.5039,65.2932,232.5236,0.2807,0.0401,3.208,58.1686,232.9009,0.2497,0.0552,3.1673,59.676,233.384,0.2554,0.0529
2014-12-02T01:10:59.406Z,2.2026,64.0893,232.4029,0.2762,0.0351,3.2841,57.167,233.3018,0.2449,0.0587,3.3176,59.007,233.1947,0.2526,0.0567
2014-12-02T01:11:59.026Z,2.4594,63.2026,233.3353,0.2708,0.0387,3.1454,57.2709,233.5038,0.2449,0.0556,3.2578,58.8619,234.1123,0.2517,0.0562
2014-12-02T01:12:59.619Z,2.8983,64.6389,233.0786,0.2772,0.0449,3.0379,56.8571,232.6911,0.2435,0.0538,3.6225,60.0383,234.008,0.2562,0.06
2014-12-02T01:13:59.057Z,3.517,65.0209,232.8609,0.2793,0.0557,2.9451,58.9704,232.5653,0.2532,0.0514,3.8088,59.368,234.0531,0.2538,0.0642
2014-12-02T01:14:59.800Z,2.435,63.5674,232.7722,0.273,0.0395,2.8532,57.2117,232.4798,0.2462,0.0514,3.6764,57.6262,233.3496,0.2467,0.0646
2014-12-02T01:15:59.174Z,2.3093,63.9662,232.2258,0.2754,0.0362,2.9058,58.4197,232.6807,0.2512,0.0489,3.3166,57.9402,232.9096,0.2487,0.0569
2014-12-02T01:16:59.575Z,2.4625,63.8821,233.1232,0.274,0.0387,3.1837,58.1724,233.6347,0.2488,0.0555,3.2726,58.5533,233.5802,0.2508,0.0561
2014-12-02T01:17:59.182Z,2.6316,64.1598,232.9687,0.2754,0.04,3.226,58.2606,233.6114,0.249,0.0551,3.8138,59.3659,233.6838,0.2541,0.0641
2014-12-02T01:18:59.564Z,2.3557,63.3952,231.8978,0.2732,0.0371,3.0649,57.4021,232.7057,0.2468,0.0534,3.2623,59.8459,232.7514,0.2569,0.0556
2014-12-02T01:19:59.368Z,2.243,62.6738,232.3411,0.2695,0.0378,3.4312,58.4142,232.7826,0.2507,0.0588,3.3392,57.6766,232.6771,0.2477,0.0579
2014-12-02T01:20:59.420Z,3.1252,63.1708,232.69,0.2715,0.0491,3.2873,57.8902,233.5019,0.2479,0.0571,3.6812,57.0424,233.3954,0.2447,0.0651
2014-12-02T01:22:59.058Z,2.1553,62.9449,232.9688,0.2702,0.0347,2.9818,56.567,233.0125,0.2429,0.0534,3.3231,56.0447,233.6483,0.2398,0.0594
2014-12-02T01:23:59.753Z,2.9273,62.3134,232.5233,0.2676,0.0479,3.5941,54.8563,233.1854,0.2349,0.068,3.3704,57.4633,233.6335,0.2457,0.0598
2014-12-02T01:24:59.280Z,3.0076,62.5705,232.2151,0.2698,0.0495,3.1035,56.3808,232.6632,0.2423,0.0546,3.5526,58.0663,233.2113,0.2486,0.0614
2014-12-02T01:25:59.376Z,2.4923,64.7486,230.4519,0.2807,0.038,2.8311,58.8562,233.1287,0.2523,0.0479,3.6165,58.7612,233.6548,0.2519,0.0629
2014-12-02T01:26:59.639Z,2.3385,63.61,230.4509,0.2758,0.0359,3.1285,58.2663,233.2316,0.2495,0.054,3.1986,58.3996,233.6381,0.2499,0.0543
2014-12-02T01:27:59.096Z,2.6286,63.4757,231.0577,0.2749,0.0417,2.8412,57.7439,232.9983,0.248,0.0506,3.3166,58.6239,233.5687,0.2512,0.0563
2014-12-02T01:28:59.349Z,2.0791,64.2901,232.1989,0.2767,0.0337,3.1105,57.163,232.7696,0.2449,0.0559,3.5464,58.0801,233.5315,0.2484,0.0631
2014-12-02T01:29:59.686Z,2.2425,65.0974,232.4868,0.2796,0.035,3.3173,59.5287,232.8298,0.2559,0.0551,3.2599,59.1266,233.6623,0.2534,0.0555
2014-12-02T01:30:59.315Z,3.258,64.9791,233.1631,0.2781,0.0508,3.3037,59.1493,232.8599,0.2539,0.0542,3.1817,57.6352,233.7043,0.2472,0.0554
2014-12-02T01:31:59.116Z,3.2375,65.4197,232.9975,0.2807,0.0501,2.8316,57.6001,232.3241,0.248,0.049,3.4764,58.301,233.6256,0.2495,0.0611
2014-12-02T01:32:59.639Z,2.9423,64.8963,233.3048,0.2782,0.0433,3.0991,58.4446,231.9195,0.2516,0.0531,3.4297,59.2465,233.3418,0.2536,0.0585
2014-12-02T01:33:59.987Z,2.4463,63.6666,232.7203,0.273,0.038,3.128,56.8957,231.8937,0.2457,0.0552,3.1792,59.1982,233.4598,0.2538,0.0533
2014-12-02T01:34:59.342Z,2.6957,63.6098,232.5066,0.274,0.0426,2.8532,57.7872,232.7933,0.2482,0.0491,3.3618,59.069,233.2359,0.2533,0.0571
2014-12-02T01:35:59.807Z,3.2536,63.365,232.6683,0.2726,0.0514,2.6771,57.6096,232.9468,0.2472,0.0466,3.7617,57.7021,233.2124,0.2479,0.068
2014-12-02T01:36:59.848Z,2.9649,64.3671,232.8841,0.2765,0.0463,3.262,58.557,233.1295,0.2511,0.0566,3.7852,57.8651,233.2011,0.2479,0.0662
2014-12-02T01:37:59.397Z,2.3768,64.9534,232.6384,0.2789,0.0359,2.6536,58.2068,232.1376,0.2508,0.0472,3.6397,58.7752,233.1722,0.2522,0.0611
2014-12-02T01:38:59.290Z,2.7887,64.6513,232.0682,0.2785,0.0427,2.7658,58.606,231.7305,0.2525,0.0468,3.6185,57.1741,232.3403,0.2459,0.0626
2014-12-02T01:39:59.657Z,3.3171,63.2282,232.3741,0.2721,0.0531,2.9402,56.8103,232.062,0.2449,0.054,3.1695,57.6136,232.9351,0.2475,0.0588
2014-12-02T01:40:59.349Z,2.5984,64.3093,232.9529,0.2756,0.0402,2.9671,57.8646,232.31,0.2486,0.0523,3.3208,60.2714,233.2543,0.2579,0.0557
2014-12-02T01:41:59.665Z,2.5611,64.6278,232.4295,0.2782,0.039,2.8335,58.7489,232.2678,0.2529,0.0479,3.4048,57.7445,233.46,0.2473,0.0592
2014-12-02T01:42:59.036Z,2.2323,63.8498,232.2408,0.2751,0.0354,2.8792,58.0401,232.4858,0.2499,0.05,2.9923,58.6787,233.1673,0.2516,0.0504
2014-12-02T01:43:59.587Z,3.1592,63.5463,232.7499,0.2729,0.0501,3.0141,57.4004,232.9552,0.2465,0.0533,3.7773,58.4841,233.6543,0.25,0.0686
2014-12-02T01:44:59.502Z,3.3748,63.4187,232.8479,0.2722,0.0547,2.8536,57.3778,233.2169,0.2466,0.0511,3.6443,58.6183,233.4241,0.2517,0.065
2014-12-02T01:45:59.786Z,2.2437,64.0573,233.0083,0.275,0.0348,3.0171,57.0473,233.4193,0.2448,0.0509,3.1088,60.2867,233.1841,0.2583,0.0521
2014-12-02T01:46:59.372Z,2.069,64.8881,233.0348,0.2787,0.0327,3.5788,58.2287,233.4514,0.2491,0.0607,3.4037,57.502,233.2633,0.2464,0.0599
2014-12-02T01:47:59.689Z,2.7521,63.9602,233.1222,0.274,0.0437,3.3462,57.8003,233.506,0.2474,0.0582,3.4753,59.4572,233.6355,0.2538,0.0592
2014-12-02T01:48:59.406Z,2.7247,64.347,232.821,0.2764,0.044,3.4673,58.83,233.2399,0.2519,0.0596,3.2359,59.0316,233.012,0.2533,0.0568
2014-12-02T01:49:59.698Z,2.373,64.6583,232.5064,0.2787,0.0365,2.5196,57.6941,233.0068,0.2475,0.0438,3.517,57.9074,233.2305,0.2484,0.0604
2014-12-02T01:50:59.738Z,2.6404,64.8314,233.0323,0.2782,0.0407,3.2467,56.6859,233.0562,0.2429,0.0586,3.5158,58.9485,233.52,0.252,0.06
2014-12-02T01:51:59.151Z,3.4988,64.649,232.9459,0.2779,0.0554,3.3479,57.967,232.7411,0.2489,0.0576,3.5121,60.1034,233.8247,0.2572,0.0589
2014-12-02T01:53:59.790Z,2.9949,64.4064,233.6507,0.2756,0.0468,3.0285,58.1547,232.4299,0.2503,0.0537,3.3932,57.8888,233.2209,0.2482,0.0609
2014-12-02T01:54:59.368Z,2.4451,65.4931,233.4356,0.2804,0.0378,3.1448,57.8547,232.4267,0.2488,0.0549,3.537,59.9386,233.0166,0.2575,0.0601
2014-12-02T01:55:59.061Z,3.2578,63.7824,232.9363,0.2734,0.0522,2.4718,59.0046,232.6227,0.2536,0.0444,3.6489,57.9746,233.3062,0.2487,0.0627
2014-12-02T01:56:59.381Z,2.5592,64.2471,232.665,0.2758,0.0392,3.4253,58.2649,232.7842,0.2505,0.0582,3.2645,57.7898,233.135,0.2476,0.0567
2014-12-02T01:57:59.214Z,2.3396,64.7668,232.5771,0.278,0.0341,3.626,59.4523,232.5245,0.2558,0.0601,3.4023,58.45,233.1612,0.2507,0.0588
2014-12-02T01:58:59.406Z,2.054,63.713,232.828,0.2736,0.033,3.1529,56.5131,232.4703,0.2429,0.058,4.0086,57.9875,233.2121,0.2486,0.0703
2014-12-02T01:59:59.795Z,2.5987,63.6171,232.5874,0.2734,0.0418,3.0131,57.2232,232.1897,0.2458,0.053,3.5052,56.609,232.8931,0.2433,0.0625
