2014-10-17T00:00:59.033Z,0.0431,0.0558,0.6142,0.0912,0.74,0.0327,0.0531,0.6358,0.0819,0.5992,0.0296,0.0492,0.6038,0.0804,0.5973
2014-10-17T00:01:59.446Z,0.0394,0.0533,0.6021,0.0885,0.723,0.0303,0.0506,0.6285,0.08,0.5721,0.0312,0.0488,0.603,0.0803,0.6224
2014-10-17T00:02:59.840Z,0.0424,0.0555,0.609,0.0907,0.731,0.0355,0.0555,0.6431,0.0855,0.6138,0.0324,0.0493,0.6024,0.0807,0.6134
2014-10-17T00:03:59.113Z,0.035,0.0492,0.5803,0.0837,0.6792,0.0426,0.0613,0.6734,0.0892,0.66,0.0295,0.0474,0.5889,0.0808,0.5879
2014-10-17T00:04:59.532Z,0.0362,0.0535,0.5956,0.0871,0.7132,0.0379,0.0588,0.6582,0.0871,0.6379,0.0309,0.0482,0.5879,0.0812,0.6224
2014-10-17T00:05:59.868Z,0.0352,0.0528,0.5962,0.0831,0.7031,0.0355,0.0566,0.6479,0.0852,0.5986,0.0307,0.0493,0.5934,0.0803,0.5952
2014-10-17T00:06:59.441Z,0.0363,0.0529,0.5968,0.0861,0.6988,0.0383,0.0576,0.6524,0.0856,0.6178,0.0334,0.0532,0.6207,0.0846,0.6268
2014-10-17T00:07:59.921Z,0.0389,0.0564,0.6136,0.0894,0.7167,0.0319,0.0531,0.6367,0.0819,0.5964,0.03,0.0467,0.5819,0.0803,0.6011
2014-10-17T00:08:59.564Z,0.0355,0.0523,0.5861,0.0858,0.6784,0.0394,0.0587,0.6616,0.0858,0.6177,0.0306,0.0477,0.5968,0.0806,0.6045
2014-10-17T00:09:59.892Z,0.0348,0.0522,0.587,0.0852,0.697,0.0348,0.0544,0.6337,0.0848,0.6248,0.0263,0.0448,0.5807,0.0778,0.5841
2014-10-17T00:10:59.408Z,0.0413,0.0578,0.6184,0.0894,0.7272,0.0313,0.0503,0.6288,0.0813,0.5806,0.0253,0.0438,0.5659,0.0759,0.5556
2014-10-17T00:11:59.951Z,0.0369,0.0533,0.5956,0.0856,0.7013,0.0387,0.0582,0.661,0.0851,0.6146,0.031,0.0487,0.5964,0.0813,0.6208
2014-10-17T00:12:59.314Z,0.0421,0.0576,0.6226,0.0897,0.7294,0.0374,0.0562,0.65,0.0844,0.6135,0.0276,0.045,0.58,0.0771,0.5847
2014-10-17T00:13:59.812Z,0.0383,0.053,0.5997,0.087,0.73,0.037,0.0567,0.6467,0.0863,0.6573,0.0287,0.046,0.5873,0.0787,0.584
2014-10-17T00:14:59.154Z,0.0362,0.0514,0.5872,0.0862,0.7172,0.0334,0.0534,0.6321,0.0838,0.6121,0.0293,0.0483,0.5928,0.08,0.5903
2014-10-17T00:15:59.528Z,0.041,0.0567,0.6159,0.0887,0.7367,0.0354,0.0562,0.6528,0.0846,0.6056,0.0313,0.0497,0.591,0.0818,0.5933
2014-10-17T00:16:59.946Z,0.0352,0.0532,0.5923,0.0852,0.7084,0.0381,0.0574,0.6539,0.0865,0.6284,0.0268,0.0455,0.5845,0.0781,0.5784
2014-10-17T00:17:59.295Z,0.0369,0.052,0.5886,0.0869,0.6937,0.0329,0.0526,0.6291,0.0817,0.594,0.0294,0.048,0.5963,0.08,0.6146
2014-10-17T00:18:59.736Z,0.039,0.0553,0.6093,0.0873,0.7163,0.0387,0.0587,0.6637,0.087,0.6497,0.0317,0.048,0.5993,0.082,0.612
2014-10-17T00:19:59.140Z,0.0372,0.055,0.6013,0.0878,0.6981,0.0309,0.0503,0.6213,0.0794,0.5594,0.0291,0.0475,0.5897,0.0806,0.5891
2014-10-17T00:20:59.020Z,0.0421,0.0566,0.6169,0.089,0.7441,0.0331,0.0521,0.6362,0.0817,0.6162,0.0283,0.0455,0.5772,0.0814,0.5731
2014-10-17T00:21:59.364Z,0.0359,0.0516,0.587,0.0836,0.7136,0.0373,0.0557,0.6448,0.0845,0.6455,0.0293,0.0482,0.59,0.0809,0.5852
2014-10-17T00:22:59.800Z,0.0359,0.0518,0.5885,0.0849,0.689,0.0431,0.0631,0.6708,0.0913,0.6638,0.0305,0.0487,0.5923,0.0818,0.5987
2014-10-17T00:23:59.177Z,0.0389,0.0539,0.6006,0.0881,0.7075,0.0392,0.0572,0.6525,0.0867,0.6528,0.0281,0.0458,0.5806,0.08,0.5847
2014-10-17T00:24:59.616Z,0.0372,0.0547,0.6008,0.0864,0.6967,0.0347,0.0536,0.6431,0.0814,0.6133,0.03,0.0472,0.6044,0.0783,0.6161
2014-10-17T00:25:59.380Z,0.0367,0.0541,0.5952,0.0863,0.7022,0.0363,0.0556,0.6363,0.0848,0.6159,0.0344,0.0511,0.6037,0.083,0.6222
2014-10-17T00:26:59.768Z,0.0343,0.0514,0.5868,0.0839,0.6818,0.0382,0.0571,0.6579,0.0857,0.6371,0.0286,0.0471,0.5793,0.08,0.5807
2014-10-17T00:27:59.053Z,0.0404,0.057,0.6137,0.0878,0.7244,0.0348,0.0541,0.6378,0.0822,0.597,0.0278,0.0459,0.5907,0.0774,0.5722
2014-10-17T00:28:59.434Z,0.0381,0.0555,0.6045,0.0874,0.7077,0.0397,0.059,0.6548,0.0877,0.6287,0.0332,0.05,0.601,0.0845,0.6077
2014-10-17T00:29:59.893Z,0.0383,0.0526,0.5906,0.0877,0.7291,0.0369,0.056,0.642,0.0837,0.6166,0.0303,0.0494,0.5937,0.0803,0.5963
2014-10-17T00:30:59.269Z,0.0371,0.0537,0.5957,0.0886,0.7054,0.0397,0.0589,0.6583,0.0886,0.652,0.0269,0.0454,0.5777,0.0797,0.5706
2014-10-17T00:31:59.628Z,0.0412,0.0604,0.6254,0.0904,0.7254,0.0335,0.0538,0.6331,0.0831,0.5969,0.0308,0.0481,0.6035,0.0785,0.6196
2014-10-17T00:32:59.071Z,0.0406,0.0548,0.6045,0.0885,0.7206,0.0385,0.0582,0.6682,0.0855,0.6442,0.0333,0.05,0.5985,0.083,0.6418
2014-10-17T00:33:59.203Z,0.0404,0.0537,0.5985,0.0874,0.7589,0.0333,0.0533,0.6304,0.0852,0.6181,0.023,0.0411,0.5652,0.0737,0.5563
2014-10-17T00:34:59.437Z,0.0391,0.0531,0.5947,0.0869,0.7344,0.0334,0.0538,0.6287,0.0822,0.6206,0.0266,0.0441,0.5681,0.0788,0.5647
2014-10-17T00:35:59.281Z,0.0367,0.0521,0.5976,0.0852,0.7045,0.0376,0.0582,0.6527,0.0861,0.6221,0.0294,0.0464,0.5736,0.0797,0.5782
2014-10-17T00:36:59.792Z,0.0374,0.0549,0.601,0.0879,0.6933,0.0354,0.0541,0.6536,0.0826,0.6369,0.0305,0.0482,0.5872,0.0813,0.6128
2014-10-17T00:37:59.138Z,0.0403,0.0555,0.6115,0.0873,0.7118,0.0397,0.0573,0.6552,0.0888,0.6567,0.0303,0.0467,0.5833,0.0803,0.5964
2014-10-17T00:38:59.694Z,0.0367,0.0523,0.6013,0.0859,0.6995,0.0431,0.0592,0.6638,0.0885,0.6949,0.0303,0.0492,0.5874,0.0813,0.5913
2014-10-17T00:39:59.109Z,0.0368,0.0535,0.6026,0.0861,0.6813,0.0365,0.0548,0.6481,0.0835,0.6355,0.0319,0.0506,0.6116,0.0832,0.5842
2014-10-17T00:40:59.626Z,0.037,0.0526,0.5959,0.0859,0.7141,0.0333,0.0526,0.6319,0.0811,0.5881,0.0307,0.05,0.5896,0.0819,0.5989
2014-10-17T00:41:59.228Z,0.0383,0.0534,0.598,0.0863,0.7166,0.0363,0.0551,0.6426,0.0854,0.6363,0.0274,0.0454,0.5774,0.0797,0.5977
2014-10-17T00:42:59.557Z,0.0393,0.054,0.599,0.0873,0.729,0.0323,0.053,0.6317,0.0827,0.6083,0.029,0.046,0.585,0.078,0.5927
2014-10-17T00:43:59.925Z,0.0429,0.0603,0.6184,0.0906,0.6829,0.0319,0.0516,0.6258,0.0819,0.599,0.0265,0.0455,0.5813,0.0781,0.5894
2014-10-17T00:44:59.296Z,0.0338,0.0519,0.5842,0.0854,0.7065,0.0342,0.0542,0.6435,0.0827,0.5981,0.0285,0.0465,0.5915,0.0804,0.5777
2014-10-17T00:45:59.693Z,0.0356,0.0526,0.5874,0.0859,0.6974,0.0374,0.0567,0.6493,0.0859,0.5893,0.0307,0.0478,0.5959,0.0796,0.6093
2014-10-17T00:46:59.037Z,0.0381,0.0531,0.6,0.0863,0.7181,0.0416,0.0606,0.6584,0.0913,0.6656,0.0297,0.0484,0.5988,0.0797,0.6066
2014-10-17T00:47:59.333Z,0.034,0.0523,0.5857,0.0833,0.702,0.043,0.0623,0.6687,0.0903,0.6483,0.029,0.047,0.58,0.0803,0.5903
2014-10-17T00:48:59.832Z,0.04,0.0563,0.6069,0.0891,0.7303,0.0388,0.0569,0.6625,0.085,0.65,0.0281,0.0463,0.5884,0.0784,0.5753
2014-10-17T00:49:59.651Z,0.039,0.0551,0.6056,0.0877,0.7192,0.0359,0.0559,0.6572,0.0823,0.6213,0.0308,0.0495,0.6023,0.0828,0.6008
2014-10-17T00:50:59.960Z,0.0377,0.0551,0.6056,0.0872,0.7041,0.0344,0.0536,0.6449,0.0831,0.6115,0.0305,0.0479,0.5915,0.0821,0.5895
2014-10-17T00:51:59.292Z,0.0361,0.0521,0.5868,0.0864,0.6889,0.0368,0.0564,0.6546,0.085,0.6186,0.0293,0.0486,0.5871,0.0811,0.5989
2014-10-17T00:52:59.639Z,0.0417,0.0578,0.6131,0.09,0.7228,0.0344,0.0531,0.6361,0.0828,0.6264,0.0292,0.0472,0.5928,0.08,0.5992
2014-10-17T00:53:59.015Z,0.037,0.0547,0.5997,0.0883,0.7167,0.0367,0.0577,0.6473,0.086,0.616,0.0283,0.0463,0.5853,0.08,0.5713
2014-10-17T00:54:59.598Z,0.0377,0.0535,0.6019,0.0846,0.7158,0.0365,0.0542,0.6465,0.0835,0.6431,0.0269,0.0462,0.5896,0.0792,0.5715
2014-10-17T00:55:59.934Z,0.0359,0.0516,0.5894,0.0853,0.6956,0.0378,0.0569,0.6506,0.0856,0.6316,0.03,0.0481,0.5912,0.0816,0.59
2014-10-17T00:56:59.336Z,0.0359,0.0528,0.5931,0.0866,0.6979,0.0393,0.0579,0.6617,0.0866,0.629,0.03,0.0476,0.589,0.0793,0.6017
2014-10-17T00:57:59.699Z,0.0381,0.0535,0.5948,0.0877,0.7284,0.0319,0.0519,0.6223,0.0823,0.6174,0.03,0.0474,0.5955,0.0774,0.6119
2014-10-17T00:58:59.979Z,0.0382,0.0532,0.6012,0.0876,0.7209,0.0353,0.0568,0.64,0.0865,0.6171,0.0303,0.0479,0.5938,0.0812,0.6
2014-10-17T00:59:59.408Z,0.0421,0.0569,0.6131,0.09,0.739,0.0334,0.0514,0.6245,0.0797,0.59,0.0379,0.0562,0.6248,0.0869,0.6321
