2014-09-19T00:00:59.026Z,0.0403,0.0548,0.6021,0.0906,0.6985,0.0391,0.0585,0.6679,0.0867,0.63,0.0279,0.0482,0.5885,0.0815,0.5509
2014-09-19T00:01:59.197Z,0.0391,0.0541,0.6071,0.0897,0.6879,0.0382,0.0597,0.6753,0.0885,0.6291,0.0279,0.0468,0.5938,0.0794,0.5671
2014-09-19T00:02:59.289Z,0.04,0.0538,0.6024,0.0893,0.7083,0.0424,0.0614,0.6779,0.0893,0.6538,0.0269,0.0455,0.5807,0.0786,0.5417
2014-09-19T00:03:59.454Z,0.0406,0.0535,0.5959,0.0909,0.7179,0.0362,0.0556,0.6432,0.0844,0.6171,0.03,0.05,0.6041,0.0821,0.5818
2014-09-19T00:04:59.542Z,0.0462,0.0603,0.6356,0.0938,0.7274,0.0376,0.0571,0.6556,0.0865,0.6282,0.0371,0.0576,0.6312,0.0882,0.6026
2014-09-19T00:05:59.708Z,0.0424,0.0574,0.6197,0.0908,0.7145,0.0363,0.0566,0.6468,0.0858,0.6382,0.0389,0.0563,0.6442,0.0861,0.6368
2014-09-19T00:06:59.810Z,0.0403,0.0539,0.5958,0.0911,0.7142,0.04,0.0594,0.6714,0.0903,0.6614,0.0331,0.0522,0.6156,0.0831,0.6042
2014-09-19T00:07:59.870Z,0.0456,0.0609,0.6406,0.095,0.7191,0.0331,0.055,0.6409,0.0853,0.5966,0.0297,0.0475,0.5981,0.0803,0.5963
2014-09-19T00:08:59.016Z,0.0376,0.0518,0.5889,0.0879,0.6655,0.0395,0.0595,0.6776,0.0863,0.6442,0.0303,0.0492,0.6092,0.0808,0.5984
2014-09-19T00:09:59.114Z,0.0448,0.0576,0.6176,0.093,0.7373,0.0315,0.0512,0.6209,0.0827,0.5779,0.03,0.0488,0.6039,0.0812,0.5864
2014-09-19T00:10:59.603Z,0.0372,0.0544,0.6028,0.0903,0.6785,0.039,0.0587,0.6638,0.0864,0.64,0.0292,0.0487,0.5956,0.0813,0.5754
2014-09-19T00:11:59.682Z,0.0404,0.0536,0.6032,0.0907,0.7093,0.0325,0.0543,0.6439,0.0829,0.5643,0.0275,0.0457,0.5882,0.0793,0.5707
2014-09-19T00:12:59.948Z,0.039,0.0532,0.5971,0.0888,0.7098,0.0341,0.0551,0.6524,0.0846,0.5922,0.0259,0.0466,0.5759,0.0788,0.5571
2014-09-19T00:13:59.084Z,0.0424,0.0579,0.6186,0.0941,0.7131,0.0359,0.0559,0.6566,0.0845,0.6138,0.0279,0.0476,0.5876,0.0803,0.5769
2014-09-19T00:14:59.176Z,0.041,0.0555,0.6162,0.0897,0.7072,0.0362,0.0569,0.6528,0.0869,0.6279,0.0241,0.0445,0.5762,0.0772,0.5538
2014-09-19T00:15:59.286Z,0.0423,0.0555,0.6113,0.0916,0.7174,0.039,0.0594,0.6655,0.0881,0.6261,0.0294,0.0494,0.6039,0.0813,0.5823
2014-09-19T00:16:59.742Z,0.0418,0.0575,0.6214,0.0914,0.7009,0.0366,0.0575,0.6584,0.0875,0.6184,0.032,0.0514,0.6027,0.0845,0.6007
2014-09-19T00:17:59.824Z,0.0386,0.0523,0.5931,0.0886,0.7157,0.0331,0.052,0.6337,0.0826,0.6077,0.0329,0.0517,0.6111,0.0831,0.5911
2014-09-19T00:18:59.891Z,0.04,0.0538,0.6035,0.0891,0.7065,0.0368,0.0585,0.6665,0.0874,0.6141,0.03,0.0503,0.6088,0.0803,0.5709
2014-09-19T00:19:59.289Z,0.04,0.0552,0.6113,0.0896,0.6957,0.0374,0.0578,0.66,0.0861,0.6093,0.0293,0.0491,0.5987,0.0807,0.5907
2014-09-19T00:20:59.343Z,0.0381,0.0537,0.6022,0.0896,0.6978,0.0363,0.0578,0.6452,0.0885,0.6107,0.0289,0.0485,0.6022,0.0822,0.5596
2014-09-19T00:21:59.515Z,0.039,0.0539,0.5935,0.0916,0.709,0.0381,0.0571,0.65,0.0861,0.6313,0.0284,0.0461,0.5939,0.079,0.5816
2014-09-19T00:22:59.638Z,0.0394,0.0539,0.6013,0.0906,0.6981,0.0368,0.0561,0.6516,0.0865,0.6348,0.0323,0.0503,0.6087,0.0826,0.5681
2014-09-19T00:23:59.402Z,0.0425,0.0571,0.6154,0.0921,0.6913,0.0363,0.0567,0.655,0.0846,0.6187,0.0271,0.0446,0.5767,0.0775,0.5704
2014-09-19T00:24:59.465Z,0.0418,0.0565,0.6135,0.0929,0.72,0.0338,0.0547,0.6368,0.085,0.5921,0.0288,0.0482,0.5962,0.0806,0.5812
2014-09-19T00:25:59.688Z,0.0414,0.0572,0.6155,0.0928,0.7145,0.0379,0.0569,0.6552,0.0876,0.651,0.0279,0.0462,0.5921,0.0769,0.5759
2014-09-19T00:26:59.144Z,0.0425,0.0564,0.6154,0.0921,0.72,0.0364,0.0571,0.6496,0.0879,0.5968,0.0375,0.0557,0.6371,0.0861,0.6389
2014-09-19T00:27:59.228Z,0.0415,0.0572,0.6169,0.0908,0.7205,0.0328,0.0541,0.6374,0.0841,0.5979,0.0308,0.0495,0.6103,0.0792,0.5715
2014-09-19T00:28:59.324Z,0.0421,0.0556,0.6162,0.0906,0.7279,0.0391,0.0588,0.6624,0.0859,0.6453,0.025,0.0447,0.5824,0.0791,0.5329
2014-09-19T00:29:59.414Z,0.041,0.055,0.603,0.0907,0.7263,0.0363,0.0553,0.6423,0.0857,0.629,0.029,0.0467,0.5987,0.0787,0.5967
2014-09-19T00:30:59.462Z,0.0389,0.0514,0.5896,0.09,0.7193,0.0354,0.0557,0.6418,0.0864,0.635,0.0289,0.0471,0.5929,0.0793,0.5918
2014-09-19T00:31:59.580Z,0.0411,0.0568,0.6082,0.0932,0.6996,0.0364,0.0568,0.6482,0.0886,0.6104,0.0293,0.0493,0.6064,0.0793,0.5821
2014-09-19T00:32:59.636Z,0.0406,0.0556,0.6019,0.0908,0.705,0.04,0.0583,0.6528,0.0883,0.6528,0.0275,0.0453,0.5883,0.0789,0.5842
2014-09-19T00:33:59.780Z,0.0388,0.053,0.5945,0.0879,0.71,0.0376,0.0588,0.667,0.0873,0.62,0.0297,0.0473,0.6012,0.08,0.5797
2014-09-19T00:34:59.328Z,0.0411,0.0552,0.6081,0.0904,0.727,0.03,0.0489,0.6193,0.0796,0.5793,0.0274,0.0463,0.597,0.0785,0.5556
2014-09-19T00:35:59.594Z,0.0353,0.0517,0.5875,0.0869,0.6547,0.0367,0.0567,0.6675,0.0833,0.5983,0.0336,0.0519,0.6058,0.085,0.6064
2014-09-19T00:36:59.720Z,0.0397,0.0553,0.6087,0.0876,0.7071,0.0326,0.0539,0.6492,0.0811,0.5747,0.0263,0.045,0.5739,0.0782,0.5621
2014-09-19T00:37:59.377Z,0.0365,0.0519,0.5897,0.0849,0.6868,0.0411,0.0603,0.667,0.0889,0.6195,0.0259,0.0468,0.5778,0.0795,0.5257
2014-09-19T00:38:59.487Z,0.0416,0.0558,0.6153,0.0905,0.7276,0.0421,0.0611,0.665,0.0908,0.6568,0.0276,0.0474,0.5916,0.0797,0.5726
2014-09-19T00:39:59.632Z,0.0419,0.0563,0.6081,0.0922,0.7252,0.0359,0.0567,0.6444,0.0867,0.6374,0.0315,0.05,0.6185,0.08,0.6022
2014-09-19T00:40:59.100Z,0.0412,0.0545,0.6048,0.09,0.7236,0.0397,0.0582,0.6718,0.087,0.6191,0.03,0.0503,0.5991,0.0821,0.563
2014-09-19T00:41:59.241Z,0.0436,0.0552,0.6158,0.0903,0.737,0.0303,0.0512,0.6397,0.08,0.5658,0.0288,0.0473,0.5876,0.0797,0.5821
2014-09-19T00:42:59.450Z,0.0366,0.0511,0.5869,0.0877,0.6846,0.038,0.0571,0.6471,0.0863,0.6431,0.0283,0.0483,0.5994,0.0794,0.5546
2014-09-19T00:43:59.560Z,0.0384,0.0516,0.5959,0.0878,0.7178,0.0375,0.0575,0.66,0.0863,0.6128,0.0275,0.0469,0.5856,0.0797,0.5681
2014-09-19T00:44:59.475Z,0.0421,0.0552,0.6086,0.0903,0.7052,0.0403,0.0617,0.6783,0.091,0.6321,0.0276,0.0459,0.5879,0.0779,0.5686
2014-09-19T00:45:59.675Z,0.0391,0.0529,0.59,0.09,0.7097,0.0351,0.0571,0.6471,0.0883,0.6177,0.028,0.0469,0.6,0.0786,0.582
2014-09-19T00:46:59.791Z,0.0448,0.0582,0.6321,0.0927,0.7315,0.0327,0.0558,0.6561,0.0836,0.577,0.0324,0.05,0.6115,0.0815,0.6145
2014-09-19T00:47:59.875Z,0.0412,0.0548,0.6003,0.0915,0.7233,0.037,0.0564,0.6479,0.0873,0.6409,0.0288,0.0461,0.5839,0.0791,0.6109
2014-09-19T00:48:59.242Z,0.0429,0.0562,0.615,0.0924,0.7238,0.0341,0.0556,0.6476,0.0847,0.5982,0.0326,0.0526,0.6238,0.0826,0.5959
2014-09-19T00:49:59.383Z,0.0413,0.0553,0.6116,0.0919,0.7097,0.0363,0.0553,0.6566,0.0841,0.6228,0.0247,0.045,0.5794,0.0769,0.535
2014-09-19T00:50:59.524Z,0.042,0.056,0.6097,0.0927,0.733,0.0397,0.0603,0.6607,0.0907,0.6397,0.0307,0.049,0.6057,0.0803,0.572
2014-09-19T00:51:59.707Z,0.04,0.0566,0.6159,0.0903,0.7069,0.0347,0.055,0.6494,0.0838,0.6009,0.0281,0.0481,0.6012,0.0794,0.5634
2014-09-19T00:52:59.801Z,0.0394,0.0556,0.6135,0.09,0.7071,0.04,0.0624,0.6806,0.0885,0.6224,0.0335,0.0515,0.6124,0.0832,0.6106
2014-09-19T00:53:59.855Z,0.0427,0.057,0.6123,0.0917,0.7107,0.0383,0.058,0.6563,0.0877,0.6333,0.031,0.048,0.607,0.0793,0.6137
2014-09-19T00:54:59.995Z,0.0365,0.0519,0.5931,0.0885,0.6962,0.0338,0.055,0.6338,0.0881,0.6077,0.0288,0.0485,0.6192,0.0773,0.5942
2014-09-19T00:55:59.211Z,0.0367,0.0525,0.5986,0.0875,0.6747,0.0375,0.0578,0.6558,0.0892,0.615,0.0353,0.0547,0.6211,0.0842,0.6186
2014-09-19T00:56:59.272Z,0.0394,0.0522,0.5958,0.0878,0.7125,0.0436,0.0619,0.6783,0.0903,0.6767,0.0286,0.0494,0.5964,0.0814,0.5592
2014-09-19T00:57:59.403Z,0.0435,0.0576,0.6218,0.0906,0.7103,0.0379,0.06,0.6656,0.0879,0.6368,0.0291,0.0488,0.5991,0.08,0.5806
2014-09-19T00:58:59.984Z,0.0421,0.0579,0.6194,0.0912,0.7052,0.0433,0.0627,0.6785,0.0909,0.6576,0.03,0.0488,0.6015,0.0809,0.5939
2014-09-19T00:59:59.109Z,0.0427,0.0557,0.6047,0.0923,0.72,0.036,0.0563,0.638,0.0867,0.6207,0.0297,0.0503,0.5963,0.0813,0.5717
