2014-12-17T00:00:59.384Z,3.9588,44.8441,233.4437,0.1921,0.0896,2.5674,29.2652,230.67,0.1268,0.089,2.9366,31.1457,233.5579,0.1332,0.0987
2014-12-17T00:01:59.633Z,4.7385,45.2886,232.9023,0.1948,0.103,1.8082,30.2302,230.8312,0.1316,0.0712,3.0853,33.6122,232.0897,0.1454,0.0936
2014-12-17T00:02:59.908Z,4.9588,46.6964,231.5608,0.202,0.1066,2.5599,31.3086,230.9715,0.1354,0.0828,3.6836,32.2058,230.5921,0.1392,0.1229
2014-12-17T00:03:59.175Z,5.2416,46.3756,231.8531,0.1997,0.1116,2.3762,32.5806,230.366,0.141,0.072,3.3143,33.5459,231.1783,0.1447,0.0988
2014-12-17T00:04:59.495Z,4.6309,47.1732,231.5644,0.2037,0.0962,2.4144,32.8881,230.2764,0.1423,0.076,3.1912,32.5116,230.8933,0.141,0.1014
2014-12-17T00:05:59.854Z,5.78,46.2434,231.1521,0.2003,0.1251,2.3371,32.2875,231.4998,0.1397,0.0736,3.4773,32.702,230.6889,0.1419,0.1113
2014-12-17T00:06:59.005Z,5.1718,46.1751,230.9782,0.2,0.1131,2.7319,31.2827,231.4186,0.1356,0.0861,3.2878,33.6446,231.0449,0.1462,0.0998
2014-12-17T00:07:59.394Z,4.7545,46.0641,231.0982,0.199,0.1022,2.6621,32.7052,231.7583,0.1412,0.0802,3.4145,33.6253,231.3493,0.1452,0.1061
2014-12-17T00:08:59.722Z,4.4018,45.8203,231.0103,0.1986,0.0953,2.2062,31.0826,231.3947,0.1342,0.0745,3.0064,32.1464,231.1554,0.1392,0.0966
2014-12-17T00:09:59.038Z,3.6602,45.8543,229.8596,0.1993,0.0788,2.1759,33.0983,231.0967,0.1436,0.0676,2.7361,32.2312,231.2792,0.1391,0.0942
2014-12-17T00:10:59.250Z,4.6569,45.5973,228.9676,0.1987,0.1027,2.6355,31.111,230.2344,0.1353,0.0892,3.3156,34.2689,230.032,0.1488,0.099
2014-12-17T00:11:59.552Z,5.0862,45.6805,229.1186,0.1993,0.1097,2.0016,33.1523,230.2997,0.1437,0.0589,3.2142,32.6516,229.3462,0.1424,0.1058
2014-12-17T00:12:59.032Z,4.5321,46.0004,229.2576,0.2003,0.1003,1.8747,32.2044,230.5712,0.1395,0.0638,3.3907,33.5986,229.0495,0.1469,0.1012
2014-12-17T00:13:59.421Z,4.1867,46.0191,231.5947,0.199,0.0905,2.4236,31.0119,230.5862,0.1349,0.0809,3.156,31.4911,230.537,0.1367,0.1011
2014-12-17T00:14:59.913Z,4.4299,46.6573,231.3823,0.2017,0.0946,2.4815,32.0985,230.5187,0.139,0.0807,3.2875,33.0083,230.5723,0.1429,0.1008
2014-12-17T00:15:59.127Z,5.0458,47.1258,231.7539,0.2035,0.1061,2.4363,32.17,231.4933,0.139,0.0802,3.3678,32.1878,230.8947,0.1394,0.1081
2014-12-17T00:16:59.507Z,4.7784,46.3546,232.0086,0.1995,0.1035,2.208,31.7501,231.3537,0.1373,0.0713,3.3037,31.9721,230.8579,0.1387,0.1124
2014-12-17T00:17:59.785Z,4.4269,46.0096,231.9849,0.1978,0.0949,2.4716,33.1733,231.7768,0.143,0.0742,2.9451,32.8674,230.9246,0.1422,0.0947
2014-12-17T00:18:59.114Z,3.8587,46.6299,232.2684,0.2004,0.0828,2.5892,33.4747,230.0471,0.1454,0.0837,3.4207,32.258,231.1569,0.1394,0.1099
2014-12-17T00:19:59.338Z,5.2362,45.9788,231.8458,0.1983,0.1125,2.0332,30.4321,229.126,0.1327,0.0685,3.3265,32.5927,231.0064,0.1416,0.1051
2014-12-17T00:20:59.602Z,5.2615,45.9667,231.0703,0.1992,0.1137,2.323,30.1753,230.6759,0.1309,0.074,3.7227,32.3781,229.686,0.1408,0.1198
2014-12-17T00:21:59.788Z,5.2097,45.6442,231.4798,0.1975,0.1127,2.4116,30.9274,230.1202,0.1341,0.0759,3.5579,31.7657,229.6255,0.1387,0.1173
2014-12-17T00:22:59.389Z,4.1799,45.6646,231.5332,0.1967,0.0907,2.5718,32.5894,229.3474,0.1419,0.079,3.303,30.8038,228.808,0.1352,0.1121
2014-12-17T00:23:59.654Z,4.7672,45.8745,231.143,0.1987,0.1026,2.0487,31.7737,231.2157,0.1373,0.0667,3.2659,31.5645,230.117,0.1374,0.1125
2014-12-17T00:24:59.909Z,4.6525,45.7551,231.2826,0.1982,0.1013,2.0443,29.8995,231.5602,0.1292,0.0705,3.5199,32.4215,230.6347,0.1408,0.1143
2014-12-17T00:25:59.095Z,5.2681,45.9659,231.4312,0.1986,0.1143,2.1034,31.8759,231.7491,0.1376,0.0714,3.7033,33.1372,230.9752,0.144,0.1128
2014-12-17T00:26:59.250Z,4.9331,46.4008,231.9287,0.1997,0.1059,2.4066,31.7605,231.5684,0.1369,0.0762,2.6455,33.1902,231.4613,0.1433,0.0821
2014-12-17T00:27:59.949Z,3.7789,45.5541,231.8229,0.196,0.0817,2.8712,32.4168,231.537,0.14,0.0898,3.4123,32.5579,231.2896,0.1407,0.1079
2014-12-17T00:28:59.123Z,5.3164,46.2049,231.6791,0.1994,0.1138,2.1776,28.743,231.5784,0.124,0.0772,3.1483,34.0788,231.4106,0.1471,0.0922
2014-12-17T00:29:59.365Z,5.101,45.9393,232.3971,0.1978,0.1099,2.6601,31.9735,232.1004,0.1375,0.0867,3.2426,32.0204,232.0493,0.1382,0.1109
2014-12-17T00:30:59.615Z,4.8183,46.0813,231.5187,0.1985,0.1052,2.3657,30.1346,231.2317,0.1302,0.0821,3.3545,30.8955,231.3241,0.1338,0.1093
2014-12-17T00:31:59.871Z,3.7565,46.0281,230.7975,0.1996,0.0813,2.5034,30.7963,230.9397,0.1337,0.0855,3.4622,32.2618,231.6273,0.1397,0.1097
2014-12-17T00:32:59.514Z,4.0824,45.6468,231.2244,0.1971,0.0884,2.6784,33.2356,230.1999,0.1443,0.0799,3.0134,31.8278,230.7177,0.138,0.1048
2014-12-17T00:33:59.690Z,5.1844,45.647,231.1289,0.1969,0.1126,2.5368,30.9405,231.8499,0.1335,0.0814,2.7081,32.303,232.1744,0.1395,0.0908
2014-12-17T00:34:59.761Z,5.223,46.5988,232.0876,0.2011,0.1126,2.3945,28.6285,230.9985,0.1229,0.0859,2.7237,31.7914,232.6434,0.1368,0.0932
2014-12-17T00:35:59.023Z,6.0683,46.9167,232.089,0.2019,0.1292,2.2998,28.5457,230.7746,0.1234,0.0831,3.4934,30.1993,232.2278,0.1299,0.1147
2014-12-17T00:36:59.186Z,4.2766,45.3775,232.7022,0.1949,0.0931,2.4373,29.4098,230.9309,0.1278,0.0873,3.0253,34.5951,232.4299,0.1487,0.0923
2014-12-17T00:37:59.516Z,5.2448,46.2046,232.9248,0.1977,0.1135,2.1295,29.726,230.8237,0.1285,0.0748,2.9849,32.0043,232.8303,0.1368,0.1011
2014-12-17T00:38:59.776Z,5.2957,45.6011,232.1086,0.1964,0.1148,2.2653,31.8436,230.4099,0.1379,0.0711,3.2645,33.356,232.1359,0.1441,0.1001
2014-12-17T00:39:59.956Z,4.8042,45.3434,232.0768,0.1959,0.1064,2.7073,30.561,230.5281,0.1318,0.0895,3.497,32.7256,232.2707,0.1412,0.1134
2014-12-17T00:40:59.178Z,5.0657,45.8413,231.3386,0.198,0.1091,2.4944,31.7542,230.0193,0.1377,0.0764,3.201,32.9769,231.3576,0.1428,0.1041
2014-12-17T00:41:59.363Z,4.9941,46.343,231.183,0.1999,0.1076,2.2577,30.6919,229.4699,0.134,0.0742,3.5224,32.9669,231.5148,0.1424,0.1071
2014-12-17T00:42:59.564Z,4.6732,45.8538,230.7466,0.1985,0.1024,2.3329,31.7861,229.4387,0.1385,0.0767,3.2328,34.1909,231.6493,0.1477,0.0961
2014-12-17T00:43:59.979Z,3.9505,46.2862,231.6726,0.1997,0.0847,2.4007,32.8203,231.4899,0.1424,0.0729,3.6041,32.4865,231.8686,0.1402,0.113
2014-12-17T00:44:59.258Z,4.1112,45.9947,232.1613,0.1978,0.0901,2.5158,33.0012,231.6351,0.1424,0.0796,3.0601,32.1823,232.0974,0.1382,0.0988
2014-12-17T00:45:59.499Z,5.0658,46.4055,231.9186,0.1997,0.1093,2.8632,32.1065,231.9241,0.1382,0.0877,2.9892,33.068,232.3931,0.1425,0.0966
2014-12-17T00:46:59.734Z,4.9893,46.1316,231.5502,0.1991,0.1074,1.908,31.6725,231.9111,0.1358,0.0684,3.333,34.5877,232.2665,0.149,0.098
2014-12-17T00:47:59.065Z,4.8946,45.8671,231.0443,0.198,0.1046,2.3038,32.0464,231.43,0.1384,0.0737,3.6533,33.6847,231.7594,0.1453,0.1113
2014-12-17T00:48:59.357Z,3.9135,46.57,231.294,0.2016,0.0821,2.0615,33.8699,231.6822,0.1464,0.0635,3.3079,33.1637,231.8836,0.1427,0.1069
2014-12-17T00:49:59.770Z,4.9707,46.0064,231.2132,0.1992,0.1085,2.3386,33.117,231.3643,0.1434,0.0793,3.1178,32.6424,231.5438,0.1412,0.0961
2014-12-17T00:51:59.306Z,4.9481,46.6119,230.923,0.2021,0.1065,2.03,30.9596,229.5073,0.1344,0.0678,3.3961,33.3423,231.0411,0.1443,0.1012
2014-12-17T00:52:59.834Z,4.6245,46.0928,232.1657,0.1984,0.101,2.3748,32.5218,229.0945,0.1423,0.08,3.3452,32.6886,231.7448,0.141,0.1021
2014-12-17T00:53:59.066Z,4.8737,46.6922,233.1509,0.1996,0.1056,2.5207,30.8347,232.4389,0.1329,0.0827,2.8707,33.2151,233.2354,0.1422,0.0891
2014-12-17T00:54:59.375Z,4.9355,47.2882,233.3022,0.2024,0.1033,2.4988,31.3692,232.6997,0.1351,0.0815,3.2938,33.479,233.4855,0.1432,0.1063
2014-12-17T00:55:59.525Z,5.5577,46.5865,233.2507,0.2002,0.1186,2.696,29.3054,232.2693,0.1264,0.0929,3.3054,30.669,233.1673,0.1315,0.1111
2014-12-17T00:56:59.806Z,4.1491,47.1617,232.5132,0.2024,0.0871,2.861,32.6365,231.8842,0.141,0.0853,3.2784,32.409,232.5266,0.1393,0.1078
2014-12-17T00:57:59.367Z,4.6978,45.9508,232.3883,0.1978,0.103,2.275,32.0849,231.6853,0.1384,0.0723,2.7532,34.6247,231.7662,0.1488,0.0819
2014-12-17T00:58:59.556Z,5.5176,45.446,233.0847,0.1953,0.1223,2.1578,30.2432,232.2685,0.1303,0.0748,3.3052,32.5734,231.7995,0.1403,0.1037
2014-12-17T00:59:59.725Z,5.4897,45.6691,232.7664,0.1956,0.1213,1.9692,29.3703,231.6349,0.1266,0.0727,3.5314,32.9112,231.4701,0.1421,0.1134
