2014-10-27T00:00:59.850Z,11.0689,21.3952,233.2186,0.0914,0.5173,14.9019,23.0973,231.9201,0.0995,0.6449,2.2649,17.8314,229.9912,0.0782,0.1267
2014-10-27T00:01:59.210Z,11.1849,21.6598,233.2304,0.0925,0.5167,15.0139,23.1514,231.6158,0.0999,0.6483,2.1955,17.46,230.1034,0.0761,0.126
2014-10-27T00:02:59.779Z,11.1205,21.3484,232.8939,0.092,0.5211,14.9082,22.9883,230.6832,0.1001,0.648,2.3219,17.9943,229.9823,0.0783,0.1286
2014-10-27T00:03:59.458Z,11.2125,21.5159,232.8446,0.0925,0.5216,14.7976,22.8923,230.9481,0.0992,0.6466,2.348,17.7969,230.4511,0.0775,0.1314
2014-10-27T00:04:59.904Z,11.0326,21.308,232.5103,0.0923,0.5181,14.9202,22.929,231.593,0.0991,0.6499,2.1505,17.7094,230.439,0.0774,0.1214
2014-10-27T00:05:59.421Z,11.1513,21.4213,232.2747,0.092,0.5209,15.011,23.1655,231.557,0.1,0.6478,2.2746,17.8185,230.2884,0.0784,0.1271
2014-10-27T00:06:59.864Z,11.17,21.4872,232.0003,0.0932,0.5193,14.9223,23.2016,231.1842,0.1002,0.6427,2.1688,17.7827,229.9072,0.0776,0.1215
2014-10-27T00:07:59.089Z,11.259,21.6811,232.0804,0.0932,0.519,14.7241,22.9718,231.2792,0.0995,0.64,2.179,17.7254,229.809,0.0776,0.1224
2014-10-27T00:08:59.270Z,11.0881,21.4033,232.2295,0.0926,0.5182,14.919,23.0365,231.3057,0.1,0.6468,2.2377,17.7591,230.279,0.0776,0.1256
2014-10-27T00:09:59.760Z,11.0253,21.384,231.9572,0.0919,0.5148,14.834,23.0705,231.0993,0.0997,0.6423,2.2327,17.6937,229.8021,0.0771,0.1257
2014-10-27T00:10:59.163Z,11.1657,21.5427,232.0533,0.0932,0.5186,14.8712,23.0319,230.8263,0.0998,0.6454,2.3344,18.0691,230.1315,0.0796,0.1289
2014-10-27T00:11:59.033Z,11.4323,21.7744,232.9998,0.0935,0.5252,14.9655,23.1666,230.9982,0.1004,0.6457,2.3539,18.1888,230.8495,0.0789,0.129
2014-10-27T00:12:59.418Z,11.1376,21.7017,233.0255,0.0935,0.5133,14.9503,23.1084,231.2283,0.1001,0.6467,2.1897,17.7783,230.9499,0.0776,0.1224
2014-10-27T00:13:59.801Z,11.3061,21.6684,233.3125,0.0938,0.5217,15.0038,23.1305,231.6519,0.1,0.6477,2.3762,18.0286,229.8861,0.0783,0.1321
2014-10-27T00:14:59.193Z,11.2251,21.5885,233.0564,0.0926,0.52,14.8297,23.0434,231.8386,0.0996,0.6424,2.3576,18.1455,229.0948,0.0795,0.1289
2014-10-27T00:15:59.056Z,11.2306,21.6739,233.0715,0.093,0.5184,14.9572,23.0759,231.6441,0.0987,0.6476,2.3866,17.4298,229.2887,0.0762,0.1368
2014-10-27T00:16:59.860Z,11.1992,21.5111,233.2944,0.092,0.52,14.8855,22.9726,231.4157,0.0997,0.6479,2.3424,17.4623,229.9818,0.0775,0.1341
2014-10-27T00:17:59.243Z,11.3101,21.7632,233.6647,0.093,0.5202,14.9415,23.1947,231.444,0.1002,0.6433,2.3196,17.8184,231.099,0.0772,0.1299
2014-10-27T00:18:59.571Z,11.1693,21.5503,233.5895,0.0923,0.5186,14.9462,23.0482,231.4757,0.0999,0.6479,2.2962,17.7877,231.0419,0.0776,0.1291
2014-10-27T00:19:59.994Z,11.255,21.6348,233.6295,0.093,0.5203,15.0146,23.1384,231.0368,0.1004,0.6482,2.2911,17.9583,230.9712,0.0787,0.1272
2014-10-27T00:20:59.394Z,11.3717,21.787,234.046,0.0937,0.5229,15.09,23.1971,231.1115,0.1,0.6501,2.4081,18.0259,231.6459,0.0783,0.1334
2014-10-27T00:21:59.891Z,11.2232,21.7172,233.8223,0.0928,0.518,15.0807,23.2176,230.8959,0.1006,0.6489,2.3235,17.8091,231.478,0.0773,0.1301
2014-10-27T00:22:59.633Z,11.3457,21.6694,233.8216,0.0925,0.5232,15.0043,23.1606,230.7123,0.1003,0.6475,2.4037,18.2243,231.6472,0.0796,0.1316
2014-10-27T00:23:59.896Z,11.0876,21.5363,233.6478,0.0927,0.5147,14.8271,23.0083,230.6186,0.1001,0.6441,2.1386,17.8586,231.3569,0.0772,0.1195
2014-10-27T00:24:59.233Z,11.2105,21.6147,233.3606,0.0931,0.5177,14.9866,23.1041,230.2839,0.1008,0.6485,2.302,18.0381,231.3527,0.0785,0.1273
2014-10-27T00:25:59.958Z,11.5359,21.9183,233.1474,0.0933,0.5274,14.9492,22.9595,230.2597,0.0998,0.6507,2.5582,18.1381,231.5274,0.0792,0.1406
2014-10-27T00:26:59.213Z,11.4303,21.8677,233.0552,0.0938,0.523,14.8404,22.9282,230.2489,0.0999,0.6468,2.5413,17.8105,231.2828,0.0773,0.1428
2014-10-27T00:27:59.558Z,11.5552,21.9408,233.1989,0.0948,0.5274,14.7447,22.8466,230.4831,0.0992,0.6451,2.5405,18.1832,231.7544,0.0795,0.1396
2014-10-27T00:28:59.924Z,11.3247,21.8738,232.9472,0.0935,0.5174,14.7623,22.9257,230.518,0.0997,0.6434,2.2916,17.8022,231.5453,0.0771,0.1285
2014-10-27T00:29:59.504Z,11.3533,21.748,233.1727,0.0937,0.5226,14.9357,23.0022,230.8402,0.0996,0.6496,2.3212,18.2313,232.012,0.079,0.1265
2014-10-27T00:30:59.507Z,11.2531,21.8379,233.5588,0.094,0.5153,15.1317,23.2479,231.5005,0.1003,0.6505,2.2767,17.7405,231.9385,0.0766,0.1283
2014-10-27T00:31:59.900Z,11.1724,21.5928,233.5838,0.0919,0.5176,14.949,23.1565,231.4166,0.1003,0.6449,2.3029,18.1736,231.3903,0.0789,0.1268
2014-10-27T00:32:59.277Z,11.1987,21.6115,233.7358,0.0933,0.5186,15.1534,23.138,231.1659,0.1002,0.6547,2.4342,18.1016,231.6569,0.0784,0.1341
2014-10-27T00:33:59.732Z,11.5217,22.0417,233.5515,0.0949,0.5227,14.7867,23.0383,231.3333,0.0997,0.6413,2.2577,17.6347,231.0097,0.0768,0.1283
2014-10-27T00:34:59.062Z,11.1749,21.7169,233.9843,0.0933,0.5144,15.1747,23.2011,231.5075,0.1001,0.6535,2.2034,17.7363,231.5946,0.0775,0.1239
2014-10-27T00:35:59.579Z,11.4796,22.0135,233.9085,0.0944,0.522,15.2748,23.3538,231.0227,0.1006,0.6536,2.5152,17.6603,231.9918,0.0758,0.1427
2014-10-27T00:36:59.891Z,11.3944,21.8373,233.6383,0.0939,0.5227,15.1044,23.3813,230.7591,0.1009,0.6457,2.427,17.9288,231.9579,0.0779,0.1351
2014-10-27T00:37:59.164Z,11.1886,21.5814,233.2798,0.0931,0.5195,15.0474,23.1131,230.4891,0.1,0.6506,2.2144,17.9733,231.6326,0.0777,0.1235
2014-10-27T00:38:59.051Z,11.2924,21.7678,233.3982,0.0934,0.519,15.0928,23.1887,230.7105,0.1002,0.6511,2.0631,17.7465,231.396,0.0775,0.1155
2014-10-27T00:39:59.498Z,10.9878,21.4418,233.2685,0.0918,0.5137,15.1299,23.1985,231.0786,0.1,0.6521,2.5106,18.5109,232.0382,0.0811,0.1355
2014-10-27T00:40:59.392Z,11.3486,21.643,233.3865,0.093,0.5252,15.082,23.2241,231.4652,0.1002,0.6491,2.3498,18.3837,232.2961,0.0795,0.1281
2014-10-27T00:41:59.659Z,11.301,21.7397,233.5993,0.0936,0.5196,14.7804,22.9777,231.6161,0.0993,0.6428,2.2541,17.978,232.8667,0.0774,0.1256
2014-10-27T00:42:59.947Z,11.2614,21.584,233.4286,0.0934,0.5218,15.1439,23.1425,231.1811,0.1002,0.6541,2.5172,17.9762,232.5068,0.0778,0.1398
2014-10-27T00:43:59.294Z,11.2933,21.7052,233.6052,0.0929,0.52,15.0828,23.1324,231.2246,0.0989,0.651,2.3586,17.8452,232.4268,0.0767,0.132
2014-10-27T00:44:59.687Z,11.3232,21.6353,233.7214,0.0934,0.5234,14.9652,23.1187,230.8774,0.0993,0.6466,2.3502,18.562,232.7657,0.0797,0.1272
2014-10-27T00:45:59.370Z,11.44,21.7001,233.3295,0.0931,0.5277,15.039,23.1902,230.9132,0.1004,0.6481,2.4898,18.0109,231.0326,0.0783,0.1371
2014-10-27T00:46:59.706Z,11.1324,21.5105,233.0159,0.0924,0.5171,14.9139,22.9522,230.77,0.0994,0.6481,2.1539,17.5841,231.0088,0.0764,0.1226
2014-10-27T00:47:59.369Z,10.9983,21.4197,230.0116,0.0928,0.5138,14.7188,22.9828,231.7327,0.0995,0.6399,2.1983,17.7768,231.9022,0.0777,0.1229
2014-10-27T00:48:59.493Z,11.1833,21.6513,232.6247,0.0924,0.5166,14.9212,23.0244,231.4541,0.0995,0.6474,2.1809,17.8985,231.6654,0.0773,0.1216
2014-10-27T00:49:59.992Z,10.9796,21.4007,232.9479,0.0924,0.5133,14.9554,22.9986,231.2389,0.0998,0.6496,2.1054,17.8352,232.3712,0.0767,0.1176
2014-10-27T00:50:59.868Z,11.1504,21.4837,233.0194,0.0922,0.5189,14.8071,23.0602,231.2597,0.1001,0.6413,2.39,18.2727,232.237,0.0794,0.1305
2014-10-27T00:51:59.279Z,11.3496,21.8413,233.4555,0.0938,0.5198,15.0518,23.1,231.5582,0.0996,0.6508,2.2204,17.9769,233.0062,0.0773,0.1238
2014-10-27T00:52:59.589Z,11.2799,21.6305,233.4018,0.0927,0.5214,14.904,23.1447,231.4117,0.1,0.6437,2.328,18.0426,232.6715,0.0781,0.1287
2014-10-27T00:53:59.870Z,11.1951,21.6348,233.2545,0.0932,0.5173,14.8916,22.9617,231.0357,0.0989,0.6482,2.2362,17.8987,232.544,0.0779,0.1252
2014-10-27T00:54:59.127Z,11.2166,21.6594,233.029,0.0931,0.5183,14.981,23.0095,231.0741,0.0999,0.6509,2.2439,17.7438,232.4927,0.0759,0.1258
2014-10-27T00:55:59.759Z,11.2584,21.5593,232.8303,0.0929,0.5227,14.93,23.0941,230.9893,0.0994,0.6459,2.4051,18.3066,232.0893,0.0786,0.1305
2014-10-27T00:56:59.022Z,11.2244,21.6035,233.0163,0.0929,0.5196,14.8534,22.9874,231.0939,0.1,0.6458,2.3048,17.9514,232.359,0.0778,0.1286
2014-10-27T00:57:59.366Z,11.2314,21.5434,232.5349,0.0928,0.5214,14.8839,23.0506,230.8149,0.0999,0.6452,2.1459,17.9316,231.5915,0.0777,0.1199
2014-10-27T00:58:59.241Z,11.126,21.7201,232.4825,0.0932,0.5127,14.7718,22.8356,230.613,0.0991,0.6463,2.2066,17.8817,231.8484,0.0774,0.1231
2014-10-27T00:59:59.535Z,11.2491,21.5672,233.1673,0.0927,0.521,14.813,23.03,230.1728,0.1003,0.6421,2.3477,18.2538,231.7536,0.0788,0.1288
