2014-11-01T00:00:59.306Z,3.6789,17.1869,230.6328,0.0753,0.2127,-2.3289,14.7384,232.2803,0.0633,-0.1551,10.9224,20.1309,233.3454,0.0863,0.5445
2014-11-01T00:01:59.646Z,3.9264,17.6002,230.654,0.0765,0.2226,-2.3518,14.4013,232.5984,0.0623,-0.1609,11.0045,20.1449,233.6231,0.0864,0.5481
2014-11-01T00:02:59.919Z,4.0452,17.4585,230.8161,0.0757,0.2312,-2.3428,14.604,232.6801,0.063,-0.1577,11.0339,20.1276,233.2168,0.0859,0.5493
2014-11-01T00:03:59.306Z,3.8744,17.3642,230.2511,0.0758,0.2233,-2.1414,14.1628,232.8963,0.0606,-0.1473,10.9695,19.8973,233.0884,0.0852,0.5525
2014-11-01T00:04:59.502Z,3.9839,17.4195,230.3351,0.076,0.2282,-2.142,14.0531,232.4545,0.061,-0.1485,11.1429,19.9626,233.2906,0.0853,0.5598
2014-11-01T00:05:59.903Z,4.0667,17.4797,230.2953,0.0766,0.2322,-2.1897,14.162,231.892,0.0601,-0.1517,11.2761,20.1517,233.3147,0.0862,0.5598
2014-11-01T00:06:59.206Z,3.9308,17.4088,230.4307,0.0752,0.2252,-2.2796,14.4397,232.0237,0.0618,-0.1567,11.1071,20.1633,233.1352,0.0865,0.5521
2014-11-01T00:07:59.429Z,4.0311,17.376,230.5904,0.0752,0.2306,-2.118,14.4118,232.2148,0.0619,-0.1474,10.921,19.7782,233.2007,0.0848,0.5536
2014-11-01T00:08:59.883Z,3.8874,17.2642,230.7917,0.0744,0.2241,-2.2362,14.6043,232.5511,0.0625,-0.1503,10.9186,19.8577,233.3489,0.0842,0.5515
2014-11-01T00:09:59.287Z,3.9982,17.3859,230.474,0.0756,0.2291,-2.3012,14.4839,232.4041,0.0623,-0.1558,11.0008,19.8418,232.8054,0.0845,0.556
2014-11-01T00:10:59.582Z,3.924,17.497,230.2706,0.0764,0.2246,-2.3322,14.478,232.761,0.0623,-0.1572,10.9069,19.9099,232.5343,0.0849,0.5496
2014-11-01T00:11:59.898Z,4.1155,17.5052,230.3317,0.0762,0.2339,-2.0926,14.3181,232.9363,0.0613,-0.1435,11.1123,20.0303,232.4534,0.0861,0.5566
2014-11-01T00:12:59.100Z,4.1285,17.5251,230.4742,0.0758,0.2357,-2.4126,14.5492,232.9205,0.0631,-0.162,10.927,19.7861,232.4519,0.0847,0.5532
2014-11-01T00:13:59.382Z,4.0697,17.679,230.6721,0.0766,0.2288,-2.1561,14.2976,233.0877,0.0612,-0.1487,10.8549,19.9534,232.9441,0.0856,0.5459
2014-11-01T00:14:59.596Z,3.998,17.4731,230.2299,0.0762,0.2283,-2.3194,14.497,232.9839,0.0619,-0.1578,11.0329,20.1347,233.016,0.086,0.55
2014-11-01T00:15:59.723Z,3.6401,17.5448,230.6576,0.0768,0.2073,-2.4899,14.4004,231.187,0.063,-0.1702,10.8249,19.98,233.5436,0.085,0.5441
2014-11-01T00:16:59.118Z,4.1922,17.7269,229.7997,0.0775,0.2361,-2.5984,14.7275,230.058,0.0645,-0.1719,10.854,20.1586,234.2412,0.0854,0.5405
2014-11-01T00:17:59.319Z,4.03,17.5432,229.5653,0.0769,0.2289,-2.4343,14.6999,232.1367,0.0636,-0.1631,11.3023,20.1776,233.5493,0.086,0.5613
2014-11-01T00:18:59.737Z,3.9617,17.5017,229.8682,0.077,0.2256,-2.2987,14.6572,233.2207,0.0628,-0.1549,11.0245,19.8877,233.3979,0.0847,0.5562
2014-11-01T00:19:59.199Z,3.7413,17.3323,229.7219,0.0759,0.2154,-2.3874,14.8238,233.0635,0.064,-0.1588,10.9646,20.2657,233.4847,0.0868,0.5437
2014-11-01T00:20:59.640Z,3.7843,17.6372,230.32,0.0768,0.2145,-2.4615,14.7774,232.5482,0.0638,-0.1623,11.0366,20.2609,233.8218,0.0865,0.5462
2014-11-01T00:21:59.906Z,4.036,17.6494,230.2276,0.0773,0.2283,-2.1911,14.4393,232.5641,0.0615,-0.1504,11.0564,20.0423,233.4524,0.0859,0.5529
2014-11-01T00:22:59.226Z,4.1115,17.6356,230.0649,0.0768,0.2329,-2.2518,14.5247,232.737,0.0625,-0.1528,11.1328,20.0732,233.2568,0.0853,0.5559
2014-11-01T00:23:59.755Z,3.8793,17.555,230.3012,0.0768,0.2203,-2.4079,14.4936,232.804,0.0621,-0.1665,10.9457,20.0009,233.0995,0.0854,0.5487
2014-11-01T00:24:59.953Z,4.1966,17.7877,231.3893,0.078,0.2357,-2.2849,14.418,232.3429,0.0619,-0.1579,11.0445,19.7437,233.076,0.0843,0.5609
2014-11-01T00:25:59.200Z,4.0647,17.8009,231.8975,0.0774,0.2278,-2.4535,14.6953,231.7901,0.0634,-0.1605,10.9258,20.0367,233.033,0.0858,0.5463
2014-11-01T00:26:59.364Z,4.0222,17.5677,231.9754,0.0761,0.2279,-2.3569,14.5597,231.5173,0.0624,-0.1578,11.1207,19.6987,232.6589,0.0841,0.566
2014-11-01T00:27:59.641Z,4.0057,17.7276,232.5613,0.076,0.2254,-2.1463,14.2752,228.6241,0.0624,-0.1468,11.0694,20.1294,233.5287,0.086,0.55
2014-11-01T00:28:59.096Z,3.4617,17.3687,233.1068,0.0739,0.1984,-2.1561,14.329,229.5435,0.062,-0.1462,11.0094,19.9456,233.4592,0.0856,0.5532
2014-11-01T00:29:59.527Z,4.0134,17.497,232.0484,0.0754,0.2286,-2.3232,14.4476,230.8957,0.0621,-0.1574,11.0596,19.8823,232.8752,0.0849,0.557
2014-11-01T00:30:59.732Z,3.5193,17.5317,232.8685,0.0754,0.1999,-2.2355,14.3153,230.958,0.0621,-0.1528,10.8611,19.405,229.8412,0.0843,0.5612
2014-11-01T00:31:59.964Z,3.0766,17.2718,232.3884,0.0736,0.1786,-2.1293,14.3006,231.8449,0.0617,-0.1467,10.9928,19.9036,232.1397,0.0856,0.553
2014-11-01T00:32:59.472Z,3.226,17.2425,232.432,0.0734,0.1865,-2.3086,14.4777,231.7312,0.0625,-0.1576,11.0175,19.8247,232.9039,0.0851,0.5573
2014-11-01T00:33:59.663Z,3.2787,17.33,232.9407,0.0734,0.1888,-2.1863,14.3631,231.812,0.0617,-0.1498,11.0323,19.9394,232.4752,0.0852,0.5544
2014-11-01T00:34:59.888Z,2.988,17.2023,232.8883,0.0734,0.1738,-2.4104,14.5023,231.9719,0.0623,-0.1592,10.9248,20.1127,232.3357,0.0867,0.5439
2014-11-01T00:35:59.203Z,3.3552,17.3066,232.9958,0.0736,0.1929,-1.9524,14.2599,232.2959,0.0614,-0.1322,11.0175,19.8209,232.2514,0.085,0.5575
2014-11-01T00:36:59.718Z,3.0293,17.302,232.9437,0.074,0.1746,-2.2765,14.6178,232.3072,0.0628,-0.1533,10.9508,19.8591,231.9967,0.0848,0.5522
2014-11-01T00:37:59.883Z,3.2667,17.2507,232.1179,0.0737,0.1888,-2.052,14.1736,231.8563,0.0615,-0.1418,11.1516,19.96,231.9849,0.0859,0.5598
2014-11-01T00:38:59.189Z,3.8232,17.5413,231.3954,0.0758,0.2176,-2.1953,14.4377,231.8584,0.0621,-0.1517,10.7509,20.0368,232.628,0.0864,0.5382
2014-11-01T00:39:59.767Z,4.2008,17.5664,231.4832,0.0767,0.2387,-2.0993,14.2002,232.0446,0.0608,-0.1461,11.2095,20.1569,233.2291,0.0859,0.5567
2014-11-01T00:40:59.440Z,3.9582,17.5656,230.9845,0.0763,0.2258,-2.3288,14.4659,231.5794,0.0619,-0.1573,11.0025,20.1275,232.8969,0.086,0.5481
2014-11-01T00:41:59.649Z,4.2717,17.7724,230.7239,0.0772,0.2396,-2.2428,14.4356,231.8106,0.0624,-0.1538,11.1783,20.1077,233.193,0.0855,0.5557
2014-11-01T00:42:59.893Z,4.1843,17.5995,231.5353,0.0765,0.2371,-2.1655,14.6376,231.7821,0.0629,-0.1458,11.0654,20.0889,233.3527,0.0858,0.5521
2014-11-01T00:43:59.093Z,4.019,17.465,232.0818,0.0754,0.2287,-2.5622,14.5075,231.0003,0.0632,-0.1716,10.8911,20.0529,233.692,0.0854,0.5443
2014-11-01T00:44:59.418Z,4.1449,17.7917,232.6463,0.0768,0.232,-2.4194,14.47,228.8304,0.0632,-0.1641,10.9645,20.1267,233.8593,0.0853,0.5463
2014-11-01T00:45:59.817Z,4.1931,17.5018,231.7859,0.076,0.2393,-2.1293,14.1456,231.6237,0.0613,-0.1495,10.9696,19.7111,232.2528,0.0846,0.5573
2014-11-01T00:46:59.171Z,4.1486,17.5775,231.4943,0.0762,0.2353,-2.3143,14.3316,231.8166,0.0614,-0.1559,10.8615,19.8185,232.3671,0.0846,0.5498
2014-11-01T00:47:59.737Z,3.1491,17.1599,232.2861,0.0732,0.1829,-2.0416,14.4949,231.8523,0.0626,-0.1362,10.9802,19.7912,232.0477,0.0852,0.5564
2014-11-01T00:48:59.085Z,3.1554,16.9045,232.1102,0.072,0.1859,-2.1867,14.5363,231.588,0.063,-0.1453,10.9911,19.8732,231.672,0.0854,0.5551
2014-11-01T00:49:59.294Z,3.9798,17.692,231.1502,0.0767,0.2233,-2.4439,14.2748,231.2982,0.0624,-0.1656,11.025,19.8917,231.5121,0.0854,0.5555
2014-11-01T00:50:59.757Z,4.1312,17.5612,231.0922,0.0759,0.2341,-2.3434,14.5047,231.1038,0.0629,-0.1604,10.9669,19.8967,231.7439,0.0856,0.5527
2014-11-01T00:51:59.007Z,3.7045,17.3408,232.5091,0.0741,0.2125,-2.4372,14.2534,227.9543,0.0623,-0.1661,11.0283,19.9759,232.5187,0.0856,0.5538
2014-11-01T00:52:59.199Z,3.7813,17.3111,232.6648,0.0737,0.2178,-2.2599,14.0009,226.9309,0.0615,-0.1585,11.1093,20.3368,233.5343,0.0866,0.5468
2014-11-01T00:53:59.492Z,3.3768,17.4437,232.0412,0.074,0.1922,-1.8626,14.23,229.6327,0.0621,-0.1276,11.0379,19.8887,232.3541,0.0856,0.557
2014-11-01T00:54:59.751Z,3.2602,17.4127,231.8509,0.0746,0.1867,-2.2616,14.196,230.3934,0.0616,-0.1552,11.0437,19.8892,232.2747,0.0851,0.5569
2014-11-01T00:55:59.035Z,3.1479,17.2405,232.0312,0.0741,0.1824,-2.1684,14.3364,230.4672,0.0625,-0.1482,11.0301,20.0585,232.4525,0.0859,0.5507
2014-11-01T00:56:59.367Z,3.1941,17.3964,232.0866,0.0745,0.1825,-2.0709,14.3779,230.5069,0.0624,-0.1413,11.0416,19.8418,232.3916,0.0846,0.5586
2014-11-01T00:57:59.579Z,3.3285,17.3066,232.072,0.0741,0.1922,-2.251,14.2539,230.4528,0.0614,-0.1543,11.0659,19.8514,232.5824,0.0852,0.5588
2014-11-01T00:58:59.261Z,4.1085,17.7869,231.6104,0.0771,0.2299,-2.3123,14.3578,230.7917,0.0625,-0.1583,11.0072,19.9122,233.0947,0.0849,0.5541
2014-11-01T00:59:59.522Z,3.991,17.6986,231.7836,0.0764,0.2248,-2.2047,14.1802,230.6055,0.0617,-0.1515,10.932,19.9218,233.4241,0.0847,0.5496
2014-11-01T01:00:59.785Z,3.9971,17.3909,231.9856,0.0748,0.2299,-2.5835,14.3994,227.4164,0.0634,-0.1736,11.099,20.2785,234.1101,0.0868,0.5493
2014-11-01T01:01:59.186Z,4.4169,18.0012,231.6368,0.0785,0.2443,-2.3671,14.2032,228.8986,0.0624,-0.1643,10.9638,19.9252,233.2677,0.0852,0.5506
2014-11-01T01:02:59.695Z,4.2368,17.7239,232.1227,0.0764,0.2384,-2.172,14.3098,230.6604,0.0625,-0.1476,10.9562,19.7415,232.5393,0.0845,0.5565
2014-11-01T01:03:59.014Z,4.1286,17.5496,232.2408,0.0753,0.2351,-2.2975,14.2328,230.9912,0.0613,-0.1578,10.9776,19.6107,232.6324,0.0835,0.5604
2014-11-01T01:04:59.418Z,3.4138,17.16,232.3549,0.0732,0.1988,-2.2018,14.1949,230.7202,0.0616,-0.1507,10.9097,19.7593,232.2895,0.0849,0.5548
2014-11-01T01:05:59.646Z,3.8966,17.5838,231.8485,0.076,0.2219,-2.2679,14.1971,230.6869,0.0615,-0.1576,10.8685,19.7335,232.7193,0.0843,0.5516
2014-11-01T01:06:59.957Z,4.2283,17.7948,231.8229,0.0773,0.2371,-2.195,14.1327,230.9369,0.0613,-0.1533,11.0803,19.9212,232.6923,0.0849,0.557
2014-11-01T01:07:59.368Z,4.2134,17.7471,231.6165,0.0763,0.2361,-2.2841,14.2971,230.8181,0.0622,-0.1575,10.8249,19.7089,232.1402,0.0845,0.5512
2014-11-01T01:08:59.592Z,4.1613,17.684,231.8871,0.0764,0.2348,-2.2826,14.3765,231.0721,0.063,-0.153,10.9147,19.8904,232.3656,0.0851,0.5495
2014-11-01T01:09:59.815Z,4.3038,17.6943,231.5833,0.0761,0.2424,-2.2123,14.2549,231.5426,0.0616,-0.1529,11.0297,20.0723,232.2541,0.0856,0.5514
2014-11-01T01:10:59.109Z,4.352,18.0721,231.9516,0.0789,0.2403,-2.5326,14.6538,230.0167,0.0638,-0.1687,10.8045,20.2148,233.0188,0.0862,0.5348
2014-11-01T01:11:59.359Z,3.9361,17.702,232.2384,0.0765,0.2205,-2.6413,14.5712,229.2726,0.0633,-0.1784,11.1051,20.2119,233.6564,0.0864,0.5521
2014-11-01T01:12:59.562Z,4.1588,17.8552,230.7471,0.0776,0.2322,-2.2117,14.4463,232.2583,0.0621,-0.1487,11.0252,19.9895,232.8936,0.0857,0.5526
2014-11-01T01:13:59.832Z,4.0217,17.6755,230.5433,0.077,0.227,-2.2068,14.4143,231.9809,0.0619,-0.1494,10.9939,20.063,233.0477,0.0861,0.549
2014-11-01T01:14:59.141Z,4.0421,17.6597,230.1547,0.0772,0.2283,-2.205,14.436,231.7326,0.062,-0.1522,11.0551,19.9554,232.8884,0.0849,0.5552
2014-11-01T01:15:59.285Z,3.9804,17.5539,230.5928,0.0766,0.2263,-2.224,14.415,231.4522,0.0626,-0.155,11.1936,20.1629,232.8321,0.0865,0.5563
2014-11-01T01:16:59.586Z,4.2234,17.8167,231.404,0.0778,0.2364,-2.2453,14.1466,231.2094,0.0611,-0.1537,10.954,20.0055,232.8522,0.0851,0.5484
2014-11-01T01:17:59.823Z,3.9172,17.5179,231.3096,0.0753,0.2221,-2.4139,14.5038,230.9677,0.0629,-0.1613,10.996,19.9066,232.562,0.085,0.554
2014-11-01T01:18:59.129Z,3.5501,17.3289,231.7697,0.0741,0.2039,-2.0525,14.2848,231.6304,0.0617,-0.1379,11.0049,20.0463,232.9612,0.0862,0.5505
2014-11-01T01:19:59.339Z,4.3454,17.8581,231.0491,0.0773,0.2429,-2.1489,14.5013,232.1221,0.0629,-0.1443,11.0818,20.0161,233.3916,0.0851,0.5541
2014-11-01T01:20:59.590Z,4.2971,17.9362,231.3893,0.0779,0.2387,-2.0344,14.2229,231.9418,0.0615,-0.1401,10.9197,19.761,233.1337,0.0844,0.5547
2014-11-01T01:21:59.069Z,4.068,17.6452,231.323,0.0762,0.2305,-2.1386,14.3358,231.8809,0.0619,-0.1467,11.0153,20.112,232.9461,0.0862,0.5486
2014-11-01T01:22:59.247Z,4.1206,17.8306,231.9129,0.0773,0.2314,-2.3105,14.4244,232.3966,0.0619,-0.1594,10.8983,19.8603,232.9499,0.0852,0.55
2014-11-01T01:23:59.393Z,3.3504,17.4117,232.2155,0.0739,0.1915,-2.1531,14.4533,232.3238,0.0617,-0.1464,10.9482,19.9727,232.4848,0.0856,0.5494
2014-11-01T01:24:59.766Z,3.4027,17.4318,232.2065,0.0748,0.194,-2.365,14.417,229.3713,0.0628,-0.1594,10.9346,19.7328,232.6257,0.0844,0.5565
2014-11-01T01:25:59.134Z,3.3292,17.1673,232.0677,0.0735,0.1943,-2.331,14.412,230.1667,0.0629,-0.158,10.9048,20.2163,232.7245,0.0867,0.5403
2014-11-01T01:26:59.376Z,3.257,17.1841,231.5837,0.0733,0.1887,-2.2252,14.6578,231.7683,0.0636,-0.1485,11.1711,20.0914,231.9241,0.0866,0.5572
2014-11-01T01:27:59.628Z,3.4199,17.481,231.5691,0.0751,0.1943,-2.2796,14.4632,231.6593,0.0622,-0.1552,11.1257,19.9727,231.8501,0.0863,0.5579
2014-11-01T01:28:59.918Z,3.1876,17.2223,231.9211,0.0736,0.1855,-2.3289,14.4872,232.0831,0.0623,-0.1564,10.868,19.9539,232.2061,0.0854,0.5452
2014-11-01T01:29:59.356Z,3.0857,17.2542,231.9926,0.0738,0.1781,-2.2611,14.5957,232.0782,0.0626,-0.1509,10.9253,19.829,232.3302,0.0852,0.5526
2014-11-01T01:30:59.585Z,3.4169,17.4384,231.6194,0.0751,0.1959,-2.1577,14.1494,231.9856,0.0612,-0.1483,10.8628,19.8355,232.4332,0.0841,0.5489
2014-11-01T01:31:59.769Z,3.9529,17.654,231.3531,0.0765,0.2236,-2.2095,14.3697,232.0652,0.0619,-0.1522,10.9949,19.9007,232.591,0.0851,0.5534
2014-11-01T01:32:59.396Z,3.4363,17.3297,232.4499,0.074,0.1982,-2.0901,14.3644,232.4015,0.0614,-0.1407,10.9885,20.0736,233.1141,0.0856,0.5486
2014-11-01T01:33:59.553Z,4.1584,17.6903,232.2081,0.0772,0.2344,-2.3414,14.6587,232.0312,0.0635,-0.157,11.0957,20.041,233.2823,0.0852,0.5549
2014-11-01T01:35:59.247Z,3.3868,17.4111,232.6801,0.0744,0.194,-2.0909,14.3436,232.4278,0.0618,-0.1444,11.0529,19.9583,233.2426,0.0856,0.5548
2014-11-01T01:36:59.461Z,3.259,17.3602,232.6367,0.0738,0.1874,-2.1307,14.3869,232.2145,0.063,-0.1459,10.8813,19.7277,232.5527,0.0845,0.5541
2014-11-01T01:37:59.855Z,3.2299,17.3574,233.1401,0.0738,0.1863,-2.0756,14.3995,232.3916,0.0627,-0.1402,11.0719,19.9617,232.3151,0.0856,0.5561
2014-11-01T01:38:59.209Z,3.3414,17.2865,233.1112,0.0738,0.1928,-2.1194,14.637,232.0065,0.0625,-0.1428,11.0253,19.8316,231.3359,0.0855,0.5578
2014-11-01T01:39:59.450Z,3.4328,17.2888,233.1012,0.0736,0.1985,-2.364,14.4527,232.031,0.0621,-0.159,10.9135,19.626,231.5446,0.0844,0.5573
2014-11-01T01:40:59.780Z,3.6343,17.3685,232.9125,0.0737,0.2086,-2.2326,14.5131,232.4422,0.0624,-0.1512,10.7875,19.9943,232.8716,0.0854,0.5419
2014-11-01T01:41:59.103Z,4.4028,17.6616,232.1951,0.0761,0.2488,-2.4764,14.6763,232.2537,0.0629,-0.1642,11.0438,20.0277,232.7337,0.0851,0.5518
2014-11-01T01:42:59.464Z,4.0321,17.4955,232.3555,0.0752,0.2298,-2.2724,14.4433,232.3782,0.0621,-0.1554,10.9161,19.9721,232.9191,0.0851,0.5495
2014-11-01T01:43:59.963Z,3.6537,17.2579,232.4472,0.0736,0.2105,-2.176,14.5333,232.4381,0.0622,-0.147,11.1821,19.962,232.7136,0.0854,0.5609
2014-11-01T01:44:59.259Z,3.4642,17.1238,232.3296,0.0727,0.2008,-2.3198,14.5262,232.2213,0.0622,-0.1537,10.8609,19.9258,232.5666,0.0854,0.5456
2014-11-01T01:45:59.478Z,4.3777,17.7746,232.3613,0.0769,0.2456,-2.1887,14.451,232.594,0.0623,-0.1501,10.8981,19.8552,233.1331,0.0849,0.5515
2014-11-01T01:46:59.736Z,3.8341,17.6519,232.7896,0.0757,0.2172,-2.5079,14.5773,230.319,0.0631,-0.1666,10.9956,20.1891,233.9234,0.0857,0.5466
2014-11-01T01:47:59.081Z,3.5758,17.322,232.9655,0.0733,0.2053,-2.1466,14.4725,231.1682,0.0626,-0.1456,10.9995,20.012,234.0847,0.0852,0.5502
2014-11-01T01:48:59.366Z,3.9544,17.479,232.3422,0.0749,0.2252,-2.3326,14.65,232.4379,0.063,-0.157,10.8559,20.0572,233.6774,0.0854,0.5421
2014-11-01T01:49:59.817Z,4.2288,17.6801,232.5377,0.0769,0.2385,-2.3577,14.5698,231.8403,0.0628,-0.1579,11.0073,19.9554,233.8858,0.0854,0.5528
2014-11-01T01:50:59.049Z,3.7375,17.4992,232.6824,0.0749,0.2125,-2.1893,14.2897,231.5154,0.0615,-0.1501,10.9513,20.1721,233.7341,0.086,0.5433
2014-11-01T01:51:59.308Z,3.3162,17.2325,232.916,0.0734,0.1918,-2.0846,14.3108,230.6636,0.0621,-0.1408,11.0368,20.2456,233.7585,0.0865,0.5466
2014-11-01T01:52:59.944Z,3.5898,17.583,232.5329,0.0756,0.203,-2.2528,14.179,230.1229,0.0616,-0.1552,10.9803,20.2037,233.7406,0.0859,0.5454
2014-11-01T01:53:59.193Z,3.0677,17.0753,231.4169,0.0731,0.1788,-1.9102,14.3345,230.4296,0.0624,-0.1328,11.0006,19.9908,233.3268,0.0855,0.5509
2014-11-01T01:54:59.483Z,3.795,17.5081,232.089,0.0755,0.2162,-2.1806,14.47,230.341,0.0628,-0.147,10.873,19.8095,233.6317,0.0845,0.5501
2014-11-01T01:55:59.813Z,3.5117,17.3473,232.6038,0.0735,0.2021,-2.1893,14.3179,230.4612,0.0619,-0.1496,11.0354,20.0006,233.3018,0.085,0.5522
2014-11-01T01:56:59.493Z,3.1011,16.9636,232.4751,0.0718,0.1828,-2.2251,14.4195,230.5653,0.0631,-0.15,10.9611,19.9395,233.1634,0.0856,0.5511
2014-11-01T01:57:59.815Z,3.3407,17.4081,232.9917,0.0744,0.1913,-2.3389,14.6196,231.1984,0.0635,-0.1533,11.0881,19.9703,233.5348,0.0854,0.5563
2014-11-01T01:58:59.487Z,3.4065,17.3209,233.3116,0.0739,0.1956,-1.9632,14.2101,231.1724,0.0616,-0.1357,11.0706,20.1227,233.1018,0.0865,0.551
2014-11-01T01:59:59.747Z,3.345,17.2345,233.2827,0.073,0.1945,-2.348,14.6786,231.3001,0.0634,-0.1551,11.0954,20.1182,233.2771,0.086,0.5524
