2014-12-26T00:00:59.007Z,2.8462,43.9501,228.2742,0.1924,0.068,3.2036,31.5676,230.7399,0.1367,0.107,80.774,87.2401,229.0683,0.3809,0.9269
2014-12-26T00:01:59.484Z,2.1454,44.5332,228.1861,0.1947,0.0486,3.1017,32.6157,230.1962,0.1416,0.104,79.6991,86.2798,228.6271,0.3778,0.9249
2014-12-26T00:02:59.653Z,2.6221,44.7366,228.9091,0.1956,0.058,2.5621,32.5225,229.5864,0.1421,0.0807,79.9277,86.5537,227.963,0.3795,0.9243
2014-12-26T00:03:59.876Z,2.6578,45.56,229.4707,0.1982,0.0596,2.8279,32.2554,229.7974,0.1409,0.0966,80.1468,86.1653,228.5311,0.377,0.931
2014-12-26T00:04:59.202Z,2.5144,45.6773,231.225,0.1968,0.0547,2.63,32.1138,230.6913,0.1393,0.0811,80.118,86.3552,229.2728,0.3763,0.928
2014-12-26T00:05:59.546Z,3.2132,45.4999,231.3698,0.1966,0.0715,3.1493,33.1745,230.7733,0.1437,0.0936,80.5468,86.8113,229.4938,0.3784,0.9287
2014-12-26T00:06:59.775Z,2.6249,45.6034,231.4388,0.1968,0.0553,2.9112,30.7401,230.6171,0.1328,0.0974,81.0364,87.3735,229.7898,0.3804,0.9284
2014-12-26T00:07:59.998Z,2.3802,45.6978,231.0032,0.1984,0.0524,2.6443,31.9012,230.2944,0.1384,0.0902,80.2427,86.2818,229.3134,0.3762,0.9308
2014-12-26T00:08:59.202Z,2.2346,45.4291,230.9112,0.197,0.0499,2.6113,30.8584,230.2798,0.1339,0.0902,80.5917,87.1269,229.1792,0.3797,0.926
2014-12-26T00:09:59.504Z,3.2043,44.7335,230.6026,0.1938,0.0719,2.7081,32.2714,230.6671,0.1404,0.0857,81.2358,87.4005,229.7889,0.3807,0.9302
2014-12-26T00:10:59.016Z,2.1473,45.2322,229.6424,0.1964,0.0483,2.743,31.4606,230.4819,0.1362,0.0929,80.9747,87.2232,229.7,0.3793,0.9293
2014-12-26T00:11:59.307Z,2.497,44.913,229.6665,0.1949,0.0563,2.7816,31.7837,229.6429,0.1384,0.0957,80.6926,87.3251,229.2358,0.3807,0.9247
2014-12-26T00:12:59.813Z,2.4139,44.9136,230.2048,0.1952,0.0543,2.7425,31.6285,228.2002,0.1384,0.0914,80.2734,86.7057,228.9474,0.3785,0.927
2014-12-26T00:13:59.141Z,2.6662,45.3934,229.4486,0.198,0.059,2.9376,32.0397,228.9374,0.14,0.0917,79.9063,86.968,229.0714,0.3794,0.9197
2014-12-26T00:14:59.706Z,3.1373,45.9129,229.9192,0.1997,0.0691,2.5397,33.1407,230.3416,0.1438,0.0842,81.167,87.3871,230.0995,0.3803,0.9301
2014-12-26T00:15:59.116Z,3.4538,45.1354,230.3927,0.196,0.0754,2.996,31.3204,230.0676,0.1367,0.0986,80.8072,87.7328,230.2584,0.3808,0.9221
2014-12-26T00:16:59.362Z,2.3653,45.1211,230.4942,0.1959,0.0533,3.064,33.3804,230.0934,0.1448,0.0948,81.4665,87.7756,230.5977,0.3805,0.9295
2014-12-26T00:17:59.555Z,2.1255,45.8315,230.6616,0.1992,0.0464,2.7997,30.6954,230.2389,0.1326,0.0968,81.252,87.8201,230.7455,0.3804,0.9262
2014-12-26T00:18:59.748Z,2.8626,44.5334,230.157,0.1934,0.0635,3.2656,29.9385,230.4119,0.1303,0.1082,81.6734,88.9524,230.5296,0.3857,0.9192
2014-12-26T00:19:59.356Z,2.7732,44.6304,230.6971,0.1938,0.0636,2.6488,30.9911,230.221,0.1346,0.0891,80.9911,87.6213,230.0507,0.3805,0.9253
2014-12-26T00:20:59.674Z,2.33,45.1596,230.4952,0.196,0.0526,2.8713,30.9478,230.2015,0.1341,0.0911,80.7955,86.8734,229.6538,0.3782,0.931
2014-12-26T00:21:59.867Z,1.9481,46.0082,229.137,0.2012,0.0433,3.3229,32.9475,229.9773,0.1431,0.1011,80.8636,86.3722,229.8249,0.3754,0.9375
2014-12-26T00:22:59.543Z,2.3698,44.3885,228.4873,0.194,0.0529,2.7735,32.7216,229.4799,0.1427,0.0936,81.3654,87.8644,230.1466,0.3818,0.9274
2014-12-26T00:23:59.804Z,2.1185,45.2457,228.4858,0.1978,0.0464,2.836,31.4757,229.4957,0.1374,0.093,81.0623,87.7049,230.1163,0.3811,0.9256
2014-12-26T00:24:59.018Z,2.3119,45.7609,229.3399,0.1993,0.0493,2.8193,32.4737,230.4273,0.1402,0.0948,81.6752,87.9027,230.8381,0.3809,0.93
2014-12-26T00:25:59.220Z,1.869,45.2273,231.608,0.1954,0.0411,2.409,30.5704,229.8447,0.1331,0.0826,81.7967,88.2474,231.0043,0.3818,0.9281
2014-12-26T00:26:59.572Z,2.7535,46.0373,231.434,0.199,0.0597,3.3255,30.7165,229.519,0.1337,0.1067,81.8137,87.6091,230.8554,0.3793,0.9341
2014-12-26T00:27:59.078Z,2.3484,45.5074,231.3418,0.1969,0.0526,3.3082,30.8051,229.5776,0.1343,0.1081,81.8512,88.2773,231.1793,0.382,0.9281
2014-12-26T00:28:59.387Z,2.5307,43.9955,230.9597,0.19,0.0562,3.026,30.7195,230.1271,0.1333,0.1004,81.7023,88.1486,231.3564,0.3812,0.9277
2014-12-26T00:29:59.587Z,2.3923,45.1825,231.3896,0.1953,0.0501,3.2129,31.1953,230.5677,0.1354,0.1067,82.0702,88.3107,231.2033,0.3819,0.9302
2014-12-26T00:30:59.906Z,2.7521,46.2057,231.8397,0.1997,0.0592,3.0403,32.8927,230.5257,0.143,0.0861,81.6762,87.7639,230.5184,0.3813,0.9312
2014-12-26T00:31:59.233Z,2.1398,45.2667,231.9681,0.195,0.0472,2.43,32.6046,229.9456,0.1417,0.0806,80.8748,86.8654,229.5007,0.3782,0.9318
2014-12-26T00:32:59.365Z,2.1762,45.4501,230.1054,0.1976,0.0497,2.3657,30.568,229.6498,0.1332,0.0822,81.1131,87.6125,230.1297,0.3808,0.9266
2014-12-26T00:33:59.538Z,2.6564,44.7351,229.7416,0.1951,0.0596,2.3831,32.2705,230.0786,0.1403,0.0819,81.2532,87.7231,230.0526,0.3815,0.9276
2014-12-26T00:34:59.712Z,3.2508,46.1636,231.0697,0.1997,0.0701,2.4321,32.5185,231.9027,0.1407,0.0826,81.0795,87.46,230.2434,0.3798,0.9279
2014-12-26T00:35:59.176Z,2.4862,45.3124,232.0783,0.1951,0.0574,2.6997,31.7643,231.4004,0.1369,0.0878,81.2451,87.8051,230.5614,0.3808,0.9264
2014-12-26T00:36:59.488Z,2.3962,45.9801,231.4125,0.1988,0.0518,2.3575,33.4813,231.3613,0.1452,0.0827,81.596,87.8812,230.7774,0.3805,0.9295
2014-12-26T00:37:59.927Z,2.3669,45.4826,231.6634,0.196,0.0529,2.5269,31.6893,230.7697,0.1375,0.0878,81.8066,87.8112,230.9182,0.3802,0.933
2014-12-26T00:38:59.168Z,2.5181,45.9623,232.0829,0.1982,0.0548,3.0257,29.8777,230.8119,0.129,0.1118,81.6382,87.9532,230.3231,0.3818,0.9293
2014-12-26T00:39:59.411Z,3.3368,46.1257,232.2982,0.1985,0.0725,2.6286,32.869,230.8864,0.1423,0.084,81.5599,87.5364,230.4895,0.38,0.9322
2014-12-26T00:40:59.685Z,2.2435,45.5364,231.9619,0.1964,0.0489,2.7477,30.4743,230.5625,0.1323,0.0942,80.7659,87.4833,230.0712,0.3805,0.924
2014-12-26T00:41:59.892Z,2.3387,46.1135,231.4196,0.1992,0.0513,2.8336,33.118,230.3891,0.1434,0.0877,81.2586,87.3217,229.7997,0.3789,0.9317
2014-12-26T00:42:59.157Z,2.2291,45.5131,230.546,0.1973,0.0494,3.1926,32.6739,231.4121,0.1413,0.0984,80.4282,86.2452,228.7071,0.3767,0.9331
2014-12-26T00:43:59.626Z,2.4234,45.4917,229.769,0.1982,0.0535,2.975,32.2401,231.8726,0.1388,0.0986,80.3297,86.7011,228.9597,0.3789,0.9276
2014-12-26T00:44:59.980Z,2.7588,45.745,230.1814,0.1988,0.06,2.9371,31.3889,231.7863,0.1351,0.0997,81.0037,88.1747,230.5118,0.3828,0.92
2014-12-26T00:45:59.245Z,2.4866,44.4612,230.5264,0.1929,0.0548,3.036,30.8283,231.8283,0.1333,0.1024,81.9075,88.4946,231.2551,0.3824,0.9263
2014-12-26T00:46:59.566Z,2.7039,45.8549,232.2978,0.1976,0.0592,2.1726,33.4373,231.6016,0.1439,0.0751,80.3809,86.7613,229.3064,0.3786,0.9273
2014-12-26T00:47:59.905Z,2.061,45.9855,232.2427,0.1976,0.0448,2.958,32.6095,231.2969,0.141,0.0941,81.144,87.496,230.2149,0.3803,0.9286
2014-12-26T00:48:59.096Z,2.6937,45.9408,232.3682,0.198,0.0592,2.2934,31.2477,231.8272,0.1348,0.0824,82.0906,88.6944,231.1381,0.384,0.926
2014-12-26T00:49:59.419Z,2.8392,45.2526,232.4965,0.1945,0.0622,3.1541,33.3287,232.1618,0.1434,0.0943,81.3932,88.4686,231.0978,0.3831,0.9208
2014-12-26T00:50:59.057Z,2.7375,45.3822,232.3001,0.1956,0.0603,2.6253,32.3569,231.1133,0.14,0.0879,80.6943,87.4562,229.6019,0.381,0.9234
2014-12-26T00:51:59.482Z,2.338,46.0192,232.4232,0.1975,0.0511,2.7248,32.4851,231.4219,0.1403,0.0887,80.4573,87.0211,229.3608,0.3796,0.926
2014-12-26T00:52:59.659Z,2.3689,45.8557,231.7753,0.1979,0.0544,2.9459,31.9432,231.4948,0.1381,0.0944,80.1584,86.8802,228.5333,0.3798,0.9236
2014-12-26T00:53:59.971Z,3.077,45.0627,232.2462,0.194,0.068,2.5985,32.5702,231.3514,0.1409,0.0835,80.0805,86.4088,228.6097,0.3777,0.928
2014-12-26T00:54:59.371Z,2.9894,45.6058,232.4746,0.196,0.0666,2.4234,30.6959,231.1796,0.1327,0.0884,81.6593,88.0687,230.6044,0.3822,0.9282
2014-12-26T00:55:59.044Z,2.0518,45.9702,231.9231,0.1984,0.0432,2.6201,31.5427,230.7851,0.1369,0.0859,81.1929,88.2644,230.5136,0.3832,0.9209
2014-12-26T00:56:59.357Z,2.514,45.8475,231.2484,0.1982,0.0538,3.0986,29.5946,231.3809,0.1283,0.1112,81.8587,87.5978,230.9242,0.3787,0.9349
2014-12-26T00:57:59.540Z,2.2105,44.6704,230.3914,0.1938,0.0501,3.4505,31.5362,231.6913,0.136,0.1119,81.6004,88.2581,231.0949,0.3819,0.9255
2014-12-26T00:58:59.899Z,3.1746,45.7778,230.7344,0.1985,0.0693,3.5035,34.3216,231.5699,0.1485,0.1013,81.6368,88.2804,231.5824,0.3804,0.9257
2014-12-26T00:59:59.182Z,3.5247,44.3746,229.906,0.1928,0.079,2.3642,29.3173,231.9252,0.1266,0.0851,82.1989,88.7423,231.5781,0.3829,0.9263
2014-12-26T01:00:59.526Z,3.0501,44.4502,231.3055,0.1925,0.0692,3.0714,35.5787,230.8202,0.154,0.0905,81.5801,87.7014,231.3126,0.3793,0.931
2014-12-26T01:01:59.781Z,2.5818,45.5505,232.5024,0.196,0.0558,2.8661,31.6947,230.4668,0.1378,0.0964,82.4182,89.2205,231.5271,0.3853,0.9243
2014-12-26T01:02:59.040Z,2.567,46.3112,232.5104,0.1991,0.0561,2.2292,29.5281,229.7564,0.1284,0.0821,81.4099,88.1442,231.2734,0.3803,0.9244
2014-12-26T01:03:59.335Z,2.7482,46.2402,232.8,0.1995,0.0599,3.0778,31.2824,230.0846,0.136,0.1023,82.1067,88.7847,231.5718,0.3836,0.9255
2014-12-26T01:04:59.754Z,3.092,46.0356,232.746,0.1974,0.0674,3.0485,34.6023,232.0587,0.1487,0.0893,82.5027,88.8349,232.7578,0.3813,0.9302
2014-12-26T01:05:59.311Z,3.2929,45.5639,232.5334,0.1954,0.0722,2.6926,31.6561,232.0527,0.1363,0.0924,83.1766,89.5724,232.8444,0.3842,0.9298
2014-12-26T01:06:59.462Z,2.4852,46.4109,232.6498,0.1996,0.0527,2.78,32.0068,232.2811,0.1378,0.0922,82.5039,89.5083,232.7395,0.3849,0.9227
2014-12-26T01:07:59.832Z,2.563,45.7679,232.9162,0.197,0.0555,2.9025,33.8356,232.1326,0.1452,0.0923,82.2747,88.6951,232.1648,0.3821,0.9288
2014-12-26T01:08:59.183Z,2.5746,45.9188,233.0599,0.1976,0.0553,3.1542,30.9158,232.2064,0.1331,0.1057,81.9556,88.6399,231.1816,0.3834,0.9253
2014-12-26T01:09:59.427Z,2.412,45.5913,232.7408,0.196,0.0533,3.1333,33.2433,231.9765,0.1434,0.0954,81.4302,88.0593,230.98,0.382,0.9256
2014-12-26T01:10:59.634Z,2.2123,45.6889,231.1664,0.1977,0.0481,3.1058,30.9892,232.1779,0.1333,0.1054,80.7769,87.0064,229.8111,0.3785,0.9292
2014-12-26T01:11:59.920Z,2.7332,44.9385,231.8098,0.1938,0.0591,2.7493,32.02,231.4263,0.1382,0.0874,80.6043,86.8393,229.7405,0.3782,0.9289
2014-12-26T01:12:59.247Z,3.1834,46.1532,232.8219,0.1982,0.0696,2.3366,33.2262,230.9473,0.1442,0.0801,80.9333,87.546,229.6324,0.3813,0.9251
2014-12-26T01:13:59.580Z,2.8308,45.5648,233.35,0.1956,0.0612,2.8731,31.5051,230.6919,0.1366,0.0937,81.064,86.4544,229.7535,0.3764,0.9387
2014-12-26T01:14:59.829Z,2.9751,45.9,233.9296,0.1963,0.064,2.6035,30.0905,232.2066,0.1296,0.0923,82.1345,89.1407,231.4613,0.3857,0.9224
2014-12-26T01:15:59.070Z,2.4518,46.3721,233.6591,0.1984,0.0547,3.2977,32.0498,232.2638,0.138,0.1036,82.0246,88.7317,231.5266,0.3833,0.9249
2014-12-26T01:16:59.281Z,3.0022,45.1557,233.7018,0.1927,0.0668,2.6176,30.1644,232.1926,0.1299,0.0949,82.5804,88.6437,231.9903,0.3824,0.9324
2014-12-26T01:17:59.831Z,3.2657,45.8153,233.6972,0.1949,0.0712,2.7649,32.8634,232.322,0.1417,0.0897,82.6176,89.0561,232.3921,0.3832,0.9284
2014-12-26T01:18:59.053Z,2.7541,45.9497,233.438,0.197,0.0609,3.094,31.3258,232.483,0.1349,0.0978,83.111,89.6141,232.4163,0.386,0.9284
2014-12-26T01:19:59.313Z,2.447,45.4612,233.3174,0.1946,0.0524,2.4542,33.6642,232.4375,0.1451,0.0807,82.8736,89.5937,232.7609,0.3851,0.9254
2014-12-26T01:20:59.900Z,2.2572,46.5567,232.7162,0.2003,0.0491,2.1968,32.8623,231.9823,0.1413,0.0784,82.6777,89.526,232.4787,0.3849,0.9247
2014-12-26T01:21:59.204Z,3.1344,44.8098,231.9915,0.1933,0.0715,2.8442,32.2754,232.2985,0.139,0.0888,82.8845,89.0753,232.7322,0.3827,0.9313
2014-12-26T01:22:59.002Z,2.9624,44.6484,231.6678,0.1927,0.0652,3.1119,30.9571,232.3762,0.133,0.1075,82.9681,89.8804,232.6849,0.387,0.9241
2014-12-26T01:23:59.179Z,3.2452,46.1173,231.6903,0.1988,0.0679,3.0227,30.8332,232.3605,0.1326,0.1015,83.2048,89.9522,232.6787,0.3865,0.9258
2014-12-26T01:24:59.438Z,2.86,45.7275,233.097,0.1957,0.0616,2.8778,32.9037,233.8715,0.141,0.0953,82.7991,89.0741,232.5615,0.383,0.9302
2014-12-26T01:25:59.630Z,2.8425,46.3334,233.229,0.1984,0.061,2.1815,32.8154,233.6791,0.1407,0.0776,82.7446,88.7562,232.4781,0.3819,0.9326
2014-12-26T01:26:59.189Z,3.2353,45.1459,231.639,0.195,0.071,3.0901,31.1672,234.0843,0.1333,0.099,82.7084,89.2657,232.7106,0.3839,0.9274
2014-12-26T01:27:59.669Z,2.3711,45.801,231.6817,0.1977,0.0527,2.9251,30.7728,233.9807,0.132,0.0976,83.1485,89.502,232.713,0.3843,0.9301
2014-12-26T01:28:59.970Z,2.5296,45.8925,231.6437,0.1981,0.0537,2.5174,32.7602,234.1313,0.1396,0.0852,83.1951,89.8226,232.8213,0.386,0.9266
2014-12-26T01:29:59.234Z,2.1306,45.8166,232.5696,0.1964,0.0452,2.5166,33.2886,233.8743,0.1419,0.0767,82.74,89.347,232.5346,0.3841,0.9276
2014-12-26T01:30:59.562Z,3.2938,45.5254,232.9504,0.1953,0.0708,2.8795,33.2138,233.2199,0.1421,0.0976,82.6411,89.3153,232.232,0.3844,0.9273
2014-12-26T01:31:59.117Z,2.4253,45.1181,231.9786,0.1947,0.0557,2.9102,31.157,232.9852,0.134,0.0948,82.3751,89.3668,232.2211,0.3849,0.923
2014-12-26T01:32:59.450Z,2.5221,46.4188,231.8658,0.2002,0.0559,2.9985,32.1982,232.1791,0.1389,0.0965,82.5671,89.3985,232.3651,0.3853,0.9242
2014-12-26T01:33:59.648Z,2.1474,45.046,232.1053,0.1942,0.0485,2.5968,32.9126,232.161,0.1411,0.0854,81.8748,87.9012,232.122,0.3782,0.9318
2014-12-26T01:34:59.944Z,2.7887,46.3109,233.0073,0.1985,0.0601,2.6959,31.4085,233.6228,0.1342,0.0964,82.6211,89.4171,232.1543,0.3853,0.9248
2014-12-26T01:35:59.288Z,2.6803,45.888,233.6366,0.1963,0.0589,2.5819,31.2243,233.5901,0.1334,0.0894,82.8101,89.3628,232.0427,0.3851,0.9279
2014-12-26T01:36:59.688Z,2.4725,45.6483,233.733,0.1953,0.0549,2.5618,32.6305,233.505,0.14,0.0887,81.6824,87.8543,231.7734,0.3793,0.931
2014-12-26T01:37:59.160Z,3.3427,46.2889,231.7571,0.2,0.072,2.803,31.679,234.084,0.1356,0.0962,82.3578,89.1026,231.9146,0.3843,0.9258
2014-12-26T01:38:59.548Z,3.1053,45.2815,230.8117,0.1959,0.0686,2.7373,31.7093,233.7691,0.1361,0.0909,82.4546,89.3126,232.134,0.3849,0.9247
2014-12-26T01:39:59.758Z,3.0008,45.6549,230.894,0.1981,0.0634,2.3733,33.3827,233.3673,0.1429,0.0804,82.5953,88.3326,232.6493,0.3798,0.9353
2014-12-26T01:40:59.039Z,2.7604,45.4448,231.3876,0.1962,0.0619,2.8842,31.9019,233.1019,0.1369,0.0929,83.149,90.2913,232.3871,0.389,0.9219
2014-12-26T01:41:59.306Z,2.384,45.3762,231.3751,0.1962,0.053,2.3299,31.8048,233.3823,0.1364,0.0757,81.7222,88.5481,231.7723,0.3813,0.9244
2014-12-26T01:42:59.611Z,2.636,45.1198,230.1327,0.1966,0.0588,3.7131,32.2202,233.1691,0.1384,0.1092,81.132,87.5248,230.4554,0.38,0.9276
2014-12-26T01:43:59.211Z,3.0166,45.7813,230.2314,0.1987,0.0649,2.5721,33.8611,232.6496,0.1457,0.0844,80.8942,87.5198,230.064,0.3803,0.9251
2014-12-26T01:44:59.534Z,1.971,45.5363,231.0062,0.1968,0.0418,3.2444,31.7916,233.3603,0.1367,0.1027,82.2033,88.5767,231.1809,0.3829,0.9291
2014-12-26T01:45:59.769Z,2.6754,45.1616,230.0407,0.1958,0.0592,2.9309,31.1084,233.1504,0.1334,0.0962,82.1645,88.8571,231.3807,0.3844,0.9256
2014-12-26T01:46:59.039Z,2.6776,45.2672,229.2619,0.1976,0.0612,3.1253,33.5224,232.8011,0.1439,0.091,82.2322,88.6501,231.6239,0.3829,0.9294
2014-12-26T01:47:59.349Z,3.3063,44.692,229.3365,0.1952,0.073,2.4876,31.629,232.376,0.1364,0.0896,81.7891,88.7977,231.1946,0.3838,0.9221
2014-12-26T01:48:59.773Z,2.756,45.0405,229.7597,0.196,0.0602,2.7474,32.4843,231.8508,0.1408,0.0904,82.2028,88.6661,231.3345,0.3834,0.9284
2014-12-26T01:49:59.058Z,2.3841,44.9707,232.2172,0.1938,0.0512,2.975,31.4659,231.0706,0.1357,0.0928,81.5964,88.3499,231.086,0.3826,0.9246
2014-12-26T01:50:59.393Z,2.3763,45.208,232.1945,0.1949,0.0526,2.799,29.7321,230.0746,0.1292,0.0958,81.5035,87.8405,230.4684,0.3808,0.9289
2014-12-26T01:51:59.855Z,2.702,45.6448,230.9439,0.198,0.0604,2.6995,32.4953,230.7735,0.1411,0.0898,80.805,86.923,229.7235,0.3784,0.9304
2014-12-26T01:52:59.206Z,2.8177,45.0536,231.1869,0.1953,0.0651,2.1887,30.7401,230.8816,0.1328,0.0797,80.3706,86.4917,229.4316,0.3772,0.9301
2014-12-26T01:53:59.640Z,2.9603,45.5543,231.798,0.1963,0.0648,2.9967,32.823,230.9749,0.1424,0.0991,81.1918,87.8522,229.823,0.3822,0.9253
2014-12-26T01:54:59.788Z,2.7337,46.47,232.7712,0.2001,0.0601,2.4921,32.3889,231.2261,0.1402,0.0874,82.2904,88.9499,231.3426,0.3845,0.9267
2014-12-26T01:55:59.048Z,2.1801,45.3179,232.6093,0.1948,0.0485,2.9871,31.7284,231.6467,0.1371,0.1003,82.1848,88.8575,231.407,0.3836,0.9258
2014-12-26T01:56:59.326Z,2.8667,45.3237,232.6529,0.1946,0.0642,2.9102,32.1103,231.7477,0.1382,0.0935,81.8886,88.6703,231.2483,0.3836,0.9243
2014-12-26T01:57:59.623Z,3.2435,45.4757,232.9137,0.1951,0.0712,2.7671,30.7545,231.77,0.1324,0.0962,82.5781,89.6371,231.2927,0.3876,0.922
2014-12-26T01:58:59.944Z,2.7571,45.0687,232.8605,0.1936,0.061,2.4486,32.3513,231.8276,0.1392,0.0834,82.1582,88.7647,231.4977,0.3835,0.9274
2014-12-26T01:59:59.287Z,2.3889,45.0919,232.929,0.1936,0.0523,2.9411,31.4123,231.927,0.1361,0.1007,81.9819,88.3964,232.0272,0.3807,0.929
2014-12-26T02:00:59.535Z,2.4543,43.7949,232.5264,0.1878,0.0574,2.6428,32.4136,231.1743,0.1399,0.0857,82.965,89.8285,231.9752,0.3875,0.9248
2014-12-26T02:01:59.832Z,2.4557,46.622,233.0052,0.2007,0.0523,2.0021,31.9458,230.8971,0.1387,0.0659,82.7798,89.0623,231.9219,0.3842,0.9295
2014-12-26T02:02:59.006Z,3.1004,46.1083,233.549,0.1973,0.0672,2.5213,31.7463,230.3555,0.1379,0.0889,82.4482,89.0245,232.0844,0.3835,0.9272
2014-12-26T02:03:59.234Z,2.1391,45.503,232.2714,0.1959,0.0474,2.943,31.3486,230.8263,0.1363,0.1011,82.9734,88.9729,232.3616,0.3825,0.9338
2014-12-26T02:04:59.534Z,2.7234,45.6762,233.8759,0.1947,0.0598,2.59,34.2238,232.3754,0.1476,0.0807,82.93,89.3849,232.5851,0.3844,0.9286
2014-12-26T02:05:59.922Z,2.6276,46.5708,233.8246,0.199,0.0552,2.6582,32.6625,232.2764,0.1402,0.0901,82.6889,89.2982,232.6177,0.384,0.9269
2014-12-26T02:06:59.414Z,2.5642,45.2116,233.4171,0.1933,0.0563,3.5976,32.0746,232.4096,0.1384,0.1146,83.049,89.9846,232.6031,0.3867,0.9243
2014-12-26T02:07:59.797Z,2.7085,45.1346,233.0426,0.1936,0.0605,2.6979,31.9153,232.1342,0.1373,0.0857,82.6869,89.5836,232.6509,0.3853,0.9232
2014-12-26T02:08:59.149Z,2.2549,46.0676,233.3042,0.1978,0.0493,2.857,32.5871,232.0797,0.1408,0.1006,82.545,89.6603,232.6096,0.3846,0.9214
2014-12-26T02:09:59.534Z,3.0812,44.7231,233.0438,0.1915,0.0689,2.5768,31.5347,231.7601,0.1364,0.0874,82.9531,88.9166,232.5707,0.3822,0.9338
2014-12-26T02:10:59.959Z,2.3789,45.2372,231.3022,0.1953,0.053,2.7825,32.7862,232.2941,0.1413,0.0916,82.6993,89.6863,232.418,0.3859,0.923
2014-12-26T02:11:59.217Z,2.2304,45.0598,231.328,0.1946,0.0496,2.9827,30.5802,231.6556,0.1316,0.0957,82.5617,88.6986,232.0301,0.3822,0.9318
2014-12-26T02:12:59.455Z,2.4995,46.0946,232.1162,0.1984,0.0518,2.917,32.0146,231.7499,0.1385,0.096,82.6519,88.6576,231.6645,0.3831,0.9333
2014-12-26T02:13:59.825Z,2.5966,44.7595,232.8133,0.192,0.056,3.7285,32.7381,231.1689,0.1414,0.1185,82.6001,89.7467,232.0285,0.387,0.9214
2014-12-26T02:14:59.059Z,2.6448,46.3473,232.933,0.1992,0.0561,2.5912,30.9791,231.0202,0.1344,0.0946,84.1174,90.8644,233.9778,0.3884,0.927
2014-12-26T02:15:59.336Z,2.4335,45.1077,232.871,0.1935,0.0532,2.889,32.6601,231.7415,0.1404,0.0938,83.2496,89.7751,233.7492,0.3841,0.929
2014-12-26T02:16:59.062Z,3.0384,45.8235,232.4009,0.1963,0.0655,2.6238,33.0041,233.6793,0.1414,0.0859,82.8857,89.7737,232.95,0.3852,0.9236
2014-12-26T02:17:59.375Z,2.5437,45.738,233.0236,0.1962,0.0557,3.3646,31.1141,233.2525,0.133,0.1075,83.1773,90.1082,233.0221,0.3868,0.9244
2014-12-26T02:18:59.562Z,2.3857,46.0005,233.2565,0.1974,0.0526,2.6536,32.957,233.3003,0.1407,0.0886,83.5555,89.8638,233.2347,0.3858,0.9316
2014-12-26T02:19:59.910Z,2.3249,45.1802,233.381,0.1938,0.05,2.7078,30.6137,233.4703,0.1311,0.0932,83.3229,90.5526,232.8282,0.3892,0.921
2014-12-26T02:20:59.528Z,2.6283,45.1908,233.5916,0.1933,0.0607,2.9859,32.5401,232.8361,0.1396,0.0956,81.9026,88.5424,231.7177,0.382,0.926
2014-12-26T02:21:59.787Z,1.9424,46.2758,233.0893,0.1986,0.0411,3.0626,34.1283,232.4618,0.1463,0.0971,82.6332,89.1863,231.9701,0.3848,0.9273
2014-12-26T02:22:59.029Z,2.6529,45.8509,232.6054,0.197,0.058,2.3961,32.2506,232.0191,0.1389,0.0776,82.611,89.4317,232.2629,0.3852,0.9253
2014-12-26T02:23:59.404Z,2.2897,45.1962,232.4621,0.1942,0.0516,2.9983,30.6502,232.1955,0.132,0.101,82.1142,88.4876,231.8035,0.3815,0.9293
2014-12-26T02:24:59.625Z,2.7789,46.4891,233.2348,0.1993,0.0575,2.5532,32.8263,233.4227,0.1404,0.0829,81.7942,88.3535,231.4995,0.382,0.9265
2014-12-26T02:25:59.890Z,2.3779,45.5325,233.3008,0.1954,0.0544,2.7782,31.5734,233.2373,0.1357,0.091,81.7557,88.5736,231.6249,0.3819,0.924
2014-12-26T02:26:59.204Z,1.9531,45.5836,233.4668,0.1949,0.0451,3.0019,32.9499,233.2367,0.1416,0.0941,82.3272,88.663,231.9046,0.3827,0.9297
2014-12-26T02:27:59.788Z,3.1037,46.2538,233.5885,0.1978,0.0682,2.8295,33.4125,232.509,0.1443,0.0886,82.1599,88.4274,232.172,0.3811,0.9296
2014-12-26T02:28:59.117Z,2.4608,45.7232,234.5398,0.1949,0.0543,2.6957,33.4684,230.3364,0.1452,0.0856,83.0506,89.6674,232.9958,0.3849,0.9266
2014-12-26T02:29:59.353Z,2.4491,46.2251,234.5636,0.197,0.0532,3.1235,31.6092,233.0242,0.1357,0.1059,82.6418,89.2495,232.1958,0.3838,0.927
2014-12-26T02:30:59.812Z,2.8272,45.6024,233.9034,0.1949,0.0623,3.0712,34.8662,232.1721,0.1505,0.0917,82.4185,88.9352,232.2163,0.3832,0.9274
2014-12-26T02:31:59.218Z,2.2798,45.4858,233.7659,0.1947,0.0518,2.5284,32.2673,232.11,0.1391,0.0861,81.8742,88.3646,231.5149,0.3818,0.9274
2014-12-26T02:32:59.375Z,2.4024,46.4314,233.4325,0.1987,0.0534,2.6881,32.4056,232.3348,0.1395,0.0891,82.1981,88.7009,231.0712,0.3837,0.9274
2014-12-26T02:33:59.855Z,1.9266,45.939,233.3946,0.1968,0.0428,2.8072,32.254,232.4676,0.1395,0.0907,82.1137,88.8567,231.2671,0.3842,0.9254
2014-12-26T02:34:59.296Z,3.3778,46.1834,233.9988,0.1973,0.0736,2.9123,31.555,232.765,0.1359,0.0971,83.2773,89.8119,233.5549,0.3846,0.9282
2014-12-26T02:35:59.873Z,3.1426,45.7007,233.8019,0.1955,0.0686,2.6657,33.3892,232.727,0.1443,0.0855,83.0463,89.6909,233.3949,0.3845,0.9265
2014-12-26T02:36:59.161Z,2.2486,46.0393,234.0481,0.1968,0.0492,2.2027,32.4904,232.325,0.1403,0.0713,83.8249,90.6664,233.769,0.3884,0.9258
2014-12-26T02:37:59.436Z,2.2823,46.9022,233.8502,0.2005,0.0486,2.7735,31.7403,232.0487,0.1368,0.0934,83.2391,89.9396,233.6084,0.3852,0.9267
2014-12-26T02:38:59.669Z,2.8108,45.1793,233.4073,0.1937,0.0627,2.7141,31.5541,232.0384,0.1364,0.0891,83.5508,90.1274,233.889,0.3851,0.9279
2014-12-26T02:39:59.866Z,2.801,45.5165,232.4297,0.196,0.062,3.3709,32.2433,232.0522,0.1387,0.1044,83.5735,90.2214,233.6813,0.3865,0.9274
2014-12-26T02:40:59.050Z,2.7439,45.7843,231.8446,0.1974,0.0601,2.8778,31.3907,231.3444,0.1354,0.097,83.5612,90.0518,233.2808,0.386,0.9288
2014-12-26T02:41:59.260Z,2.7462,46.3787,232.4586,0.1993,0.0579,2.5738,31.4151,231.6362,0.136,0.0908,82.7714,89.0886,232.6659,0.3829,0.9293
2014-12-26T02:42:59.540Z,2.9171,45.7574,233.0252,0.1966,0.0615,2.8311,32.3013,231.207,0.1393,0.0946,82.2718,88.8191,231.8246,0.3832,0.927
2014-12-26T02:43:59.767Z,2.4324,45.6086,232.8465,0.1957,0.0548,3.0977,32.5071,232.2553,0.1399,0.0967,82.31,88.9127,231.6738,0.3841,0.9271
2014-12-26T02:44:59.118Z,3.1534,46.328,234.1775,0.1981,0.0665,3.22,30.5434,232.8304,0.1309,0.1049,83.5001,90.1811,233.3355,0.3862,0.9263
2014-12-26T02:45:59.380Z,3.327,45.5277,234.1407,0.1942,0.0713,2.3362,30.6283,232.3489,0.1317,0.0832,82.7336,89.4141,233.1195,0.3833,0.9265
2014-12-26T02:46:59.544Z,3.4203,45.5426,234.1795,0.1942,0.0765,2.5595,32.1981,232.4891,0.1384,0.0855,83.3695,89.974,233.1452,0.3859,0.9277
2014-12-26T02:47:59.867Z,2.6022,46.2284,234.5953,0.1975,0.0557,2.8001,32.8337,232.8082,0.141,0.0913,83.7746,90.7151,233.3741,0.3891,0.9243
2014-12-26T02:48:59.111Z,2.4577,46.0557,234.7432,0.1966,0.0524,3.5393,32.3546,232.7072,0.139,0.1099,83.623,89.4488,233.0872,0.3838,0.9358
2014-12-26T02:49:59.465Z,2.557,46.2012,234.8913,0.1963,0.0546,3.6626,34.6235,232.2862,0.1493,0.1036,82.7012,88.9687,232.3759,0.3834,0.9304
2014-12-26T02:50:59.818Z,3.1184,46.1714,234.5365,0.1969,0.0671,2.9138,30.3892,231.817,0.1309,0.0988,82.9162,89.8114,232.6741,0.386,0.9236
2014-12-26T02:51:59.112Z,2.935,45.5228,233.5176,0.1954,0.0684,2.2196,32.5902,231.1159,0.1419,0.0798,83.7432,90.7049,233.4634,0.3884,0.9247
2014-12-26T02:52:59.408Z,2.3496,46.1468,232.7989,0.198,0.0502,2.8782,31.2435,230.4822,0.1354,0.0979,83.4004,90.0029,233.5962,0.3853,0.9269
2014-12-26T02:53:59.792Z,2.7868,45.8928,232.8478,0.1976,0.0599,3.0309,32.0904,230.6078,0.1385,0.094,83.7205,90.2784,233.4255,0.3865,0.9286
2014-12-26T02:54:59.102Z,2.7972,44.9769,233.883,0.1922,0.0631,2.9313,31.5023,231.8951,0.1356,0.0947,83.361,90.1326,233.4506,0.3861,0.9262
2014-12-26T02:55:59.577Z,3.4896,45.9835,233.7112,0.1975,0.0762,3.2262,33.0879,231.8405,0.1429,0.0986,83.5316,89.9058,233.8299,0.3846,0.9297
2014-12-26T02:56:59.473Z,3.5063,45.4915,233.6896,0.1946,0.0762,2.7599,32.7629,231.2209,0.1413,0.0924,83.4821,90.3218,233.8471,0.3864,0.9248
2014-12-26T02:57:59.705Z,2.5309,45.8413,233.7334,0.1964,0.058,2.4308,32.654,231.0818,0.1411,0.078,83.3182,89.9404,233.8952,0.3853,0.927
2014-12-26T02:58:59.131Z,2.3194,46.2264,232.7097,0.199,0.0526,2.4198,31.9754,231.7999,0.138,0.0848,83.3079,89.8649,233.5809,0.3846,0.9276
2014-12-26T02:59:59.441Z,2.9302,45.7354,233.2463,0.1961,0.0647,3.0582,30.8934,231.6124,0.1337,0.0976,83.4415,90.6851,233.5138,0.3883,0.9214
2014-12-26T03:00:59.787Z,2.63,44.2192,233.5977,0.189,0.0632,2.7019,33.683,231.5305,0.1453,0.0879,83.5785,90.6999,233.2697,0.3889,0.9218
2014-12-26T03:01:59.117Z,2.5779,45.8667,234.2643,0.1957,0.0549,2.581,31.6146,231.705,0.1366,0.089,82.8946,89.654,232.7733,0.3852,0.925
2014-12-26T03:02:59.430Z,2.38,46.1996,234.1592,0.1972,0.0523,2.5073,32.1876,231.1683,0.1396,0.0827,82.5265,88.7239,232.7029,0.3813,0.931
2014-12-26T03:03:59.725Z,2.6876,46.2956,233.7319,0.1986,0.058,2.9477,32.9033,231.8777,0.1419,0.0965,82.6854,89.6126,232.9874,0.3847,0.9234
2014-12-26T03:04:59.172Z,3.5876,46.598,233.6874,0.1992,0.0764,3.0341,34.9062,233.3186,0.1499,0.0858,83.2533,89.308,233.3051,0.3823,0.9326
2014-12-26T03:05:59.497Z,3.016,46.3148,234.1789,0.198,0.0656,3.1145,32.2607,233.8936,0.1382,0.1051,82.5259,88.4412,232.5487,0.3798,0.9338
2014-12-26T03:06:59.831Z,2.4686,45.9575,233.9218,0.1964,0.0539,3.1825,32.9264,233.939,0.1413,0.1008,82.6533,89.4946,232.7693,0.3841,0.9243
2014-12-26T03:07:59.408Z,2.6667,45.8134,233.6748,0.1957,0.0573,2.5222,32.7288,233.8731,0.1398,0.0876,82.9919,89.6908,232.8278,0.385,0.9264
2014-12-26T03:08:59.564Z,2.9437,45.4137,233.6328,0.194,0.0631,2.602,32.7351,233.3871,0.1402,0.0932,83.074,90.1281,232.8894,0.3871,0.9234
2014-12-26T03:09:59.750Z,469.68,701.5009,233.1283,3.0223,0.37,492.789,740.7687,232.0339,3.2076,0.3743,879.4232,1191.9673,230.8935,5.191,0.8216
2014-12-26T03:10:59.090Z,1043.8182,1463.2517,232.0226,6.3066,0.714,1085.7561,1564.6877,230.9193,6.7758,0.6936,1531.9668,2084.4019,229.2362,9.093,0.7352
2014-12-26T03:11:59.375Z,1069.8589,1484.8111,232.1454,6.3954,0.7208,1125.4324,1596.1911,230.7318,6.9174,0.7044,1564.5812,2115.6478,229.5292,9.2173,0.739
2014-12-26T03:12:59.640Z,1163.036,1560.3519,231.7863,6.7317,0.7458,1215.8559,1670.9544,230.2061,7.2592,0.7279,1650.5374,2179.9734,228.8993,9.5239,0.7591
2014-12-26T03:13:59.847Z,1155.3763,1562.431,231.4319,6.7504,0.7398,1226.5171,1672.5936,230.6784,7.2501,0.7328,1668.5996,2206.6426,229.7022,9.6064,0.7569
2014-12-26T03:14:59.141Z,1015.0967,1447.2849,231.0136,6.2651,0.7003,1105.3534,1575.6264,231.7699,6.7982,0.7006,1533.6324,2108.5858,230.5649,9.145,0.7267
2014-12-26T03:15:59.954Z,918.5315,1367.4941,230.7821,5.9256,0.6719,1006.8176,1497.5225,231.8978,6.4576,0.6724,1437.753,2025.1596,230.6949,8.7785,0.7102
2014-12-26T03:16:59.246Z,944.417,1403.9987,232.0809,6.0494,0.6733,1008.7901,1504.8707,231.2921,6.5057,0.6708,1459.4228,2032.2554,230.8194,8.8048,0.7178
2014-12-26T03:17:59.562Z,958.7044,1449.7488,232.9422,6.224,0.661,992.2089,1463.9571,229.004,6.392,0.6776,1521.9238,2066.0739,231.5066,8.9243,0.7376
2014-12-26T03:18:59.032Z,962.47,1447.6301,232.8285,6.218,0.6647,1001.2066,1474.3358,229.2904,6.43,0.679,1517.156,2061.2788,231.3369,8.9104,0.7365
2014-12-26T03:19:59.323Z,965.0459,1410.3129,232.5921,6.0634,0.6848,1032.3976,1538.9039,231.9208,6.6353,0.6711,1453.6607,2030.5393,230.417,8.8126,0.716
2014-12-26T03:20:59.581Z,961.5177,1395.7344,231.6534,6.0252,0.6887,1040.7488,1533.0982,231.6744,6.6177,0.679,1453.5556,2022.8299,229.7213,8.8058,0.7197
2014-12-26T03:21:59.794Z,965.8297,1400.7842,231.3004,6.0562,0.6894,1052.2343,1532.6688,231.6202,6.6172,0.6867,1471.199,2038.7681,229.8588,8.8692,0.7221
2014-12-26T03:22:59.377Z,968.8006,1394.852,231.098,6.0358,0.6945,1022.7321,1507.7469,230.707,6.5351,0.6788,1447.2222,1988.9699,228.5761,8.701,0.7266
2014-12-26T03:23:59.688Z,942.0249,1371.2697,231.0458,5.9348,0.6867,982.8492,1478.8168,230.4028,6.4181,0.6646,1409.0504,1947.7079,228.4859,8.5247,0.7226
2014-12-26T03:24:59.941Z,961.8261,1380.2617,232.2077,5.9441,0.6966,969.263,1493.0414,230.4927,6.4776,0.6498,1375.0837,1901.2011,227.3683,8.3619,0.723
2014-12-26T03:25:59.257Z,996.7609,1402.6245,232.321,6.0372,0.7104,994.8754,1514.8508,230.279,6.578,0.6572,1397.2683,1909.9147,226.5778,8.4291,0.731
2014-12-26T03:26:59.500Z,1010.6841,1426.2077,232.4362,6.1362,0.7089,998.1967,1500.0612,228.9558,6.5513,0.6656,1432.9087,1927.3261,226.6122,8.5047,0.7426
2014-12-26T03:27:59.811Z,977.0469,1423.0464,232.7103,6.1151,0.6868,951.5706,1438.4453,227.4528,6.3237,0.661,1443.3743,1927.268,227.2364,8.4808,0.7492
2014-12-26T03:28:59.104Z,975.9265,1397.8536,232.43,6.0134,0.6983,963.4701,1475.4905,229.4565,6.4298,0.6531,1396.2255,1897.6852,226.5876,8.3745,0.7359
2014-12-26T03:29:59.468Z,1010.5212,1411.0908,232.0318,6.082,0.7159,1009.2019,1518.8884,230.1256,6.5999,0.6646,1412.0401,1914.2638,226.1018,8.4663,0.7376
2014-12-26T03:30:59.815Z,1037.6084,1425.792,231.3671,6.1628,0.7281,1037.8519,1531.6347,229.2974,6.6799,0.6777,1438.7521,1927.9127,225.5536,8.5477,0.7472
2014-12-26T03:31:59.067Z,1008.0775,1398.0143,230.6028,6.0626,0.7208,1024.3893,1510.4529,229.4553,6.5834,0.6779,1422.9962,1919.6176,225.5835,8.5089,0.7425
2014-12-26T03:32:59.369Z,448.4589,650.7726,231.155,2.8231,0.3672,455.4867,695.5169,230.5243,3.0261,0.3551,699.5418,935.6193,226.97,4.1468,0.819
2014-12-26T03:33:59.834Z,324.9486,607.021,231.308,2.6284,0.327,344.9887,665.2104,230.4514,2.8919,0.3214,423.4685,777.0932,227.7537,3.4154,0.6936
2014-12-26T03:34:59.112Z,70.7138,150.6438,233.1289,0.6491,0.1268,73.4251,149.6106,231.4916,0.6487,0.13,189.5418,256.9516,229.2557,1.123,0.8513
2014-12-26T03:35:59.379Z,363.7441,534.4179,232.6236,2.3059,0.306,392.6143,622.7084,231.3139,2.7054,0.2972,831.965,1058.6631,228.4791,4.6496,0.8391
2014-12-26T03:36:59.668Z,1074.0242,1466.2316,231.3364,6.3382,0.7324,1104.6931,1583.1111,230.0164,6.8827,0.697,1507.2519,2020.7456,227.056,8.8997,0.7457
2014-12-26T03:37:59.919Z,1043.5784,1444.1713,231.9392,6.227,0.7226,1066.3811,1561.6344,229.8446,6.7948,0.6833,1463.252,1981.6521,227.2542,8.7199,0.738
2014-12-26T03:38:59.559Z,958.4887,1379.5331,232.2697,5.9394,0.6947,986.566,1500.092,230.1972,6.5164,0.6576,1388.028,1925.2567,227.986,8.4443,0.721
2014-12-26T03:39:59.932Z,897.5333,1335.5336,232.0032,5.7566,0.6721,922.9932,1440.343,229.8597,6.266,0.641,1339.5908,1878.5918,228.1558,8.2337,0.7117
2014-12-26T03:40:59.167Z,881.9299,1333.3817,231.8548,5.7511,0.6617,879.4101,1390.2948,228.4416,6.0856,0.6325,1336.0589,1851.7673,227.8287,8.1282,0.7219
2014-12-26T03:41:59.062Z,896.7493,1363.9575,231.5851,5.8892,0.6576,889.5783,1351.5735,225.5348,5.9906,0.6583,1413.8076,1899.1025,228.0684,8.3267,0.7447
2014-12-26T03:42:59.358Z,903.2389,1384.3707,231.5576,5.9787,0.6522,888.4017,1321.2172,223.5772,5.9097,0.6723,1460.2593,1924.2788,228.1392,8.4347,0.7597
2014-12-26T03:43:59.758Z,932.0563,1363.3624,230.9539,5.9032,0.6833,952.3683,1424.8628,227.8531,6.2517,0.6686,1405.0063,1909.5229,227.5738,8.3898,0.7358
2014-12-26T03:44:59.023Z,944.2212,1358.5681,229.9951,5.907,0.6952,1027.0927,1495.5603,230.5458,6.4867,0.6863,1425.5283,1971.3642,228.937,8.6116,0.7228
2014-12-26T03:45:59.179Z,1019.6849,1412.1219,231.0876,6.1104,0.7221,1055.0919,1543.787,230.3803,6.701,0.6836,1441.5016,1957.9332,227.1816,8.6179,0.7359
2014-12-26T03:46:59.434Z,1037.4797,1443.957,231.0048,6.2502,0.7185,1060.5633,1538.8221,230.2126,6.6847,0.6894,1482.6099,1991.7657,227.8452,8.7411,0.7439
2014-12-26T03:47:59.642Z,1005.4974,1422.9463,230.6049,6.171,0.7067,1055.4761,1521.6876,230.2038,6.6102,0.6939,1483.8096,2006.742,228.8667,8.7681,0.7397
2014-12-26T03:48:59.006Z,984.0891,1414.6066,230.84,6.1284,0.6956,1027.5409,1496.6039,230.2038,6.5012,0.687,1471.1855,1995.7125,229.1635,8.7089,0.7384
2014-12-26T03:49:59.301Z,1008.9162,1428.407,230.5762,6.1943,0.7064,1065.3653,1525.0776,230.2517,6.6238,0.6986,1497.2767,2022.6732,229.1972,8.8256,0.7404
2014-12-26T03:50:59.556Z,1033.8788,1433.6083,230.0091,6.2326,0.7213,1097.1572,1553.5906,230.0541,6.7532,0.7061,1502.3181,2022.3211,228.4597,8.8516,0.7422
2014-12-26T03:51:59.798Z,1017.7052,1419.559,229.8311,6.1767,0.717,1098.4771,1545.6892,229.8234,6.7256,0.7109,1507.3301,2033.2889,228.7683,8.8881,0.741
2014-12-26T03:52:59.168Z,969.2141,1370.6819,227.9317,6.0133,0.708,1088.2075,1509.743,229.5948,6.5755,0.7207,1493.1509,2031.3518,228.9373,8.8733,0.7351
2014-12-26T03:53:59.507Z,1000.816,1400.4816,228.2839,6.1349,0.7142,1103.5043,1530.895,229.8699,6.6593,0.7208,1513.5071,2042.2422,228.9014,8.9213,0.7412
2014-12-26T03:54:59.043Z,1026.8163,1418.5698,229.4882,6.1816,0.7237,1134.1508,1582.3684,230.9367,6.8519,0.7162,1512.3906,2055.0224,228.9955,8.9739,0.7362
2014-12-26T03:55:59.400Z,1039.099,1442.7261,230.5979,6.2559,0.7204,1121.9276,1576.086,230.5908,6.835,0.7116,1522.9443,2055.3106,228.8128,8.9832,0.7409
2014-12-26T03:56:59.872Z,1014.2779,1424.8701,230.7455,6.1751,0.7115,1084.7077,1546.6449,230.4416,6.7112,0.7011,1492.6143,2022.7746,228.74,8.8424,0.739
2014-12-26T03:57:59.116Z,1025.2377,1433.245,230.8605,6.2083,0.7156,1083.5991,1546.5473,230.0934,6.7208,0.701,1493.8387,2015.539,228.5797,8.8175,0.7415
2014-12-26T03:58:59.550Z,1041.0802,1443.5488,231.1676,6.2448,0.7213,1077.4316,1554.1686,230.4336,6.7442,0.693,1483.9258,1996.6396,228.0513,8.755,0.7429
2014-12-26T03:59:59.995Z,1041.2577,1444.1999,231.1208,6.2488,0.7207,1077.3131,1552.772,230.4129,6.7397,0.6941,1485.0594,1997.7217,227.9581,8.7633,0.7424
