2014-12-11T00:00:59.227Z,5.4029,62.9231,232.1426,0.2703,0.0861,2.8148,55.3128,230.7734,0.2397,0.0538,82.8437,99.6928,231.7709,0.4304,0.8319
2014-12-11T00:01:59.583Z,5.5411,64.9013,232.0272,0.2797,0.0854,2.3259,58.0708,231.0712,0.2515,0.042,82.3216,99.8488,231.9993,0.4301,0.8258
2014-12-11T00:02:59.882Z,4.6563,63.5159,232.1319,0.2736,0.0752,2.9242,57.8671,230.6922,0.2507,0.0509,82.2409,100.3641,231.7902,0.4326,0.8201
2014-12-11T00:03:59.161Z,5.0565,63.2045,232.242,0.2716,0.083,2.5393,56.3542,230.8787,0.2439,0.0461,82.4373,99.9082,232.1788,0.4294,0.8272
2014-12-11T00:04:59.466Z,4.9714,65.8801,232.3501,0.2835,0.077,2.478,58.3068,230.9637,0.2518,0.0426,82.5273,101.404,232.1383,0.4374,0.8151
2014-12-11T00:05:59.760Z,4.3119,66.7682,232.0398,0.2878,0.0645,2.7552,59.0792,231.4209,0.2557,0.0467,82.5797,101.6601,232.0929,0.4378,0.8124
2014-12-11T00:06:59.268Z,4.1062,65.72,232.4057,0.2827,0.0616,2.6309,60.0914,231.7139,0.2593,0.0462,82.5227,101.0908,232.1724,0.435,0.8173
2014-12-11T00:07:59.423Z,5.4433,66.0527,232.8196,0.2834,0.086,3.1887,57.7349,231.7655,0.2491,0.0562,82.7151,101.6833,232.139,0.4378,0.8153
2014-12-11T00:08:59.779Z,5.551,66.5911,232.5136,0.2866,0.084,3.0852,59.5596,231.892,0.2574,0.0536,82.7444,101.9369,232.13,0.4387,0.8126
2014-12-11T00:09:59.084Z,5.1196,66.3841,232.3378,0.286,0.0781,2.448,58.9447,232.0437,0.2542,0.0408,82.6086,101.6976,231.9624,0.4382,0.813
2014-12-11T00:10:59.437Z,4.2232,66.589,232.6113,0.2863,0.0643,2.4921,59.0784,232.0342,0.2546,0.0421,82.4911,101.7872,231.5116,0.4396,0.8112
2014-12-11T00:11:59.678Z,4.907,66.299,232.1092,0.2854,0.0738,2.7048,59.5735,231.9262,0.2569,0.0458,82.5533,101.5981,231.9434,0.438,0.8137
2014-12-11T00:12:59.932Z,5.2353,65.5074,232.1631,0.282,0.0809,2.5202,60.3627,231.7675,0.26,0.0431,82.6514,101.508,231.8075,0.4378,0.8151
2014-12-11T00:13:59.280Z,4.8498,65.4136,232.5456,0.2816,0.075,2.6014,58.041,231.7007,0.2502,0.0453,82.7003,101.7848,231.7351,0.439,0.8133
2014-12-11T00:14:59.551Z,3.7048,65.827,232.4402,0.2829,0.0562,2.9187,58.978,231.3726,0.2552,0.0491,82.5537,100.8367,231.5485,0.4354,0.8191
2014-12-11T00:15:59.174Z,5.6708,66.6997,232.1895,0.2874,0.0871,2.8204,59.0312,231.3113,0.2552,0.0466,82.4265,100.4454,231.5385,0.4334,0.8212
2014-12-11T00:16:59.432Z,5.2782,66.0441,232.2423,0.2843,0.0832,2.4542,58.2746,231.5618,0.2521,0.0427,82.6387,100.918,231.6671,0.4355,0.82
2014-12-11T00:17:59.711Z,4.8793,66.1921,232.5266,0.284,0.0751,2.4009,59.99,231.5454,0.2592,0.0405,82.3746,101.778,231.5107,0.4399,0.8104
2014-12-11T00:18:59.898Z,5.0472,64.6796,232.2959,0.2777,0.0779,2.6029,56.8567,231.719,0.2457,0.0468,81.8134,100.059,230.8339,0.4336,0.8187
2014-12-11T00:19:59.088Z,5.1702,64.5039,232.937,0.2766,0.0824,2.4571,58.6971,232.7449,0.2522,0.0425,82.2399,99.7592,231.4192,0.4309,0.8248
2014-12-11T00:20:59.322Z,5.1207,64.7288,232.7854,0.2778,0.0805,2.8089,56.9935,232.6862,0.2453,0.0521,81.914,100.2232,231.6127,0.4329,0.8192
2014-12-11T00:21:59.614Z,4.1925,63.6363,233.0931,0.2733,0.0681,2.1515,58.2909,232.6833,0.2507,0.0377,81.8476,99.6427,231.4857,0.4303,0.823
2014-12-11T00:22:59.975Z,4.4912,63.0372,233.4157,0.2699,0.0713,2.1377,57.5095,232.7958,0.2465,0.0385,81.9577,98.348,231.5121,0.4249,0.8341
2014-12-11T00:23:59.356Z,5.085,64.5343,232.6717,0.2769,0.0808,2.6523,56.9677,232.5114,0.2449,0.0527,82.4831,100.9807,231.5951,0.436,0.8174
2014-12-11T00:24:59.697Z,4.9355,66.2227,233.0624,0.284,0.0758,2.7154,58.9871,232.4078,0.2536,0.0456,81.9537,100.4187,231.761,0.4332,0.817
2014-12-11T00:25:59.064Z,4.564,66.0144,232.8401,0.2836,0.0697,2.6242,58.8964,232.3394,0.2537,0.0463,82.0946,101.5692,231.7134,0.438,0.8099
2014-12-11T00:26:59.379Z,4.2656,64.886,233.199,0.2781,0.0663,2.7238,59.6014,232.7993,0.2559,0.0479,82.6625,101.3282,232.2014,0.4363,0.8171
2014-12-11T00:27:59.787Z,4.8998,65.0084,233.042,0.2788,0.0773,2.4326,60.5275,232.5374,0.2607,0.04,82.1522,100.5761,231.9949,0.4332,0.818
2014-12-11T00:28:59.100Z,5.1294,65.6226,232.7491,0.2824,0.0782,2.7073,59.4024,232.5609,0.2556,0.0458,82.6752,101.4301,232.0177,0.4373,0.8167
2014-12-11T00:29:59.458Z,5.2468,65.4823,232.6376,0.2811,0.0815,2.6068,58.2197,232.1513,0.2507,0.0443,82.5544,101.3797,231.8188,0.4373,0.8147
2014-12-11T00:30:59.826Z,5.2054,65.0254,232.3592,0.2796,0.0809,2.6338,59.9319,232.0971,0.2582,0.0456,82.283,101.4179,232.1158,0.4367,0.812
2014-12-11T00:31:59.044Z,5.1214,65.8632,231.9944,0.2839,0.0798,2.8478,58.6198,231.6339,0.2526,0.0498,82.6409,100.8298,232.0531,0.4338,0.8201
2014-12-11T00:32:59.382Z,4.9668,65.4198,230.8363,0.2835,0.0766,2.1284,58.4264,231.5475,0.2529,0.0375,82.8078,101.1403,232.1427,0.4353,0.8193
2014-12-11T00:33:59.880Z,4.6462,65.6827,230.8593,0.2845,0.0718,1.8499,60.1904,232.2091,0.2593,0.032,82.8631,101.1846,232.3703,0.4354,0.8193
2014-12-11T00:34:59.115Z,5.2342,65.3211,230.8786,0.2833,0.0818,3.1019,58.4577,230.8781,0.2537,0.0532,83.2414,102.4912,232.5797,0.4408,0.8131
2014-12-11T00:35:59.394Z,4.9245,66.4474,232.3864,0.2858,0.0756,2.4641,58.2563,229.5599,0.254,0.0416,83.5923,102.6086,233.339,0.4397,0.8158
2014-12-11T00:36:59.632Z,4.888,65.2435,232.7434,0.2803,0.0765,2.2651,57.2726,230.1952,0.2483,0.0386,83.3062,102.2485,233.2876,0.4377,0.8164
2014-12-11T00:37:59.056Z,4.5953,65.5083,233.1248,0.2811,0.0702,3.0014,58.1712,232.6623,0.25,0.0506,82.4313,100.9622,232.0648,0.4348,0.8174
2014-12-11T00:38:59.374Z,4.3109,66.4307,232.8762,0.2853,0.0653,2.7876,58.8951,232.3776,0.2542,0.0469,82.513,101.0897,231.6721,0.4363,0.8169
2014-12-11T00:39:59.620Z,4.7486,66.7766,232.7031,0.2868,0.0718,3.0262,58.4854,232.2802,0.2514,0.051,82.3991,102.5016,231.8413,0.442,0.8054
2014-12-11T00:40:59.881Z,5.1654,66.0007,232.6951,0.283,0.08,2.355,58.6759,232.5379,0.2524,0.0401,83.0027,101.3976,232.5648,0.436,0.8193
2014-12-11T00:41:59.141Z,5.1788,66.4657,232.9329,0.2851,0.0788,3.0565,57.9251,232.6125,0.2487,0.0527,83.0572,102.3874,232.5864,0.4403,0.8126
2014-12-11T00:42:59.406Z,5.5437,66.09,232.0827,0.2843,0.0848,2.3395,59.6088,232.7237,0.2559,0.039,82.8402,101.9112,232.2267,0.4386,0.8137
2014-12-11T00:43:59.714Z,5.5629,65.2379,232.2756,0.2814,0.0868,2.5919,58.0135,232.8223,0.2493,0.0446,82.9429,101.559,232.1862,0.4377,0.8181
2014-12-11T00:44:59.891Z,4.8936,64.7753,231.9933,0.279,0.077,2.9423,59.4742,232.8488,0.2558,0.05,82.6041,101.7148,232.0368,0.4379,0.8127
2014-12-11T00:45:59.429Z,4.3132,65.7547,232.4313,0.2825,0.0675,2.7624,58.8744,232.8399,0.2529,0.0479,82.8502,101.8662,232.1536,0.4385,0.8141
2014-12-11T00:46:59.744Z,5.1302,65.768,232.281,0.2826,0.0788,2.4389,58.153,231.5645,0.2511,0.0416,82.6753,101.6796,232.1873,0.4374,0.8132
2014-12-11T00:47:59.059Z,5.1084,65.3277,232.2482,0.2816,0.079,1.7999,58.6572,229.7139,0.2551,0.0314,82.9749,102.1496,232.3578,0.439,0.8131
2014-12-11T00:48:59.450Z,4.8263,65.4847,232.6286,0.2816,0.072,2.6004,59.6507,232.3501,0.2575,0.0433,82.3163,101.0159,231.6449,0.4357,0.8147
2014-12-11T00:49:59.669Z,4.0317,64.8339,232.5536,0.2793,0.064,2.2508,59.1979,232.9248,0.2541,0.0373,82.5174,100.8755,231.684,0.4355,0.8186
2014-12-11T00:50:59.030Z,5.2676,66.1818,232.6027,0.2844,0.0811,2.589,58.1119,231.9362,0.2508,0.0476,82.3732,101.2741,231.5286,0.437,0.8149
2014-12-11T00:51:59.671Z,5.0109,65.7755,232.7967,0.2824,0.0784,2.853,58.8361,232.0388,0.2537,0.0495,82.6647,101.404,231.6737,0.4375,0.8162
2014-12-11T00:52:59.298Z,4.1698,65.7541,232.9386,0.2824,0.0647,2.2473,59.1781,232.1711,0.2549,0.038,82.5424,101.2739,231.406,0.4372,0.8154
2014-12-11T00:53:59.826Z,4.3383,65.4555,233.6122,0.2803,0.0667,2.5086,59.1638,232.1086,0.2552,0.043,81.3565,100.2877,230.9962,0.4339,0.8123
2014-12-11T00:54:59.104Z,5.0903,65.8811,233.5583,0.2817,0.0766,2.4504,57.9657,231.237,0.2504,0.0428,82.2245,101.432,231.5833,0.4378,0.8121
2014-12-11T00:55:59.427Z,5.1374,65.8736,233.2741,0.2822,0.08,2.1541,58.7577,231.1108,0.2547,0.0362,82.2934,99.9835,231.5727,0.4321,0.8241
2014-12-11T00:56:59.737Z,4.9201,65.0155,232.9108,0.2791,0.0763,2.9625,58.651,231.2905,0.2538,0.0501,82.0548,101.0042,231.4757,0.4365,0.8135
2014-12-11T00:57:59.893Z,5.1279,66.2422,233.38,0.2834,0.0785,2.4838,58.4212,231.7969,0.252,0.0422,82.334,100.681,231.8864,0.4342,0.818
2014-12-11T00:58:59.070Z,5.2462,66.794,233.6638,0.2858,0.0793,2.6637,60.08,232.5846,0.2589,0.0446,82.3069,100.2947,231.5763,0.4329,0.8213
2014-12-11T00:59:59.463Z,5.0179,63.6177,232.7803,0.2729,0.0811,3.0318,57.5653,232.484,0.2483,0.0512,81.9121,99.8607,231.4222,0.4311,0.8218
