2014-10-04T00:00:59.100Z,0.0285,0.0435,0.565,0.0776,0.6146,0.0202,0.0417,0.6074,0.0678,0.472,0.0246,0.043,0.5598,0.0774,0.5426
2014-10-04T00:01:59.520Z,0.0222,0.0403,0.5576,0.0732,0.5403,0.0197,0.0422,0.6138,0.0662,0.4178,0.0251,0.0451,0.5668,0.0762,0.5476
2014-10-04T00:02:59.859Z,0.0252,0.0432,0.5742,0.0739,0.5294,0.0171,0.0387,0.6174,0.0635,0.3823,0.0235,0.0435,0.5587,0.0784,0.5287
2014-10-04T00:03:59.256Z,0.0254,0.0429,0.5726,0.0749,0.5631,0.0171,0.0406,0.6151,0.064,0.3623,0.0237,0.044,0.5677,0.0749,0.5414
2014-10-04T00:04:59.525Z,0.027,0.0446,0.5719,0.0759,0.5859,0.0224,0.0432,0.6205,0.0695,0.4568,0.0238,0.0438,0.5624,0.077,0.5381
2014-10-04T00:05:59.859Z,0.0265,0.0421,0.5688,0.0741,0.5612,0.0147,0.0371,0.6118,0.06,0.3647,0.0238,0.0438,0.5626,0.0756,0.5385
2014-10-04T00:06:59.324Z,0.0262,0.0435,0.5744,0.075,0.56,0.0165,0.0379,0.6141,0.06,0.3876,0.0238,0.0444,0.5665,0.0774,0.5059
2014-10-04T00:07:59.639Z,0.0231,0.0406,0.5658,0.0733,0.5411,0.0161,0.0369,0.6017,0.0617,0.3994,0.0217,0.0422,0.5544,0.075,0.5169
2014-10-04T00:08:59.910Z,0.028,0.045,0.578,0.0767,0.5803,0.0197,0.0407,0.6157,0.066,0.4037,0.0247,0.044,0.5757,0.0777,0.5597
2014-10-04T00:09:59.191Z,0.027,0.0433,0.5724,0.0764,0.5839,0.0191,0.0406,0.6139,0.0645,0.407,0.0233,0.0433,0.5682,0.0773,0.5394
2014-10-04T00:10:59.492Z,0.0266,0.0443,0.5643,0.0774,0.5823,0.0191,0.042,0.62,0.0666,0.4163,0.0257,0.046,0.5846,0.0786,0.5509
2014-10-04T00:11:59.728Z,0.0245,0.043,0.5683,0.0755,0.5515,0.0193,0.0415,0.616,0.0665,0.3963,0.0263,0.046,0.5828,0.0783,0.5602
2014-10-04T00:12:59.011Z,0.0255,0.0433,0.5643,0.0748,0.5633,0.0228,0.0435,0.6415,0.067,0.4582,0.0255,0.0443,0.5725,0.0785,0.5673
2014-10-04T00:13:59.313Z,0.0235,0.0413,0.552,0.0753,0.5342,0.0223,0.0433,0.6273,0.0693,0.4522,0.024,0.044,0.5653,0.0775,0.554
2014-10-04T00:14:59.610Z,0.0251,0.0415,0.5579,0.0749,0.5708,0.0162,0.039,0.6046,0.0651,0.3718,0.0244,0.0451,0.5738,0.0777,0.5346
2014-10-04T00:15:59.944Z,0.0227,0.04,0.5542,0.073,0.5473,0.017,0.0385,0.6079,0.0627,0.3855,0.0258,0.0452,0.5709,0.0782,0.5552
2014-10-04T00:16:59.222Z,0.023,0.0421,0.5715,0.0721,0.5297,0.0161,0.0376,0.6079,0.0603,0.3839,0.0233,0.0436,0.5594,0.0761,0.5321
2014-10-04T00:17:59.601Z,0.0276,0.0445,0.5721,0.0773,0.5803,0.0173,0.0403,0.6109,0.0655,0.4094,0.0236,0.0436,0.5697,0.0761,0.5373
2014-10-04T00:18:59.822Z,0.0271,0.0444,0.58,0.0759,0.5615,0.0188,0.0415,0.6244,0.0644,0.4279,0.0229,0.0421,0.5556,0.075,0.5191
2014-10-04T00:19:59.205Z,0.0272,0.0444,0.5744,0.0758,0.5839,0.0189,0.0381,0.6103,0.0631,0.4403,0.0222,0.0425,0.5553,0.0767,0.5322
2014-10-04T00:20:59.454Z,0.025,0.0426,0.575,0.0735,0.5438,0.0138,0.0356,0.6062,0.06,0.3362,0.0259,0.0444,0.5606,0.0788,0.5447
2014-10-04T00:21:59.823Z,0.0259,0.0434,0.5715,0.0756,0.5629,0.02,0.0422,0.629,0.0663,0.4041,0.0241,0.0449,0.569,0.078,0.5349
2014-10-04T00:22:59.129Z,0.0253,0.0425,0.5687,0.0738,0.5519,0.0169,0.0369,0.6019,0.0613,0.3963,0.0234,0.0434,0.5656,0.0769,0.5303
2014-10-04T00:23:59.461Z,0.0286,0.046,0.5786,0.0783,0.5797,0.0177,0.0403,0.6146,0.0666,0.396,0.0269,0.0457,0.5769,0.0786,0.558
2014-10-04T00:24:59.867Z,0.0242,0.0416,0.5706,0.0729,0.5535,0.0226,0.0419,0.6184,0.0684,0.4668,0.0239,0.0439,0.5626,0.0784,0.5335
2014-10-04T00:25:59.319Z,0.0228,0.0408,0.5648,0.0712,0.5104,0.0128,0.032,0.5912,0.056,0.3556,0.0216,0.0412,0.5428,0.0748,0.514
2014-10-04T00:26:59.595Z,0.0271,0.0429,0.5639,0.0763,0.6058,0.0221,0.0442,0.625,0.0695,0.4282,0.0232,0.0421,0.5587,0.0771,0.5337
2014-10-04T00:27:59.926Z,0.0255,0.0439,0.5716,0.0759,0.5502,0.0189,0.0416,0.6202,0.0661,0.4098,0.0257,0.0452,0.5752,0.0789,0.5557
2014-10-04T00:28:59.768Z,0.0255,0.0413,0.5547,0.0745,0.5826,0.0179,0.0405,0.6163,0.065,0.3658,0.0258,0.0455,0.5755,0.0768,0.5513
2014-10-04T00:29:59.093Z,0.0263,0.0426,0.5658,0.0756,0.574,0.02,0.0412,0.6135,0.0665,0.4577,0.0253,0.046,0.5819,0.0774,0.524
2014-10-04T00:30:59.418Z,0.0277,0.0443,0.5706,0.078,0.5546,0.0189,0.0403,0.6063,0.066,0.4129,0.022,0.042,0.5526,0.0749,0.512
2014-10-04T00:31:59.914Z,0.0233,0.0414,0.5639,0.0733,0.5422,0.0169,0.0389,0.6175,0.0633,0.375,0.0233,0.0444,0.5639,0.075,0.5389
2014-10-04T00:32:59.340Z,0.0246,0.0417,0.5721,0.0733,0.5546,0.0133,0.0342,0.5979,0.0575,0.3579,0.0229,0.0433,0.5612,0.0779,0.5179
2014-10-04T00:33:59.806Z,0.0244,0.0418,0.5597,0.0747,0.5376,0.0176,0.04,0.6185,0.0659,0.4094,0.0221,0.0424,0.5597,0.075,0.5185
2014-10-04T00:34:59.672Z,0.0258,0.0428,0.5669,0.0758,0.5669,0.0167,0.0392,0.6097,0.0647,0.4042,0.0231,0.0431,0.5681,0.075,0.5261
2014-10-04T00:35:59.046Z,0.0276,0.0459,0.575,0.0782,0.5906,0.0206,0.0403,0.6115,0.0653,0.4726,0.0238,0.0438,0.5638,0.0774,0.53
2014-10-04T00:36:59.393Z,0.0265,0.0426,0.5724,0.0744,0.5794,0.0191,0.0418,0.6176,0.0653,0.4129,0.0238,0.0432,0.5556,0.0759,0.5459
2014-10-04T00:37:59.764Z,0.0276,0.0441,0.5738,0.0765,0.5886,0.0173,0.0392,0.6051,0.0659,0.3984,0.0257,0.0454,0.5757,0.0795,0.5462
2014-10-04T00:38:59.140Z,0.0282,0.0444,0.5692,0.0774,0.6028,0.0236,0.0449,0.6267,0.071,0.4744,0.0233,0.0428,0.5687,0.0759,0.5372
2014-10-04T00:39:59.487Z,0.0277,0.0459,0.5757,0.0784,0.5857,0.0182,0.0411,0.6155,0.0666,0.3945,0.0236,0.0445,0.5682,0.0766,0.5309
2014-10-04T00:40:59.884Z,0.0248,0.0426,0.5797,0.0742,0.5345,0.0174,0.0381,0.6084,0.0626,0.379,0.0229,0.0439,0.5639,0.0765,0.5261
2014-10-04T00:41:59.340Z,0.0238,0.0424,0.5782,0.0726,0.5488,0.0141,0.0382,0.6062,0.06,0.36,0.0221,0.0415,0.5485,0.0729,0.5179
2014-10-04T00:42:59.674Z,0.0256,0.0439,0.5678,0.0753,0.5483,0.0158,0.0383,0.6061,0.0622,0.3644,0.025,0.0456,0.5853,0.0781,0.5517
2014-10-04T00:44:59.440Z,0.0237,0.0412,0.5642,0.0728,0.5331,0.0186,0.0417,0.6265,0.0652,0.4038,0.0226,0.0426,0.5602,0.0755,0.5408
2014-10-04T00:45:59.079Z,0.0269,0.0441,0.5766,0.0766,0.5762,0.0207,0.0407,0.6145,0.0662,0.4328,0.02,0.0407,0.5497,0.0752,0.4955
2014-10-04T00:46:59.562Z,0.0226,0.0397,0.5554,0.0715,0.5474,0.0177,0.039,0.6167,0.0608,0.4062,0.0238,0.0449,0.5674,0.0772,0.5292
2014-10-04T00:47:59.013Z,0.021,0.039,0.5597,0.0703,0.525,0.014,0.0373,0.6037,0.062,0.3537,0.024,0.0427,0.5587,0.0763,0.5343
2014-10-04T00:48:59.426Z,0.0269,0.0434,0.57,0.0775,0.5812,0.0163,0.0381,0.61,0.0628,0.3847,0.0231,0.0422,0.5581,0.0769,0.54
2014-10-04T00:49:59.744Z,0.0288,0.0459,0.5784,0.0778,0.5944,0.0141,0.0366,0.5909,0.0619,0.3756,0.0231,0.0431,0.5638,0.0775,0.5259
2014-10-04T00:50:59.206Z,0.0285,0.0449,0.5756,0.0774,0.6082,0.0215,0.0426,0.6138,0.0687,0.4428,0.0228,0.0418,0.5633,0.0749,0.5464
2014-10-04T00:51:59.449Z,0.0245,0.042,0.562,0.0748,0.5545,0.0198,0.0405,0.6213,0.0658,0.408,0.0248,0.0445,0.5695,0.077,0.539
2014-10-04T00:52:59.733Z,0.0289,0.0461,0.5884,0.0771,0.5737,0.0176,0.0392,0.6163,0.0637,0.3942,0.0253,0.0442,0.5761,0.0768,0.5645
2014-10-04T00:53:59.123Z,0.0242,0.0421,0.565,0.0737,0.5376,0.0179,0.0405,0.6142,0.0634,0.3795,0.025,0.0437,0.5732,0.0768,0.555
2014-10-04T00:54:59.479Z,0.0272,0.0447,0.5728,0.0756,0.5759,0.0194,0.0394,0.6163,0.065,0.4106,0.0216,0.0431,0.5684,0.0753,0.5109
2014-10-04T00:55:59.749Z,0.0233,0.0403,0.5513,0.074,0.5498,0.018,0.0398,0.6088,0.0655,0.3722,0.024,0.044,0.5713,0.078,0.536
2014-10-04T00:56:59.190Z,0.0243,0.0423,0.5557,0.0753,0.556,0.0173,0.0377,0.6123,0.0633,0.3923,0.0233,0.043,0.551,0.0753,0.5307
2014-10-04T00:57:59.525Z,0.0231,0.0411,0.5586,0.0729,0.514,0.0217,0.0423,0.6274,0.0666,0.4303,0.0231,0.0426,0.5609,0.0769,0.5431
2014-10-04T00:58:59.035Z,0.0229,0.0411,0.5607,0.0718,0.53,0.0154,0.0379,0.5964,0.0618,0.4036,0.0218,0.0429,0.5689,0.0768,0.5154
2014-10-04T00:59:59.352Z,0.0274,0.0441,0.5768,0.0756,0.5624,0.0174,0.0412,0.6182,0.0656,0.4024,0.0226,0.0432,0.5594,0.0759,0.5197
