2014-10-20T00:00:59.066Z,0.0367,0.0523,0.5946,0.0844,0.6944,0.0323,0.0528,0.6351,0.0795,0.5818,0.0287,0.0449,0.5813,0.0767,0.5979
2014-10-20T00:01:59.541Z,0.0369,0.054,0.602,0.0851,0.7083,0.0323,0.0506,0.6229,0.0806,0.5974,0.0314,0.0483,0.598,0.08,0.6083
2014-10-20T00:02:59.895Z,0.037,0.0535,0.5941,0.0859,0.7103,0.0408,0.0608,0.6749,0.0873,0.6605,0.0265,0.0438,0.5732,0.0773,0.5695
2014-10-20T00:03:59.317Z,0.0355,0.053,0.5882,0.0852,0.6952,0.033,0.0533,0.637,0.0827,0.6085,0.0245,0.0424,0.5588,0.0758,0.5521
2014-10-20T00:04:59.653Z,0.0347,0.0529,0.5885,0.0844,0.6947,0.0368,0.0547,0.6394,0.0832,0.6312,0.0291,0.0482,0.5821,0.0806,0.5859
2014-10-20T00:05:59.001Z,0.0382,0.0553,0.6029,0.0862,0.6776,0.035,0.055,0.6368,0.0841,0.6138,0.0288,0.0468,0.5853,0.0806,0.6035
2014-10-20T00:06:59.437Z,0.0395,0.0551,0.6143,0.0854,0.6965,0.0319,0.0532,0.6359,0.0824,0.5673,0.0332,0.0508,0.6035,0.083,0.6214
2014-10-20T00:07:59.779Z,0.035,0.0528,0.5903,0.0836,0.6983,0.0319,0.0517,0.6181,0.0822,0.5939,0.0281,0.0467,0.5947,0.0789,0.5878
2014-10-20T00:08:59.241Z,0.04,0.0562,0.6112,0.0885,0.7338,0.0365,0.0554,0.6412,0.0842,0.64,0.0265,0.0446,0.5788,0.0781,0.5838
2014-10-20T00:09:59.774Z,0.0345,0.0528,0.5938,0.0848,0.6883,0.0383,0.059,0.6569,0.0869,0.6345,0.0252,0.0421,0.571,0.0755,0.5648
2014-10-20T00:10:59.087Z,0.0362,0.0532,0.5894,0.0844,0.7124,0.0382,0.0576,0.6562,0.0859,0.6365,0.0285,0.0471,0.5835,0.0794,0.5885
2014-10-20T00:11:59.448Z,0.0328,0.0494,0.5734,0.0822,0.6856,0.0353,0.0544,0.6469,0.0825,0.6206,0.0269,0.0444,0.5838,0.0772,0.5684
2014-10-20T00:12:59.775Z,0.0409,0.0581,0.6203,0.0894,0.7131,0.0309,0.05,0.6225,0.0794,0.5778,0.0241,0.0428,0.5688,0.0781,0.5572
2014-10-20T00:13:59.165Z,0.0368,0.0514,0.5879,0.0846,0.7239,0.0354,0.0557,0.6464,0.085,0.6196,0.0246,0.0454,0.5811,0.0771,0.5443
2014-10-20T00:14:59.453Z,0.0369,0.0531,0.5922,0.0853,0.7275,0.0325,0.0528,0.6334,0.0825,0.58,0.0331,0.0506,0.6066,0.0834,0.6016
2014-10-20T00:15:59.763Z,0.037,0.0546,0.5962,0.0862,0.7038,0.0314,0.0514,0.6281,0.0811,0.5738,0.0284,0.0465,0.5838,0.0784,0.5776
2014-10-20T00:16:59.166Z,0.0388,0.0556,0.6091,0.0879,0.7226,0.0306,0.0512,0.6259,0.0806,0.5647,0.0306,0.05,0.5903,0.0815,0.5953
2014-10-20T00:17:59.449Z,0.0341,0.0524,0.5832,0.0844,0.6782,0.0374,0.0571,0.6482,0.085,0.6332,0.025,0.0441,0.5547,0.0785,0.5812
2014-10-20T00:18:59.944Z,0.0381,0.0564,0.6083,0.0886,0.6728,0.0342,0.0531,0.6369,0.0819,0.6039,0.0314,0.0503,0.6019,0.0847,0.6117
2014-10-20T00:19:59.383Z,0.035,0.053,0.5947,0.0843,0.6937,0.0403,0.0583,0.6717,0.0853,0.6363,0.0267,0.0447,0.5797,0.0777,0.579
2014-10-20T00:20:59.903Z,0.0345,0.0534,0.5917,0.0841,0.7034,0.0334,0.0534,0.6255,0.0841,0.621,0.03,0.0469,0.5938,0.0786,0.6076
2014-10-20T00:21:59.232Z,0.0361,0.0529,0.5921,0.0868,0.6804,0.0371,0.0554,0.6414,0.0864,0.6282,0.0257,0.0443,0.5889,0.0768,0.5757
2014-10-20T00:22:59.549Z,0.04,0.0573,0.6185,0.0877,0.7204,0.0346,0.0538,0.6419,0.0819,0.6335,0.03,0.0485,0.5977,0.0808,0.6088
2014-10-20T00:23:59.870Z,0.0397,0.0569,0.6159,0.0885,0.7038,0.0351,0.0554,0.65,0.0836,0.5985,0.03,0.0479,0.5908,0.08,0.5921
2014-10-20T00:24:59.261Z,0.0369,0.0543,0.6023,0.0854,0.7146,0.0334,0.0526,0.6314,0.0817,0.5966,0.0263,0.0454,0.5726,0.0786,0.5791
2014-10-20T00:25:59.775Z,0.0378,0.0534,0.5938,0.0853,0.7131,0.0391,0.0584,0.6616,0.0863,0.6197,0.0294,0.0478,0.5822,0.0816,0.6019
2014-10-20T00:26:59.144Z,0.0338,0.0512,0.5796,0.0838,0.6973,0.0315,0.0519,0.6242,0.0819,0.6004,0.0281,0.0442,0.5846,0.0765,0.6165
2014-10-20T00:27:59.470Z,0.042,0.0583,0.6247,0.0897,0.7117,0.0367,0.0577,0.664,0.083,0.5917,0.0283,0.0447,0.58,0.0787,0.5953
2014-10-20T00:28:59.826Z,0.037,0.053,0.5988,0.0873,0.7221,0.0333,0.0521,0.6339,0.0821,0.6282,0.0285,0.0448,0.5755,0.0785,0.5888
2014-10-20T00:29:59.219Z,0.0389,0.055,0.5979,0.0875,0.7236,0.0332,0.0525,0.6407,0.0811,0.5957,0.0254,0.0454,0.5768,0.0804,0.5507
2014-10-20T00:30:59.542Z,0.0352,0.0526,0.5932,0.0839,0.7055,0.0303,0.0506,0.6297,0.0794,0.5826,0.0268,0.0439,0.5671,0.0774,0.5923
2014-10-20T00:31:59.026Z,0.0362,0.0528,0.5866,0.0848,0.7117,0.0397,0.0583,0.6586,0.0869,0.6248,0.0279,0.0455,0.5769,0.079,0.5872
2014-10-20T00:32:59.527Z,0.036,0.0528,0.587,0.0851,0.7009,0.0407,0.0591,0.6647,0.0867,0.6591,0.0333,0.0505,0.6105,0.0812,0.6247
2014-10-20T00:33:59.889Z,0.0371,0.0532,0.5914,0.0864,0.7207,0.0311,0.0504,0.6236,0.0782,0.5682,0.0275,0.0454,0.575,0.0793,0.5661
2014-10-20T00:34:59.212Z,0.0351,0.0509,0.586,0.0834,0.6866,0.0371,0.056,0.6486,0.0857,0.646,0.0283,0.046,0.5754,0.0809,0.5854
2014-10-20T00:35:59.647Z,0.0415,0.0561,0.6158,0.0873,0.7282,0.0327,0.0527,0.63,0.0815,0.5776,0.0282,0.0442,0.583,0.0773,0.6024
2014-10-20T00:36:59.870Z,0.0393,0.0526,0.5985,0.087,0.7315,0.0367,0.0533,0.6415,0.083,0.6426,0.0311,0.0478,0.5911,0.0811,0.6178
2014-10-20T00:37:59.191Z,0.041,0.0552,0.6065,0.0881,0.7342,0.0348,0.0545,0.6381,0.0839,0.629,0.0287,0.0465,0.5913,0.0794,0.5903
2014-10-20T00:38:59.410Z,0.0394,0.0542,0.5968,0.0874,0.7368,0.0348,0.0545,0.6426,0.0826,0.6087,0.0303,0.0484,0.5855,0.0813,0.611
2014-10-20T00:39:59.744Z,0.0382,0.0538,0.5956,0.0865,0.7135,0.0362,0.0562,0.6468,0.0844,0.6106,0.0306,0.0485,0.5859,0.0812,0.5944
2014-10-20T00:40:59.084Z,0.0357,0.0523,0.5877,0.0863,0.7117,0.033,0.0527,0.637,0.083,0.602,0.027,0.0453,0.5823,0.078,0.5967
2014-10-20T00:41:59.505Z,0.0367,0.0515,0.5921,0.0861,0.7109,0.0403,0.0591,0.6542,0.0885,0.6673,0.03,0.0488,0.5912,0.0806,0.5764
2014-10-20T00:42:59.722Z,0.0393,0.054,0.598,0.087,0.7377,0.0353,0.053,0.6243,0.0837,0.6283,0.0267,0.0453,0.5943,0.0763,0.557
2014-10-20T00:43:59.288Z,0.0409,0.0566,0.6116,0.0881,0.7269,0.0328,0.0531,0.6372,0.0834,0.5788,0.0278,0.0469,0.5869,0.0806,0.5916
2014-10-20T00:44:59.661Z,0.0382,0.0538,0.6026,0.0864,0.7208,0.04,0.0587,0.6562,0.089,0.6615,0.0328,0.05,0.6028,0.0828,0.6138
2014-10-20T00:45:59.861Z,0.0406,0.0563,0.6103,0.0891,0.7157,0.038,0.0591,0.6574,0.0877,0.6289,0.0271,0.0466,0.5789,0.0809,0.5709
2014-10-20T00:46:59.249Z,0.0379,0.053,0.5988,0.0861,0.7273,0.0345,0.0545,0.6485,0.0809,0.5658,0.0279,0.0455,0.5782,0.0773,0.5855
2014-10-20T00:47:59.552Z,0.0343,0.0503,0.5774,0.0851,0.6963,0.0397,0.06,0.6711,0.0894,0.6509,0.028,0.0451,0.5891,0.0786,0.5769
2014-10-20T00:48:59.990Z,0.0391,0.0555,0.6061,0.0888,0.7242,0.0355,0.0545,0.6318,0.0852,0.6267,0.0245,0.0427,0.5633,0.077,0.5452
2014-10-20T00:49:59.413Z,0.0412,0.0555,0.6082,0.0888,0.7161,0.0388,0.0585,0.6558,0.0873,0.6527,0.0242,0.0418,0.5621,0.0764,0.5497
2014-10-20T00:50:59.751Z,0.0371,0.0526,0.5984,0.0865,0.7074,0.0326,0.0516,0.6216,0.0813,0.5858,0.0284,0.0468,0.5774,0.0797,0.5977
2014-10-20T00:51:59.057Z,0.0421,0.0579,0.6134,0.0897,0.7331,0.0328,0.0514,0.6307,0.0803,0.6286,0.029,0.0466,0.5872,0.08,0.5855
2014-10-20T00:52:59.473Z,0.0381,0.0532,0.5989,0.0857,0.7278,0.0351,0.0541,0.6368,0.0841,0.6073,0.0297,0.0478,0.5976,0.0805,0.607
2014-10-20T00:53:59.071Z,0.0377,0.0531,0.5931,0.0869,0.7081,0.0315,0.0512,0.6223,0.0815,0.5992,0.0273,0.0481,0.5892,0.0804,0.5477
2014-10-20T00:54:59.526Z,0.0367,0.051,0.5876,0.0852,0.6995,0.0388,0.0576,0.6621,0.0862,0.6433,0.0305,0.0479,0.5848,0.0817,0.6005
2014-10-20T00:55:59.859Z,0.0411,0.0574,0.6153,0.09,0.6932,0.0295,0.0492,0.6221,0.0779,0.5771,0.0266,0.0439,0.565,0.0789,0.5934
2014-10-20T00:56:59.330Z,0.0346,0.0494,0.5734,0.084,0.7117,0.032,0.0514,0.6306,0.08,0.606,0.03,0.0483,0.5831,0.082,0.5923
2014-10-20T00:57:59.686Z,0.0356,0.0528,0.5941,0.0866,0.7094,0.0338,0.0553,0.6403,0.0847,0.5866,0.0303,0.0491,0.5972,0.0822,0.6147
2014-10-20T00:58:59.078Z,0.0416,0.0556,0.6106,0.0884,0.7275,0.0363,0.0566,0.6541,0.0847,0.6159,0.0309,0.0494,0.6003,0.0809,0.6119
2014-10-20T00:59:59.461Z,0.039,0.0558,0.6137,0.0875,0.7133,0.0395,0.058,0.6663,0.0855,0.6437,0.0298,0.048,0.586,0.0818,0.5942
