2014-11-27T00:00:59.532Z,5.3717,62.8389,231.9621,0.2709,0.0865,-6.7577,56.3485,228.9212,0.2462,-0.1267,11.0833,58.619,234.1521,0.2508,0.1968
2014-11-27T00:01:59.738Z,5.4382,63.1875,231.6782,0.2732,0.0868,-5.8537,58.4004,232.4114,0.2511,-0.1038,11.5607,59.5068,234.2084,0.2541,0.1952
2014-11-27T00:02:59.950Z,4.3978,63.7112,230.6654,0.2763,0.0702,-6.0723,57.6909,231.8502,0.2492,-0.1065,11.0469,60.6316,233.4945,0.2601,0.1845
2014-11-27T00:03:59.224Z,5.1816,64.1781,230.3489,0.2786,0.0817,-6.4082,58.1758,231.3923,0.2512,-0.1141,11.1807,59.7162,233.1112,0.2567,0.1887
2014-11-27T00:04:59.558Z,4.7038,64.4876,230.2487,0.28,0.0742,-6.2922,58.1544,231.3432,0.2513,-0.1112,11.2381,60.7802,232.7354,0.261,0.1863
2014-11-27T00:05:59.763Z,4.9069,65.649,230.3498,0.2846,0.0765,-6.909,59.4076,230.9064,0.2574,-0.118,10.7025,60.7077,232.5662,0.2619,0.1809
2014-11-27T00:06:59.178Z,4.9181,65.0578,230.9992,0.2819,0.0762,-6.0969,59.4034,230.2811,0.2577,-0.1037,11.4753,62.9887,232.7393,0.2706,0.1833
2014-11-27T00:07:59.598Z,4.8955,65.44,230.7943,0.2835,0.0752,-6.4675,59.9423,231.1024,0.2593,-0.1088,11.1739,60.8952,232.2718,0.2622,0.1843
2014-11-27T00:08:59.843Z,4.6341,65.3189,230.7827,0.2835,0.0727,-6.1636,60.1603,231.0553,0.2602,-0.1041,10.6667,60.0547,232.1474,0.2586,0.1779
2014-11-27T00:09:59.383Z,4.8121,64.811,230.7673,0.281,0.0758,-6.2283,59.7863,231.1416,0.259,-0.1066,11.3236,62.3382,232.0752,0.2687,0.1833
2014-11-27T00:10:59.572Z,4.5729,64.733,230.4054,0.2811,0.0709,-6.1622,59.6347,231.3033,0.2577,-0.1063,11.3454,61.0982,231.5375,0.2633,0.1875
2014-11-27T00:11:59.847Z,4.7693,65.3168,230.8616,0.283,0.0735,-6.1663,59.9947,231.5352,0.259,-0.1049,11.0395,61.4576,232.2213,0.2648,0.1833
2014-11-27T00:12:59.250Z,4.9934,65.0437,230.9094,0.2821,0.0778,-6.3974,59.7094,231.9158,0.2576,-0.1076,10.9832,61.025,232.0673,0.2628,0.1807
2014-11-27T00:13:59.763Z,4.8067,64.4621,231.2059,0.2786,0.0754,-6.292,60.4123,232.1489,0.2599,-0.1032,10.9493,61.0058,231.8082,0.2636,0.1801
2014-11-27T00:15:59.286Z,4.612,65.1401,231.5328,0.2816,0.0723,-6.3196,59.8275,232.5939,0.2571,-0.107,11.039,60.3007,232.6148,0.2594,0.1862
2014-11-27T00:16:59.533Z,4.6552,66.1278,233.4385,0.2827,0.0699,-6.2565,59.5157,233.6539,0.2548,-0.1072,11.1674,61.7266,233.9064,0.2639,0.1832
2014-11-27T00:17:59.692Z,5.0456,65.798,233.2532,0.2826,0.0773,-6.0187,60.3119,233.4555,0.2587,-0.1004,11.0795,61.4841,233.1836,0.2633,0.1808
2014-11-27T00:18:59.098Z,4.7042,66.7677,232.6481,0.2872,0.0712,-6.72,59.3857,233.0059,0.2544,-0.1143,11.6542,60.8998,233.2822,0.2612,0.1906
2014-11-27T00:19:59.577Z,5.0527,63.5979,232.1883,0.2737,0.08,-6.2559,58.0726,232.6872,0.2497,-0.1102,10.754,59.469,233.2222,0.2547,0.1829
2014-11-27T00:20:59.936Z,4.8097,64.027,231.8649,0.2763,0.0771,-6.6175,58.3224,232.4801,0.2503,-0.1149,11.0798,59.1842,233.007,0.2542,0.1932
2014-11-27T00:21:59.187Z,4.6606,62.311,230.5403,0.2702,0.0744,-5.6337,58.8943,231.6327,0.2539,-0.0981,10.8852,60.0569,232.9098,0.2578,0.1838
2014-11-27T00:22:59.460Z,4.3181,62.484,230.417,0.2708,0.0713,-6.3521,57.5158,230.47,0.2492,-0.1146,11.3915,59.4719,233.3801,0.2549,0.1927
2014-11-27T00:23:59.726Z,4.7118,63.3827,230.5862,0.2743,0.0759,-6.1597,57.97,231.5059,0.2502,-0.1081,11.2413,60.3256,233.2075,0.2586,0.1887
2014-11-27T00:24:59.143Z,5.3809,65.137,231.4264,0.2814,0.0833,-5.9769,58.8266,231.0824,0.2543,-0.1029,11.2162,61.0378,232.4424,0.262,0.1854
2014-11-27T00:25:59.416Z,4.9939,66.0195,231.2874,0.2854,0.0757,-5.8177,59.7759,230.9953,0.2588,-0.0968,11.1613,61.0139,232.2243,0.2628,0.1867
2014-11-27T00:26:59.624Z,4.4437,65.2108,231.5278,0.2813,0.0695,-6.131,58.5352,230.8093,0.2543,-0.107,10.4678,59.8273,232.3945,0.2571,0.1797
2014-11-27T00:27:59.879Z,4.9924,64.8889,231.148,0.2807,0.078,-6.2659,59.0865,230.7635,0.2557,-0.1087,11.5668,61.8415,232.4255,0.2667,0.1886
2014-11-27T00:28:59.279Z,5.2521,65.2812,231.6741,0.2813,0.0808,-6.1229,60.8266,231.3223,0.263,-0.1014,11.2023,60.623,230.125,0.2636,0.1843
2014-11-27T00:29:59.513Z,5.1358,65.2066,231.4471,0.2816,0.0803,-6.1991,58.8183,230.7296,0.2549,-0.1091,10.8568,61.4507,232.5893,0.264,0.1784
2014-11-27T00:30:59.824Z,4.6849,65.1062,231.6381,0.2809,0.074,-6.137,57.9875,229.1209,0.2531,-0.1126,11.2535,60.9692,233.9538,0.2607,0.1905
2014-11-27T00:31:59.100Z,5.2584,65.772,232.2402,0.2832,0.0812,-6.6438,58.0857,225.718,0.258,-0.1158,11.2458,62.3368,234.7688,0.2652,0.1817
2014-11-27T00:32:59.407Z,5.2534,65.0518,232.6509,0.28,0.0827,-6.1663,59.4309,227.4757,0.2612,-0.1066,11.752,62.0896,234.1084,0.2649,0.1905
2014-11-27T00:33:59.549Z,4.8051,66.7929,232.5229,0.2874,0.072,-6.2758,58.7465,227.9748,0.257,-0.1076,11.3059,61.1654,234.1751,0.2619,0.1863
2014-11-27T00:34:59.931Z,4.7416,65.2146,231.3632,0.281,0.074,-6.4321,58.8148,229.8742,0.2564,-0.1109,11.4465,60.0147,233.6643,0.2571,0.1982
2014-11-27T00:35:59.386Z,4.8071,64.2397,231.4654,0.2773,0.0756,-6.2548,58.8997,230.0171,0.2562,-0.1084,11.2614,61.5497,233.573,0.2641,0.184
2014-11-27T00:36:59.661Z,5.1408,65.8022,231.3182,0.2843,0.0788,-6.1833,59.8649,230.3371,0.2596,-0.1058,11.0648,62.0257,233.5001,0.2657,0.1803
2014-11-27T00:37:59.901Z,4.9129,66.2376,231.248,0.286,0.0728,-6.4015,59.2573,230.36,0.2574,-0.109,11.2927,61.4276,233.6096,0.2628,0.186
2014-11-27T00:38:59.056Z,4.5754,64.8952,231.0776,0.2806,0.0717,-6.2797,58.6665,229.828,0.2549,-0.1076,11.3512,62.6197,233.6785,0.268,0.1838
2014-11-27T00:39:59.470Z,5.2455,65.2616,230.9093,0.283,0.08,-6.1736,59.3502,230.2987,0.2577,-0.1089,11.0415,61.4401,232.75,0.2639,0.1796
2014-11-27T00:40:59.886Z,4.9977,65.6908,231.2549,0.2844,0.077,-6.4023,60.7814,230.6773,0.2637,-0.1044,11.5555,62.2198,232.951,0.2673,0.1867
2014-11-27T00:41:59.136Z,4.5332,64.8757,231.1462,0.2807,0.0703,-6.3001,58.4092,230.5759,0.2533,-0.1098,11.038,62.0437,232.9221,0.2662,0.18
2014-11-27T00:42:59.803Z,5.0446,66.3357,231.4085,0.2866,0.0776,-6.097,59.9928,231.0593,0.2596,-0.104,11.4007,62.3178,232.8104,0.2675,0.1834
2014-11-27T00:43:59.092Z,4.8406,65.8617,231.6991,0.2846,0.0743,-6.3353,59.3749,231.5233,0.2562,-0.1082,11.0498,60.6287,232.8653,0.2601,0.1827
2014-11-27T00:44:59.337Z,5.1095,66.502,231.969,0.2869,0.0775,-6.0548,58.8792,231.4958,0.2547,-0.1034,10.8591,61.7966,233.1257,0.2657,0.1776
2014-11-27T00:45:59.616Z,4.4097,65.8985,231.8065,0.2837,0.0675,-6.0157,60.5387,231.5199,0.2618,-0.1008,11.686,62.0133,232.4372,0.2673,0.1898
2014-11-27T00:46:59.857Z,5.1823,64.8314,231.4326,0.2795,0.0816,-6.4577,59.1273,231.0985,0.2555,-0.1102,11.3385,61.2598,231.7698,0.2643,0.1857
2014-11-27T00:47:59.145Z,4.6762,65.6103,231.351,0.2836,0.0723,-6.2861,58.828,231.1779,0.2547,-0.1074,11.2404,60.8792,231.7037,0.263,0.1853
2014-11-27T00:48:59.381Z,4.9202,66.0125,231.1637,0.2851,0.0751,-6.3103,60.5822,231.0445,0.2624,-0.1036,11.1292,61.4669,231.7741,0.2653,0.1821
2014-11-27T00:49:59.583Z,4.467,65.743,231.0051,0.2841,0.0699,-6.5268,59.3632,230.9315,0.2569,-0.1119,11.0215,59.6073,231.8652,0.2574,0.1884
2014-11-27T00:50:59.891Z,4.747,65.7061,231.3682,0.2839,0.0736,-5.9697,59.1082,231.3252,0.255,-0.1014,11.2242,62.3664,232.3001,0.268,0.1813
2014-11-27T00:51:59.152Z,5.1742,65.1821,230.6303,0.2822,0.08,-6.4663,60.4178,231.1739,0.2618,-0.1066,10.9776,60.7823,231.9103,0.2623,0.1818
2014-11-27T00:52:59.372Z,4.5692,65.6182,231.2338,0.2842,0.0704,-5.9021,60.0611,231.0401,0.26,-0.0999,10.8265,59.8273,231.7007,0.258,0.1825
2014-11-27T00:53:59.853Z,4.6784,65.2636,231.5075,0.2816,0.0723,-6.0484,60.1088,230.8548,0.2607,-0.104,10.8936,60.4155,231.7536,0.2613,0.1807
2014-11-27T00:54:59.460Z,5.1666,65.8656,231.5996,0.2843,0.0789,-6.2508,60.0598,230.1176,0.2604,-0.1073,11.2349,60.4014,232.1231,0.2599,0.1874
2014-11-27T00:55:59.780Z,4.5858,65.2435,231.7578,0.2812,0.0715,-6.1096,58.3863,231.0084,0.2525,-0.1082,11.4031,60.2916,232.1854,0.2601,0.1945
2014-11-27T00:56:59.981Z,4.5277,65.7,231.3385,0.2842,0.069,-5.7849,59.7219,230.4564,0.2597,-0.0976,11.3597,61.5415,231.9825,0.2652,0.1854
2014-11-27T00:57:59.238Z,5.0728,65.463,231.5328,0.282,0.0778,-6.5287,59.5912,230.2519,0.2589,-0.1101,11.0834,61.8853,232.1717,0.2666,0.1808
2014-11-27T00:58:59.770Z,5.1941,65.1926,230.6893,0.2825,0.0791,-5.9446,60.0057,231.149,0.2601,-0.1001,11.1389,60.8405,231.9338,0.262,0.1833
2014-11-27T00:59:59.075Z,4.6305,64.8612,229.8573,0.2821,0.0729,-6.1768,58.6814,230.8753,0.254,-0.108,10.9676,58.8009,231.5411,0.2536,0.1923
