2014-09-13T09:25:59.391Z,5327.59,5307.2414,112.6043,17.8114,0.7357,5681.4371,5669.7343,121.0843,18.92,0.5929,5461.8586,5441.8071,111.7629,17.3814,0.5786
2014-09-13T09:27:59.260Z,422.7624,38.4633,3.9471,0.6476,0.6667,1846.7357,1840.5505,39.5762,6.181,0.6605,1933.1176,1923.3219,45.9081,7.1362,0.7695
2014-09-13T09:28:59.530Z,0.0447,0.0581,0.6256,0.0938,0.7316,0.0347,0.0563,0.6416,0.0866,0.6134,0.0278,0.0459,0.5975,0.0784,0.5762
2014-09-13T09:29:59.608Z,0.0408,0.0563,0.615,0.0905,0.7262,0.0388,0.0585,0.6537,0.0875,0.6372,0.0283,0.0468,0.587,0.0797,0.5537
2014-09-13T09:30:59.715Z,0.0408,0.0547,0.6108,0.0908,0.7137,0.0332,0.0542,0.6382,0.0832,0.5832,0.0318,0.0511,0.6047,0.0842,0.6158
2014-09-13T09:31:59.789Z,0.0402,0.0557,0.6081,0.091,0.7105,0.0395,0.0607,0.6607,0.09,0.6393,0.0302,0.05,0.5967,0.0807,0.596
2014-09-13T09:32:59.968Z,0.0422,0.055,0.6047,0.0903,0.7244,0.0394,0.0606,0.6672,0.0911,0.6436,0.0281,0.0469,0.5872,0.0797,0.5744
2014-09-13T09:33:59.055Z,0.04,0.0544,0.6081,0.0893,0.7133,0.0381,0.0589,0.6578,0.0893,0.6344,0.0259,0.0474,0.5896,0.0796,0.5578
2014-09-13T09:34:59.180Z,0.041,0.0546,0.6031,0.0918,0.6995,0.0364,0.0569,0.6569,0.0856,0.6172,0.0315,0.05,0.5954,0.0833,0.5941
2014-09-13T09:35:59.265Z,0.0394,0.0529,0.5974,0.0894,0.7006,0.0412,0.0603,0.6629,0.0891,0.6624,0.0324,0.0509,0.6044,0.0826,0.6035
2014-09-13T09:36:59.437Z,0.0397,0.0526,0.5974,0.0906,0.6945,0.0348,0.0555,0.6381,0.0855,0.609,0.0281,0.0468,0.579,0.0794,0.5758
2014-09-13T09:37:59.552Z,0.0477,0.0604,0.6331,0.095,0.745,0.0358,0.0562,0.6419,0.0888,0.6204,0.0308,0.0481,0.5927,0.0804,0.6085
2014-09-13T09:38:59.684Z,0.0421,0.0545,0.6142,0.0909,0.7297,0.0379,0.0591,0.6558,0.0897,0.6458,0.0312,0.0509,0.6118,0.0827,0.5812
2014-09-13T09:49:59.991Z,5971.1814,5912.9686,132.0243,20.8471,0.7414,117.4557,117.1457,10.7557,1.7443,0.6257,4383.4729,4363.5714,93.5657,14.5543,0.6686
2014-09-13T09:50:59.113Z,0.8039,0.82,0.9587,0.1448,0.6865,0.0348,0.0539,0.6332,0.0848,0.6106,0.0287,0.0481,0.5916,0.0806,0.5868
2014-09-13T09:51:59.216Z,0.0429,0.0564,0.6114,0.0925,0.7229,0.0407,0.0611,0.6736,0.0893,0.6607,0.03,0.0479,0.5943,0.0821,0.5829
2014-09-13T09:52:59.316Z,0.0417,0.0563,0.611,0.091,0.7213,0.033,0.0547,0.6417,0.0867,0.5893,0.0253,0.0443,0.5807,0.0767,0.5443
2014-09-13T09:53:59.444Z,0.0397,0.0522,0.5967,0.0883,0.7319,0.0378,0.0575,0.6436,0.0883,0.63,0.0278,0.0469,0.5889,0.08,0.5728
2014-09-13T09:54:59.551Z,0.0352,0.0512,0.5888,0.0867,0.6818,0.0361,0.0567,0.6515,0.0852,0.6164,0.0291,0.0473,0.5909,0.0797,0.5833
2014-09-13T09:55:59.689Z,0.0364,0.0503,0.5869,0.0861,0.6994,0.0308,0.0533,0.6403,0.0828,0.5444,0.0281,0.0475,0.5878,0.0803,0.5706
2014-09-13T09:56:59.795Z,0.0413,0.053,0.5987,0.09,0.7147,0.0357,0.056,0.6523,0.0853,0.5833,0.032,0.051,0.6157,0.0817,0.5937
2014-09-13T09:57:59.907Z,0.0414,0.0548,0.609,0.0897,0.7131,0.0324,0.0531,0.6462,0.0821,0.5528,0.0269,0.0476,0.579,0.0793,0.539
2014-09-13T09:58:59.060Z,0.0405,0.0556,0.6066,0.09,0.7073,0.0373,0.0576,0.6583,0.0871,0.6193,0.0302,0.048,0.6076,0.0795,0.5912
2014-09-13T09:59:59.203Z,0.0338,0.0491,0.5834,0.0838,0.6866,0.0328,0.0531,0.6397,0.0825,0.5659,0.0269,0.0484,0.5903,0.0809,0.5559
2014-09-13T10:00:59.330Z,0.0421,0.055,0.6074,0.0909,0.7318,0.0315,0.0547,0.6538,0.0824,0.5456,0.0279,0.0479,0.5932,0.0806,0.5656
2014-09-13T10:01:59.526Z,0.0406,0.0552,0.6019,0.0916,0.7016,0.0348,0.0555,0.6445,0.0861,0.6116,0.03,0.0481,0.5952,0.08,0.5971
2014-09-13T10:02:59.701Z,0.0417,0.0561,0.6158,0.0908,0.715,0.0325,0.0528,0.6414,0.0839,0.5956,0.0314,0.0503,0.6058,0.0814,0.5978
2014-09-13T10:03:59.796Z,0.0388,0.055,0.6063,0.0913,0.6972,0.0328,0.0538,0.6391,0.0841,0.5619,0.0263,0.0456,0.5903,0.0778,0.5528
2014-09-13T10:04:59.905Z,0.038,0.0511,0.5891,0.0863,0.6954,0.0357,0.0583,0.6543,0.088,0.5963,0.0289,0.0489,0.5951,0.0817,0.5674
2014-09-13T10:05:59.059Z,0.042,0.056,0.6156,0.0904,0.7272,0.0316,0.0548,0.6476,0.0836,0.5872,0.03,0.0484,0.598,0.0804,0.5976
