2014-10-01T00:00:59.981Z,0.0282,0.0447,0.5679,0.0787,0.6066,0.02,0.0424,0.6179,0.0674,0.4489,0.0226,0.0426,0.5516,0.0755,0.5332
2014-10-01T00:01:59.258Z,0.026,0.0429,0.5714,0.0749,0.5777,0.0183,0.038,0.5991,0.0646,0.428,0.0243,0.044,0.5634,0.0771,0.5537
2014-10-01T00:02:59.627Z,0.0239,0.0419,0.5686,0.0733,0.5425,0.0178,0.0386,0.6103,0.0625,0.4139,0.0228,0.0431,0.5586,0.0764,0.5461
2014-10-01T00:03:59.909Z,0.02,0.0388,0.5573,0.0712,0.51,0.0142,0.035,0.5938,0.0604,0.3696,0.0223,0.0423,0.5362,0.0758,0.5231
2014-10-01T00:04:59.502Z,0.0244,0.0419,0.5594,0.0731,0.5567,0.0172,0.0397,0.6094,0.0639,0.3864,0.0233,0.0431,0.5603,0.0753,0.5564
2014-10-01T00:05:59.868Z,0.0247,0.0417,0.56,0.0737,0.5577,0.0163,0.0383,0.6053,0.0643,0.4067,0.023,0.0423,0.55,0.0743,0.546
2014-10-01T00:06:59.118Z,0.0235,0.0416,0.5574,0.0735,0.5394,0.0181,0.039,0.6094,0.0629,0.4058,0.0223,0.0429,0.5494,0.0758,0.5148
2014-10-01T00:07:59.587Z,0.0239,0.0397,0.5478,0.0719,0.5703,0.0142,0.0372,0.6028,0.0603,0.3303,0.0239,0.0422,0.5514,0.0761,0.5547
2014-10-01T00:08:59.015Z,0.0249,0.0403,0.5574,0.0734,0.57,0.016,0.0389,0.5994,0.0646,0.346,0.022,0.042,0.5443,0.0766,0.5437
2014-10-01T00:09:59.345Z,0.0279,0.0441,0.57,0.0776,0.5988,0.0182,0.0394,0.6065,0.0662,0.4274,0.0241,0.0444,0.5518,0.0782,0.5471
2014-10-01T00:10:59.658Z,0.0213,0.0391,0.5456,0.0706,0.5456,0.0188,0.0403,0.6144,0.0663,0.3916,0.0241,0.0438,0.5578,0.0766,0.5413
2014-10-01T00:11:59.808Z,0.02,0.0388,0.5485,0.0709,0.4968,0.0206,0.0432,0.6197,0.0697,0.4015,0.0218,0.0415,0.5494,0.0744,0.5426
2014-10-01T00:12:59.905Z,0.0291,0.0453,0.5775,0.0759,0.5816,0.0144,0.0356,0.5916,0.0588,0.3409,0.0216,0.0416,0.5413,0.0744,0.4984
2014-10-01T00:13:59.193Z,0.0259,0.0422,0.5632,0.0744,0.5729,0.0227,0.0429,0.6207,0.0676,0.448,0.0222,0.0415,0.5405,0.0749,0.5288
2014-10-01T00:14:59.549Z,0.0276,0.043,0.5694,0.0758,0.5845,0.02,0.0418,0.6212,0.0682,0.4152,0.0227,0.0421,0.5473,0.0752,0.5321
2014-10-01T00:15:59.846Z,0.0285,0.0448,0.5809,0.0776,0.6042,0.0203,0.0406,0.613,0.0676,0.427,0.0227,0.043,0.5452,0.0776,0.533
2014-10-01T00:16:59.099Z,0.0291,0.0448,0.5742,0.0773,0.6185,0.0167,0.0379,0.6091,0.063,0.4052,0.0227,0.0439,0.5658,0.0748,0.5306
2014-10-01T00:17:59.450Z,0.0258,0.043,0.5697,0.0758,0.5712,0.0167,0.0385,0.6058,0.0627,0.4,0.023,0.0433,0.5552,0.0761,0.5461
2014-10-01T00:18:59.729Z,0.0229,0.0409,0.5637,0.0729,0.518,0.0157,0.0389,0.6046,0.0634,0.3734,0.0229,0.0446,0.5697,0.0766,0.5406
2014-10-01T00:19:59.084Z,0.0271,0.0434,0.5732,0.0758,0.5729,0.0195,0.0389,0.6063,0.065,0.4526,0.0232,0.0437,0.5574,0.0774,0.5347
2014-10-01T00:20:59.345Z,0.0196,0.0375,0.5525,0.0682,0.5132,0.0111,0.0343,0.5864,0.0579,0.2836,0.0211,0.0411,0.5432,0.0732,0.5129
2014-10-01T00:21:59.609Z,0.0258,0.0426,0.5658,0.0755,0.571,0.0168,0.0368,0.5926,0.0642,0.3877,0.0216,0.041,0.5481,0.0742,0.5423
2014-10-01T00:22:59.851Z,0.0281,0.0456,0.5809,0.0769,0.5881,0.0163,0.0378,0.595,0.0638,0.3969,0.0228,0.0428,0.5462,0.0763,0.5378
2014-10-01T00:23:59.153Z,0.0265,0.0435,0.5676,0.0762,0.5841,0.0181,0.04,0.6138,0.0646,0.4103,0.0273,0.0459,0.577,0.0776,0.5595
2014-10-01T00:24:59.478Z,0.0255,0.0432,0.569,0.0748,0.5742,0.0177,0.0403,0.6161,0.0645,0.3881,0.0203,0.0403,0.5394,0.0748,0.51
2014-10-01T00:25:59.864Z,0.0233,0.0406,0.5606,0.073,0.5539,0.0191,0.0403,0.6006,0.0664,0.4015,0.0212,0.0415,0.5442,0.0752,0.5155
2014-10-01T00:26:59.098Z,0.0241,0.0421,0.5688,0.0732,0.5482,0.0156,0.0374,0.5924,0.0609,0.3526,0.0238,0.0444,0.56,0.0776,0.5435
2014-10-01T00:27:59.386Z,0.0275,0.045,0.5775,0.0772,0.5758,0.0172,0.0372,0.595,0.0622,0.3989,0.0228,0.0425,0.5497,0.0753,0.5281
2014-10-01T00:28:59.651Z,0.0283,0.0444,0.5728,0.0772,0.6097,0.0181,0.0411,0.6147,0.0647,0.4069,0.0253,0.0442,0.5619,0.0781,0.5686
2014-10-01T00:29:59.921Z,0.0274,0.0434,0.5723,0.0754,0.5671,0.0169,0.0386,0.6046,0.0614,0.3951,0.0226,0.0417,0.5531,0.0751,0.5351
2014-10-01T00:30:59.016Z,0.0252,0.0421,0.5645,0.0728,0.5486,0.0166,0.0372,0.6017,0.0624,0.3548,0.0224,0.0417,0.551,0.0738,0.5279
2014-10-01T00:31:59.263Z,0.0266,0.0428,0.5686,0.0752,0.5707,0.0148,0.0355,0.6,0.059,0.3845,0.0224,0.0421,0.5445,0.0752,0.5341
2014-10-01T00:32:59.660Z,0.0278,0.045,0.575,0.0772,0.5936,0.015,0.0367,0.6003,0.0622,0.3519,0.0228,0.0419,0.5539,0.0767,0.5317
2014-10-01T00:33:59.021Z,0.0256,0.0436,0.574,0.0744,0.5376,0.0116,0.0328,0.5828,0.0592,0.3472,0.0216,0.0428,0.5492,0.076,0.5092
2014-10-01T00:34:59.195Z,0.0282,0.0453,0.5739,0.0763,0.5987,0.0197,0.0426,0.6208,0.0689,0.4189,0.0242,0.0442,0.5597,0.0776,0.5363
2014-10-01T00:35:59.640Z,0.0258,0.0429,0.5684,0.0763,0.5811,0.0182,0.0389,0.6095,0.0645,0.4208,0.0239,0.0447,0.5621,0.0779,0.5405
2014-10-01T00:36:59.981Z,0.025,0.0414,0.5606,0.0742,0.5781,0.0217,0.0433,0.6186,0.0681,0.4281,0.0222,0.0417,0.5419,0.075,0.5403
2014-10-01T00:37:59.225Z,0.029,0.0462,0.5767,0.0792,0.6031,0.0223,0.0418,0.6141,0.0687,0.4897,0.0223,0.0431,0.5559,0.0779,0.5274
2014-10-01T00:38:59.752Z,0.0239,0.0411,0.5611,0.0728,0.5489,0.0164,0.0386,0.595,0.0647,0.3669,0.0219,0.0411,0.5475,0.0753,0.5108
2014-10-01T00:39:59.108Z,0.0288,0.047,0.5776,0.0797,0.5909,0.0142,0.0367,0.5982,0.0618,0.3658,0.0224,0.0424,0.5506,0.0764,0.5206
2014-10-01T00:40:59.427Z,0.0283,0.0445,0.5673,0.0775,0.6,0.0205,0.042,0.6058,0.0675,0.4458,0.024,0.0445,0.5585,0.079,0.5423
2014-10-01T00:41:59.685Z,0.0263,0.0432,0.5637,0.0766,0.5808,0.0192,0.0392,0.6105,0.0647,0.425,0.0232,0.0421,0.5553,0.0755,0.5279
2014-10-01T00:42:59.124Z,0.0256,0.0422,0.5659,0.0752,0.5578,0.0144,0.0352,0.5933,0.0593,0.38,0.0211,0.0411,0.5356,0.0759,0.5185
2014-10-01T00:43:59.536Z,0.0237,0.041,0.5637,0.0733,0.5583,0.0183,0.0403,0.6063,0.062,0.4123,0.021,0.0407,0.534,0.0747,0.5237
2014-10-01T00:44:59.709Z,0.0263,0.0426,0.5584,0.0761,0.6071,0.02,0.0426,0.6221,0.0682,0.4168,0.0211,0.0429,0.5603,0.0766,0.5174
2014-10-01T00:45:59.167Z,0.0218,0.0389,0.5557,0.0711,0.5454,0.015,0.0375,0.5961,0.0625,0.3618,0.0218,0.0421,0.5439,0.0768,0.5068
2014-10-01T00:46:59.635Z,0.024,0.0406,0.5586,0.0729,0.556,0.0186,0.0409,0.6114,0.066,0.4169,0.0246,0.0431,0.5606,0.0777,0.5423
2014-10-01T00:47:59.931Z,0.0247,0.0421,0.5618,0.0737,0.5687,0.0179,0.0411,0.6105,0.0663,0.3997,0.0226,0.0434,0.5566,0.0763,0.535
2014-10-01T00:48:59.231Z,0.0281,0.0436,0.5619,0.0772,0.6161,0.0186,0.0408,0.6169,0.0656,0.4139,0.0225,0.0428,0.5536,0.0775,0.5197
2014-10-01T00:49:59.605Z,0.0257,0.044,0.5683,0.0763,0.5543,0.0174,0.0389,0.6066,0.0649,0.4094,0.024,0.0429,0.5511,0.0777,0.5606
2014-10-01T00:50:59.915Z,0.0258,0.0432,0.57,0.0735,0.5655,0.0168,0.0387,0.6003,0.0655,0.4155,0.0252,0.0452,0.5758,0.0784,0.5352
2014-10-01T00:51:59.281Z,0.025,0.0421,0.5615,0.0744,0.5688,0.0209,0.0426,0.6091,0.0694,0.4403,0.0247,0.0441,0.5618,0.0768,0.5624
2014-10-01T00:52:59.660Z,0.0179,0.0366,0.5472,0.0669,0.489,0.0148,0.0352,0.5848,0.06,0.3714,0.0241,0.0438,0.5579,0.0766,0.5559
2014-10-01T00:54:59.336Z,0.0229,0.0414,0.5568,0.0732,0.5424,0.0213,0.0429,0.619,0.0679,0.447,0.0232,0.0422,0.5479,0.076,0.5268
2014-10-01T00:55:59.634Z,0.0236,0.0397,0.5469,0.0723,0.5767,0.0203,0.0415,0.6056,0.0682,0.4382,0.0226,0.0421,0.5582,0.0759,0.5382
2014-10-01T00:56:59.078Z,0.0146,0.0336,0.5318,0.0646,0.4704,0.0143,0.035,0.6021,0.0575,0.3382,0.0225,0.0404,0.5461,0.0732,0.53
2014-10-01T00:57:59.430Z,0.021,0.0393,0.5557,0.0703,0.517,0.0143,0.0367,0.5843,0.061,0.3397,0.0233,0.0427,0.5503,0.0767,0.5447
2014-10-01T00:58:59.677Z,0.0227,0.0389,0.5446,0.0724,0.5605,0.0173,0.0389,0.5968,0.0632,0.3943,0.0216,0.0422,0.5492,0.0741,0.5303
2014-10-01T00:59:59.805Z,0.0274,0.0433,0.566,0.0758,0.5795,0.0237,0.0433,0.6153,0.0691,0.4877,0.0251,0.0437,0.5679,0.0765,0.5579
