2014-10-23T00:00:59.970Z,0.0317,0.048,0.5806,0.0831,0.6303,0.0343,0.0557,0.6531,0.0843,0.5726,0.0263,0.046,0.5854,0.0783,0.55
2014-10-23T00:01:59.418Z,0.0389,0.0561,0.6143,0.0896,0.6979,0.035,0.0557,0.6546,0.0861,0.5868,0.0275,0.0475,0.5875,0.0807,0.5579
2014-10-23T00:02:59.082Z,0.0385,0.0565,0.6179,0.0888,0.6921,0.0368,0.0562,0.6618,0.0835,0.635,0.0306,0.0524,0.61,0.0818,0.5785
2014-10-23T00:03:59.483Z,0.0348,0.0522,0.5952,0.087,0.6733,0.0326,0.053,0.6374,0.0822,0.6022,0.0285,0.047,0.5985,0.0785,0.5737
2014-10-23T00:04:59.759Z,0.0368,0.054,0.6075,0.0883,0.692,0.031,0.0523,0.6492,0.0803,0.5485,0.032,0.0518,0.623,0.0828,0.5825
2014-10-23T00:05:59.582Z,0.0342,0.0531,0.5958,0.0886,0.6742,0.0378,0.0581,0.6717,0.0847,0.6297,0.0317,0.0506,0.5997,0.0811,0.5844
2014-10-23T00:06:59.951Z,0.0388,0.0545,0.6106,0.0897,0.7,0.0373,0.057,0.6539,0.0855,0.6148,0.03,0.0494,0.6112,0.0815,0.5879
2014-10-23T00:07:59.495Z,0.0374,0.0529,0.6077,0.0871,0.6894,0.0361,0.0568,0.6603,0.0842,0.5868,0.0313,0.0503,0.6026,0.0816,0.6013
2014-10-23T00:08:59.739Z,0.038,0.0553,0.613,0.0903,0.678,0.032,0.0517,0.6477,0.0807,0.5657,0.026,0.0473,0.599,0.0777,0.547
2014-10-23T00:09:59.057Z,0.0379,0.0552,0.6159,0.091,0.6834,0.0341,0.0552,0.6493,0.0841,0.6014,0.0297,0.05,0.6076,0.0814,0.5797
2014-10-23T00:10:59.354Z,0.0385,0.0573,0.6181,0.0904,0.6938,0.035,0.0565,0.645,0.0862,0.5881,0.025,0.0442,0.5773,0.0777,0.545
2014-10-23T00:11:59.578Z,0.0406,0.0579,0.6227,0.0909,0.7167,0.0361,0.0564,0.663,0.0842,0.5961,0.0279,0.0482,0.6027,0.0788,0.5773
2014-10-23T00:12:59.955Z,0.0365,0.0548,0.6139,0.09,0.6545,0.0365,0.0577,0.6758,0.0835,0.61,0.0294,0.049,0.5974,0.0797,0.57
2014-10-23T00:13:59.284Z,0.0352,0.0528,0.5972,0.0876,0.6807,0.0379,0.0576,0.6693,0.0848,0.6252,0.0307,0.05,0.6055,0.081,0.5672
2014-10-23T00:14:59.854Z,0.0377,0.0555,0.6252,0.0889,0.6609,0.038,0.058,0.672,0.0852,0.6141,0.0339,0.0539,0.6295,0.0848,0.5955
2014-10-23T00:15:59.136Z,0.0383,0.0555,0.6245,0.091,0.6869,0.0355,0.0559,0.651,0.0866,0.6197,0.031,0.0503,0.6086,0.081,0.6062
2014-10-23T00:16:59.556Z,0.033,0.0504,0.5909,0.0861,0.6626,0.0357,0.0565,0.66,0.0843,0.6013,0.0252,0.0443,0.5839,0.0743,0.5413
2014-10-23T00:17:59.141Z,0.04,0.0581,0.6214,0.0928,0.6936,0.0386,0.0592,0.6806,0.0856,0.6328,0.0322,0.0533,0.6208,0.0839,0.5992
2014-10-23T00:18:59.612Z,0.0356,0.0536,0.6086,0.0875,0.6728,0.0333,0.0539,0.6483,0.0822,0.6019,0.0297,0.0508,0.6114,0.0825,0.5711
2014-10-23T00:19:59.967Z,0.0413,0.058,0.6283,0.092,0.6957,0.0347,0.0573,0.6637,0.083,0.5777,0.0283,0.0487,0.6023,0.0803,0.567
2014-10-23T00:20:59.462Z,0.0346,0.0523,0.6037,0.0871,0.664,0.0343,0.0566,0.6631,0.084,0.5951,0.0286,0.0494,0.6023,0.08,0.546
2014-10-23T00:21:59.173Z,0.0353,0.0537,0.6103,0.0877,0.6653,0.0387,0.0593,0.674,0.087,0.601,0.0343,0.0533,0.623,0.083,0.6213
2014-10-23T00:22:59.575Z,0.0398,0.0568,0.6267,0.0912,0.7048,0.0285,0.0495,0.6365,0.0773,0.552,0.027,0.047,0.5933,0.0778,0.5558
2014-10-23T00:23:59.169Z,0.0344,0.0518,0.5995,0.0859,0.6646,0.0374,0.0579,0.6708,0.0851,0.6195,0.03,0.0503,0.6082,0.0818,0.5782
2014-10-23T00:24:59.018Z,0.0376,0.0555,0.6145,0.0888,0.6636,0.0345,0.0527,0.65,0.0812,0.6164,0.0312,0.0521,0.6142,0.0824,0.58
2014-10-23T00:25:59.539Z,0.0377,0.0537,0.612,0.0871,0.7003,0.0363,0.0563,0.6577,0.0854,0.6194,0.0329,0.0531,0.6209,0.0829,0.5926
2014-10-23T00:26:59.879Z,0.0386,0.0558,0.6189,0.0889,0.6933,0.0344,0.0567,0.6678,0.0831,0.5744,0.0322,0.0525,0.6142,0.0828,0.5869
2014-10-23T00:27:59.328Z,0.0386,0.0559,0.6155,0.09,0.7035,0.0412,0.0612,0.6818,0.09,0.6553,0.0353,0.0553,0.6392,0.0863,0.6116
2014-10-23T00:28:59.671Z,0.0376,0.0554,0.61,0.0895,0.6797,0.0386,0.0584,0.6732,0.0857,0.6349,0.0311,0.0516,0.6076,0.0827,0.5654
2014-10-23T00:29:59.029Z,0.0379,0.0561,0.6227,0.0894,0.6776,0.0321,0.0518,0.6518,0.0788,0.5621,0.0288,0.0482,0.5997,0.0806,0.5779
2014-10-23T00:30:59.622Z,0.0343,0.0537,0.6043,0.088,0.6547,0.033,0.0537,0.6423,0.08,0.5687,0.0303,0.0513,0.6127,0.082,0.5547
2014-10-23T00:31:59.074Z,0.0391,0.0566,0.6153,0.0903,0.6816,0.0313,0.0531,0.6334,0.0825,0.5663,0.0319,0.0519,0.6147,0.0825,0.5838
2014-10-23T00:32:59.556Z,0.0349,0.052,0.5994,0.0857,0.6709,0.0397,0.0594,0.6757,0.086,0.5891,0.0311,0.0494,0.6063,0.0809,0.6091
2014-10-23T00:33:59.881Z,0.039,0.0565,0.6171,0.091,0.6903,0.0377,0.0584,0.6581,0.0877,0.6168,0.0313,0.0497,0.6113,0.0806,0.5923
2014-10-23T00:34:59.411Z,0.0335,0.0514,0.5965,0.0851,0.65,0.0373,0.0578,0.6641,0.0846,0.6181,0.0286,0.0495,0.5981,0.0808,0.5549
2014-10-23T00:35:59.820Z,0.0338,0.0528,0.599,0.0874,0.6628,0.0349,0.0569,0.6674,0.0844,0.5982,0.0318,0.0508,0.6251,0.0808,0.6044
2014-10-23T00:36:59.225Z,0.037,0.054,0.6083,0.0887,0.6837,0.034,0.056,0.6563,0.0843,0.5753,0.028,0.0473,0.588,0.0803,0.5677
2014-10-23T00:37:59.898Z,0.0341,0.0517,0.5948,0.0834,0.6679,0.0338,0.0534,0.6576,0.081,0.5683,0.0297,0.0493,0.6062,0.0797,0.579
2014-10-23T00:38:59.471Z,0.0335,0.0526,0.5948,0.0865,0.6713,0.0319,0.0535,0.6397,0.0823,0.5619,0.031,0.0529,0.6168,0.0826,0.57
2014-10-23T00:39:59.872Z,0.0357,0.0534,0.61,0.0871,0.6654,0.0351,0.0551,0.6609,0.0826,0.6083,0.0317,0.0511,0.6103,0.0817,0.5949
2014-10-23T00:40:59.169Z,0.0366,0.0547,0.6155,0.0881,0.6649,0.0351,0.0564,0.6579,0.0851,0.587,0.0321,0.0517,0.6209,0.0828,0.5836
2014-10-23T00:41:59.542Z,0.0376,0.0548,0.6166,0.089,0.7003,0.0334,0.0545,0.6448,0.0824,0.6052,0.029,0.0469,0.5976,0.0793,0.5855
2014-10-23T00:42:59.861Z,0.0381,0.057,0.6207,0.0922,0.6748,0.0307,0.0504,0.6381,0.0793,0.5585,0.0319,0.0496,0.607,0.0811,0.6019
2014-10-23T00:43:59.361Z,0.0342,0.0539,0.6071,0.0887,0.655,0.0332,0.0539,0.65,0.0818,0.5861,0.0287,0.0487,0.6005,0.0803,0.5647
2014-10-23T00:44:59.759Z,0.0347,0.0525,0.5944,0.0872,0.6808,0.0342,0.0553,0.6597,0.0814,0.5694,0.0278,0.0481,0.5864,0.0806,0.5472
2014-10-23T00:45:59.043Z,0.0362,0.0535,0.6042,0.0888,0.6723,0.0396,0.0612,0.6796,0.0873,0.6162,0.0308,0.0508,0.6088,0.0812,0.5646
2014-10-23T00:46:59.612Z,0.0392,0.0573,0.6203,0.0903,0.7078,0.0368,0.057,0.6673,0.0832,0.6035,0.0341,0.0538,0.6286,0.0854,0.6111
2014-10-23T00:47:59.010Z,0.0337,0.0517,0.5985,0.0854,0.6363,0.0407,0.0602,0.6761,0.089,0.6305,0.0302,0.0505,0.6085,0.0815,0.5876
2014-10-23T00:48:59.458Z,0.0369,0.0547,0.6111,0.0883,0.6736,0.0367,0.0561,0.6561,0.0839,0.6281,0.0319,0.0506,0.6064,0.0833,0.6019
2014-10-23T00:49:59.014Z,0.0378,0.0563,0.6166,0.0913,0.6844,0.0344,0.0566,0.665,0.0838,0.5694,0.0284,0.0488,0.6081,0.0794,0.5703
2014-10-23T00:50:59.541Z,0.0314,0.0493,0.5828,0.0841,0.6462,0.0324,0.0534,0.6428,0.0824,0.5721,0.0286,0.0486,0.6093,0.0783,0.5624
2014-10-23T00:51:59.974Z,0.0347,0.0544,0.6094,0.0885,0.6562,0.0365,0.0594,0.6703,0.0859,0.5788,0.0279,0.0479,0.5956,0.0797,0.5515
2014-10-23T00:52:59.432Z,0.0387,0.0568,0.6258,0.0906,0.6935,0.0313,0.0523,0.6471,0.0797,0.5571,0.0306,0.0503,0.6142,0.08,0.5813
2014-10-23T00:53:59.772Z,0.0333,0.0497,0.5864,0.0867,0.6764,0.0433,0.0621,0.6803,0.0918,0.6509,0.0258,0.0455,0.5755,0.0779,0.5485
2014-10-23T00:54:59.099Z,0.0348,0.0526,0.606,0.0852,0.6588,0.0343,0.0557,0.6529,0.0843,0.5914,0.0319,0.0512,0.611,0.0843,0.6076
2014-10-23T00:55:59.526Z,0.0325,0.0519,0.5897,0.0844,0.6308,0.0356,0.0556,0.6606,0.0822,0.6069,0.0303,0.0514,0.6108,0.0836,0.5631
2014-10-23T00:56:59.770Z,0.0337,0.053,0.601,0.084,0.6657,0.036,0.0547,0.635,0.0843,0.6223,0.027,0.0473,0.5873,0.0777,0.5547
2014-10-23T00:57:59.148Z,0.036,0.0546,0.61,0.0874,0.668,0.032,0.0534,0.6449,0.0809,0.5529,0.0283,0.0471,0.5951,0.0794,0.5697
2014-10-23T00:58:59.517Z,0.0387,0.0574,0.6145,0.0874,0.6916,0.039,0.0597,0.6758,0.0848,0.6403,0.0287,0.0477,0.5874,0.081,0.5919
2014-10-23T01:00:59.397Z,0.0368,0.0553,0.6088,0.0874,0.6796,0.0325,0.0523,0.6409,0.0805,0.5796,0.0263,0.0472,0.5884,0.0789,0.5423
2014-10-23T01:01:59.833Z,0.0372,0.0567,0.6178,0.0875,0.6706,0.0319,0.0528,0.6464,0.0797,0.57,0.0306,0.0503,0.6128,0.0806,0.5936
2014-10-23T01:02:59.595Z,0.0379,0.055,0.6126,0.0882,0.6837,0.0347,0.0576,0.6647,0.0842,0.5787,0.0311,0.0524,0.6116,0.0839,0.5884
2014-10-23T01:03:59.388Z,0.0342,0.0523,0.5952,0.0845,0.6768,0.0365,0.0568,0.6648,0.0845,0.6113,0.0265,0.0484,0.5932,0.0787,0.5365
2014-10-23T01:04:59.765Z,0.0384,0.0543,0.6059,0.0878,0.7008,0.0386,0.057,0.667,0.0851,0.6341,0.0273,0.0481,0.5951,0.0805,0.5492
2014-10-23T01:05:59.066Z,0.0383,0.0563,0.6091,0.0874,0.6749,0.0377,0.0574,0.656,0.0849,0.6229,0.0294,0.05,0.6109,0.0814,0.5671
2014-10-23T01:06:59.395Z,0.0307,0.0504,0.5822,0.0822,0.6511,0.03,0.0511,0.64,0.08,0.5615,0.0256,0.0448,0.5774,0.077,0.5574
2014-10-23T01:07:59.874Z,0.0384,0.0553,0.6105,0.0879,0.7047,0.0316,0.0532,0.6461,0.0813,0.5682,0.0274,0.0468,0.5971,0.0779,0.5579
2014-10-23T01:08:59.381Z,0.0393,0.0568,0.6156,0.0883,0.6978,0.0361,0.0563,0.6537,0.0851,0.6154,0.0317,0.051,0.6112,0.0822,0.5939
2014-10-23T01:09:59.814Z,0.0362,0.0544,0.5991,0.0882,0.6721,0.0335,0.0535,0.6462,0.0832,0.5762,0.0276,0.0476,0.5991,0.0785,0.5644
2014-10-23T01:10:59.166Z,0.0346,0.0521,0.5936,0.0843,0.6832,0.0336,0.0532,0.6514,0.0789,0.5804,0.0257,0.0464,0.5843,0.0786,0.5529
2014-10-23T01:11:59.469Z,0.0371,0.0548,0.5994,0.0871,0.6926,0.0332,0.0548,0.6539,0.0826,0.5806,0.029,0.0497,0.5952,0.08,0.551
2014-10-23T01:12:59.880Z,0.0326,0.0509,0.5868,0.0844,0.6626,0.0341,0.0532,0.6547,0.0806,0.5835,0.0282,0.0488,0.5985,0.0791,0.5374
2014-10-23T01:13:59.273Z,0.0359,0.0538,0.6038,0.0876,0.675,0.0338,0.0544,0.6541,0.0809,0.5965,0.0294,0.0491,0.6038,0.0809,0.5868
2014-10-23T01:14:59.707Z,0.0358,0.0539,0.6089,0.0861,0.6547,0.0336,0.0536,0.6486,0.0822,0.5981,0.03,0.0492,0.6019,0.0819,0.5897
2014-10-23T01:15:59.350Z,0.04,0.0588,0.6253,0.0897,0.6953,0.0328,0.0522,0.6394,0.0794,0.5891,0.0272,0.0463,0.5841,0.0788,0.5544
2014-10-23T01:16:59.832Z,0.0315,0.0507,0.587,0.0859,0.65,0.0333,0.0533,0.6407,0.083,0.557,0.0293,0.053,0.6126,0.0826,0.5141
2014-10-23T01:17:59.542Z,0.0349,0.0532,0.5995,0.0841,0.648,0.0341,0.0563,0.6583,0.0844,0.5766,0.0298,0.05,0.6051,0.081,0.5802
2014-10-23T01:18:59.044Z,0.04,0.0585,0.6235,0.0912,0.7012,0.0335,0.0535,0.6485,0.0819,0.5931,0.0246,0.0435,0.5746,0.0777,0.5369
2014-10-23T01:19:59.342Z,0.0385,0.0554,0.6185,0.0872,0.6936,0.0397,0.0603,0.6797,0.0872,0.6277,0.0305,0.051,0.6054,0.0833,0.5846
2014-10-23T01:20:59.835Z,0.0389,0.055,0.6128,0.0881,0.7175,0.0289,0.05,0.6347,0.0756,0.5569,0.0314,0.0508,0.6031,0.0831,0.5775
2014-10-23T01:21:59.357Z,0.0368,0.0548,0.6052,0.0884,0.69,0.0326,0.0542,0.6435,0.0835,0.5752,0.0339,0.0523,0.6142,0.0842,0.6081
2014-10-23T01:22:59.610Z,0.0371,0.0561,0.6139,0.0896,0.6796,0.0407,0.0611,0.6836,0.0871,0.6264,0.03,0.05,0.6046,0.0811,0.5729
2014-10-23T01:23:59.925Z,0.0307,0.0507,0.5856,0.0841,0.6456,0.0337,0.0552,0.6478,0.083,0.593,0.0256,0.0463,0.5974,0.077,0.5404
2014-10-23T01:24:59.254Z,0.0364,0.0542,0.6018,0.0867,0.6748,0.0358,0.0561,0.6567,0.083,0.6033,0.0309,0.0509,0.6097,0.0836,0.5718
2014-10-23T01:25:59.837Z,0.0366,0.0545,0.6072,0.0855,0.6762,0.0345,0.0541,0.6621,0.081,0.5645,0.0293,0.05,0.6138,0.0797,0.5879
2014-10-23T01:26:59.308Z,0.0336,0.0533,0.6045,0.0858,0.6379,0.0367,0.0573,0.6627,0.0836,0.6179,0.0282,0.0491,0.6055,0.0794,0.5573
2014-10-23T01:27:59.660Z,0.0373,0.0559,0.6114,0.0875,0.6745,0.0359,0.0582,0.6664,0.0845,0.5768,0.0293,0.0484,0.588,0.082,0.5639
2014-10-23T01:28:59.119Z,0.0334,0.0517,0.5883,0.0838,0.6624,0.0379,0.0569,0.6714,0.0852,0.6114,0.0272,0.0469,0.5921,0.0807,0.5638
2014-10-23T01:29:59.636Z,0.0368,0.0543,0.6065,0.0868,0.6638,0.0314,0.0527,0.6497,0.0789,0.5714,0.0297,0.0492,0.6008,0.0805,0.5849
2014-10-23T01:30:59.046Z,0.0351,0.0527,0.6008,0.0857,0.6743,0.0384,0.0584,0.6643,0.0862,0.6257,0.0251,0.0465,0.5935,0.0778,0.5273
2014-10-23T01:31:59.426Z,0.0368,0.0548,0.6077,0.0871,0.6777,0.0329,0.0535,0.6465,0.0806,0.5777,0.0323,0.0506,0.6206,0.0813,0.5935
2014-10-23T01:32:59.099Z,0.0378,0.0553,0.6091,0.0872,0.6969,0.0416,0.0597,0.6738,0.0869,0.6503,0.0281,0.0484,0.5931,0.0794,0.5478
2014-10-23T01:33:59.601Z,0.0344,0.0541,0.5972,0.0859,0.6453,0.0347,0.0534,0.6509,0.0831,0.5953,0.0303,0.0497,0.6094,0.0803,0.58
2014-10-23T01:34:59.031Z,0.0339,0.0524,0.599,0.0854,0.6498,0.0378,0.0593,0.6749,0.0871,0.6054,0.0324,0.0529,0.6141,0.0832,0.6007
2014-10-23T01:35:59.447Z,0.0354,0.0541,0.6063,0.0861,0.6717,0.0351,0.0566,0.6544,0.0846,0.5841,0.029,0.0488,0.5988,0.0788,0.5763
2014-10-23T01:36:59.008Z,0.0362,0.0529,0.6021,0.0874,0.6803,0.0385,0.0594,0.6721,0.0862,0.6429,0.0318,0.0512,0.6203,0.0826,0.5788
2014-10-23T01:37:59.380Z,0.0351,0.0531,0.5951,0.0871,0.6769,0.0329,0.056,0.6491,0.0854,0.566,0.0294,0.048,0.5891,0.0811,0.574
2014-10-23T01:38:59.839Z,0.0395,0.0581,0.623,0.0895,0.67,0.0289,0.0495,0.633,0.0768,0.5397,0.0265,0.0478,0.5965,0.0781,0.5532
2014-10-23T01:39:59.318Z,0.0355,0.0516,0.5971,0.0847,0.6613,0.0358,0.055,0.6471,0.0839,0.6171,0.0318,0.0513,0.6082,0.0837,0.5734
2014-10-23T01:40:59.734Z,0.0389,0.0564,0.6169,0.0878,0.6931,0.0297,0.0497,0.635,0.0775,0.5203,0.0297,0.0486,0.6031,0.0808,0.5744
2014-10-23T01:41:59.238Z,0.0356,0.0535,0.6065,0.0876,0.6626,0.0347,0.0562,0.6715,0.0832,0.5674,0.0306,0.05,0.61,0.0812,0.5965
2014-10-23T01:42:59.469Z,0.041,0.0585,0.6249,0.0905,0.7003,0.0351,0.0549,0.6477,0.0844,0.6162,0.0336,0.0526,0.6205,0.0833,0.6146
2014-10-23T01:43:59.860Z,0.0394,0.0558,0.6197,0.0879,0.7045,0.0348,0.0552,0.6536,0.0833,0.5961,0.0285,0.0473,0.5939,0.0806,0.56
2014-10-23T01:44:59.329Z,0.0387,0.0565,0.6142,0.089,0.6761,0.0394,0.059,0.671,0.0881,0.6252,0.0294,0.05,0.601,0.0803,0.5835
2014-10-23T01:45:59.719Z,0.0347,0.0529,0.5959,0.0844,0.6668,0.0388,0.0594,0.6738,0.085,0.6141,0.0291,0.0497,0.6035,0.0821,0.5691
2014-10-23T01:46:59.179Z,0.0366,0.0545,0.6097,0.0883,0.6593,0.0341,0.0555,0.6566,0.0841,0.5972,0.0345,0.0538,0.6272,0.0838,0.6086
2014-10-23T01:47:59.634Z,0.0353,0.0544,0.6078,0.0875,0.66,0.0394,0.0581,0.675,0.0853,0.6334,0.0303,0.0484,0.5938,0.0816,0.5925
2014-10-23T01:48:59.960Z,0.0341,0.0541,0.6052,0.087,0.6641,0.0307,0.0511,0.64,0.0807,0.5611,0.0259,0.0448,0.5748,0.0781,0.5537
2014-10-23T01:49:59.329Z,0.0378,0.0553,0.6175,0.0875,0.7031,0.0338,0.0525,0.6347,0.0825,0.6169,0.0244,0.0453,0.5734,0.0772,0.5109
2014-10-23T01:50:59.686Z,0.035,0.0524,0.6,0.0865,0.6679,0.0359,0.0571,0.6597,0.0844,0.615,0.0285,0.05,0.5968,0.0806,0.5488
2014-10-23T01:51:59.166Z,0.0312,0.0512,0.58,0.0832,0.6512,0.0284,0.0504,0.6352,0.08,0.5292,0.03,0.0484,0.6212,0.0784,0.572
2014-10-23T01:52:59.605Z,0.0382,0.0564,0.6161,0.0876,0.6733,0.037,0.0582,0.6615,0.0864,0.5939,0.0321,0.0521,0.6203,0.0821,0.5942
2014-10-23T01:53:59.305Z,0.0339,0.0523,0.5952,0.0835,0.6413,0.0377,0.0565,0.66,0.0855,0.6171,0.0281,0.0481,0.5948,0.0797,0.5639
2014-10-23T01:54:59.866Z,0.0332,0.0523,0.595,0.0841,0.638,0.0364,0.0575,0.6661,0.0843,0.6161,0.0339,0.0545,0.6255,0.085,0.6093
2014-10-23T01:55:59.634Z,0.0377,0.0565,0.6152,0.0881,0.6652,0.0413,0.0616,0.6803,0.0894,0.6506,0.0319,0.0506,0.6152,0.081,0.5894
2014-10-23T01:56:59.001Z,0.0354,0.0546,0.6014,0.0875,0.6525,0.0346,0.0554,0.6468,0.0821,0.6004,0.0293,0.05,0.6071,0.0804,0.57
2014-10-23T01:57:59.244Z,0.0356,0.0547,0.6064,0.0864,0.6581,0.0314,0.0517,0.6353,0.0811,0.5789,0.0258,0.0458,0.5953,0.0764,0.5453
2014-10-23T01:58:59.577Z,0.0355,0.0537,0.6074,0.0855,0.6534,0.0363,0.0558,0.6537,0.085,0.6055,0.0332,0.0516,0.6116,0.0824,0.5947
2014-10-23T01:59:59.863Z,0.0362,0.0559,0.6116,0.0884,0.6541,0.0316,0.0497,0.6381,0.0773,0.5876,0.0286,0.0503,0.6022,0.0819,0.5635
