2014-11-19T00:00:59.344Z,4.1787,20.4803,229.6887,0.0889,0.2065,-5.5047,21.1189,231.0297,0.0914,-0.2592,10.8863,25.3106,234.2529,0.108,0.4316
2014-11-19T00:02:59.528Z,3.8964,21.4676,229.7213,0.0935,0.1836,-6.0606,21.2373,230.9526,0.0918,-0.2836,10.7828,25.7527,234.0918,0.1098,0.4192
2014-11-19T00:03:59.849Z,3.6352,22.3197,230.0823,0.0969,0.1638,-6.3836,21.6314,230.7729,0.0939,-0.2947,10.6305,25.5893,234.1194,0.1091,0.4163
2014-11-19T00:04:59.162Z,3.6583,21.9977,230.0985,0.0957,0.1666,-6.5761,21.3714,230.606,0.0927,-0.3072,10.5854,26.1144,234.1652,0.1113,0.4059
2014-11-19T00:05:59.066Z,3.7966,22.8378,230.7862,0.0987,0.1661,-6.4383,22.2616,231.201,0.0965,-0.2886,10.4719,26.0613,233.8949,0.1113,0.4037
2014-11-19T00:06:59.481Z,3.3062,22.7637,231.4168,0.098,0.1465,-6.4078,22.2845,232.5068,0.0957,-0.2888,10.3876,26.1414,234.0609,0.1118,0.3987
2014-11-19T00:07:59.684Z,3.558,22.8056,231.5205,0.0984,0.157,-6.5243,22.69,232.5039,0.0977,-0.2882,10.6176,26.0745,234.5461,0.1112,0.4072
2014-11-19T00:08:59.380Z,3.6585,22.7434,231.6028,0.0984,0.1605,-6.674,22.3027,232.7233,0.0958,-0.3,10.7055,26.2582,234.6718,0.1123,0.4085
2014-11-19T00:09:59.720Z,3.6634,23.0464,232.3391,0.0989,0.1586,-6.3167,22.4115,233.0801,0.0956,-0.2836,10.6232,25.9733,233.3663,0.1112,0.4096
2014-11-19T00:10:59.166Z,3.4731,22.8153,233.4247,0.0976,0.1531,-6.4751,22.1928,233.2453,0.0952,-0.291,10.4745,26.0378,233.3204,0.1119,0.4042
2014-11-19T00:11:59.018Z,3.3554,22.5129,232.3129,0.0969,0.151,-6.4829,22.1297,233.0991,0.095,-0.292,10.9168,26.6669,235.044,0.1131,0.4107
2014-11-19T00:12:59.334Z,2.9057,22.5982,231.7902,0.098,0.1307,-6.3363,22.4411,232.3554,0.0968,-0.283,10.7612,26.0106,233.8355,0.1111,0.4135
2014-11-19T00:13:59.984Z,3.5479,22.6698,231.6074,0.0973,0.1578,-6.6794,22.2313,232.0371,0.0955,-0.2999,10.4295,26.0225,234.6934,0.1108,0.4009
2014-11-19T00:14:59.595Z,3.1849,22.8122,231.2197,0.0989,0.1415,-6.0826,22.7008,232.7422,0.0977,-0.2685,10.7043,26.1798,234.7351,0.1117,0.4095
2014-11-19T00:15:59.894Z,3.5809,23.089,231.1319,0.1,0.1567,-6.2895,22.1318,232.3062,0.0947,-0.2849,10.7185,26.1732,234.9832,0.1118,0.41
2014-11-19T00:16:59.338Z,3.5706,23.0465,231.1014,0.0998,0.1549,-6.7162,21.9313,232.2916,0.0949,-0.3046,10.4884,26.301,234.4809,0.1119,0.3995
2014-11-19T00:17:59.085Z,3.8525,22.7968,232.1822,0.0984,0.1691,-6.8028,22.402,232.8824,0.096,-0.3045,10.8486,26.3442,234.7091,0.112,0.4117
2014-11-19T00:18:59.488Z,3.6177,22.4076,231.7635,0.0964,0.1619,-6.2161,22.1118,232.6051,0.0947,-0.2816,10.7743,26.2933,235.4543,0.1113,0.4117
2014-11-19T00:19:59.036Z,3.6155,22.9233,232.1924,0.0987,0.1584,-6.0958,21.834,232.5745,0.0942,-0.2786,10.7903,26.264,236.0857,0.1111,0.4112
2014-11-19T00:20:59.383Z,3.6966,22.6351,232.123,0.0974,0.1633,-6.172,21.9866,232.5683,0.0948,-0.2804,10.9149,26.1819,236.3068,0.1111,0.4181
2014-11-19T00:21:59.120Z,3.4812,22.4013,231.7929,0.0965,0.156,-6.3915,22.1022,232.8296,0.0954,-0.2898,11.1028,27.0075,235.6403,0.1144,0.4118
2014-11-19T00:22:59.342Z,3.688,22.6266,231.8682,0.0978,0.1639,-6.4885,21.9978,233.4953,0.0943,-0.2946,10.7384,26.1763,235.3677,0.1113,0.4115
2014-11-19T00:23:59.722Z,3.7109,22.9008,231.1863,0.0994,0.1631,-6.4712,22.7807,233.8691,0.0976,-0.2852,10.6198,26.3213,235.1097,0.1119,0.4046
2014-11-19T00:24:59.995Z,3.6126,22.8072,231.4085,0.0987,0.1586,-6.5697,22.3772,233.7691,0.0957,-0.2941,10.7076,26.363,235.1974,0.1117,0.4065
2014-11-19T00:25:59.356Z,3.54,22.5609,231.2552,0.0975,0.1578,-6.4551,22.4825,233.351,0.0968,-0.2878,10.6851,26.3424,234.679,0.1124,0.4068
2014-11-19T00:26:59.758Z,3.6662,23.0034,231.2715,0.0995,0.1588,-6.5286,22.3398,233.5433,0.0956,-0.2928,10.6127,26.0893,235.069,0.1106,0.4071
2014-11-19T00:27:59.118Z,3.6385,23.0934,231.557,0.0991,0.1586,-6.4727,22.4613,233.5497,0.0965,-0.2884,10.7454,26.3963,235.3799,0.1122,0.4076
2014-11-19T00:28:59.500Z,3.3883,22.8327,231.5891,0.0987,0.15,-6.6234,22.6995,233.8563,0.0972,-0.2936,10.8684,26.2867,235.4059,0.1114,0.4129
2014-11-19T00:29:59.915Z,3.411,23.0119,232.2034,0.0989,0.1476,-6.5755,22.7217,234.4922,0.097,-0.2897,10.6176,26.2362,235.9355,0.1109,0.4044
2014-11-19T00:30:59.492Z,3.6946,22.5777,231.9147,0.0973,0.1639,-6.348,22.6395,233.8271,0.097,-0.2809,10.6631,26.4786,235.9158,0.1123,0.4042
2014-11-19T00:31:59.310Z,3.6585,22.7098,231.8388,0.0979,0.1624,-6.785,22.4549,233.7939,0.0957,-0.3031,10.9684,26.581,235.9859,0.1123,0.4128
2014-11-19T00:32:59.793Z,3.7548,22.5261,231.6711,0.0972,0.1655,-6.9565,22.6589,233.7666,0.0972,-0.3063,10.6306,26.7898,236.0491,0.1133,0.3974
2014-11-19T00:33:59.998Z,3.5134,22.6385,231.5848,0.098,0.1552,-6.7205,21.9831,233.4526,0.0938,-0.3057,10.78,26.6563,236.4562,0.1124,0.4043
2014-11-19T00:34:59.541Z,3.7328,22.8051,231.1173,0.0985,0.1645,-6.3458,21.8625,233.3153,0.0934,-0.289,10.6802,26.249,236.3653,0.1109,0.4084
2014-11-19T00:35:59.028Z,3.6876,22.8141,230.7332,0.0988,0.1624,-6.4585,22.7281,233.3754,0.0976,-0.2847,10.8171,26.5845,236.9454,0.1125,0.408
2014-11-19T00:36:59.380Z,3.7023,22.8514,230.8501,0.0991,0.1626,-6.4885,22.8064,233.508,0.0981,-0.2852,10.8472,26.6176,237.2962,0.1125,0.4076
2014-11-19T00:37:59.647Z,3.6522,22.7793,231.1506,0.0984,0.1603,-6.7404,22.2623,233.5547,0.0952,-0.3026,10.9326,26.767,236.5382,0.1129,0.4079
2014-11-19T00:38:59.852Z,3.4402,23.0996,232.3436,0.0993,0.1489,-6.9296,22.3009,233.2594,0.0959,-0.3111,10.7109,26.3582,236.2634,0.1113,0.4061
2014-11-19T00:39:59.003Z,3.7168,22.7395,232.0198,0.0976,0.1636,-6.9158,22.2292,232.7751,0.0952,-0.3115,10.7984,26.7721,235.8572,0.1135,0.4038
2014-11-19T00:40:59.305Z,3.5124,22.5523,231.8646,0.0973,0.1562,-6.8079,22.1793,232.8259,0.0954,-0.3069,10.9131,27.5057,236.1853,0.1166,0.3982
2014-11-19T00:41:59.758Z,3.5927,23.0913,231.8639,0.0994,0.1563,-6.457,22.4848,232.6443,0.0964,-0.2873,10.6371,26.3506,236.1793,0.1112,0.4052
2014-11-19T00:42:59.938Z,3.9693,22.981,232.1331,0.099,0.174,-6.6712,22.1786,232.0705,0.0954,-0.3021,10.7914,26.4626,236.4695,0.1113,0.4079
2014-11-19T00:43:59.766Z,3.5121,22.8926,232.5605,0.0985,0.1544,-6.5927,22.0538,232.9437,0.0938,-0.2989,10.7515,26.6593,236.2221,0.1132,0.4037
2014-11-19T00:44:59.027Z,3.1223,22.8709,233.1051,0.0982,0.1377,-6.8123,22.4014,233.3646,0.0957,-0.3038,10.9021,26.8878,236.3959,0.1137,0.4059
2014-11-19T00:45:59.214Z,3.1402,23.1203,233.4943,0.0995,0.1369,-6.5559,22.4653,233.4838,0.0963,-0.2917,10.8544,26.8619,236.4455,0.1133,0.4051
2014-11-19T00:46:59.447Z,3.0005,22.9823,232.5141,0.0985,0.1322,-6.5148,22.3004,233.4735,0.0956,-0.2922,10.8405,26.4535,236.098,0.1118,0.4101
2014-11-19T00:47:59.670Z,467.2741,726.2596,231.946,3.1387,0.4023,506.9756,757.9445,233.0342,3.2581,0.1791,848.7291,1159.6703,234.5313,4.9687,0.7585
2014-11-19T00:48:59.906Z,1064.1455,1502.363,231.6681,6.4851,0.7079,1157.0624,1612.9662,232.2246,6.9465,0.7176,1632.2425,2209.7333,233.1898,9.4757,0.7382
2014-11-19T00:49:59.176Z,1087.6361,1528.938,231.7378,6.598,0.7109,1186.237,1631.2279,232.1707,7.0262,0.7273,1671.2653,2243.1204,233.408,9.6102,0.7453
2014-11-19T00:50:59.456Z,1099.638,1532.7792,231.7255,6.6151,0.7173,1202.1997,1646.9247,231.9192,7.1012,0.73,1674.1541,2241.7846,233.1205,9.6165,0.7477
2014-11-19T00:51:59.791Z,1111.166,1513.8373,231.6691,6.5337,0.7338,1253.465,1709.4018,233.2616,7.3277,0.7329,1652.1359,2238.5812,232.4105,9.6316,0.7395
2014-11-19T00:52:59.359Z,1125.9551,1536.3876,232.0252,6.6218,0.7328,1261.9787,1713.5986,233.3536,7.3432,0.7366,1678.3971,2258.8306,232.5151,9.7147,0.7416
2014-11-19T00:53:59.570Z,1126.3351,1542.7207,231.9036,6.652,0.7301,1276.1386,1718.1597,233.4816,7.359,0.7431,1701.968,2287.4437,233.0976,9.8131,0.743
2014-11-19T00:54:59.419Z,1141.0963,1547.6042,231.5977,6.6821,0.7387,1295.7425,1734.2395,233.2844,7.4341,0.7479,1709.2866,2289.9045,232.6993,9.8407,0.747
2014-11-19T00:55:59.681Z,1162.3577,1562.6118,231.2951,6.756,0.7432,1302.5621,1740.6901,232.8597,7.4753,0.7487,1716.7854,2285.3215,232.4046,9.8335,0.7502
2014-11-19T00:56:59.628Z,1166.9615,1569.022,231.3751,6.7811,0.7443,1321.5147,1758.393,233.3981,7.5335,0.7519,1730.6848,2306.6116,232.7426,9.9103,0.7503
2014-11-19T00:57:59.863Z,1183.5964,1591.6335,231.624,6.8718,0.7432,1333.7746,1763.8546,233.0118,7.5699,0.7568,1760.8124,2331.724,233.0875,10.0034,0.7546
2014-11-19T00:58:59.179Z,1193.3697,1596.45,231.4613,6.8977,0.7483,1341.2156,1770.3153,232.7787,7.6052,0.7578,1766.9306,2331.9316,232.8687,10.0138,0.7596
2014-11-19T00:59:59.902Z,1156.6191,1566.5027,231.867,6.7555,0.738,1287.6426,1732.3524,233.0314,7.4336,0.7432,1711.2197,2276.7899,232.9133,9.7754,0.7528
2014-11-19T01:00:59.266Z,1132.4037,1541.486,231.6323,6.6549,0.7342,1256.7234,1700.9891,232.7256,7.3096,0.7389,1682.5147,2242.0124,232.6058,9.638,0.7501
2014-11-19T01:01:59.840Z,1155.7511,1557.7054,231.0054,6.743,0.7414,1287.1176,1719.4257,232.4931,7.396,0.7482,1713.2367,2267.2426,232.431,9.7542,0.756
2014-11-19T01:02:59.712Z,1153.1474,1557.9698,231.0193,6.7437,0.7405,1283.1567,1716.5351,232.5265,7.3821,0.7479,1711.9287,2267.706,232.5251,9.7525,0.754
2014-11-19T01:03:59.156Z,1181.4926,1575.54,230.8572,6.8247,0.7491,1299.4799,1731.71,232.2643,7.4559,0.7498,1723.1187,2264.2984,231.5517,9.7788,0.7604
2014-11-19T01:04:59.068Z,1186.8615,1583.9497,230.734,6.8652,0.749,1298.7148,1723.5105,231.6636,7.4388,0.7537,1737.3579,2269.0141,231.5045,9.8009,0.7647
2014-11-19T01:05:59.335Z,1200.3856,1624.1925,231.059,7.0296,0.739,1276.8243,1671.5841,228.7264,7.3085,0.7637,1803.593,2303.0256,232.068,9.9238,0.7822
2014-11-19T01:06:59.671Z,1195.1369,1636.7854,230.4214,7.1031,0.7301,1264.8075,1621.1314,226.0054,7.1726,0.78,1863.1204,2339.8532,232.1868,10.0771,0.798
2014-11-19T01:07:59.851Z,1202.4066,1647.1037,230.6136,7.1421,0.7298,1269.1596,1623.0151,226.0226,7.1803,0.7818,1877.9701,2351.3728,231.9949,10.1351,0.7998
2014-11-19T01:08:59.462Z,1217.2636,1665.7981,231.0357,7.2106,0.7302,1285.5758,1644.8846,226.6706,7.2568,0.7809,1890.9332,2371.2424,232.5418,10.1968,0.7987
2014-11-19T01:09:59.871Z,1202.9925,1655.2879,231.467,7.1512,0.7278,1271.4485,1630.9778,226.7022,7.1947,0.7801,1881.3312,2362.1169,232.4648,10.1608,0.7981
2014-11-19T01:10:59.770Z,1132.3897,1562.7975,231.9936,6.7402,0.6897,1178.6616,1523.5924,226.6369,6.7249,0.7051,1789.6611,2235.7325,232.5856,9.6153,0.8078
2014-11-19T01:11:59.074Z,3.4886,22.7616,233.8751,0.0972,0.1549,-6.8913,22.17,227.7846,0.0972,-0.3129,95.3552,113.3564,235.0703,0.4827,0.6284
2014-11-19T01:12:59.800Z,3.4779,22.9735,234.2814,0.0981,0.1528,-6.5576,21.63,227.9576,0.0946,-0.3034,10.8728,26.6605,235.4486,0.1131,0.4077
2014-11-19T01:13:59.154Z,3.2656,22.5888,233.6795,0.0962,0.1469,-6.0089,21.3082,231.1009,0.0918,-0.2819,10.614,25.2149,234.6925,0.1071,0.422
2014-11-19T01:14:59.641Z,3.8731,22.4124,233.0807,0.0963,0.1737,-6.3323,21.1459,230.9396,0.0914,-0.2983,10.7781,26.3831,235.7071,0.1123,0.4097
2014-11-19T01:15:59.762Z,4.1581,22.5084,232.982,0.0965,0.1861,-6.3837,20.8573,230.5532,0.0901,-0.3037,11.3616,25.8419,235.636,0.109,0.4414
2014-11-19T01:16:59.062Z,4.128,22.1232,232.2086,0.0948,0.1876,-6.3385,21.0791,229.949,0.0919,-0.3,10.8392,25.6677,235.4247,0.1085,0.4238
2014-11-19T01:17:59.399Z,4.0484,22.8753,232.0145,0.0981,0.1781,-5.906,21.579,229.6848,0.0937,-0.2726,10.7883,25.9163,236.3261,0.1095,0.4173
2014-11-19T01:18:59.793Z,3.5306,22.6224,232.3623,0.0972,0.1558,-6.5412,21.1427,230.0782,0.0919,-0.3076,10.604,26.3601,237.2725,0.1107,0.4036
2014-11-19T01:19:59.104Z,4.0818,22.7127,232.0248,0.0977,0.1808,-6.1937,20.7782,230.0937,0.0902,-0.2949,10.8547,26.0339,237.7972,0.109,0.4187
2014-11-19T01:20:59.522Z,3.9746,22.3676,231.3415,0.0967,0.1794,-6.6343,21.3608,229.3882,0.0929,-0.3099,10.9408,26.1903,236.9788,0.11,0.4188
2014-11-19T01:21:59.486Z,3.9323,22.364,231.1976,0.0965,0.1775,-6.6382,21.652,229.4483,0.0948,-0.3054,11.1274,26.8057,237.3084,0.1128,0.4171
2014-11-19T01:22:59.671Z,3.8369,22.3922,231.9148,0.0967,0.1734,-6.6149,21.5031,230.0169,0.0934,-0.3071,10.7945,26.6705,237.4774,0.1122,0.406
2014-11-19T01:23:59.939Z,3.266,22.5769,232.9175,0.0967,0.1462,-6.2163,21.6823,233.0896,0.0931,-0.2854,10.7675,25.9726,236.1265,0.1103,0.4155
2014-11-19T01:24:59.217Z,3.8977,22.381,232.4475,0.0967,0.1755,-6.0634,21.1568,233.4898,0.0909,-0.2834,10.7849,25.7187,236.1617,0.1087,0.4209
2014-11-19T01:25:59.576Z,3.9213,22.2682,232.7977,0.0959,0.1777,-6.7004,21.4375,231.6171,0.0926,-0.3107,10.9171,26.65,236.7848,0.1124,0.4124
2014-11-19T01:26:59.916Z,3.4905,22.7828,232.8581,0.0971,0.1549,-7.0709,22.7552,231.3605,0.0988,-0.3111,11.0413,26.9051,236.8445,0.1135,0.4111
2014-11-19T01:27:59.255Z,3.1916,22.8333,232.1338,0.0982,0.1419,-6.8691,22.4942,232.0099,0.0974,-0.3065,10.8843,26.9822,236.1306,0.1142,0.4041
2014-11-19T01:28:59.410Z,3.2486,22.7167,231.1938,0.0983,0.1437,-6.7955,22.4136,234.6263,0.0951,-0.3031,10.5415,26.311,235.7123,0.1111,0.4017
2014-11-19T01:29:59.178Z,3.0177,22.7231,232.2848,0.0977,0.134,-6.5705,22.4152,234.7494,0.0954,-0.2929,10.5925,26.3751,235.4302,0.1119,0.4025
2014-11-19T01:30:59.859Z,3.8241,22.7365,232.7052,0.0983,0.1694,-6.0923,22.6247,233.3237,0.0973,-0.2708,11.0507,26.0089,235.4705,0.1102,0.4277
2014-11-19T01:31:59.355Z,4.2784,23.2957,232.8587,0.1004,0.1861,-6.6099,21.7873,230.7924,0.0945,-0.304,10.862,26.4769,236.5818,0.1118,0.4103
2014-11-19T01:32:59.650Z,4.0311,23.1296,232.5235,0.0995,0.1746,-6.9079,22.1209,230.7427,0.096,-0.3133,10.6936,26.7971,236.4872,0.1132,0.3995
2014-11-19T01:33:59.106Z,3.5389,22.6574,231.8122,0.0977,0.1582,-6.773,23.0243,233.7882,0.099,-0.2949,10.4871,26.3386,235.491,0.1125,0.3977
2014-11-19T01:34:59.370Z,3.5794,22.4923,232.1295,0.0967,0.1601,-6.6385,22.6747,233.787,0.0974,-0.2918,10.6278,26.1674,235.4959,0.1112,0.4079
2014-11-19T01:35:59.751Z,3.6656,22.7728,232.6219,0.0975,0.1612,-6.9703,22.4945,234.3381,0.0965,-0.3106,10.5964,26.4655,235.7538,0.1124,0.4014
2014-11-19T01:36:59.321Z,3.3602,22.8711,232.8543,0.0982,0.1483,-6.6873,22.7724,232.6604,0.0974,-0.2948,10.4559,26.4906,235.3796,0.1124,0.3953
2014-11-19T01:37:59.878Z,3.3727,23.293,233.5549,0.0998,0.1463,-7.0461,21.9909,231.5216,0.0947,-0.3207,10.7306,26.4106,235.7983,0.1115,0.4068
2014-11-19T01:38:59.839Z,3.7459,23.1348,232.7003,0.0991,0.1618,-6.7823,22.0623,232.69,0.0941,-0.3073,10.4778,26.208,234.6486,0.1117,0.4004
2014-11-19T01:39:59.097Z,3.83,22.9711,233.1343,0.0987,0.1669,-6.7014,22.4265,233.8501,0.096,-0.2995,10.7614,26.1905,234.3873,0.1112,0.4113
2014-11-19T01:40:59.455Z,3.6571,23.4597,233.4637,0.1007,0.1572,-6.6302,22.5223,234.1841,0.0962,-0.2948,10.6211,26.1537,234.7854,0.1115,0.4057
2014-11-19T01:41:59.625Z,3.7081,22.9402,233.3454,0.0982,0.1631,-7.0591,22.1605,234.566,0.094,-0.3187,10.6447,26.0383,234.8044,0.1105,0.4091
2014-11-19T01:42:59.889Z,3.7172,23.0301,233.4791,0.0988,0.1616,-6.9706,22.6404,232.0061,0.098,-0.309,10.7196,26.4129,235.1564,0.1124,0.406
2014-11-19T01:43:59.323Z,3.3561,23.2223,234.0118,0.0988,0.1455,-6.9843,22.754,231.5767,0.0981,-0.3084,10.8316,26.6499,235.5139,0.1133,0.4067
2014-11-19T01:44:59.534Z,3.9848,22.9253,233.4762,0.0982,0.1752,-6.8291,21.6985,233.2432,0.0933,-0.3131,10.675,26.001,234.9273,0.1107,0.4122
2014-11-19T01:45:59.909Z,3.8994,22.7375,233.2194,0.0973,0.1728,-6.6035,22.5699,234.1288,0.0967,-0.2927,10.5663,26.5561,234.5857,0.1135,0.3995
2014-11-19T01:46:59.159Z,3.6373,22.6708,233.2395,0.0975,0.1607,-7.1243,22.7423,234.5991,0.0977,-0.3142,10.7039,26.0774,234.535,0.1111,0.4108
2014-11-19T01:47:59.787Z,3.9871,23.0724,232.9917,0.0989,0.1734,-6.8739,22.2315,234.4231,0.0948,-0.3085,10.5441,26.1535,234.8415,0.1115,0.4036
2014-11-19T01:48:59.099Z,3.1339,22.5867,232.6342,0.0974,0.1384,-6.7216,22.5326,234.5497,0.096,-0.2995,10.4828,26.1123,234.5163,0.1114,0.4012
2014-11-19T01:49:59.428Z,3.9074,23.0264,233.3076,0.0986,0.1704,-6.7298,22.21,232.8654,0.0963,-0.3023,10.7977,26.4263,235.384,0.1127,0.4111
2014-11-19T01:50:59.863Z,3.882,23.083,233.6151,0.0987,0.1696,-6.553,21.9249,231.5964,0.0945,-0.2986,10.7416,26.5489,235.8615,0.113,0.4053
2014-11-19T01:51:59.473Z,3.2418,22.866,233.597,0.0977,0.1429,-6.7034,22.7578,234.2595,0.0967,-0.2953,10.7148,26.1427,234.6035,0.1118,0.41
2014-11-19T01:52:59.569Z,3.1213,23.0228,233.5187,0.0987,0.1369,-6.6399,21.9347,234.7341,0.0934,-0.3015,10.5114,25.8936,234.731,0.1104,0.4068
2014-11-19T01:53:59.056Z,3.0281,22.8215,233.6511,0.0977,0.1346,-6.7752,22.4822,234.568,0.0958,-0.3018,10.6355,25.9702,234.8322,0.1104,0.4091
2014-11-19T01:54:59.195Z,3.3548,23.3294,233.4355,0.1,0.1439,-6.5836,22.343,234.2295,0.0957,-0.2951,10.9076,26.3777,234.74,0.1122,0.4139
2014-11-19T01:55:59.585Z,3.1682,22.8869,232.8471,0.0977,0.1391,-6.7194,22.624,233.9337,0.0964,-0.2976,10.7717,26.1884,234.7797,0.1117,0.4127
2014-11-19T01:56:59.342Z,3.5514,23.0172,231.9771,0.0989,0.1549,-6.3987,22.4556,232.8572,0.0963,-0.2859,10.4443,26.0255,234.8273,0.1111,0.4011
2014-11-19T01:57:59.585Z,3.8611,22.822,232.0734,0.0985,0.1695,-6.8144,22.1638,230.0498,0.0967,-0.308,10.8467,26.8648,235.2511,0.1137,0.4039
2014-11-19T01:58:59.046Z,3.5154,22.7566,232.682,0.0977,0.1549,-7.3396,21.7273,230.0468,0.094,-0.3381,10.5774,26.2276,235.7159,0.1114,0.403
2014-11-19T01:59:59.351Z,3.5855,22.8025,232.5188,0.0983,0.1584,-6.5585,22.0596,233.2078,0.0944,-0.2965,10.664,26.532,235.4102,0.1124,0.4028
2014-11-19T02:00:59.640Z,3.2904,21.7138,231.9053,0.0939,0.1518,-6.1072,21.4727,232.6265,0.0923,-0.2844,10.6915,25.4451,235.0924,0.1081,0.4219
2014-11-19T02:01:59.420Z,3.5072,22.4216,232.2565,0.0967,0.1572,-6.331,22.0187,232.5945,0.0945,-0.2873,10.9527,26.6963,235.7192,0.113,0.4118
2014-11-19T02:02:59.258Z,3.8913,22.4146,231.5897,0.0969,0.1748,-6.2387,21.9299,232.8044,0.0938,-0.2841,10.816,26.184,235.971,0.1112,0.4146
2014-11-19T02:03:59.430Z,3.3465,22.3727,231.5644,0.0963,0.1513,-6.3388,22.0021,233.1747,0.0946,-0.2882,10.7887,25.9817,235.6119,0.1104,0.417
2014-11-19T02:04:59.250Z,3.1971,22.3939,231.884,0.0961,0.144,-6.5856,22.098,233.3046,0.0951,-0.2975,10.9788,26.0098,234.7854,0.111,0.4226
2014-11-19T02:05:59.623Z,3.3577,22.6235,232.5134,0.0968,0.1494,-6.2803,22.6688,233.8237,0.0977,-0.2781,10.8267,26.1152,234.8255,0.1112,0.4149
2014-11-19T02:06:59.991Z,3.7729,22.9706,233.0016,0.0985,0.1654,-6.7912,21.9649,231.8815,0.0943,-0.3076,10.7354,26.4267,236.1893,0.1118,0.4063
2014-11-19T02:07:59.412Z,4.1451,23.3693,232.3838,0.1009,0.1782,-7.0822,22.0877,231.424,0.0957,-0.32,11.042,26.6698,236.6817,0.1127,0.4134
2014-11-19T02:08:59.640Z,3.9546,23.2618,231.8995,0.1003,0.1709,-6.5345,22.2646,233.4903,0.0958,-0.2933,10.7073,26.5929,235.6981,0.1128,0.4024
2014-11-19T02:09:59.951Z,3.5738,22.6249,232.313,0.098,0.1578,-7.3052,22.609,233.3501,0.097,-0.3243,10.6287,26.6314,235.6421,0.113,0.3991
2014-11-19T02:10:59.403Z,3.0216,22.4467,231.8404,0.0973,0.136,-6.8425,22.5265,234.7863,0.0965,-0.3035,10.6476,26.4042,235.3967,0.1122,0.4033
2014-11-19T02:11:59.844Z,2.9751,22.9535,232.2905,0.0984,0.13,-6.4376,23.1189,235.104,0.0977,-0.2794,10.384,26.3166,235.5729,0.1117,0.3953
2014-11-19T02:12:59.133Z,3.0062,22.5032,232.0815,0.0972,0.1353,-6.704,22.5791,234.9115,0.0962,-0.2976,10.9328,26.5781,235.5442,0.1129,0.4116
2014-11-19T02:13:59.429Z,3.26,22.7626,232.4345,0.0973,0.1438,-6.4253,22.5578,234.8337,0.0962,-0.2847,10.7404,26.216,235.575,0.1113,0.4097
2014-11-19T02:14:59.807Z,3.6179,22.795,233.1711,0.098,0.1599,-6.7029,22.5196,235.2286,0.096,-0.2982,10.9883,27.0357,236.1161,0.1146,0.4071
2014-11-19T02:15:59.296Z,3.6963,22.9083,232.7494,0.0981,0.1612,-6.863,22.5196,234.8877,0.096,-0.3046,10.6861,26.6496,236.0637,0.113,0.4013
2014-11-19T02:16:59.582Z,3.8818,23.1212,232.9593,0.0994,0.1682,-6.7167,22.338,234.5722,0.0952,-0.3009,10.9236,26.9548,236.0905,0.1143,0.405
2014-11-19T02:17:59.999Z,3.5713,23.1707,233.5402,0.0991,0.1545,-7.0339,22.3708,232.7339,0.0958,-0.3148,10.7115,26.6903,236.8068,0.1131,0.4019
2014-11-19T02:18:59.259Z,3.5099,22.4935,233.697,0.0969,0.1584,-6.4868,21.4996,230.9412,0.0934,-0.2996,10.8991,26.2214,236.6242,0.1103,0.4157
2014-11-19T02:19:59.930Z,3.6619,22.6484,232.7833,0.0965,0.1624,-6.2444,22.4212,233.7786,0.096,-0.2776,10.6268,25.9238,236.2017,0.1095,0.4121
2014-11-19T02:20:59.270Z,3.9113,22.839,231.8591,0.0991,0.1738,-6.141,22.1533,233.9367,0.0947,-0.277,10.927,26.3842,236.2153,0.1114,0.416
2014-11-19T02:21:59.002Z,3.7419,22.7126,231.9004,0.0974,0.1669,-6.3612,22.4272,234.1742,0.0959,-0.2839,10.6577,26.2453,236.1305,0.1104,0.4072
2014-11-19T02:22:59.294Z,3.4701,22.3711,232.0111,0.0964,0.1561,-6.3327,21.8677,234.1426,0.0929,-0.2893,10.5903,25.9263,235.9352,0.1095,0.4091
2014-11-19T02:23:59.699Z,3.8451,22.7565,232.4185,0.0976,0.1688,-6.4746,22.4667,234.0454,0.0956,-0.289,10.9298,26.7688,236.4728,0.1133,0.41
2014-11-19T02:24:59.738Z,3.8685,22.7197,232.6513,0.0974,0.1717,-6.4019,22.176,233.9257,0.0944,-0.2872,10.7856,26.8188,235.6845,0.1136,0.404
2014-11-19T02:25:59.018Z,3.9576,23.3549,232.6529,0.1002,0.1703,-6.591,22.6125,234.0505,0.0971,-0.2925,10.6299,26.331,235.2516,0.112,0.4034
2014-11-19T02:26:59.433Z,3.3728,23.0811,233.1637,0.0983,0.1473,-6.7511,22.7071,234.919,0.0964,-0.2986,10.7463,26.3412,236.1591,0.1116,0.4078
2014-11-19T02:27:59.754Z,3.553,22.8674,232.939,0.0978,0.1562,-6.5751,22.6646,234.9717,0.0963,-0.29,10.9046,26.6037,236.57,0.1124,0.4102
2014-11-19T02:28:59.041Z,3.1572,23.1716,233.9081,0.0992,0.1381,-6.4178,22.5283,235.2001,0.0956,-0.2859,10.6647,26.044,235.8377,0.11,0.4104
2014-11-19T02:29:59.250Z,3.5916,23.1024,233.3943,0.0997,0.1554,-7.0316,22.1867,234.8562,0.095,-0.3162,10.6409,26.6582,236.6643,0.1122,0.3991
2014-11-19T02:30:59.453Z,3.8197,22.8736,233.6902,0.0974,0.1678,-7.2198,22.2767,232.6389,0.0961,-0.3241,10.8021,26.9884,237.4598,0.1137,0.4006
2014-11-19T02:32:59.897Z,3.3963,22.9832,234.6231,0.098,0.1492,-6.5699,23.0085,233.9914,0.0986,-0.2875,10.719,26.6404,236.2383,0.1129,0.4029
2014-11-19T02:33:59.158Z,3.3054,23.2498,234.8542,0.0991,0.1432,-6.7108,22.4945,234.7545,0.0957,-0.2989,10.7465,26.5829,236.1866,0.1124,0.404
2014-11-19T02:34:59.369Z,3.3207,23.2626,234.4371,0.0997,0.1465,-6.2666,22.0867,233.9217,0.0945,-0.2838,10.7041,26.4749,235.7115,0.112,0.404
2014-11-19T02:35:59.507Z,3.5438,23.0129,234.1247,0.0984,0.155,-6.8563,21.9427,233.7549,0.0937,-0.3115,10.7817,26.2693,236.1503,0.1109,0.4104
2014-11-19T02:36:59.754Z,3.7335,23.0227,233.8488,0.0981,0.1621,-6.6737,22.2686,233.4821,0.0952,-0.3007,10.7062,26.6513,236.3074,0.1122,0.4017
2014-11-19T02:37:59.659Z,3.6165,22.9272,233.6813,0.0976,0.1588,-6.576,22.5681,233.2848,0.0963,-0.2916,10.7374,26.5954,236.2598,0.1122,0.4036
2014-11-19T02:38:59.019Z,3.2638,23.1298,234.7834,0.0985,0.1424,-6.6602,22.559,234.0734,0.0968,-0.2952,10.8023,26.3744,235.6995,0.1123,0.4089
2014-11-19T02:39:59.257Z,3.0267,22.657,234.6232,0.0966,0.1338,-6.6514,22.2454,234.8047,0.0949,-0.2982,10.7174,26.3146,235.3174,0.112,0.4077
2014-11-19T02:40:59.818Z,3.2946,23.1983,234.6596,0.0988,0.1428,-6.5771,22.3537,234.8818,0.0953,-0.2937,10.6365,26.43,235.5764,0.1116,0.4026
2014-11-19T02:41:59.942Z,3.6911,22.8129,234.122,0.0977,0.1622,-6.9059,22.3934,234.2869,0.0953,-0.308,10.7584,26.28,235.9504,0.111,0.4104
2014-11-19T02:42:59.658Z,3.7854,23.1982,233.9702,0.0987,0.1638,-6.6524,22.5147,234.6012,0.0965,-0.2945,10.6702,26.142,236.1223,0.1101,0.408
2014-11-19T02:43:59.863Z,3.9394,23.0554,234.1183,0.0981,0.1722,-6.7191,21.8786,233.6955,0.0935,-0.3054,10.7579,26.5844,236.2459,0.1126,0.4049
2014-11-19T02:44:59.081Z,3.8628,22.8598,234.248,0.0975,0.1695,-6.7188,21.7098,233.9838,0.0929,-0.3048,10.9793,26.3887,236.2963,0.1117,0.4166
2014-11-19T02:45:59.179Z,3.5389,23.1836,234.4166,0.0988,0.1531,-6.959,22.2221,234.1687,0.0952,-0.3124,10.8434,26.7778,236.1511,0.1131,0.4045
2014-11-19T02:46:59.457Z,3.0413,23.0753,234.8086,0.0983,0.1333,-6.7408,22.5351,234.6822,0.0965,-0.3001,10.7369,26.3414,235.7579,0.1118,0.4078
2014-11-19T02:47:59.661Z,3.3953,23.0844,234.6569,0.0987,0.1477,-6.6206,22.5639,234.7609,0.0962,-0.2946,10.8443,26.3733,235.7039,0.1118,0.4114
2014-11-19T02:48:59.928Z,3.837,22.7293,234.6443,0.0966,0.1691,-6.9055,22.2196,234.8788,0.0939,-0.3102,10.5506,26.4172,236.3668,0.1118,0.4012
2014-11-19T02:49:59.118Z,3.5898,23.0395,234.4539,0.0977,0.1571,-6.4773,22.106,234.7209,0.0932,-0.2924,10.7028,26.2973,235.7682,0.1111,0.4077
2014-11-19T02:50:59.499Z,3.0953,22.9224,234.9084,0.0973,0.1356,-6.5769,22.9705,234.5512,0.0983,-0.2879,10.6327,26.4247,235.4599,0.1119,0.4026
2014-11-19T02:51:59.857Z,3.3987,23.3745,234.728,0.0998,0.1468,-6.1837,23.1596,234.2073,0.0989,-0.2678,10.7959,26.4068,235.3932,0.1116,0.4093
2014-11-19T02:52:59.157Z,3.6861,23.2357,234.3163,0.099,0.1596,-6.7861,22.6689,231.4546,0.0977,-0.301,10.8756,26.4897,236.2091,0.1118,0.4113
2014-11-19T02:53:59.482Z,3.2646,23.0744,234.4202,0.0987,0.1423,-6.8799,22.5069,232.3965,0.0971,-0.3068,10.6931,26.4432,235.7615,0.1122,0.4045
2014-11-19T02:54:59.716Z,3.2694,23.3431,233.5041,0.1001,0.1404,-6.5713,22.3876,234.7468,0.0951,-0.2934,10.718,26.5073,235.484,0.1122,0.405
2014-11-19T02:55:59.864Z,3.6231,22.8877,232.9316,0.0979,0.1585,-6.8544,22.3764,234.3656,0.0952,-0.3074,10.654,26.5313,235.7319,0.1127,0.4022
2014-11-19T02:56:59.980Z,3.8078,22.9456,232.9561,0.0982,0.1664,-6.8733,22.3324,234.1034,0.0954,-0.3081,10.687,26.6309,235.7013,0.1129,0.4018
2014-11-19T02:57:59.344Z,3.5051,22.9065,234.3682,0.0975,0.1529,-6.7131,22.4468,234.0663,0.0959,-0.2997,10.6294,26.5266,235.3591,0.112,0.4014
2014-11-19T02:58:59.912Z,3.3515,23.0062,234.8104,0.0981,0.1464,-6.1855,22.5961,234.5061,0.0965,-0.2727,10.6355,26.7004,235.2451,0.1135,0.4
2014-11-19T02:59:59.491Z,3.7967,22.8373,234.0776,0.0971,0.1668,-6.8183,22.4812,234.3349,0.0959,-0.3024,10.6733,26.2552,235.8396,0.1111,0.4074
