2014-10-22T00:00:59.184Z,0.0367,0.055,0.6083,0.0863,0.6687,0.037,0.0583,0.6593,0.0883,0.622,0.0277,0.0467,0.5923,0.079,0.5657
2014-10-22T00:01:59.501Z,0.0352,0.0527,0.5982,0.0845,0.6712,0.0394,0.0606,0.6694,0.0888,0.6348,0.0303,0.0476,0.6003,0.0779,0.6052
2014-10-22T00:02:59.961Z,0.0369,0.0541,0.6162,0.0872,0.6876,0.0321,0.0531,0.6393,0.0803,0.5831,0.0283,0.0476,0.6034,0.0786,0.5779
2014-10-22T00:03:59.420Z,0.0377,0.0553,0.6097,0.0873,0.675,0.0347,0.055,0.6503,0.0837,0.6133,0.029,0.0483,0.6117,0.08,0.5897
2014-10-22T00:04:59.374Z,0.0384,0.0568,0.6156,0.09,0.7136,0.032,0.0532,0.6416,0.0808,0.5876,0.0252,0.0444,0.5816,0.0768,0.5668
2014-10-22T00:05:59.753Z,0.0387,0.0554,0.6151,0.0874,0.7046,0.0385,0.0592,0.6733,0.0877,0.6433,0.0318,0.0503,0.6123,0.0821,0.6113
2014-10-22T00:06:59.041Z,0.0386,0.0555,0.6086,0.089,0.7228,0.0403,0.0593,0.6659,0.0876,0.6448,0.029,0.0483,0.5955,0.0797,0.5876
2014-10-22T00:07:59.457Z,0.0326,0.0506,0.5882,0.0829,0.6612,0.0374,0.0579,0.6685,0.0853,0.6262,0.0335,0.0506,0.6029,0.0832,0.6094
2014-10-22T00:08:59.878Z,0.04,0.0573,0.6214,0.0891,0.7164,0.0291,0.0518,0.6405,0.0805,0.5477,0.0277,0.0468,0.5845,0.0791,0.5595
2014-10-22T00:09:59.276Z,0.0372,0.0538,0.6052,0.0876,0.7083,0.0376,0.0583,0.6538,0.0872,0.6214,0.0245,0.0455,0.5824,0.0772,0.5252
2014-10-22T00:10:59.566Z,0.0397,0.0581,0.6241,0.0894,0.7069,0.0331,0.0525,0.6422,0.08,0.5756,0.0313,0.0503,0.6003,0.0825,0.5959
2014-10-22T00:11:59.845Z,0.0366,0.0537,0.6026,0.0869,0.6969,0.036,0.0554,0.6557,0.084,0.6223,0.0343,0.0531,0.6149,0.0846,0.6277
2014-10-22T00:12:59.212Z,0.0358,0.0539,0.6047,0.0881,0.6711,0.0336,0.0533,0.6419,0.0822,0.5947,0.0319,0.0522,0.6117,0.0839,0.6008
2014-10-22T00:13:59.537Z,0.0355,0.0524,0.5962,0.0852,0.6866,0.0286,0.0483,0.6203,0.0755,0.5431,0.0293,0.0483,0.6066,0.08,0.5903
2014-10-22T00:15:59.369Z,0.0344,0.0519,0.5974,0.0844,0.6647,0.0374,0.0582,0.66,0.0861,0.62,0.0281,0.0479,0.5904,0.0804,0.5616
2014-10-22T00:16:59.645Z,0.0349,0.0536,0.6028,0.0851,0.6805,0.0349,0.0549,0.6528,0.0815,0.6059,0.031,0.051,0.6079,0.0823,0.5977
2014-10-22T00:17:59.061Z,0.0332,0.0503,0.5877,0.0842,0.6832,0.031,0.0532,0.64,0.0813,0.5948,0.0258,0.0474,0.5797,0.0781,0.5497
2014-10-22T00:18:59.984Z,0.0421,0.0588,0.6221,0.09,0.7262,0.04,0.0579,0.6609,0.0876,0.6438,0.0297,0.0488,0.6047,0.0797,0.6035
2014-10-22T00:19:59.323Z,0.0411,0.0574,0.6243,0.09,0.6931,0.036,0.0549,0.646,0.0831,0.6271,0.0311,0.0497,0.6097,0.0811,0.6017
2014-10-22T00:20:59.696Z,0.0367,0.0539,0.6094,0.0858,0.6819,0.0361,0.0561,0.6542,0.085,0.6167,0.0356,0.0547,0.6197,0.0853,0.6067
2014-10-22T00:21:59.066Z,0.0371,0.0552,0.6097,0.0865,0.7019,0.0371,0.0587,0.6639,0.0865,0.6323,0.0274,0.0468,0.59,0.081,0.5739
2014-10-22T00:22:59.582Z,0.039,0.0565,0.6213,0.0877,0.7032,0.0377,0.0577,0.669,0.0845,0.6006,0.0287,0.0481,0.5871,0.0794,0.5784
2014-10-22T00:23:59.099Z,0.0404,0.0581,0.6188,0.0892,0.7223,0.0388,0.0592,0.6665,0.0877,0.6323,0.0312,0.0496,0.6112,0.0804,0.5646
2014-10-22T00:24:59.534Z,0.04,0.0569,0.6117,0.09,0.7159,0.0341,0.0541,0.6552,0.0821,0.5941,0.031,0.05,0.6028,0.0821,0.5859
2014-10-22T00:25:59.028Z,0.0405,0.0576,0.6243,0.0889,0.7219,0.0373,0.0589,0.663,0.0876,0.6127,0.033,0.0516,0.6122,0.0838,0.6189
2014-10-22T00:26:59.770Z,0.0381,0.0558,0.61,0.0865,0.6919,0.0358,0.0535,0.6539,0.0823,0.63,0.0274,0.0465,0.5823,0.079,0.5577
2014-10-22T00:27:59.221Z,0.0338,0.0518,0.5962,0.085,0.6606,0.0335,0.0553,0.6538,0.0841,0.5903,0.0309,0.0512,0.6029,0.0824,0.56
2014-10-22T00:28:59.826Z,0.0366,0.0532,0.6081,0.0849,0.6768,0.0402,0.0594,0.6732,0.087,0.6489,0.0304,0.05,0.6121,0.0806,0.5764
2014-10-22T00:29:59.205Z,0.0367,0.056,0.6147,0.087,0.6713,0.029,0.0497,0.62,0.079,0.55,0.0297,0.047,0.5983,0.0783,0.6
2014-10-22T00:30:59.483Z,0.0382,0.0553,0.6115,0.0853,0.7029,0.0338,0.0559,0.6515,0.0844,0.5688,0.0338,0.0526,0.6318,0.0818,0.6182
2014-10-22T00:31:59.943Z,0.035,0.0529,0.5997,0.085,0.6742,0.0347,0.0561,0.6482,0.0858,0.5939,0.0308,0.0497,0.6189,0.0795,0.6129
2014-10-22T00:32:59.283Z,0.0382,0.0546,0.6126,0.0867,0.6956,0.0408,0.0615,0.6751,0.0897,0.6221,0.03,0.0513,0.6062,0.0826,0.5656
2014-10-22T00:33:59.641Z,0.0378,0.0543,0.6073,0.0868,0.695,0.0375,0.0572,0.6658,0.0833,0.6038,0.0318,0.0515,0.6085,0.0825,0.5915
2014-10-22T00:34:59.987Z,0.037,0.054,0.6123,0.087,0.6727,0.0367,0.0573,0.661,0.087,0.626,0.0277,0.047,0.6,0.0793,0.5727
2014-10-22T00:35:59.348Z,0.0343,0.0533,0.6037,0.087,0.682,0.0373,0.0587,0.6633,0.087,0.619,0.026,0.0453,0.5797,0.0753,0.5527
2014-10-22T00:36:59.767Z,0.0369,0.0554,0.5973,0.0877,0.6804,0.0369,0.0577,0.6604,0.0877,0.6123,0.0288,0.0492,0.6035,0.0812,0.5654
2014-10-22T00:37:59.156Z,0.0349,0.0531,0.6013,0.0851,0.6818,0.0321,0.0531,0.65,0.0805,0.5972,0.0277,0.0456,0.5872,0.0792,0.5818
2014-10-22T00:38:59.902Z,0.0357,0.0526,0.6005,0.0838,0.6788,0.0364,0.0567,0.6531,0.0857,0.6383,0.0307,0.0486,0.6048,0.081,0.6121
2014-10-22T00:39:59.277Z,0.0378,0.0548,0.6089,0.087,0.697,0.0356,0.0541,0.6426,0.0844,0.6396,0.0263,0.0459,0.5878,0.0793,0.5515
2014-10-22T00:40:59.707Z,0.0359,0.0548,0.6111,0.0878,0.66,0.0381,0.0589,0.6637,0.0874,0.6263,0.0296,0.0481,0.5941,0.0819,0.5919
2014-10-22T00:41:59.953Z,0.0338,0.0512,0.5935,0.0865,0.6562,0.0397,0.0579,0.67,0.0862,0.6497,0.0268,0.0471,0.5906,0.0788,0.5471
2014-10-22T00:42:59.367Z,0.0387,0.056,0.6153,0.0883,0.71,0.0327,0.0517,0.638,0.082,0.5993,0.029,0.0473,0.5973,0.0783,0.5887
2014-10-22T00:43:59.866Z,0.0388,0.0545,0.6124,0.0891,0.7091,0.0339,0.0545,0.6445,0.0827,0.6033,0.0282,0.047,0.5827,0.0791,0.5667
2014-10-22T00:44:59.249Z,0.0343,0.0518,0.5846,0.0857,0.6925,0.0389,0.0607,0.6629,0.0896,0.6221,0.0268,0.0475,0.5986,0.0804,0.5289
2014-10-22T00:45:59.711Z,0.0406,0.0571,0.619,0.0887,0.719,0.0329,0.0523,0.651,0.0797,0.5687,0.0271,0.0455,0.5897,0.0781,0.5771
2014-10-22T00:46:59.164Z,0.0388,0.0553,0.6062,0.0882,0.7112,0.0374,0.0565,0.6612,0.0853,0.6221,0.0279,0.0476,0.59,0.0791,0.5644
2014-10-22T00:47:59.515Z,0.035,0.0512,0.5994,0.0835,0.6779,0.0347,0.0547,0.6618,0.0829,0.6091,0.0282,0.0468,0.5915,0.0788,0.5735
2014-10-22T00:48:59.967Z,0.036,0.053,0.6067,0.0849,0.6928,0.0372,0.0567,0.6628,0.0858,0.6244,0.0316,0.0519,0.5984,0.0844,0.5942
2014-10-22T00:49:59.560Z,0.0354,0.0523,0.5969,0.0865,0.6977,0.0365,0.0569,0.6592,0.0862,0.6127,0.0235,0.0431,0.5677,0.0758,0.5315
2014-10-22T00:50:59.885Z,0.0384,0.0541,0.607,0.0868,0.7108,0.0349,0.0557,0.6565,0.0838,0.6051,0.0276,0.0446,0.577,0.0792,0.5884
2014-10-22T00:51:59.407Z,0.0362,0.0544,0.6109,0.0856,0.6697,0.0356,0.0553,0.6444,0.0847,0.6256,0.0309,0.0497,0.6103,0.0803,0.6015
2014-10-22T00:52:59.780Z,0.0412,0.0582,0.6239,0.0906,0.7188,0.0294,0.0506,0.6333,0.0797,0.5467,0.0261,0.0464,0.5861,0.0794,0.5582
2014-10-22T00:53:59.277Z,0.0389,0.0552,0.6107,0.0889,0.6974,0.0333,0.0519,0.6389,0.08,0.5989,0.03,0.0474,0.6004,0.0796,0.59
2014-10-22T00:54:59.742Z,0.0368,0.0532,0.6045,0.0868,0.6939,0.0352,0.0561,0.6574,0.0839,0.6071,0.029,0.0487,0.5916,0.0803,0.5765
2014-10-22T00:55:59.228Z,0.0404,0.057,0.6259,0.0885,0.7278,0.0341,0.0548,0.6581,0.0833,0.6044,0.0278,0.0489,0.6085,0.0785,0.5722
2014-10-22T00:56:59.531Z,0.0366,0.0541,0.6109,0.0863,0.6797,0.0338,0.0541,0.6459,0.0825,0.6041,0.0272,0.0472,0.585,0.08,0.5534
2014-10-22T00:57:59.888Z,0.0358,0.0533,0.6031,0.0847,0.6964,0.0342,0.0536,0.6436,0.0828,0.6161,0.0311,0.0511,0.6072,0.0825,0.6033
2014-10-22T00:58:59.450Z,0.0356,0.0528,0.6031,0.0866,0.6931,0.0431,0.0628,0.68,0.0916,0.6628,0.0347,0.0544,0.6181,0.0856,0.5978
2014-10-22T00:59:59.801Z,0.0353,0.0538,0.5988,0.0853,0.685,0.0331,0.0528,0.6425,0.0822,0.5862,0.0281,0.05,0.6125,0.0803,0.5781
