2014-11-20T00:00:59.300Z,3.6053,22.9676,230.0099,0.0998,0.1575,-6.1805,22.701,231.4229,0.0986,-0.2727,10.4443,26.2165,233.6783,0.1125,0.3989
2014-11-20T00:01:59.584Z,3.4866,22.9954,229.4407,0.0997,0.1531,-6.4193,23.0904,231.0282,0.1003,-0.2786,10.4272,26.4509,233.3401,0.1135,0.3953
2014-11-20T00:02:59.876Z,3.4939,22.7637,229.4421,0.0991,0.1537,-6.5541,22.9594,231.4535,0.0991,-0.2856,10.3862,26.6702,233.4911,0.1146,0.3906
2014-11-20T00:03:59.288Z,2.9755,23.4791,229.9396,0.1019,0.1271,-6.2022,23.104,232.2809,0.0995,-0.2678,10.6405,27.0841,233.3288,0.1162,0.3947
2014-11-20T00:04:59.011Z,3.3328,22.9388,229.8333,0.1001,0.1454,-6.7459,23.5592,231.9256,0.1015,-0.2867,9.9692,26.2923,233.4454,0.1125,0.3819
2014-11-20T00:05:59.713Z,3.2873,23.3871,229.6219,0.1017,0.1414,-6.7774,23.3773,231.87,0.1006,-0.2901,10.4171,27.3812,233.2408,0.1171,0.3799
2014-11-20T00:06:59.939Z,3.4056,23.1891,229.6486,0.1006,0.1455,-6.7295,23.0686,231.6022,0.0994,-0.2932,10.3754,27.2055,233.1399,0.1171,0.3819
2014-11-20T00:07:59.328Z,3.0832,23.3994,229.1878,0.1027,0.1339,-7.019,23.4646,231.2843,0.1013,-0.2989,10.3135,27.3996,232.8569,0.1181,0.3767
2014-11-20T00:08:59.633Z,3.3623,23.629,228.8827,0.1039,0.1436,-6.8116,23.4056,231.1828,0.1015,-0.2913,10.3897,26.9211,232.2116,0.1164,0.3863
2014-11-20T00:09:59.258Z,3.4141,22.9868,228.7987,0.1005,0.1487,-6.8684,23.4245,229.7427,0.1015,-0.2943,10.5725,27.1572,232.356,0.1158,0.3892
2014-11-20T00:10:59.955Z,3.3184,23.5863,228.8743,0.1029,0.1407,-7.1025,23.3711,227.9836,0.1025,-0.3059,10.5105,27.0699,232.3367,0.1162,0.3884
2014-11-20T00:11:59.225Z,3.0018,23.3748,228.5469,0.1025,0.1278,-6.8937,23.4523,230.6425,0.1017,-0.2947,10.4086,26.8565,232.2961,0.116,0.3873
2014-11-20T00:12:59.691Z,3.3252,23.0924,228.6701,0.1006,0.1435,-7.3443,23.266,230.8032,0.1003,-0.3156,10.1331,26.5249,232.8121,0.114,0.3828
2014-11-20T00:13:59.143Z,3.4391,23.6123,228.9511,0.1037,0.147,-6.4318,23.3853,231.0249,0.1013,-0.2767,10.4506,27.2766,232.92,0.1173,0.3833
2014-11-20T00:14:59.889Z,3.5576,23.3565,229.3527,0.1022,0.1533,-6.358,23.4176,230.7871,0.1016,-0.2722,10.6643,26.9185,232.7033,0.116,0.3967
2014-11-20T00:15:59.808Z,3.6624,23.5853,230.8744,0.1022,0.1553,-6.7991,23.3019,228.9921,0.1019,-0.2924,10.6485,26.9778,233.8385,0.1151,0.3949
2014-11-20T00:16:59.489Z,3.6599,23.806,232.223,0.1019,0.1547,-6.6057,23.3489,228.6148,0.1019,-0.2832,10.7429,27.5237,234.8195,0.1177,0.3913
2014-11-20T00:17:59.365Z,3.4438,23.5225,231.5254,0.1015,0.1468,-6.6816,23.8945,231.3982,0.1033,-0.2809,10.5853,27.2483,234.0159,0.1166,0.3897
2014-11-20T00:18:59.087Z,3.2861,22.5049,231.0266,0.0973,0.1463,-6.7923,22.7274,231.235,0.0977,-0.2962,10.7628,27.3783,234.1721,0.1166,0.3941
2014-11-20T00:19:59.161Z,3.7664,23.5247,231.427,0.1015,0.16,-6.8295,22.7635,231.6827,0.0984,-0.2985,10.6761,26.8455,234.3406,0.1148,0.3986
2014-11-20T00:20:59.498Z,3.5826,22.996,231.1932,0.0996,0.1574,-6.7817,22.8963,231.1889,0.0989,-0.2963,10.6628,26.8553,233.8398,0.1152,0.3984
2014-11-20T00:21:59.974Z,3.4049,23.4033,231.4623,0.1015,0.146,-6.6743,23.2326,231.0734,0.1003,-0.2866,10.2563,26.7671,233.7132,0.1147,0.3854
2014-11-20T00:22:59.645Z,3.6363,23.5421,231.3372,0.1019,0.1547,-6.6622,22.7567,231.2435,0.0986,-0.2922,10.5111,27.0565,233.2476,0.1165,0.3903
2014-11-20T00:23:59.025Z,3.4417,23.0508,231.2594,0.1001,0.1517,-7.1159,23.0911,230.4866,0.1001,-0.3065,10.8296,27.5282,233.7655,0.118,0.3959
2014-11-20T00:24:59.462Z,3.3678,23.7239,230.9935,0.1034,0.1432,-6.5319,23.6987,230.8962,0.1027,-0.2772,10.3645,27.1235,233.8377,0.1156,0.3851
2014-11-20T00:25:59.422Z,3.2534,23.4479,231.0568,0.1021,0.1394,-7.0023,23.5044,228.8621,0.1028,-0.2993,10.6151,27.4797,233.5597,0.1179,0.3873
2014-11-20T00:26:59.862Z,3.5373,23.888,231.8381,0.1029,0.1486,-6.8564,23.1354,227.804,0.1017,-0.2964,10.5586,27.578,234.0582,0.1178,0.3822
2014-11-20T00:27:59.151Z,2.9703,23.7344,232.0681,0.1024,0.1267,-6.7072,23.2202,228.5181,0.1016,-0.2895,10.324,27.4309,233.4444,0.1178,0.3771
2014-11-20T00:28:59.494Z,3.2801,24.0121,232.0172,0.1037,0.1369,-6.7397,23.1639,229.8164,0.1007,-0.2911,10.4583,27.2038,233.5181,0.1165,0.3856
2014-11-20T00:29:59.526Z,3.1185,23.5439,232.0482,0.1009,0.1343,-6.8724,23.8688,232.0454,0.1028,-0.2887,10.5297,27.0516,232.9651,0.1161,0.3894
2014-11-20T00:30:59.160Z,3.2983,23.787,230.7632,0.1032,0.138,-7.0317,23.4233,231.6897,0.1011,-0.2998,10.1437,26.6863,232.4666,0.1146,0.381
2014-11-20T00:31:59.380Z,3.5909,23.7306,230.3102,0.1032,0.1505,-7.1466,23.359,231.6436,0.1015,-0.3047,10.2729,26.6891,232.2366,0.115,0.3843
2014-11-20T00:32:59.204Z,3.5795,23.6632,230.3448,0.1024,0.1507,-6.9711,23.5607,232.398,0.1017,-0.2963,10.2486,26.8587,232.5971,0.1154,0.3813
2014-11-20T00:33:59.664Z,2.7759,23.405,231.5319,0.1015,0.1197,-7.0502,23.7152,232.5347,0.102,-0.2978,10.2853,27.1618,232.7317,0.1171,0.3795
2014-11-20T00:34:59.431Z,3.3202,24.0617,231.8106,0.104,0.1397,-6.4387,23.6591,231.9413,0.1019,-0.273,10.5222,26.918,232.7884,0.1155,0.3917
2014-11-20T00:35:59.672Z,3.6218,23.3934,231.4615,0.1016,0.1548,-6.9218,23.3256,231.3296,0.1007,-0.2972,10.3493,27.2187,232.8969,0.1162,0.3808
2014-11-20T00:36:59.965Z,3.9928,24.0086,231.8929,0.1037,0.1667,-6.9526,23.2163,231.7334,0.1006,-0.2987,10.3294,26.8243,233.1256,0.1141,0.3848
2014-11-20T00:37:59.126Z,3.4135,23.5228,231.0922,0.1016,0.1457,-7.16,23.3228,231.8133,0.1009,-0.3066,10.3852,26.7543,232.7249,0.115,0.3887
2014-11-20T00:38:59.853Z,3.8018,23.8218,231.1009,0.1028,0.1593,-6.6909,22.8026,231.8342,0.0984,-0.2905,10.2679,26.4071,232.3837,0.114,0.3915
2014-11-20T00:39:59.512Z,3.862,23.5539,231.1373,0.1025,0.1646,-6.8867,23.5832,230.7902,0.1017,-0.292,10.6758,27.4354,232.8745,0.1181,0.3892
2014-11-20T00:40:59.992Z,3.2489,23.1704,231.7764,0.0998,0.1391,-7.6564,23.3508,228.9898,0.1016,-0.3293,10.6329,27.7188,233.4785,0.1192,0.384
2014-11-20T00:41:59.085Z,2.4643,23.2443,231.4337,0.1001,0.1049,-7.336,23.5459,232.0148,0.1013,-0.3128,10.3387,27.1475,232.0865,0.1165,0.3823
2014-11-20T00:42:59.606Z,3.5365,23.8973,231.5981,0.1029,0.1473,-6.8503,23.2885,232.1397,0.1001,-0.2943,10.4094,26.704,232.7068,0.1143,0.3893
2014-11-20T00:43:59.292Z,3.5761,23.9006,231.791,0.1039,0.1495,-6.5165,23.7747,232.2735,0.1018,-0.2742,10.3667,26.8224,232.8633,0.1153,0.3867
2014-11-20T00:44:59.647Z,3.455,23.3872,231.2022,0.1013,0.1474,-6.613,23.3713,232.1454,0.1005,-0.2819,10.6734,27.5724,232.8699,0.1181,0.3871
2014-11-20T00:45:59.265Z,3.0159,23.2507,231.9113,0.1003,0.1306,-6.4944,23.297,232.5422,0.0999,-0.2781,10.3833,27.4259,232.3597,0.1178,0.3783
2014-11-20T00:46:59.589Z,2.9017,23.6264,232.353,0.1015,0.1233,-7.2494,23.3333,232.5089,0.1001,-0.3105,10.341,26.9181,232.5929,0.1157,0.3852
2014-11-20T00:47:59.298Z,3.3777,24.0415,232.5219,0.1038,0.1412,-6.4676,24.1272,232.8602,0.1032,-0.2697,10.6111,27.2298,232.9691,0.1167,0.3899
2014-11-20T00:48:59.146Z,3.2714,23.7047,232.7968,0.1026,0.1387,-6.4561,23.5255,232.4289,0.1012,-0.2745,10.5376,26.8926,232.9386,0.1155,0.3938
2014-11-20T00:49:59.757Z,3.2557,24.0283,232.202,0.1033,0.1359,-7.025,23.1946,232.8503,0.0993,-0.3016,10.3424,26.7745,233.0952,0.1153,0.3857
2014-11-20T00:50:59.326Z,3.0339,23.8574,232.4355,0.1025,0.1288,-6.749,23.6009,232.8022,0.1012,-0.2865,10.6254,27.2268,232.5933,0.117,0.3908
2014-11-20T00:51:59.858Z,3.8432,23.5934,231.8023,0.1024,0.164,-6.9324,23.402,232.5761,0.1008,-0.2963,10.7619,27.1631,233.4148,0.1161,0.396
2014-11-20T00:52:59.252Z,2.8213,23.1286,231.011,0.1004,0.1232,-6.9516,23.531,233.2271,0.1006,-0.2961,10.6619,27.6143,232.9572,0.1188,0.386
2014-11-20T00:53:59.575Z,3.1876,23.5356,231.0046,0.1016,0.1351,-6.6369,23.8647,232.8234,0.1024,-0.2781,10.3972,27.3222,233.3349,0.1174,0.3804
2014-11-20T00:54:59.713Z,3.0791,23.629,230.5556,0.1024,0.1319,-6.8321,23.3419,232.0681,0.1006,-0.293,10.5515,26.8921,233.0566,0.1157,0.392
2014-11-20T00:55:59.006Z,3.3655,23.3637,231.7822,0.1009,0.1458,-7.0537,23.5319,232.1656,0.1011,-0.3001,10.5492,27.1084,233.5778,0.1157,0.3887
2014-11-20T00:56:59.927Z,3.2308,23.8066,232.8968,0.1022,0.1372,-6.9092,23.1154,232.1895,0.0994,-0.2998,10.5927,26.9178,232.8998,0.1158,0.394
2014-11-20T00:57:59.356Z,3.017,23.4745,232.1697,0.1014,0.1294,-6.5683,23.4167,232.392,0.1008,-0.2802,10.3143,27.247,233.3041,0.1166,0.3798
2014-11-20T00:58:59.013Z,3.0801,23.4255,232.3223,0.1006,0.1315,-7.1103,23.5237,232.5718,0.1003,-0.3024,10.397,27.5884,234.0611,0.1176,0.3782
2014-11-20T00:59:59.211Z,3.1874,23.7236,232.2285,0.1021,0.1344,-7.0615,23.3453,231.6602,0.1011,-0.3026,10.3243,27.1286,233.8052,0.1161,0.3807
2014-11-20T01:00:59.439Z,3.6587,23.0872,231.3986,0.1007,0.16,-6.2626,23.0174,230.9823,0.0994,-0.273,10.5887,26.4623,233.5501,0.1131,0.4019
2014-11-20T01:01:59.375Z,3.4988,23.0557,231.3448,0.0995,0.153,-6.7292,22.7612,229.8889,0.0986,-0.2958,10.5225,26.8914,233.6892,0.1156,0.3935
2014-11-20T01:02:59.433Z,3.8384,23.2757,231.8793,0.1011,0.1661,-6.5554,21.9331,228.3016,0.0966,-0.2976,10.7643,27.0765,234.3871,0.1154,0.4007
2014-11-20T01:03:59.733Z,3.3548,23.5036,230.9777,0.102,0.1438,-6.6645,22.3237,230.3303,0.0967,-0.2967,10.5648,26.3213,232.8298,0.1129,0.4038
2014-11-20T01:04:59.102Z,3.6333,23.2743,230.8489,0.1011,0.1574,-6.3084,22.9031,230.3482,0.0998,-0.2759,10.5078,26.8073,233.2619,0.1145,0.393
2014-11-20T01:05:59.160Z,3.6004,23.5913,231.6878,0.1018,0.1532,-6.3193,23.5516,229.697,0.1026,-0.2695,10.3124,26.7667,233.7834,0.1147,0.3861
2014-11-20T01:06:59.281Z,3.7506,23.8869,231.6786,0.1033,0.1573,-6.4884,23.2983,229.473,0.1015,-0.2794,10.3792,26.6063,232.7498,0.1146,0.3898
2014-11-20T01:07:59.679Z,3.7339,23.7232,232.2866,0.1024,0.158,-6.958,23.3774,231.0373,0.1017,-0.2985,10.3005,26.7854,232.6363,0.1148,0.3849
2014-11-20T01:08:59.828Z,3.8255,23.8226,232.52,0.1024,0.1624,-7.0774,23.3389,231.1924,0.1011,-0.3037,10.3551,27.0096,233.0105,0.1165,0.3836
2014-11-20T01:09:59.675Z,3.2913,23.7008,232.1657,0.1023,0.1394,-7.1325,23.1798,230.8769,0.1002,-0.3074,10.386,27.04,232.7447,0.1158,0.3849
2014-11-20T01:10:59.502Z,3.1261,23.811,232.9965,0.1024,0.1323,-6.5654,23.6114,231.8128,0.1019,-0.2783,10.3337,27.272,232.4453,0.1172,0.3799
2014-11-20T01:11:59.274Z,3.1109,23.6738,232.79,0.1015,0.1321,-6.5662,23.5864,232.3386,0.1012,-0.2785,10.4176,27.1066,232.7023,0.1163,0.3852
2014-11-20T01:12:59.781Z,3.7638,23.6321,232.258,0.1013,0.161,-6.6533,23.5688,231.9855,0.1014,-0.2838,10.4294,27.1926,233.4103,0.1164,0.3834
2014-11-20T01:13:59.123Z,3.6432,23.7685,232.2985,0.1026,0.154,-6.8878,23.3213,232.1114,0.0994,-0.2952,10.476,27.3829,234.243,0.1172,0.3834
2014-11-20T01:14:59.171Z,3.1378,23.6495,232.8452,0.1018,0.133,-6.8135,23.991,232.7825,0.103,-0.2849,10.5675,27.4516,234.0422,0.1174,0.3852
2014-11-20T01:15:59.106Z,3.1685,24.0519,232.4484,0.1036,0.1326,-6.7456,23.5247,232.9085,0.1015,-0.2853,10.5063,27.3124,233.6539,0.1169,0.3845
2014-11-20T01:16:59.369Z,3.1886,23.8381,231.8917,0.1028,0.1354,-6.6749,23.4447,232.8483,0.1006,-0.2851,10.5581,26.9345,233.4587,0.1153,0.3921
2014-11-20T01:17:59.551Z,3.0323,23.6587,232.6176,0.1018,0.1301,-6.8932,23.3036,233.1562,0.0997,-0.2959,10.5554,27.0289,233.7115,0.1151,0.391
2014-11-20T01:18:59.535Z,3.12,23.0161,232.1033,0.0988,0.1365,-6.6857,23.0963,231.6022,0.1,-0.2898,10.9549,27.1965,234.441,0.1159,0.405
2014-11-20T01:19:59.056Z,3.0709,23.2978,232.0547,0.1002,0.1316,-6.8842,22.8397,231.8768,0.0985,-0.3003,10.3604,26.8071,234.5986,0.1143,0.3874
2014-11-20T01:20:59.318Z,2.9973,23.484,232.0577,0.1012,0.1272,-6.8887,23.0205,234.1426,0.0984,-0.2994,10.2929,26.9637,234.3634,0.1156,0.3824
2014-11-20T01:21:59.615Z,3.0598,23.3222,232.317,0.0997,0.1332,-6.9459,22.7736,233.8047,0.0977,-0.3032,10.6465,26.9086,233.7891,0.1153,0.3967
2014-11-20T01:22:59.014Z,2.9276,23.5048,233.0019,0.1009,0.1259,-6.3818,23.4713,233.079,0.1008,-0.272,10.5663,26.8568,233.6069,0.1144,0.3946
2014-11-20T01:23:59.459Z,3.3627,23.5608,232.4946,0.1015,0.1427,-6.4788,23.3446,232.5629,0.1004,-0.2766,10.7602,27.2936,233.8852,0.1167,0.3967
2014-11-20T01:24:59.891Z,3.4637,23.7206,232.4887,0.1024,0.1463,-6.536,23.5783,232.0088,0.1014,-0.2772,10.5707,27.8137,234.2446,0.1188,0.3807
2014-11-20T01:25:59.815Z,3.5966,23.5037,232.1628,0.101,0.154,-7.1999,23.4861,231.7691,0.1012,-0.3071,10.5295,27.6016,233.898,0.1183,0.383
2014-11-20T01:26:59.391Z,3.592,24.0686,232.5889,0.1041,0.1509,-6.4896,23.8178,232.2396,0.1026,-0.2739,10.4468,27.1285,234.1688,0.116,0.3853
2014-11-20T01:27:59.018Z,3.4933,23.4783,232.6638,0.1008,0.1482,-7.0319,23.7409,232.7266,0.1017,-0.2968,10.2057,26.9026,234.3282,0.1152,0.3801
2014-11-20T01:28:59.590Z,3.2437,23.6065,232.918,0.102,0.1378,-6.6209,23.6369,233.5597,0.1013,-0.2812,10.8003,27.4733,234.2621,0.1171,0.3957
2014-11-20T01:29:59.973Z,3.5579,23.9706,232.5504,0.1035,0.1486,-7.017,23.3102,232.5599,0.1001,-0.301,10.5004,27.0926,234.286,0.1154,0.3872
2014-11-20T01:30:59.183Z,3.6072,23.859,232.0074,0.1032,0.1514,-7.2352,23.3398,232.2871,0.1003,-0.3097,10.3101,26.7935,233.9524,0.1141,0.3853
2014-11-20T01:31:59.287Z,3.7468,23.723,232.0483,0.1028,0.1601,-6.7596,23.5585,232.5645,0.1016,-0.2877,10.8222,27.2701,234.1237,0.1166,0.3962
2014-11-20T01:32:59.802Z,3.6176,23.6088,232.3873,0.102,0.1541,-6.7983,23.4333,232.466,0.1012,-0.2907,10.7614,27.1594,233.9259,0.116,0.3956
2014-11-20T01:33:59.249Z,3.6685,23.5034,232.4692,0.101,0.1603,-6.8261,23.5386,232.5668,0.1015,-0.2905,10.9846,27.2118,234.0913,0.1162,0.4037
2014-11-20T01:34:59.482Z,2.7391,23.7736,232.8995,0.1023,0.1176,-7.0822,23.4943,232.5069,0.1005,-0.3017,10.5731,27.2553,233.7022,0.1164,0.3873
2014-11-20T01:35:59.072Z,3.0595,23.8058,232.5689,0.1022,0.1269,-7.0728,23.9633,232.4638,0.103,-0.2974,10.278,27.389,233.9787,0.1173,0.376
2014-11-20T01:36:59.965Z,3.6948,23.7031,232.4953,0.1023,0.1575,-6.4399,23.7037,232.4748,0.1019,-0.2721,10.9046,27.1441,234.1829,0.1161,0.402
2014-11-20T01:37:59.214Z,4.0216,23.9333,232.5442,0.1029,0.1695,-6.9724,23.2104,232.5132,0.1002,-0.2995,10.6975,26.9922,234.2961,0.1147,0.3975
2014-11-20T01:38:59.499Z,3.9238,24.0141,232.4147,0.1039,0.1643,-6.9428,23.3267,232.17,0.1007,-0.2977,10.6294,27.3071,234.3966,0.1166,0.3888
2014-11-20T01:39:59.727Z,3.3226,23.6159,232.6869,0.1013,0.1421,-6.9849,23.4209,232.3543,0.0999,-0.2978,10.5382,27.5021,233.9489,0.118,0.3835
2014-11-20T01:40:59.507Z,2.8375,23.6355,232.5396,0.1013,0.1202,-6.6159,23.8851,232.3852,0.1022,-0.278,10.6865,27.6672,233.7655,0.1184,0.386
2014-11-20T01:41:59.545Z,3.2939,23.9324,232.636,0.1027,0.1387,-6.6898,23.8671,232.5797,0.1023,-0.2806,10.2256,26.9903,233.7735,0.1154,0.3796
2014-11-20T01:42:59.049Z,3.2287,23.9677,232.3634,0.1037,0.1352,-6.4026,23.7063,232.7828,0.1017,-0.2708,10.5723,26.9557,233.5987,0.1151,0.3918
2014-11-20T01:43:59.399Z,3.1623,23.785,232.0099,0.1021,0.1333,-6.5794,23.7529,232.2432,0.102,-0.2773,10.6012,26.7181,233.1505,0.115,0.3968
2014-11-20T01:44:59.923Z,2.9628,23.8731,232.592,0.1032,0.1247,-6.3573,23.8972,232.2543,0.1026,-0.2678,10.5489,27.0198,233.1936,0.1162,0.3907
2014-11-20T01:45:59.438Z,3.0225,23.9506,232.5583,0.1024,0.1271,-7.114,23.3006,232.6838,0.0999,-0.3055,10.4649,27.0781,233.757,0.1157,0.3874
2014-11-20T01:46:59.843Z,3.2369,23.8722,232.4476,0.1024,0.1378,-6.428,23.8273,232.0813,0.1024,-0.2713,10.8181,27.6722,233.8626,0.1183,0.3905
2014-11-20T01:47:59.271Z,2.8268,23.5627,232.3265,0.1019,0.1209,-6.8391,23.2396,231.4039,0.1005,-0.2937,10.3913,26.9456,233.8432,0.1154,0.3865
2014-11-20T01:48:59.568Z,3.1515,23.908,232.3392,0.1033,0.1344,-6.5916,23.2539,231.4747,0.1003,-0.2836,10.7223,27.058,233.8326,0.1153,0.3977
2014-11-20T01:49:59.230Z,3.014,23.911,232.5222,0.1027,0.1255,-6.6795,23.8558,231.9882,0.1032,-0.2809,10.5442,27.4871,234.12,0.118,0.3846
2014-11-20T01:50:59.406Z,3.1535,23.5118,230.9701,0.1024,0.1346,-6.61,23.898,232.7221,0.1026,-0.278,10.6403,27.2105,233.9556,0.1164,0.3904
2014-11-20T01:51:59.668Z,3.1809,23.661,231.2522,0.1023,0.1355,-6.866,23.5912,232.3239,0.1016,-0.2914,10.6841,27.3821,233.4074,0.1173,0.3904
2014-11-20T01:52:59.524Z,3.4878,23.2284,231.0039,0.1001,0.1501,-6.7398,23.8449,232.8338,0.102,-0.2826,10.4149,27.2046,233.2843,0.1166,0.3839
2014-11-20T01:53:59.831Z,3.4805,23.1618,231.3747,0.1001,0.1509,-6.63,22.816,232.8223,0.0984,-0.2895,10.591,26.4931,233.0326,0.1137,0.4011
2014-11-20T01:54:59.720Z,3.7287,23.2156,232.0832,0.1,0.1623,-5.7939,22.5245,232.4001,0.0968,-0.2568,10.5781,26.1106,233.0371,0.1113,0.4068
2014-11-20T01:55:59.351Z,3.244,23.2054,232.0767,0.0996,0.1409,-6.5642,23.1691,233.02,0.0989,-0.283,10.4965,26.7198,232.604,0.1145,0.3945
2014-11-20T01:56:59.660Z,3.2057,23.5213,232.7202,0.101,0.1374,-6.7159,23.7588,233.2684,0.1017,-0.283,10.5819,27.0696,232.721,0.1165,0.3911
2014-11-20T01:57:59.250Z,3.3843,23.688,232.4581,0.1019,0.1442,-6.4992,23.9547,233.2303,0.1023,-0.2724,10.6286,27.4751,233.5838,0.118,0.3883
2014-11-20T01:58:59.773Z,3.2421,23.4138,233.2432,0.1001,0.1395,-6.8375,23.1538,232.4054,0.0994,-0.2947,10.5797,27.2388,233.5202,0.1162,0.3901
2014-11-20T01:59:59.055Z,3.5439,23.8429,232.5952,0.1027,0.1495,-7.3028,23.3505,229.8141,0.1015,-0.3129,10.5164,27.5059,233.7441,0.1179,0.3818
