2014-11-21T00:00:59.848Z,3.6411,23.4139,232.4764,0.1004,0.1578,-6.3755,23.2966,233.2885,0.1002,-0.2735,10.7272,27.0307,234.3681,0.1156,0.3978
2014-11-21T00:01:59.142Z,3.2333,24.0305,232.9722,0.1027,0.1363,-6.5558,23.3493,233.0149,0.0999,-0.2802,10.651,27.2877,234.1329,0.1163,0.3916
2014-11-21T00:02:59.343Z,3.6388,23.7644,232.6768,0.1023,0.1547,-6.9149,23.8049,232.7134,0.1024,-0.2899,10.5935,27.586,233.8082,0.1185,0.3854
2014-11-21T00:03:59.622Z,3.4793,24.0505,232.6645,0.1033,0.1453,-6.6782,23.5311,232.9938,0.1005,-0.2832,10.671,27.4295,233.5879,0.1173,0.3898
2014-11-21T00:04:59.843Z,3.236,24.6664,232.6691,0.1063,0.1332,-6.7638,24.001,233.5429,0.1026,-0.2819,10.6562,27.3648,233.0229,0.1173,0.3913
2014-11-21T00:05:59.136Z,2.8165,24.6684,232.7804,0.1063,0.1144,-7.1969,24.0333,233.4899,0.1031,-0.2994,10.2346,27.4904,232.8844,0.1183,0.3723
2014-11-21T00:06:59.207Z,3.7317,24.6697,232.893,0.1052,0.1524,-7.4747,23.8388,232.9871,0.102,-0.3128,10.4633,27.2748,232.3277,0.1183,0.3837
2014-11-21T00:07:59.335Z,3.4924,24.351,231.7587,0.1047,0.1441,-7.1837,23.9287,233.2103,0.1022,-0.2998,10.593,27.6794,233.7799,0.1186,0.3832
2014-11-21T00:08:59.629Z,3.2629,24.0837,232.6716,0.1031,0.1355,-7.3363,24.292,233.6198,0.1038,-0.3029,10.5011,28.1063,234.2471,0.1194,0.3737
2014-11-21T00:09:59.819Z,3.6678,24.2471,232.2763,0.1046,0.1523,-7.043,24.196,232.6073,0.1038,-0.2921,10.8446,28.032,234.4897,0.1196,0.3866
2014-11-21T00:10:59.957Z,3.3728,24.1439,231.42,0.1041,0.1404,-6.923,23.6967,233.1192,0.1009,-0.2913,10.5504,27.772,233.5282,0.1187,0.3805
2014-11-21T00:11:59.213Z,3.5058,24.2391,231.7139,0.1047,0.1449,-7.1777,23.8062,233.1981,0.1024,-0.2998,10.5945,27.5431,233.7813,0.1183,0.3858
2014-11-21T00:12:59.382Z,3.3878,24.2162,231.1646,0.1048,0.1402,-6.9195,23.8957,233.1047,0.1022,-0.2895,10.71,27.6914,233.5456,0.1191,0.3868
2014-11-21T00:13:59.594Z,3.0913,24.3356,231.5444,0.1054,0.1268,-7.0066,23.8118,233.2036,0.1018,-0.2934,10.3281,27.636,233.1572,0.1189,0.3747
2014-11-21T00:14:59.695Z,2.7401,24.4234,231.4983,0.1055,0.113,-7.5685,23.993,233.4383,0.1023,-0.316,10.4877,27.6167,232.6903,0.1189,0.3797
2014-11-21T00:15:59.924Z,3.2159,23.8641,231.394,0.1035,0.1385,-6.5818,23.7954,233.0976,0.1019,-0.2745,10.6436,27.2945,232.5846,0.1172,0.3923
2014-11-21T00:16:59.109Z,3.4525,23.7821,231.6162,0.103,0.1464,-6.8507,24.0405,232.8145,0.1027,-0.2849,10.9212,27.6837,232.7945,0.1191,0.3962
2014-11-21T00:17:59.223Z,2.9748,24.4494,231.6481,0.1059,0.1232,-6.936,23.9753,233.3083,0.1024,-0.2891,10.4997,27.5005,232.7449,0.1186,0.3821
2014-11-21T00:18:59.361Z,2.9563,24.6306,232.0736,0.1065,0.1206,-6.8065,24.0681,232.8616,0.1027,-0.2827,10.5223,27.7576,232.7809,0.1191,0.3798
2014-11-21T00:19:59.698Z,3.0639,24.1426,232.6745,0.1047,0.1276,-6.9605,23.526,232.9881,0.1009,-0.2945,10.4778,27.095,232.8571,0.1169,0.3893
2014-11-21T00:20:59.776Z,3.4488,23.9067,232.4568,0.1031,0.1466,-6.4503,23.0126,233.186,0.0988,-0.2791,10.9978,27.4285,233.0787,0.1176,0.4016
2014-11-21T00:21:59.933Z,3.7182,24.4411,232.3061,0.1052,0.1543,-6.6881,23.4083,232.8779,0.1002,-0.285,10.3189,27.0976,232.948,0.1165,0.381
2014-11-21T00:22:59.137Z,3.4486,23.9051,232.6409,0.1031,0.1475,-6.7708,23.7125,233.1658,0.1016,-0.2861,10.7084,27.4415,233.1009,0.1183,0.3916
2014-11-21T00:23:59.349Z,3.515,24.1709,232.9362,0.1035,0.1455,-6.9353,23.897,233.2253,0.1023,-0.2902,10.4883,27.424,233.7907,0.117,0.3828
2014-11-21T00:24:59.521Z,3.6752,24.0417,231.9022,0.1039,0.154,-6.7703,24.2035,233.354,0.1032,-0.2801,10.9228,27.6793,234.538,0.1173,0.3959
2014-11-21T00:25:59.702Z,3.8396,24.47,231.7063,0.106,0.1571,-7.1548,24.0018,232.3097,0.1034,-0.2982,10.3597,27.8209,234.2866,0.1189,0.3726
2014-11-21T00:26:59.901Z,3.4399,24.3783,232.2868,0.1048,0.1426,-7.1314,24.009,233.4465,0.1023,-0.2967,10.5977,27.8272,233.9832,0.1189,0.3811
2014-11-21T00:27:59.104Z,3.2407,24.4113,232.5408,0.1049,0.1338,-7.2439,24.2043,233.2389,0.1038,-0.2997,10.7337,28.156,234.2478,0.1204,0.3817
2014-11-21T00:28:59.327Z,3.8262,24.5996,232.1967,0.1053,0.1567,-6.9514,24.1034,233.3022,0.1036,-0.2886,10.962,28.3499,235.2338,0.1203,0.3869
2014-11-21T00:29:59.584Z,3.3321,24.3731,232.9567,0.1046,0.1378,-6.9504,24.2731,233.7065,0.1039,-0.2863,10.5969,28.3385,234.9117,0.1203,0.3751
2014-11-21T00:30:59.784Z,3.6587,24.551,232.084,0.1059,0.1507,-7.093,24.0562,233.1535,0.1031,-0.2948,10.6765,28.1717,234.6677,0.1199,0.3794
2014-11-21T00:32:59.268Z,3.9397,24.5564,232.2726,0.1056,0.162,-7.043,24.1495,231.8328,0.104,-0.2932,10.9135,28.2924,235.3101,0.1199,0.3859
2014-11-21T00:33:59.669Z,4.1216,24.9765,232.6434,0.107,0.1665,-6.977,23.7829,232.1389,0.1021,-0.2945,10.8513,28.4768,235.7803,0.1211,0.3822
2014-11-21T00:34:59.904Z,3.6772,24.3593,232.6081,0.1046,0.1528,-7.024,24.0399,233.152,0.1029,-0.2922,10.7581,28.5403,235.1705,0.1215,0.3772
2014-11-21T00:35:59.160Z,3.3381,24.4039,232.4135,0.1051,0.1386,-6.9196,24.1845,233.0456,0.1037,-0.2871,10.6904,28.076,234.812,0.12,0.38
2014-11-21T00:36:59.385Z,3.271,24.3672,232.3002,0.1048,0.1348,-7.3731,24.4478,233.388,0.1043,-0.3022,10.5131,28.1515,234.5886,0.1204,0.3738
2014-11-21T00:37:59.750Z,3.3817,24.4663,232.0199,0.1055,0.1378,-7.1341,24.4443,233.4371,0.1044,-0.2923,10.5378,27.6829,233.9236,0.1189,0.3814
2014-11-21T00:38:59.966Z,3.4298,24.6403,232.5864,0.1055,0.1394,-6.7645,24.4583,233.9687,0.1047,-0.2765,10.7752,28.4664,234.4093,0.1221,0.3787
2014-11-21T00:39:59.231Z,3.7345,24.4891,232.2291,0.1058,0.1531,-6.9537,23.963,233.7122,0.1024,-0.2885,10.7465,28.1666,234.173,0.1202,0.3826
2014-11-21T00:40:59.396Z,3.423,24.3421,231.9561,0.1045,0.1423,-6.6538,23.7957,232.9502,0.1016,-0.2774,10.883,27.6894,233.8952,0.1183,0.396
2014-11-21T00:41:59.781Z,3.4873,24.1606,232.418,0.104,0.1451,-7.2805,23.8762,232.036,0.1023,-0.3054,10.3117,27.8184,233.7865,0.119,0.371
2014-11-21T00:42:59.962Z,3.3248,24.2585,232.2211,0.1047,0.1388,-6.9767,24.2444,233.2565,0.1032,-0.2883,10.6148,27.9668,232.9871,0.1203,0.3802
2014-11-21T00:43:59.305Z,3.1986,24.6742,232.0289,0.1067,0.131,-7.1883,24.2434,233.1914,0.1037,-0.2963,10.4256,27.8908,232.7665,0.1197,0.3738
2014-11-21T00:44:59.514Z,3.1936,24.9959,231.6446,0.1077,0.1293,-6.7894,24.1039,233.4793,0.1026,-0.2821,10.5738,27.9222,232.497,0.1203,0.3788
2014-11-21T00:45:59.854Z,3.4419,24.7413,231.4759,0.1068,0.1386,-6.8812,24.2121,233.53,0.1038,-0.2838,10.6078,27.6639,232.6961,0.1196,0.3859
2014-11-21T00:46:59.106Z,3.2109,24.2275,231.9553,0.1045,0.1342,-7.1274,24.5463,233.7103,0.1057,-0.2916,10.6746,27.8695,233.2576,0.1192,0.3833
2014-11-21T00:47:59.437Z,2.9053,24.5014,231.9185,0.1059,0.121,-6.6281,24.2987,233.582,0.1038,-0.2732,10.5637,27.904,233.3023,0.1201,0.3782
2014-11-21T00:48:59.635Z,3.4223,24.5499,232.4705,0.1053,0.1409,-6.6306,24.0227,233.3749,0.1029,-0.2765,10.7291,28.2506,233.724,0.1212,0.3802
2014-11-21T00:49:59.751Z,2.931,24.8586,232.9872,0.1068,0.1182,-7.2824,24.1517,233.325,0.1027,-0.3023,10.6363,28.1384,234.432,0.1198,0.3787
2014-11-21T00:51:59.187Z,3.323,24.6049,232.8059,0.1057,0.1361,-7.2669,24.1037,232.2666,0.1039,-0.3011,10.3967,27.9412,234.797,0.1187,0.373
2014-11-21T00:52:59.376Z,3.4895,24.9224,232.8256,0.1074,0.1399,-7.3279,24.4121,232.796,0.1049,-0.3007,10.4476,27.7452,233.4646,0.1187,0.3773
2014-11-21T00:53:59.500Z,3.2388,24.4938,233.0437,0.1052,0.1336,-7.1472,24.1739,232.7643,0.1036,-0.2956,10.5309,27.8361,233.5611,0.1187,0.3776
2014-11-21T00:54:59.787Z,3.3411,24.386,232.9612,0.1052,0.1365,-7.3884,24.1806,232.7385,0.1038,-0.306,10.2919,27.8135,233.0023,0.1189,0.3709
2014-11-21T00:55:59.032Z,3.1578,24.4267,232.9682,0.1049,0.1302,-7.17,24.086,233.5946,0.103,-0.2986,10.5632,27.8759,232.6097,0.1201,0.38
2014-11-21T00:56:59.171Z,3.6755,24.2261,233.4217,0.1031,0.1539,-7.1541,24.5934,232.8197,0.1052,-0.2918,10.4356,27.862,233.4631,0.1189,0.3732
2014-11-21T00:57:59.415Z,3.3266,24.4551,233.0053,0.1047,0.1359,-7.6449,24.3819,233.4602,0.1039,-0.3136,10.2286,27.7707,233.2305,0.1191,0.369
2014-11-21T00:58:59.712Z,3.1033,24.7684,232.9851,0.1067,0.1244,-7.5081,24.3455,233.4151,0.1038,-0.3084,10.2841,27.498,232.4118,0.1188,0.3742
2014-11-21T00:59:59.070Z,3.0534,24.7087,232.5889,0.1057,0.1236,-7.2562,23.9127,233.5347,0.1021,-0.3009,10.2286,27.4059,232.7853,0.1175,0.3748
