2014-12-21T00:00:59.404Z,2.9174,44.0032,231.6168,0.1902,0.0685,2.8626,34.721,231.9001,0.1502,0.0851,3.2395,35.2209,230.0089,0.1532,0.0968
2014-12-21T00:01:59.291Z,3.5208,46.3838,232.0124,0.1999,0.0746,2.8973,35.8846,231.764,0.1544,0.0823,2.9968,32.4144,230.0932,0.1418,0.1001
2014-12-21T00:02:59.729Z,2.5859,46.1676,231.8524,0.1991,0.0565,2.9725,34.8934,231.6277,0.1503,0.0891,3.146,33.203,230.08,0.1446,0.1037
2014-12-21T00:03:59.290Z,2.4296,45.828,231.1893,0.1976,0.0522,3.0234,32.747,230.593,0.142,0.0998,3.3069,34.9192,228.6552,0.1524,0.1006
2014-12-21T00:04:59.205Z,2.1778,44.9081,230.3032,0.1953,0.0489,2.1886,33.9278,230.8374,0.1471,0.0805,2.8538,34.6737,228.96,0.1513,0.0937
2014-12-21T00:05:59.099Z,1.4551,46.0571,230.3997,0.1999,0.034,2.4868,35.3939,231.0564,0.1532,0.084,2.476,33.1218,228.4461,0.1449,0.0837
2014-12-21T00:06:59.740Z,2.2724,45.0879,231.2689,0.1947,0.0516,2.5688,31.822,231.2687,0.1375,0.0872,3.0476,33.7841,230.152,0.1468,0.1032
2014-12-21T00:07:59.043Z,2.5913,46.2584,231.2346,0.2,0.0561,2.945,33.238,230.1157,0.144,0.0926,3.0508,34.1937,230.0794,0.1488,0.0921
2014-12-21T00:08:59.407Z,2.821,47.2558,231.2937,0.2046,0.0598,2.3499,37.4508,230.0687,0.1625,0.0721,3.1633,32.538,230.2445,0.1414,0.1014
2014-12-21T00:09:59.692Z,3.085,44.8438,231.5715,0.1934,0.0696,2.8695,33.6418,229.5601,0.1473,0.0941,3.4458,33.3137,230.635,0.1453,0.1063
2014-12-21T00:10:59.982Z,3.0126,45.7553,231.6578,0.1973,0.0651,2.9319,31.5959,230.023,0.1376,0.0931,3.5751,33.3758,230.0923,0.1451,0.1164
2014-12-21T00:11:59.819Z,1.7292,45.2096,229.7345,0.1967,0.0397,2.9082,27.9874,231.1341,0.1212,0.1069,2.8054,29.9257,229.2227,0.1303,0.0973
2014-12-21T00:12:59.297Z,2.5418,44.6046,229.7716,0.1946,0.0586,2.1413,32.463,230.5832,0.1408,0.0761,3.6699,34.563,229.1726,0.1506,0.113
2014-12-21T00:13:59.500Z,2.8295,46.3712,229.6645,0.2018,0.0621,2.3264,39.1437,230.2697,0.1699,0.0662,3.7375,32.8644,228.6433,0.1444,0.1175
2014-12-21T00:14:59.605Z,2.4542,45.4691,230.8305,0.1967,0.0525,2.6563,31.5148,230.0842,0.1365,0.0932,3.6871,31.9424,228.3856,0.14,0.1158
2014-12-21T00:15:59.056Z,2.66,45.9514,230.7114,0.1992,0.0578,2.1596,36.3977,229.9847,0.1579,0.069,3.0943,32.4291,227.5712,0.1426,0.1043
2014-12-21T00:16:59.010Z,2.4118,46.2936,231.6815,0.1996,0.0536,2.2293,34.1559,230.7182,0.1477,0.0707,3.5187,32.8784,229.7054,0.1426,0.1113
2014-12-21T00:17:59.693Z,2.8953,44.2439,231.7027,0.1909,0.0648,2.3905,39.5024,230.8658,0.1711,0.0722,2.9572,35.3314,229.6103,0.1538,0.091
2014-12-21T00:19:59.595Z,2.4547,45.6626,230.5235,0.1984,0.0536,2.7698,32.9638,230.7154,0.1425,0.0921,3.108,34.6836,229.5658,0.1514,0.0967
2014-12-21T00:20:59.295Z,2.8234,44.4794,230.5497,0.1926,0.0632,2.2473,37.1633,230.5854,0.1613,0.0759,3.54,33.5931,229.4528,0.1464,0.1092
2014-12-21T00:21:59.099Z,2.6569,45.2833,230.6704,0.1967,0.0609,3.1313,30.3647,230.2396,0.1314,0.1009,3.7582,33.7098,229.7471,0.1467,0.111
2014-12-21T00:22:59.956Z,2.4318,44.8511,230.7291,0.1942,0.0539,3.1996,37.2402,230.2623,0.1615,0.089,2.7958,34.002,229.2335,0.1483,0.0911
2014-12-21T00:23:59.319Z,2.1347,45.9058,230.1277,0.1997,0.0472,2.8486,30.0256,229.5814,0.1308,0.0982,3.5391,31.9619,229.2124,0.1392,0.1117
2014-12-21T00:24:59.212Z,2.417,45.9575,229.8326,0.1993,0.0543,2.754,29.7688,229.4488,0.1299,0.102,3.1004,34.8919,229.741,0.1514,0.0931
2014-12-21T00:25:59.018Z,2.5409,45.7493,229.1502,0.1997,0.0574,3.0494,33.0406,229.2032,0.1447,0.0941,3.1608,32.0286,229.8994,0.1393,0.1053
2014-12-21T00:27:59.593Z,2.4466,46.2914,231.0826,0.2003,0.0519,2.3876,34.9163,230.3934,0.1515,0.0799,3.2193,32.7855,230.5702,0.1423,0.1069
2014-12-21T00:28:59.634Z,2.6882,46.1747,231.9653,0.199,0.0591,2.6827,36.6897,230.9601,0.1589,0.0843,3.3392,31.8189,230.6695,0.1379,0.1118
2014-12-21T00:29:59.994Z,2.0174,45.3637,231.0723,0.1961,0.0452,3.0443,33.1679,231.2601,0.1434,0.1026,2.9147,34.0345,230.7217,0.1472,0.0933
2014-12-21T00:30:59.953Z,2.9739,45.3798,230.5189,0.1963,0.0657,2.7167,33.8751,230.9969,0.1464,0.0878,3.872,34.5184,231.0884,0.1497,0.1189
2014-12-21T00:31:59.571Z,1.9427,44.8112,230.051,0.1951,0.0445,2.9107,35.4813,231.1789,0.1535,0.0842,3.399,33.7086,230.5543,0.1466,0.1075
2014-12-21T00:33:59.638Z,2.6655,45.3356,229.8339,0.1973,0.0612,2.8002,32.8283,230.7563,0.1424,0.0948,3.0757,34.3966,230.3142,0.1491,0.0927
2014-12-21T00:34:59.216Z,2.3882,45.964,229.812,0.2005,0.0489,2.9564,33.5953,230.7002,0.1453,0.0943,3.3596,34.5284,229.7373,0.1503,0.0999
2014-12-21T00:35:59.494Z,2.2827,45.6499,229.5073,0.199,0.0514,2.6027,34.946,230.2047,0.1521,0.0808,3.0657,32.29,230.2959,0.1401,0.0996
2014-12-21T00:36:59.981Z,2.3978,44.7966,230.2349,0.1948,0.0534,2.3426,34.9767,228.7867,0.1532,0.0768,3.7709,34.5414,231.3015,0.1492,0.1183
2014-12-21T00:37:59.294Z,2.2691,45.5757,231.3218,0.1967,0.0482,2.686,33.5432,229.9196,0.1462,0.084,3.819,33.3314,231.2092,0.1442,0.1199
2014-12-21T00:38:59.789Z,2.0864,46.6325,231.7886,0.2014,0.0456,2.9448,33.3102,231.8085,0.1435,0.0926,3.5435,35.2759,229.9575,0.1537,0.103
2014-12-21T00:39:59.717Z,3.1654,44.8924,231.8348,0.1937,0.0691,3.0529,34.0322,232.0526,0.1469,0.0909,2.8503,33.3,230.2051,0.1442,0.0937
2014-12-21T00:40:59.763Z,2.5344,46.269,230.0019,0.2016,0.0569,2.6956,31.7331,231.9015,0.1365,0.0912,3.0373,33.3749,230.0337,0.1447,0.0945
2014-12-21T00:41:59.440Z,2.7858,47.8329,230.2632,0.2072,0.0577,2.5901,32.1542,232.0824,0.1383,0.0852,3.285,32.4281,230.1127,0.1407,0.1051
2014-12-21T00:42:59.979Z,2.1598,45.6536,231.1046,0.1974,0.0481,2.186,37.8334,232.3908,0.1627,0.0667,3.6326,31.5581,230.245,0.1368,0.1212
2014-12-21T00:43:59.241Z,3.0277,46.6123,230.6608,0.202,0.061,2.5468,34.8373,231.6836,0.1503,0.0786,3.3296,31.4271,230.3741,0.137,0.1101
2014-12-21T00:44:59.884Z,2.4779,46.7207,231.7498,0.2016,0.0541,2.7518,36.1986,230.7508,0.157,0.0818,3.3816,33.2267,230.4607,0.1442,0.1036
2014-12-21T00:45:59.441Z,2.1292,46.0236,231.8499,0.1989,0.0479,3.0321,32.0494,229.627,0.1394,0.0987,3.2783,33.0552,229.7196,0.1439,0.1034
2014-12-21T00:46:59.789Z,2.8085,46.5499,231.8867,0.2007,0.062,2.7244,34.6052,229.1147,0.1509,0.0869,3.2615,33.2084,229.6195,0.1453,0.1013
2014-12-21T00:47:59.738Z,3.3512,45.8433,232.8587,0.1968,0.0718,2.3211,34.7633,231.6319,0.1499,0.0765,3.3936,30.1257,228.4934,0.1319,0.121
2014-12-21T00:48:59.690Z,2.1943,47.0096,231.7343,0.2027,0.0484,2.7819,35.2962,232.3495,0.1522,0.0886,3.4375,30.9625,231.0429,0.1342,0.1127
2014-12-21T00:49:59.609Z,1.9222,45.8105,231.9174,0.1978,0.0419,2.6808,34.6699,232.3103,0.1493,0.0822,3.3855,34.7111,230.8582,0.1505,0.104
2014-12-21T00:50:59.629Z,2.4112,45.1567,232.0446,0.1947,0.0548,2.6321,33.8298,232.4646,0.1458,0.0833,3.4245,33.5185,231.3034,0.1453,0.1082
2014-12-21T00:51:59.158Z,2.8209,45.8,231.6928,0.1977,0.0603,2.2882,31.9588,232.0659,0.1376,0.0862,2.8652,33.545,230.977,0.1454,0.095
2014-12-21T00:52:59.559Z,2.4954,46.636,231.8539,0.2008,0.0528,2.5125,37.5951,232.3343,0.162,0.0805,3.6877,32.3563,231.1677,0.1399,0.1193
2014-12-21T00:53:59.046Z,2.3683,46.2903,231.6173,0.2,0.0507,2.4391,32.1723,232.2126,0.1386,0.0856,3.4877,32.1772,231.1833,0.139,0.1138
2014-12-21T00:54:59.790Z,2.3821,45.8703,231.3404,0.1976,0.0512,2.4614,35.3413,231.3421,0.153,0.0775,3.2225,33.4145,230.2523,0.1447,0.1018
2014-12-21T00:55:59.846Z,2.4818,45.7834,231.579,0.1977,0.0566,2.8141,32.7819,230.762,0.142,0.0885,3.3782,32.8076,230.1795,0.1432,0.1086
2014-12-21T00:56:59.782Z,2.4256,45.9714,232.0373,0.1979,0.0543,2.7951,34.6169,230.3843,0.1499,0.0891,3.494,31.6086,229.4877,0.1376,0.1121
2014-12-21T00:57:59.360Z,2.5493,46.7126,232.0556,0.2012,0.0536,2.335,35.1897,232.201,0.1516,0.0736,3.1763,32.2311,231.027,0.1397,0.1023
2014-12-21T00:58:59.121Z,2.7203,45.3976,232.1286,0.1953,0.0619,3.1295,29.5008,231.9874,0.1275,0.1103,3.3668,33.5659,231.0254,0.1455,0.1035
2014-12-21T00:59:59.650Z,2.42,44.1305,231.9178,0.1901,0.0534,2.7848,35.1599,231.4954,0.1519,0.0873,3.0123,32.923,230.5673,0.1427,0.097
2014-12-21T01:00:59.691Z,2.2362,45.5696,231.9949,0.1968,0.049,2.8768,36.324,231.9346,0.1563,0.0864,3.6252,32.762,230.8369,0.1413,0.1116
2014-12-21T01:01:59.270Z,2.0442,45.0023,232.6848,0.1934,0.0479,2.9709,35.5884,232.2528,0.1536,0.0924,3.2867,32.2649,231.4532,0.1393,0.113
2014-12-21T01:02:59.270Z,3.1066,45.916,232.817,0.197,0.0662,2.3695,35.7616,232.3057,0.1545,0.0816,3.5116,31.9867,231.5546,0.138,0.1109
2014-12-21T01:03:59.169Z,3.1981,46.1935,231.8229,0.1996,0.07,3.0556,36.2756,232.0443,0.1564,0.0929,3.7564,34.7314,230.8404,0.1508,0.1085
2014-12-21T01:04:59.587Z,2.3815,45.0385,231.2453,0.1949,0.052,3.0522,35.1068,231.2727,0.1517,0.0933,3.4655,32.6613,230.5201,0.1414,0.1125
2014-12-21T01:05:59.324Z,2.0454,46.4672,230.6647,0.2016,0.0463,2.7311,33.8154,231.0594,0.1461,0.0892,3.6609,32.5414,229.8444,0.1418,0.1153
2014-12-21T01:06:59.630Z,2.7123,45.1129,230.5182,0.1963,0.0588,2.8685,36.5799,231.0541,0.1584,0.0876,3.3978,33.071,229.3999,0.1444,0.106
2014-12-21T01:07:59.235Z,2.0763,45.8998,231.0063,0.1988,0.0445,1.8757,37.0325,231.4375,0.1598,0.0626,3.4146,34.4511,231.0857,0.1488,0.1088
2014-12-21T01:08:59.680Z,2.7366,47.1787,231.6311,0.2035,0.0579,2.8334,31.5081,231.7397,0.1357,0.0949,3.4512,31.9998,231.4635,0.1387,0.1122
2014-12-21T01:09:59.919Z,2.0105,45.4839,231.1093,0.1966,0.0468,2.2628,36.0711,231.3935,0.1555,0.0715,3.3161,34.9338,231.4571,0.1514,0.1013
2014-12-21T01:10:59.477Z,3.0382,45.2023,231.5964,0.1952,0.0643,2.5781,30.4377,231.2264,0.1314,0.0926,3.5996,31.8064,231.278,0.1366,0.1194
2014-12-21T01:11:59.183Z,2.4437,45.2592,230.7049,0.1962,0.0558,3.0656,34.502,232.457,0.149,0.0939,3.047,32.5982,231.1314,0.1412,0.0983
2014-12-21T01:12:59.762Z,2.064,45.7513,230.6958,0.1979,0.0449,2.5425,32.5325,232.4717,0.1393,0.0835,2.7761,35.4992,231.6273,0.1537,0.0905
2014-12-21T01:13:59.188Z,2.5067,43.7476,230.85,0.1893,0.0567,2.7637,32.342,232.1589,0.1393,0.0911,3.72,35.5793,231.5823,0.1534,0.111
2014-12-21T01:15:59.351Z,2.7144,46.476,230.4913,0.2017,0.0569,2.6724,36.8621,231.1253,0.1592,0.0799,3.2423,33.3788,230.9701,0.1448,0.1044
2014-12-21T01:16:59.039Z,1.8487,44.8907,229.6296,0.1954,0.0427,2.4884,35.4278,231.0351,0.1531,0.0807,3.1359,33.1418,229.8751,0.1442,0.0986
2014-12-21T01:17:59.963Z,2.7413,45.2967,230.2598,0.1972,0.0629,2.8492,32.0723,230.9527,0.139,0.092,2.9127,36.4545,230.6536,0.1583,0.0905
2014-12-21T01:18:59.049Z,2.4229,44.9387,230.8811,0.1946,0.0561,2.8752,38.7417,231.0474,0.168,0.0829,3.7483,32.7901,231.2543,0.1417,0.1179
2014-12-21T01:19:59.215Z,2.5257,46.8332,230.1598,0.2038,0.0554,2.6648,32.7623,230.8392,0.1422,0.0853,3.0352,33.3371,231.5255,0.1436,0.101
2014-12-21T01:20:59.746Z,2.2173,45.4335,230.0704,0.1973,0.049,2.8375,34.4605,231.5168,0.1487,0.0903,3.933,34.2574,231.7987,0.1479,0.1146
2014-12-21T01:21:59.049Z,3.0024,45.3653,230.492,0.1966,0.0638,2.9199,35.0051,231.989,0.1509,0.0847,3.2968,33.4378,231.5228,0.1451,0.1069
2014-12-21T01:22:59.589Z,3.6926,47.7478,232.4091,0.2053,0.0782,2.6007,32.3935,231.3436,0.1403,0.0823,3.8672,32.0732,231.0854,0.1389,0.1234
2014-12-21T01:23:59.128Z,2.4706,45.1218,233.1321,0.1936,0.0543,3.1232,33.1763,231.4219,0.1432,0.1018,3.0427,35.3907,231.8687,0.1529,0.0918
2014-12-21T01:24:59.090Z,2.1553,46.5547,232.9003,0.2,0.0491,2.5999,34.5376,230.9425,0.1495,0.079,3.3224,34.6287,231.908,0.1488,0.1026
2014-12-21T01:25:59.781Z,2.6473,45.2628,232.5183,0.1951,0.0609,2.6123,35.3475,230.6561,0.1537,0.0784,3.528,33.9984,231.9372,0.1471,0.1076
2014-12-21T01:26:59.052Z,2.0496,46.2888,231.8158,0.1997,0.0429,2.4323,33.1457,229.6394,0.1444,0.0823,3.5098,33.1012,232.3701,0.1422,0.1116
2014-12-21T01:27:59.011Z,2.2702,45.621,232.3138,0.1968,0.0488,2.7767,30.1384,230.8543,0.1304,0.0954,3.2925,33.9679,232.4532,0.1458,0.1026
2014-12-21T01:28:59.815Z,2.3312,46.3846,233.0978,0.1982,0.0495,3.2421,34.0289,232.3908,0.1463,0.1005,2.9499,34.1722,231.3422,0.1474,0.0946
2014-12-21T01:29:59.149Z,2.8752,46.4357,233.0847,0.1993,0.0596,2.6828,33.7502,232.1381,0.1452,0.0873,3.5454,32.197,231.4421,0.1387,0.1104
2014-12-21T01:30:59.412Z,2.3291,45.6647,232.3564,0.1973,0.0511,2.8492,33.8729,232.2112,0.1462,0.094,2.9231,33.797,231.2664,0.1463,0.0904
2014-12-21T01:31:59.346Z,2.2825,45.8753,232.6705,0.197,0.0499,2.8949,36.9753,232.2226,0.159,0.0836,3.7492,34.2464,231.4126,0.1478,0.1144
2014-12-21T01:32:59.255Z,2.0875,45.9105,232.6663,0.1973,0.0451,3.0543,35.8458,232.4125,0.1536,0.0887,2.9946,34.5789,231.3809,0.1496,0.0975
2014-12-21T01:33:59.531Z,2.9551,44.8659,232.634,0.1926,0.0664,2.9518,37.0509,232.3513,0.1596,0.0856,2.9353,34.5732,231.3901,0.1492,0.0944
2014-12-21T01:34:59.635Z,2.624,45.643,232.5241,0.196,0.0584,2.596,34.7704,232.0808,0.1502,0.0846,2.6902,34.6492,231.7868,0.1497,0.0892
2014-12-21T01:35:59.703Z,2.8459,47.2523,232.189,0.2034,0.0599,2.5163,34.6281,231.4226,0.1499,0.079,3.6014,31.8843,231.2816,0.1379,0.1164
2014-12-21T01:36:59.641Z,2.381,44.5044,232.032,0.1922,0.0498,2.9518,36.4997,230.8701,0.158,0.09,2.9054,34.7231,231.6898,0.1497,0.0946
2014-12-21T01:37:59.343Z,2.6811,45.5566,232.0702,0.1959,0.0592,3.2836,36.6564,231.5876,0.1579,0.0912,2.9198,36.0873,231.5097,0.1566,0.0923
2014-12-21T01:38:59.257Z,2.243,47.5888,232.8366,0.2046,0.0466,2.2352,34.27,232.0229,0.1477,0.0743,3.7116,31.196,231.4625,0.1348,0.1211
2014-12-21T01:39:59.680Z,2.4718,45.4146,232.4389,0.1955,0.0553,3.0484,36.8449,232.2746,0.1589,0.0877,3.6273,34.1595,231.2753,0.1479,0.1063
2014-12-21T01:40:59.058Z,3.2408,45.6542,232.5124,0.1961,0.072,2.0928,32.2919,231.9037,0.1392,0.0761,3.3252,34.7092,231.2946,0.1499,0.103
2014-12-21T01:41:59.836Z,2.6254,46.1712,232.6868,0.1983,0.0567,2.5457,30.6703,232.0576,0.1316,0.0892,3.1636,31.5504,231.3498,0.1363,0.103
2014-12-21T01:42:59.128Z,2.1667,46.3268,232.6184,0.1986,0.0453,3.0204,31.5346,232.011,0.1367,0.0981,3.1408,31.0897,231.0224,0.1344,0.0994
2014-12-21T01:43:59.066Z,2.3587,45.773,232.7026,0.1969,0.0508,2.6939,31.0413,231.9294,0.1337,0.0933,3.3164,30.9118,230.9249,0.134,0.1118
2014-12-21T01:44:59.782Z,2.8298,46.141,232.7166,0.1978,0.0602,2.9852,30.887,231.2353,0.1334,0.1005,3.5798,32.6932,231.38,0.1405,0.1117
2014-12-21T01:45:59.455Z,2.7857,47.7269,233.1187,0.2047,0.0576,2.6519,37.0918,230.7776,0.1604,0.077,3.6297,30.6819,231.131,0.1324,0.1216
2014-12-21T01:46:59.874Z,2.3934,45.827,233.3027,0.1962,0.0538,2.5525,29.7903,230.5164,0.1295,0.0897,3.534,34.4453,231.0734,0.1491,0.1058
2014-12-21T01:47:59.626Z,2.5992,45.6641,233.6174,0.1954,0.0556,3.2205,31.4226,230.1935,0.1364,0.1038,3.3225,35.6191,231.9563,0.1532,0.0982
2014-12-21T01:48:59.342Z,2.563,46.131,233.3939,0.1981,0.0563,2.6956,30.4248,229.8128,0.1324,0.0971,3.4724,36.4096,233.056,0.1561,0.1044
2014-12-21T01:49:59.384Z,2.8922,47.3316,233.5248,0.2027,0.0626,3.1325,33.3014,229.8816,0.1448,0.0998,3.7021,30.93,232.8993,0.1327,0.1182
2014-12-21T01:50:59.762Z,3.5685,46.1248,233.1608,0.1985,0.0757,2.9804,36.3207,232.1958,0.1564,0.0884,3.0387,35.769,232.1052,0.1539,0.0943
2014-12-21T01:51:59.275Z,2.6901,46.0263,232.8836,0.1977,0.0588,2.9177,36.1072,232.3084,0.1554,0.0886,3.294,33.2031,232.538,0.1427,0.1073
2014-12-21T01:52:59.566Z,2.2248,46.0717,233.0953,0.1974,0.0468,3.3046,32.2562,232.0943,0.1385,0.1049,3.2828,32.9654,232.39,0.1418,0.1072
2014-12-21T01:53:59.033Z,2.9695,44.9304,233.0901,0.1929,0.0636,2.9465,35.1994,232.0826,0.1519,0.0938,2.796,35.7275,232.1981,0.1541,0.0881
2014-12-21T01:54:59.425Z,2.2957,44.8891,233.0618,0.1929,0.0505,2.9617,33.1408,231.5396,0.143,0.0979,3.165,34.4356,231.8832,0.1488,0.0968
2014-12-21T01:55:59.928Z,2.2263,45.6802,232.8701,0.196,0.0484,2.9903,28.747,231.2962,0.1249,0.1066,3.9068,36.0565,231.5386,0.1555,0.1098
2014-12-21T01:56:59.311Z,2.4759,46.022,233.3506,0.1973,0.0542,2.9523,38.3719,230.6248,0.1663,0.0813,3.382,32.9458,230.7466,0.143,0.1116
2014-12-21T01:57:59.106Z,3.0149,45.5191,233.4158,0.1954,0.0657,2.9414,35.2937,230.6196,0.1534,0.0848,3.4227,33.2947,230.921,0.1438,0.1116
2014-12-21T01:58:59.924Z,3.2182,45.3185,233.0371,0.194,0.0713,2.9485,32.9077,231.953,0.1421,0.0961,2.7518,35.5683,231.8129,0.154,0.0863
2014-12-21T01:59:59.483Z,2.3847,46.5111,233.5245,0.1992,0.0547,3.1014,34.0381,232.2354,0.1467,0.0886,3.0325,34.1792,232.0893,0.147,0.0952
