2014-12-06T00:02:59.598Z,4.3059,61.6632,230.0907,0.2679,0.0707,2.5545,55.0467,230.9611,0.2382,0.0471,82.8279,100.3435,232.3467,0.4318,0.8274
2014-12-06T00:03:59.537Z,4.8732,63.3724,229.1584,0.2764,0.0791,2.4982,58.5536,231.547,0.2523,0.0403,82.3324,99.986,232.3364,0.4301,0.8243
2014-12-06T00:04:59.383Z,4.7875,62.5884,229.3953,0.2725,0.0768,2.7437,59.9538,232.1551,0.2584,0.0466,83.5504,101.5122,232.822,0.4366,0.8236
2014-12-06T00:05:59.353Z,5.4142,64.2235,231.1199,0.2785,0.0855,2.7691,58.5805,231.1413,0.2534,0.0465,83.0932,101.1413,232.4369,0.4353,0.8224
2014-12-06T00:06:59.259Z,4.9871,64.6517,230.7629,0.2809,0.0787,2.9499,61.422,231.0597,0.266,0.0476,82.7001,100.3524,232.2842,0.4314,0.8242
2014-12-06T00:07:59.695Z,4.9685,65.2325,231.0245,0.2822,0.0766,3.2993,59.8917,231.1659,0.2588,0.0557,82.8223,101.087,232.5633,0.4345,0.8203
2014-12-06T00:08:59.834Z,4.2436,62.38,230.8043,0.2699,0.0686,2.1989,57.4762,231.0738,0.2488,0.0391,82.6495,102.451,231.6457,0.4422,0.8086
2014-12-06T00:09:59.278Z,4.8221,62.2348,230.5341,0.27,0.0791,2.5977,57.6221,231.1136,0.2491,0.0434,82.1068,100.584,231.2938,0.435,0.8179
2014-12-06T00:10:59.776Z,4.5787,64.555,230.8038,0.2793,0.072,2.9377,58.0707,231.2959,0.2513,0.0521,82.4729,100.7255,231.7252,0.4348,0.8198
2014-12-06T00:11:59.501Z,4.5347,64.841,230.4978,0.2813,0.0697,2.7434,56.7067,231.2874,0.2458,0.046,82.5526,99.5217,232.0381,0.429,0.8298
2014-12-06T00:12:59.230Z,4.7875,63.4193,229.8298,0.2766,0.0758,2.8301,57.5688,231.2492,0.2491,0.0502,82.7135,101.2453,231.7826,0.4368,0.819
2014-12-06T00:13:59.115Z,5.2296,63.3296,229.6536,0.2759,0.0842,2.2439,59.5024,231.2269,0.2573,0.0383,83.1518,102.8493,231.712,0.4442,0.8104
2014-12-06T00:14:59.522Z,4.3785,63.6385,229.5246,0.2767,0.0691,2.2009,58.9336,230.7103,0.2559,0.0372,82.8009,100.5317,231.7227,0.4337,0.8245
2014-12-06T00:15:59.869Z,4.7516,62.5197,230.1503,0.2719,0.0762,2.4347,56.4182,231.0054,0.2442,0.0414,82.709,102.5873,231.9827,0.4424,0.8086
2014-12-06T00:16:59.348Z,5.1566,63.4472,230.1659,0.2758,0.0816,2.7759,58.7176,231.3643,0.2534,0.0474,83.7293,102.0548,232.6364,0.4386,0.8218
2014-12-06T00:17:59.027Z,4.6242,62.6176,230.2411,0.2714,0.0752,2.6615,58.3442,231.1754,0.252,0.0457,82.8811,100.5277,232.746,0.4313,0.8255
2014-12-06T00:18:59.744Z,4.6122,64.0642,228.6237,0.28,0.0739,2.8973,57.068,231.0712,0.2471,0.0508,82.8946,100.4698,232.4799,0.4317,0.8255
2014-12-06T00:19:59.456Z,5.0494,61.6187,228.0181,0.2698,0.0863,3.2768,59.5874,231.683,0.2572,0.0547,82.7296,99.2848,232.1553,0.4276,0.8341
2014-12-06T00:20:59.639Z,4.8951,62.46,228.7034,0.273,0.0792,2.5705,57.3454,231.7641,0.2475,0.0461,82.041,99.991,231.5749,0.432,0.8224
2014-12-06T00:21:59.733Z,3.8462,61.7993,229.0754,0.269,0.0638,2.7809,55.6985,231.35,0.2407,0.051,82.2441,99.8604,231.7126,0.431,0.8247
2014-12-06T00:22:59.669Z,4.0745,60.0415,228.8305,0.2622,0.0684,3.0205,56.5273,231.6189,0.244,0.0553,82.716,101.5187,231.3734,0.4385,0.8164
2014-12-06T00:23:59.537Z,5.6173,61.4732,228.6948,0.2689,0.0934,2.3312,56.2291,232.3307,0.2423,0.0414,82.5812,100.8518,231.3526,0.4356,0.8197
2014-12-06T00:24:59.821Z,4.4999,63.5763,228.6774,0.2783,0.0718,2.5279,58.2663,232.0737,0.2514,0.0446,82.6089,100.956,231.2816,0.4364,0.8191
2014-12-06T00:25:59.415Z,3.766,63.8141,229.4418,0.2778,0.0592,2.8341,58.1001,231.446,0.2504,0.0469,81.9409,99.5257,230.8898,0.4311,0.824
2014-12-06T00:26:59.556Z,4.2482,62.772,230.6608,0.2718,0.0679,2.7631,58.0085,231.3666,0.2508,0.0479,82.37,102.0392,231.3643,0.4414,0.8095
2014-12-06T00:27:59.505Z,5.2797,62.7955,231.1051,0.2715,0.086,2.4341,56.6943,231.4875,0.2448,0.0423,82.4137,100.134,231.6549,0.4326,0.8245
2014-12-06T00:28:59.545Z,5.0663,62.9647,231.6311,0.2716,0.0825,2.3241,56.5271,232.3401,0.2435,0.0416,82.3479,100.9343,232.0052,0.4356,0.8177
2014-12-06T00:29:59.599Z,4.3127,63.9958,231.527,0.2764,0.0676,2.8568,59.6641,232.1077,0.2574,0.048,83.0012,101.2246,231.9092,0.4363,0.8212
2014-12-06T00:30:59.572Z,3.6632,63.3737,231.1803,0.2742,0.0577,3.0016,58.1057,231.6876,0.2504,0.0516,82.8067,103.0618,231.7278,0.4446,0.8052
2014-12-06T00:31:59.319Z,4.4998,64.6051,230.9338,0.2799,0.0718,2.7884,58.0571,231.9177,0.2501,0.048,82.5782,100.3334,232.4727,0.4312,0.8236
2014-12-06T00:32:59.312Z,4.7025,62.2662,230.2742,0.2698,0.077,2.7268,60.1804,231.9419,0.2589,0.0443,82.4937,101.4209,231.9011,0.4373,0.8147
2014-12-06T00:33:59.087Z,4.6762,64.2342,229.8453,0.2797,0.074,2.5811,58.3134,232.075,0.251,0.0442,82.7401,100.4514,231.8723,0.4336,0.8249
2014-12-06T00:34:59.436Z,4.2139,63.6349,229.486,0.2773,0.0661,2.4257,58.1062,230.2789,0.253,0.0414,82.5875,101.28,232.3334,0.436,0.8173
2014-12-06T00:35:59.145Z,4.2991,62.5568,230.6811,0.2714,0.0684,2.1923,57.9522,230.0922,0.252,0.0378,83.2727,103.0708,232.821,0.4427,0.81
2014-12-06T00:36:59.990Z,4.9135,64.2773,231.9212,0.2772,0.0773,1.7479,58.6868,231.6913,0.2532,0.0302,83.2537,102.3204,231.6372,0.4415,0.8158
2014-12-06T00:37:59.033Z,4.8679,62.9834,231.6738,0.2718,0.0808,2.6163,58.9582,231.5731,0.2537,0.0429,82.6423,100.7983,231.7987,0.4346,0.8216
2014-12-06T00:38:59.814Z,4.6225,62.5629,232.0958,0.2688,0.0758,2.6662,55.549,231.6391,0.2392,0.0471,81.8909,100.3272,231.9248,0.4327,0.8168
2014-12-06T00:39:59.016Z,4.3562,63.2504,231.6529,0.2728,0.0679,2.6282,59.1754,231.9593,0.2557,0.044,82.4292,101.083,231.6127,0.4364,0.8171
2014-12-06T00:40:59.487Z,4.8809,64.0722,231.4134,0.2768,0.077,2.5918,58.1045,231.4092,0.2502,0.0443,82.4298,100.1541,231.4455,0.4327,0.8233
2014-12-06T00:41:59.187Z,4.6779,63.0253,231.8032,0.2718,0.0756,2.4433,57.6001,231.7885,0.2489,0.0424,82.9121,102.4129,231.4359,0.442,0.8109
2014-12-06T00:42:59.434Z,4.3751,66.454,231.966,0.2863,0.0679,2.3263,57.2735,231.2201,0.2479,0.0412,82.4204,99.8722,231.9346,0.43,0.8256
2014-12-06T00:43:59.304Z,4.714,62.6204,232.2332,0.2701,0.0743,2.3134,56.356,230.8149,0.2436,0.0425,83.08,100.9627,232.3605,0.4346,0.8237
2014-12-06T00:44:59.555Z,5.1454,64.6387,231.6782,0.2787,0.0808,2.5816,58.7159,230.6951,0.2546,0.0426,83.1462,101.8643,232.152,0.4385,0.818
2014-12-06T00:45:59.366Z,4.3462,63.4277,231.8262,0.2732,0.0697,2.383,58.4326,231.0084,0.2529,0.0418,83.0745,101.6408,232.3623,0.4379,0.8182
2014-12-06T00:46:59.523Z,4.4971,63.0248,231.459,0.2724,0.0712,2.6073,57.2331,230.8162,0.2478,0.0467,83.1318,102.5548,232.2631,0.4418,0.8111
2014-12-06T00:47:59.014Z,4.4664,63.4938,232.0477,0.2738,0.0716,2.7756,60.0112,231.7237,0.259,0.0469,83.6497,102.0959,232.9771,0.4382,0.8202
2014-12-06T00:48:59.242Z,4.4454,65.6621,232.1096,0.2831,0.0688,3.2225,58.8913,231.6084,0.254,0.0541,83.1532,100.1765,233.203,0.4291,0.8304
2014-12-06T00:49:59.637Z,5.0999,63.7338,231.1053,0.2754,0.0813,2.5124,59.0285,232.6668,0.2535,0.0411,83.9723,102.8995,232.9123,0.4417,0.8173
2014-12-06T00:50:59.395Z,4.8246,63.4067,231.2814,0.2742,0.0762,2.4712,59.4219,232.5787,0.2553,0.0422,82.8156,100.6586,231.8264,0.4343,0.8238
2014-12-06T00:51:59.811Z,4.141,63.9065,231.4329,0.2765,0.0647,2.9416,59.6941,231.9943,0.2573,0.0489,82.3662,99.8757,231.5403,0.4312,0.8257
2014-12-06T00:52:59.114Z,4.7713,63.9377,231.2642,0.2764,0.0753,2.3584,61.8998,232.0143,0.2666,0.0382,82.2729,100.4657,231.4488,0.4337,0.8202
2014-12-06T00:53:59.361Z,4.898,64.0905,231.2809,0.2775,0.0774,2.529,58.5552,232.0203,0.252,0.0421,82.2618,101.1936,231.2252,0.4377,0.8137
2014-12-06T00:54:59.170Z,3.75,64.5407,232.4615,0.2777,0.0582,2.9631,60.3237,231.9035,0.2596,0.0493,82.2989,101.0056,231.3137,0.4364,0.816
2014-12-06T00:55:59.280Z,4.2755,63.5413,233.0952,0.2726,0.0677,2.1175,55.1398,231.9138,0.2374,0.0387,81.9758,100.6445,231.8045,0.434,0.8156
2014-12-06T00:56:59.313Z,4.8912,65.0893,232.6436,0.2797,0.0749,2.3232,56.3888,231.7036,0.2432,0.0407,82.0945,100.5536,231.5535,0.4342,0.8167
2014-12-06T00:57:59.341Z,4.6515,64.4618,232.1395,0.2779,0.0729,1.8888,57.4574,231.9854,0.2473,0.0327,82.8015,101.5941,231.7016,0.438,0.8162
2014-12-06T00:58:59.557Z,5.0414,65.117,232.948,0.2796,0.0788,2.4067,57.8784,230.8719,0.2511,0.0419,83.4043,101.2479,232.6297,0.4349,0.8245
2014-12-06T00:59:59.299Z,3.8679,63.2569,233.3275,0.2713,0.0632,2.9707,59.9777,229.9652,0.2608,0.049,83.3112,101.2642,233.4469,0.4333,0.8235
