2014-10-03T00:00:59.974Z,0.021,0.0397,0.5572,0.0714,0.5238,0.0169,0.04,0.6024,0.0659,0.3893,0.0234,0.0438,0.5593,0.0762,0.5483
2014-10-03T00:01:59.310Z,0.0261,0.0427,0.5712,0.0742,0.5676,0.0167,0.0385,0.6082,0.0612,0.3742,0.0245,0.0439,0.5573,0.0776,0.547
2014-10-03T00:02:59.584Z,0.0284,0.0444,0.5705,0.077,0.6177,0.0191,0.0405,0.6112,0.066,0.4588,0.0249,0.0449,0.5695,0.0777,0.543
2014-10-03T00:03:59.864Z,0.0252,0.0431,0.5772,0.0738,0.5517,0.0131,0.0352,0.5945,0.06,0.3528,0.0221,0.0428,0.5572,0.0745,0.5245
2014-10-03T00:04:59.093Z,0.0218,0.0404,0.565,0.0725,0.5214,0.0186,0.04,0.6025,0.0661,0.4021,0.0239,0.0443,0.5729,0.0754,0.555
2014-10-03T00:05:59.695Z,0.0203,0.0388,0.5531,0.07,0.5047,0.0153,0.0397,0.6072,0.0616,0.36,0.0222,0.0419,0.5475,0.0744,0.5259
2014-10-03T00:06:59.066Z,0.0267,0.0433,0.5695,0.0765,0.6012,0.0221,0.0437,0.6214,0.0702,0.4463,0.023,0.0433,0.5679,0.0767,0.5421
2014-10-03T00:07:59.604Z,0.0217,0.0379,0.5559,0.0686,0.5186,0.0179,0.0376,0.5952,0.0624,0.4062,0.0238,0.0428,0.5555,0.0779,0.5483
2014-10-03T00:08:59.043Z,0.0279,0.0441,0.5791,0.0768,0.5909,0.0165,0.0374,0.605,0.0624,0.4082,0.0215,0.0424,0.5441,0.0776,0.5115
2014-10-03T00:09:59.440Z,0.0254,0.0427,0.5723,0.0746,0.5546,0.0162,0.0373,0.6,0.0627,0.3865,0.0227,0.0419,0.5465,0.0781,0.5388
2014-10-03T00:10:59.831Z,0.0168,0.0357,0.5414,0.0664,0.4704,0.0118,0.0314,0.5818,0.0564,0.3636,0.0239,0.0443,0.5636,0.0764,0.5314
2014-10-03T00:11:59.226Z,0.0235,0.0416,0.5619,0.0713,0.5194,0.0129,0.0352,0.5832,0.0581,0.3261,0.021,0.0413,0.5426,0.0755,0.5145
2014-10-03T00:12:59.448Z,0.0214,0.0403,0.555,0.07,0.5133,0.0136,0.0331,0.5867,0.0581,0.3569,0.0253,0.0436,0.5669,0.0761,0.5625
2014-10-03T00:13:59.773Z,0.0226,0.0403,0.5544,0.0715,0.5382,0.0159,0.0374,0.6041,0.0603,0.3229,0.0235,0.0418,0.5447,0.0759,0.5571
2014-10-03T00:14:59.132Z,0.0244,0.0428,0.5691,0.0734,0.5275,0.0147,0.0353,0.6072,0.0584,0.3844,0.0234,0.0416,0.5528,0.0772,0.5522
2014-10-03T00:15:59.461Z,0.0261,0.043,0.5691,0.0761,0.5658,0.0164,0.0385,0.5942,0.0636,0.3858,0.0203,0.0409,0.5355,0.0742,0.5058
2014-10-03T00:16:59.655Z,0.0244,0.0411,0.5527,0.0744,0.5733,0.0202,0.0404,0.5976,0.0676,0.4433,0.026,0.046,0.5689,0.078,0.5504
2014-10-03T00:17:59.134Z,0.0213,0.0387,0.5394,0.07,0.5306,0.0126,0.0329,0.5855,0.0581,0.3448,0.0268,0.0455,0.5671,0.0777,0.5532
2014-10-03T00:18:59.497Z,0.0282,0.0436,0.5646,0.0772,0.6092,0.0187,0.0395,0.6008,0.0646,0.439,0.0223,0.0431,0.5505,0.0777,0.5331
2014-10-03T00:19:59.889Z,0.0246,0.0414,0.5611,0.0723,0.5731,0.0169,0.0366,0.5886,0.0623,0.3954,0.0229,0.0426,0.5511,0.0763,0.5323
2014-10-03T00:20:59.283Z,0.021,0.039,0.551,0.0694,0.521,0.0145,0.0348,0.5858,0.059,0.35,0.0219,0.0426,0.5452,0.0768,0.509
2014-10-03T00:21:59.660Z,0.0253,0.0437,0.5639,0.0761,0.5521,0.0208,0.0408,0.6068,0.0674,0.4629,0.0221,0.0413,0.5371,0.0758,0.5289
2014-10-03T00:22:59.475Z,0.026,0.0419,0.5486,0.0756,0.587,0.0186,0.0386,0.596,0.0658,0.45,0.0233,0.0423,0.547,0.0751,0.5372
2014-10-03T00:23:59.779Z,0.0262,0.0426,0.5623,0.0759,0.5821,0.0164,0.0372,0.5992,0.0631,0.3756,0.0236,0.0428,0.5523,0.0762,0.5415
2014-10-03T00:24:59.173Z,0.0266,0.0416,0.5594,0.0744,0.6062,0.0156,0.0375,0.6022,0.0619,0.3763,0.0228,0.0431,0.5547,0.0778,0.5337
2014-10-03T00:25:59.610Z,0.0272,0.0439,0.5694,0.0753,0.5819,0.0197,0.0431,0.6169,0.0689,0.4303,0.0236,0.0439,0.5586,0.0775,0.5353
2014-10-03T00:26:59.960Z,0.0257,0.0432,0.5595,0.0754,0.5749,0.0189,0.0403,0.6127,0.0657,0.4089,0.0224,0.043,0.557,0.0768,0.5286
2014-10-03T00:27:59.315Z,0.0219,0.0397,0.5506,0.071,0.5245,0.0161,0.0365,0.6055,0.06,0.3732,0.0245,0.0429,0.5577,0.0765,0.5532
2014-10-03T00:28:59.655Z,0.0245,0.0429,0.5624,0.0745,0.5555,0.0253,0.0447,0.6289,0.0708,0.4982,0.0229,0.0432,0.5545,0.0768,0.535
2014-10-03T00:29:59.876Z,0.0264,0.0438,0.5685,0.0754,0.5731,0.0174,0.0385,0.6031,0.0626,0.4331,0.0213,0.04,0.529,0.0746,0.53
2014-10-03T00:30:59.524Z,0.0229,0.041,0.5519,0.0719,0.5213,0.0171,0.0387,0.6003,0.0619,0.419,0.0239,0.0423,0.5558,0.0761,0.5652
2014-10-03T00:31:59.827Z,0.0224,0.0411,0.5538,0.0708,0.5243,0.0168,0.0368,0.5968,0.0616,0.3797,0.0222,0.0432,0.5565,0.0751,0.5111
2014-10-03T00:32:59.133Z,0.0241,0.0421,0.5615,0.0732,0.5459,0.0159,0.0365,0.5959,0.0615,0.3521,0.0226,0.0432,0.5474,0.0768,0.5315
2014-10-03T00:33:59.589Z,0.0242,0.0408,0.5458,0.0739,0.5634,0.0229,0.0445,0.6129,0.07,0.435,0.0239,0.0426,0.5629,0.0761,0.5432
2014-10-03T00:34:59.953Z,0.0247,0.0418,0.5539,0.0742,0.5505,0.0168,0.0368,0.6011,0.0616,0.3866,0.0218,0.0418,0.5416,0.075,0.5405
2014-10-03T00:35:59.711Z,0.0274,0.045,0.5671,0.0776,0.5892,0.0226,0.0439,0.6192,0.0705,0.4797,0.0255,0.0453,0.5711,0.0779,0.5482
2014-10-03T00:36:59.993Z,0.0261,0.0439,0.5689,0.0761,0.5739,0.0194,0.0408,0.6133,0.0672,0.4061,0.0236,0.0436,0.5544,0.0758,0.5447
2014-10-03T00:37:59.336Z,0.0256,0.0422,0.5611,0.0736,0.5586,0.0175,0.04,0.6153,0.0619,0.3797,0.0222,0.0425,0.5478,0.0753,0.5169
2014-10-03T00:38:59.705Z,0.0259,0.0426,0.5612,0.0747,0.5791,0.0171,0.0382,0.5941,0.0638,0.3947,0.0232,0.0435,0.5635,0.0768,0.5406
2014-10-03T00:40:59.321Z,0.0263,0.0433,0.5635,0.0759,0.5809,0.0206,0.0417,0.6183,0.0656,0.4128,0.0235,0.0432,0.5512,0.0762,0.5409
2014-10-03T00:41:59.604Z,0.0217,0.04,0.5541,0.07,0.5224,0.021,0.0431,0.6228,0.0683,0.4438,0.0217,0.04,0.5266,0.0748,0.539
2014-10-03T00:42:59.854Z,0.0244,0.0417,0.5617,0.0728,0.5467,0.015,0.0383,0.5983,0.0642,0.3647,0.0242,0.0442,0.5586,0.0778,0.5344
2014-10-03T00:43:59.210Z,0.0277,0.044,0.5691,0.0757,0.5831,0.0194,0.0437,0.6271,0.0669,0.37,0.0214,0.0406,0.542,0.0749,0.5289
2014-10-03T00:44:59.563Z,0.0257,0.0431,0.568,0.0749,0.5531,0.0183,0.038,0.6077,0.062,0.4097,0.0209,0.0414,0.5437,0.0743,0.5146
2014-10-03T00:45:59.957Z,0.0225,0.0403,0.5522,0.0709,0.5428,0.0134,0.0338,0.5919,0.0572,0.3453,0.0225,0.0425,0.5431,0.0753,0.5284
2014-10-03T00:46:59.306Z,0.0246,0.0414,0.5538,0.0727,0.5724,0.0178,0.037,0.5941,0.0646,0.3638,0.023,0.043,0.5573,0.0762,0.5314
2014-10-03T00:47:59.755Z,0.0224,0.0403,0.5549,0.0711,0.5308,0.0162,0.0381,0.6014,0.0616,0.3714,0.0222,0.0416,0.5516,0.0751,0.5181
2014-10-03T00:48:59.120Z,0.023,0.0397,0.5512,0.0706,0.5352,0.0167,0.0361,0.5958,0.06,0.4158,0.0206,0.0406,0.5324,0.0752,0.5124
2014-10-03T00:49:59.534Z,0.0276,0.0448,0.5661,0.077,0.5891,0.0167,0.0376,0.5997,0.0615,0.3858,0.0209,0.0409,0.5358,0.0748,0.5012
2014-10-03T00:50:59.855Z,0.0247,0.0406,0.5439,0.0751,0.5755,0.0225,0.0445,0.6222,0.0702,0.4616,0.0247,0.0431,0.5614,0.0765,0.5625
2014-10-03T00:51:59.130Z,0.0256,0.0431,0.5567,0.0754,0.5682,0.019,0.0395,0.6008,0.0654,0.4251,0.0233,0.0436,0.5513,0.0769,0.5297
2014-10-03T00:52:59.532Z,0.0252,0.043,0.5594,0.0739,0.5648,0.0209,0.04,0.6109,0.0664,0.4479,0.0248,0.0421,0.5482,0.0767,0.5733
2014-10-03T00:53:59.671Z,0.0261,0.0423,0.5587,0.0745,0.581,0.0181,0.0384,0.5997,0.0655,0.4552,0.0194,0.041,0.531,0.0755,0.4884
2014-10-03T00:54:59.891Z,0.0278,0.0443,0.5703,0.0762,0.5705,0.0216,0.0416,0.6097,0.0662,0.4541,0.0222,0.0416,0.5468,0.0759,0.5273
2014-10-03T00:55:59.256Z,0.0185,0.0368,0.5426,0.0676,0.5006,0.0176,0.0379,0.6038,0.0621,0.4041,0.0253,0.0444,0.5644,0.0762,0.5538
2014-10-03T00:56:59.634Z,0.0251,0.043,0.5673,0.0735,0.5576,0.0165,0.0362,0.5949,0.0614,0.3968,0.0241,0.0435,0.5586,0.0786,0.5492
2014-10-03T00:57:59.977Z,0.0287,0.0438,0.5664,0.0767,0.6108,0.0182,0.0395,0.6003,0.0646,0.4167,0.0236,0.0433,0.5633,0.0762,0.5336
2014-10-03T00:58:59.324Z,0.0233,0.0403,0.5444,0.0722,0.5533,0.0156,0.0367,0.6039,0.0603,0.3747,0.0231,0.0419,0.5475,0.0756,0.5328
2014-10-03T00:59:59.625Z,0.0242,0.0419,0.5581,0.0735,0.5558,0.0168,0.0394,0.6065,0.0642,0.389,0.0232,0.0429,0.55,0.0774,0.5306
