2014-12-10T00:00:59.504Z,4.6166,61.703,232.842,0.2649,0.0769,2.4024,55.4221,232.9431,0.2376,0.0425,84.0281,101.554,233.4755,0.4348,0.829
2014-12-10T00:01:59.011Z,5.5708,62.9296,233.0169,0.2701,0.0897,2.5354,54.2022,233.2832,0.2323,0.0509,83.6794,101.2696,234.1571,0.4324,0.8272
2014-12-10T00:02:59.023Z,4.8004,62.7286,232.9251,0.2691,0.0764,2.2388,54.4046,233.4914,0.2339,0.0419,83.8046,101.9382,234.3182,0.4347,0.8233
2014-12-10T00:03:59.027Z,5.0252,61.8312,232.663,0.2659,0.0834,2.3905,53.3181,233.3025,0.2291,0.0467,84.2138,101.4748,234.3799,0.4332,0.8318
2014-12-10T00:04:59.422Z,5.6899,64.6855,232.5125,0.2785,0.0884,2.4726,56.0878,233.2375,0.2407,0.045,84.0348,101.5178,233.915,0.4342,0.8287
2014-12-10T00:06:59.920Z,5.055,63.8625,232.8508,0.274,0.0801,2.3399,56.696,233.0984,0.2435,0.0409,84.127,102.6442,234.0692,0.4381,0.8208
2014-12-10T00:07:59.567Z,4.1492,64.8144,232.9734,0.2783,0.0637,2.9144,61.7818,232.9839,0.2649,0.0477,83.8301,102.5343,233.8929,0.4382,0.8189
2014-12-10T00:08:59.125Z,4.398,63.5326,233.2503,0.2722,0.0715,2.127,55.8508,232.9341,0.2399,0.037,83.8242,101.7396,233.9315,0.4353,0.8249
2014-12-10T00:09:59.089Z,5.546,63.514,232.8239,0.2726,0.0888,2.8444,56.967,233.2264,0.244,0.0491,83.871,102.5331,233.9966,0.4381,0.8199
2014-12-10T00:10:59.655Z,4.775,64.583,233.1866,0.2766,0.0743,2.1821,56.2362,229.9111,0.2445,0.0378,84.7864,102.4786,234.9796,0.4365,0.8276
2014-12-10T00:11:59.488Z,4.0167,63.3927,232.9556,0.2724,0.064,2.8835,58.2843,231.6778,0.2513,0.0493,84.1345,102.2459,234.461,0.4363,0.8235
2014-12-10T00:12:59.221Z,5.7736,64.543,232.6683,0.2779,0.0896,2.0931,55.634,233.2809,0.2388,0.0388,84.378,101.8418,234.1722,0.4349,0.8289
2014-12-10T00:13:59.119Z,4.4424,63.643,232.8332,0.2734,0.0698,2.5191,55.2751,232.8965,0.2373,0.0465,84.6077,102.8253,234.4181,0.4382,0.8236
2014-12-10T00:14:59.390Z,5.1934,63.964,232.7922,0.2754,0.084,2.6202,56.2008,233.0408,0.2413,0.046,84.5774,101.8898,234.5479,0.4344,0.8304
2014-12-10T00:15:59.720Z,4.8226,64.6562,233.0145,0.2771,0.0749,2.4036,55.6577,233.2029,0.2387,0.0427,83.6549,101.4589,233.9426,0.4336,0.825
2014-12-10T00:16:59.652Z,4.3066,65.4451,233.8067,0.2796,0.0674,2.6573,59.1344,233.5207,0.2536,0.0451,83.6918,101.848,233.2524,0.437,0.8229
2014-12-10T00:17:59.427Z,4.6236,63.1798,233.1199,0.2709,0.0745,2.6734,58.0947,233.8593,0.248,0.0475,84.6957,103.3666,233.8466,0.4425,0.821
2014-12-10T00:18:59.819Z,4.8375,59.8048,232.9579,0.2565,0.0849,2.2158,55.9888,233.9731,0.2395,0.0409,84.0686,103.2543,233.8746,0.4413,0.8173
2014-12-10T00:19:59.371Z,5.2763,62.6656,233.0253,0.2688,0.089,3.266,57.1268,234.1847,0.244,0.0571,83.9419,101.0544,233.736,0.4327,0.8321
2014-12-10T00:21:59.636Z,4.6586,61.4629,232.8751,0.2639,0.0778,2.5869,52.8095,234.2638,0.2257,0.0515,83.7532,100.5165,233.789,0.4299,0.8348
2014-12-10T00:22:59.236Z,5.1022,63.1582,232.9273,0.2711,0.0821,3.0032,55.6468,234.7473,0.2367,0.0534,83.8084,101.3711,233.8254,0.4331,0.8287
2014-12-10T00:23:59.698Z,4.9928,64.4701,233.6867,0.2758,0.0798,2.7414,55.5908,234.5893,0.2372,0.052,83.444,101.1932,234.1663,0.4323,0.8254
2014-12-10T00:24:59.754Z,4.6397,63.4944,233.2753,0.2726,0.0748,2.3441,57.5682,234.7457,0.2449,0.0404,84.4075,103.2867,233.9226,0.4422,0.819
2014-12-10T00:25:59.542Z,4.3464,64.8166,233.1642,0.278,0.0664,2.6079,57.8706,234.8894,0.2464,0.0456,83.6677,100.8886,233.7886,0.4319,0.8303
2014-12-10T00:26:59.026Z,4.9341,64.2179,233.2797,0.2753,0.0786,2.1835,55.1932,234.7988,0.2354,0.0397,84.2554,102.0611,233.8355,0.4364,0.8262
2014-12-10T00:27:59.680Z,4.9973,63.8959,232.7733,0.2747,0.0798,3.057,57.1922,234.7286,0.2437,0.0514,83.455,101.4489,233.6478,0.4343,0.8232
2014-12-10T00:28:59.364Z,5.2141,63.6714,233.5411,0.2724,0.083,2.3293,55.3068,234.4404,0.2359,0.0436,83.8291,101.6106,233.5171,0.4353,0.8261
2014-12-10T00:29:59.921Z,4.1778,64.2164,233.986,0.2748,0.0648,2.7387,57.1768,234.7189,0.2437,0.0489,83.9067,102.0129,233.7264,0.4365,0.8236
2014-12-10T00:30:59.649Z,4.1671,62.893,232.2777,0.2706,0.0682,2.4032,59.785,234.8317,0.2544,0.04,84.598,104.7966,233.0811,0.4494,0.8082
2014-12-10T00:31:59.065Z,5.1076,63.1131,232.5289,0.2711,0.0817,2.4739,55.9801,234.6151,0.2384,0.0448,83.1993,100.6857,232.9397,0.4321,0.8266
2014-12-10T00:32:59.140Z,5.0777,64.5533,232.2464,0.2773,0.0791,2.5199,56.0771,234.352,0.2392,0.0454,83.2388,100.8858,233.157,0.4323,0.8253
2014-12-10T00:33:59.944Z,5.0186,64.0714,233.6798,0.2743,0.0792,2.918,58.4435,233.8905,0.2497,0.0492,83.1239,101.0078,233.0698,0.433,0.8241
2014-12-10T00:34:59.603Z,4.6402,63.0493,233.9523,0.2693,0.0722,2.5986,55.0007,233.2584,0.2357,0.0481,83.1876,100.6657,232.7784,0.432,0.8269
2014-12-10T00:35:59.442Z,4.958,63.9346,234.1932,0.2729,0.0788,2.6079,55.3965,233.888,0.237,0.0465,83.9005,102.289,233.5138,0.4377,0.8216
2014-12-10T00:36:59.721Z,5.0138,63.6197,234.2004,0.2719,0.0802,2.6793,55.8236,233.2485,0.2388,0.0493,84.0524,102.4056,234.0582,0.4381,0.8218
2014-12-10T00:37:59.536Z,5.4875,64.2204,234.2326,0.2738,0.0864,3.0002,60.7374,233.6458,0.2598,0.0495,83.8969,102.3752,233.8325,0.4385,0.8207
2014-12-10T00:38:59.416Z,4.417,65.1044,234.1711,0.278,0.0694,2.951,58.3029,233.3364,0.2503,0.0489,83.4078,100.436,233.263,0.4304,0.8308
2014-12-10T00:39:59.800Z,5.3003,64.3332,233.8676,0.275,0.0833,2.108,55.7743,233.7866,0.2385,0.037,83.4329,101.7586,233.7182,0.4352,0.821
2014-12-10T00:40:59.025Z,5.6137,63.1304,233.6223,0.2701,0.089,2.1411,55.7976,234.0832,0.2381,0.0401,83.7302,101.7237,234.6259,0.4334,0.8242
2014-12-10T00:41:59.411Z,4.8755,64.5605,233.2374,0.2769,0.0764,2.5999,58.4008,235.071,0.2481,0.0442,84.5812,104.401,234.5202,0.4456,0.8119
2014-12-10T00:42:59.955Z,4.4786,64.3213,234.219,0.275,0.0721,2.0436,56.1712,234.9916,0.239,0.0387,83.9888,101.7324,234.4168,0.4345,0.8264
2014-12-10T00:43:59.920Z,4.7738,64.6616,234.3323,0.2756,0.0733,2.8045,58.4535,234.7979,0.2487,0.0484,84.1674,101.4558,234.3277,0.4333,0.8299
2014-12-10T00:44:59.533Z,5.0752,64.6768,234.096,0.2761,0.0794,2.5279,59.0651,234.7171,0.2521,0.0422,84.138,103.9912,234.0672,0.4442,0.8104
2014-12-10T00:45:59.921Z,5.0082,64.9085,234.2733,0.2772,0.0776,2.7496,57.075,234.6599,0.243,0.0484,84.3289,102.018,234.6587,0.4348,0.8274
2014-12-10T00:46:59.756Z,4.3412,63.1982,234.4088,0.2693,0.0693,2.3822,57.0212,233.7149,0.2443,0.0419,84.7279,104.6119,234.4437,0.4464,0.8113
2014-12-10T00:47:59.037Z,5.2036,65.3044,234.22,0.2787,0.0814,2.3586,55.3496,232.9666,0.2381,0.044,83.9798,101.7833,234.4706,0.4342,0.8262
2014-12-10T00:48:59.464Z,4.8956,64.5766,234.0447,0.2763,0.0773,2.4599,57.9427,232.9914,0.2488,0.0411,84.1735,103.273,234.1068,0.4409,0.8165
2014-12-10T00:49:59.575Z,5.1683,64.3097,234.7276,0.2736,0.0809,2.5377,56.4091,232.6247,0.2423,0.0453,84.2063,103.428,234.2063,0.4415,0.8155
2014-12-10T00:50:59.192Z,4.1638,64.075,234.5994,0.2731,0.0658,2.4333,58.8004,231.8786,0.2539,0.043,84.5301,104.1224,234.3659,0.444,0.8147
2014-12-10T00:51:59.217Z,4.3373,62.8262,234.6162,0.2676,0.0701,2.5137,59.4557,230.3977,0.258,0.0445,84.7754,102.7568,234.6948,0.4378,0.8264
2014-12-10T00:52:59.117Z,4.3235,64.4097,234.6616,0.2747,0.0699,2.8485,56.7227,233.0503,0.2435,0.0544,83.7151,100.5151,233.7774,0.4296,0.8333
2014-12-10T00:53:59.308Z,5.1814,65.0937,234.6288,0.2777,0.0799,2.7476,58.4758,233.3345,0.2503,0.0475,83.8914,102.2764,233.73,0.4376,0.8212
2014-12-10T00:54:59.845Z,5.5989,64.9216,235.1462,0.276,0.0868,2.2637,56.1283,233.4149,0.2405,0.0411,84.09,101.3136,233.9274,0.4323,0.8308
2014-12-10T00:55:59.377Z,4.5087,65.8307,235.1593,0.2793,0.0688,2.8612,57.673,233.3923,0.247,0.0502,83.9007,100.8209,233.8978,0.4306,0.8327
2014-12-10T00:56:59.234Z,5.0297,63.9473,235.3744,0.2715,0.0798,2.3845,55.8626,234.1643,0.239,0.0431,84.2604,101.6691,234.5532,0.4334,0.8295
2014-12-10T00:57:59.340Z,5.2687,64.3174,235.2465,0.2736,0.0848,2.8244,56.9013,234.5269,0.2429,0.0493,84.9343,103.1618,234.6347,0.4391,0.8237
2014-12-10T00:58:59.846Z,4.9132,64.8042,235.0292,0.2756,0.0769,2.2016,56.0486,234.2577,0.2393,0.0389,83.8602,101.9345,234.5722,0.4343,0.8238
2014-12-10T00:59:59.499Z,4.5173,65.2252,234.859,0.2775,0.0694,3.1684,57.8193,234.1957,0.2472,0.0545,84.4617,101.7807,234.7673,0.4336,0.8309
