2014-11-14T00:00:59.729Z,3.7847,21.8059,232.4093,0.0935,0.1734,-5.5945,21.3046,232.9782,0.092,-0.2629,10.7413,25.4662,236.9673,0.1074,0.4229
2014-11-14T00:01:59.993Z,3.7255,21.8664,230.1822,0.095,0.1714,-6.3081,21.5734,233.2191,0.0921,-0.2914,10.3344,25.2641,234.3809,0.1078,0.4103
2014-11-14T00:02:59.472Z,3.4809,21.9161,230.2024,0.0944,0.16,-5.6973,21.6374,232.8856,0.0928,-0.2627,10.2735,24.818,234.2865,0.1061,0.4157
2014-11-14T00:03:59.675Z,3.5398,21.9524,230.3298,0.0952,0.1627,-5.7606,20.9252,231.9905,0.0901,-0.2743,10.2559,24.6995,234.013,0.1055,0.4164
2014-11-14T00:04:59.861Z,3.5879,21.4929,230.4259,0.0931,0.1674,-5.7359,20.7393,232.4223,0.0891,-0.2763,10.5704,24.7577,234.2531,0.1061,0.428
2014-11-14T00:05:59.339Z,3.5825,21.696,230.6851,0.0946,0.1665,-5.5757,21.4553,231.6349,0.092,-0.2591,10.3655,25.2763,234.319,0.1084,0.411
2014-11-14T00:06:59.778Z,3.6632,22.2781,231.0312,0.0965,0.1657,-6.187,21.2282,229.2814,0.0923,-0.2906,10.4164,25.5231,234.9589,0.1088,0.409
2014-11-14T00:07:59.103Z,3.7233,22.8517,231.6452,0.0986,0.1642,-6.0056,21.6287,231.2146,0.0933,-0.2783,10.1867,25.1054,233.9422,0.1077,0.4054
2014-11-14T00:08:59.420Z,3.4436,22.6854,231.5824,0.0978,0.1496,-6.0209,21.7861,231.8105,0.0944,-0.2768,10.1459,24.9176,233.5394,0.1071,0.4076
2014-11-14T00:09:59.485Z,3.0211,22.2888,231.7259,0.0964,0.1353,-6.5002,21.5885,232.0237,0.0928,-0.3011,10.2045,25.237,233.4674,0.1085,0.405
2014-11-14T00:10:59.624Z,3.4657,22.5623,231.5594,0.0968,0.1544,-6.275,21.7552,231.6665,0.0931,-0.2886,10.1551,25.4296,233.5091,0.109,0.3997
2014-11-14T00:11:59.800Z,3.6428,22.0606,231.0582,0.0953,0.1656,-6.2057,21.5161,231.8286,0.0928,-0.2885,10.285,25.3609,233.4222,0.1091,0.4055
2014-11-14T00:12:59.146Z,3.5064,22.3432,231.3315,0.0963,0.1567,-6.0103,22.4024,232.1154,0.0965,-0.2687,10.2124,25.5115,233.5923,0.1096,0.4004
2014-11-14T00:13:59.634Z,3.046,22.135,232.1105,0.0955,0.1383,-5.8313,22.165,231.5032,0.0948,-0.2661,10.406,25.2838,233.685,0.108,0.4114
2014-11-14T00:14:59.831Z,4.0409,22.562,232.1568,0.0968,0.1802,-6.1911,21.3401,229.2679,0.0926,-0.2904,10.4415,25.6747,234.6804,0.1097,0.4072
2014-11-14T00:15:59.108Z,4.1567,22.6065,231.9912,0.0975,0.1849,-5.9572,21.946,232.247,0.0949,-0.2723,10.3096,25.3983,234.5362,0.1087,0.4059
2014-11-14T00:16:59.389Z,3.7965,22.4683,231.1984,0.097,0.1705,-6.1656,22.0269,232.313,0.0947,-0.2812,10.327,25.6423,234.308,0.11,0.4037
2014-11-14T00:17:59.780Z,3.899,22.6167,231.6567,0.0977,0.1753,-5.8701,21.5978,232.3382,0.0923,-0.2728,10.4835,24.9538,233.9841,0.1069,0.4207
2014-11-14T00:18:59.124Z,3.9181,22.4947,232.0438,0.0965,0.1761,-5.578,21.2735,232.3589,0.0912,-0.261,10.5515,24.9072,234.1741,0.1065,0.4248
2014-11-14T00:19:59.474Z,3.6593,22.0595,231.8135,0.0947,0.1674,-5.7266,21.9122,232.4153,0.0939,-0.2606,10.4514,25.3056,234.8807,0.1083,0.4137
2014-11-14T00:20:59.821Z,3.6298,21.9059,231.8415,0.0943,0.1666,-5.647,21.3543,232.5373,0.0917,-0.2649,10.2817,25.2478,235.3034,0.1076,0.4094
2014-11-14T00:21:59.071Z,3.6503,22.2335,231.5408,0.0959,0.1648,-5.9687,21.598,232.7981,0.0924,-0.2758,10.3251,25.5449,235.3035,0.109,0.4047
2014-11-14T00:22:59.285Z,3.563,21.9606,231.9233,0.0947,0.163,-5.9334,21.1009,232.2541,0.0906,-0.2798,10.5818,25.4252,235.2639,0.1078,0.4179
2014-11-14T00:23:59.462Z,3.8304,22.2926,232.2822,0.0965,0.1724,-6.2916,21.393,229.1971,0.0927,-0.2952,10.4733,26.0814,235.3984,0.1105,0.4024
2014-11-14T00:24:59.635Z,3.6281,22.4136,232.0704,0.0965,0.1621,-6.4167,21.4952,231.1323,0.0928,-0.2988,10.1373,25.46,234.5534,0.1088,0.3984
2014-11-14T00:25:59.974Z,3.5862,22.43,231.8059,0.0967,0.1616,-5.9843,21.7093,231.7922,0.0934,-0.2758,10.1827,25.476,234.5147,0.1087,0.4
2014-11-14T00:26:59.498Z,3.2827,22.1845,231.0831,0.0957,0.1487,-5.916,22.2538,231.9845,0.0956,-0.2675,10.2719,25.8446,234.7035,0.1101,0.3986
2014-11-14T00:27:59.910Z,3.8902,22.8118,231.0514,0.0988,0.1704,-5.8166,21.791,232.1153,0.0936,-0.2674,10.2913,25.2785,234.3546,0.1083,0.4074
2014-11-14T00:28:59.216Z,3.7451,22.6282,229.6515,0.099,0.1651,-6.2186,21.6391,232.8156,0.0938,-0.2862,10.3876,25.3169,234.2867,0.109,0.4104
2014-11-14T00:29:59.499Z,3.4598,22.1779,229.1544,0.0971,0.1566,-5.72,21.9517,233.0583,0.0944,-0.2599,10.3683,25.4262,234.1257,0.1087,0.4082
2014-11-14T00:30:59.711Z,3.3432,22.0509,229.197,0.0961,0.1489,-6.267,22.0433,232.2252,0.0947,-0.2851,10.2663,25.6272,234.5435,0.1093,0.4005
2014-11-14T00:31:59.947Z,3.4809,22.1763,231.0601,0.0961,0.1589,-6.0902,21.8356,232.615,0.0939,-0.2786,10.29,25.805,235.2211,0.1099,0.3993
2014-11-14T00:32:59.325Z,3.5817,22.3076,231.2213,0.0972,0.1608,-6.1108,21.9934,232.5781,0.0946,-0.2767,10.6477,25.9776,235.2027,0.1104,0.4108
2014-11-14T00:33:59.714Z,3.3793,22.1103,231.1757,0.0953,0.1533,-6.2114,21.9357,232.5468,0.0944,-0.283,10.2146,25.9543,235.1389,0.1102,0.3948
2014-11-14T00:34:59.105Z,3.7009,22.4166,231.1157,0.0968,0.1654,-5.8599,22.1559,231.5038,0.0951,-0.2654,10.1944,25.0861,235.0362,0.1071,0.4061
2014-11-14T00:35:59.390Z,2.9324,22.5791,232.3726,0.0977,0.1287,-6.6989,21.7474,229.8227,0.0948,-0.3083,10.2562,25.9171,235.6732,0.1099,0.3965
2014-11-14T00:36:59.564Z,2.9326,22.375,231.8833,0.0966,0.1312,-5.7303,21.75,232.7837,0.094,-0.2635,10.183,25.7924,234.4553,0.1106,0.3954
2014-11-14T00:37:59.784Z,3.2315,22.0349,232.0724,0.0952,0.1476,-5.6846,21.1816,233.346,0.0904,-0.266,10.8072,25.7074,234.0256,0.1096,0.4218
2014-11-14T00:38:59.991Z,2.9348,22.3279,231.9439,0.0961,0.1303,-6.5319,22.1834,233.1661,0.0946,-0.296,9.9838,25.2848,233.6347,0.1088,0.3964
2014-11-14T00:39:59.116Z,2.9118,22.1657,231.6162,0.0956,0.1304,-6.2362,21.8123,233.0925,0.0932,-0.2855,10.2166,25.3247,233.294,0.1088,0.4038
2014-11-14T00:40:59.214Z,2.9659,22.4602,232.3553,0.0967,0.1323,-6.2774,21.3861,232.9623,0.0915,-0.293,10.2027,25.0865,232.9777,0.1074,0.4065
2014-11-14T00:41:59.407Z,3.6738,22.8048,232.0148,0.0984,0.1624,-5.6435,21.8889,232.7612,0.0936,-0.2584,10.2947,24.9053,233.334,0.1067,0.413
2014-11-14T00:42:59.856Z,3.6634,22.3312,231.7943,0.0962,0.1644,-6.2452,22.2468,232.625,0.0959,-0.2824,10.1779,25.2323,233.7729,0.1077,0.4038
2014-11-14T00:43:59.016Z,3.6411,22.3235,231.9171,0.0965,0.1632,-6.2414,21.9438,232.6445,0.0943,-0.2846,10.027,25.3128,233.9002,0.1087,0.3959
2014-11-14T00:44:59.335Z,3.5761,22.089,231.4498,0.0952,0.162,-6.1129,22.1316,232.7369,0.0945,-0.2773,10.2312,25.7176,233.7405,0.11,0.4
2014-11-14T00:45:59.742Z,3.483,22.1415,231.5003,0.0954,0.1576,-6.0574,21.7502,231.5503,0.0938,-0.2783,10.0301,25.3749,233.2436,0.1084,0.3964
2014-11-14T00:46:59.048Z,3.7538,22.3506,231.451,0.0967,0.1683,-6.0512,21.7176,231.2445,0.094,-0.2792,10.2116,25.4319,233.8053,0.1086,0.4017
2014-11-14T00:47:59.329Z,3.5179,22.4828,231.5009,0.0972,0.1566,-5.7069,22.1132,231.2696,0.0955,-0.2586,10.1362,25.4138,234.1651,0.1089,0.3994
2014-11-14T00:48:59.666Z,3.2238,22.3331,231.8956,0.0962,0.1448,-6.156,21.7653,231.7792,0.0931,-0.2826,10.148,25.1585,233.5135,0.108,0.4037
2014-11-14T00:49:59.958Z,3.2072,22.4279,231.3718,0.0969,0.144,-6.0665,22.1296,232.2928,0.0949,-0.275,10.212,25.3213,234.0206,0.1086,0.4033
2014-11-14T00:50:59.156Z,2.9903,22.3521,231.3787,0.0962,0.1343,-6.1404,21.7358,232.6039,0.093,-0.2821,10.2853,25.5689,234.1315,0.1098,0.4023
2014-11-14T00:51:59.646Z,3.0475,22.3188,230.9439,0.096,0.1381,-5.7251,22.0095,232.5083,0.0945,-0.2607,10.1738,25.2439,234.0866,0.1083,0.4049
2014-11-14T00:52:59.124Z,2.9028,21.9559,231.0108,0.0948,0.1337,-5.9111,22.2281,232.2689,0.0955,-0.2666,10.273,25.5051,233.6691,0.1092,0.4039
2014-11-14T00:53:59.380Z,3.2069,22.4329,231.7481,0.0963,0.1431,-6.3663,21.8353,229.7088,0.0946,-0.2924,10.4566,25.633,234.885,0.1091,0.4083
2014-11-14T00:54:59.707Z,3.2795,22.3989,230.7934,0.0972,0.1482,-6.2902,21.4272,231.6609,0.0926,-0.2934,10.3428,25.6303,234.5499,0.1091,0.4041
2014-11-14T00:55:59.005Z,3.6481,22.2046,230.5698,0.096,0.1625,-6.3053,22.0206,232.3004,0.0948,-0.2873,9.9725,25.3817,234.5232,0.1083,0.394
2014-11-14T00:56:59.135Z,3.6331,22.051,230.5886,0.0963,0.1661,-6.2778,21.2139,232.1922,0.091,-0.2935,10.4914,25.4096,234.4554,0.1084,0.4141
2014-11-14T00:57:59.485Z,3.5619,22.4021,230.5366,0.0978,0.1594,-6.289,21.8471,231.8717,0.0933,-0.2887,10.3137,25.5447,234.364,0.1093,0.4036
2014-11-14T00:58:59.720Z,3.5574,22.1957,230.6356,0.0961,0.1604,-6.1564,21.5163,231.9901,0.092,-0.2854,10.2338,25.4368,234.4262,0.108,0.4023
2014-11-14T00:59:59.277Z,3.4663,22.3695,230.721,0.097,0.1566,-6.1031,22.1044,232.3181,0.0948,-0.277,10.2366,25.5167,234.5746,0.109,0.4009
