2014-12-14T00:00:59.960Z,4.4464,43.3464,232.3295,0.187,0.1016,2.2051,33.2898,231.544,0.1436,0.07,3.8162,32.6966,232.2947,0.1414,0.1278
2014-12-14T00:01:59.147Z,5.5494,44.7389,231.5953,0.1936,0.1228,2.5404,31.7041,232.4902,0.1363,0.0808,3.1436,32.5366,232.9448,0.1396,0.1021
2014-12-14T00:02:59.440Z,4.7726,45.9302,231.791,0.1979,0.1047,2.6121,29.4255,232.6264,0.1263,0.0893,3.1209,36.1222,233.4727,0.1544,0.0929
2014-12-14T00:03:59.070Z,4.9634,46.3041,232.1413,0.199,0.1071,2.3678,31.8101,232.8666,0.1366,0.0833,2.8398,34.0149,233.8263,0.1457,0.0881
2014-12-14T00:04:59.678Z,4.3439,45.1273,232.5133,0.1941,0.0967,2.4178,31.2168,232.8346,0.1336,0.0823,3.2402,35.5295,234.3045,0.1512,0.092
2014-12-14T00:05:59.147Z,3.8982,45.9703,233.9447,0.1962,0.0843,3.2143,32.8041,232.66,0.1408,0.0977,3.4209,34.0032,233.7406,0.1456,0.1039
2014-12-14T00:06:59.194Z,4.5292,45.5654,233.6569,0.1953,0.1008,2.5016,31.2227,232.3813,0.1346,0.0845,3.6447,34.6788,233.7247,0.1479,0.1063
2014-12-14T00:07:59.507Z,5.3642,45.0102,233.3057,0.1933,0.1192,2.3287,32.331,232.0365,0.1392,0.0761,3.2138,34.9417,233.8751,0.1498,0.0986
2014-12-14T00:08:59.045Z,4.9113,45.5014,233.1479,0.1958,0.1066,2.3691,31.6914,232.4939,0.136,0.0758,3.4783,34.3654,233.2532,0.147,0.1066
2014-12-14T00:09:59.423Z,4.0621,45.8564,232.9124,0.1968,0.0879,2.7688,30.8463,232.5652,0.1327,0.0887,3.1035,34.9151,233.118,0.1498,0.0904
2014-12-14T00:10:59.861Z,4.4038,45.6645,233.0446,0.1957,0.097,2.3268,33.3235,232.5128,0.1432,0.074,2.9585,34.3836,233.0585,0.1471,0.0908
2014-12-14T00:11:59.109Z,5.6511,45.3601,233.1835,0.1945,0.1233,2.0927,31.3619,232.5303,0.1347,0.0687,3.5176,33.954,233.3576,0.1456,0.1104
2014-12-14T00:12:59.610Z,4.9537,45.7838,233.2993,0.1961,0.1086,2.6782,31.8145,232.1942,0.1366,0.086,3.3317,34.3077,233.5193,0.1466,0.0976
2014-12-14T00:13:59.149Z,4.3968,45.3021,232.597,0.1949,0.0957,2.362,31.4932,232.5502,0.1353,0.078,2.9488,36.3113,233.019,0.1562,0.0832
2014-12-14T00:14:59.460Z,4.7284,44.663,232.0443,0.1928,0.1052,2.2929,34.3041,232.8073,0.1474,0.0687,3.7834,32.9092,232.9938,0.1411,0.1179
2014-12-14T00:15:59.608Z,5.0984,45.9825,232.1344,0.1978,0.1098,2.2712,30.1745,232.7241,0.1298,0.0852,2.9744,34.6623,232.9122,0.1488,0.0918
2014-12-14T00:16:59.304Z,5.2104,44.7317,232.7364,0.1917,0.1163,2.6228,33.5169,233.2156,0.1439,0.0776,3.8464,34.0394,233.0636,0.146,0.1153
2014-12-14T00:17:59.710Z,3.7838,46.234,233.5337,0.1982,0.0826,2.6182,31.9607,233.397,0.1371,0.0813,3.1735,33.7128,233.5415,0.1448,0.1017
2014-12-14T00:18:59.328Z,4.6636,45.2948,233.9981,0.1933,0.102,2.2914,33.022,233.6962,0.1407,0.0708,3.8846,33.3602,233.7386,0.1424,0.1184
2014-12-14T00:19:59.867Z,5.2771,45.801,233.834,0.1959,0.1175,2.9072,31.8593,233.9232,0.136,0.0929,2.9254,34.6232,233.7437,0.1484,0.085
2014-12-14T00:20:59.159Z,5.337,44.6272,234.048,0.1906,0.1185,2.7817,31.5588,234.0265,0.1349,0.0896,3.416,33.3307,233.5709,0.1427,0.1079
2014-12-14T00:21:59.468Z,4.6672,44.818,234.2927,0.1909,0.106,2.2893,31.2307,233.6688,0.1339,0.0786,3.4784,33.5649,233.8367,0.144,0.1091
2014-12-14T00:22:59.096Z,4.7191,44.8513,233.8289,0.1919,0.1074,2.7056,31.1241,233.4309,0.1336,0.0872,3.5312,34.3123,233.7401,0.1466,0.1114
2014-12-14T00:23:59.354Z,5.5646,45.5969,234.9143,0.1944,0.122,2.6656,31.348,233.8098,0.1336,0.0836,3.7031,32.3065,234.1553,0.1379,0.1197
2014-12-14T00:24:59.072Z,5.0943,45.3676,235.3412,0.1929,0.1151,2.5593,31.7311,234.2677,0.1345,0.0791,3.2808,32.1876,234.1782,0.1375,0.1107
2014-12-14T00:25:59.210Z,5.3041,45.9836,234.8957,0.1957,0.116,2.4408,31.5966,233.7121,0.1357,0.0808,3.3727,33.2433,234.0631,0.1418,0.11
2014-12-14T00:26:59.487Z,5.1422,46.2719,234.258,0.1978,0.11,3.4285,33.1007,233.063,0.1419,0.1041,3.0664,33.8447,233.1136,0.1451,0.0964
2014-12-14T00:27:59.338Z,4.4433,45.59,233.7368,0.1949,0.0977,2.8137,32.4637,233.3734,0.139,0.0899,3.4935,34.2354,233.4809,0.1468,0.1031
2014-12-14T00:29:59.541Z,4.2325,45.0788,233.9579,0.1925,0.0935,2.4464,32.4412,233.0717,0.1391,0.0773,3.368,34.1627,233.5016,0.1462,0.0987
2014-12-14T00:30:59.715Z,5.443,46.4193,233.6252,0.1988,0.1152,2.7337,33.0555,233.1389,0.1416,0.0826,3.3513,33.6614,233.9573,0.1439,0.1032
2014-12-14T00:31:59.574Z,4.8625,44.9556,233.7764,0.1923,0.1074,2.2306,32.2614,232.1031,0.1391,0.071,3.1768,33.5244,234.0817,0.1433,0.1017
2014-12-14T00:32:59.890Z,4.9083,45.7785,233.7773,0.1953,0.1065,2.5812,31.9509,231.9577,0.1372,0.0871,2.8763,33.3202,234.2943,0.1419,0.0881
2014-12-14T00:33:59.380Z,5.4781,45.7437,233.6088,0.1956,0.12,2.6688,32.4558,232.1067,0.1393,0.083,3.7474,33.1775,234.1057,0.1418,0.1146
2014-12-14T00:34:59.090Z,5.1747,45.7948,233.9772,0.1953,0.1137,3.0123,30.2579,231.6414,0.1304,0.0988,3.2249,32.9682,234.0837,0.1408,0.1053
2014-12-14T00:35:59.402Z,4.4157,46.4108,234.2104,0.1985,0.0937,2.8457,32.3542,232.0793,0.1391,0.0889,2.9976,33.9373,233.8362,0.1449,0.0885
2014-12-14T00:36:59.533Z,4.3885,44.9253,234.557,0.1914,0.0962,2.8947,31.296,231.8498,0.1346,0.0916,3.3842,33.9085,233.4777,0.1452,0.0992
2014-12-14T00:37:59.843Z,4.9582,45.5895,234.2459,0.1946,0.1107,2.1827,32.0399,232.3132,0.1384,0.0685,3.0262,35.1089,233.269,0.1503,0.0879
2014-12-14T00:38:59.673Z,5.4653,45.5438,232.6933,0.1957,0.1195,2.5385,33.3867,233.1975,0.1427,0.0754,3.2365,32.7431,232.9735,0.1408,0.1027
2014-12-14T00:39:59.960Z,4.4796,44.7285,233.0985,0.1918,0.0999,2.8041,30.2653,233.5827,0.1299,0.0956,3.3351,34.4719,233.7374,0.1478,0.097
2014-12-14T00:40:59.224Z,4.7672,45.5697,232.8208,0.196,0.1041,2.3312,31.8528,233.7413,0.1361,0.0752,3.0686,33.1774,233.6246,0.1419,0.0981
2014-12-14T00:41:59.205Z,5.1927,46.7862,233.9914,0.1999,0.11,2.7421,32.7388,233.529,0.1398,0.0846,3.5041,33.3864,233.6482,0.1429,0.108
2014-12-14T00:42:59.497Z,5.0667,45.8702,234.0832,0.1956,0.1112,2.5751,31.9119,233.6408,0.137,0.0831,3.0908,33.7513,233.5566,0.1442,0.0954
2014-12-14T00:43:59.008Z,4.5972,46.2926,234.0528,0.1981,0.0991,2.5628,31.5057,233.6371,0.1351,0.0832,3.486,34.3148,233.589,0.1471,0.1034
2014-12-14T00:44:59.500Z,4.2977,45.4723,234.3654,0.194,0.0933,2.3903,34.9275,232.7388,0.15,0.0665,3.626,35.3701,233.5083,0.1516,0.1054
2014-12-14T00:45:59.139Z,4.861,45.1632,234.343,0.1929,0.1075,2.4888,32.5149,231.4852,0.1399,0.0765,3.401,33.4281,234.3016,0.143,0.1095
2014-12-14T00:46:59.596Z,5.5456,46.5025,234.9986,0.1975,0.1201,2.4266,33.5622,234.6533,0.1431,0.0805,3.3953,33.4643,230.9692,0.1446,0.1054
2014-12-14T00:47:59.009Z,4.7059,45.3217,234.5241,0.1937,0.1029,2.8573,32.6376,234.0692,0.1396,0.0871,3.7293,34.375,232.7819,0.1478,0.1108
2014-12-14T00:48:59.781Z,5.7307,46.3749,234.3126,0.1978,0.1238,2.2755,32.0295,234.257,0.1366,0.0759,2.8238,32.8111,232.562,0.1411,0.0941
2014-12-14T00:49:59.399Z,4.9388,45.8069,234.706,0.1949,0.1062,2.7548,33.2602,234.6718,0.1414,0.0849,2.9566,36.0248,232.8027,0.1543,0.0911
2014-12-14T00:50:59.154Z,5.6979,47.0917,234.6786,0.2006,0.1216,2.6847,32.6016,234.4436,0.1393,0.0856,3.6749,33.0422,233.0873,0.142,0.1098
2014-12-14T00:51:59.423Z,4.3899,44.8816,234.0555,0.1919,0.0969,2.1416,31.4359,234.3127,0.1341,0.0735,2.9627,34.2266,233.6734,0.1463,0.0904
2014-12-14T00:52:59.706Z,4.5183,45.4497,234.3591,0.194,0.0978,2.7293,32.69,233.7621,0.1402,0.0812,3.0798,33.0359,233.5596,0.1412,0.0992
2014-12-14T00:53:59.265Z,5.0952,45.6947,234.4648,0.1947,0.1114,2.5831,32.4878,233.7121,0.1389,0.0834,3.6363,33.2022,233.401,0.1417,0.11
2014-12-14T00:54:59.507Z,5.5143,46.1792,234.4834,0.1968,0.1173,3.027,31.3129,233.5846,0.1338,0.0992,3.2055,34.5514,233.3976,0.148,0.0936
2014-12-14T00:55:59.874Z,4.9588,44.9521,234.517,0.1916,0.1112,2.6238,32.465,233.1393,0.139,0.0816,3.0398,34.1458,233.0293,0.1465,0.0932
2014-12-14T00:56:59.146Z,5.495,45.8886,233.901,0.196,0.1188,3.009,32.2746,233.206,0.1384,0.101,3.2826,34.8932,233.0058,0.1502,0.101
2014-12-14T00:57:59.489Z,5.0612,46.1847,233.1857,0.1981,0.1105,2.5648,33.5212,233.2797,0.1436,0.0795,2.7754,33.592,233.2315,0.144,0.0879
2014-12-14T00:58:59.144Z,4.9923,45.2668,233.1953,0.1943,0.1119,2.8732,31.4166,233.5824,0.1351,0.0899,2.6164,35.3269,233.4922,0.1514,0.0781
2014-12-14T00:59:59.096Z,5.3288,44.3759,233.0254,0.1905,0.1188,2.8064,30.6899,233.5441,0.1316,0.0916,3.6338,32.8846,233.3734,0.1414,0.1196
