2014-10-07T00:00:59.123Z,0.0343,0.0517,0.5934,0.0871,0.6726,0.0334,0.0554,0.656,0.0837,0.5851,0.032,0.0526,0.6197,0.0817,0.5874
2014-10-07T00:01:59.508Z,0.0379,0.0538,0.6045,0.09,0.6938,0.0355,0.0569,0.6576,0.0848,0.5852,0.0293,0.0479,0.5962,0.08,0.5928
2014-10-07T00:02:59.620Z,0.0391,0.0553,0.6159,0.0882,0.7024,0.0456,0.0638,0.6965,0.0915,0.6629,0.0315,0.0515,0.6168,0.0815,0.5876
2014-10-07T00:03:59.893Z,0.0376,0.0553,0.6161,0.0889,0.6866,0.0316,0.0534,0.6568,0.0797,0.5482,0.0297,0.0508,0.6195,0.0803,0.5745
2014-10-07T00:04:59.204Z,0.0375,0.0556,0.6125,0.0884,0.6778,0.0347,0.055,0.6494,0.0828,0.5984,0.035,0.0519,0.6134,0.0831,0.6084
2014-10-07T00:05:59.472Z,0.0363,0.0553,0.6087,0.0888,0.6684,0.0366,0.0575,0.6587,0.0853,0.6284,0.0269,0.0497,0.6069,0.08,0.5156
2014-10-07T00:06:59.962Z,0.0363,0.0518,0.5985,0.0853,0.6743,0.0353,0.0533,0.64,0.0818,0.6128,0.033,0.052,0.6225,0.0828,0.6183
2014-10-07T00:07:59.194Z,0.0366,0.0541,0.6049,0.0888,0.6678,0.0388,0.06,0.6763,0.0873,0.6117,0.029,0.048,0.5995,0.0793,0.5751
2014-10-07T00:08:59.426Z,0.0364,0.0539,0.6092,0.0864,0.6947,0.0381,0.0575,0.6711,0.0853,0.6206,0.0328,0.0522,0.6172,0.0839,0.5903
2014-10-07T00:09:59.691Z,0.0403,0.06,0.6262,0.0921,0.6945,0.0297,0.0521,0.6386,0.081,0.5428,0.0276,0.049,0.6014,0.0786,0.5583
2014-10-07T00:10:59.970Z,0.0355,0.0543,0.6058,0.0875,0.6448,0.0423,0.063,0.6893,0.0883,0.6445,0.0315,0.0508,0.6142,0.0815,0.5755
2014-10-07T00:11:59.270Z,0.039,0.0562,0.6103,0.091,0.6938,0.039,0.059,0.6676,0.0876,0.6386,0.0272,0.0476,0.5976,0.0793,0.5566
2014-10-07T00:12:59.566Z,0.0361,0.0546,0.6104,0.0879,0.6696,0.0314,0.0529,0.6446,0.0818,0.5621,0.0279,0.0479,0.5964,0.0779,0.5807
2014-10-07T00:13:59.851Z,0.0335,0.0512,0.5915,0.0853,0.6862,0.0288,0.0503,0.6376,0.0776,0.5368,0.0312,0.0506,0.6197,0.0803,0.5779
2014-10-07T00:14:59.208Z,0.0382,0.0564,0.6176,0.0891,0.6812,0.0306,0.0503,0.6382,0.0776,0.5694,0.0282,0.0488,0.5988,0.08,0.5633
2014-10-07T00:15:59.523Z,0.0362,0.0544,0.6079,0.089,0.6782,0.0338,0.0536,0.659,0.081,0.5887,0.0303,0.051,0.6005,0.0828,0.5505
2014-10-07T00:16:59.836Z,0.0414,0.0583,0.631,0.0917,0.6976,0.0383,0.0569,0.6638,0.0841,0.6093,0.0252,0.0466,0.5841,0.0783,0.5338
2014-10-07T00:17:59.181Z,0.0384,0.0547,0.6069,0.09,0.6906,0.0316,0.055,0.6541,0.0822,0.5406,0.0313,0.0488,0.6091,0.0791,0.6031
2014-10-07T00:18:59.443Z,0.0378,0.055,0.6091,0.0884,0.6897,0.0363,0.0569,0.6703,0.0859,0.6134,0.0281,0.0488,0.5928,0.0806,0.5744
2014-10-07T00:19:59.769Z,0.0333,0.0522,0.5964,0.0861,0.6422,0.0356,0.0564,0.6628,0.0822,0.5967,0.0281,0.0481,0.5992,0.0794,0.5756
2014-10-07T00:20:59.042Z,0.0351,0.0514,0.5891,0.0854,0.6997,0.0363,0.058,0.6609,0.0871,0.6114,0.0314,0.0503,0.6066,0.0803,0.5794
2014-10-07T00:21:59.269Z,0.0365,0.0555,0.6113,0.0894,0.6781,0.0329,0.0539,0.6465,0.0839,0.5835,0.0261,0.0484,0.5958,0.0794,0.5313
2014-10-07T00:22:59.567Z,0.0382,0.0549,0.6105,0.0872,0.6744,0.0374,0.0587,0.6723,0.0862,0.6192,0.0336,0.0544,0.6254,0.0846,0.5746
2014-10-07T00:23:59.830Z,0.0331,0.0493,0.5893,0.0848,0.6566,0.0386,0.0597,0.6655,0.0862,0.6076,0.0314,0.0524,0.6197,0.0821,0.5859
2014-10-07T00:24:59.223Z,0.0354,0.0519,0.5935,0.0881,0.6842,0.0319,0.0538,0.6519,0.0831,0.5758,0.0285,0.0492,0.61,0.0796,0.575
2014-10-07T00:25:59.560Z,0.0379,0.0561,0.6124,0.0876,0.6873,0.0291,0.0503,0.6312,0.0794,0.5442,0.0242,0.0452,0.5809,0.0764,0.5209
2014-10-07T00:26:59.788Z,0.0336,0.0506,0.5888,0.0836,0.6667,0.0336,0.0527,0.6503,0.0809,0.5821,0.0288,0.0488,0.6055,0.0788,0.5891
2014-10-07T00:27:59.055Z,0.037,0.0548,0.6119,0.0885,0.6944,0.0341,0.0548,0.6537,0.083,0.5856,0.0274,0.0478,0.6078,0.0778,0.5933
2014-10-07T00:28:59.327Z,0.0336,0.0522,0.5889,0.0869,0.6764,0.0381,0.0586,0.6786,0.0853,0.6225,0.0289,0.0508,0.6133,0.0819,0.5517
2014-10-07T00:29:59.513Z,0.0355,0.0545,0.6009,0.0873,0.6806,0.0361,0.0576,0.6648,0.087,0.5994,0.0291,0.0488,0.6024,0.0794,0.5676
2014-10-07T00:30:59.707Z,0.0397,0.0576,0.6186,0.0903,0.7038,0.0376,0.06,0.6648,0.0893,0.5962,0.0286,0.0476,0.6024,0.0793,0.5648
2014-10-07T00:31:59.836Z,0.0347,0.0527,0.594,0.0867,0.672,0.0333,0.0553,0.6627,0.0833,0.5943,0.0293,0.0517,0.6183,0.0813,0.5473
2014-10-07T00:32:59.064Z,0.0365,0.0542,0.6006,0.0874,0.6916,0.0345,0.0561,0.6594,0.0848,0.581,0.0326,0.0523,0.6203,0.0832,0.5819
2014-10-07T00:33:59.338Z,0.0377,0.0561,0.6129,0.0887,0.6781,0.0371,0.0574,0.661,0.0848,0.6281,0.0258,0.0455,0.5994,0.0761,0.5416
2014-10-07T00:34:59.586Z,0.0321,0.0503,0.5845,0.0845,0.6531,0.039,0.0603,0.6755,0.089,0.6224,0.0276,0.0469,0.6017,0.0786,0.5697
2014-10-07T00:35:59.661Z,0.0334,0.0511,0.588,0.0857,0.6673,0.0405,0.0602,0.6702,0.0882,0.6273,0.0318,0.0509,0.6166,0.0827,0.6025
2014-10-07T00:36:59.842Z,0.0369,0.0545,0.5986,0.0876,0.6966,0.0362,0.0555,0.65,0.0841,0.5962,0.0314,0.0514,0.6217,0.0817,0.5866
2014-10-07T00:37:59.182Z,0.0339,0.0529,0.5965,0.0871,0.6468,0.0371,0.0584,0.6497,0.0881,0.6132,0.029,0.0494,0.6061,0.0806,0.5826
2014-10-07T00:38:59.428Z,0.0355,0.052,0.5962,0.085,0.6828,0.04,0.0613,0.6818,0.0888,0.6172,0.0288,0.0498,0.602,0.0815,0.5575
2014-10-07T00:39:59.795Z,0.0397,0.0572,0.6122,0.09,0.6956,0.0413,0.0619,0.6825,0.0878,0.6431,0.0281,0.0491,0.6028,0.0813,0.5628
2014-10-07T00:40:59.207Z,0.0363,0.0531,0.6041,0.0863,0.6925,0.0322,0.0534,0.6428,0.0822,0.5847,0.0297,0.0481,0.5947,0.0794,0.5919
2014-10-07T00:41:59.454Z,0.0355,0.0545,0.603,0.0875,0.663,0.0328,0.054,0.6583,0.081,0.5742,0.0295,0.0493,0.6043,0.0805,0.584
2014-10-07T00:42:59.638Z,0.0361,0.0539,0.6075,0.0864,0.6854,0.0325,0.0532,0.6346,0.0818,0.5836,0.0261,0.0489,0.5993,0.08,0.5325
2014-10-07T00:43:59.936Z,0.0326,0.05,0.5826,0.0844,0.6715,0.0377,0.0587,0.6746,0.0862,0.6067,0.0321,0.0531,0.6256,0.0828,0.5879
2014-10-07T00:44:59.149Z,0.0357,0.0563,0.6077,0.0877,0.6749,0.0357,0.0569,0.6689,0.0843,0.5854,0.0289,0.0494,0.6031,0.0809,0.5763
2014-10-07T00:45:59.496Z,0.0376,0.0559,0.6131,0.0876,0.6872,0.0324,0.0531,0.639,0.0824,0.591,0.029,0.0493,0.5966,0.0814,0.5721
2014-10-07T00:46:59.807Z,0.0355,0.0539,0.6029,0.0877,0.6658,0.0335,0.0545,0.6577,0.0835,0.5819,0.0271,0.0481,0.6003,0.0787,0.5619
2014-10-07T00:47:59.294Z,0.0342,0.0512,0.5906,0.0845,0.6852,0.037,0.0588,0.6621,0.087,0.6206,0.0282,0.0494,0.6058,0.0809,0.5485
2014-10-07T00:48:59.517Z,0.0356,0.0529,0.5988,0.0853,0.6815,0.0371,0.0571,0.67,0.0847,0.6112,0.0306,0.0512,0.6059,0.0812,0.5553
2014-10-07T00:49:59.795Z,0.0351,0.0546,0.6017,0.088,0.6806,0.0377,0.0594,0.6646,0.0877,0.6057,0.026,0.0457,0.5897,0.0777,0.544
2014-10-07T00:50:59.966Z,0.0374,0.0553,0.6161,0.0882,0.6784,0.03,0.0508,0.6453,0.0768,0.5429,0.0329,0.0526,0.6284,0.0834,0.6124
2014-10-07T00:51:59.120Z,0.0336,0.0518,0.5952,0.0845,0.6864,0.0342,0.0545,0.6561,0.0818,0.5697,0.0264,0.0476,0.5976,0.0788,0.5409
2014-10-07T00:52:59.462Z,0.0359,0.0538,0.6097,0.0881,0.6644,0.0322,0.0525,0.6359,0.0822,0.5853,0.03,0.0506,0.6103,0.0809,0.5709
2014-10-07T00:53:59.742Z,0.0406,0.0574,0.6162,0.0891,0.7024,0.0347,0.055,0.6576,0.0832,0.5962,0.0309,0.0506,0.6135,0.0806,0.5974
2014-10-07T00:54:59.143Z,0.0358,0.0539,0.6087,0.0865,0.6774,0.0368,0.0561,0.6658,0.0848,0.6194,0.0284,0.0484,0.6042,0.0794,0.5723
2014-10-07T00:55:59.606Z,0.0324,0.0508,0.5887,0.0839,0.6566,0.0395,0.0603,0.6795,0.0863,0.6147,0.0308,0.0503,0.6192,0.0792,0.5937
2014-10-07T00:56:59.878Z,0.0394,0.0577,0.6209,0.0906,0.6806,0.0403,0.0614,0.6894,0.0866,0.5971,0.0303,0.0509,0.6197,0.0809,0.5789
2014-10-07T00:57:59.041Z,0.0334,0.0526,0.5866,0.0871,0.6577,0.0366,0.0577,0.6586,0.0857,0.5849,0.0306,0.0517,0.6111,0.0817,0.5686
2014-10-07T00:58:59.334Z,0.0389,0.0562,0.6057,0.0886,0.697,0.0408,0.0611,0.6759,0.0889,0.6162,0.0295,0.05,0.6143,0.0811,0.5886
2014-10-07T00:59:59.486Z,0.0361,0.0547,0.6081,0.0878,0.6617,0.0392,0.0578,0.6706,0.0856,0.6419,0.0325,0.0511,0.6275,0.0814,0.6186
