2014-09-15T00:00:59.164Z,0.0395,0.0548,0.6067,0.0901,0.6986,0.0375,0.0592,0.6644,0.0882,0.6241,0.0271,0.0475,0.5849,0.0805,0.5707
2014-09-15T00:01:59.230Z,0.0416,0.0561,0.6177,0.0913,0.7197,0.0394,0.059,0.6681,0.089,0.6587,0.0268,0.0474,0.59,0.0784,0.5435
2014-09-15T00:02:59.392Z,0.0392,0.0528,0.5988,0.088,0.696,0.0372,0.0556,0.6432,0.0848,0.6144,0.0284,0.0472,0.5872,0.078,0.588
2014-09-15T00:03:59.545Z,0.0428,0.0555,0.6134,0.0914,0.7121,0.0331,0.0541,0.6445,0.0831,0.5797,0.0338,0.051,0.6121,0.0817,0.6348
2014-09-15T00:04:59.748Z,0.0414,0.0541,0.6062,0.0914,0.7303,0.0324,0.0521,0.6134,0.0824,0.5983,0.0341,0.0514,0.6114,0.0828,0.6393
2014-09-15T00:05:59.866Z,0.0419,0.0563,0.6194,0.0916,0.7044,0.0344,0.0563,0.6534,0.0859,0.6019,0.0278,0.0463,0.5756,0.0788,0.5866
2014-09-15T00:06:59.189Z,0.0423,0.0547,0.6117,0.0907,0.7293,0.0367,0.056,0.645,0.087,0.628,0.029,0.0483,0.6003,0.082,0.591
2014-09-15T00:07:59.357Z,0.0411,0.0525,0.6007,0.0904,0.7204,0.0375,0.0546,0.6346,0.0879,0.665,0.0264,0.045,0.5932,0.0764,0.5732
2014-09-15T00:08:59.522Z,0.0466,0.0597,0.6243,0.0949,0.7449,0.0329,0.052,0.642,0.0806,0.5966,0.0303,0.0497,0.6009,0.0814,0.5894
2014-09-15T00:09:59.609Z,0.0417,0.0557,0.6083,0.093,0.715,0.0373,0.0577,0.6477,0.0883,0.645,0.029,0.0467,0.5967,0.079,0.5947
2014-09-15T00:10:59.726Z,0.0403,0.0551,0.612,0.0914,0.6963,0.0323,0.0537,0.642,0.0829,0.5709,0.032,0.0514,0.608,0.0831,0.5983
2014-09-15T00:11:59.877Z,0.0386,0.0524,0.5974,0.0881,0.7093,0.0424,0.0621,0.6786,0.0898,0.6445,0.0317,0.0507,0.6029,0.0833,0.6226
2014-09-15T00:12:59.030Z,0.0381,0.0522,0.5869,0.0894,0.7081,0.0378,0.0572,0.6513,0.0878,0.6353,0.0313,0.0506,0.6094,0.0813,0.6053
2014-09-15T00:13:59.162Z,0.04,0.0537,0.6003,0.0891,0.7174,0.0409,0.0606,0.6671,0.0891,0.6466,0.0294,0.0477,0.5957,0.082,0.5874
2014-09-15T00:14:59.275Z,0.0419,0.0526,0.597,0.0911,0.7348,0.0333,0.0537,0.6274,0.0844,0.567,0.0296,0.0478,0.5948,0.08,0.5978
2014-09-15T00:15:59.425Z,0.0411,0.0562,0.6154,0.0914,0.7054,0.0392,0.0586,0.6592,0.0878,0.6414,0.0335,0.0516,0.6111,0.0832,0.6003
2014-09-15T00:16:59.503Z,0.039,0.0531,0.5983,0.0897,0.6941,0.0345,0.0538,0.6331,0.0852,0.6086,0.0269,0.0445,0.5772,0.0779,0.5586
2014-09-15T00:17:59.635Z,0.0393,0.0528,0.5907,0.0903,0.7172,0.0393,0.0607,0.6569,0.0914,0.6355,0.031,0.0507,0.6052,0.0821,0.5797
2014-09-15T00:18:59.789Z,0.0418,0.0561,0.6107,0.0921,0.7029,0.0407,0.0621,0.6811,0.0889,0.665,0.0275,0.0457,0.5861,0.0775,0.5775
2014-09-15T00:19:59.919Z,0.0365,0.0519,0.5842,0.0874,0.6797,0.0339,0.0539,0.6371,0.0835,0.6032,0.029,0.0465,0.5861,0.08,0.5887
2014-09-15T00:20:59.042Z,0.0409,0.0565,0.6082,0.0918,0.7271,0.0374,0.0576,0.6562,0.0885,0.6212,0.0288,0.0482,0.6044,0.0788,0.5612
2014-09-15T00:21:59.159Z,0.0406,0.0557,0.6106,0.0911,0.7177,0.0331,0.0531,0.636,0.084,0.5931,0.0266,0.0457,0.5871,0.0786,0.576
2014-09-15T00:22:59.310Z,0.0417,0.0576,0.62,0.0928,0.7124,0.0338,0.0541,0.6459,0.0838,0.5514,0.0262,0.0455,0.5831,0.0786,0.5721
2014-09-15T00:23:59.461Z,0.0384,0.055,0.6012,0.0906,0.7059,0.0381,0.0581,0.6544,0.0878,0.6425,0.0253,0.045,0.5806,0.0772,0.5447
2014-09-15T00:24:59.597Z,0.0439,0.0603,0.6329,0.0952,0.7242,0.0352,0.0548,0.6506,0.0839,0.5955,0.0271,0.0468,0.5932,0.0794,0.5729
2014-09-15T00:25:59.702Z,0.0383,0.0537,0.5991,0.0909,0.6914,0.0386,0.0571,0.654,0.0866,0.6726,0.03,0.0491,0.6029,0.0817,0.5957
2014-09-15T00:26:59.860Z,0.0429,0.0555,0.6181,0.0906,0.7242,0.0394,0.0587,0.6639,0.0877,0.651,0.031,0.0497,0.5945,0.0829,0.6026
2014-09-15T00:27:59.908Z,0.0371,0.0518,0.5921,0.0879,0.7091,0.0347,0.0553,0.6368,0.0862,0.6162,0.0321,0.0524,0.6109,0.0844,0.5832
2014-09-15T00:28:59.983Z,0.0374,0.0532,0.5977,0.0894,0.6865,0.0352,0.0561,0.639,0.0852,0.6181,0.0294,0.0481,0.5961,0.0797,0.5826
2014-09-15T00:29:59.078Z,0.0391,0.0536,0.6003,0.0897,0.7188,0.04,0.0594,0.6715,0.0882,0.637,0.0258,0.0452,0.5785,0.0794,0.5439
2014-09-15T00:30:59.203Z,0.037,0.0524,0.5933,0.0885,0.6948,0.0355,0.0564,0.6485,0.0858,0.6,0.0267,0.0473,0.6039,0.077,0.567
2014-09-15T00:31:59.327Z,0.0381,0.0528,0.5959,0.0894,0.7159,0.0363,0.0563,0.6556,0.0856,0.61,0.0294,0.0478,0.6019,0.0806,0.5841
2014-09-15T00:32:59.454Z,0.0403,0.0565,0.6112,0.0917,0.6955,0.0388,0.0578,0.6533,0.087,0.6365,0.0318,0.0505,0.6022,0.083,0.612
2014-09-15T00:33:59.513Z,0.0385,0.0532,0.5971,0.0891,0.7012,0.0335,0.0547,0.6368,0.0838,0.5888,0.0268,0.0465,0.5856,0.0791,0.5624
2014-09-15T00:34:59.665Z,0.0372,0.0538,0.5969,0.089,0.69,0.0397,0.0586,0.6634,0.0872,0.6572,0.0297,0.049,0.6024,0.081,0.6076
2014-09-15T00:35:59.754Z,0.0408,0.055,0.6058,0.0895,0.7218,0.0368,0.0563,0.6545,0.0847,0.6247,0.0292,0.0484,0.5958,0.0813,0.5879
2014-09-15T00:36:59.836Z,0.04,0.0552,0.609,0.0906,0.721,0.0326,0.0529,0.6342,0.0819,0.56,0.0255,0.0455,0.5884,0.0784,0.5439
2014-09-15T00:37:59.931Z,0.0349,0.0508,0.5897,0.0851,0.6838,0.0438,0.0646,0.6795,0.0931,0.6426,0.0269,0.0454,0.5931,0.0774,0.5646
2014-09-15T00:38:59.084Z,0.04,0.0555,0.6031,0.0921,0.7221,0.0376,0.0572,0.6593,0.0859,0.6393,0.029,0.0483,0.5966,0.0797,0.5569
2014-09-15T00:39:59.257Z,0.0397,0.0555,0.6065,0.0916,0.6981,0.0365,0.0597,0.6661,0.0884,0.5997,0.0287,0.0494,0.6045,0.0806,0.5771
2014-09-15T00:40:59.415Z,0.0411,0.057,0.6138,0.0916,0.7054,0.0362,0.0581,0.6573,0.0859,0.607,0.03,0.0489,0.603,0.0808,0.6014
2014-09-15T00:41:59.499Z,0.0397,0.0561,0.61,0.0919,0.7023,0.0352,0.0565,0.6442,0.0858,0.5823,0.0316,0.0503,0.6071,0.0835,0.5877
2014-09-15T00:42:59.671Z,0.036,0.0509,0.5851,0.0874,0.7043,0.0317,0.0531,0.6369,0.0823,0.5806,0.0326,0.0511,0.6174,0.082,0.5983
2014-09-15T00:43:59.296Z,0.0413,0.0559,0.6163,0.0897,0.7203,0.0356,0.0569,0.6484,0.0856,0.5753,0.0269,0.0466,0.5847,0.0797,0.5731
2014-09-15T00:44:59.452Z,0.0385,0.0547,0.6065,0.0915,0.6935,0.0359,0.0562,0.6462,0.0859,0.6141,0.0253,0.0447,0.5832,0.0765,0.5456
2014-09-15T00:45:59.591Z,0.0417,0.0578,0.6217,0.0928,0.7086,0.0347,0.0533,0.6364,0.0836,0.6097,0.0289,0.0481,0.5917,0.0811,0.5769
2014-09-15T00:46:59.710Z,0.0393,0.0541,0.601,0.0893,0.7007,0.0334,0.0534,0.6352,0.0831,0.5983,0.0259,0.0455,0.5817,0.0786,0.5552
2014-09-15T00:47:59.876Z,0.0386,0.0546,0.6011,0.0903,0.7,0.0326,0.0523,0.642,0.0826,0.5897,0.0303,0.0497,0.6009,0.0811,0.5777
2014-09-15T00:48:59.929Z,0.0414,0.0574,0.6231,0.0906,0.7049,0.036,0.0569,0.6557,0.0851,0.6037,0.0266,0.0474,0.5906,0.0797,0.5434
2014-09-15T00:49:59.089Z,0.046,0.0607,0.631,0.0947,0.726,0.0367,0.057,0.655,0.087,0.6457,0.0287,0.0477,0.5957,0.0807,0.5747
2014-09-15T00:50:59.202Z,0.0367,0.0517,0.59,0.0875,0.6919,0.0383,0.0592,0.6683,0.0869,0.6133,0.0294,0.0494,0.5992,0.0811,0.5428
2014-09-15T00:51:59.347Z,0.0382,0.0527,0.5973,0.0894,0.6885,0.0379,0.0576,0.6533,0.0873,0.6542,0.027,0.0455,0.5836,0.0782,0.5709
2014-09-15T00:52:59.550Z,0.0363,0.0517,0.5949,0.0868,0.692,0.0368,0.0571,0.6512,0.0871,0.618,0.0273,0.0478,0.5871,0.0798,0.561
2014-09-15T00:53:59.608Z,0.0423,0.0567,0.6144,0.0918,0.7254,0.0356,0.0559,0.6477,0.0846,0.5972,0.0326,0.0521,0.6208,0.0828,0.5918
2014-09-15T00:54:59.665Z,0.04,0.0552,0.6048,0.091,0.7221,0.0383,0.0576,0.6534,0.0876,0.6266,0.0283,0.0476,0.5907,0.08,0.5762
2014-09-15T00:55:59.789Z,0.0358,0.0503,0.5882,0.0879,0.6752,0.0391,0.0573,0.647,0.0867,0.6436,0.0303,0.0503,0.6106,0.0815,0.5748
2014-09-15T00:56:59.936Z,0.041,0.0561,0.6103,0.091,0.711,0.0371,0.0571,0.6506,0.0874,0.6413,0.0268,0.0458,0.5768,0.079,0.549
2014-09-15T00:57:59.280Z,0.0427,0.0584,0.627,0.0919,0.7005,0.0354,0.0546,0.6419,0.0838,0.6073,0.0311,0.0503,0.607,0.0805,0.6122
2014-09-15T00:58:59.354Z,0.0424,0.058,0.6202,0.0917,0.7128,0.0357,0.0567,0.6472,0.0885,0.6024,0.0265,0.0454,0.5809,0.0776,0.5661
2014-09-15T00:59:59.465Z,0.0391,0.0559,0.6091,0.0906,0.6941,0.0335,0.0556,0.6456,0.0829,0.5835,0.0312,0.0497,0.6029,0.0824,0.5962
