2014-12-31T00:00:59.559Z,1073.2924,1505.8357,230.9516,6.5197,0.7127,1160.4783,1613.8558,231.8941,6.9593,0.719,1591.848,2140.1223,230.7634,9.2736,0.7426
2014-12-31T00:01:59.512Z,1089.179,1518.6488,230.9299,6.5761,0.7169,1166.0188,1621.9831,231.653,7.0013,0.7189,1598.9528,2139.8129,230.5375,9.2819,0.7469
2014-12-31T00:02:59.715Z,1106.9406,1539.5697,230.994,6.6649,0.7189,1178.586,1631.2659,231.5282,7.046,0.7219,1623.0362,2159.4136,230.626,9.3636,0.751
2014-12-31T00:03:59.065Z,1072.6667,1516.2112,231.2248,6.5573,0.7075,1137.3102,1591.4855,231.1528,6.8847,0.7146,1596.4488,2132.1266,230.8772,9.2349,0.7481
2014-12-31T00:04:59.934Z,1036.4422,1473.9433,231.2511,6.3732,0.7033,1127.7897,1582.016,231.3749,6.8373,0.7136,1560.9515,2110.8318,230.6648,9.1507,0.7396
2014-12-31T00:05:59.202Z,1058.9905,1453.3025,229.042,6.3452,0.7292,1195.0023,1626.5157,231.4097,7.0292,0.7348,1574.6144,2124.6551,229.1693,9.2714,0.7414
2014-12-31T00:06:59.899Z,1095.2213,1468.8771,228.0144,6.4418,0.7453,1197.7282,1607.4844,228.6432,7.0301,0.745,1595.7283,2097.6498,226.969,9.2423,0.76
2014-12-31T00:07:59.245Z,1063.7784,1443.6315,227.8984,6.3342,0.7369,1167.1584,1574.5249,228.4869,6.8915,0.7406,1573.8579,2076.8969,226.812,9.157,0.7585
2014-12-31T00:08:59.279Z,1049.4,1438.5988,228.5501,6.2948,0.7294,1137.2966,1551.3292,228.2398,6.7971,0.733,1557.5556,2058.7704,227.2317,9.0603,0.7576
2014-12-31T00:09:59.773Z,1073.0413,1462.6923,228.621,6.3973,0.7334,1167.7584,1580.1632,228.8954,6.9034,0.7389,1587.8918,2093.5159,227.5768,9.1993,0.7582
2014-12-31T00:10:59.096Z,1078.9617,1485.5485,228.1699,6.5109,0.7261,1184.6335,1580.0298,228.935,6.9008,0.7503,1637.8858,2147.8269,228.9478,9.3809,0.7624
2014-12-31T00:11:59.778Z,1049.3836,1483.8244,228.7767,6.4858,0.7074,1130.1267,1516.9756,227.3271,6.6725,0.7445,1638.4582,2134.7267,229.3913,9.3062,0.7678
2014-12-31T00:12:59.072Z,1036.8732,1435.9303,228.3061,6.2891,0.7222,1136.5445,1560.9289,230.1789,6.7816,0.7281,1550.1444,2071.1191,228.5988,9.0602,0.7497
2014-12-31T00:13:59.048Z,1046.5313,1444.4696,228.7623,6.3141,0.7244,1137.4558,1561.0248,229.6297,6.7982,0.7291,1555.633,2070.5,228.3782,9.0661,0.7509
2014-12-31T00:14:59.378Z,1054.6473,1453.5556,229.0587,6.346,0.7259,1136.7893,1559.1692,229.1438,6.8041,0.7296,1563.3539,2069.5607,228.1508,9.0708,0.756
2014-12-31T00:15:59.569Z,1014.1744,1423.5803,228.9219,6.2184,0.7127,1093.3918,1518.1411,228.9434,6.6309,0.7203,1530.0931,2039.6302,228.2949,8.9342,0.75
2014-12-31T00:16:59.038Z,1005.681,1424.6436,228.4148,6.2372,0.706,1075.4987,1487.207,228.2228,6.5165,0.7226,1543.8733,2042.1939,228.4265,8.9403,0.7567
2014-12-31T00:17:59.585Z,1033.6467,1445.2653,227.9509,6.3404,0.7153,1106.0396,1505.7648,228.0412,6.6032,0.7346,1579.4451,2069.9263,228.124,9.0738,0.7617
2014-12-31T00:18:59.793Z,1057.9194,1464.2377,227.9712,6.4233,0.7226,1117.4159,1520.4456,228.1484,6.6646,0.7351,1589.5397,2072.8193,228.013,9.091,0.7683
2014-12-31T00:19:59.575Z,1061.9076,1452.8354,228.9483,6.3456,0.7308,1075.7069,1516.2526,228.6628,6.6308,0.7094,1517.2111,1984.7312,225.6756,8.7934,0.7646
2014-12-31T00:20:59.814Z,1102.0646,1479.2491,230.4002,6.4203,0.7447,1080.0146,1559.5832,230.1459,6.7766,0.6927,1488.6219,1948.9582,224.3321,8.6878,0.764
2014-12-31T00:21:59.359Z,1139.0542,1509.8497,230.3507,6.5547,0.7545,1112.8618,1582.2874,229.7216,6.8876,0.7033,1526.0424,1977.7456,224.1385,8.8245,0.7719
2014-12-31T00:22:59.806Z,1197.8481,1554.4933,230.1088,6.7554,0.7707,1152.2359,1620.1773,229.4422,7.061,0.7114,1558.5108,1993.5399,223.2261,8.9302,0.7819
2014-12-31T00:23:59.027Z,1190.4403,1536.13,230.5561,6.6629,0.7746,1141.3126,1624.0564,229.8251,7.0667,0.7031,1520.9593,1955.8329,222.012,8.8098,0.7785
2014-12-31T00:24:59.408Z,1100.5633,1466.8888,229.5571,6.3898,0.7498,1135.2092,1582.5009,229.531,6.8943,0.7173,1526.3448,2000.54,224.7736,8.9003,0.7618
2014-12-31T00:25:59.201Z,1112.5088,1468.5153,229.341,6.4037,0.7574,1145.7065,1591.6385,229.1029,6.9476,0.7201,1524.6002,1991.2893,224.2365,8.8807,0.7654
2014-12-31T00:26:59.470Z,1160.8266,1513.7403,228.6717,6.6199,0.7673,1178.3072,1607.2249,227.9771,7.0498,0.7324,1578.5369,2027.2576,224.2426,9.0403,0.778
2014-12-31T00:27:59.074Z,1151.229,1507.6729,228.4047,6.6012,0.7636,1157.1482,1588.1704,227.6453,6.9771,0.7288,1567.317,2012.0697,224.3917,8.9669,0.7783
2014-12-31T00:28:59.344Z,1114.3213,1481.2606,228.3974,6.4851,0.7526,1118.9132,1552.7588,227.8412,6.8153,0.7204,1541.5701,1989.8926,224.8332,8.8504,0.7746
2014-12-31T00:29:59.214Z,1110.8175,1483.0803,228.8596,6.4803,0.7492,1120.5311,1556.7864,228.2683,6.8197,0.7194,1545.4635,1999.8242,225.1633,8.8817,0.7722
2014-12-31T00:30:59.631Z,1177.5552,1556.3627,230.7456,6.7451,0.7564,1143.0921,1604.3761,228.9096,7.009,0.7122,1577.6292,2021.5769,224.9129,8.9886,0.7794
2014-12-31T00:31:59.373Z,1170.7531,1552.2698,231.2952,6.7108,0.7539,1135.0404,1606.5267,229.5103,6.9998,0.7068,1562.8979,2013.0251,224.7707,8.9557,0.776
2014-12-31T00:32:59.172Z,1136.1363,1520.5056,231.3846,6.5715,0.7479,1100.4571,1577.9815,229.6167,6.8727,0.6978,1527.7854,1981.7872,224.6821,8.8208,0.7701
2014-12-31T00:33:59.914Z,1130.901,1511.7671,230.9256,6.5467,0.7482,1102.4449,1575.8497,229.7037,6.8601,0.7003,1524.9367,1980.283,224.6364,8.8149,0.7699
2014-12-31T00:34:59.142Z,1171.9203,1553.8659,231.1512,6.7217,0.754,1140.2525,1600.3881,229.0693,6.9862,0.7125,1577.9703,2023.4157,224.525,9.012,0.7794
2014-12-31T00:35:59.814Z,699.6399,943.5709,231.2165,4.0837,0.4786,682.0343,965.0393,229.4548,4.2211,0.4599,990.2777,1259.6495,225.5408,5.6089,0.8271
2014-12-31T00:36:59.257Z,272.817,458.7079,230.6787,1.9956,0.2839,285.7911,550.7749,230.0199,2.4033,0.2581,353.2999,575.2066,225.2848,2.5658,0.7701
2014-12-31T00:37:59.615Z,104.4993,183.1959,230.5252,0.7972,0.15,104.4627,185.8522,230.4374,0.8105,0.1479,208.3912,274.6047,225.5733,1.2225,0.8628
2014-12-31T00:38:59.030Z,436.8708,579.9275,230.0231,2.5318,0.3315,456.0109,661.1566,230.4176,2.886,0.3213,880.9896,1070.9612,224.0943,4.7956,0.864
2014-12-31T00:39:59.235Z,1221.3874,1579.2399,228.2074,6.92,0.7726,1276.4912,1687.069,228.7613,7.3744,0.7566,1688.9274,2160.365,225.7418,9.569,0.782
2014-12-31T00:40:59.568Z,1184.5944,1575.7332,228.6751,6.8908,0.7513,1253.3737,1659.1913,228.9209,7.2481,0.7558,1705.6012,2198.3632,228.3577,9.6274,0.776
2014-12-31T00:41:59.142Z,1142.4011,1533.4435,228.229,6.7183,0.7452,1223.5589,1628.497,229.3013,7.1021,0.7515,1666.8062,2165.2774,228.2366,9.4869,0.7693
2014-12-31T00:42:59.079Z,1172.5429,1571.8225,228.9426,6.8649,0.7462,1240.1711,1642.409,228.9303,7.1745,0.7554,1706.8154,2196.3808,228.4118,9.6161,0.7781
2014-12-31T00:43:59.344Z,1178.4042,1578.5761,229.3607,6.8824,0.7468,1231.1636,1642.3782,228.878,7.1757,0.7494,1696.201,2182.0852,228.4014,9.5534,0.7786
2014-12-31T00:44:59.760Z,1148.8851,1557.4254,229.7569,6.7786,0.7374,1194.1781,1611.4776,228.9422,7.039,0.7409,1666.7941,2152.1733,228.2632,9.428,0.7741
2014-12-31T00:45:59.449Z,1123.8894,1522.307,229.2528,6.6403,0.7382,1176.7724,1590.4681,228.371,6.9642,0.7402,1633.5207,2116.3824,227.517,9.3019,0.7716
2014-12-31T00:47:59.369Z,1126.9703,1510.8827,228.8517,6.6021,0.7456,1176.6691,1597.5667,228.6499,6.987,0.7368,1610.6888,2089.5577,226.6922,9.218,0.7709
2014-12-31T00:48:59.718Z,1095.6612,1481.973,228.8273,6.4761,0.7393,1152.2762,1575.5963,228.6017,6.8927,0.7314,1582.573,2068.8281,226.7081,9.1259,0.7647
2014-12-31T00:49:59.732Z,1064.0771,1442.6207,228.3259,6.3181,0.7376,1112.6011,1548.6226,229.2524,6.7556,0.7183,1526.3957,2012.3614,225.7887,8.9122,0.7587
2014-12-31T00:50:59.207Z,1069.6888,1469.3607,228.8124,6.4224,0.7278,1127.8438,1553.9426,229.1881,6.7805,0.7256,1571.0592,2066.7467,228.0283,9.063,0.7598
2014-12-31T00:51:59.684Z,1087.2898,1490.3007,228.8923,6.5109,0.7298,1151.064,1575.4246,229.3821,6.8678,0.7303,1596.1208,2098.7303,228.7859,9.1733,0.7602
2014-12-31T00:52:59.089Z,1073.2524,1480.1146,229.0167,6.4635,0.7251,1131.1874,1559.9487,229.3752,6.8007,0.7249,1580.5813,2081.417,228.7733,9.0982,0.7598
2014-12-31T00:53:59.886Z,1047.4262,1452.5739,228.8798,6.3461,0.721,1110.8322,1542.0972,229.4559,6.7207,0.72,1551.1171,2054.8621,228.5148,8.9923,0.7549
2014-12-31T00:54:59.109Z,1074.5804,1467.5533,229.0457,6.4071,0.7324,1132.4415,1564.7833,229.5747,6.8161,0.7235,1559.4293,2054.8539,227.5035,9.0322,0.7588
2014-12-31T00:55:59.608Z,1106.2094,1487.464,229.0398,6.4944,0.7438,1166.3864,1588.2418,228.7082,6.9444,0.734,1589.23,2072.801,226.6199,9.1472,0.7677
2014-12-31T00:56:59.053Z,1100.7465,1487.9002,229.8778,6.472,0.7396,1128.5752,1563.0526,227.9617,6.8565,0.7215,1564.1163,2034.1575,226.2265,8.9913,0.7693
2014-12-31T00:57:59.318Z,1091.5087,1474.7942,230.1842,6.407,0.7402,1093.4478,1537.0387,226.9277,6.7734,0.7112,1529.027,1984.7191,225.3804,8.8056,0.7698
2014-12-31T00:58:59.654Z,1122.1831,1502.3094,230.8828,6.5072,0.7471,1103.3879,1557.1722,227.1844,6.8543,0.7084,1536.8798,1984.3323,225.0141,8.8179,0.7752
2014-12-31T00:59:59.186Z,1138.4799,1536.6828,230.8036,6.6583,0.7407,1137.9171,1575.9001,227.6738,6.921,0.7219,1600.2033,2060.2344,226.6956,9.0883,0.7781
