2014-09-20T00:00:59.164Z,0.0391,0.0533,0.6139,0.0873,0.7112,0.0361,0.0558,0.653,0.0845,0.6158,0.0321,0.0515,0.6194,0.0821,0.5782
2014-09-20T00:01:59.310Z,0.0418,0.0562,0.6253,0.0906,0.7159,0.0412,0.0621,0.6812,0.0903,0.6318,0.0312,0.0506,0.6156,0.0809,0.5897
2014-09-20T00:02:59.364Z,0.0443,0.0567,0.6217,0.0933,0.733,0.0327,0.056,0.6493,0.085,0.5537,0.0303,0.05,0.615,0.08,0.5937
2014-09-20T00:03:59.668Z,0.0457,0.0577,0.6373,0.093,0.7307,0.0387,0.0597,0.6677,0.087,0.613,0.0363,0.0563,0.634,0.0863,0.608
2014-09-20T00:04:59.749Z,0.043,0.056,0.6217,0.093,0.724,0.036,0.058,0.6563,0.086,0.5867,0.0337,0.0517,0.622,0.0833,0.6043
2014-09-20T00:05:59.858Z,0.0423,0.0562,0.625,0.0915,0.7138,0.0388,0.06,0.6758,0.0873,0.6519,0.0369,0.0554,0.6404,0.0854,0.6238
2014-09-20T00:06:59.976Z,0.0431,0.0566,0.614,0.0926,0.7029,0.04,0.0606,0.6831,0.0874,0.6466,0.0294,0.0494,0.596,0.0809,0.5651
2014-09-20T00:07:59.061Z,0.0438,0.0588,0.6316,0.0941,0.7169,0.0416,0.0647,0.6875,0.0913,0.6328,0.0291,0.0494,0.6009,0.08,0.5594
2014-09-20T00:08:59.143Z,0.0432,0.0582,0.6326,0.0921,0.6953,0.0362,0.0565,0.6518,0.0874,0.6132,0.0306,0.0491,0.6076,0.0812,0.6079
2014-09-20T00:09:59.296Z,0.0422,0.055,0.6139,0.0911,0.7292,0.0467,0.0669,0.6964,0.0947,0.6831,0.0272,0.0469,0.5947,0.0792,0.5547
2014-09-20T00:10:59.354Z,0.0411,0.053,0.6004,0.0911,0.7267,0.0367,0.0559,0.6552,0.0859,0.6081,0.0344,0.0537,0.6219,0.0841,0.6096
2014-09-20T00:11:59.497Z,0.0433,0.0589,0.6293,0.0933,0.7189,0.0348,0.0563,0.6578,0.0859,0.6189,0.03,0.0489,0.5978,0.0796,0.6063
2014-09-20T00:12:59.547Z,0.0428,0.0562,0.6244,0.0908,0.7313,0.0367,0.0564,0.6544,0.0854,0.609,0.0308,0.0497,0.6097,0.0805,0.601
2014-09-20T00:13:59.662Z,0.0409,0.0536,0.6067,0.09,0.73,0.0318,0.0552,0.6385,0.0848,0.5833,0.0291,0.0497,0.6076,0.08,0.57
2014-09-20T00:14:59.854Z,0.0389,0.053,0.6008,0.0889,0.6981,0.04,0.0616,0.6735,0.0895,0.5889,0.0289,0.0481,0.597,0.0792,0.5754
2014-09-20T00:15:59.085Z,0.0381,0.0519,0.5984,0.0894,0.6956,0.0363,0.0566,0.6597,0.085,0.5969,0.0244,0.0456,0.585,0.0759,0.5188
2014-09-20T00:16:59.277Z,0.0413,0.0545,0.6132,0.0884,0.7071,0.0368,0.0571,0.6497,0.0868,0.63,0.0332,0.0506,0.619,0.0826,0.5965
2014-09-20T00:17:59.343Z,0.0438,0.0573,0.6188,0.0938,0.7331,0.0346,0.0569,0.6485,0.0877,0.5962,0.03,0.0485,0.605,0.0785,0.605
2014-09-20T00:18:59.441Z,0.04,0.053,0.6015,0.0893,0.7281,0.0348,0.0537,0.6448,0.0859,0.6263,0.0274,0.0444,0.5841,0.0774,0.5856
2014-09-20T00:19:59.500Z,0.0386,0.0525,0.5996,0.0886,0.7204,0.0393,0.0575,0.6518,0.09,0.6546,0.0289,0.0489,0.6096,0.0811,0.5525
2014-09-20T00:20:59.624Z,0.0414,0.0541,0.6083,0.0893,0.7224,0.0321,0.0524,0.6328,0.0831,0.56,0.0324,0.05,0.6221,0.081,0.6079
2014-09-20T00:21:59.742Z,0.0388,0.0538,0.6012,0.0891,0.7059,0.0366,0.0578,0.6525,0.0853,0.5894,0.0284,0.0494,0.6084,0.0809,0.5675
2014-09-20T00:22:59.865Z,0.045,0.0582,0.6262,0.0932,0.7268,0.0321,0.0515,0.6359,0.0824,0.5797,0.0271,0.0471,0.5885,0.0803,0.5632
2014-09-20T00:23:59.962Z,0.0403,0.0539,0.6045,0.09,0.7145,0.0309,0.0518,0.6355,0.0812,0.5648,0.0312,0.0503,0.6155,0.0812,0.6094
2014-09-20T00:24:59.077Z,0.0397,0.0523,0.5947,0.0897,0.7137,0.035,0.056,0.6467,0.0867,0.6017,0.0277,0.0463,0.606,0.0783,0.5673
2014-09-20T00:25:59.233Z,0.0441,0.0572,0.619,0.0921,0.7308,0.041,0.0592,0.6782,0.0872,0.6569,0.031,0.0515,0.6115,0.0828,0.5882
2014-09-20T00:26:59.286Z,0.0431,0.0577,0.6254,0.0931,0.7162,0.0344,0.0546,0.6551,0.0836,0.5938,0.0305,0.05,0.6059,0.0818,0.5767
2014-09-20T00:27:59.403Z,0.0429,0.0569,0.6169,0.0931,0.7157,0.0377,0.0591,0.6697,0.0883,0.6337,0.0317,0.0503,0.6054,0.0826,0.5917
2014-09-20T00:28:59.519Z,0.0426,0.0553,0.6055,0.0921,0.7311,0.0379,0.0584,0.6513,0.0871,0.6208,0.0318,0.0505,0.6124,0.0816,0.6076
2014-09-20T00:29:59.638Z,0.0431,0.0567,0.6144,0.0903,0.7286,0.035,0.0558,0.6522,0.085,0.6158,0.0331,0.0533,0.6211,0.0833,0.6086
2014-09-20T00:30:59.764Z,0.0417,0.0546,0.6054,0.0903,0.7089,0.0403,0.0614,0.6731,0.0914,0.6423,0.0317,0.052,0.6254,0.0831,0.5957
2014-09-20T00:31:59.900Z,0.0389,0.0526,0.593,0.0889,0.7137,0.0359,0.057,0.64,0.0863,0.5756,0.027,0.0467,0.5937,0.0785,0.5693
2014-09-20T00:32:59.998Z,0.0378,0.0522,0.5994,0.0891,0.6875,0.035,0.0569,0.6472,0.0863,0.5969,0.0275,0.0472,0.5934,0.0803,0.53
2014-09-20T00:33:59.101Z,0.0356,0.0513,0.5788,0.0878,0.7084,0.0359,0.0566,0.6509,0.0872,0.6247,0.0259,0.0453,0.5819,0.0769,0.5588
2014-09-20T00:34:59.277Z,0.0382,0.0545,0.6073,0.0897,0.71,0.0352,0.0555,0.6412,0.0839,0.6055,0.0303,0.0488,0.6048,0.0803,0.5742
2014-09-20T00:35:59.339Z,0.0408,0.0558,0.6124,0.0908,0.7021,0.0413,0.0611,0.6742,0.0879,0.6355,0.0318,0.0503,0.6126,0.0821,0.5782
2014-09-20T00:36:59.678Z,0.0384,0.055,0.6044,0.0888,0.6931,0.0375,0.0566,0.6453,0.0875,0.6353,0.0272,0.0466,0.5884,0.0791,0.5638
2014-09-20T00:37:59.762Z,0.0388,0.0542,0.6,0.0896,0.7188,0.0381,0.0569,0.6496,0.0862,0.6419,0.0285,0.0454,0.5996,0.0781,0.5873
2014-09-20T00:38:59.881Z,0.0388,0.0522,0.5984,0.0872,0.7166,0.0328,0.0525,0.6325,0.0831,0.5991,0.0256,0.0438,0.5847,0.0766,0.5534
2014-09-20T00:39:59.002Z,0.0379,0.0521,0.5883,0.0888,0.7025,0.0375,0.0563,0.6471,0.0867,0.6425,0.0283,0.0467,0.6079,0.0788,0.5846
2014-09-20T00:40:59.198Z,0.0417,0.0555,0.6148,0.0914,0.7224,0.0341,0.0552,0.65,0.0845,0.5986,0.0321,0.0486,0.6072,0.0817,0.6059
2014-09-20T00:41:59.385Z,0.0441,0.0574,0.6189,0.0937,0.7222,0.0363,0.0585,0.6507,0.0893,0.6185,0.0248,0.0452,0.5841,0.0774,0.523
2014-09-20T00:42:59.518Z,0.0416,0.0553,0.6081,0.0913,0.7334,0.0384,0.0594,0.6691,0.0875,0.6419,0.0281,0.0478,0.5916,0.0797,0.5494
2014-09-20T00:43:59.570Z,0.0364,0.0496,0.5832,0.0876,0.7056,0.0416,0.062,0.67,0.0908,0.6532,0.026,0.0456,0.5808,0.0776,0.562
2014-09-20T00:44:59.688Z,0.0423,0.0561,0.6103,0.0919,0.7203,0.0358,0.0555,0.6452,0.0861,0.6229,0.031,0.0487,0.6058,0.08,0.599
2014-09-20T00:45:59.849Z,0.0409,0.0545,0.6109,0.0915,0.7206,0.0364,0.0555,0.6412,0.0842,0.6018,0.0291,0.0488,0.6073,0.0812,0.5752
2014-09-20T00:46:59.912Z,0.043,0.055,0.6103,0.0917,0.7313,0.0427,0.06,0.6683,0.0897,0.66,0.0287,0.048,0.5967,0.08,0.595
2014-09-20T00:47:59.055Z,0.0403,0.0536,0.6115,0.09,0.7,0.0356,0.0554,0.6505,0.0833,0.6049,0.0315,0.0503,0.6028,0.0813,0.6133
2014-09-20T00:48:59.210Z,0.0409,0.0549,0.608,0.0917,0.7069,0.0389,0.0586,0.6651,0.0897,0.6474,0.0303,0.0494,0.5966,0.0809,0.5817
2014-09-20T00:49:59.305Z,0.0438,0.0559,0.6144,0.0926,0.7438,0.041,0.0621,0.6754,0.0905,0.6428,0.0313,0.051,0.6046,0.0823,0.6003
2014-09-20T00:50:59.420Z,0.0454,0.0571,0.6179,0.0932,0.7443,0.0411,0.0596,0.6593,0.0904,0.6629,0.0336,0.0518,0.6114,0.0836,0.6125
2014-09-20T00:51:59.612Z,0.0415,0.055,0.6223,0.0912,0.7077,0.0373,0.0581,0.6504,0.0896,0.6319,0.0281,0.0458,0.5912,0.0773,0.5808
2014-09-20T00:52:59.675Z,0.0415,0.0538,0.6079,0.0897,0.7356,0.0356,0.0568,0.6521,0.0859,0.6029,0.0291,0.0474,0.5918,0.0812,0.5665
2014-09-20T00:53:59.791Z,0.0425,0.0543,0.6082,0.0911,0.7371,0.0325,0.0543,0.6361,0.0846,0.6036,0.0321,0.0514,0.6154,0.0814,0.5964
2014-09-20T00:54:59.914Z,0.0406,0.0543,0.612,0.0906,0.7203,0.0366,0.058,0.6523,0.0863,0.6103,0.0323,0.0509,0.6074,0.082,0.6034
2014-09-20T00:55:59.999Z,0.0416,0.0542,0.6045,0.0913,0.7265,0.0426,0.0648,0.6939,0.091,0.6355,0.031,0.0494,0.6003,0.0819,0.58
2014-09-20T00:56:59.104Z,0.0425,0.0556,0.6103,0.0922,0.7303,0.0366,0.0566,0.6519,0.0859,0.6116,0.0328,0.0525,0.6188,0.0825,0.6213
2014-09-20T00:57:59.241Z,0.0429,0.0557,0.6117,0.0914,0.7426,0.0334,0.0554,0.656,0.082,0.5854,0.0297,0.05,0.602,0.0811,0.584
2014-09-20T00:58:59.327Z,0.0406,0.0555,0.6145,0.0912,0.7055,0.0373,0.0597,0.6715,0.0888,0.6221,0.0315,0.0515,0.603,0.0818,0.5976
2014-09-20T00:59:59.425Z,0.039,0.0529,0.5961,0.0897,0.7129,0.0384,0.059,0.6574,0.0877,0.6294,0.0303,0.0506,0.6013,0.0819,0.5884
