2014-09-17T00:00:59.357Z,0.0422,0.0569,0.6159,0.0916,0.7306,0.0356,0.0572,0.6641,0.0869,0.5747,0.0284,0.0466,0.595,0.0797,0.5641
2014-09-17T00:01:59.546Z,0.0434,0.058,0.6189,0.0929,0.7369,0.0389,0.0609,0.6694,0.088,0.6346,0.0289,0.0486,0.5983,0.0797,0.5757
2014-09-17T00:02:59.873Z,0.0412,0.0546,0.6119,0.0915,0.7304,0.0396,0.0604,0.6754,0.0908,0.6323,0.0354,0.0531,0.6219,0.0819,0.6065
2014-09-17T00:03:59.922Z,0.041,0.0557,0.6202,0.0898,0.7126,0.0407,0.0607,0.67,0.0902,0.6443,0.031,0.0507,0.6117,0.0819,0.5986
2014-09-17T00:04:59.047Z,0.0423,0.0547,0.6142,0.0912,0.7279,0.0402,0.0602,0.6656,0.0895,0.6537,0.0321,0.053,0.6177,0.0828,0.5944
2014-09-17T00:05:59.131Z,0.0405,0.0543,0.6111,0.0903,0.713,0.0386,0.0581,0.66,0.0884,0.6362,0.0311,0.0514,0.6181,0.0827,0.5708
2014-09-17T00:06:59.184Z,0.0419,0.0537,0.6081,0.0907,0.7126,0.037,0.0581,0.6552,0.087,0.6078,0.0263,0.0463,0.6011,0.0767,0.5681
2014-09-17T00:07:59.252Z,0.0425,0.0569,0.6191,0.0925,0.7091,0.0388,0.0609,0.6725,0.0903,0.6137,0.035,0.0544,0.6228,0.0853,0.6078
2014-09-17T00:08:59.510Z,0.0418,0.057,0.6175,0.092,0.6995,0.043,0.0639,0.683,0.0909,0.6452,0.0323,0.0518,0.6141,0.0825,0.5916
2014-09-17T00:09:59.620Z,0.04,0.0543,0.6037,0.09,0.7169,0.0411,0.0631,0.69,0.0897,0.6363,0.0314,0.0537,0.6223,0.0829,0.5803
2014-09-17T00:10:59.697Z,0.0386,0.0524,0.5962,0.0883,0.6979,0.0341,0.0552,0.6524,0.0859,0.6152,0.0293,0.0493,0.6045,0.0803,0.5766
2014-09-17T00:11:59.764Z,0.0434,0.0561,0.6184,0.0911,0.7389,0.0345,0.055,0.6437,0.0855,0.6108,0.0268,0.0461,0.59,0.0782,0.5487
2014-09-17T00:12:59.931Z,0.043,0.0567,0.619,0.093,0.739,0.0377,0.059,0.665,0.088,0.624,0.0303,0.05,0.6007,0.082,0.5697
2014-09-17T00:13:59.025Z,0.0384,0.0527,0.5924,0.0905,0.6976,0.0341,0.0554,0.6527,0.0843,0.5957,0.0308,0.0497,0.6049,0.0811,0.5908
2014-09-17T00:14:59.191Z,0.042,0.0567,0.6203,0.0917,0.7253,0.0363,0.0577,0.658,0.0863,0.6127,0.0253,0.0447,0.5743,0.0763,0.5493
2014-09-17T00:15:59.345Z,0.0413,0.0553,0.614,0.0903,0.7,0.0317,0.0523,0.634,0.0823,0.6027,0.029,0.0497,0.6073,0.0823,0.56
2014-09-17T00:16:59.551Z,0.0412,0.057,0.6164,0.0921,0.6976,0.0333,0.0545,0.6406,0.0842,0.6021,0.0336,0.0521,0.6088,0.0833,0.6012
2014-09-17T00:17:59.711Z,0.0406,0.0539,0.6016,0.0913,0.7119,0.04,0.061,0.6635,0.0913,0.6455,0.0319,0.0503,0.6016,0.0823,0.5952
2014-09-17T00:18:59.805Z,0.0442,0.0597,0.6325,0.095,0.7189,0.0386,0.0586,0.6644,0.0889,0.6336,0.0267,0.0464,0.5986,0.0761,0.5567
2014-09-17T00:19:59.872Z,0.0418,0.0556,0.6179,0.0903,0.7071,0.0341,0.0544,0.6468,0.0847,0.6076,0.0303,0.0491,0.6076,0.0803,0.5944
2014-09-17T00:20:59.012Z,0.0432,0.0554,0.6111,0.0916,0.733,0.0341,0.0554,0.6495,0.0849,0.5897,0.0311,0.0503,0.6084,0.0819,0.5954
2014-09-17T00:21:59.062Z,0.0447,0.0569,0.6194,0.0928,0.7597,0.0381,0.0578,0.6578,0.0875,0.6416,0.0341,0.0513,0.6184,0.085,0.6153
2014-09-17T00:22:59.116Z,0.0403,0.0513,0.598,0.0893,0.7313,0.0423,0.0627,0.6833,0.091,0.6637,0.029,0.0497,0.603,0.082,0.5803
2014-09-17T00:23:59.452Z,0.0418,0.0552,0.6115,0.0918,0.7282,0.0379,0.0579,0.6576,0.0867,0.5939,0.0315,0.0518,0.6097,0.0827,0.5836
2014-09-17T00:24:59.646Z,0.0403,0.0538,0.6012,0.0906,0.7122,0.0394,0.06,0.6609,0.0906,0.6366,0.0294,0.0488,0.6091,0.0794,0.5931
2014-09-17T00:25:59.776Z,0.0414,0.0576,0.6214,0.0928,0.6879,0.0383,0.0586,0.6572,0.0886,0.6121,0.0324,0.051,0.6131,0.0814,0.6017
2014-09-17T00:26:59.902Z,0.0439,0.0592,0.6322,0.0931,0.7264,0.0386,0.0586,0.6653,0.0881,0.6219,0.0297,0.0483,0.6064,0.0792,0.5981
2014-09-17T00:27:59.013Z,0.0414,0.0542,0.6039,0.0903,0.7264,0.035,0.0569,0.6544,0.0861,0.5939,0.0289,0.0497,0.5975,0.0822,0.5814
2014-09-17T00:28:59.082Z,0.0395,0.0551,0.6157,0.0916,0.7005,0.04,0.0611,0.6711,0.0881,0.6508,0.033,0.053,0.6165,0.0838,0.5919
2014-09-17T00:29:59.275Z,0.0405,0.0535,0.5997,0.0897,0.7046,0.0368,0.0565,0.6462,0.0878,0.6068,0.0373,0.0557,0.6211,0.087,0.6143
2014-09-17T00:30:59.393Z,0.0403,0.0534,0.6028,0.0906,0.71,0.0381,0.06,0.6656,0.0884,0.6184,0.0272,0.0475,0.5994,0.0791,0.5572
2014-09-17T00:31:59.485Z,0.0397,0.0541,0.6062,0.0891,0.6997,0.0368,0.0579,0.6518,0.0871,0.615,0.0312,0.0491,0.6088,0.08,0.6026
2014-09-17T00:32:59.725Z,0.0415,0.0552,0.6103,0.0909,0.7133,0.0367,0.0561,0.6539,0.0882,0.6285,0.0297,0.0506,0.5939,0.0815,0.5785
2014-09-17T00:33:59.879Z,0.0405,0.055,0.6029,0.0905,0.7237,0.0411,0.0616,0.6753,0.0889,0.6339,0.0337,0.0524,0.6089,0.0858,0.5945
2014-09-17T00:34:59.937Z,0.0416,0.0556,0.6125,0.0903,0.6994,0.0388,0.0581,0.6581,0.0878,0.64,0.0297,0.0497,0.6063,0.08,0.565
2014-09-17T00:35:59.992Z,0.041,0.0555,0.6145,0.0913,0.7006,0.0387,0.0577,0.6558,0.0877,0.6594,0.0265,0.0468,0.5855,0.0797,0.5513
2014-09-17T00:36:59.567Z,0.042,0.0551,0.6146,0.0914,0.7043,0.042,0.0617,0.6811,0.0906,0.6454,0.0283,0.0471,0.5994,0.0783,0.5806
2014-09-17T00:37:59.674Z,0.0412,0.0562,0.6176,0.0909,0.7074,0.0391,0.0594,0.6632,0.0882,0.6506,0.0321,0.0521,0.6079,0.0826,0.5965
2014-09-17T00:38:59.980Z,0.0386,0.0531,0.5997,0.088,0.6946,0.0377,0.0569,0.664,0.086,0.6326,0.0303,0.0497,0.6103,0.0797,0.5977
2014-09-17T00:39:59.124Z,0.0397,0.0537,0.6057,0.088,0.7046,0.0397,0.0603,0.6711,0.088,0.6371,0.028,0.0471,0.5949,0.0794,0.5706
2014-09-17T00:40:59.213Z,0.04,0.0542,0.6089,0.0889,0.7111,0.0436,0.0642,0.69,0.0919,0.6764,0.0297,0.0503,0.6108,0.0808,0.5792
2014-09-17T00:41:59.281Z,0.0444,0.0568,0.6215,0.0926,0.7344,0.0297,0.0529,0.6438,0.0812,0.5368,0.0285,0.0485,0.595,0.0803,0.5706
2014-09-17T00:42:59.346Z,0.0403,0.0531,0.6034,0.09,0.7031,0.0378,0.0575,0.6488,0.0894,0.6484,0.0256,0.0447,0.5809,0.0769,0.5475
2014-09-17T00:43:59.462Z,0.0397,0.0526,0.5938,0.0888,0.7091,0.0403,0.0606,0.6812,0.0894,0.6403,0.0312,0.0512,0.6162,0.0815,0.5956
2014-09-17T00:44:59.570Z,0.0429,0.0561,0.6237,0.0916,0.7061,0.0345,0.055,0.6482,0.0832,0.5924,0.0289,0.0479,0.5963,0.0808,0.5863
2014-09-17T00:45:59.625Z,0.0421,0.0569,0.621,0.0919,0.725,0.0405,0.0617,0.6862,0.09,0.6362,0.0324,0.0524,0.6183,0.0836,0.6117
2014-09-17T00:46:59.775Z,0.0424,0.0545,0.611,0.0903,0.7328,0.0321,0.0531,0.6331,0.0845,0.5897,0.0276,0.0486,0.6069,0.0793,0.5703
2014-09-17T00:47:59.915Z,0.0395,0.0535,0.6007,0.0892,0.7042,0.043,0.0618,0.675,0.091,0.6787,0.0355,0.0558,0.6223,0.0848,0.6035
2014-09-17T00:48:59.001Z,0.0436,0.0567,0.6181,0.0919,0.7314,0.0361,0.0589,0.6525,0.0883,0.5803,0.03,0.0489,0.6114,0.0811,0.5944
2014-09-17T00:49:59.172Z,0.0398,0.0554,0.6144,0.0902,0.6722,0.0371,0.0605,0.6727,0.0883,0.6029,0.0322,0.0517,0.622,0.0829,0.6002
2014-09-17T00:50:59.231Z,0.0397,0.0532,0.6026,0.0894,0.6965,0.0385,0.0606,0.6644,0.09,0.6379,0.03,0.0503,0.6053,0.0815,0.5794
2014-09-17T00:51:59.405Z,0.0403,0.0544,0.6139,0.0894,0.6997,0.0381,0.0578,0.6619,0.0872,0.6261,0.0303,0.0511,0.6031,0.0819,0.5672
2014-09-17T00:52:59.471Z,0.0413,0.0564,0.6172,0.0908,0.6931,0.0367,0.0572,0.6562,0.0864,0.6008,0.0313,0.05,0.5987,0.0815,0.5828
2014-09-17T00:53:59.598Z,0.0425,0.0553,0.6153,0.0917,0.7267,0.0361,0.0581,0.6725,0.0864,0.6069,0.0292,0.0497,0.6144,0.0811,0.5953
2014-09-17T00:54:59.738Z,0.04,0.0532,0.598,0.09,0.7227,0.038,0.058,0.6602,0.0863,0.6256,0.0305,0.0498,0.6115,0.0807,0.5739
2014-09-17T00:55:59.910Z,0.04,0.0539,0.6018,0.09,0.7107,0.0364,0.0586,0.6561,0.0882,0.6171,0.0268,0.0461,0.5982,0.0754,0.5796
2014-09-17T00:56:59.967Z,0.043,0.0555,0.6136,0.0915,0.7158,0.04,0.0591,0.6633,0.09,0.6588,0.0336,0.0533,0.6218,0.0842,0.6048
2014-09-17T00:57:59.666Z,0.0403,0.054,0.606,0.09,0.7163,0.0373,0.058,0.6517,0.0863,0.6363,0.0277,0.0477,0.6047,0.079,0.5723
2014-09-17T00:58:59.793Z,0.0439,0.0575,0.62,0.0918,0.7218,0.0407,0.0607,0.6736,0.0911,0.6518,0.0286,0.0475,0.6025,0.0782,0.5818
2014-09-17T00:59:59.884Z,0.0398,0.055,0.6091,0.0916,0.6989,0.038,0.0591,0.6623,0.0873,0.615,0.0377,0.0577,0.6411,0.0877,0.6127
