2014-12-19T00:00:59.961Z,4.3812,43.072,232.0649,0.1861,0.1049,2.544,35.4629,232.9338,0.1518,0.075,4.0788,35.123,232.0009,0.1512,0.1182
2014-12-19T00:01:59.169Z,4.7668,46.5057,230.8082,0.202,0.1036,2.5649,32.1926,232.5479,0.1382,0.0806,3.2757,34.3004,231.3692,0.1481,0.0997
2014-12-19T00:02:59.460Z,5.3403,46.0592,230.6399,0.1999,0.1143,2.3043,29.4103,231.9834,0.1269,0.0814,3.5089,33.1989,230.8666,0.1441,0.1123
2014-12-19T00:03:59.545Z,4.8251,45.3508,230.8147,0.1965,0.1065,2.1323,31.9287,231.1556,0.1386,0.0748,3.3152,33.154,230.8649,0.1432,0.1032
2014-12-19T00:04:59.862Z,4.6682,46.3724,231.2031,0.201,0.1013,2.3219,33.6642,230.9253,0.1457,0.0713,3.5531,31.9944,232.5045,0.138,0.1124
2014-12-19T00:05:59.160Z,4.6341,46.9976,231.222,0.2037,0.0974,2.6861,31.7902,230.97,0.138,0.0883,3.3491,31.4013,232.4944,0.1356,0.1089
2014-12-19T00:06:59.074Z,5.2447,46.5251,230.2867,0.202,0.1135,2.2742,32.6263,231.2956,0.1405,0.0737,3.5234,33.7146,232.3609,0.1448,0.1114
2014-12-19T00:07:59.124Z,4.5896,44.7138,229.7163,0.1944,0.1023,2.1478,30.1808,231.1658,0.1311,0.076,3.3269,33.1303,232.0377,0.1425,0.0992
2014-12-19T00:08:59.737Z,5.4323,46.4998,229.6186,0.2026,0.1159,2.0285,31.533,230.8459,0.1365,0.0693,3.4407,32.6393,231.7275,0.141,0.1051
2014-12-19T00:09:59.063Z,4.9817,45.2939,230.6646,0.1966,0.1088,2.1347,30.612,229.9864,0.1334,0.072,3.7807,34.877,231.9126,0.1503,0.1136
2014-12-19T00:10:59.581Z,4.7745,45.7535,231.7,0.1968,0.103,2.4686,31.9486,230.0965,0.139,0.078,2.96,34.7107,231.1063,0.1507,0.0885
2014-12-19T00:11:59.105Z,4.5869,46.2959,232.1754,0.1991,0.0997,1.8918,32.9267,229.7507,0.1436,0.0622,3.2057,32.2251,230.6126,0.1396,0.1004
2014-12-19T00:12:59.429Z,4.9427,46.202,231.6963,0.1997,0.105,2.1565,32.7285,229.4303,0.1426,0.0703,3.1051,33.7795,230.4185,0.1464,0.0967
2014-12-19T00:13:59.758Z,5.3522,46.7652,231.7022,0.2022,0.1133,2.3791,33.5608,229.6911,0.1459,0.0701,3.3085,31.0869,230.1137,0.1353,0.1121
2014-12-19T00:14:59.728Z,4.5929,46.9926,232.8713,0.202,0.0981,2.6867,32.1267,231.3574,0.1385,0.087,3.2431,33.2293,230.6233,0.1441,0.1007
2014-12-19T00:15:59.982Z,3.9019,46.1623,233.0343,0.1986,0.0827,2.3945,30.4945,231.0934,0.1322,0.082,3.1582,32.5808,230.4618,0.1412,0.1014
2014-12-19T00:16:59.469Z,4.6788,46.5222,233.0886,0.1998,0.0978,2.0737,31.6427,230.6059,0.1366,0.0673,3.4969,32.2897,230.4439,0.1398,0.1081
2014-12-19T00:17:59.792Z,4.7602,46.9079,233.1292,0.2012,0.0997,2.1848,30.6675,230.0235,0.1332,0.0757,3.5341,36.0828,230.5474,0.1568,0.1021
2014-12-19T00:18:59.651Z,5.1142,46.3746,232.9493,0.1991,0.11,1.9791,35.1066,229.627,0.1532,0.056,3.9892,34.1788,230.8968,0.1477,0.1211
2014-12-19T00:19:59.552Z,4.7946,46.8965,232.8104,0.2014,0.1011,2.4447,31.618,230.0053,0.137,0.0789,3.2827,33.3934,230.9057,0.1444,0.104
2014-12-19T00:20:59.010Z,5.0386,46.6173,232.5651,0.2001,0.1091,2.7987,33.131,229.757,0.1446,0.0894,3.1996,32.9752,229.7279,0.1434,0.1029
2014-12-19T00:21:59.172Z,5.0379,45.8799,232.5295,0.1966,0.1096,2.2264,29.579,229.4518,0.1289,0.0765,3.4864,33.528,229.1397,0.146,0.1113
2014-12-19T00:22:59.638Z,4.5998,45.7046,233.2574,0.1959,0.1013,2.6885,31.9678,229.3741,0.1396,0.0871,3.7652,31.9975,229.0573,0.1395,0.1241
2014-12-19T00:23:59.085Z,4.6668,46.371,233.473,0.1984,0.1008,1.6997,31.385,229.1628,0.1372,0.0633,3.346,32.787,229.2141,0.143,0.109
2014-12-19T00:24:59.638Z,5.3859,45.7686,233.1829,0.1963,0.117,2.5276,31.8448,230.3286,0.1384,0.0798,3.3653,33.393,230.9226,0.1445,0.1067
2014-12-19T00:25:59.981Z,5.4364,47.6321,233.3464,0.2042,0.1148,2.1848,30.0543,229.9352,0.1308,0.0719,3.4424,33.7715,231.1395,0.1464,0.1035
2014-12-19T00:26:59.019Z,4.4216,45.7269,233.3202,0.1961,0.0967,2.5186,32.7716,231.038,0.1421,0.0848,3.2173,36.321,230.5483,0.1577,0.0942
2014-12-19T00:27:59.050Z,4.7534,43.7651,231.56,0.1887,0.1077,2.333,33.3052,231.7304,0.1438,0.0742,3.1542,33.198,230.5869,0.144,0.0956
2014-12-19T00:28:59.361Z,4.9913,46.2422,231.5319,0.1999,0.1084,2.4666,32.6163,231.4578,0.1409,0.079,3.1847,34.0171,230.5456,0.1473,0.0979
2014-12-19T00:29:59.026Z,5.0602,46.3231,231.8433,0.1998,0.108,2.4405,31.0221,231.1744,0.1341,0.0825,3.2063,34.0669,230.5226,0.1481,0.0942
2014-12-19T00:30:59.022Z,5.011,45.4204,232.3634,0.1954,0.1077,2.8183,30.7898,229.9467,0.1337,0.0912,3.2662,31.8532,230.3214,0.1381,0.1067
2014-12-19T00:31:59.741Z,4.377,47.105,232.3917,0.2028,0.0905,2.1158,31.4605,229.924,0.1366,0.074,3.4037,32.9828,230.5529,0.1428,0.108
2014-12-19T00:32:59.624Z,4.1565,45.1623,232.5643,0.194,0.0941,2.2649,32.3396,229.3237,0.1415,0.0673,3.2887,32.0032,230.113,0.1391,0.1156
2014-12-19T00:33:59.925Z,5.236,48.0743,232.7542,0.2066,0.1081,2.732,31.5255,230.3969,0.1371,0.0909,3.2332,32.7971,231.0633,0.1416,0.1047
2014-12-19T00:34:59.258Z,5.1663,47.1114,232.7741,0.2027,0.1097,2.8657,32.7526,232.0519,0.141,0.0906,3.1352,33.2053,231.8457,0.143,0.0973
2014-12-19T00:35:59.016Z,4.9609,45.7292,232.7675,0.1964,0.1069,2.7277,32.2338,231.9713,0.1387,0.0859,3.8563,31.7367,231.6407,0.1373,0.123
2014-12-19T00:36:59.701Z,5.3497,46.9465,233.0436,0.2015,0.1132,2.4024,32.3223,232.0598,0.1391,0.0763,3.3491,34.4417,231.8417,0.1484,0.1036
2014-12-19T00:37:59.301Z,5.0669,47.0281,233.2438,0.201,0.1077,2.4749,33.4131,232.013,0.1441,0.0762,3.4536,31.8016,231.7307,0.1372,0.1122
2014-12-19T00:38:59.946Z,5.2138,45.2547,233.2001,0.1936,0.1125,2.7537,32.8798,231.7598,0.1418,0.0884,3.1318,32.7408,231.5545,0.1413,0.0998
2014-12-19T00:39:59.253Z,5.6153,47.6491,233.396,0.2039,0.1177,3.0387,31.5563,232.4499,0.136,0.0977,3.0667,33.2392,231.6701,0.1431,0.0954
2014-12-19T00:40:59.730Z,5.3943,46.2148,232.5368,0.1987,0.1169,1.3975,32.5665,231.8465,0.1403,0.0552,3.3792,33.0184,230.8507,0.143,0.1097
2014-12-19T00:41:59.311Z,5.2255,45.7527,232.1677,0.1971,0.1151,2.5352,33.1712,231.1497,0.1434,0.0719,2.9727,31.2566,230.8379,0.1353,0.0968
2014-12-19T00:42:59.656Z,3.9018,46.2033,231.6295,0.1993,0.0843,2.4466,31.9786,230.7193,0.138,0.0764,3.1838,33.0203,231.6837,0.1423,0.1048
2014-12-19T00:43:59.906Z,4.0929,45.7513,231.9733,0.1974,0.0891,2.9965,32.5888,231.6686,0.1407,0.0954,3.4502,31.8974,231.7732,0.1378,0.1134
2014-12-19T00:44:59.981Z,5.0601,46.3262,233.1551,0.1991,0.1089,2.298,32.8545,232.3146,0.1412,0.0778,3.7197,31.7793,231.6048,0.1366,0.1186
2014-12-19T00:45:59.536Z,5.1987,46.7549,232.904,0.2003,0.111,2.3607,33.2741,232.2328,0.1434,0.0722,3.1541,32.4558,231.43,0.1401,0.1039
2014-12-19T00:46:59.305Z,4.4129,45.4119,233.5744,0.1946,0.095,2.523,34.3128,232.7102,0.1471,0.0814,3.8654,33.4056,231.0902,0.144,0.1229
2014-12-19T00:47:59.724Z,4.3773,47.0453,233.5048,0.2015,0.093,2.3235,30.6809,232.6688,0.1322,0.0807,3.0074,31.8715,231.9754,0.1373,0.1046
2014-12-19T00:48:59.183Z,5.5934,47.6609,233.372,0.2046,0.117,2.3461,31.3001,232.6687,0.1343,0.0772,2.9548,32.1256,231.7533,0.1386,0.0959
2014-12-19T00:49:59.722Z,5.1552,46.587,233.2771,0.1999,0.1098,2.3404,28.1398,232.5949,0.1211,0.0885,3.4166,30.2091,231.8343,0.1304,0.1149
2014-12-19T00:50:59.124Z,5.0897,46.3609,232.6352,0.1991,0.1101,2.448,29.9413,231.8286,0.1291,0.0896,3.3541,29.813,231.1428,0.1291,0.1122
2014-12-19T00:51:59.303Z,5.222,45.8805,231.2234,0.1981,0.1157,2.6315,32.9853,232.2375,0.1422,0.0786,3.2785,33.6107,231.3848,0.1444,0.1004
2014-12-19T00:52:59.946Z,4.8264,46.1117,230.7011,0.1998,0.1048,2.3758,31.8701,231.3262,0.1375,0.0791,3.1165,34.1327,231.3058,0.1474,0.0992
2014-12-19T00:53:59.273Z,4.4593,45.8181,231.4811,0.1983,0.0952,2.8493,35.8744,231.6251,0.1548,0.0819,3.6351,34.3197,231.3503,0.1481,0.1079
2014-12-19T00:54:59.649Z,4.299,46.1692,233.4853,0.1976,0.0922,2.2816,33.0176,231.8791,0.1422,0.0707,4.1209,34.9387,229.8134,0.152,0.1198
2014-12-19T00:55:59.294Z,4.5986,46.547,234.4209,0.1987,0.0998,2.3555,30.9649,231.0508,0.1337,0.0777,3.2497,33.2882,229.3944,0.1453,0.1035
2014-12-19T00:56:59.951Z,4.939,46.5963,233.6423,0.1997,0.1053,2.3796,32.6051,230.7476,0.1412,0.0798,3.2922,32.9504,230.6128,0.143,0.0996
2014-12-19T00:57:59.488Z,2.5407,45.4166,234.0718,0.1939,0.0537,2.4524,30.9452,230.8263,0.1342,0.0818,3.0736,33.5143,230.8369,0.1454,0.1011
2014-12-19T00:58:59.794Z,2.0508,45.8593,234.1785,0.1961,0.0464,2.7038,30.5843,230.9589,0.1324,0.0902,3.5852,31.3035,230.9015,0.1358,0.1245
2014-12-19T00:59:59.037Z,2.6493,46.0072,234.2315,0.1969,0.0578,2.7187,30.4665,232.72,0.1311,0.0946,3.2963,32.3926,230.8619,0.1403,0.1073
2014-12-19T01:00:59.066Z,2.5962,43.6482,233.626,0.1866,0.0607,2.6708,33.9747,231.8578,0.1466,0.0835,3.437,33.6497,230.2554,0.1463,0.0998
2014-12-19T01:01:59.331Z,3.0075,45.7864,233.05,0.1964,0.0651,2.5814,30.1978,231.9034,0.1307,0.0895,3.2164,33.7717,229.9404,0.1467,0.102
2014-12-19T01:02:59.856Z,2.9103,45.3752,232.6409,0.1952,0.0653,2.918,32.3685,232.2035,0.1389,0.0958,2.8023,32.0887,229.1634,0.1402,0.0982
2014-12-19T01:03:59.448Z,2.2412,45.416,232.5796,0.1952,0.048,3.1873,33.0661,232.6466,0.1423,0.0981,3.3128,33.2159,229.981,0.1448,0.1059
2014-12-19T01:04:59.586Z,2.1749,46.5018,233.2698,0.1993,0.047,2.47,35.4445,232.6963,0.1522,0.0793,3.5865,30.9573,231.0777,0.1335,0.1205
2014-12-19T01:06:59.777Z,3.2547,46.5352,233.6691,0.1988,0.0715,2.9733,33.8302,232.6422,0.1457,0.0933,3.5079,33.3451,230.6126,0.1443,0.108
2014-12-19T01:07:59.112Z,2.3207,45.5379,233.5781,0.1948,0.0506,3.2517,32.7485,232.444,0.1409,0.0981,3.101,34.6747,230.0413,0.1506,0.0973
2014-12-19T01:08:59.060Z,2.4065,46.6655,233.7596,0.1999,0.0518,2.8692,33.354,232.3509,0.1441,0.09,3.4962,34.5986,230.0963,0.1503,0.1062
2014-12-19T01:09:59.287Z,3.1719,45.288,233.8004,0.1938,0.0702,3.2218,31.5668,232.5146,0.1356,0.1021,3.7498,34.0614,230.2092,0.148,0.1102
2014-12-19T01:10:59.729Z,3.1503,47.0188,233.3851,0.2017,0.0672,2.5142,33.2186,231.3358,0.1439,0.0788,3.1461,33.2498,229.554,0.1445,0.0999
2014-12-19T01:11:59.042Z,2.3749,45.2177,232.12,0.1953,0.05,2.9413,32.2393,232.0773,0.1388,0.0942,3.6561,33.9696,229.2681,0.148,0.1126
2014-12-19T01:12:59.447Z,2.123,45.5009,231.2114,0.1967,0.0479,2.9508,32.7237,232.1512,0.1404,0.099,3.9776,33.7116,228.3615,0.1479,0.1155
2014-12-19T01:13:59.886Z,3.0783,45.5936,232.306,0.196,0.0655,2.8766,34.9976,232.3386,0.1505,0.0905,3.422,33.6804,228.959,0.1471,0.1098
2014-12-19T01:14:59.656Z,2.323,45.3687,233.388,0.1938,0.0547,3.0044,32.5195,231.5892,0.14,0.0979,3.4513,33.2667,230.2741,0.144,0.1104
2014-12-19T01:15:59.169Z,2.516,46.9158,233.2007,0.2013,0.0532,2.8412,32.1417,232.5794,0.1381,0.0943,3.5316,33.8074,231.5411,0.1461,0.1076
2014-12-19T01:16:59.494Z,2.1735,46.2837,232.8821,0.1993,0.0459,2.9953,34.8254,232.9789,0.1496,0.0902,3.4523,33.2509,231.8755,0.1435,0.1101
2014-12-19T01:17:59.539Z,2.6763,46.1295,232.8095,0.1988,0.0596,2.2138,32.2238,233.3465,0.1382,0.0726,3.6811,34.0173,231.6521,0.1467,0.1114
2014-12-19T01:18:59.333Z,2.6469,45.9467,232.5212,0.1979,0.059,2.53,33.0241,232.9762,0.1414,0.0889,3.1418,33.9479,231.327,0.147,0.0931
2014-12-19T01:19:59.609Z,2.1537,45.7443,232.712,0.1966,0.0477,2.7619,32.2659,232.6813,0.1389,0.0859,3.3913,33.4624,231.2998,0.1449,0.1085
2014-12-19T01:20:59.811Z,2.3854,44.9627,232.5642,0.1938,0.0537,2.6322,30.7662,231.7186,0.1324,0.0919,3.6222,33.7413,231.0103,0.1454,0.1103
2014-12-19T01:21:59.716Z,2.9588,45.3986,232.7956,0.1949,0.0664,2.9652,32.5634,231.8168,0.1407,0.0975,3.3825,30.8668,230.9091,0.1341,0.1134
2014-12-19T01:22:59.274Z,2.3584,45.1589,232.8184,0.194,0.0553,1.9641,31.0419,230.5189,0.135,0.0749,3.2802,31.9379,230.0273,0.1387,0.1079
2014-12-19T01:23:59.762Z,1.8043,45.7711,233.2676,0.1959,0.0408,2.386,29.6379,231.2718,0.1275,0.0815,3.1918,31.7445,230.3309,0.1382,0.1051
2014-12-19T01:24:59.030Z,2.6354,45.897,233.2823,0.1964,0.0561,2.6396,30.446,232.4636,0.1312,0.089,2.997,32.7938,231.7641,0.1414,0.099
2014-12-19T01:25:59.918Z,3.037,45.0735,232.6482,0.1937,0.0676,2.9022,35.1609,232.0461,0.1511,0.0892,3.528,34.4093,231.0363,0.1485,0.1063
2014-12-19T01:26:59.440Z,3.5603,45.6374,232.9604,0.1957,0.0782,2.8516,33.7328,232.2866,0.1446,0.0901,3.5199,33.7364,231.2478,0.1459,0.1167
2014-12-19T01:27:59.268Z,3.1013,45.4114,233.0702,0.1947,0.0667,2.4818,31.294,232.0219,0.1348,0.0831,3.343,34.3082,231.0154,0.1489,0.1034
2014-12-19T01:28:59.556Z,2.1902,46.3552,233.5982,0.1984,0.0478,2.4899,33.8225,232.4255,0.1457,0.0826,3.3897,33.3373,230.5453,0.1443,0.1059
2014-12-19T01:29:59.855Z,2.0638,46.2068,233.4887,0.1978,0.0458,2.268,31.7344,232.4066,0.1366,0.0825,3.6678,33.5422,230.572,0.1449,0.109
2014-12-19T01:30:59.577Z,2.7744,46.3586,233.2717,0.199,0.0603,2.8544,37.399,231.0823,0.1618,0.084,3.227,34.4209,230.5444,0.1491,0.1039
2014-12-19T01:31:59.896Z,2.3646,46.1257,233.0607,0.1987,0.0517,2.1827,31.3919,231.4519,0.1356,0.0804,3.6026,35.2403,230.4224,0.1529,0.1043
2014-12-19T01:32:59.317Z,2.0609,45.5103,232.9627,0.195,0.0447,3.0484,33.8967,230.7737,0.1469,0.0963,3.5682,33.8074,230.712,0.1464,0.1113
2014-12-19T01:33:59.579Z,2.5435,46.0786,233.2664,0.1978,0.0536,2.9545,32.4976,230.9237,0.1403,0.0942,3.29,34.7559,231.1362,0.1499,0.1
2014-12-19T01:34:59.037Z,3.2842,45.3694,233.3004,0.1949,0.0743,3.0647,32.035,232.3239,0.1382,0.1029,3.3121,32.8979,231.3708,0.1424,0.1078
2014-12-19T01:35:59.630Z,3.6534,46.6748,233.7879,0.1999,0.0781,2.1631,33.5015,232.4447,0.144,0.0719,3.4038,32.0664,230.5235,0.1389,0.1102
2014-12-19T01:36:59.905Z,2.1584,46.3287,233.9517,0.198,0.0483,2.8354,32.2739,232.4654,0.1392,0.0873,3.6459,33.4608,230.8396,0.1445,0.1154
2014-12-19T01:37:59.528Z,2.3122,46.7267,232.2606,0.2014,0.049,2.438,33.347,232.581,0.1436,0.081,3.5909,33.4997,231.7616,0.1444,0.1118
2014-12-19T01:38:59.529Z,1.8838,45.0427,231.9638,0.1936,0.041,2.6468,33.6905,231.7163,0.1453,0.0866,2.9045,35.3027,232.0043,0.1519,0.0933
2014-12-19T01:39:59.107Z,3.0324,46.3143,232.4218,0.1994,0.0652,2.9706,34.4362,228.505,0.1508,0.0892,3.6519,34.028,233.2006,0.1461,0.1108
2014-12-19T01:40:59.482Z,2.0742,45.7117,233.0465,0.1964,0.0446,2.8195,30.2934,229.0962,0.1324,0.0951,3.732,33.8287,232.7076,0.1452,0.1158
2014-12-19T01:41:59.088Z,2.5366,46.5951,232.9586,0.1999,0.0523,3.2561,31.3194,230.5607,0.1358,0.1074,3.6133,34.8063,231.5958,0.1507,0.1054
2014-12-19T01:42:59.748Z,2.4208,45.7951,232.5771,0.197,0.0528,2.6287,31.9629,231.1813,0.138,0.0853,3.3463,32.2842,231.816,0.1399,0.1102
2014-12-19T01:43:59.041Z,2.9257,46.265,232.5914,0.1996,0.0634,2.8862,28.5736,231.3989,0.1234,0.104,3.297,34.447,232.1472,0.1483,0.0964
2014-12-19T01:44:59.737Z,3.207,46.1075,233.3191,0.1978,0.0701,3.3051,34.6949,231.9012,0.1497,0.0984,3.5912,35.2189,232.0786,0.1516,0.1084
2014-12-19T01:45:59.108Z,2.4797,45.3683,233.0608,0.195,0.0551,2.5581,34.6007,232.1718,0.1488,0.0791,3.1186,34.2686,232.2241,0.1482,0.0996
2014-12-19T01:46:59.660Z,2.3205,45.2212,233.0566,0.1938,0.0533,2.9029,32.3182,231.4449,0.1392,0.1004,3.03,35.4787,232.4419,0.1529,0.0932
2014-12-19T01:47:59.170Z,3.5504,46.2745,233.7018,0.1981,0.0748,3.0911,33.4031,229.3358,0.1453,0.0964,3.2622,35.5493,232.5546,0.1527,0.0966
2014-12-19T01:48:59.917Z,2.8242,45.4243,233.302,0.1945,0.0615,2.6642,33.6254,228.8965,0.147,0.0885,3.8464,33.5725,232.6175,0.1442,0.1164
2014-12-19T01:49:59.627Z,2.6937,46.1572,232.5447,0.1987,0.0556,2.5269,31.6239,231.3836,0.1363,0.0884,3.7559,35.9012,232.4491,0.1546,0.1077
2014-12-19T01:50:59.834Z,2.1905,45.8202,232.3336,0.1969,0.0478,2.8782,31.4638,231.5598,0.1363,0.0908,3.1755,32.4441,232.0356,0.1398,0.1074
2014-12-19T01:51:59.131Z,2.0431,45.1531,231.6883,0.195,0.0449,3.183,30.4282,231.1104,0.1317,0.1092,3.5681,34.9274,231.7069,0.1509,0.1062
2014-12-19T01:52:59.696Z,3.1586,44.8127,231.685,0.1938,0.0709,2.9447,33.4427,231.4318,0.1436,0.0963,3.3165,37.845,231.2395,0.1643,0.0915
2014-12-19T01:53:59.924Z,3.0721,45.6477,232.1358,0.1968,0.0676,2.6041,33.7492,231.9198,0.1458,0.0808,3.2221,32.9958,231.3746,0.1424,0.1034
2014-12-19T01:54:59.225Z,2.8439,45.6626,233.037,0.196,0.0647,2.503,30.9101,232.2786,0.133,0.0829,3.5847,33.0494,232.5067,0.1419,0.1118
2014-12-19T01:55:59.192Z,2.6849,45.8282,232.9831,0.1968,0.06,3.2402,31.3368,232.1325,0.1349,0.0997,3.4982,34.8791,232.4452,0.1505,0.1042
2014-12-19T01:56:59.546Z,2.7629,46.8692,232.8414,0.2011,0.0571,2.8268,34.3844,231.9188,0.1481,0.0896,3.7603,32.0687,232.3542,0.1376,0.1222
2014-12-19T01:57:59.386Z,3.281,44.7368,232.848,0.192,0.0729,3.2809,32.0343,231.9887,0.1381,0.1056,2.8058,33.4565,232.5944,0.1438,0.0909
2014-12-19T01:58:59.788Z,2.4542,45.2477,232.7549,0.1937,0.0557,2.7646,31.9619,231.8844,0.1377,0.0945,3.5051,34.0927,232.6462,0.1464,0.109
2014-12-19T01:59:59.088Z,2.1803,45.2107,232.9067,0.194,0.0491,2.8571,29.7907,231.6693,0.1282,0.1004,3.4374,33.6384,231.7783,0.1453,0.1097
