2014-12-25T00:00:59.154Z,3.7936,43.5043,230.6474,0.1888,0.0881,3.0284,39.3328,231.8687,0.1691,0.0789,82.5563,89.3081,232.6586,0.3843,0.9254
2014-12-25T00:01:59.454Z,5.3467,45.1682,230.3646,0.1961,0.1171,2.6596,31.6764,232.3424,0.1366,0.0817,83.7098,90.4958,232.3792,0.3888,0.9262
2014-12-25T00:02:59.807Z,4.5818,45.14,230.0224,0.1964,0.1022,2.2632,34.7556,232.6252,0.1489,0.0648,82.5712,89.1549,232.2205,0.3837,0.9271
2014-12-25T00:03:59.322Z,5.5946,44.6006,230.7681,0.1933,0.1209,2.6571,32.8114,232.5931,0.1414,0.0772,82.5559,89.977,232.2919,0.3872,0.9188
2014-12-25T00:04:59.685Z,4.4225,44.3062,230.6116,0.1922,0.0986,2.2465,33.1313,232.0311,0.1427,0.0695,82.7432,88.9474,232.1721,0.3832,0.9313
2014-12-25T00:06:59.793Z,4.456,45.3158,230.7662,0.1965,0.0979,2.4085,33.7959,229.0013,0.1478,0.0749,82.5508,89.4814,232.2745,0.3852,0.924
2014-12-25T00:07:59.626Z,5.2182,44.8851,230.6957,0.1942,0.1138,2.2474,33.8023,230.8102,0.1462,0.0685,82.2591,88.347,231.2187,0.3821,0.9323
2014-12-25T00:08:59.045Z,4.3997,44.9462,230.6708,0.1944,0.1,2.5734,34.1228,231.9468,0.1472,0.0819,82.4398,89.1807,232.3193,0.3839,0.9257
2014-12-25T00:09:59.554Z,4.8568,45.4751,230.5142,0.1975,0.1073,2.6588,31.5857,231.9844,0.1358,0.084,83.2445,90.5542,233.0784,0.3888,0.9209
2014-12-25T00:10:59.251Z,4.4707,45.5522,230.4291,0.1973,0.099,2.6549,29.4431,232.8827,0.1255,0.0929,82.7474,90.2796,232.6611,0.3875,0.918
2014-12-25T00:11:59.688Z,4.7025,46.232,230.5151,0.2006,0.1032,2.3475,34.0556,232.9094,0.146,0.0706,82.9286,89.6468,232.4731,0.3856,0.9262
2014-12-25T00:12:59.954Z,5.0481,44.9581,230.75,0.1948,0.1128,2.4468,33.628,233.0832,0.1446,0.0767,82.9936,89.8668,232.8273,0.386,0.9253
2014-12-25T00:13:59.247Z,4.5686,45.1419,230.4361,0.1953,0.1006,2.7073,33.8298,233.4268,0.145,0.0834,83.0807,90.0994,232.8929,0.3869,0.9233
2014-12-25T00:14:59.725Z,5.0285,45.5493,229.9411,0.1982,0.1098,1.9946,31.8125,233.6207,0.1359,0.0679,83.2196,90.6683,233.1067,0.3885,0.9188
2014-12-25T00:15:59.142Z,4.1854,44.3504,229.7964,0.1936,0.0966,2.4128,32.5453,232.6734,0.1399,0.0776,82.7193,89.528,232.6694,0.3846,0.9252
2014-12-25T00:16:59.979Z,4.0285,43.5463,229.944,0.1892,0.0927,2.148,35.3461,233.1348,0.1518,0.0608,82.3855,89.8328,231.9434,0.3872,0.9188
2014-12-25T00:17:59.751Z,4.5845,45.6536,229.6557,0.1986,0.1008,2.8016,33.9256,233.4885,0.1451,0.086,81.6895,88.2438,231.2799,0.3815,0.9258
2014-12-25T00:18:59.099Z,4.5359,45.8131,230.7646,0.1984,0.1011,2.8084,32.743,234.0441,0.1402,0.0824,82.4701,89.5884,232.4423,0.385,0.9223
2014-12-25T00:19:59.722Z,4.0851,45.9793,231.1129,0.1991,0.088,2.4451,35.9269,234.3946,0.1532,0.0703,82.9845,89.3573,232.8226,0.3837,0.9302
2014-12-25T00:20:59.387Z,4.2448,45.0278,231.0259,0.1949,0.0948,2.7004,35.2511,234.4886,0.1503,0.0732,82.6912,89.5564,232.8304,0.3848,0.924
2014-12-25T00:21:59.490Z,4.5752,45.8285,231.9768,0.1975,0.0998,2.6096,34.7907,233.9459,0.1486,0.0741,83.0248,89.2258,232.7418,0.3832,0.9309
2014-12-25T00:22:59.422Z,5.0952,46.4726,232.6184,0.2002,0.111,2.9399,33.9954,233.9919,0.1456,0.0844,82.9554,90.0696,232.9767,0.3864,0.9227
2014-12-25T00:23:59.314Z,4.95,46.0921,232.7103,0.1981,0.107,2.6931,32.2003,233.9223,0.1376,0.0853,83.4742,90.4202,233.2671,0.3879,0.9247
2014-12-25T00:24:59.693Z,4.0499,45.0251,232.186,0.1943,0.091,2.1877,29.0458,233.9344,0.1244,0.0786,82.9273,89.9474,232.8977,0.386,0.9229
2014-12-25T00:25:59.869Z,4.3512,44.8843,231.7179,0.1938,0.096,2.4323,30.7678,233.1774,0.1316,0.0808,82.4356,89.8044,232.1975,0.387,0.9188
2014-12-25T00:26:59.153Z,4.6972,45.941,231.3189,0.1984,0.1031,2.3306,34.1159,232.5569,0.1466,0.0752,82.2139,88.9889,231.9278,0.3836,0.925
2014-12-25T00:27:59.675Z,4.8066,45.3433,230.6388,0.1962,0.1065,2.2582,32.2723,230.3465,0.1403,0.0729,82.4435,89.245,231.6842,0.3852,0.9255
2014-12-25T00:28:59.079Z,3.7372,44.8304,231.4587,0.1937,0.0842,2.1977,33.6133,231.4853,0.1454,0.0711,83.6611,90.6427,233.0574,0.3883,0.9249
2014-12-25T00:29:59.683Z,4.5105,45.8998,231.1198,0.1988,0.0979,2.1329,33.7513,233.0807,0.1451,0.0676,83.126,89.6004,232.9127,0.3846,0.9287
2014-12-25T00:30:59.295Z,5.3497,46.4332,231.3212,0.201,0.1147,2.4591,32.073,233.7666,0.1373,0.0858,82.8938,89.5898,232.789,0.3849,0.9268
2014-12-25T00:31:59.684Z,5.4646,46.3083,231.0893,0.2,0.115,2.3311,35.2043,234.2997,0.15,0.072,83.401,89.9157,233.2061,0.3857,0.9279
2014-12-25T00:32:59.146Z,4.6694,45.0352,230.9851,0.1942,0.1043,2.6492,34.6744,234.2052,0.1479,0.0779,83.3324,89.9412,233.2439,0.3856,0.9277
2014-12-25T00:33:59.660Z,4.8088,45.4708,231.3776,0.196,0.1049,3.0304,33.825,234.4282,0.1445,0.0897,83.0626,90.4386,233.3215,0.3875,0.9201
2014-12-25T00:34:59.306Z,4.2584,45.5303,230.7992,0.1971,0.0951,2.6469,33.3097,234.7131,0.1418,0.0851,83.4674,90.1757,233.7118,0.386,0.9274
2014-12-25T00:35:59.470Z,4.568,45.1322,230.4244,0.1958,0.0982,2.5125,33.1929,233.6376,0.1425,0.0753,83.1942,90.2898,233.1253,0.3875,0.9226
2014-12-25T00:36:59.134Z,4.2121,45.0065,231.1415,0.1948,0.0927,3.1114,36.0988,232.5213,0.1552,0.0845,82.9784,89.7431,232.4944,0.3859,0.9267
2014-12-25T00:37:59.425Z,3.8051,44.3985,232.2243,0.1909,0.0851,1.9336,29.5443,231.1647,0.128,0.0702,81.9036,90.3241,231.594,0.3901,0.908
2014-12-25T00:38:59.313Z,4.8105,45.1018,232.7476,0.1934,0.1069,2.5989,34.9307,233.1033,0.1496,0.0777,81.8336,88.7048,231.1152,0.3842,0.9244
2014-12-25T00:39:59.808Z,4.5286,46.1896,232.3719,0.1988,0.0981,2.4448,32.5297,233.3869,0.1389,0.0791,82.2273,89.4571,231.2057,0.3865,0.921
2014-12-25T00:40:59.162Z,4.4837,45.3787,232.6938,0.1946,0.098,2.3375,38.006,233.3789,0.1625,0.063,81.3624,87.9848,230.9858,0.3809,0.9265
2014-12-25T00:41:59.348Z,4.8011,45.087,232.3442,0.194,0.1056,2.6624,30.4533,233.2794,0.1303,0.0895,81.7789,88.7001,231.2259,0.3838,0.9232
2014-12-25T00:42:59.918Z,4.5812,46.6056,232.6504,0.2005,0.0997,2.5252,35.624,233.1987,0.1522,0.0773,82.0131,88.694,231.1136,0.3838,0.9265
2014-12-25T00:43:59.097Z,4.6872,44.7854,232.5629,0.1929,0.104,2.3699,33.4517,231.3146,0.1446,0.0717,82.1269,89.2184,231.8849,0.385,0.9221
2014-12-25T00:44:59.531Z,4.1063,46.2635,232.7199,0.199,0.0876,2.36,30.0861,230.3351,0.1308,0.0788,82.3337,88.857,232.2051,0.3826,0.928
2014-12-25T00:45:59.474Z,4.5812,46.5484,231.8162,0.201,0.0975,2.4418,31.7655,232.273,0.1367,0.0814,80.4457,86.9323,230.6003,0.3769,0.926
2014-12-25T00:46:59.848Z,4.769,45.7268,231.2093,0.1979,0.1044,2.2418,33.5496,232.4845,0.1437,0.0722,81.9331,88.8623,231.1986,0.3841,0.9227
2014-12-25T00:47:59.323Z,4.7676,44.9163,231.0168,0.1944,0.1024,2.4714,32.1391,231.9948,0.1382,0.0829,82.12,89.5086,231.7114,0.3864,0.9186
2014-12-25T00:48:59.982Z,5.0377,45.4408,232.5336,0.1952,0.1111,2.7107,36.1127,233.2023,0.1555,0.0749,82.3927,89.3454,231.5736,0.3855,0.9237
2014-12-25T00:49:59.215Z,5.5244,45.7389,233.4446,0.1964,0.1189,2.6312,31.8569,233.0137,0.1366,0.0842,81.9322,88.728,231.5069,0.3836,0.9251
2014-12-25T00:50:59.933Z,4.2703,45.9975,233.2703,0.1971,0.0937,2.913,34.8158,233.0927,0.1496,0.0873,82.3805,88.4116,231.842,0.3812,0.9324
2014-12-25T00:51:59.291Z,5.0687,45.6768,233.239,0.1957,0.1084,2.1831,29.6693,232.8166,0.1278,0.0834,81.5423,88.5042,231.4726,0.3819,0.9222
2014-12-25T00:52:59.300Z,4.1415,45.6308,233.4926,0.1958,0.0874,2.9415,34.3812,232.996,0.1476,0.0852,81.767,87.9678,231.3962,0.3798,0.9301
2014-12-25T00:53:59.655Z,4.786,46.4287,232.579,0.1997,0.1015,2.1826,30.9604,233.0315,0.1328,0.0743,81.4593,88.4257,231.1929,0.3826,0.9216
2014-12-25T00:54:59.066Z,237.0611,390.0734,231.1044,1.6978,0.234,241.7219,379.7051,232.8779,1.6421,0.2288,505.8583,653.3729,230.0361,2.8629,0.879
2014-12-25T00:55:59.544Z,1062.439,1446.0179,229.4545,6.3018,0.7346,1118.0288,1573.4653,230.8427,6.8167,0.7103,1533.009,2073.4069,227.6924,9.1059,0.7396
2014-12-25T00:56:59.007Z,1145.6402,1521.614,228.6839,6.6541,0.7534,1224.7374,1650.4235,230.4252,7.1625,0.7414,1646.0397,2177.144,228.2101,9.5399,0.7565
2014-12-25T00:57:59.206Z,1172.9368,1543.2793,228.6546,6.7494,0.7598,1249.7288,1667.9031,229.9684,7.2524,0.7496,1671.9362,2192.6817,227.897,9.6213,0.7616
2014-12-25T00:58:59.212Z,1186.5133,1557.7227,229.921,6.7752,0.7613,1258.0142,1703.997,231.3298,7.3669,0.7383,1651.0253,2182.5089,228.2452,9.5613,0.7568
2014-12-25T00:59:59.486Z,1203.5793,1574.1251,230.6061,6.8264,0.7644,1263.9551,1724.521,231.7709,7.4406,0.7332,1648.104,2177.5158,228.118,9.5459,0.7577
