2014-09-25T00:00:59.352Z,0.0259,0.0438,0.5624,0.0766,0.5655,0.0172,0.0376,0.5838,0.0659,0.4231,0.0217,0.0424,0.5352,0.0769,0.5324
2014-09-25T00:01:59.065Z,0.029,0.0438,0.5659,0.0759,0.5997,0.0117,0.0328,0.5679,0.0576,0.329,0.0214,0.0414,0.5224,0.0762,0.5314
2014-09-25T00:02:59.361Z,0.0263,0.0427,0.5677,0.075,0.586,0.014,0.0357,0.589,0.0603,0.354,0.0223,0.0423,0.5337,0.0763,0.545
2014-09-25T00:03:59.894Z,0.0244,0.0403,0.5516,0.0731,0.5847,0.0169,0.0381,0.5884,0.0641,0.3963,0.0225,0.0416,0.5297,0.0788,0.5453
2014-09-25T00:04:59.198Z,0.0259,0.0408,0.5477,0.0741,0.6087,0.0179,0.0397,0.5897,0.0669,0.3913,0.0244,0.0431,0.5392,0.0774,0.5597
2014-09-25T00:05:59.676Z,0.0206,0.0384,0.5419,0.07,0.5371,0.0187,0.0419,0.6042,0.0668,0.3987,0.021,0.0397,0.5197,0.0755,0.5416
2014-09-25T00:06:59.694Z,0.0276,0.0432,0.5611,0.0766,0.5979,0.0166,0.0376,0.5829,0.0629,0.4184,0.0221,0.0418,0.5313,0.0779,0.5326
2014-09-25T00:07:59.950Z,0.0262,0.0422,0.5558,0.074,0.5802,0.026,0.0462,0.626,0.0727,0.478,0.024,0.0436,0.5533,0.0773,0.5464
2014-09-25T00:08:59.378Z,0.027,0.0432,0.557,0.0757,0.6016,0.0218,0.0425,0.6055,0.0709,0.477,0.0255,0.0434,0.5436,0.0782,0.5741
2014-09-25T00:09:59.738Z,0.0244,0.0426,0.5596,0.0741,0.5644,0.0178,0.0374,0.5904,0.0652,0.4007,0.0233,0.0426,0.5452,0.0774,0.5504
2014-09-25T00:10:59.999Z,0.0256,0.0425,0.5547,0.0764,0.5811,0.0172,0.0392,0.5881,0.0661,0.4136,0.0231,0.0406,0.5247,0.0758,0.5453
2014-09-25T00:11:59.367Z,0.0285,0.045,0.5656,0.0779,0.6171,0.0159,0.0374,0.5856,0.0644,0.395,0.0229,0.0429,0.5388,0.0774,0.5374
2014-09-25T00:12:59.694Z,0.0269,0.044,0.5626,0.0757,0.5903,0.0206,0.0411,0.596,0.068,0.4434,0.0209,0.0403,0.5214,0.0751,0.5297
2014-09-25T00:13:59.956Z,0.0281,0.0436,0.5628,0.0769,0.6022,0.0186,0.04,0.5908,0.0678,0.4097,0.0242,0.0425,0.535,0.0769,0.5531
2014-09-25T00:14:59.238Z,0.0268,0.0438,0.5688,0.0771,0.5841,0.0185,0.0394,0.5912,0.065,0.4009,0.0226,0.0415,0.5309,0.0768,0.5421
2014-09-25T00:15:59.541Z,0.0227,0.0397,0.5458,0.0724,0.5639,0.02,0.0418,0.6018,0.0697,0.4433,0.023,0.0418,0.537,0.0773,0.5503
2014-09-25T00:16:59.851Z,0.0284,0.0442,0.5703,0.0761,0.6,0.0145,0.0355,0.5761,0.0623,0.3719,0.0261,0.0442,0.5429,0.0803,0.5806
2014-09-25T00:17:59.962Z,0.0227,0.0403,0.5405,0.0719,0.5443,0.0186,0.0392,0.5924,0.0657,0.4135,0.0214,0.04,0.5208,0.0757,0.5249
2014-09-25T00:18:59.209Z,0.0246,0.0421,0.5549,0.0749,0.5715,0.0218,0.0423,0.6069,0.069,0.4431,0.0241,0.0438,0.5503,0.0764,0.55
2014-09-25T00:19:59.553Z,0.0222,0.0384,0.5419,0.0703,0.5584,0.0191,0.0406,0.6006,0.0663,0.4075,0.0222,0.0416,0.5287,0.0759,0.5319
2014-09-25T00:20:59.892Z,0.0251,0.0415,0.5559,0.0731,0.5618,0.021,0.0408,0.5972,0.0667,0.4418,0.0226,0.0431,0.5351,0.0769,0.5487
2014-09-25T00:21:59.248Z,0.0232,0.04,0.551,0.0713,0.5729,0.0181,0.0381,0.5819,0.0648,0.409,0.0216,0.04,0.5206,0.0752,0.521
2014-09-25T00:22:59.648Z,0.0274,0.0435,0.5677,0.0752,0.5977,0.0181,0.0381,0.5858,0.0652,0.4155,0.0216,0.0413,0.5316,0.0758,0.5355
2014-09-25T00:23:59.973Z,0.0239,0.0409,0.5564,0.0733,0.5458,0.0158,0.0382,0.5873,0.0645,0.3733,0.0212,0.0415,0.5218,0.0764,0.5245
2014-09-25T00:24:59.311Z,0.0264,0.0443,0.5617,0.0767,0.5895,0.0198,0.0419,0.5974,0.0681,0.3969,0.0248,0.0436,0.5352,0.0776,0.5729
2014-09-25T00:25:59.660Z,0.0238,0.0403,0.5562,0.0718,0.5503,0.02,0.0418,0.6,0.0665,0.38,0.0229,0.0415,0.5379,0.0756,0.5412
2014-09-25T00:26:59.961Z,0.0254,0.0419,0.5573,0.0732,0.567,0.0181,0.0389,0.5914,0.0651,0.4327,0.0222,0.0405,0.5278,0.0757,0.5319
2014-09-25T00:27:59.310Z,0.0284,0.0439,0.563,0.0764,0.6059,0.0227,0.0443,0.6098,0.072,0.4784,0.0257,0.0441,0.5461,0.0789,0.5732
2014-09-25T00:28:59.607Z,0.0259,0.0419,0.5575,0.0722,0.5803,0.0203,0.0434,0.6147,0.0691,0.4238,0.025,0.0425,0.5466,0.0775,0.5675
2014-09-25T00:29:59.898Z,0.0236,0.0409,0.5576,0.0724,0.5361,0.0167,0.0373,0.5876,0.0636,0.3585,0.0221,0.0424,0.5355,0.0764,0.5203
2014-09-25T00:30:59.325Z,0.0236,0.0409,0.5509,0.0736,0.5618,0.0188,0.0415,0.6021,0.0682,0.4142,0.0218,0.0409,0.53,0.0761,0.527
2014-09-25T00:31:59.732Z,0.0243,0.0414,0.5533,0.074,0.5631,0.0233,0.0443,0.6174,0.071,0.4852,0.0219,0.0414,0.5329,0.0762,0.5364
2014-09-25T00:32:59.044Z,0.0268,0.043,0.5635,0.0749,0.5916,0.0219,0.0438,0.6141,0.0684,0.4524,0.0232,0.0432,0.5384,0.0778,0.5505
2014-09-25T00:33:59.261Z,0.0256,0.0428,0.5606,0.0753,0.5794,0.0217,0.0414,0.5978,0.0694,0.4369,0.0231,0.0433,0.5492,0.0761,0.5431
2014-09-25T00:34:59.666Z,0.0268,0.0425,0.5595,0.0753,0.5832,0.0215,0.041,0.5983,0.068,0.4833,0.0223,0.0403,0.518,0.075,0.5403
2014-09-25T00:35:59.906Z,0.0216,0.0387,0.5445,0.0703,0.5355,0.0165,0.0368,0.5845,0.0632,0.4035,0.0213,0.041,0.5184,0.0777,0.5219
2014-09-25T00:36:59.175Z,0.0268,0.0435,0.5653,0.0753,0.5768,0.0176,0.04,0.6041,0.0641,0.395,0.0226,0.0429,0.5376,0.0756,0.5479
2014-09-25T00:37:59.539Z,0.0285,0.0455,0.5736,0.077,0.6103,0.0167,0.037,0.5903,0.0636,0.3833,0.0227,0.0415,0.5427,0.077,0.5415
2014-09-25T00:38:59.915Z,0.0247,0.0421,0.5574,0.0741,0.5762,0.0188,0.0385,0.5865,0.0647,0.4044,0.0206,0.04,0.5197,0.0762,0.5162
2014-09-25T00:39:59.720Z,0.0281,0.043,0.5632,0.0762,0.6076,0.0195,0.0405,0.5886,0.0684,0.4449,0.0214,0.0403,0.5241,0.0751,0.5324
2014-09-25T00:40:59.186Z,0.0312,0.0465,0.5719,0.0793,0.6451,0.0202,0.0419,0.6009,0.0688,0.4593,0.0228,0.0416,0.5307,0.0772,0.557
2014-09-25T00:41:59.603Z,0.0262,0.0436,0.5569,0.0767,0.5889,0.0227,0.0442,0.6016,0.0727,0.4558,0.0233,0.0433,0.5442,0.0764,0.5387
2014-09-25T00:42:59.923Z,0.0263,0.0426,0.5613,0.0758,0.6042,0.0195,0.0421,0.5971,0.0705,0.4255,0.0221,0.0408,0.5279,0.0753,0.5461
2014-09-25T00:43:59.303Z,0.0266,0.0426,0.5553,0.0761,0.5979,0.0187,0.0418,0.5953,0.0689,0.4039,0.0239,0.0432,0.5424,0.0771,0.5595
2014-09-25T00:44:59.094Z,0.0255,0.0421,0.5591,0.0742,0.5697,0.0182,0.0388,0.5867,0.0645,0.403,0.0252,0.0433,0.5442,0.0776,0.5691
2014-09-25T00:45:59.482Z,0.0259,0.0434,0.5619,0.0759,0.5831,0.0209,0.0431,0.6053,0.0706,0.4269,0.0238,0.0425,0.5347,0.0784,0.5459
2014-09-25T00:46:59.875Z,0.0232,0.0406,0.5432,0.0721,0.5912,0.0176,0.0382,0.5871,0.0638,0.3829,0.025,0.0438,0.5409,0.0782,0.5547
2014-09-25T00:47:59.128Z,0.0295,0.0454,0.5727,0.0778,0.6224,0.0189,0.0403,0.6005,0.0665,0.4132,0.0224,0.0432,0.54,0.0776,0.5292
2014-09-25T00:48:59.469Z,0.0276,0.0447,0.5684,0.0779,0.5987,0.0211,0.0413,0.5953,0.0692,0.4255,0.025,0.0455,0.5534,0.08,0.5537
2014-09-25T00:49:59.075Z,0.0223,0.0397,0.5468,0.0713,0.5429,0.0155,0.0361,0.5729,0.0626,0.3826,0.0226,0.0419,0.5361,0.0774,0.5548
2014-09-25T00:50:59.388Z,0.0242,0.0421,0.5582,0.0745,0.5537,0.0145,0.0358,0.5816,0.0621,0.3503,0.0234,0.0432,0.5432,0.0766,0.5513
2014-09-25T00:51:59.695Z,0.0247,0.041,0.5553,0.0727,0.5593,0.018,0.0377,0.5927,0.066,0.4147,0.0213,0.0403,0.5203,0.076,0.5247
2014-09-25T00:52:59.975Z,0.0283,0.046,0.5662,0.0781,0.6031,0.0219,0.0426,0.6067,0.069,0.4557,0.021,0.039,0.5219,0.076,0.5264
2014-09-25T00:53:59.285Z,0.0283,0.0445,0.5593,0.0776,0.6069,0.0214,0.0405,0.5917,0.0698,0.4695,0.0217,0.0414,0.5269,0.0757,0.536
2014-09-25T00:54:59.634Z,0.0276,0.044,0.5571,0.0769,0.5991,0.0202,0.0411,0.6007,0.068,0.4567,0.0227,0.0422,0.5396,0.0764,0.5353
2014-09-25T00:55:59.058Z,0.0269,0.0419,0.5536,0.0744,0.6078,0.0175,0.04,0.5892,0.0664,0.3894,0.0247,0.0425,0.5439,0.0792,0.5633
2014-09-25T00:56:59.452Z,0.0257,0.0427,0.5591,0.0768,0.5745,0.0191,0.04,0.6036,0.0668,0.4118,0.0234,0.043,0.5389,0.077,0.5366
2014-09-25T00:57:59.916Z,0.0247,0.0408,0.5487,0.0737,0.5837,0.0211,0.0429,0.6018,0.0703,0.44,0.0224,0.0418,0.5274,0.0779,0.5447
2014-09-25T00:58:59.371Z,0.0225,0.0406,0.5494,0.0731,0.5544,0.0192,0.0417,0.595,0.0672,0.4136,0.0233,0.0422,0.5311,0.0761,0.5397
2014-09-25T00:59:59.656Z,0.0318,0.0475,0.5777,0.0809,0.6452,0.0209,0.042,0.6,0.0684,0.4489,0.0236,0.0425,0.533,0.0777,0.5473
