2014-10-24T00:00:59.589Z,0.0356,0.0548,0.603,0.0867,0.65,0.0319,0.0511,0.65,0.0774,0.5404,0.0256,0.0452,0.5833,0.0785,0.5393
2014-10-24T00:01:59.018Z,0.0321,0.0491,0.5821,0.0824,0.6409,0.0291,0.0494,0.6253,0.0774,0.5485,0.0312,0.0506,0.6018,0.0809,0.5668
2014-10-24T00:02:59.379Z,0.0319,0.0481,0.5885,0.0815,0.6185,0.0274,0.0496,0.6219,0.0778,0.5548,0.0285,0.0493,0.5948,0.0819,0.5463
2014-10-24T00:03:59.005Z,0.0393,0.0571,0.6146,0.0889,0.6907,0.0339,0.055,0.6493,0.0829,0.5964,0.0314,0.0493,0.6014,0.0796,0.5921
2014-10-24T00:04:59.430Z,0.0336,0.0503,0.583,0.0839,0.6594,0.033,0.0527,0.6415,0.0806,0.5721,0.0242,0.0442,0.5715,0.0773,0.5112
2014-10-24T00:05:59.983Z,0.0329,0.0494,0.5871,0.0815,0.6376,0.0359,0.0559,0.6594,0.0838,0.6235,0.0268,0.0465,0.5859,0.08,0.5612
2014-10-24T00:06:59.169Z,0.0352,0.0522,0.5919,0.0833,0.6874,0.03,0.0507,0.6193,0.0796,0.5822,0.0244,0.0426,0.5767,0.0752,0.5467
2014-10-24T00:07:59.681Z,0.0319,0.0503,0.5791,0.0834,0.6647,0.0334,0.0522,0.6363,0.0816,0.5828,0.0272,0.0456,0.5828,0.0791,0.5656
2014-10-24T00:09:59.531Z,0.0351,0.0533,0.5964,0.084,0.6524,0.0353,0.0564,0.6531,0.0838,0.6011,0.0285,0.0474,0.5915,0.0801,0.5757
2014-10-24T00:10:59.887Z,0.0387,0.057,0.615,0.0873,0.6843,0.0373,0.0587,0.6697,0.0853,0.6107,0.024,0.042,0.5663,0.0763,0.5477
2014-10-24T00:11:59.286Z,0.0376,0.0561,0.6068,0.0876,0.6587,0.0376,0.0595,0.6671,0.0858,0.6084,0.0329,0.0518,0.605,0.0834,0.6045
2014-10-24T00:12:59.913Z,0.0348,0.0518,0.5833,0.0842,0.653,0.0315,0.0512,0.637,0.08,0.5627,0.0252,0.0458,0.5803,0.0794,0.5421
2014-10-24T00:13:59.233Z,0.0354,0.0532,0.5946,0.0854,0.6589,0.0368,0.0557,0.653,0.0841,0.5957,0.0327,0.05,0.6049,0.0819,0.6038
2014-10-24T00:14:59.498Z,0.0376,0.0562,0.6079,0.0865,0.69,0.0315,0.0515,0.6362,0.0818,0.5812,0.0274,0.0471,0.5926,0.0794,0.5591
2014-10-24T00:15:59.951Z,0.0357,0.0526,0.5974,0.0846,0.684,0.0351,0.0554,0.6511,0.0831,0.6146,0.03,0.0494,0.61,0.0789,0.5757
2014-10-24T00:16:59.927Z,0.0346,0.0525,0.5943,0.085,0.6686,0.0329,0.0529,0.6479,0.0804,0.59,0.0246,0.0443,0.5771,0.0779,0.5404
2014-10-24T00:17:59.349Z,0.0374,0.0536,0.599,0.0864,0.6972,0.0331,0.0551,0.6428,0.0836,0.5746,0.0321,0.0505,0.6049,0.0831,0.5897
2014-10-24T00:18:59.776Z,0.0366,0.0557,0.6003,0.0869,0.6877,0.0351,0.0563,0.6529,0.0851,0.5854,0.028,0.0471,0.5891,0.0803,0.5563
2014-10-24T00:19:59.182Z,0.0377,0.0554,0.6066,0.086,0.6817,0.0323,0.0531,0.6303,0.082,0.5834,0.0303,0.0491,0.6003,0.0814,0.5877
2014-10-24T00:20:59.599Z,0.0387,0.0567,0.6128,0.0874,0.6836,0.0377,0.0569,0.6623,0.0856,0.6272,0.0262,0.0436,0.5685,0.0769,0.5726
2014-10-24T00:21:59.061Z,0.0355,0.0542,0.6024,0.0874,0.6616,0.0353,0.0553,0.6568,0.0826,0.5918,0.0271,0.0471,0.5876,0.0792,0.5468
2014-10-24T00:22:59.429Z,0.0376,0.0548,0.6085,0.0852,0.6827,0.0342,0.0561,0.6518,0.0836,0.5806,0.0279,0.047,0.5994,0.0797,0.5733
2014-10-24T00:23:59.676Z,0.0342,0.0506,0.5858,0.0842,0.6667,0.0367,0.0561,0.6588,0.0858,0.6255,0.0258,0.0442,0.5694,0.0794,0.5415
2014-10-24T00:24:59.996Z,0.0392,0.0562,0.6113,0.0882,0.6631,0.0303,0.05,0.63,0.0774,0.5751,0.0279,0.0469,0.589,0.08,0.5774
2014-10-24T00:25:59.350Z,0.0377,0.0554,0.6057,0.0857,0.6614,0.0331,0.0543,0.6471,0.0823,0.582,0.0291,0.0477,0.5954,0.08,0.578
2014-10-24T00:26:59.745Z,0.0354,0.0526,0.5933,0.0856,0.6621,0.0346,0.0551,0.6469,0.0849,0.6003,0.029,0.0469,0.599,0.0787,0.5723
2014-10-24T00:27:59.198Z,0.0361,0.0539,0.6018,0.0873,0.647,0.0345,0.0542,0.6385,0.0827,0.5579,0.0309,0.0494,0.6018,0.0803,0.5867
2014-10-24T00:28:59.525Z,0.0413,0.059,0.6187,0.0903,0.6977,0.0361,0.0574,0.6635,0.0865,0.6058,0.0303,0.0471,0.5977,0.0803,0.6029
2014-10-24T00:29:59.914Z,0.0351,0.0523,0.5944,0.0849,0.6742,0.0312,0.0514,0.6309,0.0795,0.5779,0.034,0.0521,0.6093,0.0849,0.62
2014-10-24T00:30:59.338Z,0.0334,0.0514,0.5925,0.0841,0.6459,0.0355,0.0555,0.6523,0.0841,0.598,0.0311,0.0514,0.6148,0.082,0.6027
2014-10-24T00:31:59.700Z,0.0332,0.0519,0.5948,0.0835,0.6326,0.0345,0.0548,0.6565,0.0816,0.5874,0.0271,0.0468,0.5829,0.079,0.5613
2014-10-24T00:32:59.176Z,0.0382,0.0553,0.6074,0.0871,0.6903,0.0376,0.0576,0.6634,0.0847,0.6255,0.0297,0.0497,0.6008,0.0808,0.5768
2014-10-24T00:33:59.540Z,0.0392,0.0569,0.6186,0.0881,0.6728,0.0378,0.0578,0.6694,0.0836,0.6311,0.0314,0.05,0.5989,0.0819,0.5753
2014-10-24T00:34:59.203Z,0.0343,0.0517,0.5894,0.0837,0.6746,0.0326,0.0531,0.6357,0.0817,0.6057,0.0354,0.054,0.6254,0.0851,0.626
2014-10-24T00:35:59.663Z,0.0371,0.0556,0.6085,0.0856,0.6853,0.0371,0.0574,0.6591,0.085,0.6174,0.0265,0.045,0.5797,0.0776,0.5541
2014-10-24T00:36:59.010Z,0.0351,0.0537,0.5963,0.0851,0.6717,0.0337,0.0534,0.6429,0.082,0.6023,0.0297,0.0491,0.5986,0.0817,0.5946
2014-10-24T00:37:59.474Z,0.0385,0.0567,0.6215,0.0879,0.6712,0.0303,0.0515,0.6339,0.0782,0.5727,0.0261,0.0458,0.5891,0.0767,0.5452
2014-10-24T00:38:59.900Z,0.0359,0.0549,0.6036,0.0872,0.659,0.0321,0.0528,0.6356,0.0826,0.5664,0.0282,0.0472,0.5826,0.0797,0.5777
2014-10-24T00:39:59.850Z,0.0383,0.0552,0.6041,0.0872,0.6969,0.0352,0.0548,0.6466,0.0828,0.5976,0.0276,0.0476,0.5793,0.0793,0.5452
2014-10-24T00:40:59.361Z,0.0358,0.0536,0.5933,0.0842,0.6736,0.0356,0.0561,0.6514,0.0844,0.6133,0.0319,0.0525,0.6206,0.0833,0.57
2014-10-24T00:41:59.815Z,0.0338,0.0516,0.5856,0.0841,0.6622,0.0394,0.0588,0.6694,0.0856,0.6116,0.0272,0.0469,0.5997,0.0772,0.5572
2014-10-24T00:42:59.277Z,0.0375,0.0543,0.608,0.0863,0.672,0.034,0.0565,0.6558,0.0825,0.555,0.029,0.0493,0.5935,0.0818,0.5665
2014-10-24T00:43:59.608Z,0.0309,0.0506,0.5847,0.0815,0.6285,0.0306,0.0506,0.6309,0.0785,0.5524,0.0247,0.0444,0.5759,0.0774,0.5547
2014-10-24T00:44:59.846Z,0.0335,0.0512,0.5897,0.0835,0.6556,0.0365,0.0574,0.6562,0.085,0.5856,0.0247,0.0447,0.5859,0.0768,0.5353
2014-10-24T00:45:59.436Z,0.035,0.0532,0.5915,0.0838,0.6826,0.0324,0.0509,0.6326,0.0794,0.5985,0.0282,0.0479,0.5932,0.0812,0.5676
2014-10-24T00:46:59.989Z,0.0369,0.0556,0.6117,0.0861,0.6622,0.035,0.0544,0.6428,0.0839,0.6247,0.0283,0.0481,0.5964,0.0817,0.5772
2014-10-24T00:47:59.842Z,0.039,0.0583,0.6169,0.0893,0.671,0.0286,0.0476,0.6128,0.0759,0.5631,0.0272,0.0466,0.5897,0.081,0.5641
2014-10-24T00:48:59.235Z,0.0389,0.0577,0.6169,0.0889,0.6751,0.0326,0.0543,0.6486,0.0837,0.5777,0.0303,0.0477,0.5906,0.0797,0.5931
2014-10-24T00:49:59.773Z,0.0366,0.0545,0.6052,0.0869,0.6624,0.0303,0.0517,0.6348,0.08,0.5552,0.0272,0.0479,0.5886,0.0803,0.5641
2014-10-24T00:50:59.293Z,0.0366,0.0544,0.5991,0.0872,0.6659,0.0316,0.0528,0.6444,0.0788,0.5506,0.0228,0.0431,0.5759,0.0769,0.5028
2014-10-24T00:51:59.815Z,0.0317,0.051,0.5934,0.0828,0.6248,0.0314,0.0531,0.6455,0.0817,0.5638,0.0272,0.0462,0.5817,0.0786,0.5686
2014-10-24T00:52:59.310Z,0.0361,0.0548,0.607,0.087,0.6845,0.0303,0.0509,0.6382,0.0782,0.5364,0.027,0.0479,0.5958,0.0785,0.5539
2014-10-24T00:53:59.987Z,0.035,0.0536,0.5975,0.0844,0.6647,0.0361,0.0572,0.6617,0.085,0.5919,0.0306,0.05,0.6075,0.08,0.5692
2014-10-24T00:54:59.419Z,0.0361,0.0535,0.6029,0.0868,0.6648,0.0368,0.0545,0.6448,0.0835,0.6277,0.0284,0.0461,0.5948,0.0777,0.5777
2014-10-24T00:55:59.772Z,0.0371,0.0563,0.612,0.0877,0.6694,0.0317,0.052,0.6414,0.0797,0.5577,0.0306,0.0503,0.6017,0.0817,0.5714
2014-10-24T00:56:59.135Z,0.0387,0.0573,0.618,0.0887,0.684,0.036,0.0557,0.6577,0.084,0.6183,0.03,0.0507,0.6063,0.083,0.5807
2014-10-24T00:57:59.556Z,0.0359,0.0532,0.5989,0.0852,0.6818,0.0384,0.0589,0.667,0.0857,0.627,0.0284,0.0482,0.5914,0.0798,0.5555
2014-10-24T00:59:59.502Z,0.0355,0.0532,0.5932,0.0853,0.682,0.033,0.0526,0.6427,0.0805,0.5739,0.0274,0.0479,0.5886,0.08,0.5721
