2014-10-16T00:00:59.163Z,0.0397,0.0534,0.6028,0.0876,0.7238,0.0338,0.0534,0.6372,0.0803,0.5555,0.0283,0.0455,0.5738,0.0793,0.5679
2014-10-16T00:01:59.484Z,0.0419,0.0555,0.6181,0.089,0.7339,0.0439,0.0626,0.6716,0.0919,0.6732,0.0294,0.0468,0.5868,0.081,0.5832
2014-10-16T00:02:59.810Z,0.0408,0.0554,0.61,0.0908,0.7254,0.035,0.0538,0.6331,0.0846,0.6454,0.0308,0.0496,0.595,0.0823,0.6104
2014-10-16T00:03:59.127Z,0.0416,0.0557,0.6154,0.0892,0.7281,0.0346,0.0535,0.6397,0.0832,0.6184,0.0305,0.0486,0.5943,0.0808,0.6024
2014-10-16T00:04:59.509Z,0.0443,0.0579,0.6196,0.0925,0.7225,0.0375,0.0564,0.6564,0.0861,0.6396,0.0304,0.0486,0.5893,0.0825,0.6125
2014-10-16T00:05:59.857Z,0.0423,0.058,0.6197,0.0913,0.721,0.0367,0.055,0.6473,0.084,0.6073,0.0327,0.052,0.613,0.0827,0.6183
2014-10-16T00:06:59.078Z,0.0431,0.0565,0.6159,0.0908,0.7359,0.0376,0.0569,0.6567,0.0857,0.6376,0.0325,0.0502,0.6116,0.0822,0.629
2014-10-16T00:07:59.541Z,0.0414,0.0541,0.6017,0.0893,0.739,0.0324,0.0528,0.6383,0.0821,0.5831,0.0314,0.0497,0.6028,0.0814,0.6283
2014-10-16T00:08:59.093Z,0.04,0.055,0.6058,0.0886,0.6961,0.0339,0.0539,0.6439,0.0828,0.5875,0.0311,0.0506,0.5992,0.0814,0.6033
2014-10-16T00:09:59.531Z,0.0415,0.0558,0.6127,0.0894,0.7403,0.0342,0.0555,0.6491,0.0833,0.5848,0.0315,0.05,0.6024,0.0821,0.5976
2014-10-16T00:10:59.860Z,0.0389,0.0526,0.6026,0.0868,0.7084,0.0342,0.0539,0.6363,0.0839,0.6024,0.03,0.0487,0.6018,0.0816,0.595
2014-10-16T00:11:59.207Z,0.0403,0.0526,0.6012,0.0871,0.7191,0.0359,0.0565,0.6521,0.0862,0.6194,0.0306,0.0488,0.5953,0.0821,0.6006
2014-10-16T00:12:59.243Z,0.0395,0.0539,0.6,0.0887,0.7129,0.0345,0.055,0.6487,0.0847,0.6008,0.0297,0.0484,0.5955,0.0813,0.595
2014-10-16T00:13:59.602Z,0.04,0.0544,0.6064,0.0885,0.7215,0.0387,0.0564,0.6449,0.0854,0.6703,0.0323,0.0492,0.6021,0.0808,0.6318
2014-10-16T00:14:59.058Z,0.0377,0.0526,0.5934,0.0866,0.704,0.034,0.0534,0.6314,0.0837,0.5986,0.028,0.046,0.584,0.078,0.6066
2014-10-16T00:15:59.366Z,0.0418,0.0587,0.6255,0.0905,0.7242,0.0363,0.0563,0.6411,0.0858,0.6361,0.0305,0.0495,0.5932,0.0821,0.6053
2014-10-16T00:16:59.709Z,0.0431,0.0571,0.6131,0.0889,0.7491,0.036,0.054,0.6371,0.0831,0.6443,0.0309,0.0506,0.5991,0.0823,0.596
2014-10-16T00:17:59.267Z,0.0381,0.0526,0.5979,0.0867,0.7055,0.034,0.0538,0.641,0.0833,0.6,0.0314,0.05,0.5976,0.0826,0.5983
2014-10-16T00:18:59.547Z,0.0368,0.0521,0.5935,0.0847,0.7044,0.0318,0.0512,0.6324,0.0797,0.6012,0.03,0.0476,0.5935,0.0794,0.5974
2014-10-16T00:19:59.929Z,0.0403,0.0537,0.6029,0.0889,0.7145,0.0395,0.0587,0.6624,0.0871,0.6532,0.0313,0.0487,0.5871,0.0821,0.5979
2014-10-16T00:20:59.273Z,0.0366,0.0516,0.5971,0.0868,0.7029,0.0426,0.0605,0.6718,0.0897,0.6768,0.0274,0.0458,0.5761,0.0792,0.57
2014-10-16T00:21:59.623Z,0.0394,0.0555,0.6142,0.0888,0.6839,0.0282,0.0482,0.6073,0.0791,0.5809,0.0297,0.0479,0.5909,0.08,0.6167
2014-10-16T00:22:59.310Z,0.0407,0.0561,0.6117,0.0888,0.7202,0.0344,0.0522,0.6359,0.0802,0.6051,0.0322,0.0485,0.591,0.0822,0.6202
2014-10-16T00:23:59.824Z,0.0382,0.0539,0.5961,0.087,0.7033,0.0339,0.0545,0.6391,0.0852,0.6082,0.0327,0.0494,0.5973,0.0815,0.6106
2014-10-16T00:24:59.097Z,0.0416,0.0555,0.6084,0.0887,0.7368,0.0355,0.0529,0.6316,0.0839,0.649,0.0313,0.0497,0.6052,0.081,0.611
2014-10-16T00:25:59.482Z,0.0385,0.0551,0.6068,0.0868,0.6988,0.0371,0.0571,0.6505,0.0854,0.6076,0.0256,0.0441,0.5685,0.0778,0.5556
2014-10-16T00:26:59.743Z,0.0403,0.0573,0.6183,0.0883,0.701,0.0313,0.051,0.628,0.0813,0.5797,0.0287,0.0473,0.5767,0.0807,0.5797
2014-10-16T00:27:59.155Z,0.0403,0.0551,0.6077,0.0891,0.7089,0.038,0.058,0.6643,0.0851,0.6211,0.03,0.0474,0.5851,0.0814,0.6111
2014-10-16T00:28:59.492Z,0.0371,0.0515,0.5856,0.0853,0.7106,0.0365,0.0544,0.6388,0.0835,0.6429,0.0315,0.0494,0.605,0.0809,0.6053
2014-10-16T00:29:59.010Z,0.0393,0.0559,0.6124,0.089,0.6886,0.0376,0.0579,0.6652,0.0866,0.6121,0.0297,0.0469,0.5931,0.0793,0.6038
2014-10-16T00:30:59.462Z,0.0388,0.0552,0.6091,0.0885,0.7103,0.0427,0.0615,0.6755,0.0885,0.6658,0.0336,0.0509,0.6067,0.083,0.6242
2014-10-16T00:31:59.755Z,0.0381,0.0521,0.5943,0.0862,0.7048,0.0364,0.055,0.6469,0.0852,0.6169,0.0288,0.0476,0.594,0.079,0.5826
2014-10-16T00:32:59.184Z,0.0357,0.0511,0.5857,0.0864,0.6964,0.0361,0.0554,0.6546,0.0829,0.6296,0.0296,0.0475,0.5861,0.0814,0.5914
2014-10-16T00:33:59.642Z,0.0391,0.0545,0.6027,0.0897,0.7158,0.033,0.0548,0.6361,0.0842,0.5945,0.0309,0.0482,0.5845,0.0824,0.5812
2014-10-16T00:34:59.037Z,0.0386,0.0526,0.6029,0.086,0.7097,0.0426,0.0606,0.672,0.0889,0.6726,0.0269,0.0451,0.5851,0.0774,0.5657
2014-10-16T00:35:59.419Z,0.0376,0.0538,0.6003,0.0868,0.7011,0.0349,0.0546,0.6424,0.0841,0.6232,0.027,0.0454,0.5727,0.0805,0.5757
2014-10-16T00:36:59.911Z,0.0397,0.0548,0.6073,0.0879,0.7045,0.043,0.0606,0.6694,0.0909,0.6652,0.0318,0.0506,0.6097,0.0806,0.62
2014-10-16T00:37:59.325Z,0.0389,0.0546,0.6057,0.0886,0.7082,0.0346,0.0543,0.6379,0.0836,0.6293,0.0286,0.0479,0.5814,0.0818,0.5682
2014-10-16T00:38:59.758Z,0.0379,0.0535,0.5951,0.0874,0.6977,0.036,0.0567,0.65,0.0867,0.6291,0.0291,0.0491,0.5877,0.0823,0.5756
2014-10-16T00:39:59.067Z,0.04,0.0542,0.5996,0.0885,0.7358,0.0354,0.0523,0.625,0.0827,0.6446,0.0265,0.0431,0.5796,0.0762,0.5781
2014-10-16T00:40:59.377Z,0.0413,0.0558,0.6071,0.091,0.7116,0.0348,0.0542,0.6316,0.0848,0.6342,0.0265,0.0445,0.5716,0.0777,0.5577
2014-10-16T00:41:59.758Z,0.0392,0.0541,0.6057,0.0884,0.7097,0.0357,0.0551,0.6419,0.0849,0.6141,0.027,0.0449,0.5684,0.0784,0.5738
2014-10-16T00:42:59.081Z,0.0376,0.0521,0.6055,0.0867,0.7221,0.0376,0.057,0.6509,0.0858,0.6345,0.0291,0.0485,0.5879,0.0812,0.5703
2014-10-16T00:43:59.429Z,0.0403,0.0536,0.6106,0.0875,0.7206,0.0353,0.0556,0.6492,0.0847,0.6125,0.0342,0.0531,0.6131,0.0825,0.6192
2014-10-16T00:44:59.930Z,0.0397,0.0546,0.6126,0.0889,0.6943,0.0351,0.0554,0.6429,0.0837,0.6297,0.03,0.0477,0.5931,0.0806,0.594
2014-10-16T00:45:59.278Z,0.0445,0.0624,0.6359,0.0928,0.6993,0.0345,0.0562,0.6459,0.0866,0.6152,0.0262,0.0438,0.5638,0.0779,0.5538
2014-10-16T00:46:59.700Z,0.0369,0.0522,0.5909,0.0878,0.6903,0.0316,0.0506,0.6356,0.0784,0.6003,0.0269,0.0459,0.5722,0.0791,0.5747
2014-10-16T00:47:59.181Z,0.0393,0.0546,0.6032,0.0886,0.7089,0.035,0.0543,0.64,0.0832,0.6261,0.0282,0.0461,0.5896,0.0789,0.5818
2014-10-16T00:48:59.558Z,0.0376,0.0549,0.6057,0.0886,0.6697,0.0357,0.0551,0.6511,0.0841,0.6186,0.0346,0.0511,0.6176,0.0816,0.6238
2014-10-16T00:49:59.020Z,0.0362,0.0521,0.5933,0.0851,0.6777,0.0359,0.0544,0.6441,0.0826,0.6313,0.031,0.0503,0.6115,0.0823,0.5949
2014-10-16T00:50:59.301Z,0.0428,0.0556,0.6166,0.0897,0.7319,0.0359,0.0566,0.6525,0.0853,0.6294,0.0294,0.0472,0.5963,0.08,0.5984
2014-10-16T00:51:59.658Z,0.0388,0.0543,0.6015,0.0872,0.721,0.037,0.0553,0.6467,0.0842,0.627,0.032,0.0508,0.6042,0.0833,0.6132
2014-10-16T00:52:59.076Z,0.0439,0.0586,0.6207,0.0918,0.7329,0.0393,0.0568,0.6511,0.0868,0.6482,0.0307,0.0479,0.5854,0.0814,0.6107
2014-10-16T00:53:59.501Z,0.0398,0.0561,0.6139,0.0888,0.71,0.0351,0.0549,0.6378,0.0839,0.6234,0.0302,0.0483,0.5907,0.081,0.6049
2014-10-16T00:54:59.617Z,0.0394,0.055,0.6118,0.0894,0.7126,0.0403,0.0597,0.6665,0.0888,0.6297,0.0268,0.045,0.5762,0.0779,0.5809
2014-10-16T00:55:59.144Z,0.0368,0.0519,0.5932,0.0852,0.7126,0.0358,0.0555,0.6494,0.0848,0.6026,0.0316,0.0497,0.6084,0.0816,0.6171
2014-10-16T00:56:59.529Z,0.0413,0.0572,0.6185,0.0892,0.6974,0.0374,0.0574,0.6549,0.0851,0.6356,0.0303,0.0467,0.5828,0.0813,0.6123
2014-10-16T00:57:59.881Z,0.0377,0.0527,0.6008,0.0877,0.6985,0.0369,0.055,0.6488,0.0858,0.6304,0.0254,0.0431,0.5738,0.0758,0.5692
2014-10-16T00:58:59.212Z,0.0357,0.0514,0.5889,0.085,0.6682,0.0318,0.0511,0.6268,0.0811,0.6175,0.0289,0.0461,0.5914,0.0793,0.5932
2014-10-16T00:59:59.622Z,0.0396,0.055,0.6043,0.0893,0.7189,0.0339,0.0525,0.6311,0.0821,0.615,0.0304,0.0471,0.5932,0.0779,0.6257
