2014-11-05T00:00:59.481Z,3.6765,20.6028,229.9753,0.0899,0.1789,-5.4924,19.8555,230.5425,0.0868,-0.2764,10.1791,23.7691,232.8794,0.1014,0.43
2014-11-05T00:01:59.683Z,3.4552,20.7255,229.8818,0.0901,0.1663,-5.5998,20.1918,230.4168,0.088,-0.2777,9.9305,23.9543,233.1169,0.1031,0.4155
2014-11-05T00:02:59.240Z,3.5482,20.5351,230.1195,0.0896,0.1734,-5.3373,19.572,230.1877,0.0847,-0.2716,10.1134,23.3627,233.2597,0.0999,0.4338
2014-11-05T00:03:59.807Z,3.5848,20.5399,229.5716,0.089,0.1744,-5.5105,19.7541,230.0668,0.0857,-0.2782,10.2065,23.2853,233.4696,0.0997,0.4394
2014-11-05T00:04:59.069Z,3.6046,20.673,229.9491,0.0899,0.1754,-5.4398,19.376,230.3328,0.0841,-0.2799,10.1759,23.8331,234.2726,0.1012,0.4284
2014-11-05T00:05:59.470Z,3.7441,20.8521,230.0612,0.0905,0.1802,-5.1513,19.4883,230.5631,0.0847,-0.2635,10.2512,23.764,234.3946,0.1011,0.4319
2014-11-05T00:06:59.671Z,3.5028,20.7285,230.2727,0.0901,0.1691,-5.5144,19.9994,230.7804,0.0871,-0.276,10.2006,23.7694,234.3145,0.1013,0.4293
2014-11-05T00:07:59.888Z,3.6539,20.8713,231.545,0.0902,0.1749,-5.738,20.3013,231.3113,0.0876,-0.2824,10.109,24.0832,234.1228,0.1033,0.4198
2014-11-05T00:08:59.190Z,3.8326,20.961,232.1561,0.0913,0.183,-5.7683,19.9801,232.0628,0.0861,-0.2884,10.1631,23.8686,234.4354,0.1019,0.4262
2014-11-05T00:09:59.403Z,3.6377,20.9365,232.3028,0.0906,0.1743,-5.7172,19.8479,232.4476,0.086,-0.2855,10.032,24.2673,234.6881,0.1034,0.415
2014-11-05T00:10:59.846Z,3.4952,21.0861,231.1043,0.0914,0.1663,-5.6336,20.1498,232.403,0.0867,-0.2794,10.2402,24.3104,234.5549,0.1036,0.4213
2014-11-05T00:11:59.992Z,3.5065,20.9633,230.9338,0.0906,0.1678,-5.6845,20.4137,231.762,0.0883,-0.2779,9.9641,24.0204,234.3831,0.1023,0.4149
2014-11-05T00:12:59.134Z,3.6945,21.0877,231.5178,0.0912,0.1751,-5.8075,20.0251,231.5563,0.0872,-0.2896,10.0387,24.1467,234.4396,0.1035,0.4163
2014-11-05T00:13:59.596Z,3.4848,21.1299,231.5934,0.0914,0.1659,-5.7566,20.2072,231.7004,0.0875,-0.2847,10.398,24.5416,234.86,0.1043,0.4243
2014-11-05T00:14:59.853Z,3.7645,21.2734,232.3604,0.0918,0.1778,-5.6517,20.0236,231.3382,0.0867,-0.2826,10.375,24.5962,235.7119,0.1041,0.4224
2014-11-05T00:15:59.179Z,3.7816,21.2688,231.9632,0.0918,0.1778,-5.5475,20.1852,231.2895,0.0876,-0.2742,10.1256,24.3743,235.5382,0.1034,0.4159
2014-11-05T00:16:59.446Z,3.4681,20.9159,231.7582,0.0906,0.166,-5.8846,20.2957,231.7286,0.0883,-0.2899,10.3285,24.435,235.0833,0.1037,0.4231
2014-11-05T00:17:59.625Z,3.9959,21.1286,232.1957,0.0915,0.1911,-5.5468,20.2835,231.5476,0.0881,-0.2743,10.3457,24.3119,235.1597,0.1031,0.4255
2014-11-05T00:18:59.935Z,3.8962,21.0063,232.5538,0.0909,0.1877,-5.4602,20.0519,231.8543,0.087,-0.2716,10.2731,24.1736,235.3251,0.1026,0.4254
2014-11-05T00:19:59.148Z,3.6942,21.0228,232.6128,0.0908,0.1756,-5.646,20.153,232.291,0.0869,-0.2797,10.2538,24.4201,235.6799,0.1037,0.4209
2014-11-05T00:20:59.416Z,3.7161,21.2771,232.6394,0.0909,0.1747,-5.6939,20.2804,232.5434,0.0867,-0.2811,10.2712,24.2019,235.2862,0.1029,0.4243
2014-11-05T00:21:59.822Z,3.651,21.033,232.6577,0.0909,0.1737,-5.9212,20.6732,232.6009,0.0895,-0.2867,10.2412,24.4768,235.561,0.1036,0.4188
2014-11-05T00:22:59.088Z,3.3443,20.9208,233.1033,0.0901,0.16,-5.7702,20.3648,232.6356,0.0877,-0.2832,10.1741,24.3061,235.2129,0.103,0.4188
2014-11-05T00:23:59.311Z,3.6401,21.1498,233.7062,0.0906,0.1714,-5.9189,20.1635,230.6756,0.0876,-0.2924,9.7988,24.1978,235.3911,0.1022,0.406
2014-11-05T00:24:59.411Z,3.4889,20.9472,233.4022,0.09,0.1663,-5.8981,19.8552,229.8139,0.0869,-0.2955,9.8497,23.892,235.0859,0.1014,0.4129
2014-11-05T00:25:59.532Z,3.24,21.1001,232.6531,0.0911,0.1523,-5.7422,20.0321,232.0945,0.087,-0.2861,10.1096,23.6351,233.5981,0.1014,0.4283
2014-11-05T00:26:59.674Z,3.0016,20.6518,232.2578,0.089,0.144,-5.5528,20.3173,232.8373,0.0876,-0.2743,9.9329,23.9212,233.3816,0.1024,0.4164
2014-11-05T00:27:59.903Z,2.99,21.0449,232.1928,0.091,0.143,-5.2926,20.3663,233.1228,0.0872,-0.2591,10.148,23.8252,233.6114,0.1015,0.4263
2014-11-05T00:28:59.062Z,2.9374,20.6516,231.8913,0.0885,0.1435,-5.4635,20.158,233.4497,0.087,-0.2698,10.1674,23.6814,233.7101,0.1015,0.4304
2014-11-05T00:29:59.168Z,3.0901,20.786,232.5218,0.0895,0.149,-5.4741,19.911,233.2772,0.0855,-0.274,10.0163,23.6536,233.6366,0.1015,0.4243
2014-11-05T00:30:59.737Z,3.3396,20.5244,231.4811,0.0887,0.1623,-5.772,20.5067,233.314,0.0878,-0.2816,9.9719,23.9513,233.3714,0.1025,0.4173
2014-11-05T00:31:59.003Z,3.2543,20.6654,230.8211,0.0903,0.1554,-5.8012,20.6072,233.5094,0.0886,-0.282,10.1567,24.029,234.0245,0.1022,0.423
2014-11-05T00:32:59.188Z,3.0344,20.8603,230.75,0.0905,0.1461,-5.5626,20.5789,233.4611,0.0881,-0.2704,10.2897,24.3127,234.8336,0.1034,0.4237
2014-11-05T00:33:59.310Z,2.9452,20.8374,231.2756,0.0898,0.1419,-5.491,20.0645,233.4997,0.0863,-0.2723,10.0791,23.7887,235.0596,0.1009,0.4252
2014-11-05T00:34:59.668Z,3.221,20.8499,232.2041,0.09,0.1545,-5.4244,20.2082,233.3001,0.0868,-0.2671,10.2154,24.106,234.9686,0.1023,0.425
2014-11-05T00:35:59.956Z,3.3754,21.1213,233.062,0.0907,0.1599,-5.8453,20.198,231.1921,0.088,-0.2891,10.101,24.3516,235.5054,0.1034,0.4154
2014-11-05T00:36:59.704Z,3.2781,20.9035,232.6011,0.0895,0.1578,-5.8841,20.3744,231.6589,0.0886,-0.2884,10.3087,24.2468,235.3555,0.1032,0.4255
2014-11-05T00:37:59.894Z,3.5495,21.095,232.6666,0.091,0.1684,-5.6879,20.624,232.6468,0.0889,-0.2769,10.2688,24.5773,236.0185,0.1035,0.4179
2014-11-05T00:38:59.128Z,3.6796,21.2518,232.7065,0.0915,0.1734,-5.658,20.0554,232.5974,0.0861,-0.2809,10.4151,24.3736,236.0657,0.103,0.4288
2014-11-05T00:39:59.336Z,3.4174,21.1328,232.4949,0.0907,0.1622,-5.6512,20.3348,232.8189,0.0866,-0.2772,10.3296,24.5468,235.9464,0.1034,0.4207
2014-11-05T00:40:59.523Z,3.6343,21.078,232.54,0.0903,0.1728,-5.4856,20.3263,233.0148,0.088,-0.2697,10.2577,24.301,235.7315,0.1028,0.4231
2014-11-05T00:41:59.806Z,3.6687,21.2193,231.8735,0.0915,0.172,-5.8761,20.2536,232.9299,0.0872,-0.2895,9.9932,24.2967,235.054,0.1032,0.4119
2014-11-05T00:42:59.152Z,3.6603,21.1605,231.773,0.0914,0.1739,-5.6339,20.3163,232.5112,0.0872,-0.2778,10.2996,24.328,234.9132,0.1033,0.4242
2014-11-05T00:43:59.465Z,3.6232,21.0083,232.008,0.0903,0.1722,-5.7339,20.2865,232.4226,0.0868,-0.2808,10.1265,24.4024,234.9392,0.1038,0.4164
2014-11-05T00:44:59.588Z,3.4919,21.0118,231.6474,0.0904,0.1666,-5.8035,19.9484,232.8737,0.0855,-0.2904,10.2085,24.2828,235.1703,0.1026,0.4216
2014-11-05T00:45:59.861Z,3.6047,21.164,231.9703,0.0915,0.1707,-5.6816,20.0265,232.8249,0.086,-0.2828,10.4131,24.299,235.2076,0.1032,0.428
2014-11-05T00:46:59.989Z,3.7116,21.2306,231.8501,0.0912,0.1751,-5.7807,20.2918,232.9835,0.0876,-0.2853,10.1636,24.3101,235.2784,0.103,0.4186
2014-11-05T00:47:59.125Z,3.5096,20.914,231.4239,0.0904,0.1667,-5.7849,20.473,233.1429,0.0883,-0.2825,10.1998,24.3497,235.6778,0.1033,0.4195
2014-11-05T00:48:59.588Z,3.7612,21.1566,231.6937,0.0916,0.1778,-5.7315,20.5683,232.9821,0.0884,-0.2786,10.3412,24.5666,235.4577,0.104,0.4209
2014-11-05T00:49:59.841Z,3.6257,21.1488,231.5486,0.0917,0.1713,-5.6673,20.2957,233.0789,0.0873,-0.2797,10.0932,24.1821,235.3927,0.1023,0.4182
2014-11-05T00:50:59.921Z,3.6187,21.069,232.1217,0.0914,0.1723,-5.9247,20.1376,233.1509,0.0868,-0.2936,10.295,24.1321,235.8552,0.1016,0.4276
2014-11-05T00:51:59.112Z,3.5425,21.1204,232.7065,0.0907,0.1683,-5.8136,20.5729,233.7355,0.0879,-0.2821,10.2988,24.4851,235.9217,0.1032,0.4216
2014-11-05T00:52:59.532Z,3.7031,21.3305,233.1655,0.0916,0.1741,-5.6622,20.5327,233.602,0.0878,-0.2763,10.2045,24.4328,235.7719,0.1032,0.4186
2014-11-05T00:53:59.731Z,3.2746,21.0728,232.4943,0.0909,0.1564,-5.6864,20.4314,232.7811,0.0878,-0.2783,10.1771,23.922,234.1947,0.1015,0.4259
2014-11-05T00:54:59.875Z,3.0722,20.9694,232.297,0.0896,0.1473,-5.4551,20.1801,232.9651,0.0866,-0.2696,10.1732,24.1468,234.1677,0.1031,0.4227
2014-11-05T00:55:59.352Z,3.0539,20.8951,232.1332,0.0901,0.1465,-5.6139,20.1927,232.383,0.087,-0.278,10.092,23.9748,233.8041,0.1017,0.4213
2014-11-05T00:56:59.603Z,3.0996,20.9154,231.7089,0.0904,0.1486,-5.4434,20.2688,231.9903,0.088,-0.2695,10.0195,23.8656,233.4426,0.1021,0.4203
2014-11-05T00:57:59.047Z,3.0203,20.8368,230.4601,0.0909,0.1455,-5.7359,20.4378,231.9966,0.0881,-0.2808,10.1743,24.1552,233.4839,0.1035,0.4211
2014-11-05T00:58:59.223Z,3.0086,20.7344,230.3338,0.0904,0.1451,-5.8237,20.1865,231.6756,0.0877,-0.2885,9.8895,23.7068,233.0995,0.1017,0.4179
2014-11-05T00:59:59.469Z,2.9731,20.241,229.5385,0.0882,0.1476,-5.2478,19.6269,231.1114,0.0855,-0.2663,10.4191,23.4847,232.7161,0.1006,0.4448
