2014-09-18T00:00:59.998Z,0.0369,0.0506,0.5897,0.0864,0.71,0.0428,0.0628,0.6792,0.0908,0.6711,0.03,0.05,0.6031,0.0811,0.5844
2014-09-18T00:01:59.148Z,0.0458,0.0605,0.6353,0.0935,0.7058,0.0428,0.064,0.6814,0.0914,0.6442,0.034,0.053,0.6193,0.0833,0.6035
2014-09-18T00:02:59.567Z,0.0373,0.0496,0.5877,0.0881,0.7088,0.0392,0.0604,0.6592,0.0915,0.6396,0.0265,0.0458,0.6015,0.0762,0.5458
2014-09-18T00:03:59.753Z,0.0393,0.0531,0.609,0.089,0.7324,0.0334,0.0562,0.6448,0.0862,0.6028,0.0269,0.0469,0.5959,0.0772,0.5503
2014-09-18T00:04:59.810Z,0.042,0.0563,0.6202,0.0902,0.6875,0.0395,0.0603,0.6695,0.0878,0.6432,0.032,0.0523,0.617,0.083,0.5937
2014-09-18T00:05:59.913Z,0.047,0.0596,0.6322,0.0935,0.7513,0.037,0.0591,0.6643,0.0874,0.6187,0.0317,0.0509,0.6174,0.0809,0.6148
2014-09-18T00:06:59.207Z,0.0395,0.0546,0.6043,0.0916,0.6886,0.0386,0.0608,0.6765,0.0881,0.6322,0.0359,0.0568,0.6405,0.0851,0.6219
2014-09-18T00:07:59.258Z,0.0409,0.0553,0.6097,0.0909,0.7076,0.0391,0.0606,0.6621,0.0882,0.6276,0.0315,0.0506,0.6153,0.0803,0.5982
2014-09-18T00:08:59.350Z,0.0412,0.0553,0.6141,0.0912,0.7132,0.0324,0.0556,0.6426,0.085,0.5721,0.0279,0.05,0.6124,0.0815,0.5547
2014-09-18T00:09:59.648Z,0.0419,0.0537,0.6085,0.0896,0.7311,0.0356,0.0563,0.6463,0.0863,0.6174,0.0296,0.0485,0.6107,0.0789,0.6015
2014-09-18T00:10:59.735Z,0.0443,0.0574,0.6323,0.0917,0.7343,0.0386,0.0577,0.6631,0.0866,0.6251,0.0314,0.05,0.6089,0.082,0.598
2014-09-18T00:11:59.904Z,0.0419,0.0554,0.6235,0.0896,0.72,0.0385,0.0604,0.6685,0.0885,0.6381,0.03,0.0488,0.6138,0.0788,0.5885
2014-09-18T00:12:59.042Z,0.0459,0.0598,0.639,0.0944,0.7337,0.0444,0.0659,0.7002,0.0915,0.6595,0.0334,0.0524,0.6215,0.0824,0.6288
2014-09-18T00:13:59.641Z,0.0387,0.0528,0.6079,0.0882,0.6956,0.0436,0.0641,0.6821,0.0931,0.67,0.0323,0.0518,0.6164,0.0831,0.6026
2014-09-18T00:14:59.712Z,0.0405,0.0558,0.6125,0.09,0.6965,0.0385,0.0603,0.679,0.0877,0.6242,0.0318,0.0513,0.619,0.0823,0.596
2014-09-18T00:15:59.814Z,0.0445,0.0583,0.6326,0.0914,0.7326,0.0388,0.0617,0.6748,0.0886,0.6217,0.0336,0.0517,0.6193,0.084,0.6164
2014-09-18T00:16:59.865Z,0.0415,0.0555,0.619,0.0902,0.7005,0.039,0.0618,0.679,0.0892,0.6053,0.032,0.0513,0.6235,0.0815,0.5785
2014-09-18T00:17:59.037Z,0.0445,0.0594,0.6406,0.0932,0.7239,0.0374,0.0597,0.6661,0.0887,0.6158,0.0287,0.0487,0.6097,0.0794,0.5745
2014-09-18T00:18:59.187Z,0.0413,0.054,0.609,0.0913,0.717,0.0353,0.056,0.6473,0.086,0.6007,0.0307,0.0507,0.612,0.082,0.576
2014-09-18T00:19:59.244Z,0.04,0.0545,0.6052,0.0897,0.7069,0.0372,0.0579,0.6493,0.089,0.6338,0.0317,0.0503,0.6121,0.081,0.5907
2014-09-18T00:20:59.332Z,0.0371,0.0521,0.6015,0.0874,0.6765,0.0409,0.0626,0.6874,0.09,0.6353,0.0312,0.0506,0.615,0.0815,0.5797
2014-09-18T00:21:59.397Z,0.0381,0.0528,0.6044,0.0894,0.6888,0.0369,0.0594,0.6616,0.0878,0.6213,0.0322,0.0519,0.6128,0.0831,0.5919
2014-09-18T00:22:59.536Z,0.0421,0.0538,0.6086,0.0897,0.7334,0.0403,0.0624,0.6793,0.09,0.6414,0.03,0.0486,0.6069,0.0803,0.5786
2014-09-18T00:23:59.643Z,0.0407,0.0543,0.6113,0.0903,0.7097,0.0393,0.059,0.662,0.0873,0.642,0.0283,0.0467,0.607,0.0773,0.577
2014-09-18T00:24:59.796Z,0.039,0.0514,0.5907,0.089,0.7169,0.04,0.06,0.6521,0.0893,0.649,0.0276,0.0462,0.5845,0.0769,0.5766
2014-09-18T00:25:59.851Z,0.035,0.05,0.5877,0.0863,0.6567,0.039,0.0597,0.656,0.0897,0.626,0.035,0.0543,0.6293,0.084,0.6253
2014-09-18T00:26:59.260Z,0.0388,0.0519,0.5954,0.0892,0.7196,0.0354,0.0585,0.6515,0.0877,0.6108,0.03,0.0492,0.6081,0.0804,0.5731
2014-09-18T00:27:59.450Z,0.0378,0.0511,0.6007,0.0878,0.6626,0.0381,0.0578,0.6567,0.087,0.6315,0.0296,0.0485,0.6111,0.0789,0.5841
2014-09-18T00:28:59.524Z,0.0403,0.0561,0.6184,0.0903,0.6953,0.04,0.0613,0.6774,0.0897,0.6297,0.0295,0.0503,0.6047,0.0811,0.5784
2014-09-18T00:29:59.663Z,0.0442,0.0579,0.6273,0.093,0.7273,0.0361,0.0573,0.6545,0.0873,0.6055,0.0294,0.0491,0.6115,0.0788,0.5712
2014-09-18T00:30:59.821Z,0.0382,0.0511,0.6029,0.0879,0.7057,0.0357,0.0582,0.6575,0.0886,0.6,0.0254,0.045,0.5868,0.0771,0.5611
2014-09-18T00:31:59.007Z,0.0429,0.0554,0.6175,0.0921,0.7325,0.035,0.0543,0.6411,0.0843,0.6129,0.0289,0.0486,0.5993,0.08,0.5661
2014-09-18T00:32:59.007Z,0.0403,0.0538,0.6043,0.0903,0.7216,0.0378,0.0589,0.663,0.0873,0.6068,0.0297,0.05,0.6019,0.0816,0.577
2014-09-18T00:33:59.197Z,0.0377,0.0513,0.5984,0.0865,0.6832,0.0377,0.059,0.6671,0.0871,0.6268,0.0294,0.0494,0.6019,0.08,0.569
2014-09-18T00:34:59.257Z,0.04,0.0538,0.6027,0.0885,0.7204,0.0373,0.0604,0.6577,0.09,0.6177,0.0265,0.0469,0.5908,0.0785,0.5581
2014-09-18T00:35:59.448Z,0.0411,0.055,0.6186,0.0889,0.7204,0.0371,0.0589,0.6664,0.0879,0.6314,0.0314,0.0518,0.6143,0.0825,0.605
2014-09-18T00:36:59.504Z,0.0397,0.0534,0.5995,0.0892,0.6839,0.0395,0.0611,0.6718,0.0897,0.635,0.0318,0.0516,0.6187,0.0832,0.5858
2014-09-18T00:37:59.896Z,0.0416,0.0539,0.6123,0.0897,0.7226,0.0368,0.0574,0.66,0.0848,0.589,0.0287,0.0474,0.5939,0.0797,0.5703
2014-09-18T00:38:59.046Z,0.0419,0.0565,0.6165,0.0919,0.7185,0.0304,0.0519,0.6427,0.0804,0.5723,0.0358,0.0542,0.6369,0.0835,0.6138
2014-09-18T00:39:59.268Z,0.0406,0.0553,0.6132,0.0918,0.6991,0.0347,0.0568,0.655,0.085,0.5871,0.03,0.0503,0.6129,0.0806,0.5747
2014-09-18T00:40:59.327Z,0.0434,0.0552,0.6145,0.0917,0.7348,0.0334,0.0559,0.64,0.0866,0.5772,0.0297,0.0483,0.6038,0.079,0.5803
2014-09-18T00:41:59.467Z,0.04,0.0555,0.6148,0.09,0.7052,0.0379,0.0579,0.6573,0.0873,0.6315,0.0279,0.0479,0.5955,0.0794,0.5897
2014-09-18T00:42:59.574Z,0.0426,0.0561,0.6155,0.0923,0.7097,0.0394,0.0619,0.6768,0.0906,0.6048,0.0313,0.0506,0.6152,0.0797,0.5806
2014-09-18T00:43:59.789Z,0.0388,0.0522,0.5966,0.0884,0.6872,0.0397,0.06,0.6725,0.0897,0.6237,0.0344,0.0534,0.6281,0.0844,0.6231
2014-09-18T00:44:59.850Z,0.0379,0.0518,0.5958,0.0879,0.6939,0.0385,0.06,0.6688,0.0897,0.6109,0.0306,0.05,0.6145,0.08,0.5782
2014-09-18T00:45:59.974Z,0.0424,0.0565,0.6222,0.0922,0.717,0.0354,0.057,0.6635,0.0862,0.5981,0.0324,0.0516,0.6214,0.0822,0.5897
2014-09-18T00:46:59.068Z,0.0404,0.0521,0.6036,0.09,0.7043,0.0336,0.0554,0.6568,0.0839,0.5704,0.0314,0.0514,0.6139,0.0821,0.5775
2014-09-18T00:47:59.122Z,0.0393,0.0527,0.5957,0.09,0.7003,0.0393,0.0607,0.6747,0.0883,0.6353,0.033,0.053,0.6177,0.0837,0.5923
2014-09-18T00:48:59.244Z,0.0411,0.0573,0.6192,0.0919,0.7119,0.0416,0.0619,0.6749,0.0914,0.6592,0.0295,0.0495,0.6076,0.0792,0.5827
2014-09-18T00:49:59.383Z,0.0439,0.0567,0.6228,0.0922,0.7361,0.0372,0.0586,0.6614,0.0867,0.6289,0.0281,0.0475,0.6011,0.0778,0.5806
2014-09-18T00:50:59.473Z,0.0416,0.0567,0.6184,0.0912,0.7165,0.0435,0.066,0.6916,0.094,0.6377,0.0319,0.0512,0.6177,0.0812,0.5802
2014-09-18T00:51:59.593Z,0.0397,0.0539,0.6171,0.0903,0.7094,0.0371,0.0577,0.6555,0.0871,0.6406,0.03,0.0494,0.6177,0.0794,0.609
2014-09-18T00:52:59.677Z,0.0414,0.0557,0.6111,0.0918,0.7207,0.035,0.055,0.6471,0.0864,0.6161,0.0304,0.0482,0.6111,0.0786,0.6046
2014-09-18T00:53:59.765Z,0.0405,0.0551,0.6132,0.089,0.7105,0.0312,0.0534,0.6371,0.0824,0.5495,0.0324,0.0515,0.6156,0.0832,0.6066
2014-09-18T00:54:59.820Z,0.0389,0.0521,0.6039,0.0893,0.6968,0.0371,0.0593,0.6679,0.0882,0.5925,0.0293,0.0486,0.6161,0.0779,0.5829
2014-09-18T00:55:59.998Z,0.0397,0.0541,0.6029,0.0882,0.6894,0.0359,0.0556,0.6526,0.0835,0.5974,0.0297,0.0482,0.6106,0.0791,0.585
2014-09-18T00:56:59.172Z,0.0415,0.0561,0.6195,0.091,0.6927,0.0407,0.0617,0.6807,0.0885,0.639,0.0354,0.0546,0.6417,0.0834,0.6093
2014-09-18T00:57:59.426Z,0.0379,0.0517,0.5893,0.089,0.7141,0.0393,0.0617,0.6759,0.0917,0.6303,0.0276,0.0469,0.5983,0.0769,0.5679
2014-09-18T00:58:59.561Z,0.0374,0.0529,0.6031,0.086,0.676,0.0394,0.0597,0.6663,0.0886,0.6443,0.0277,0.0477,0.5914,0.0786,0.572
2014-09-18T00:59:59.779Z,0.0403,0.0527,0.6033,0.089,0.717,0.0347,0.0563,0.6417,0.0863,0.6033,0.0273,0.0467,0.5947,0.0787,0.5393
