2014-10-10T00:00:59.983Z,0.025,0.0397,0.5424,0.0706,0.5312,0.0126,0.0332,0.5612,0.0582,0.2894,0.0221,0.0409,0.525,0.0729,0.5353
2014-10-10T00:01:59.402Z,0.0309,0.0447,0.5588,0.077,0.6284,0.0198,0.0384,0.5835,0.064,0.413,0.0212,0.0398,0.527,0.0735,0.5337
2014-10-10T00:02:59.847Z,0.0218,0.0382,0.5361,0.0673,0.4915,0.0136,0.0342,0.5742,0.0579,0.3388,0.0194,0.0379,0.4948,0.0721,0.5127
2014-10-10T00:03:59.222Z,0.027,0.0412,0.5555,0.0709,0.53,0.0091,0.0309,0.563,0.0542,0.2724,0.0185,0.0388,0.5097,0.0721,0.4812
2014-10-10T00:04:59.502Z,0.025,0.0397,0.5403,0.0706,0.5444,0.0164,0.0353,0.5781,0.0603,0.3567,0.0211,0.0403,0.5197,0.0733,0.5297
2014-10-10T00:05:59.900Z,0.0235,0.0388,0.5468,0.0691,0.5244,0.0156,0.0371,0.5885,0.0606,0.3674,0.0209,0.0394,0.5144,0.0715,0.5162
2014-10-10T00:06:59.256Z,0.0237,0.0392,0.5416,0.0692,0.5147,0.0129,0.0345,0.5742,0.0584,0.3487,0.0203,0.0405,0.5255,0.0732,0.5045
2014-10-10T00:07:59.048Z,0.0282,0.0405,0.5603,0.0726,0.55,0.0153,0.0358,0.5745,0.0624,0.3737,0.0195,0.0397,0.5261,0.0724,0.5189
2014-10-10T00:08:59.394Z,0.0255,0.04,0.5509,0.0682,0.52,0.0127,0.0342,0.5833,0.0585,0.3076,0.0197,0.0394,0.5136,0.0721,0.5079
2014-10-10T00:09:59.752Z,0.027,0.0418,0.5548,0.0725,0.5482,0.0148,0.0365,0.5833,0.0608,0.3592,0.0208,0.0403,0.5275,0.074,0.5055
2014-10-10T00:10:59.032Z,0.0264,0.0406,0.55,0.0697,0.5282,0.0139,0.033,0.5806,0.0561,0.3306,0.0221,0.0418,0.5364,0.0739,0.5294
2014-10-10T00:11:59.522Z,0.0211,0.0372,0.5322,0.0661,0.5025,0.0133,0.0339,0.5789,0.0581,0.3272,0.0197,0.0397,0.53,0.0722,0.4922
2014-10-10T00:12:59.870Z,0.0203,0.0352,0.5413,0.0626,0.4574,0.0142,0.0348,0.5955,0.0571,0.3142,0.0213,0.0403,0.5165,0.0739,0.5213
2014-10-10T00:13:59.138Z,0.0309,0.0451,0.57,0.0756,0.6005,0.0153,0.0379,0.5995,0.0619,0.3581,0.0209,0.0412,0.537,0.0735,0.5135
2014-10-10T00:14:59.572Z,0.0224,0.0394,0.5515,0.0671,0.4862,0.0124,0.0341,0.5812,0.0582,0.3006,0.0203,0.04,0.5271,0.0744,0.5065
2014-10-10T00:15:59.382Z,0.0265,0.0423,0.5537,0.0733,0.5742,0.0167,0.0377,0.5853,0.0637,0.3844,0.0219,0.0402,0.5365,0.074,0.5323
2014-10-10T00:16:59.741Z,0.0244,0.04,0.5539,0.0686,0.5128,0.0133,0.035,0.5925,0.0578,0.3086,0.0236,0.0422,0.5603,0.075,0.5467
2014-10-10T00:17:59.170Z,0.0261,0.0421,0.5567,0.0724,0.5479,0.0158,0.0352,0.5797,0.0612,0.3842,0.0221,0.0406,0.5248,0.0721,0.5388
2014-10-10T00:18:59.764Z,0.024,0.0403,0.5454,0.0709,0.542,0.0174,0.0369,0.5769,0.0623,0.4237,0.0203,0.0411,0.524,0.0734,0.5091
2014-10-10T00:19:59.311Z,0.0212,0.037,0.5312,0.0661,0.48,0.0139,0.0345,0.5842,0.0591,0.3339,0.0194,0.0385,0.5139,0.0724,0.4982
2014-10-10T00:20:59.830Z,0.029,0.0437,0.5646,0.0749,0.5934,0.0144,0.0359,0.5849,0.0598,0.358,0.0215,0.04,0.5283,0.0727,0.5246
2014-10-10T00:21:59.130Z,0.0219,0.0381,0.5342,0.0668,0.4955,0.0145,0.0345,0.5748,0.059,0.3523,0.0203,0.039,0.5023,0.0732,0.5165
2014-10-10T00:22:59.565Z,0.0228,0.0383,0.5393,0.0662,0.4883,0.0145,0.0331,0.571,0.0576,0.3462,0.021,0.0397,0.5207,0.0734,0.5276
2014-10-10T00:23:59.935Z,0.0268,0.041,0.5512,0.0724,0.5446,0.0176,0.0388,0.5873,0.0639,0.3798,0.0222,0.0407,0.5259,0.0729,0.5344
2014-10-10T00:24:59.281Z,0.026,0.0391,0.5389,0.07,0.5763,0.0154,0.0363,0.5766,0.0603,0.3634,0.0203,0.0397,0.5157,0.0729,0.5106
2014-10-10T00:25:59.558Z,0.0205,0.0338,0.5235,0.064,0.478,0.0143,0.0343,0.5742,0.058,0.3193,0.0205,0.0405,0.5195,0.0738,0.512
2014-10-10T00:26:59.777Z,0.02,0.035,0.5354,0.0635,0.4469,0.0112,0.0312,0.5785,0.0531,0.2919,0.0204,0.0392,0.5127,0.0731,0.5196
2014-10-10T00:27:59.158Z,0.0259,0.0397,0.5472,0.0703,0.53,0.0128,0.0336,0.5777,0.0574,0.3218,0.021,0.0408,0.521,0.0741,0.5151
2014-10-10T00:28:59.870Z,0.0211,0.0362,0.5365,0.0649,0.4786,0.0159,0.0354,0.5754,0.06,0.3789,0.0216,0.0405,0.5246,0.0746,0.5235
2014-10-10T00:29:59.196Z,0.0286,0.0433,0.5567,0.0747,0.603,0.0163,0.037,0.5795,0.0616,0.393,0.023,0.0426,0.5351,0.0747,0.5409
2014-10-10T00:30:59.709Z,0.0243,0.0389,0.5491,0.066,0.514,0.0134,0.0329,0.566,0.0563,0.3623,0.0191,0.0406,0.518,0.0731,0.4843
2014-10-10T00:31:59.080Z,0.02,0.0348,0.5381,0.0611,0.4504,0.01,0.0293,0.5696,0.0522,0.2452,0.0189,0.0385,0.4956,0.0722,0.4859
2014-10-10T00:32:59.491Z,0.0277,0.0407,0.552,0.07,0.556,0.0117,0.0323,0.5677,0.0557,0.3073,0.0207,0.0397,0.5197,0.072,0.52
2014-10-10T00:33:59.832Z,0.0267,0.0385,0.547,0.0688,0.5667,0.0142,0.0342,0.5833,0.0582,0.3373,0.0215,0.0406,0.5258,0.073,0.5303
2014-10-10T00:34:59.193Z,0.02,0.0339,0.5282,0.0633,0.4655,0.0121,0.0336,0.5609,0.0576,0.2942,0.0203,0.0394,0.5148,0.0721,0.5318
2014-10-10T00:35:59.447Z,0.0255,0.0382,0.5458,0.07,0.5563,0.0134,0.035,0.575,0.0597,0.3424,0.0203,0.0397,0.5229,0.0734,0.5255
2014-10-10T00:36:59.752Z,0.0277,0.0418,0.5554,0.0733,0.559,0.0172,0.0374,0.5821,0.0626,0.4218,0.0213,0.041,0.5195,0.0731,0.5272
2014-10-10T00:37:59.071Z,0.026,0.0394,0.5483,0.0683,0.5371,0.0143,0.0329,0.5666,0.0566,0.364,0.0211,0.0397,0.514,0.0734,0.5269
2014-10-10T00:38:59.360Z,0.0275,0.0392,0.5386,0.0725,0.5992,0.0172,0.0367,0.5825,0.0622,0.4,0.0211,0.0414,0.5214,0.0728,0.5261
2014-10-10T00:39:59.759Z,0.0282,0.0426,0.5592,0.0739,0.5703,0.0163,0.0368,0.5726,0.0618,0.4011,0.0232,0.0416,0.5387,0.0734,0.5497
2014-10-10T00:40:59.982Z,0.0259,0.0405,0.5476,0.0712,0.5522,0.0129,0.0332,0.5659,0.0568,0.3066,0.0222,0.0398,0.5217,0.0732,0.5334
2014-10-10T00:41:59.392Z,0.025,0.037,0.539,0.0667,0.5313,0.015,0.0337,0.5793,0.0577,0.3327,0.0197,0.0387,0.5093,0.0717,0.5137
2014-10-10T00:42:59.762Z,0.0274,0.0413,0.5524,0.0726,0.5721,0.0158,0.0347,0.575,0.0582,0.375,0.0192,0.0395,0.5129,0.0724,0.4992
2014-10-10T00:43:59.140Z,0.0282,0.0425,0.5547,0.0731,0.6065,0.0186,0.039,0.5816,0.0655,0.4069,0.0214,0.0404,0.5243,0.0731,0.539
2014-10-10T00:44:59.382Z,0.0269,0.0414,0.5529,0.0717,0.5609,0.0154,0.0363,0.5897,0.0606,0.3583,0.02,0.0383,0.5117,0.0729,0.5
2014-10-10T00:45:59.701Z,0.0243,0.0391,0.5417,0.0677,0.5369,0.0146,0.0346,0.5874,0.0571,0.342,0.0214,0.04,0.5243,0.0731,0.5274
2014-10-10T00:46:59.898Z,0.0279,0.0393,0.5428,0.0719,0.6,0.0158,0.0365,0.5788,0.0616,0.3747,0.02,0.0393,0.5167,0.0742,0.5174
2014-10-10T00:47:59.298Z,0.0271,0.0426,0.5606,0.0716,0.5694,0.0177,0.0352,0.5745,0.0581,0.3823,0.0197,0.0381,0.5032,0.0713,0.4974
2014-10-10T00:48:59.682Z,0.0188,0.0328,0.5288,0.0604,0.4432,0.01,0.0296,0.57,0.0528,0.2712,0.0216,0.0404,0.5184,0.0744,0.5276
2014-10-10T00:49:59.987Z,0.0267,0.04,0.543,0.071,0.554,0.015,0.0337,0.57,0.058,0.333,0.0203,0.0387,0.5027,0.073,0.5017
2014-10-10T00:50:59.399Z,0.0239,0.0388,0.5439,0.0682,0.5115,0.0127,0.033,0.58,0.057,0.3133,0.02,0.0391,0.5106,0.0712,0.5024
2014-10-10T00:51:59.824Z,0.0242,0.0388,0.5439,0.0673,0.5258,0.0167,0.0361,0.5864,0.0585,0.3542,0.0188,0.0388,0.5036,0.0721,0.4955
2014-10-10T00:52:59.175Z,0.0291,0.0439,0.5673,0.0727,0.5624,0.0158,0.0361,0.5776,0.0603,0.3752,0.02,0.0397,0.5127,0.0724,0.5182
2014-10-10T00:53:59.727Z,0.0234,0.0372,0.5431,0.0663,0.5091,0.0113,0.0309,0.5759,0.0528,0.3022,0.02,0.0381,0.5034,0.0725,0.4991
2014-10-10T00:54:59.029Z,0.0261,0.0409,0.5485,0.0709,0.5491,0.0145,0.0352,0.5752,0.0588,0.3148,0.0218,0.0415,0.5318,0.0745,0.5255
2014-10-10T00:55:59.347Z,0.0255,0.0387,0.5526,0.0684,0.5477,0.0113,0.0313,0.5652,0.0529,0.259,0.0187,0.0384,0.5077,0.0742,0.5006
2014-10-10T00:56:59.742Z,0.0231,0.0378,0.5378,0.0675,0.5242,0.0136,0.0344,0.5758,0.0581,0.3181,0.0222,0.0394,0.5231,0.0722,0.5339
2014-10-10T00:57:59.080Z,0.0232,0.0371,0.5376,0.0674,0.5084,0.0132,0.0345,0.5805,0.0592,0.3155,0.0208,0.0411,0.5253,0.0732,0.5195
2014-10-10T00:58:59.455Z,0.0266,0.0417,0.552,0.0717,0.5557,0.0137,0.0354,0.578,0.06,0.3303,0.0214,0.0409,0.5303,0.0743,0.52
2014-10-10T00:59:59.847Z,0.0229,0.0385,0.5385,0.0694,0.5129,0.0144,0.0368,0.5732,0.0606,0.3303,0.0235,0.0418,0.5356,0.0738,0.5453
