2014-10-19T00:00:59.188Z,0.0228,0.0389,0.5461,0.0683,0.5072,0.015,0.0347,0.5853,0.0589,0.3636,0.0219,0.0414,0.535,0.0731,0.5192
2014-10-19T00:01:59.786Z,0.0265,0.0418,0.559,0.0705,0.5482,0.0148,0.0358,0.5802,0.0603,0.3687,0.0198,0.0403,0.5288,0.0728,0.5063
2014-10-19T00:02:59.783Z,0.0218,0.0385,0.5464,0.0661,0.4991,0.0145,0.0348,0.5797,0.0609,0.3627,0.023,0.0424,0.5452,0.0755,0.5421
2014-10-19T00:03:59.115Z,0.022,0.0383,0.5463,0.0673,0.502,0.016,0.037,0.6027,0.0583,0.3687,0.0217,0.041,0.5227,0.0743,0.5317
2014-10-19T00:04:59.581Z,0.0258,0.0425,0.56,0.0714,0.5347,0.0167,0.0367,0.5897,0.0611,0.3772,0.0197,0.0397,0.5214,0.0725,0.5075
2014-10-19T00:05:59.419Z,0.0265,0.0419,0.5549,0.0728,0.5533,0.0179,0.0374,0.5965,0.0616,0.3884,0.0202,0.04,0.5288,0.0733,0.5251
2014-10-19T00:06:59.812Z,0.0277,0.0426,0.554,0.0744,0.5788,0.0177,0.0388,0.5895,0.0633,0.4158,0.0221,0.0405,0.5367,0.0751,0.5249
2014-10-19T00:07:59.241Z,0.026,0.0423,0.565,0.0693,0.5363,0.0133,0.035,0.5877,0.0587,0.3253,0.0213,0.0407,0.5257,0.074,0.5213
2014-10-19T00:08:59.550Z,0.025,0.0384,0.5494,0.0691,0.5375,0.0147,0.0356,0.5803,0.0594,0.3225,0.0206,0.04,0.5263,0.0741,0.5125
2014-10-19T00:09:59.882Z,0.0282,0.0439,0.565,0.0739,0.5747,0.0155,0.035,0.5884,0.0571,0.3676,0.0221,0.04,0.5211,0.0745,0.5266
2014-10-19T00:10:59.583Z,0.024,0.0389,0.5483,0.0683,0.5306,0.0126,0.0331,0.574,0.0566,0.314,0.0203,0.0386,0.5194,0.0734,0.5303
2014-10-19T00:12:59.327Z,0.0251,0.0415,0.5503,0.0721,0.5388,0.0154,0.036,0.5862,0.059,0.3707,0.0213,0.0406,0.5285,0.0744,0.5282
2014-10-19T00:13:59.964Z,0.0253,0.0418,0.5629,0.0694,0.5144,0.0165,0.0371,0.6,0.0591,0.4021,0.0215,0.0418,0.5288,0.0738,0.5141
2014-10-19T00:14:59.395Z,0.0269,0.0417,0.5611,0.0703,0.5429,0.0166,0.0366,0.5854,0.0603,0.388,0.0211,0.04,0.5263,0.0726,0.5149
2014-10-19T00:15:59.723Z,0.0284,0.0438,0.5646,0.0741,0.5797,0.0159,0.0373,0.5795,0.0622,0.3673,0.0205,0.04,0.5173,0.0741,0.5181
2014-10-19T00:16:59.099Z,0.0274,0.0426,0.5653,0.0726,0.5592,0.0179,0.0389,0.5947,0.0632,0.4082,0.0208,0.0413,0.5311,0.0742,0.4971
2014-10-19T00:17:59.629Z,0.026,0.0433,0.567,0.0703,0.5383,0.017,0.0363,0.5813,0.0597,0.3837,0.02,0.0393,0.5163,0.0733,0.5073
2014-10-19T00:18:59.967Z,0.0274,0.0414,0.5511,0.0743,0.5783,0.0166,0.0366,0.588,0.0591,0.3794,0.0191,0.0394,0.5237,0.0711,0.51
2014-10-19T00:19:59.361Z,0.0273,0.0443,0.5646,0.0722,0.5608,0.0168,0.0357,0.5808,0.0597,0.3884,0.0208,0.0414,0.5395,0.0741,0.4941
2014-10-19T00:20:59.756Z,0.0258,0.0413,0.5548,0.0697,0.531,0.0174,0.0368,0.5855,0.0606,0.3687,0.02,0.0406,0.5206,0.0729,0.4981
2014-10-19T00:21:59.123Z,0.0263,0.0418,0.5647,0.0705,0.5368,0.0147,0.0363,0.5908,0.0603,0.3845,0.0213,0.0424,0.5361,0.0747,0.5034
2014-10-19T00:22:59.560Z,0.0276,0.0424,0.56,0.0731,0.5593,0.0153,0.0362,0.5882,0.0613,0.3713,0.0213,0.0422,0.5402,0.074,0.5211
2014-10-19T00:23:59.017Z,0.02,0.0387,0.5419,0.0652,0.4768,0.0142,0.0352,0.58,0.059,0.3432,0.0213,0.0397,0.5255,0.0719,0.5332
2014-10-19T00:24:59.549Z,0.0252,0.0426,0.5536,0.0726,0.5583,0.0155,0.0367,0.5831,0.0617,0.3843,0.021,0.041,0.531,0.0733,0.5195
2014-10-19T00:25:59.986Z,0.026,0.0426,0.5564,0.0714,0.5374,0.0164,0.0383,0.6067,0.0626,0.4105,0.0219,0.041,0.5338,0.074,0.5398
2014-10-19T00:26:59.522Z,0.0245,0.0403,0.5584,0.0682,0.5105,0.0153,0.0347,0.5866,0.0576,0.3724,0.02,0.0397,0.5229,0.0721,0.5016
2014-10-19T00:27:59.925Z,0.0268,0.0426,0.5661,0.07,0.5368,0.0126,0.0303,0.571,0.0516,0.3416,0.0216,0.0403,0.5277,0.0739,0.5374
2014-10-19T00:28:59.333Z,0.0262,0.0415,0.5553,0.0691,0.5429,0.0124,0.0356,0.5776,0.0588,0.3144,0.0206,0.0397,0.5188,0.0738,0.5141
2014-10-19T00:29:59.818Z,0.0232,0.0403,0.5532,0.0682,0.4982,0.0135,0.0341,0.5782,0.0571,0.3406,0.0203,0.0397,0.5241,0.0724,0.5212
2014-10-19T00:30:59.153Z,0.0305,0.0453,0.5726,0.0755,0.6068,0.0197,0.0403,0.6045,0.0658,0.4276,0.0221,0.0408,0.5329,0.0739,0.5292
2014-10-19T00:31:59.483Z,0.0265,0.0416,0.557,0.0716,0.567,0.0146,0.0349,0.5938,0.0568,0.3576,0.0205,0.0386,0.5095,0.0738,0.5059
2014-10-19T00:32:59.191Z,0.0251,0.0429,0.55,0.0731,0.532,0.0149,0.038,0.5902,0.0633,0.3658,0.0231,0.0411,0.542,0.0736,0.554
2014-10-19T00:33:59.636Z,0.0203,0.0387,0.543,0.0653,0.4777,0.0143,0.0343,0.5743,0.059,0.3463,0.0207,0.0393,0.5213,0.072,0.5113
2014-10-19T00:34:59.990Z,0.0263,0.0422,0.5609,0.0703,0.5372,0.0138,0.0334,0.5769,0.0581,0.3366,0.0228,0.0419,0.5384,0.0734,0.5531
2014-10-19T00:35:59.393Z,0.0264,0.0421,0.5636,0.0688,0.5312,0.0155,0.0364,0.5897,0.0588,0.3664,0.0209,0.0403,0.5227,0.0748,0.5245
2014-10-19T00:36:59.998Z,0.0261,0.0408,0.5545,0.0711,0.5529,0.0197,0.0379,0.5903,0.0642,0.4221,0.0208,0.0411,0.5358,0.0729,0.5195
2014-10-19T00:37:59.399Z,0.0206,0.0366,0.5434,0.0647,0.4753,0.015,0.0338,0.5775,0.0581,0.3437,0.0219,0.0403,0.5287,0.0734,0.5275
2014-10-19T00:38:59.838Z,0.0254,0.0397,0.5486,0.0697,0.5486,0.0163,0.036,0.5794,0.06,0.3794,0.0211,0.0406,0.5283,0.0726,0.5131
2014-10-19T00:39:59.257Z,0.0239,0.0386,0.5467,0.0681,0.5214,0.0189,0.0372,0.5864,0.0611,0.4017,0.0236,0.0422,0.5464,0.075,0.5369
2014-10-19T00:40:59.678Z,0.0255,0.041,0.5588,0.069,0.5362,0.0186,0.0381,0.5931,0.0629,0.4083,0.0205,0.0405,0.525,0.0736,0.5043
2014-10-19T00:41:59.043Z,0.0261,0.04,0.5515,0.0702,0.5473,0.0171,0.0373,0.5868,0.061,0.3968,0.0227,0.0415,0.5371,0.0732,0.5363
2014-10-19T00:42:59.489Z,0.0233,0.0397,0.554,0.0667,0.4957,0.0123,0.0347,0.584,0.057,0.2877,0.0197,0.0393,0.5097,0.0727,0.504
2014-10-19T00:43:59.789Z,0.0284,0.0408,0.5538,0.0716,0.5959,0.0159,0.0378,0.5822,0.0616,0.3819,0.0216,0.0403,0.5222,0.0746,0.5381
2014-10-19T00:44:59.343Z,0.0267,0.0428,0.5619,0.0719,0.5411,0.0161,0.0364,0.59,0.06,0.3817,0.0217,0.0422,0.5397,0.0753,0.5072
2014-10-19T00:45:59.939Z,0.0219,0.0393,0.5489,0.0667,0.4967,0.0093,0.0289,0.5719,0.0504,0.2711,0.0204,0.04,0.5181,0.0726,0.4737
2014-10-19T00:46:59.439Z,0.0286,0.0451,0.5746,0.0754,0.5577,0.018,0.0386,0.5891,0.0629,0.4023,0.0203,0.04,0.5311,0.0726,0.496
2014-10-19T00:47:59.874Z,0.0233,0.0403,0.5442,0.0681,0.53,0.0131,0.0333,0.5792,0.0569,0.3383,0.0206,0.0397,0.5242,0.0731,0.5056
2014-10-19T00:48:59.196Z,0.0248,0.0397,0.559,0.0669,0.491,0.0121,0.0324,0.5734,0.0548,0.3314,0.0217,0.04,0.5252,0.0734,0.521
2014-10-19T00:49:59.272Z,0.0258,0.0418,0.5626,0.0716,0.5376,0.0161,0.0374,0.5811,0.0618,0.3866,0.0211,0.0411,0.5279,0.0737,0.5176
2014-10-19T00:50:59.607Z,0.028,0.0443,0.5673,0.0743,0.5723,0.014,0.0355,0.5858,0.0588,0.3495,0.022,0.0413,0.539,0.0753,0.5127
2014-10-19T00:51:59.961Z,0.0249,0.04,0.5551,0.0684,0.5122,0.0146,0.0359,0.5892,0.0584,0.3695,0.0205,0.0392,0.5203,0.0724,0.5108
2014-10-19T00:52:59.514Z,0.0213,0.0377,0.5442,0.0658,0.481,0.0139,0.0329,0.5774,0.0558,0.339,0.0213,0.0413,0.531,0.0735,0.5132
2014-10-19T00:53:59.954Z,0.0222,0.0378,0.5459,0.0653,0.4934,0.0138,0.0338,0.5775,0.0575,0.3419,0.0203,0.0403,0.5319,0.0728,0.5088
2014-10-19T00:54:59.405Z,0.0283,0.0433,0.567,0.072,0.555,0.0127,0.033,0.5773,0.056,0.3383,0.02,0.0403,0.5183,0.0713,0.5023
2014-10-19T00:55:59.870Z,0.0245,0.04,0.5467,0.0707,0.5519,0.0164,0.0374,0.5855,0.0619,0.3631,0.0214,0.0412,0.5326,0.0745,0.5157
2014-10-19T00:56:59.335Z,0.0235,0.0397,0.5474,0.0687,0.4952,0.0123,0.0332,0.5852,0.0584,0.3013,0.0203,0.0387,0.5145,0.0719,0.5074
2014-10-19T00:57:59.117Z,0.025,0.0403,0.5542,0.0703,0.5178,0.0125,0.0325,0.5803,0.0556,0.3122,0.0211,0.0408,0.5306,0.0747,0.5261
2014-10-19T00:58:59.568Z,0.0224,0.0388,0.5465,0.0688,0.5074,0.0144,0.0356,0.5762,0.0594,0.3312,0.0221,0.0424,0.5385,0.0747,0.5335
2014-10-19T00:59:59.343Z,0.0169,0.0353,0.5328,0.0613,0.4106,0.0125,0.0328,0.5803,0.0553,0.2884,0.0209,0.0406,0.5328,0.0728,0.515
2014-10-19T01:00:59.814Z,0.0272,0.0432,0.5596,0.0728,0.5638,0.0155,0.0381,0.5934,0.0623,0.376,0.0219,0.0415,0.5366,0.0743,0.5353
2014-10-19T01:01:59.294Z,0.025,0.0393,0.551,0.0677,0.527,0.0127,0.034,0.582,0.056,0.3027,0.0233,0.0433,0.5427,0.075,0.5353
2014-10-19T01:02:59.815Z,0.0244,0.0412,0.5535,0.0694,0.5009,0.0153,0.0362,0.5974,0.0591,0.3468,0.0209,0.0409,0.5335,0.0726,0.5232
2014-10-19T01:03:59.930Z,0.0221,0.0397,0.5464,0.0664,0.4839,0.013,0.0333,0.5776,0.0542,0.3397,0.0209,0.0403,0.5327,0.073,0.5164
2014-10-19T01:04:59.303Z,0.0272,0.0428,0.57,0.0706,0.5369,0.0119,0.0319,0.5688,0.0544,0.3322,0.0209,0.04,0.5234,0.0738,0.5222
2014-10-19T01:05:59.718Z,0.0239,0.0397,0.5474,0.0687,0.5103,0.0139,0.0358,0.5881,0.0584,0.3368,0.0219,0.0423,0.539,0.0726,0.5342
2014-10-19T01:06:59.351Z,0.0248,0.0409,0.5585,0.0673,0.5258,0.0148,0.0348,0.5864,0.0609,0.3639,0.0215,0.0418,0.5367,0.0748,0.5227
2014-10-19T01:07:59.791Z,0.0274,0.0418,0.5495,0.0721,0.5885,0.0133,0.0351,0.5792,0.0587,0.3544,0.0213,0.0413,0.5392,0.0749,0.5141
2014-10-19T01:08:59.241Z,0.0241,0.0405,0.5549,0.069,0.5332,0.0159,0.0371,0.5941,0.06,0.3385,0.0232,0.042,0.5393,0.0751,0.5307
2014-10-19T01:09:59.710Z,0.0252,0.0412,0.5581,0.0721,0.544,0.0176,0.0379,0.5957,0.0633,0.3731,0.0224,0.0424,0.5495,0.0743,0.5226
2014-10-19T01:10:59.125Z,0.0258,0.0406,0.5517,0.0706,0.5536,0.015,0.0353,0.5864,0.0592,0.3717,0.0231,0.0419,0.5397,0.0753,0.5528
2014-10-19T01:11:59.075Z,0.02,0.0369,0.5425,0.0628,0.4534,0.0172,0.0359,0.5859,0.0591,0.3556,0.0241,0.0441,0.5509,0.0763,0.5484
2014-10-19T01:12:59.613Z,0.0246,0.0389,0.5492,0.0684,0.5411,0.0149,0.0357,0.5905,0.0589,0.3557,0.0211,0.0403,0.5224,0.0743,0.5222
2014-10-19T01:13:59.208Z,0.0279,0.0436,0.5673,0.0721,0.5433,0.0121,0.0342,0.5873,0.0576,0.3312,0.0203,0.0403,0.5203,0.073,0.5024
2014-10-19T01:14:59.955Z,0.0271,0.0413,0.5589,0.0713,0.5774,0.0182,0.0395,0.5987,0.0639,0.4061,0.0226,0.0416,0.5329,0.0747,0.5339
2014-10-19T01:15:59.445Z,0.0216,0.0384,0.5414,0.0665,0.5084,0.0127,0.0341,0.5795,0.0584,0.3214,0.0205,0.0397,0.5219,0.0743,0.5243
2014-10-19T01:16:59.994Z,0.0249,0.0408,0.5546,0.0689,0.523,0.0149,0.0335,0.5776,0.0576,0.3514,0.0232,0.0419,0.5422,0.0746,0.5468
2014-10-19T01:17:59.346Z,0.0242,0.0408,0.5519,0.0703,0.5308,0.0142,0.0372,0.5953,0.0603,0.3422,0.0217,0.0417,0.5297,0.0747,0.5125
2014-10-19T01:18:59.906Z,0.0225,0.0396,0.5539,0.0671,0.4811,0.0125,0.0325,0.575,0.0543,0.3057,0.0218,0.0414,0.5386,0.0743,0.5454
2014-10-19T01:19:59.391Z,0.0219,0.0388,0.5447,0.0663,0.5,0.0128,0.0334,0.5791,0.0569,0.3312,0.02,0.0403,0.5244,0.0728,0.51
2014-10-19T01:20:59.706Z,0.03,0.0457,0.5705,0.0773,0.6007,0.0175,0.0368,0.5893,0.0614,0.393,0.0225,0.0407,0.5336,0.0736,0.5464
2014-10-19T01:21:59.255Z,0.0203,0.0375,0.5414,0.0653,0.4756,0.015,0.0369,0.5944,0.0603,0.3328,0.0214,0.0408,0.5367,0.0733,0.515
2014-10-19T01:22:59.613Z,0.0279,0.0418,0.5627,0.0712,0.5597,0.0155,0.0352,0.587,0.0594,0.3691,0.0224,0.0421,0.5309,0.0755,0.54
2014-10-19T01:23:59.038Z,0.0262,0.0419,0.5507,0.0714,0.5814,0.0207,0.0421,0.609,0.0657,0.44,0.0233,0.0426,0.5386,0.0752,0.5264
2014-10-19T01:24:59.874Z,0.02,0.038,0.5483,0.063,0.4463,0.0103,0.0303,0.575,0.052,0.2553,0.021,0.0393,0.514,0.0727,0.5243
2014-10-19T01:25:59.805Z,0.0261,0.04,0.5483,0.0717,0.5739,0.0166,0.0361,0.589,0.0605,0.3883,0.0202,0.0398,0.5178,0.0727,0.5085
2014-10-19T01:26:59.289Z,0.0229,0.04,0.5568,0.0654,0.4879,0.0132,0.0332,0.5825,0.0564,0.34,0.0189,0.0414,0.5171,0.0746,0.49
2014-10-19T01:27:59.653Z,0.0255,0.0403,0.5594,0.069,0.5132,0.0106,0.031,0.5723,0.0535,0.2906,0.0213,0.041,0.529,0.0729,0.5277
2014-10-19T01:28:59.073Z,0.0269,0.0424,0.5624,0.0727,0.5642,0.0149,0.0356,0.5853,0.0602,0.3689,0.022,0.0424,0.542,0.0744,0.5229
2014-10-19T01:29:59.474Z,0.0238,0.0406,0.5628,0.07,0.5062,0.0125,0.0325,0.5728,0.0566,0.2987,0.0203,0.04,0.5216,0.0738,0.5156
2014-10-19T01:30:59.883Z,0.0255,0.0397,0.5512,0.0712,0.5418,0.0139,0.0333,0.5773,0.0576,0.3236,0.0224,0.0418,0.5309,0.0745,0.5227
2014-10-19T01:31:59.275Z,0.0249,0.0408,0.5538,0.0715,0.5377,0.0159,0.0377,0.5892,0.0623,0.3954,0.0208,0.0397,0.5308,0.0723,0.5185
2014-10-19T01:32:59.781Z,0.0231,0.0397,0.5525,0.0656,0.5006,0.0139,0.0369,0.585,0.0617,0.3108,0.0208,0.0414,0.5286,0.0731,0.5194
2014-10-19T01:33:59.091Z,0.0274,0.0429,0.5671,0.0719,0.5517,0.0162,0.036,0.5905,0.0598,0.3588,0.0217,0.0407,0.5307,0.0736,0.5229
2014-10-19T01:34:59.529Z,0.0241,0.0412,0.5597,0.0691,0.5168,0.0168,0.0379,0.59,0.0626,0.3909,0.0203,0.0394,0.5162,0.0718,0.5168
2014-10-19T01:35:59.083Z,0.0286,0.0429,0.5663,0.0726,0.5394,0.0154,0.0357,0.5866,0.0591,0.3749,0.0209,0.0406,0.526,0.0726,0.5274
2014-10-19T01:36:59.747Z,0.0232,0.0405,0.5481,0.0684,0.5197,0.0151,0.0341,0.5749,0.0573,0.353,0.0224,0.0427,0.543,0.0754,0.5168
2014-10-19T01:37:59.033Z,0.0255,0.0403,0.5533,0.0694,0.5521,0.0124,0.0327,0.5697,0.057,0.3224,0.0209,0.04,0.5209,0.0727,0.5291
2014-10-19T01:38:59.543Z,0.0239,0.0415,0.5609,0.07,0.5097,0.0164,0.037,0.5879,0.0597,0.3712,0.0197,0.0391,0.5106,0.0721,0.5
2014-10-19T01:39:59.979Z,0.0244,0.0408,0.5549,0.0697,0.5136,0.0141,0.0341,0.58,0.0567,0.3367,0.0233,0.0426,0.5438,0.0741,0.5459
2014-10-19T01:40:59.370Z,0.026,0.042,0.5587,0.07,0.5367,0.0163,0.0363,0.5907,0.058,0.354,0.0207,0.0397,0.529,0.0727,0.5313
2014-10-19T01:41:59.667Z,0.0246,0.0409,0.5514,0.0694,0.5306,0.0154,0.0351,0.5826,0.0591,0.3694,0.0229,0.042,0.5343,0.0757,0.5337
2014-10-19T01:42:59.997Z,0.0258,0.0403,0.5587,0.0716,0.5484,0.0139,0.0329,0.5739,0.0565,0.3329,0.021,0.04,0.5239,0.0729,0.5329
2014-10-19T01:43:59.370Z,0.0239,0.0389,0.5575,0.0664,0.5021,0.0107,0.0307,0.5661,0.0532,0.3096,0.0214,0.0407,0.5286,0.0743,0.5268
2014-10-19T01:44:59.860Z,0.0262,0.0424,0.5538,0.072,0.5578,0.0164,0.0367,0.5916,0.06,0.3864,0.0213,0.0409,0.5416,0.0731,0.5162
2014-10-19T01:45:59.337Z,0.0211,0.0389,0.5426,0.0671,0.4774,0.0157,0.0386,0.5963,0.0623,0.358,0.0234,0.0414,0.5469,0.0743,0.5517
2014-10-19T01:46:59.031Z,0.0264,0.0418,0.5616,0.0711,0.5541,0.0168,0.037,0.595,0.0593,0.4314,0.0205,0.0409,0.5357,0.0739,0.512
2014-10-19T01:47:59.468Z,0.0248,0.0398,0.554,0.071,0.5221,0.0145,0.036,0.5845,0.0607,0.3314,0.025,0.0436,0.5619,0.0752,0.5569
2014-10-19T01:48:59.648Z,0.0231,0.0391,0.5451,0.0669,0.5237,0.0146,0.0346,0.58,0.058,0.3443,0.0234,0.0434,0.5506,0.0766,0.5234
2014-10-19T01:49:59.173Z,0.024,0.0408,0.5552,0.0705,0.517,0.0175,0.0395,0.6015,0.0633,0.4048,0.022,0.0418,0.5317,0.0743,0.5245
2014-10-19T01:50:59.628Z,0.0197,0.0364,0.5378,0.0639,0.4725,0.0133,0.0356,0.5953,0.0581,0.2792,0.0206,0.0403,0.535,0.0722,0.5186
2014-10-19T01:51:59.028Z,0.0218,0.0379,0.5409,0.0671,0.5115,0.0147,0.0359,0.5838,0.0603,0.3444,0.0215,0.0415,0.5382,0.0729,0.5085
2014-10-19T01:52:59.521Z,0.0261,0.0411,0.5577,0.072,0.5648,0.0182,0.038,0.5866,0.063,0.4077,0.0223,0.0427,0.5459,0.0745,0.5243
2014-10-19T01:53:59.987Z,0.0242,0.04,0.5519,0.0673,0.5012,0.0115,0.0312,0.5727,0.0531,0.3004,0.0181,0.0392,0.5038,0.0715,0.4746
2014-10-19T01:54:59.444Z,0.0245,0.0403,0.5553,0.0689,0.5145,0.0155,0.0361,0.5863,0.0587,0.3405,0.0211,0.0397,0.5255,0.0734,0.5224
2014-10-19T01:55:59.837Z,0.0238,0.0381,0.5417,0.0695,0.5264,0.0152,0.0355,0.5821,0.0593,0.3517,0.0221,0.041,0.5393,0.0748,0.5336
2014-10-19T01:56:59.575Z,0.0244,0.0405,0.5564,0.0705,0.5254,0.0162,0.0362,0.5882,0.0618,0.3754,0.0203,0.0403,0.5254,0.0736,0.4995
2014-10-19T01:57:59.249Z,0.0273,0.0428,0.561,0.0715,0.5398,0.0168,0.0363,0.582,0.0615,0.382,0.0195,0.0398,0.5205,0.0735,0.4945
2014-10-19T01:58:59.606Z,0.0257,0.0426,0.5626,0.0703,0.5337,0.0157,0.036,0.5866,0.0591,0.3769,0.0211,0.0411,0.5357,0.0746,0.5034
2014-10-19T01:59:59.079Z,0.0239,0.0403,0.5471,0.0695,0.5282,0.0147,0.0355,0.5761,0.0584,0.3571,0.0216,0.0413,0.5374,0.0739,0.5289
2014-10-19T02:00:59.439Z,0.0225,0.04,0.5563,0.0669,0.5,0.0119,0.0331,0.5772,0.0556,0.3144,0.0213,0.0422,0.5397,0.0734,0.5072
2014-10-19T02:01:59.746Z,0.0233,0.039,0.5495,0.0679,0.5046,0.0187,0.039,0.5992,0.0631,0.3838,0.0205,0.041,0.5362,0.0723,0.5177
2014-10-19T02:02:59.129Z,0.0262,0.0408,0.5541,0.0708,0.561,0.0182,0.0377,0.5931,0.0618,0.4095,0.0231,0.0421,0.5492,0.0738,0.5567
2014-10-19T02:03:59.584Z,0.0203,0.036,0.5423,0.063,0.465,0.0157,0.036,0.597,0.0597,0.3487,0.022,0.0417,0.5337,0.0737,0.5253
2014-10-19T02:04:59.961Z,0.029,0.0446,0.5733,0.0744,0.5636,0.021,0.0403,0.6036,0.0664,0.4482,0.0213,0.0423,0.5413,0.0723,0.5179
2014-10-19T02:05:59.336Z,0.0253,0.0421,0.5524,0.07,0.5371,0.0159,0.0353,0.5759,0.0591,0.3565,0.0212,0.0415,0.5197,0.0726,0.5132
2014-10-19T02:06:59.908Z,0.0253,0.0412,0.5537,0.0707,0.5423,0.0172,0.037,0.5919,0.0616,0.39,0.024,0.0423,0.5498,0.0749,0.5484
2014-10-19T02:07:59.386Z,0.0253,0.0422,0.5553,0.0708,0.55,0.0142,0.0342,0.5733,0.0583,0.3594,0.0206,0.04,0.5186,0.0742,0.5078
2014-10-19T02:08:59.697Z,0.0227,0.0381,0.5446,0.0668,0.5041,0.0143,0.0341,0.5778,0.0573,0.3289,0.0224,0.0408,0.5227,0.0738,0.5343
2014-10-19T02:09:59.146Z,0.0278,0.0428,0.5658,0.0725,0.5625,0.0145,0.0345,0.5778,0.059,0.3798,0.0195,0.0405,0.5342,0.0733,0.4948
2014-10-19T02:10:59.655Z,0.0271,0.0422,0.5549,0.072,0.5639,0.0146,0.0344,0.5832,0.0578,0.3634,0.022,0.0407,0.531,0.0744,0.5276
2014-10-19T02:11:59.070Z,0.0252,0.0427,0.5627,0.0697,0.5388,0.0164,0.037,0.593,0.0603,0.3706,0.0212,0.0412,0.5394,0.0748,0.5188
2014-10-19T02:12:59.398Z,0.0263,0.0422,0.5634,0.07,0.5469,0.0134,0.0341,0.5772,0.0575,0.3228,0.0206,0.0403,0.5178,0.0722,0.5278
2014-10-19T02:13:59.759Z,0.0203,0.0362,0.5434,0.0634,0.4614,0.0148,0.0355,0.5903,0.059,0.3569,0.0221,0.0417,0.5376,0.0738,0.5362
2014-10-19T02:14:59.073Z,0.0232,0.0395,0.5495,0.0692,0.5166,0.0163,0.0363,0.5887,0.0611,0.3829,0.0221,0.0418,0.5371,0.0737,0.5192
2014-10-19T02:15:59.510Z,0.0244,0.0414,0.5565,0.0714,0.5288,0.0174,0.0379,0.5949,0.063,0.4074,0.0223,0.0412,0.5363,0.0749,0.5286
2014-10-19T02:16:59.912Z,0.0258,0.0421,0.565,0.0708,0.5237,0.0153,0.0358,0.5934,0.0608,0.3613,0.0216,0.0424,0.5471,0.0766,0.5237
2014-10-19T02:17:59.896Z,0.0276,0.0426,0.5591,0.0724,0.5682,0.0138,0.0341,0.5865,0.0568,0.3624,0.0197,0.0397,0.5179,0.0732,0.5097
2014-10-19T02:18:59.357Z,0.0269,0.044,0.5591,0.0738,0.5604,0.0178,0.0398,0.5982,0.0653,0.4087,0.0238,0.0431,0.5556,0.0756,0.5587
2014-10-19T02:19:59.919Z,0.0236,0.0403,0.5509,0.0691,0.5324,0.0158,0.0367,0.583,0.0615,0.3721,0.0203,0.0403,0.5264,0.0736,0.5194
2014-10-19T02:20:59.347Z,0.0217,0.0397,0.5507,0.0655,0.5,0.0124,0.0341,0.5869,0.0572,0.3052,0.021,0.0397,0.5262,0.0738,0.5076
2014-10-19T02:21:59.780Z,0.0271,0.0432,0.5626,0.0739,0.5932,0.02,0.0405,0.5932,0.0666,0.4382,0.0213,0.0403,0.5261,0.0739,0.5261
2014-10-19T02:22:59.160Z,0.0271,0.0426,0.5674,0.0711,0.546,0.0117,0.0334,0.578,0.0563,0.2994,0.0217,0.0403,0.5263,0.0734,0.5286
2014-10-19T02:23:59.489Z,0.0283,0.0439,0.5767,0.0719,0.57,0.0131,0.0339,0.5767,0.0581,0.335,0.0219,0.0411,0.5347,0.0722,0.5375
2014-10-19T02:24:59.906Z,0.0248,0.0416,0.5555,0.0713,0.5594,0.0155,0.0361,0.5797,0.0594,0.3555,0.0226,0.041,0.5371,0.0735,0.5335
2014-10-19T02:25:59.247Z,0.0253,0.0421,0.5632,0.0709,0.5203,0.0129,0.035,0.5947,0.0574,0.3176,0.0209,0.0403,0.5259,0.0726,0.5329
2014-10-19T02:26:59.698Z,0.0225,0.0373,0.5453,0.0673,0.4937,0.0153,0.0353,0.5828,0.0593,0.3717,0.021,0.04,0.5235,0.0733,0.5233
2014-10-19T02:27:59.982Z,0.0277,0.0411,0.5566,0.0706,0.5523,0.0149,0.0346,0.5769,0.0591,0.3491,0.0197,0.0397,0.5123,0.0737,0.4969
2014-10-19T02:28:59.139Z,0.0271,0.0429,0.5697,0.0709,0.5335,0.0174,0.0391,0.5938,0.0641,0.3576,0.0209,0.0406,0.5288,0.0735,0.5212
2014-10-19T02:29:59.565Z,0.0287,0.0423,0.5587,0.0735,0.591,0.0135,0.0348,0.5761,0.0574,0.3465,0.02,0.0406,0.5252,0.0742,0.509
2014-10-19T02:30:59.986Z,0.0238,0.0392,0.5492,0.0678,0.5054,0.0162,0.0357,0.5862,0.0597,0.3749,0.0216,0.0416,0.5265,0.0735,0.5049
2014-10-19T02:31:59.410Z,0.0219,0.0381,0.5458,0.0646,0.4838,0.0112,0.0319,0.5688,0.0538,0.2892,0.0196,0.0392,0.5188,0.0735,0.4965
2014-10-19T02:32:59.846Z,0.0229,0.039,0.549,0.0677,0.4935,0.0145,0.0361,0.5868,0.0606,0.3481,0.021,0.0397,0.5177,0.0732,0.5452
2014-10-19T02:33:59.418Z,0.0274,0.041,0.5507,0.0736,0.5683,0.0143,0.0355,0.58,0.0602,0.3405,0.0217,0.0412,0.5321,0.0743,0.5307
2014-10-19T02:34:59.834Z,0.0259,0.0405,0.5568,0.0705,0.5505,0.0168,0.0362,0.5795,0.0605,0.3638,0.0214,0.0414,0.5297,0.0738,0.5378
2014-10-19T02:35:59.286Z,0.0206,0.0379,0.5409,0.0642,0.4815,0.0133,0.0318,0.5676,0.0555,0.3158,0.0209,0.0397,0.5148,0.073,0.5236
2014-10-19T02:36:59.581Z,0.0224,0.0394,0.5482,0.0682,0.4921,0.0142,0.0358,0.5906,0.0585,0.3173,0.0206,0.0409,0.5288,0.0733,0.5203
2014-10-19T02:37:59.925Z,0.0223,0.0381,0.5487,0.0665,0.4865,0.0126,0.0326,0.5816,0.0545,0.3048,0.0206,0.0387,0.5129,0.0726,0.5203
2014-10-19T02:38:59.588Z,0.0234,0.0394,0.5486,0.0686,0.5249,0.0143,0.0357,0.5894,0.0594,0.3337,0.02,0.0406,0.532,0.0731,0.5026
2014-10-19T02:39:59.964Z,0.0271,0.0435,0.5668,0.0724,0.5347,0.0141,0.0341,0.5818,0.0574,0.3624,0.0206,0.0409,0.5141,0.0741,0.5094
2014-10-19T02:40:59.403Z,0.0243,0.0408,0.5489,0.0705,0.5251,0.0146,0.0357,0.5941,0.057,0.3732,0.0205,0.0408,0.5278,0.0732,0.5165
2014-10-19T02:41:59.838Z,0.0288,0.0417,0.5607,0.0719,0.571,0.0148,0.0333,0.574,0.0583,0.3624,0.0219,0.0395,0.5302,0.074,0.5262
2014-10-19T02:42:59.303Z,0.0226,0.0376,0.5412,0.0665,0.51,0.0126,0.0315,0.5709,0.0535,0.3626,0.0197,0.0403,0.5259,0.0738,0.5047
2014-10-19T02:43:59.508Z,0.0214,0.0373,0.5416,0.0665,0.463,0.0116,0.0324,0.5805,0.0551,0.3057,0.0205,0.0405,0.5278,0.0724,0.5243
2014-10-19T02:44:59.908Z,0.0232,0.0391,0.5565,0.0656,0.4841,0.0129,0.0326,0.5774,0.0553,0.3506,0.0206,0.0397,0.5321,0.0729,0.5229
2014-10-19T02:45:59.370Z,0.026,0.0408,0.5548,0.0715,0.5593,0.015,0.0375,0.5958,0.0625,0.3418,0.0228,0.0428,0.5488,0.075,0.534
2014-10-19T02:46:59.716Z,0.0242,0.0384,0.5523,0.0674,0.5268,0.0116,0.0335,0.5765,0.0561,0.2942,0.021,0.039,0.5216,0.0723,0.5113
2014-10-19T02:47:59.250Z,0.0249,0.0392,0.5559,0.0689,0.5257,0.0138,0.0343,0.5927,0.057,0.307,0.0224,0.0422,0.5443,0.0738,0.5343
2014-10-19T02:48:59.622Z,0.0279,0.0421,0.5615,0.0727,0.5661,0.0136,0.0342,0.58,0.0564,0.3624,0.0203,0.04,0.5273,0.0727,0.5191
2014-10-19T02:49:59.853Z,0.0239,0.0394,0.5448,0.0691,0.5185,0.0127,0.0333,0.5652,0.0576,0.3294,0.0221,0.0412,0.5424,0.073,0.527
2014-10-19T02:50:59.240Z,0.0267,0.0412,0.5621,0.0712,0.5585,0.0164,0.0379,0.597,0.0612,0.3548,0.0206,0.0406,0.5333,0.0724,0.5048
2014-10-19T02:51:59.621Z,0.0213,0.0372,0.5394,0.0638,0.4834,0.01,0.0319,0.5784,0.0534,0.2691,0.0184,0.0403,0.5234,0.0731,0.4538
2014-10-19T02:52:59.527Z,0.0266,0.042,0.5609,0.072,0.542,0.0137,0.0346,0.5763,0.0586,0.3363,0.0191,0.0394,0.5077,0.0726,0.4854
2014-10-19T02:53:59.185Z,0.0232,0.0389,0.5421,0.0703,0.5271,0.0168,0.0368,0.595,0.0603,0.3842,0.0229,0.0418,0.5461,0.0753,0.5584
2014-10-19T02:54:59.505Z,0.0218,0.0379,0.5421,0.0676,0.5115,0.0153,0.0347,0.5826,0.06,0.3485,0.0206,0.04,0.5224,0.0724,0.5115
2014-10-19T02:55:59.717Z,0.0256,0.0418,0.5556,0.0703,0.5215,0.0165,0.0368,0.5838,0.0594,0.3615,0.0209,0.0412,0.5303,0.0738,0.5144
2014-10-19T02:56:59.076Z,0.0211,0.0378,0.5415,0.0644,0.4911,0.0107,0.0322,0.5722,0.0533,0.2578,0.0226,0.0407,0.5259,0.0752,0.5381
2014-10-19T02:57:59.335Z,0.0217,0.0372,0.5479,0.0652,0.4772,0.0138,0.031,0.5703,0.0538,0.3362,0.02,0.04,0.5221,0.0721,0.4952
2014-10-19T02:58:59.718Z,0.0223,0.0373,0.5403,0.0647,0.5043,0.0133,0.0337,0.573,0.0567,0.3203,0.019,0.039,0.508,0.0717,0.501
2014-10-19T02:59:59.453Z,0.0254,0.0414,0.5541,0.0711,0.5449,0.0157,0.0354,0.5819,0.0597,0.3643,0.0211,0.0395,0.5203,0.073,0.5035
2014-10-19T03:00:59.804Z,0.0275,0.044,0.5713,0.0728,0.557,0.0153,0.036,0.5967,0.0595,0.3485,0.0213,0.0395,0.524,0.073,0.5287
2014-10-19T03:01:59.766Z,0.0283,0.044,0.5711,0.0734,0.5649,0.0177,0.0383,0.5966,0.0617,0.3914,0.0217,0.0426,0.5394,0.0746,0.5223
2014-10-19T03:02:59.036Z,0.0235,0.039,0.547,0.0692,0.5075,0.0165,0.0373,0.5825,0.0638,0.3873,0.0215,0.0415,0.5387,0.0733,0.5212
2014-10-19T03:03:59.399Z,0.0247,0.0389,0.5471,0.0679,0.5408,0.0153,0.0353,0.5797,0.0595,0.3411,0.0218,0.0411,0.5284,0.0745,0.5195
2014-10-19T03:04:59.776Z,0.0233,0.0392,0.5428,0.0692,0.5108,0.0144,0.0354,0.5826,0.06,0.3356,0.0226,0.0415,0.5351,0.0738,0.5354
2014-10-19T03:05:59.271Z,0.0238,0.0397,0.5509,0.0678,0.5063,0.0131,0.0341,0.5806,0.0572,0.3263,0.0209,0.0409,0.5256,0.0731,0.5341
2014-10-19T03:06:59.125Z,0.0269,0.0425,0.5647,0.0717,0.5514,0.0172,0.0367,0.59,0.0592,0.3956,0.0217,0.0403,0.5292,0.0728,0.5294
2014-10-19T03:07:59.506Z,0.0267,0.0427,0.5642,0.0724,0.537,0.017,0.0367,0.5924,0.0591,0.3852,0.0203,0.0403,0.5315,0.0742,0.507
2014-10-19T03:08:59.810Z,0.0263,0.0405,0.5529,0.0708,0.5239,0.0155,0.0366,0.5847,0.0605,0.3371,0.0189,0.0395,0.5218,0.0718,0.5008
2014-10-19T03:09:59.081Z,0.0259,0.04,0.5487,0.0696,0.5665,0.0167,0.0372,0.59,0.0624,0.3917,0.0217,0.0415,0.5441,0.0743,0.5267
2014-10-19T03:10:59.430Z,0.0247,0.0389,0.5553,0.0681,0.5133,0.0144,0.035,0.5797,0.0586,0.3533,0.0222,0.0408,0.5428,0.0731,0.5203
2014-10-19T03:11:59.795Z,0.0261,0.0406,0.5524,0.07,0.5364,0.0124,0.033,0.5752,0.0548,0.2948,0.0209,0.0397,0.5155,0.0733,0.5191
2014-10-19T03:12:59.178Z,0.0239,0.0387,0.5548,0.0677,0.4787,0.0135,0.0339,0.5787,0.0581,0.3568,0.0203,0.0403,0.521,0.0726,0.529
2014-10-19T03:13:59.551Z,0.027,0.0416,0.5651,0.0714,0.5386,0.0168,0.0359,0.59,0.0616,0.397,0.0197,0.0403,0.523,0.0749,0.5076
2014-10-19T03:14:59.899Z,0.0258,0.0416,0.5594,0.0713,0.5416,0.0158,0.0355,0.5816,0.0597,0.3832,0.0213,0.0403,0.5287,0.0748,0.5306
2014-10-19T03:15:59.278Z,0.0197,0.036,0.5337,0.065,0.463,0.0157,0.0367,0.5783,0.0623,0.3723,0.0213,0.04,0.525,0.074,0.512
2014-10-19T03:16:59.695Z,0.0233,0.0403,0.5531,0.0681,0.5069,0.0136,0.0342,0.5697,0.0594,0.3564,0.0208,0.0408,0.5236,0.0736,0.5019
2014-10-19T03:17:59.248Z,0.0221,0.0397,0.5518,0.067,0.4979,0.0167,0.0361,0.5873,0.06,0.4003,0.0209,0.0403,0.5206,0.0748,0.5279
2014-10-19T03:18:59.609Z,0.0203,0.037,0.5424,0.0645,0.4779,0.0091,0.0306,0.5742,0.0533,0.2264,0.0206,0.04,0.5179,0.0739,0.5112
2014-10-19T03:19:59.152Z,0.0241,0.0397,0.5515,0.0692,0.5323,0.0141,0.0364,0.5962,0.0585,0.3356,0.0218,0.0405,0.5338,0.0738,0.5169
2014-10-19T03:20:59.883Z,0.0297,0.0439,0.5653,0.0733,0.5842,0.0128,0.0339,0.5783,0.0567,0.3228,0.0222,0.04,0.5353,0.0719,0.5303
2014-10-19T03:21:59.376Z,0.0224,0.0372,0.55,0.0655,0.4748,0.0117,0.0314,0.5728,0.0541,0.3121,0.0203,0.0393,0.5062,0.0728,0.5055
2014-10-19T03:22:59.658Z,0.029,0.0431,0.5683,0.0731,0.5864,0.0164,0.0371,0.586,0.061,0.3829,0.0212,0.0402,0.5314,0.0738,0.5231
2014-10-19T03:23:59.032Z,0.0243,0.041,0.569,0.068,0.4923,0.012,0.033,0.583,0.0543,0.26,0.0207,0.04,0.5303,0.0727,0.5177
2014-10-19T03:24:59.435Z,0.0248,0.0395,0.5488,0.07,0.5265,0.0138,0.0338,0.581,0.0563,0.3078,0.0215,0.0413,0.5293,0.075,0.51
2014-10-19T03:25:59.051Z,0.0232,0.0377,0.5497,0.0665,0.509,0.0148,0.0355,0.5848,0.0568,0.3255,0.021,0.04,0.529,0.0723,0.5352
2014-10-19T03:26:59.246Z,0.025,0.0412,0.5538,0.0706,0.5385,0.0144,0.035,0.5806,0.0579,0.3206,0.0203,0.0406,0.5265,0.0726,0.5171
2014-10-19T03:27:59.799Z,0.0223,0.0393,0.5437,0.067,0.5083,0.0143,0.0357,0.5833,0.0587,0.326,0.0213,0.0403,0.5353,0.073,0.5303
2014-10-19T03:28:59.371Z,0.0254,0.04,0.5532,0.0684,0.5251,0.0162,0.0362,0.5803,0.0605,0.3635,0.0197,0.0403,0.5205,0.0743,0.5057
2014-10-19T03:29:59.731Z,0.0266,0.0419,0.5631,0.0713,0.5413,0.0141,0.0363,0.5888,0.06,0.3384,0.0219,0.0397,0.5288,0.0734,0.5253
2014-10-19T03:30:59.262Z,0.0293,0.044,0.5672,0.0765,0.5926,0.0181,0.0391,0.5986,0.0633,0.3765,0.0214,0.0405,0.536,0.0733,0.524
2014-10-19T03:31:59.738Z,0.0209,0.0364,0.5439,0.0633,0.463,0.0118,0.0321,0.5764,0.0539,0.2694,0.0203,0.0403,0.52,0.0718,0.4958
2014-10-19T03:32:59.130Z,0.0269,0.0431,0.5614,0.0719,0.5408,0.0153,0.0356,0.5931,0.0592,0.3678,0.0206,0.0408,0.5247,0.0747,0.5089
2014-10-19T03:33:59.460Z,0.0238,0.0394,0.5576,0.0676,0.4985,0.0132,0.0332,0.5888,0.0553,0.3329,0.02,0.0403,0.5168,0.0741,0.5079
2014-10-19T03:34:59.739Z,0.021,0.0365,0.5381,0.0671,0.4781,0.0142,0.0342,0.5784,0.0584,0.31,0.0194,0.0394,0.5184,0.0732,0.4903
2014-10-19T03:35:59.177Z,0.0274,0.0413,0.5592,0.0711,0.5511,0.0161,0.0376,0.5821,0.0632,0.3705,0.0213,0.0397,0.5271,0.0732,0.52
2014-10-19T03:36:59.640Z,0.0216,0.0377,0.5481,0.0635,0.4713,0.0139,0.0342,0.5884,0.0571,0.3126,0.0197,0.0394,0.5126,0.0723,0.5284
2014-10-19T03:37:59.939Z,0.0281,0.0431,0.5627,0.0752,0.5779,0.0198,0.0394,0.5946,0.0646,0.4198,0.0225,0.041,0.5381,0.0742,0.5383
2014-10-19T03:38:59.103Z,0.02,0.0359,0.5387,0.0659,0.4563,0.0138,0.0328,0.5778,0.055,0.3331,0.0222,0.0394,0.5275,0.0713,0.5563
2014-10-19T03:39:59.542Z,0.0246,0.0403,0.5495,0.0689,0.5368,0.0146,0.0357,0.5905,0.0573,0.3205,0.0208,0.0397,0.5211,0.0727,0.5257
2014-10-19T03:40:59.014Z,0.0249,0.0414,0.5546,0.0711,0.5378,0.0168,0.0368,0.5859,0.0616,0.3938,0.0216,0.0416,0.5392,0.073,0.5289
2014-10-19T03:41:59.996Z,0.0247,0.0408,0.5516,0.0705,0.5234,0.0184,0.04,0.6,0.065,0.3982,0.0189,0.0395,0.5232,0.0732,0.4884
2014-10-19T03:42:59.416Z,0.0241,0.0412,0.5606,0.0706,0.5068,0.0144,0.0341,0.5841,0.0571,0.3629,0.0221,0.0409,0.5335,0.0726,0.5274
2014-10-19T03:43:59.856Z,0.02,0.0377,0.5419,0.065,0.4558,0.0096,0.0308,0.5769,0.0515,0.2527,0.0196,0.04,0.5204,0.0735,0.4962
2014-10-19T03:44:59.377Z,0.0267,0.0409,0.5585,0.0706,0.5291,0.0118,0.033,0.58,0.0558,0.3052,0.0194,0.0391,0.5209,0.0721,0.5
2014-10-19T03:45:59.696Z,0.0259,0.0417,0.5517,0.0735,0.5787,0.0143,0.0363,0.5802,0.0602,0.3448,0.022,0.0413,0.5396,0.0737,0.5167
2014-10-19T03:46:59.223Z,0.0231,0.0394,0.5514,0.0666,0.5029,0.014,0.0351,0.5717,0.0594,0.3611,0.0214,0.0414,0.5371,0.0729,0.5223
2014-10-19T03:47:59.704Z,0.0257,0.0416,0.5581,0.0722,0.5503,0.0157,0.0362,0.587,0.0586,0.3708,0.0216,0.0405,0.5341,0.0727,0.5076
2014-10-19T03:48:59.038Z,0.0211,0.0386,0.5429,0.0663,0.4829,0.0117,0.0311,0.5691,0.0546,0.3,0.0223,0.0426,0.54,0.0757,0.5246
2014-10-19T03:49:59.534Z,0.0234,0.0391,0.5516,0.0694,0.4997,0.0141,0.0347,0.5884,0.0566,0.3238,0.0203,0.0409,0.5316,0.0734,0.4975
2014-10-19T03:50:59.971Z,0.0247,0.0386,0.5456,0.0681,0.5193,0.0158,0.0367,0.5947,0.0602,0.336,0.0219,0.0419,0.5463,0.0728,0.5302
2014-10-19T03:51:59.325Z,0.0276,0.0434,0.5629,0.0741,0.5778,0.0171,0.0363,0.5807,0.0617,0.3868,0.0212,0.041,0.5293,0.0727,0.5088
2014-10-19T03:52:59.606Z,0.0258,0.0405,0.5537,0.0716,0.5398,0.0158,0.0363,0.5898,0.0593,0.3698,0.0209,0.0416,0.5337,0.0742,0.5037
2014-10-19T03:53:59.954Z,0.0231,0.0384,0.5475,0.0672,0.4963,0.0147,0.035,0.5759,0.0591,0.3406,0.0216,0.0403,0.5275,0.0728,0.5256
2014-10-19T03:54:59.809Z,0.0181,0.0333,0.527,0.0611,0.4341,0.013,0.0333,0.5904,0.0556,0.2948,0.0219,0.04,0.5207,0.0719,0.5204
2014-10-19T03:55:59.259Z,0.0242,0.0387,0.5516,0.0682,0.5076,0.0121,0.0321,0.5824,0.0545,0.3105,0.0195,0.0408,0.5324,0.0732,0.5082
2014-10-19T03:56:59.689Z,0.0239,0.04,0.5447,0.0692,0.5283,0.0144,0.0356,0.5819,0.06,0.3203,0.0217,0.0422,0.5331,0.0736,0.525
2014-10-19T03:57:59.367Z,0.0236,0.0397,0.5514,0.0692,0.5239,0.0111,0.0336,0.5775,0.0556,0.2719,0.0194,0.04,0.525,0.0725,0.4758
2014-10-19T03:58:59.816Z,0.0282,0.043,0.5639,0.0748,0.5793,0.0155,0.0359,0.5925,0.0593,0.3793,0.0216,0.0423,0.533,0.0757,0.5155
2014-10-19T03:59:59.833Z,0.0271,0.0416,0.5605,0.0721,0.5455,0.015,0.0353,0.5813,0.0597,0.3579,0.0216,0.0413,0.5318,0.0724,0.5
2014-10-19T04:00:59.179Z,0.0255,0.0403,0.5559,0.0693,0.5159,0.0093,0.03,0.5648,0.0517,0.2472,0.0207,0.04,0.5176,0.0717,0.5041
2014-10-19T04:01:59.359Z,0.0239,0.0386,0.5511,0.0681,0.5,0.0142,0.0342,0.5842,0.0569,0.3503,0.0217,0.0408,0.5297,0.0747,0.5242
2014-10-19T04:02:59.668Z,0.0251,0.0397,0.5631,0.0697,0.518,0.0129,0.0326,0.5809,0.0549,0.3289,0.0211,0.0403,0.5229,0.0734,0.5063
2014-10-19T04:03:59.041Z,0.0258,0.0418,0.5574,0.0732,0.5379,0.0171,0.0382,0.5897,0.0616,0.3687,0.0208,0.04,0.5216,0.0745,0.5034
2014-10-19T04:04:59.351Z,0.0281,0.0428,0.5714,0.0725,0.5389,0.0128,0.0361,0.5869,0.0586,0.3047,0.0197,0.0406,0.5283,0.0739,0.4956
2014-10-19T04:05:59.648Z,0.0247,0.0388,0.5565,0.0665,0.5112,0.0156,0.0371,0.6056,0.0597,0.3332,0.0218,0.0418,0.5382,0.0747,0.5247
2014-10-19T04:06:59.112Z,0.0223,0.0371,0.5487,0.0665,0.4687,0.0145,0.0335,0.5755,0.0568,0.339,0.021,0.0394,0.5148,0.0723,0.5235
2014-10-19T04:07:59.605Z,0.0241,0.0392,0.5438,0.0692,0.5287,0.0162,0.0382,0.5862,0.0626,0.3523,0.0223,0.0426,0.5377,0.0741,0.54
2014-10-19T04:08:59.080Z,0.0238,0.0392,0.5538,0.0662,0.4912,0.0119,0.0323,0.5677,0.055,0.3062,0.02,0.04,0.5135,0.0723,0.5112
2014-10-19T04:09:59.423Z,0.0241,0.0388,0.5525,0.0694,0.5197,0.0134,0.0341,0.5734,0.0581,0.3134,0.0206,0.0406,0.5213,0.0725,0.5028
2014-10-19T04:10:59.917Z,0.0207,0.036,0.539,0.0627,0.4683,0.0127,0.0323,0.5727,0.0553,0.3177,0.0197,0.0407,0.5263,0.073,0.5173
2014-10-19T04:11:59.136Z,0.0266,0.0414,0.5611,0.0703,0.5094,0.016,0.0357,0.5966,0.0589,0.3631,0.0194,0.0394,0.5189,0.0726,0.4971
2014-10-19T04:12:59.638Z,0.0283,0.0433,0.562,0.0735,0.5802,0.0168,0.0375,0.5853,0.0618,0.414,0.021,0.0405,0.528,0.0723,0.5175
2014-10-19T04:13:59.553Z,0.0229,0.0382,0.5504,0.0675,0.4818,0.0125,0.0325,0.5846,0.0554,0.3471,0.0218,0.04,0.5279,0.0725,0.5364
2014-10-19T04:14:59.402Z,0.0241,0.04,0.55,0.07,0.5265,0.0159,0.0371,0.5862,0.0615,0.3694,0.0209,0.04,0.5185,0.0747,0.5194
2014-10-19T04:15:59.804Z,0.0278,0.0429,0.5612,0.0722,0.5573,0.0163,0.0373,0.5895,0.062,0.3627,0.0215,0.0405,0.5312,0.0732,0.5183
2014-10-19T04:16:59.152Z,0.0238,0.0384,0.5484,0.0676,0.5181,0.0168,0.0373,0.5932,0.0608,0.3868,0.0211,0.0408,0.5322,0.0727,0.5181
2014-10-19T04:17:59.508Z,0.0207,0.0345,0.5366,0.0628,0.4679,0.0124,0.0314,0.571,0.0552,0.3172,0.019,0.0376,0.5,0.0728,0.4879
2014-10-19T04:18:59.875Z,0.0219,0.0378,0.5481,0.0663,0.4878,0.0119,0.0325,0.5606,0.0559,0.2988,0.0222,0.0419,0.5288,0.0747,0.5275
2014-10-19T04:19:59.175Z,0.0234,0.0392,0.5487,0.0687,0.5166,0.0174,0.0363,0.5879,0.0616,0.3887,0.0224,0.0413,0.5376,0.0745,0.5405
2014-10-19T04:20:59.600Z,0.0238,0.0376,0.5491,0.0676,0.5124,0.0141,0.0344,0.5835,0.0562,0.3359,0.02,0.04,0.5168,0.075,0.5074
2014-10-19T04:21:59.948Z,0.0235,0.0386,0.55,0.0673,0.5127,0.0146,0.0349,0.5773,0.0586,0.3719,0.0222,0.0397,0.5265,0.0751,0.5305
2014-10-19T04:22:59.866Z,0.0276,0.0422,0.5639,0.0737,0.5385,0.0173,0.0388,0.5983,0.0612,0.3832,0.0232,0.0429,0.5502,0.0744,0.5398
2014-10-19T04:23:59.208Z,0.0241,0.0394,0.5518,0.0671,0.495,0.0156,0.0356,0.5815,0.0591,0.3588,0.0209,0.0397,0.5212,0.0729,0.5256
2014-10-19T04:24:59.666Z,0.0243,0.0402,0.5483,0.0695,0.5238,0.0174,0.0374,0.5871,0.0624,0.3802,0.0221,0.041,0.5336,0.0738,0.5312
2014-10-19T04:25:59.181Z,0.0253,0.0407,0.554,0.0729,0.5487,0.0156,0.0356,0.5842,0.0596,0.3629,0.0218,0.0416,0.5316,0.0738,0.5242
2014-10-19T04:26:59.601Z,0.026,0.0416,0.5572,0.0719,0.5642,0.0177,0.0386,0.59,0.063,0.387,0.0212,0.0402,0.5335,0.0742,0.5358
2014-10-19T04:27:59.030Z,0.0283,0.0413,0.5588,0.073,0.5755,0.0158,0.0343,0.5798,0.0588,0.3988,0.0215,0.0413,0.5335,0.0725,0.5313
2014-10-19T04:28:59.479Z,0.0279,0.0432,0.5666,0.0732,0.5453,0.0139,0.0339,0.5784,0.0576,0.3476,0.0216,0.0416,0.5416,0.0729,0.5321
2014-10-19T04:29:59.009Z,0.0281,0.0414,0.5562,0.0735,0.5919,0.0149,0.0357,0.5768,0.06,0.36,0.0211,0.0411,0.5376,0.0741,0.5268
2014-10-19T04:30:59.485Z,0.0243,0.0391,0.5549,0.0669,0.5211,0.0129,0.0334,0.5746,0.0569,0.3134,0.0217,0.0406,0.5217,0.0749,0.5326
2014-10-19T04:31:59.839Z,0.0274,0.0409,0.5495,0.0728,0.576,0.0179,0.0377,0.5893,0.0633,0.4063,0.0237,0.0423,0.5442,0.0756,0.5502
2014-10-19T04:32:59.108Z,0.0259,0.0424,0.5524,0.0751,0.55,0.0184,0.0381,0.5832,0.0624,0.4114,0.0211,0.0408,0.5278,0.0738,0.5089
2014-10-19T04:33:59.769Z,0.0279,0.0426,0.5668,0.0724,0.5576,0.0174,0.0376,0.5839,0.0632,0.4137,0.0211,0.04,0.5239,0.0739,0.5111
2014-10-19T04:34:59.172Z,0.0279,0.0427,0.5633,0.0752,0.5633,0.0176,0.0379,0.5767,0.0633,0.4091,0.0206,0.04,0.5218,0.0727,0.5127
2014-10-19T04:35:59.936Z,0.0217,0.0371,0.5377,0.0677,0.4934,0.0123,0.032,0.5743,0.0549,0.3083,0.0217,0.0409,0.5237,0.0746,0.5209
2014-10-19T04:36:59.275Z,0.0244,0.0403,0.5541,0.0688,0.5103,0.0162,0.0356,0.5971,0.0585,0.3691,0.02,0.0397,0.5156,0.0729,0.5115
2014-10-19T04:37:59.700Z,0.0241,0.04,0.5509,0.0675,0.5287,0.0131,0.0338,0.5838,0.0556,0.3066,0.0203,0.0388,0.5119,0.0728,0.5225
2014-10-19T04:38:59.648Z,0.0253,0.0403,0.5518,0.0695,0.5287,0.0155,0.0358,0.5876,0.0584,0.3392,0.0218,0.0411,0.5274,0.0729,0.5297
2014-10-19T04:39:59.009Z,0.0206,0.0365,0.5374,0.0642,0.4832,0.0142,0.0339,0.57,0.0577,0.3432,0.0213,0.0403,0.5268,0.0732,0.5335
2014-10-19T04:40:59.441Z,0.0269,0.04,0.5631,0.0706,0.5381,0.015,0.0342,0.5694,0.0589,0.3842,0.0225,0.0414,0.5381,0.0744,0.5364
2014-10-19T04:41:59.831Z,0.0214,0.0369,0.5448,0.0645,0.4776,0.0138,0.0341,0.5831,0.0566,0.3279,0.021,0.0393,0.5128,0.0717,0.5338
2014-10-19T04:42:59.279Z,0.0238,0.0392,0.55,0.067,0.497,0.0151,0.0362,0.5927,0.0595,0.3786,0.0232,0.0424,0.5481,0.0743,0.5419
2014-10-19T04:43:59.752Z,0.031,0.0449,0.5673,0.0763,0.6063,0.0185,0.039,0.5868,0.0637,0.4076,0.0207,0.0395,0.5246,0.0727,0.5346
2014-10-19T04:44:59.186Z,0.0229,0.0403,0.545,0.0703,0.4947,0.0147,0.035,0.5829,0.0595,0.3645,0.0224,0.0416,0.5284,0.0745,0.5253
2014-10-19T04:45:59.568Z,0.0235,0.039,0.5448,0.069,0.5048,0.01,0.0313,0.5568,0.0545,0.2648,0.0219,0.0403,0.5206,0.0745,0.5381
2014-10-19T04:46:59.452Z,0.0254,0.042,0.5563,0.0723,0.5237,0.014,0.0337,0.5774,0.0566,0.3689,0.0223,0.042,0.5411,0.0734,0.5206
2014-10-19T04:47:59.918Z,0.0234,0.0397,0.5452,0.0693,0.5107,0.0159,0.0366,0.5766,0.061,0.3493,0.0203,0.0397,0.5176,0.0717,0.519
2014-10-19T04:48:59.269Z,0.0226,0.0391,0.5426,0.0674,0.5009,0.0159,0.0362,0.5826,0.0588,0.3747,0.0197,0.0397,0.5185,0.0726,0.5056
2014-10-19T04:49:59.999Z,0.0256,0.0403,0.5568,0.0682,0.5368,0.0141,0.0347,0.5779,0.0565,0.3321,0.0209,0.0415,0.5288,0.0744,0.5097
2014-10-19T04:50:59.357Z,0.0255,0.0418,0.5548,0.0709,0.5591,0.0182,0.0385,0.5961,0.0621,0.4055,0.0212,0.0403,0.5233,0.0739,0.5224
2014-10-19T04:51:59.571Z,0.0263,0.0423,0.5583,0.0697,0.5603,0.0147,0.0353,0.5853,0.0583,0.358,0.0203,0.04,0.526,0.073,0.512
2014-10-19T04:52:59.929Z,0.0242,0.0419,0.5516,0.0713,0.5548,0.0145,0.0358,0.5823,0.0584,0.3323,0.0216,0.0423,0.5323,0.0732,0.5139
2014-10-19T04:53:59.193Z,0.0243,0.0404,0.5539,0.0671,0.535,0.0121,0.0311,0.5607,0.055,0.3289,0.0204,0.0407,0.5246,0.0729,0.5064
2014-10-19T04:54:59.608Z,0.0247,0.0425,0.5644,0.0691,0.5231,0.0147,0.035,0.5856,0.0581,0.3375,0.02,0.0397,0.5194,0.0722,0.5081
2014-10-19T04:55:59.029Z,0.0295,0.0456,0.5782,0.0754,0.5656,0.0177,0.0387,0.5959,0.0631,0.3756,0.0226,0.0423,0.5431,0.0762,0.5218
2014-10-19T04:56:59.447Z,0.0245,0.0412,0.5536,0.0706,0.5224,0.013,0.0355,0.5809,0.0591,0.303,0.0218,0.0406,0.5324,0.0724,0.5212
2014-10-19T04:57:59.864Z,0.0221,0.0386,0.5455,0.0638,0.4883,0.0107,0.0317,0.5666,0.0538,0.2752,0.0214,0.041,0.5314,0.0745,0.5162
2014-10-19T04:58:59.259Z,0.0223,0.04,0.5592,0.0642,0.4719,0.0115,0.0342,0.58,0.0573,0.3123,0.0212,0.0404,0.5254,0.0723,0.5292
2014-10-19T04:59:59.617Z,0.0251,0.0415,0.5613,0.0685,0.5215,0.0151,0.0372,0.5977,0.0618,0.3503,0.0226,0.0421,0.5495,0.0749,0.5228
2014-10-19T05:00:59.092Z,0.0244,0.0421,0.5603,0.0685,0.5068,0.0124,0.0344,0.5853,0.0574,0.3124,0.0209,0.0409,0.5353,0.0735,0.5124
2014-10-19T05:01:59.516Z,0.0262,0.0422,0.5546,0.0714,0.5473,0.0157,0.0359,0.5865,0.0605,0.3616,0.0203,0.0416,0.5357,0.0743,0.4995
2014-10-19T05:02:59.646Z,0.023,0.0385,0.538,0.0689,0.5259,0.015,0.0357,0.5843,0.0604,0.3502,0.0215,0.04,0.5246,0.0735,0.5274
2014-10-19T05:03:59.925Z,0.024,0.04,0.5486,0.07,0.5286,0.0151,0.0343,0.5723,0.0597,0.3606,0.0209,0.0394,0.5277,0.0726,0.5386
2014-10-19T05:04:59.214Z,0.0235,0.0413,0.559,0.0681,0.5003,0.0158,0.0374,0.5826,0.0642,0.3913,0.0203,0.0397,0.5174,0.0716,0.5013
2014-10-19T05:05:59.954Z,0.0264,0.0416,0.5534,0.0732,0.5689,0.017,0.0373,0.592,0.0623,0.3657,0.0214,0.0418,0.5389,0.0734,0.5275
2014-10-19T05:06:59.301Z,0.0231,0.0408,0.5531,0.0688,0.5127,0.015,0.0358,0.5765,0.0592,0.3715,0.0208,0.0412,0.5262,0.0731,0.5035
2014-10-19T05:07:59.659Z,0.0266,0.0424,0.5608,0.0726,0.5516,0.0182,0.0382,0.5918,0.0642,0.4045,0.0221,0.0424,0.5413,0.0732,0.5132
2014-10-19T05:08:59.028Z,0.0236,0.0386,0.5518,0.0682,0.4939,0.0136,0.0343,0.5775,0.0575,0.3032,0.02,0.0382,0.5086,0.0725,0.5086
2014-10-19T05:09:59.377Z,0.0256,0.0418,0.565,0.0682,0.5212,0.0138,0.0344,0.5762,0.0579,0.3335,0.0209,0.0403,0.5238,0.0738,0.5244
2014-10-19T05:10:59.038Z,0.0262,0.0415,0.5609,0.0703,0.5403,0.0159,0.0388,0.5891,0.0624,0.3491,0.0206,0.0403,0.5229,0.0724,0.5068
2014-10-19T05:11:59.486Z,0.0252,0.0419,0.5581,0.071,0.5319,0.0168,0.0365,0.5884,0.06,0.3813,0.021,0.0403,0.5303,0.0716,0.5177
2014-10-19T05:12:59.839Z,0.0242,0.0419,0.5561,0.0694,0.5042,0.0148,0.0335,0.5819,0.0571,0.3719,0.0206,0.04,0.5132,0.0726,0.5303
2014-10-19T05:13:59.321Z,0.0228,0.0406,0.5517,0.0694,0.4889,0.0142,0.0344,0.5869,0.0572,0.3306,0.0211,0.0403,0.5308,0.0731,0.5228
2014-10-19T05:14:59.762Z,0.0251,0.0412,0.552,0.0717,0.5493,0.0159,0.0354,0.5868,0.0593,0.378,0.022,0.0412,0.5337,0.0746,0.5405
2014-10-19T05:15:59.669Z,0.0246,0.0425,0.5629,0.0686,0.4904,0.0129,0.0332,0.5789,0.0568,0.3075,0.0221,0.0411,0.5254,0.0736,0.5382
2014-10-19T05:16:59.111Z,0.0244,0.0406,0.5571,0.0682,0.5315,0.0135,0.0353,0.5847,0.0597,0.3235,0.0209,0.04,0.5194,0.0729,0.515
2014-10-19T05:17:59.505Z,0.0213,0.0371,0.5419,0.0655,0.4874,0.0135,0.0339,0.5752,0.0561,0.3132,0.0203,0.0397,0.5158,0.0723,0.5058
2014-10-19T05:18:59.873Z,0.0247,0.0418,0.5553,0.07,0.5476,0.0135,0.0362,0.585,0.0606,0.3265,0.0209,0.0415,0.5324,0.0741,0.4976
2014-10-19T05:19:59.373Z,0.0224,0.0403,0.5536,0.0679,0.5012,0.0133,0.033,0.5755,0.0561,0.3364,0.0206,0.0391,0.5164,0.0727,0.5218
2014-10-19T05:20:59.888Z,0.0276,0.0441,0.5659,0.0738,0.5622,0.0157,0.0368,0.6005,0.06,0.357,0.0219,0.0424,0.5384,0.0754,0.5135
2014-10-19T05:21:59.123Z,0.0259,0.0424,0.5584,0.0703,0.5254,0.02,0.0395,0.5862,0.0659,0.4305,0.0219,0.0422,0.5468,0.0738,0.5122
2014-10-19T05:22:59.573Z,0.018,0.0373,0.537,0.063,0.4487,0.0143,0.0337,0.569,0.0567,0.356,0.0203,0.041,0.5293,0.0743,0.5067
2014-10-19T05:23:59.866Z,0.0229,0.0394,0.5477,0.0681,0.4903,0.0132,0.0339,0.5706,0.0571,0.3235,0.0203,0.041,0.5258,0.0729,0.4916
2014-10-19T05:24:59.295Z,0.0283,0.0459,0.5741,0.0734,0.5548,0.0152,0.0362,0.5917,0.0603,0.3662,0.0214,0.0407,0.5259,0.0734,0.5262
2014-10-19T05:25:59.784Z,0.027,0.0415,0.5588,0.0712,0.5558,0.0155,0.0367,0.5861,0.0618,0.3618,0.0227,0.0412,0.5388,0.073,0.5252
2014-10-19T05:26:59.427Z,0.0248,0.0421,0.5603,0.0706,0.5345,0.013,0.0342,0.5727,0.0591,0.3473,0.0206,0.0409,0.5218,0.0736,0.5261
2014-10-19T05:27:59.854Z,0.0273,0.0432,0.5662,0.0711,0.5649,0.0157,0.037,0.5859,0.0616,0.3654,0.0222,0.0422,0.5446,0.0743,0.5441
2014-10-19T05:28:59.336Z,0.0224,0.0388,0.5462,0.0665,0.5035,0.015,0.0374,0.59,0.0615,0.3665,0.0218,0.0415,0.5321,0.0741,0.5303
2014-10-19T05:29:59.627Z,0.0222,0.0405,0.553,0.0668,0.5046,0.0141,0.0338,0.5859,0.0581,0.3338,0.0222,0.0411,0.5308,0.073,0.5438
2014-10-19T05:30:59.968Z,0.0209,0.0379,0.5445,0.0645,0.4606,0.0139,0.0339,0.573,0.057,0.3603,0.0215,0.0397,0.5212,0.0739,0.5248
2014-10-19T05:31:59.347Z,0.0265,0.0423,0.5639,0.0713,0.559,0.0168,0.0368,0.5894,0.0606,0.3945,0.021,0.0406,0.5226,0.0742,0.5168
2014-10-19T05:32:59.984Z,0.02,0.0375,0.5397,0.0644,0.4828,0.0138,0.0331,0.5844,0.0566,0.3566,0.0216,0.0422,0.5363,0.0738,0.5144
2014-10-19T05:33:59.377Z,0.0282,0.0441,0.5691,0.0743,0.5843,0.0205,0.0411,0.6025,0.067,0.437,0.0218,0.0407,0.5391,0.0736,0.5364
2014-10-19T05:34:59.688Z,0.0227,0.04,0.5482,0.0691,0.5185,0.013,0.0336,0.5761,0.0567,0.3179,0.0203,0.0409,0.5285,0.0745,0.5042
2014-10-19T05:36:59.449Z,0.0259,0.0414,0.5565,0.0715,0.5283,0.0143,0.0351,0.5838,0.0584,0.3546,0.0215,0.042,0.537,0.074,0.521
2014-10-19T05:37:59.765Z,0.0265,0.0398,0.552,0.0698,0.5505,0.014,0.0345,0.5775,0.0575,0.3357,0.0198,0.04,0.5312,0.0732,0.4943
2014-10-19T05:38:59.190Z,0.0292,0.0443,0.5649,0.0762,0.5792,0.0157,0.0373,0.5795,0.0611,0.3873,0.0214,0.0403,0.5305,0.0727,0.5157
2014-10-19T05:39:59.552Z,0.0193,0.0357,0.5397,0.0627,0.466,0.0153,0.0347,0.5957,0.0573,0.347,0.019,0.0383,0.5083,0.0727,0.5023
2014-10-19T05:40:59.230Z,0.0217,0.0379,0.5431,0.0655,0.4879,0.0121,0.0321,0.5731,0.0531,0.3041,0.0197,0.0393,0.5145,0.0724,0.5003
2014-10-19T05:41:59.553Z,0.0294,0.0445,0.57,0.0733,0.5806,0.0179,0.037,0.5879,0.0624,0.4148,0.02,0.0394,0.5179,0.0739,0.5021
2014-10-19T05:42:59.930Z,0.0256,0.0397,0.5564,0.0679,0.5395,0.0154,0.0351,0.5869,0.059,0.3726,0.0203,0.0392,0.5264,0.0733,0.5028
2014-10-19T05:43:59.447Z,0.0222,0.0378,0.5512,0.0656,0.4647,0.0131,0.0316,0.5731,0.055,0.3544,0.0206,0.0409,0.5453,0.0731,0.5084
2014-10-19T05:44:59.819Z,0.0261,0.0406,0.5578,0.0703,0.5464,0.015,0.0356,0.5892,0.0575,0.3417,0.0211,0.0406,0.5267,0.0736,0.5225
2014-10-19T05:45:59.207Z,0.0242,0.04,0.5539,0.0697,0.5071,0.0177,0.0377,0.5848,0.0616,0.3639,0.0206,0.0403,0.53,0.0729,0.509
2014-10-19T05:46:59.548Z,0.0214,0.0361,0.5439,0.0653,0.5014,0.0153,0.0358,0.5794,0.0611,0.3744,0.0189,0.0383,0.5058,0.0725,0.5008
2014-10-19T05:47:59.873Z,0.0241,0.039,0.5427,0.069,0.5466,0.0193,0.0395,0.5941,0.0646,0.3939,0.0222,0.041,0.5315,0.0756,0.5446
2014-10-19T05:48:59.364Z,0.0247,0.0391,0.5538,0.0688,0.5094,0.0141,0.0344,0.5732,0.0585,0.3444,0.0215,0.0403,0.5268,0.0715,0.5385
2014-10-19T05:49:59.647Z,0.0282,0.0408,0.5582,0.0732,0.5734,0.0142,0.0334,0.5742,0.0576,0.3608,0.0211,0.0411,0.5245,0.0745,0.5232
2014-10-19T05:50:59.023Z,0.0225,0.0389,0.5428,0.0678,0.5031,0.0122,0.0339,0.5833,0.0569,0.3269,0.0211,0.0403,0.5325,0.0728,0.5267
2014-10-19T05:51:59.836Z,0.0223,0.0377,0.542,0.0657,0.4986,0.0137,0.0349,0.5783,0.0586,0.3646,0.0209,0.0403,0.5249,0.0734,0.5251
2014-10-19T05:52:59.334Z,0.023,0.0382,0.5491,0.0682,0.5009,0.0139,0.0345,0.5861,0.0576,0.3291,0.0224,0.04,0.5285,0.0733,0.5282
2014-10-19T05:53:59.302Z,0.0251,0.04,0.541,0.0713,0.539,0.0151,0.0362,0.5913,0.0592,0.3531,0.0221,0.0421,0.5426,0.0738,0.5231
2014-10-19T05:54:59.545Z,0.0217,0.0361,0.5389,0.0647,0.46,0.0147,0.0336,0.5767,0.0589,0.375,0.0197,0.0406,0.5261,0.0736,0.5111
2014-10-19T05:55:59.779Z,0.024,0.0394,0.5537,0.0689,0.4989,0.0157,0.0374,0.5897,0.0609,0.3717,0.0211,0.04,0.5297,0.0734,0.5117
2014-10-19T05:56:59.361Z,0.025,0.0388,0.5494,0.0685,0.5285,0.0138,0.0338,0.5741,0.0582,0.3865,0.0212,0.0412,0.53,0.0738,0.5203
2014-10-19T05:57:59.667Z,0.0223,0.0392,0.5423,0.0687,0.5031,0.0159,0.0354,0.5774,0.0603,0.3677,0.02,0.0392,0.5174,0.0728,0.4977
2014-10-19T05:58:59.051Z,0.0239,0.0387,0.5442,0.0689,0.5218,0.0132,0.0329,0.5808,0.0568,0.3282,0.0205,0.0405,0.5305,0.0734,0.5229
2014-10-19T05:59:59.400Z,0.0267,0.039,0.5567,0.069,0.5447,0.0133,0.0343,0.5797,0.0567,0.326,0.021,0.0397,0.511,0.0727,0.5157
2014-10-19T06:00:59.797Z,0.0235,0.04,0.5512,0.0682,0.4994,0.0132,0.0329,0.5762,0.0571,0.3482,0.0226,0.0406,0.5288,0.0732,0.5441
2014-10-19T06:01:59.162Z,0.0229,0.0383,0.5437,0.066,0.5103,0.0154,0.0351,0.5811,0.0583,0.3549,0.0217,0.0411,0.5231,0.0737,0.5103
2014-10-19T06:02:59.523Z,0.0235,0.0395,0.5478,0.0689,0.4846,0.0135,0.0343,0.5781,0.0589,0.3184,0.0192,0.0397,0.527,0.0741,0.4997
2014-10-19T06:03:59.937Z,0.0203,0.0353,0.5397,0.0644,0.4591,0.0131,0.0328,0.5806,0.0559,0.3234,0.0203,0.04,0.5187,0.0719,0.5084
2014-10-19T06:04:59.361Z,0.0232,0.0376,0.545,0.0676,0.5161,0.0147,0.0345,0.5718,0.0592,0.3676,0.0211,0.0408,0.5258,0.0724,0.5161
2014-10-19T06:05:59.717Z,0.0269,0.0425,0.5644,0.0706,0.5563,0.0119,0.0325,0.5709,0.0556,0.3116,0.02,0.0403,0.5325,0.0722,0.5103
2014-10-19T06:06:59.186Z,0.0234,0.0397,0.5531,0.0675,0.4897,0.0113,0.0319,0.5691,0.0544,0.29,0.0191,0.0397,0.5172,0.0728,0.5006
2014-10-19T06:07:59.608Z,0.0295,0.0433,0.5621,0.0752,0.5848,0.02,0.04,0.5971,0.0657,0.4314,0.0212,0.0398,0.519,0.0729,0.5267
2014-10-19T06:08:59.999Z,0.0257,0.0406,0.5494,0.07,0.5494,0.0154,0.0363,0.5829,0.06,0.3377,0.02,0.0409,0.5346,0.0729,0.5137
2014-10-19T06:09:59.374Z,0.0238,0.0386,0.5503,0.0686,0.5048,0.0131,0.0321,0.5748,0.0541,0.2879,0.0207,0.0397,0.5231,0.0728,0.5259
2014-10-19T06:10:59.700Z,0.0238,0.0397,0.5503,0.0676,0.5268,0.0159,0.035,0.5894,0.0582,0.3829,0.0215,0.0409,0.5309,0.0738,0.5247
2014-10-19T06:11:59.123Z,0.0282,0.0436,0.5557,0.0743,0.5823,0.0161,0.0359,0.5725,0.062,0.3941,0.0218,0.042,0.5366,0.0752,0.5318
2014-10-19T06:12:59.611Z,0.026,0.0417,0.5606,0.0703,0.538,0.0186,0.0369,0.5957,0.0594,0.3957,0.0209,0.0394,0.5234,0.0729,0.5303
2014-10-19T06:13:59.898Z,0.0253,0.0409,0.5556,0.0697,0.5165,0.0126,0.0329,0.5779,0.0559,0.3329,0.0212,0.0415,0.525,0.0738,0.5185
2014-10-19T06:14:59.337Z,0.0278,0.0429,0.5541,0.0751,0.5651,0.0161,0.0376,0.59,0.0632,0.37,0.0215,0.042,0.5393,0.0734,0.499
2014-10-19T06:15:59.793Z,0.0258,0.0406,0.5547,0.0714,0.5433,0.0131,0.035,0.5831,0.06,0.35,0.0208,0.0403,0.525,0.0739,0.5128
2014-10-19T06:16:59.841Z,0.0289,0.0432,0.5618,0.0741,0.5816,0.0186,0.038,0.592,0.0634,0.4361,0.0205,0.0409,0.537,0.0739,0.5143
2014-10-19T06:17:59.199Z,0.0278,0.0427,0.5603,0.0735,0.5527,0.0159,0.0357,0.5808,0.0586,0.3832,0.0219,0.0397,0.5289,0.0735,0.5219
2014-10-19T06:18:59.602Z,0.0239,0.0388,0.5548,0.067,0.5088,0.0133,0.0336,0.5824,0.0558,0.3585,0.02,0.0403,0.5158,0.073,0.5164
2014-10-19T06:19:59.936Z,0.0229,0.0376,0.545,0.0656,0.5112,0.0126,0.0324,0.5724,0.055,0.325,0.0194,0.0391,0.5171,0.0729,0.4935
2014-10-19T06:20:59.343Z,0.0271,0.0417,0.5593,0.0714,0.5645,0.0176,0.0383,0.6002,0.061,0.3479,0.0205,0.04,0.5252,0.0731,0.5017
2014-10-19T06:21:59.757Z,0.0266,0.0391,0.5506,0.0694,0.5406,0.0146,0.0357,0.574,0.0603,0.3586,0.02,0.0391,0.514,0.0743,0.5071
2014-10-19T06:22:59.116Z,0.0279,0.041,0.5595,0.0714,0.5705,0.0167,0.0364,0.5855,0.0614,0.3862,0.0205,0.0402,0.5188,0.0736,0.5169
2014-10-19T06:23:59.541Z,0.0253,0.0403,0.5517,0.0707,0.518,0.012,0.031,0.5647,0.0537,0.3193,0.019,0.0387,0.5097,0.073,0.51
2014-10-19T06:24:59.511Z,0.0244,0.0389,0.5533,0.0697,0.5183,0.0128,0.0333,0.5811,0.0572,0.3206,0.0211,0.0406,0.5308,0.0725,0.5222
2014-10-19T06:25:59.828Z,0.0247,0.0408,0.5606,0.0681,0.5058,0.0169,0.0369,0.5925,0.0603,0.3611,0.0214,0.0397,0.5208,0.0719,0.5236
2014-10-19T06:26:59.254Z,0.0251,0.0413,0.5536,0.071,0.5338,0.0172,0.0359,0.5844,0.0603,0.3764,0.0218,0.041,0.5313,0.0731,0.5167
2014-10-19T06:27:59.678Z,0.0236,0.0382,0.5479,0.0657,0.4896,0.0118,0.0321,0.5796,0.0546,0.2818,0.02,0.0386,0.5046,0.0729,0.5
2014-10-19T06:28:59.992Z,0.0236,0.0372,0.5367,0.0685,0.5441,0.0156,0.0354,0.5823,0.0597,0.3808,0.0228,0.0428,0.5472,0.0751,0.5333
2014-10-19T06:29:59.353Z,0.026,0.04,0.5543,0.072,0.5429,0.0137,0.0343,0.5671,0.06,0.36,0.0206,0.0397,0.5126,0.0731,0.5246
2014-10-19T06:30:59.745Z,0.0233,0.0373,0.5407,0.0673,0.518,0.013,0.0323,0.5677,0.0543,0.3057,0.0207,0.0397,0.5207,0.073,0.5207
2014-10-19T06:31:59.599Z,0.024,0.0386,0.5494,0.068,0.5151,0.0163,0.036,0.5857,0.0606,0.388,0.0191,0.0394,0.5177,0.0731,0.4994
2014-10-19T06:32:59.017Z,0.0232,0.0382,0.5456,0.0662,0.5009,0.0121,0.0318,0.5685,0.0541,0.3106,0.0215,0.0406,0.5209,0.0735,0.5274
2014-10-19T06:33:59.818Z,0.0256,0.0409,0.5574,0.0709,0.5441,0.0162,0.0365,0.5874,0.0588,0.3532,0.0212,0.0409,0.5312,0.0741,0.5329
2014-10-19T06:34:59.176Z,0.0187,0.0339,0.5297,0.0616,0.4468,0.0106,0.0313,0.5632,0.0542,0.299,0.0235,0.0429,0.53,0.0761,0.5174
2014-10-19T06:35:59.492Z,0.0262,0.0412,0.554,0.0712,0.5598,0.0162,0.0371,0.5874,0.0619,0.3769,0.0226,0.041,0.529,0.075,0.5419
2014-10-19T06:36:59.911Z,0.0232,0.0381,0.5465,0.0665,0.4952,0.0116,0.0332,0.5687,0.0571,0.3019,0.0213,0.0403,0.5258,0.0735,0.5113
2014-10-19T06:37:59.363Z,0.0256,0.0415,0.5582,0.0694,0.5229,0.0135,0.0347,0.5838,0.0582,0.3121,0.0203,0.0394,0.5174,0.0732,0.5115
2014-10-19T06:38:59.545Z,0.0259,0.0393,0.5461,0.0725,0.568,0.0152,0.0364,0.5927,0.0598,0.3482,0.023,0.0416,0.5364,0.0739,0.5227
2014-10-19T06:39:59.922Z,0.0256,0.0403,0.5558,0.0694,0.5186,0.0164,0.0369,0.5817,0.0606,0.3842,0.0211,0.0406,0.5272,0.0728,0.5183
2014-10-19T06:40:59.288Z,0.0251,0.0419,0.5586,0.0727,0.5259,0.0195,0.0392,0.5932,0.0638,0.3986,0.0219,0.0411,0.5373,0.0735,0.5324
2014-10-19T06:41:59.672Z,0.0232,0.0387,0.5468,0.069,0.4923,0.0155,0.0365,0.5877,0.0606,0.3639,0.021,0.0403,0.531,0.0735,0.5052
2014-10-19T06:42:59.124Z,0.0224,0.0406,0.5535,0.0676,0.4897,0.0141,0.0347,0.5738,0.0606,0.3341,0.0224,0.0406,0.5285,0.0735,0.5332
2014-10-19T06:43:59.461Z,0.0226,0.0389,0.548,0.0689,0.4869,0.0146,0.0351,0.5889,0.0589,0.3371,0.0211,0.0406,0.5329,0.0734,0.5277
2014-10-19T06:44:59.996Z,0.0224,0.04,0.5533,0.0661,0.4927,0.0124,0.0318,0.5724,0.0561,0.3118,0.0188,0.04,0.52,0.0724,0.4873
2014-10-19T06:45:59.394Z,0.0273,0.0435,0.5611,0.0732,0.5732,0.0173,0.0378,0.5889,0.0624,0.3843,0.0216,0.0416,0.547,0.0746,0.5051
2014-10-19T06:46:59.828Z,0.0251,0.0408,0.5619,0.0686,0.5211,0.0122,0.0311,0.5614,0.0541,0.3335,0.0216,0.0405,0.5311,0.0735,0.5327
2014-10-19T06:47:59.248Z,0.025,0.0409,0.5535,0.0712,0.5368,0.0147,0.0347,0.5779,0.0579,0.3735,0.0203,0.0397,0.5262,0.0732,0.5156
2014-10-19T06:48:59.557Z,0.0236,0.0385,0.5445,0.0688,0.527,0.0115,0.0321,0.5709,0.0561,0.3179,0.0212,0.0424,0.5339,0.0748,0.5121
2014-10-19T06:49:59.995Z,0.0286,0.0433,0.5625,0.0725,0.5839,0.0169,0.0375,0.5892,0.0628,0.3906,0.02,0.0397,0.5167,0.0719,0.5022
2014-10-19T06:50:59.517Z,0.0285,0.0426,0.5712,0.0732,0.5668,0.0147,0.0362,0.5947,0.0597,0.3335,0.0206,0.0397,0.5197,0.0738,0.5218
2014-10-19T06:51:59.096Z,0.0213,0.036,0.545,0.0637,0.4683,0.0103,0.0313,0.564,0.0537,0.2893,0.0193,0.039,0.5177,0.0733,0.4963
2014-10-19T06:52:59.500Z,0.0241,0.0403,0.5562,0.0672,0.5007,0.0117,0.0345,0.5817,0.0562,0.2672,0.02,0.04,0.5214,0.0731,0.5152
2014-10-19T06:53:59.969Z,0.0255,0.0419,0.5597,0.0677,0.5116,0.0126,0.0319,0.5755,0.0545,0.3223,0.02,0.039,0.5119,0.0719,0.51
2014-10-19T06:54:59.329Z,0.0248,0.0388,0.5567,0.0688,0.5194,0.0145,0.0342,0.577,0.0585,0.36,0.02,0.04,0.5221,0.0733,0.4973
2014-10-19T06:55:59.775Z,0.0234,0.0397,0.5391,0.0683,0.5357,0.0131,0.034,0.5694,0.0583,0.3457,0.0223,0.04,0.5226,0.0746,0.546
2014-10-19T06:56:59.234Z,0.0248,0.0403,0.5573,0.0694,0.5288,0.0133,0.0333,0.5648,0.0579,0.3488,0.0203,0.0391,0.5139,0.0727,0.5215
2014-10-19T06:57:59.649Z,0.0247,0.0411,0.5513,0.0695,0.5413,0.0134,0.0361,0.5887,0.0605,0.3084,0.0205,0.04,0.5142,0.0747,0.5008
2014-10-19T06:58:59.128Z,0.0263,0.0431,0.562,0.0709,0.55,0.0191,0.0383,0.586,0.064,0.4334,0.0217,0.0411,0.5337,0.0737,0.5071
2014-10-19T06:59:59.078Z,0.0256,0.0419,0.5502,0.0716,0.547,0.013,0.0321,0.5702,0.0549,0.3379,0.0209,0.0407,0.53,0.0737,0.5212
2014-10-19T07:00:59.706Z,0.0256,0.0419,0.5509,0.0728,0.5584,0.0149,0.0347,0.59,0.0605,0.3791,0.0205,0.0402,0.5267,0.0737,0.5156
2014-10-19T07:01:59.027Z,0.0239,0.039,0.5435,0.0684,0.5239,0.0135,0.0332,0.5723,0.0565,0.331,0.0216,0.0413,0.529,0.0735,0.5219
2014-10-19T07:02:59.509Z,0.0248,0.0394,0.5455,0.0697,0.5419,0.0158,0.0348,0.5758,0.0581,0.3726,0.0206,0.0403,0.5239,0.0735,0.5113
2014-10-19T07:03:59.064Z,0.0232,0.0397,0.5518,0.0676,0.485,0.0124,0.0326,0.5691,0.055,0.3041,0.0212,0.0391,0.5203,0.0712,0.5324
2014-10-19T07:04:59.497Z,0.0209,0.0367,0.5385,0.0639,0.4652,0.0145,0.0345,0.5861,0.0573,0.3106,0.0227,0.0409,0.5245,0.0742,0.5315
2014-10-19T07:05:59.821Z,0.0279,0.0436,0.5633,0.0729,0.5683,0.0145,0.0348,0.5721,0.0612,0.3738,0.0219,0.0412,0.5276,0.0736,0.5276
2014-10-19T07:06:59.234Z,0.027,0.0424,0.5588,0.0718,0.5844,0.017,0.038,0.5894,0.0626,0.3852,0.021,0.0404,0.5294,0.0736,0.5152
2014-10-19T07:07:59.559Z,0.0228,0.0369,0.5406,0.0656,0.5056,0.0131,0.0336,0.5753,0.0586,0.3417,0.0208,0.04,0.5281,0.0736,0.5183
2014-10-19T07:08:59.725Z,0.0282,0.0444,0.5674,0.0729,0.5506,0.0168,0.0374,0.5879,0.0621,0.3794,0.0194,0.0388,0.5094,0.0726,0.5
2014-10-19T07:09:59.143Z,0.0249,0.0417,0.5503,0.0711,0.546,0.014,0.0334,0.5763,0.0571,0.3663,0.0223,0.0414,0.5286,0.0734,0.5326
2014-10-19T07:10:59.009Z,0.0277,0.0423,0.5551,0.0751,0.5774,0.0131,0.0334,0.5717,0.056,0.2957,0.0211,0.0409,0.528,0.074,0.5289
2014-10-19T07:11:59.425Z,0.0239,0.0402,0.5493,0.0698,0.5322,0.0178,0.0383,0.59,0.0627,0.4076,0.0212,0.0395,0.5322,0.0732,0.5246
2014-10-19T07:12:59.847Z,0.0249,0.0415,0.5556,0.072,0.5283,0.0151,0.0354,0.5807,0.0602,0.3734,0.0229,0.042,0.539,0.0737,0.5302
2014-10-19T07:13:59.254Z,0.0256,0.0408,0.5526,0.0703,0.54,0.0164,0.0359,0.5838,0.06,0.3833,0.0221,0.0408,0.5305,0.0736,0.5308
2014-10-19T07:14:59.680Z,0.0265,0.0421,0.5653,0.0718,0.5365,0.0132,0.0338,0.5741,0.0579,0.3488,0.0206,0.0406,0.525,0.0744,0.5135
2014-10-19T07:15:59.238Z,0.0203,0.0362,0.5345,0.0631,0.4628,0.0097,0.0293,0.5576,0.05,0.2831,0.0224,0.04,0.5238,0.0738,0.5341
2014-10-19T07:16:59.421Z,0.0255,0.0376,0.547,0.0691,0.5209,0.0145,0.0339,0.5745,0.0567,0.3185,0.0194,0.0394,0.5045,0.0724,0.4912
2014-10-19T07:17:59.880Z,0.0267,0.0412,0.5597,0.0706,0.5458,0.0161,0.0348,0.5842,0.0588,0.3755,0.0218,0.0406,0.5236,0.0748,0.533
2014-10-19T07:18:59.516Z,0.0235,0.0391,0.5471,0.0679,0.5215,0.0174,0.0379,0.5935,0.0624,0.3862,0.0229,0.0415,0.5356,0.0744,0.5444
2014-10-19T07:19:59.941Z,0.023,0.0394,0.5455,0.0667,0.5142,0.0127,0.0327,0.577,0.0552,0.3176,0.0206,0.0391,0.5167,0.0736,0.5145
2014-10-19T07:20:59.531Z,0.024,0.0389,0.5446,0.0689,0.5231,0.014,0.034,0.5743,0.0569,0.3503,0.0209,0.04,0.5283,0.0734,0.5106
2014-10-19T07:21:59.911Z,0.0249,0.042,0.5523,0.0711,0.5337,0.014,0.0343,0.5806,0.0571,0.3311,0.0203,0.0403,0.5226,0.0743,0.5077
2014-10-19T07:22:59.303Z,0.0269,0.0425,0.5569,0.0728,0.5606,0.0161,0.0361,0.5808,0.0628,0.3867,0.0214,0.0403,0.52,0.0733,0.5111
2014-10-19T07:23:59.069Z,0.024,0.0405,0.551,0.068,0.502,0.0155,0.0353,0.5798,0.0595,0.372,0.0198,0.0393,0.5175,0.073,0.511
2014-10-19T07:24:59.387Z,0.0242,0.0371,0.5392,0.0695,0.5424,0.0171,0.0374,0.5884,0.0618,0.3758,0.0218,0.0403,0.5234,0.0737,0.5342
2014-10-19T07:25:59.778Z,0.0236,0.0392,0.5478,0.0678,0.5208,0.0144,0.0356,0.5781,0.0603,0.3619,0.0211,0.0392,0.5194,0.0725,0.525
2014-10-19T07:26:59.440Z,0.0242,0.0418,0.5579,0.0688,0.513,0.0148,0.0358,0.5867,0.0585,0.3536,0.0218,0.0415,0.5242,0.0755,0.5139
2014-10-19T07:27:59.811Z,0.0265,0.0422,0.5584,0.0722,0.5492,0.0157,0.0365,0.5732,0.0603,0.373,0.0216,0.04,0.5173,0.0749,0.5222
2014-10-19T07:28:59.450Z,0.0288,0.0431,0.5644,0.0725,0.56,0.0128,0.0316,0.5656,0.0544,0.3253,0.0219,0.0409,0.5259,0.0747,0.5147
2014-10-19T07:29:59.806Z,0.0225,0.0375,0.5447,0.0644,0.4769,0.0141,0.0353,0.5806,0.0594,0.3178,0.0203,0.04,0.5253,0.0725,0.5131
2014-10-19T07:30:59.175Z,0.0269,0.0431,0.5594,0.0728,0.5378,0.0122,0.0334,0.5703,0.0569,0.3006,0.0188,0.0394,0.5197,0.0722,0.4947
2014-10-19T07:31:59.066Z,0.0249,0.0391,0.5529,0.0694,0.5189,0.0146,0.0354,0.5711,0.0603,0.3434,0.0206,0.0403,0.5234,0.0731,0.5294
2014-10-19T07:32:59.498Z,0.0244,0.0389,0.5383,0.0708,0.5417,0.0167,0.0367,0.5828,0.0611,0.385,0.0208,0.0394,0.5089,0.0728,0.5211
2014-10-19T07:33:59.006Z,0.0232,0.04,0.5438,0.0694,0.515,0.0138,0.0341,0.5732,0.0591,0.3432,0.02,0.0391,0.5171,0.0729,0.5197
2014-10-19T07:34:59.502Z,0.0252,0.0406,0.5587,0.0681,0.5171,0.0148,0.0342,0.5865,0.0577,0.3868,0.021,0.04,0.5152,0.0726,0.5152
2014-10-19T07:35:59.981Z,0.0239,0.0394,0.5486,0.0681,0.5222,0.0172,0.0361,0.5825,0.0606,0.3981,0.02,0.0394,0.5108,0.0736,0.5092
2014-10-19T07:36:59.124Z,0.0255,0.0411,0.5545,0.0723,0.5325,0.0148,0.0364,0.5836,0.0605,0.3668,0.023,0.0423,0.5439,0.0748,0.5368
2014-10-19T07:37:59.417Z,0.0259,0.0403,0.5528,0.0703,0.5355,0.0155,0.0341,0.5762,0.0576,0.3883,0.0203,0.04,0.521,0.0731,0.5341
2014-10-19T07:38:59.913Z,0.0247,0.0422,0.5619,0.07,0.5203,0.0136,0.0336,0.5697,0.0581,0.36,0.0206,0.0397,0.5122,0.0728,0.525
2014-10-19T07:39:59.456Z,0.0282,0.0428,0.5621,0.0736,0.5813,0.0167,0.0356,0.5849,0.0608,0.3949,0.0208,0.0397,0.521,0.0744,0.5256
2014-10-19T07:40:59.954Z,0.0229,0.0371,0.5358,0.0665,0.5313,0.0145,0.0348,0.5706,0.0577,0.3426,0.0219,0.0403,0.5155,0.0745,0.5381
2014-10-19T07:41:59.297Z,0.0245,0.04,0.5466,0.0695,0.5168,0.0174,0.0379,0.5961,0.0621,0.3871,0.0211,0.0397,0.5205,0.0721,0.5311
2014-10-19T07:42:59.797Z,0.0258,0.0415,0.5521,0.0709,0.5567,0.0158,0.0345,0.5739,0.06,0.3894,0.023,0.0415,0.5303,0.0742,0.5427
2014-10-19T07:43:59.201Z,0.0232,0.0374,0.545,0.0656,0.5009,0.0138,0.0332,0.5735,0.0571,0.3218,0.0212,0.0406,0.5209,0.0738,0.5209
2014-10-19T07:44:59.146Z,0.0247,0.0408,0.55,0.0703,0.5397,0.0175,0.0375,0.5892,0.0644,0.4183,0.0211,0.04,0.5164,0.0733,0.5258
2014-10-19T07:45:59.573Z,0.0246,0.0398,0.5473,0.0695,0.4932,0.0178,0.0376,0.5932,0.061,0.391,0.0234,0.041,0.5388,0.0744,0.5515
2014-10-19T07:46:59.344Z,0.0256,0.0414,0.5561,0.0706,0.5289,0.0114,0.0314,0.5692,0.0547,0.2939,0.0203,0.0394,0.5136,0.0714,0.5139
2014-10-19T07:47:59.629Z,0.0232,0.0374,0.5458,0.0666,0.5018,0.0176,0.0392,0.5884,0.0642,0.3816,0.0216,0.0403,0.5226,0.0737,0.53
2014-10-19T07:48:59.113Z,0.0264,0.0405,0.5544,0.071,0.5433,0.0151,0.0367,0.5838,0.0608,0.3577,0.02,0.0387,0.5113,0.0728,0.5141
2014-10-19T07:49:59.577Z,0.0251,0.0389,0.5473,0.0697,0.5443,0.0165,0.0373,0.5841,0.0605,0.3595,0.0227,0.0419,0.5327,0.0765,0.5376
2014-10-19T07:50:59.970Z,0.0245,0.0412,0.5567,0.0688,0.5221,0.0139,0.0336,0.5803,0.0558,0.3494,0.0218,0.0409,0.5209,0.0758,0.5142
2014-10-19T07:51:59.418Z,0.021,0.0361,0.5384,0.0632,0.4635,0.0126,0.0319,0.5703,0.0539,0.331,0.0203,0.041,0.5252,0.0752,0.4874
2014-10-19T07:52:59.873Z,0.0274,0.0416,0.5671,0.071,0.5487,0.011,0.0313,0.5703,0.0542,0.2971,0.0206,0.039,0.5116,0.0735,0.5048
2014-10-19T07:53:59.170Z,0.0232,0.037,0.5419,0.067,0.5116,0.0132,0.0349,0.5805,0.0584,0.3219,0.0203,0.0395,0.517,0.0741,0.5127
2014-10-19T07:54:59.936Z,0.028,0.0411,0.5522,0.0731,0.5864,0.0193,0.0389,0.5873,0.0649,0.4473,0.0222,0.0409,0.53,0.0751,0.5316
2014-10-19T07:55:59.302Z,0.0197,0.0356,0.5384,0.0634,0.4784,0.0109,0.0313,0.5691,0.0559,0.2875,0.0203,0.0378,0.5109,0.0716,0.5328
2014-10-19T07:56:59.811Z,0.0258,0.0418,0.5555,0.0691,0.54,0.0115,0.0315,0.5655,0.0524,0.3182,0.0206,0.0394,0.5148,0.0733,0.5179
2014-10-19T07:57:59.180Z,0.0263,0.0414,0.5546,0.0706,0.5326,0.0154,0.0357,0.5851,0.0586,0.35,0.0229,0.042,0.5291,0.074,0.514
2014-10-19T07:58:59.592Z,0.0218,0.0382,0.5447,0.0656,0.4868,0.0132,0.0341,0.5753,0.0571,0.3215,0.0209,0.0388,0.5112,0.0724,0.5215
2014-10-19T07:59:59.422Z,0.0216,0.0378,0.5412,0.0659,0.5013,0.0141,0.0344,0.5694,0.0597,0.3741,0.0209,0.0397,0.5041,0.0744,0.5078
2014-10-19T08:00:59.848Z,0.026,0.0411,0.5506,0.0706,0.5549,0.0166,0.0357,0.5789,0.0623,0.4003,0.0203,0.0391,0.5251,0.0723,0.5163
2014-10-19T08:01:59.241Z,0.0215,0.0385,0.5382,0.0667,0.4924,0.0179,0.037,0.5885,0.0621,0.3933,0.0236,0.0424,0.5318,0.0755,0.5512
2014-10-19T08:02:59.826Z,0.027,0.0433,0.5583,0.0713,0.553,0.0127,0.035,0.5773,0.0577,0.3227,0.0183,0.0373,0.504,0.0727,0.5107
2014-10-19T08:03:59.293Z,0.0274,0.0437,0.567,0.0721,0.5602,0.0174,0.0365,0.5742,0.0621,0.4007,0.0219,0.0407,0.5302,0.0744,0.5337
2014-10-19T08:04:59.617Z,0.0283,0.0429,0.5577,0.0743,0.582,0.0146,0.0357,0.5711,0.0606,0.3654,0.0203,0.04,0.5191,0.0737,0.5249
2014-10-19T08:05:59.055Z,0.0236,0.0394,0.5403,0.0682,0.5194,0.0155,0.0352,0.5794,0.0618,0.3439,0.0212,0.0409,0.5218,0.0739,0.5176
2014-10-19T08:06:59.414Z,0.0254,0.0403,0.5549,0.0694,0.5354,0.0174,0.0366,0.5834,0.0609,0.3969,0.0209,0.0397,0.5214,0.0723,0.53
2014-10-19T08:07:59.895Z,0.024,0.0397,0.5493,0.069,0.4957,0.014,0.0343,0.583,0.0567,0.3367,0.02,0.0397,0.5083,0.073,0.5163
2014-10-19T08:08:59.226Z,0.0243,0.0404,0.5536,0.0689,0.5171,0.0157,0.0364,0.5818,0.0611,0.3639,0.0204,0.0393,0.5032,0.0732,0.5193
2014-10-19T08:09:59.572Z,0.0256,0.0416,0.5521,0.0723,0.5626,0.0163,0.0363,0.583,0.0607,0.3791,0.023,0.0409,0.5328,0.073,0.5586
2014-10-19T08:10:59.107Z,0.0222,0.0389,0.5405,0.0681,0.4727,0.0124,0.0343,0.5862,0.0581,0.3235,0.0205,0.0405,0.53,0.0735,0.5162
2014-10-19T08:11:59.563Z,0.0224,0.0385,0.5424,0.0679,0.5176,0.0156,0.0356,0.5785,0.0609,0.3456,0.0203,0.0403,0.5138,0.0729,0.5132
2014-10-19T08:12:59.162Z,0.0259,0.0419,0.5578,0.0711,0.5257,0.0127,0.0335,0.5746,0.057,0.3303,0.0227,0.043,0.5368,0.0743,0.5265
2014-10-19T08:13:59.301Z,0.022,0.0366,0.5497,0.0663,0.4897,0.0146,0.0349,0.5814,0.0586,0.3417,0.0217,0.0417,0.5286,0.0757,0.5237
2014-10-19T08:14:59.693Z,0.026,0.04,0.5458,0.0718,0.5705,0.0145,0.0345,0.5758,0.0593,0.3698,0.0218,0.0405,0.5247,0.0733,0.5093
2014-10-19T08:15:59.119Z,0.024,0.0394,0.5443,0.0686,0.5423,0.0163,0.0354,0.5789,0.0617,0.4029,0.0211,0.0397,0.5177,0.0729,0.5229
2014-10-19T08:16:59.821Z,0.0269,0.0414,0.5563,0.0754,0.5757,0.0151,0.0371,0.5766,0.0631,0.362,0.0206,0.0406,0.52,0.0726,0.5094
2014-10-19T08:17:59.202Z,0.0281,0.0425,0.5619,0.0728,0.5792,0.0153,0.035,0.5794,0.0592,0.3503,0.0206,0.0389,0.5164,0.0725,0.5375
2014-10-19T08:18:59.802Z,0.0273,0.0427,0.5645,0.073,0.5485,0.0148,0.0367,0.5852,0.0606,0.3512,0.0209,0.0391,0.5206,0.0742,0.5291
2014-10-19T08:19:59.351Z,0.027,0.0426,0.5566,0.0734,0.5902,0.02,0.0404,0.5979,0.0651,0.4321,0.023,0.0409,0.5357,0.0751,0.5385
2014-10-19T08:20:59.980Z,0.025,0.0392,0.545,0.0692,0.5333,0.0164,0.0367,0.5839,0.06,0.375,0.0217,0.0403,0.5283,0.0719,0.5331
2014-10-19T08:21:59.453Z,0.0251,0.0395,0.5479,0.0705,0.5326,0.0162,0.0377,0.5877,0.0615,0.3631,0.0215,0.0403,0.5233,0.0733,0.5274
2014-10-19T08:22:59.846Z,0.0239,0.0396,0.5557,0.0675,0.5032,0.0143,0.0336,0.5811,0.0571,0.3511,0.0214,0.0404,0.5225,0.0729,0.5407
2014-10-19T08:23:59.502Z,0.022,0.0377,0.5407,0.0643,0.4923,0.0137,0.0337,0.576,0.0583,0.3257,0.0197,0.04,0.5117,0.073,0.5023
2014-10-19T08:24:59.953Z,0.025,0.0428,0.5558,0.0717,0.5458,0.0153,0.0375,0.5897,0.0606,0.3631,0.0206,0.0408,0.5297,0.0731,0.5425
2014-10-19T08:25:59.609Z,0.0256,0.0418,0.5629,0.0715,0.5165,0.0141,0.0353,0.5806,0.0597,0.3268,0.0209,0.0403,0.5232,0.0715,0.5229
2014-10-19T08:26:59.057Z,0.0206,0.0368,0.5448,0.0642,0.4729,0.0123,0.0313,0.5723,0.0519,0.3132,0.021,0.0394,0.5229,0.0729,0.5261
2014-10-19T08:27:59.393Z,0.0212,0.0376,0.5418,0.0645,0.4885,0.0142,0.0333,0.5648,0.0573,0.3076,0.0209,0.0394,0.5206,0.073,0.5088
2014-10-19T08:28:59.748Z,0.0227,0.0386,0.5395,0.067,0.5149,0.0173,0.0373,0.5816,0.0632,0.3946,0.0222,0.0405,0.5216,0.0735,0.5365
2014-10-19T08:29:59.279Z,0.0239,0.0392,0.5482,0.0684,0.535,0.0163,0.0371,0.5908,0.0624,0.3634,0.0189,0.0387,0.5163,0.0724,0.4887
2014-10-19T08:30:59.747Z,0.0249,0.0392,0.5415,0.0697,0.5318,0.0179,0.0367,0.5885,0.0603,0.3928,0.0238,0.0428,0.5336,0.0751,0.5613
2014-10-19T08:31:59.198Z,0.024,0.0406,0.5529,0.0686,0.5143,0.0126,0.034,0.5763,0.0566,0.306,0.0214,0.0403,0.5166,0.0737,0.5246
2014-10-19T08:32:59.695Z,0.027,0.0415,0.561,0.072,0.5763,0.0185,0.0383,0.587,0.0633,0.4103,0.0213,0.0398,0.5257,0.0722,0.5243
2014-10-19T08:33:59.057Z,0.026,0.0425,0.559,0.0703,0.5417,0.0138,0.035,0.5778,0.06,0.358,0.021,0.039,0.5148,0.0727,0.525
2014-10-19T08:34:59.391Z,0.0203,0.0374,0.5354,0.066,0.4643,0.014,0.0337,0.5754,0.058,0.3451,0.022,0.0411,0.5369,0.0746,0.5214
2014-10-19T08:36:59.361Z,0.0244,0.0401,0.5496,0.0687,0.5418,0.0134,0.0351,0.5793,0.06,0.3292,0.0215,0.0406,0.521,0.0741,0.5317
2014-10-19T08:37:59.756Z,0.0259,0.0412,0.5549,0.0705,0.5302,0.0166,0.0376,0.5898,0.0629,0.3639,0.021,0.0402,0.5217,0.0732,0.5224
2014-10-19T08:38:59.778Z,0.0244,0.04,0.5497,0.0688,0.5266,0.0156,0.0347,0.5759,0.0594,0.3628,0.0206,0.0409,0.5278,0.075,0.5106
2014-10-19T08:39:59.222Z,0.0234,0.0406,0.5546,0.0669,0.5117,0.0129,0.0337,0.5697,0.058,0.3091,0.0209,0.0403,0.5169,0.0749,0.5371
2014-10-19T08:40:59.668Z,0.0247,0.0412,0.5579,0.0685,0.5159,0.0141,0.0335,0.5768,0.0576,0.3668,0.0226,0.0424,0.5374,0.0735,0.5576
2014-10-19T08:41:59.135Z,0.0232,0.0385,0.5421,0.0679,0.5329,0.0156,0.0365,0.5829,0.0606,0.3585,0.0215,0.0412,0.5232,0.0738,0.53
2014-10-19T08:42:59.541Z,0.024,0.0391,0.5463,0.0691,0.536,0.018,0.0374,0.5749,0.0629,0.414,0.0194,0.0389,0.5106,0.0726,0.5026
2014-10-19T08:43:59.881Z,0.0261,0.0432,0.5648,0.0726,0.5461,0.0165,0.0358,0.5758,0.0603,0.3816,0.021,0.0394,0.5174,0.0719,0.5297
2014-10-19T08:44:59.320Z,0.0257,0.0412,0.551,0.0712,0.56,0.019,0.0376,0.5888,0.0621,0.4076,0.0229,0.0431,0.5448,0.076,0.5402
2014-10-19T08:45:59.906Z,0.0258,0.0418,0.5525,0.0707,0.5632,0.0135,0.035,0.5862,0.0583,0.3643,0.0223,0.0405,0.5375,0.0735,0.5315
2014-10-19T08:46:59.346Z,0.0245,0.041,0.5527,0.0713,0.5353,0.0175,0.0393,0.5925,0.0638,0.382,0.0205,0.041,0.5235,0.0748,0.533
2014-10-19T08:47:59.752Z,0.0222,0.0394,0.55,0.0672,0.5109,0.0156,0.0344,0.5853,0.0578,0.3838,0.0225,0.0409,0.5363,0.0728,0.5566
2014-10-19T08:48:59.724Z,0.0233,0.0412,0.5618,0.0673,0.4973,0.0139,0.0352,0.5821,0.0588,0.3452,0.02,0.0391,0.5221,0.0739,0.5118
2014-10-19T08:49:59.055Z,0.0232,0.0411,0.5442,0.0708,0.5137,0.0176,0.0379,0.5861,0.0629,0.4289,0.0221,0.0418,0.5339,0.0747,0.5326
2014-10-19T08:50:59.468Z,0.0268,0.0435,0.5655,0.071,0.5461,0.0152,0.0368,0.5877,0.0623,0.3742,0.0203,0.0403,0.5239,0.0732,0.5148
2014-10-19T08:51:59.052Z,0.0227,0.0394,0.5442,0.0696,0.5306,0.0196,0.0413,0.6069,0.0663,0.4042,0.0233,0.0429,0.5469,0.0773,0.539
2014-10-19T08:52:59.534Z,0.0282,0.0441,0.5679,0.0738,0.5849,0.0159,0.0369,0.5841,0.0618,0.3762,0.0221,0.0426,0.5359,0.0767,0.5282
2014-10-19T08:53:59.981Z,0.0258,0.0412,0.5618,0.0706,0.5597,0.0182,0.0361,0.5848,0.0603,0.4542,0.0215,0.0412,0.5267,0.0736,0.5352
2014-10-19T08:54:59.546Z,0.0266,0.0422,0.5541,0.0729,0.5583,0.0173,0.0371,0.5829,0.0627,0.422,0.0239,0.0434,0.5437,0.0771,0.5541
2014-10-19T08:55:59.971Z,0.0273,0.044,0.5582,0.0738,0.5738,0.0171,0.0382,0.5989,0.0616,0.396,0.022,0.0413,0.5342,0.0749,0.5416
2014-10-19T08:56:59.370Z,0.0276,0.0421,0.5609,0.0729,0.5791,0.0141,0.0344,0.5815,0.0588,0.3676,0.0215,0.0397,0.5282,0.0721,0.5279
2014-10-19T08:57:59.847Z,0.0262,0.0418,0.56,0.0703,0.5564,0.02,0.0395,0.5949,0.0659,0.4415,0.0221,0.0413,0.529,0.0746,0.5292
2014-10-19T08:58:59.522Z,0.0233,0.0397,0.5476,0.0688,0.5436,0.017,0.0376,0.5879,0.0621,0.4103,0.0224,0.0415,0.5355,0.0736,0.5364
2014-10-19T08:59:59.928Z,0.0267,0.0433,0.5639,0.0724,0.5646,0.0178,0.038,0.5859,0.0641,0.4061,0.0217,0.0404,0.5289,0.0733,0.528
2014-10-19T09:00:59.465Z,0.0254,0.0414,0.55,0.0741,0.5676,0.0165,0.0365,0.59,0.0603,0.3773,0.0232,0.0422,0.5359,0.0743,0.5543
2014-10-19T09:01:59.811Z,0.0235,0.0406,0.5484,0.069,0.5323,0.0171,0.0368,0.5832,0.061,0.3916,0.0219,0.041,0.5258,0.0739,0.5426
2014-10-19T09:02:59.252Z,0.0235,0.0403,0.5515,0.0685,0.5238,0.0138,0.0362,0.5771,0.0597,0.3329,0.0209,0.04,0.5247,0.0741,0.5088
2014-10-19T09:03:59.573Z,0.0253,0.0409,0.5516,0.0691,0.5322,0.0166,0.0359,0.5875,0.06,0.4031,0.0213,0.04,0.5172,0.0747,0.5241
2014-10-19T09:05:59.318Z,0.025,0.0407,0.553,0.0691,0.543,0.0131,0.0333,0.5711,0.057,0.3387,0.0202,0.0396,0.5093,0.0739,0.5156
2014-10-19T09:06:59.711Z,0.0247,0.0403,0.5462,0.0694,0.5385,0.0144,0.0341,0.5832,0.0568,0.34,0.0229,0.0424,0.5415,0.0741,0.5315
2014-10-19T09:07:59.177Z,0.0275,0.0436,0.5647,0.0719,0.5611,0.0136,0.0336,0.5747,0.0569,0.3347,0.0214,0.0394,0.5142,0.0739,0.5311
2014-10-19T09:08:59.656Z,0.02,0.038,0.5424,0.0636,0.4648,0.0116,0.0304,0.5572,0.0548,0.3244,0.0204,0.0388,0.5104,0.0724,0.5072
2014-10-19T09:09:59.122Z,0.0232,0.0391,0.5462,0.0694,0.5206,0.015,0.0362,0.5838,0.06,0.3553,0.0224,0.0415,0.5385,0.0768,0.5294
2014-10-19T09:10:59.507Z,0.0231,0.0388,0.5517,0.0674,0.5021,0.0179,0.0374,0.5874,0.0624,0.4212,0.0202,0.0405,0.5221,0.0721,0.5086
2014-10-19T09:11:59.795Z,0.0261,0.0403,0.5564,0.0706,0.5272,0.0125,0.0325,0.5656,0.0575,0.3406,0.0222,0.0417,0.5278,0.0742,0.5403
2014-10-19T09:12:59.777Z,0.0234,0.04,0.5466,0.0689,0.5391,0.0174,0.0377,0.586,0.0623,0.392,0.0217,0.042,0.5309,0.0729,0.5291
2014-10-19T09:13:59.078Z,0.0257,0.0417,0.5512,0.0719,0.5833,0.0179,0.0376,0.5898,0.0636,0.3812,0.0219,0.041,0.5288,0.074,0.5357
2014-10-19T09:14:59.478Z,0.0266,0.042,0.5569,0.0711,0.5534,0.0146,0.0354,0.5789,0.0586,0.364,0.0206,0.0394,0.5211,0.0734,0.528
2014-10-19T09:15:59.033Z,0.0251,0.0423,0.5589,0.0691,0.5317,0.016,0.0371,0.5834,0.0614,0.3703,0.0211,0.0409,0.5274,0.0743,0.5289
2014-10-19T09:16:59.358Z,0.0239,0.0406,0.5526,0.0674,0.5,0.0155,0.0348,0.5794,0.0594,0.3687,0.0203,0.04,0.5245,0.0735,0.5077
2014-10-19T09:17:59.909Z,0.0238,0.0407,0.5634,0.0693,0.5038,0.011,0.0324,0.5731,0.0538,0.2659,0.0207,0.039,0.5148,0.0731,0.5297
2014-10-19T09:18:59.251Z,0.0257,0.0409,0.5546,0.0729,0.5691,0.0154,0.0357,0.582,0.06,0.348,0.0211,0.0403,0.5266,0.0731,0.5354
2014-10-19T09:19:59.698Z,0.0256,0.0441,0.5673,0.0741,0.5483,0.0176,0.0388,0.5812,0.0659,0.4039,0.0229,0.0422,0.5405,0.0749,0.5439
2014-10-19T09:20:59.124Z,0.0263,0.0437,0.5561,0.0741,0.5654,0.0132,0.0349,0.5729,0.0607,0.3241,0.0215,0.0415,0.5349,0.0744,0.5278
2014-10-19T09:21:59.567Z,0.0238,0.0404,0.56,0.0658,0.4962,0.0108,0.0323,0.5708,0.0538,0.3123,0.0212,0.04,0.5192,0.0727,0.5312
2014-10-19T09:22:59.025Z,0.0238,0.0397,0.5406,0.0691,0.5163,0.0159,0.0353,0.5838,0.0603,0.3953,0.0194,0.0397,0.5191,0.0738,0.4981
2014-10-19T09:23:59.510Z,0.0226,0.0397,0.5506,0.0671,0.49,0.0126,0.0329,0.5794,0.0568,0.3081,0.0232,0.0423,0.5377,0.0732,0.5561
2014-10-19T09:25:59.377Z,0.0263,0.0433,0.5693,0.0712,0.5273,0.0167,0.0379,0.5877,0.0625,0.3956,0.0221,0.0416,0.5405,0.0737,0.5412
2014-10-19T09:26:59.841Z,0.0234,0.0411,0.5577,0.0686,0.5249,0.0154,0.0349,0.5814,0.0597,0.3697,0.0217,0.0417,0.5449,0.0731,0.5169
2014-10-19T09:27:59.479Z,0.0266,0.0434,0.5637,0.0722,0.5615,0.0185,0.0388,0.5898,0.0649,0.4241,0.0215,0.0407,0.5312,0.0734,0.5354
2014-10-19T09:28:59.991Z,0.0249,0.0403,0.5394,0.0714,0.5806,0.0157,0.0371,0.586,0.0617,0.3771,0.0226,0.0411,0.5374,0.0751,0.5443
2014-10-19T09:29:59.471Z,0.0252,0.0436,0.567,0.0715,0.523,0.0152,0.0364,0.5936,0.0597,0.3591,0.0227,0.0418,0.5358,0.073,0.5436
2014-10-19T09:30:59.176Z,0.0236,0.0413,0.5546,0.0685,0.5038,0.0151,0.0359,0.5882,0.0597,0.3474,0.0221,0.041,0.5338,0.0744,0.5395
2014-10-19T09:31:59.573Z,0.0247,0.0403,0.5491,0.0682,0.5209,0.0156,0.0356,0.5809,0.0597,0.4021,0.0206,0.0406,0.5235,0.0726,0.5265
2014-10-19T09:32:59.107Z,0.0268,0.044,0.5668,0.0738,0.5543,0.0178,0.038,0.594,0.0635,0.3858,0.022,0.0413,0.5365,0.0745,0.5235
2014-10-19T09:33:59.651Z,0.0262,0.0429,0.5671,0.0721,0.545,0.0153,0.0356,0.5897,0.0591,0.3532,0.0224,0.0415,0.5371,0.0738,0.5406
2014-10-19T09:34:59.327Z,0.0249,0.0417,0.5474,0.0714,0.5363,0.016,0.0357,0.5823,0.0597,0.3746,0.0206,0.0397,0.5294,0.0734,0.5137
2014-10-19T09:35:59.718Z,0.028,0.0443,0.5673,0.0725,0.5598,0.0183,0.0395,0.5985,0.065,0.4035,0.0203,0.04,0.522,0.0743,0.517
2014-10-19T09:36:59.154Z,0.0288,0.0447,0.5653,0.0737,0.5728,0.0156,0.0374,0.5812,0.0623,0.3593,0.0209,0.0409,0.5323,0.0744,0.5098
2014-10-19T09:37:59.427Z,0.03,0.0439,0.5642,0.075,0.6011,0.0158,0.0364,0.5839,0.0619,0.3819,0.0194,0.04,0.5178,0.0736,0.5103
2014-10-19T09:38:59.917Z,0.0261,0.0422,0.5631,0.0703,0.5328,0.0156,0.0347,0.5872,0.0572,0.3606,0.0192,0.0403,0.5197,0.0733,0.4911
2014-10-19T09:39:59.225Z,0.0231,0.04,0.5537,0.0675,0.4978,0.0147,0.0347,0.5825,0.0569,0.3672,0.0216,0.0406,0.5331,0.0753,0.5194
2014-10-19T09:40:59.655Z,0.0187,0.0368,0.5371,0.0635,0.4458,0.0106,0.0316,0.5735,0.0526,0.2658,0.0203,0.0387,0.5152,0.0723,0.5168
2014-10-19T09:41:59.014Z,0.0258,0.0428,0.559,0.0738,0.5508,0.0163,0.0373,0.5898,0.0613,0.3902,0.0218,0.0413,0.542,0.0758,0.5305
2014-10-19T09:42:59.315Z,0.0272,0.0444,0.5651,0.0726,0.5528,0.0142,0.0351,0.5802,0.0593,0.3556,0.0212,0.0414,0.5337,0.0735,0.5258
2014-10-19T09:43:59.342Z,0.0266,0.0432,0.5602,0.0732,0.5654,0.0166,0.0371,0.5905,0.0612,0.3817,0.0205,0.04,0.5332,0.0732,0.5171
2014-10-19T09:44:59.755Z,0.0278,0.0444,0.5666,0.0709,0.56,0.0134,0.0356,0.5875,0.0584,0.3525,0.0216,0.0403,0.5163,0.0738,0.5241
2014-10-19T09:45:59.153Z,0.0217,0.0397,0.5559,0.0666,0.4683,0.0114,0.0321,0.5734,0.0559,0.2841,0.0207,0.04,0.519,0.0731,0.52
2014-10-19T09:46:59.503Z,0.0247,0.0409,0.5541,0.0688,0.5279,0.0129,0.0329,0.5747,0.0565,0.2997,0.0224,0.0406,0.5335,0.0726,0.5341
2014-10-19T09:47:59.977Z,0.0271,0.0432,0.5679,0.0734,0.5532,0.0139,0.0337,0.5821,0.0561,0.3426,0.0221,0.0403,0.5287,0.0734,0.5332
2014-10-19T09:48:59.504Z,0.0271,0.044,0.5689,0.0723,0.5551,0.0166,0.0371,0.5951,0.0609,0.3789,0.0217,0.0417,0.5429,0.0749,0.5151
2014-10-19T09:49:59.777Z,0.0237,0.04,0.5557,0.0674,0.4991,0.0149,0.0346,0.5869,0.0594,0.34,0.0214,0.0403,0.526,0.0729,0.5343
2014-10-19T09:50:59.200Z,0.0241,0.04,0.5514,0.0689,0.5462,0.0149,0.037,0.5946,0.0611,0.3486,0.023,0.0416,0.5262,0.0749,0.5416
2014-10-19T09:51:59.813Z,0.0256,0.0433,0.5649,0.0721,0.5472,0.0149,0.0351,0.5807,0.0584,0.3681,0.0216,0.0402,0.5267,0.0726,0.5253
2014-10-19T09:52:59.318Z,0.0241,0.0424,0.5676,0.0697,0.5103,0.0141,0.0352,0.5852,0.0593,0.3372,0.0207,0.041,0.5224,0.0748,0.4997
2014-10-19T09:53:59.639Z,0.0268,0.0424,0.5592,0.0716,0.5695,0.0154,0.0373,0.5938,0.0622,0.3541,0.0219,0.0422,0.5341,0.0754,0.5249
2014-10-19T09:54:59.269Z,0.0247,0.0419,0.5603,0.0703,0.5287,0.0141,0.035,0.5759,0.0597,0.3434,0.02,0.0391,0.52,0.0709,0.5072
2014-10-19T09:56:59.428Z,0.0243,0.0412,0.5569,0.0696,0.5271,0.0153,0.0352,0.5847,0.0597,0.3605,0.0224,0.0412,0.5367,0.0743,0.5399
2014-10-19T09:57:59.714Z,0.0249,0.0415,0.5541,0.0705,0.531,0.0138,0.0359,0.5849,0.061,0.3621,0.0215,0.0415,0.5382,0.0746,0.5197
2014-10-19T09:58:59.272Z,0.0262,0.0432,0.5688,0.0726,0.5529,0.0159,0.0347,0.5724,0.0594,0.3829,0.0221,0.0406,0.5406,0.0741,0.53
2014-10-19T09:59:59.632Z,0.0233,0.0405,0.5479,0.0707,0.5279,0.0186,0.0393,0.6005,0.0657,0.3867,0.0214,0.0412,0.5395,0.0733,0.52
2014-10-19T10:00:59.051Z,0.0252,0.0421,0.5564,0.0712,0.553,0.0188,0.0391,0.5958,0.0648,0.4048,0.0218,0.0418,0.543,0.0742,0.5233
2014-10-19T10:01:59.702Z,0.0251,0.0411,0.5568,0.0686,0.5281,0.0157,0.037,0.5868,0.0611,0.3576,0.0238,0.0432,0.5527,0.0751,0.5524
2014-10-19T10:02:59.161Z,0.0288,0.0463,0.5784,0.075,0.5638,0.0188,0.0384,0.5966,0.0628,0.4181,0.0209,0.0413,0.5206,0.0734,0.5259
2014-10-19T10:03:59.547Z,0.0234,0.0397,0.5514,0.0693,0.5276,0.0138,0.0348,0.5831,0.0576,0.3341,0.0197,0.039,0.5179,0.0717,0.519
2014-10-19T10:04:59.017Z,0.026,0.0427,0.554,0.0737,0.5713,0.0163,0.0383,0.5863,0.0647,0.381,0.0203,0.0403,0.523,0.0733,0.5137
2014-10-19T10:05:59.363Z,0.0261,0.0424,0.5684,0.0726,0.5529,0.0155,0.0363,0.5882,0.0608,0.3639,0.0213,0.0411,0.5321,0.0742,0.515
2014-10-19T10:06:59.714Z,0.0273,0.0433,0.5627,0.0733,0.5802,0.0143,0.0355,0.582,0.0603,0.362,0.0225,0.0418,0.538,0.0753,0.5345
2014-10-19T10:07:59.102Z,0.0276,0.0436,0.5618,0.0733,0.5752,0.0145,0.037,0.5833,0.0618,0.3564,0.0221,0.0418,0.5452,0.0745,0.5209
2014-10-19T10:08:59.473Z,0.0257,0.0424,0.5635,0.0686,0.5359,0.0165,0.0368,0.5954,0.0619,0.3638,0.0211,0.0424,0.5322,0.0746,0.5168
2014-10-19T10:09:59.143Z,0.0244,0.0413,0.5572,0.0685,0.5182,0.0149,0.0341,0.5877,0.0572,0.3605,0.0228,0.0421,0.5495,0.0736,0.5341
2014-10-19T10:10:59.510Z,0.0257,0.0417,0.5551,0.0711,0.5469,0.0166,0.0369,0.59,0.0629,0.382,0.022,0.0406,0.5286,0.0726,0.5346
2014-10-19T10:11:59.088Z,0.0223,0.0403,0.5571,0.0668,0.4916,0.0152,0.0361,0.5852,0.0603,0.3777,0.02,0.04,0.531,0.0719,0.51
2014-10-19T10:12:59.517Z,0.0204,0.0389,0.5489,0.0664,0.4871,0.0129,0.0339,0.5782,0.0579,0.3464,0.0221,0.0414,0.5454,0.0736,0.5311
2014-10-19T10:13:59.895Z,0.0244,0.0419,0.5581,0.0686,0.5228,0.015,0.0364,0.5833,0.0611,0.3453,0.0219,0.0411,0.5306,0.0733,0.5239
2014-10-19T10:14:59.755Z,0.0197,0.0367,0.5417,0.0637,0.466,0.0107,0.0307,0.5757,0.052,0.2753,0.021,0.0397,0.5193,0.072,0.5287
2014-10-19T10:15:59.083Z,0.0272,0.044,0.5744,0.0704,0.5268,0.0128,0.0344,0.5784,0.0592,0.3424,0.0196,0.0384,0.5064,0.072,0.5248
2014-10-19T10:16:59.542Z,0.0275,0.044,0.5633,0.074,0.5833,0.0158,0.0378,0.5873,0.0635,0.3795,0.0228,0.0418,0.5425,0.0745,0.5395
2014-10-19T10:17:59.043Z,0.023,0.0395,0.5422,0.0685,0.5397,0.0195,0.0395,0.5967,0.066,0.4218,0.0205,0.0405,0.525,0.0725,0.5158
2014-10-19T10:18:59.399Z,0.0239,0.0403,0.5542,0.0685,0.5439,0.0145,0.0364,0.587,0.0606,0.3709,0.0215,0.0409,0.5279,0.0742,0.5297
2014-10-19T10:19:59.619Z,0.0248,0.0412,0.5498,0.0712,0.5398,0.0164,0.0376,0.5867,0.0617,0.37,0.0202,0.039,0.521,0.0724,0.5119
2014-10-19T10:20:59.976Z,0.0256,0.0425,0.5558,0.0722,0.5781,0.0172,0.0386,0.5922,0.0617,0.39,0.0231,0.0414,0.5261,0.075,0.5464
2014-10-19T10:21:59.302Z,0.0245,0.0394,0.5409,0.0709,0.5488,0.0139,0.0345,0.5833,0.057,0.3048,0.0209,0.04,0.5145,0.0742,0.5279
2014-10-19T10:22:59.723Z,0.0246,0.0408,0.5573,0.0688,0.5408,0.0112,0.0315,0.5673,0.0538,0.3077,0.0196,0.0388,0.5042,0.0727,0.5142
2014-10-19T10:23:59.087Z,0.0252,0.0418,0.5606,0.0706,0.5245,0.0148,0.0339,0.5748,0.0579,0.3485,0.0209,0.0403,0.5276,0.0724,0.5136
2014-10-19T10:24:59.516Z,0.0289,0.0424,0.5646,0.0735,0.6022,0.0138,0.0338,0.5722,0.0586,0.3557,0.0214,0.0414,0.5297,0.0738,0.5241
2014-10-19T10:25:59.809Z,0.0249,0.0403,0.552,0.0686,0.536,0.0166,0.0377,0.5843,0.0629,0.3694,0.022,0.0406,0.5283,0.0743,0.5423
2014-10-19T10:26:59.119Z,0.0282,0.0424,0.5606,0.0732,0.5518,0.0147,0.035,0.5762,0.0582,0.3771,0.0191,0.0385,0.5068,0.0724,0.5188
2014-10-19T10:27:59.588Z,0.0268,0.0412,0.5603,0.0709,0.5526,0.015,0.0344,0.5809,0.0574,0.3606,0.0212,0.0412,0.5341,0.0735,0.5141
2014-10-19T10:28:59.059Z,0.0255,0.04,0.5417,0.0724,0.5683,0.0176,0.0381,0.5926,0.0621,0.3981,0.0217,0.0412,0.5295,0.075,0.5426
2014-10-19T10:29:59.393Z,0.0241,0.0382,0.5497,0.0682,0.5153,0.0153,0.0344,0.5812,0.0565,0.3562,0.0212,0.0391,0.5165,0.0732,0.5315
2014-10-19T10:30:59.902Z,0.0272,0.0428,0.5708,0.0728,0.5458,0.0147,0.035,0.5883,0.0594,0.3497,0.0231,0.0422,0.5303,0.0753,0.5347
2014-10-19T10:31:59.603Z,0.0251,0.0407,0.5539,0.0702,0.5459,0.0163,0.0373,0.5915,0.0615,0.3612,0.02,0.0388,0.5078,0.072,0.5105
2014-10-19T10:32:59.988Z,0.0211,0.0375,0.5407,0.065,0.5043,0.0104,0.0307,0.5725,0.0529,0.255,0.0218,0.04,0.5207,0.0739,0.5154
2014-10-19T10:33:59.428Z,0.0255,0.042,0.5663,0.0692,0.5113,0.017,0.0358,0.592,0.0575,0.3535,0.0203,0.0393,0.521,0.0725,0.5195
2014-10-19T10:34:59.220Z,0.03,0.0442,0.5667,0.0744,0.5931,0.0167,0.0358,0.5844,0.0614,0.3992,0.0233,0.0419,0.535,0.0747,0.5328
2014-10-19T10:35:59.448Z,0.0271,0.0426,0.5558,0.0729,0.5576,0.0126,0.0339,0.5871,0.0561,0.3379,0.0224,0.0426,0.5289,0.0768,0.5208
2014-10-19T10:36:59.807Z,0.0278,0.0416,0.5562,0.0711,0.5722,0.0143,0.0351,0.5835,0.0581,0.3411,0.0208,0.0403,0.5146,0.0732,0.5143
2014-10-19T10:37:59.166Z,0.0249,0.0398,0.5568,0.0705,0.5276,0.0168,0.0373,0.5876,0.0612,0.3944,0.0227,0.0402,0.5293,0.0734,0.5485
2014-10-19T10:38:59.497Z,0.023,0.0391,0.5473,0.0682,0.5124,0.013,0.0348,0.5836,0.0585,0.3309,0.0203,0.0403,0.5215,0.0742,0.5052
2014-10-19T10:39:59.548Z,0.0233,0.0386,0.5453,0.0677,0.5,0.0163,0.0351,0.583,0.0581,0.3726,0.0223,0.0414,0.5347,0.0744,0.5112
2014-10-19T10:40:59.976Z,0.0249,0.0411,0.548,0.0697,0.5389,0.0154,0.0366,0.5871,0.0591,0.384,0.0209,0.0409,0.5283,0.0743,0.522
2014-10-19T10:41:59.647Z,0.0219,0.0381,0.5364,0.0675,0.5156,0.0144,0.0342,0.5794,0.0572,0.3381,0.0211,0.0414,0.5344,0.0756,0.5119
2014-10-19T10:42:59.076Z,0.0273,0.0422,0.56,0.0719,0.5611,0.0157,0.0341,0.5789,0.0586,0.3635,0.0216,0.0408,0.5232,0.073,0.5327
2014-10-19T10:43:59.651Z,0.023,0.04,0.5554,0.0678,0.4959,0.0138,0.0335,0.5805,0.0559,0.3276,0.0208,0.04,0.5154,0.0732,0.5089
2014-10-19T10:44:59.521Z,0.0253,0.0394,0.5472,0.0697,0.5589,0.0158,0.0353,0.5856,0.0592,0.3583,0.0206,0.04,0.5181,0.0722,0.5244
2014-10-19T10:45:59.848Z,0.025,0.0408,0.5556,0.0703,0.5453,0.0167,0.0367,0.5772,0.0614,0.3956,0.0217,0.0403,0.5294,0.0733,0.5361
2014-10-19T10:46:59.335Z,0.03,0.0444,0.5728,0.0733,0.5885,0.0169,0.0374,0.5815,0.061,0.399,0.0203,0.0403,0.5213,0.0731,0.5277
2014-10-19T10:47:59.641Z,0.0251,0.0419,0.5486,0.0714,0.523,0.013,0.0343,0.573,0.0584,0.3397,0.0205,0.0405,0.5289,0.0732,0.5173
2014-10-19T10:48:59.130Z,0.0209,0.0366,0.5353,0.0644,0.4959,0.0122,0.0322,0.5647,0.0547,0.3197,0.0219,0.0413,0.5281,0.0763,0.5203
2014-10-19T10:49:59.655Z,0.0248,0.0403,0.5621,0.0694,0.5024,0.0124,0.0327,0.5842,0.0548,0.3261,0.0224,0.0412,0.5221,0.0755,0.5348
2014-10-19T10:50:59.012Z,0.0276,0.0404,0.5502,0.0718,0.5907,0.0182,0.0391,0.5927,0.064,0.4093,0.02,0.04,0.5176,0.0729,0.5238
2014-10-19T10:51:59.373Z,0.0257,0.0417,0.5498,0.073,0.5657,0.0157,0.036,0.5823,0.0596,0.3657,0.0219,0.0409,0.5257,0.0747,0.5291
2014-10-19T10:52:59.481Z,0.028,0.0437,0.567,0.073,0.5733,0.0153,0.0353,0.5863,0.058,0.3607,0.0203,0.04,0.5223,0.072,0.5133
2014-10-19T10:53:59.035Z,0.0283,0.0446,0.5683,0.0749,0.5654,0.016,0.0394,0.5883,0.0646,0.3843,0.0197,0.04,0.5209,0.0723,0.4983
2014-10-19T10:54:59.534Z,0.0209,0.037,0.5412,0.0652,0.4752,0.0145,0.033,0.5755,0.0573,0.3109,0.0227,0.0403,0.5255,0.0736,0.563
2014-10-19T10:55:59.950Z,0.0266,0.0411,0.5542,0.0687,0.5263,0.0108,0.0303,0.5763,0.0532,0.2758,0.0221,0.0397,0.5266,0.0745,0.5284
2014-10-19T10:56:59.396Z,0.027,0.0416,0.5627,0.0719,0.5335,0.0159,0.0368,0.5916,0.0614,0.377,0.0208,0.0395,0.5219,0.0719,0.5241
2014-10-19T10:57:59.185Z,0.0265,0.0426,0.5621,0.0721,0.5541,0.0147,0.035,0.5791,0.0591,0.3835,0.0215,0.0409,0.5259,0.0741,0.5153
2014-10-19T10:58:59.508Z,0.0194,0.0335,0.5313,0.0616,0.4603,0.0106,0.031,0.5574,0.0555,0.2971,0.021,0.0387,0.5119,0.0735,0.5245
2014-10-19T10:59:59.065Z,0.0264,0.0403,0.5473,0.0721,0.5815,0.0133,0.0336,0.5682,0.0582,0.3109,0.0209,0.0394,0.5188,0.0739,0.5179
2014-10-19T11:00:59.563Z,0.0236,0.0391,0.5455,0.0682,0.5033,0.0118,0.0315,0.5645,0.0552,0.3291,0.0215,0.0412,0.5261,0.0742,0.5342
2014-10-19T11:01:59.076Z,0.0217,0.0352,0.5228,0.0652,0.5028,0.0159,0.0334,0.5593,0.0597,0.3741,0.0193,0.0376,0.4993,0.0734,0.5114
2014-10-19T11:02:59.662Z,0.0265,0.0416,0.5581,0.0727,0.5386,0.0135,0.0341,0.5692,0.0589,0.337,0.0214,0.0405,0.5227,0.0738,0.5157
2014-10-19T11:03:59.109Z,0.0262,0.0403,0.5553,0.0712,0.5391,0.0129,0.0371,0.585,0.0606,0.3315,0.0203,0.0397,0.5115,0.0732,0.5132
2014-10-19T11:04:59.583Z,0.0217,0.037,0.5397,0.0647,0.499,0.0107,0.0303,0.5507,0.0527,0.256,0.0193,0.0377,0.4957,0.0723,0.507
2014-10-19T11:05:59.044Z,0.0293,0.0437,0.5637,0.0741,0.5785,0.0161,0.0344,0.578,0.061,0.3976,0.0205,0.04,0.5122,0.0739,0.5088
2014-10-19T11:06:59.470Z,0.0247,0.0412,0.5503,0.0703,0.535,0.0176,0.0365,0.5821,0.0597,0.3906,0.0218,0.0403,0.5247,0.0735,0.5488
2014-10-19T11:07:59.943Z,0.0226,0.0385,0.5382,0.0674,0.5108,0.0164,0.0369,0.5795,0.0621,0.3951,0.0231,0.0423,0.529,0.0754,0.5531
2014-10-19T11:08:59.364Z,0.0223,0.0377,0.5397,0.0648,0.4952,0.0119,0.03,0.5642,0.0539,0.3219,0.0187,0.0384,0.5029,0.0732,0.4932
2014-10-19T11:09:59.598Z,0.026,0.0419,0.5598,0.0712,0.5353,0.016,0.0365,0.5851,0.0605,0.3551,0.0209,0.0395,0.5263,0.073,0.5365
2014-10-19T11:10:59.072Z,0.0233,0.039,0.5487,0.067,0.512,0.0143,0.036,0.5763,0.0587,0.3547,0.021,0.04,0.5193,0.0733,0.529
2014-10-19T11:11:59.387Z,0.0272,0.0416,0.5588,0.0731,0.5506,0.0153,0.0353,0.5741,0.0594,0.3459,0.0213,0.0391,0.5219,0.0734,0.5297
2014-10-19T11:12:59.788Z,0.0235,0.0397,0.5414,0.0711,0.5351,0.0141,0.0338,0.5638,0.0581,0.3635,0.0203,0.0403,0.5195,0.0738,0.5181
2014-10-19T11:13:59.167Z,0.0223,0.0374,0.55,0.0671,0.4974,0.0139,0.0348,0.579,0.0594,0.3381,0.0216,0.0397,0.5203,0.0732,0.5335
2014-10-19T11:14:59.682Z,0.0255,0.0408,0.5505,0.0715,0.5457,0.0163,0.0365,0.578,0.062,0.3445,0.0203,0.04,0.52,0.0735,0.511
2014-10-19T11:15:59.196Z,0.0258,0.0397,0.5474,0.071,0.5552,0.0123,0.0316,0.5668,0.0542,0.321,0.019,0.0384,0.5052,0.0723,0.5061
2014-10-19T11:16:59.590Z,0.0256,0.0391,0.545,0.0703,0.5512,0.0147,0.0338,0.5641,0.0588,0.3671,0.02,0.0391,0.5129,0.0732,0.5274
2014-10-19T11:17:59.075Z,0.0277,0.0435,0.5655,0.0732,0.5455,0.0106,0.0326,0.5655,0.0552,0.2881,0.0203,0.04,0.5129,0.0735,0.5116
2014-10-19T11:18:59.508Z,0.0265,0.0421,0.5532,0.0718,0.5538,0.0121,0.0335,0.5662,0.0562,0.3291,0.0203,0.0403,0.5229,0.0741,0.5047
2014-10-19T11:19:59.938Z,0.0253,0.0387,0.5395,0.0689,0.5545,0.0139,0.0342,0.5716,0.0584,0.3392,0.0211,0.0403,0.5205,0.0729,0.5355
2014-10-19T11:20:59.337Z,0.0254,0.04,0.5469,0.0709,0.5631,0.0137,0.0346,0.5757,0.0577,0.3446,0.0226,0.0417,0.5234,0.0757,0.5306
2014-10-19T11:21:59.650Z,0.0257,0.0386,0.5476,0.0692,0.5324,0.0141,0.033,0.5689,0.0576,0.337,0.0197,0.0395,0.5116,0.0746,0.4943
2014-10-19T11:22:59.106Z,0.0275,0.0409,0.5547,0.0722,0.5797,0.0134,0.0353,0.5759,0.0584,0.3228,0.0225,0.0419,0.5344,0.0753,0.5294
2014-10-19T11:23:59.478Z,0.0238,0.0391,0.5403,0.0668,0.5056,0.0141,0.0338,0.5709,0.0562,0.3844,0.0194,0.0388,0.5074,0.0721,0.5218
2014-10-19T11:24:59.835Z,0.0251,0.0394,0.5483,0.0691,0.5291,0.0137,0.0329,0.5689,0.0591,0.3551,0.0223,0.0403,0.5229,0.074,0.5394
2014-10-19T11:25:59.210Z,0.024,0.0386,0.548,0.0683,0.5263,0.0123,0.0317,0.5689,0.0554,0.312,0.0209,0.0394,0.5223,0.074,0.5166
2014-10-19T11:26:59.683Z,0.0251,0.0395,0.5565,0.0695,0.5214,0.0143,0.0349,0.5849,0.0586,0.3427,0.0205,0.04,0.5338,0.0738,0.5003
2014-10-19T11:27:59.053Z,0.023,0.037,0.537,0.0652,0.5041,0.0156,0.0381,0.5859,0.0619,0.3841,0.0215,0.0389,0.5152,0.0726,0.5148
2014-10-19T11:28:59.531Z,0.0239,0.0403,0.5458,0.071,0.4961,0.0129,0.0323,0.5784,0.0526,0.319,0.019,0.0384,0.5103,0.0716,0.4977
2014-10-19T11:29:59.635Z,0.0246,0.0403,0.5477,0.0703,0.5346,0.0134,0.034,0.5737,0.0574,0.3517,0.02,0.0391,0.5157,0.0734,0.5017
2014-10-19T11:30:59.059Z,0.0216,0.0375,0.5394,0.0659,0.4778,0.0138,0.0341,0.5784,0.0575,0.305,0.0222,0.0413,0.5303,0.0738,0.52
2014-10-19T11:31:59.629Z,0.0223,0.0384,0.5406,0.0677,0.5006,0.0129,0.0326,0.5723,0.0558,0.3394,0.019,0.04,0.5126,0.0719,0.4894
2014-10-19T11:32:59.128Z,0.0249,0.0422,0.5476,0.0711,0.5403,0.017,0.0376,0.5797,0.0616,0.3797,0.0208,0.0384,0.5192,0.073,0.5238
2014-10-19T11:33:59.395Z,0.0262,0.0397,0.5479,0.0693,0.5579,0.0141,0.0338,0.5772,0.0569,0.3441,0.0214,0.0407,0.5259,0.0741,0.5141
2014-10-19T11:34:59.118Z,0.0252,0.04,0.5559,0.069,0.5148,0.0138,0.0331,0.5703,0.0572,0.329,0.0214,0.04,0.5183,0.0734,0.5231
2014-10-19T11:35:59.616Z,0.0252,0.041,0.555,0.0705,0.546,0.0179,0.0371,0.5836,0.0619,0.38,0.0202,0.0393,0.5152,0.0733,0.5198
2014-10-19T11:36:59.176Z,0.0225,0.0378,0.5439,0.0667,0.4922,0.0156,0.0353,0.5772,0.0589,0.3128,0.0206,0.04,0.525,0.0728,0.5208
2014-10-19T11:37:59.183Z,0.0243,0.04,0.552,0.0677,0.4927,0.0143,0.0347,0.583,0.0583,0.3257,0.022,0.04,0.511,0.0727,0.5167
2014-10-19T11:38:59.450Z,0.0197,0.0352,0.5252,0.0631,0.4448,0.0114,0.0307,0.561,0.0534,0.289,0.021,0.0386,0.521,0.0721,0.5241
2014-10-19T11:39:59.832Z,0.0263,0.0409,0.5544,0.0702,0.5407,0.016,0.0349,0.5753,0.0605,0.3821,0.0219,0.0409,0.5267,0.0747,0.5235
2014-10-19T11:40:59.197Z,0.0236,0.0382,0.5441,0.0672,0.5115,0.0128,0.0333,0.5754,0.0559,0.3092,0.0218,0.041,0.5315,0.0733,0.5333
2014-10-19T11:41:59.650Z,0.0216,0.0381,0.5426,0.0648,0.4839,0.0148,0.0323,0.5835,0.0565,0.3439,0.0197,0.039,0.501,0.071,0.4997
2014-10-19T11:42:59.011Z,0.0258,0.0408,0.5484,0.0708,0.5337,0.0168,0.0379,0.5839,0.0629,0.3945,0.0211,0.0392,0.5208,0.075,0.5097
2014-10-19T11:43:59.563Z,0.0219,0.0369,0.5411,0.0669,0.4911,0.0139,0.035,0.5861,0.0594,0.3075,0.0231,0.0417,0.5331,0.0728,0.5567
2014-10-19T11:44:59.861Z,0.0285,0.045,0.5759,0.0747,0.5559,0.0191,0.0388,0.6053,0.0624,0.3894,0.0226,0.0429,0.5759,0.0741,0.5165
2014-10-19T11:45:59.330Z,0.0374,0.0542,0.6,0.0858,0.7074,0.0345,0.055,0.6629,0.0808,0.5739,0.0274,0.0468,0.5845,0.0792,0.5795
2014-10-19T11:46:59.008Z,0.0382,0.0541,0.6048,0.087,0.7218,0.0377,0.0575,0.6568,0.0857,0.6239,0.0284,0.0484,0.5964,0.0802,0.5611
2014-10-19T11:47:59.363Z,0.0368,0.0535,0.6041,0.0851,0.7038,0.037,0.0559,0.6432,0.0841,0.6284,0.0281,0.0462,0.5919,0.08,0.5735
2014-10-19T11:48:59.997Z,90.8933,89.85,447.7011,441.9122,25.0467,4244.8944,4222.2622,80.0011,12.4467,0.6056,217.0933,217.1944,17.8844,2.7744,0.5311
2014-10-19T11:49:59.266Z,0.0406,0.0569,0.6181,0.0884,0.7081,0.0353,0.055,0.6441,0.0853,0.6153,0.025,0.0459,0.5894,0.0788,0.5691
2014-10-19T11:50:59.543Z,0.0394,0.0562,0.6091,0.0874,0.7144,0.0379,0.0576,0.6641,0.0856,0.6103,0.03,0.0485,0.6015,0.0797,0.5991
2014-10-19T11:51:59.857Z,0.0316,0.0497,0.5866,0.0838,0.6606,0.0331,0.0538,0.635,0.0838,0.5984,0.0316,0.05,0.6125,0.0816,0.6144
2014-10-19T11:52:59.171Z,0.0367,0.0548,0.6106,0.087,0.6797,0.0361,0.0558,0.6418,0.0855,0.6385,0.0291,0.0479,0.59,0.0815,0.5867
2014-10-19T11:53:59.499Z,0.0381,0.0539,0.6065,0.0868,0.71,0.0365,0.0552,0.6442,0.0839,0.6277,0.0274,0.0468,0.5887,0.0784,0.58
2014-10-19T11:54:59.861Z,0.0416,0.059,0.6281,0.091,0.7103,0.0355,0.0571,0.6597,0.0839,0.5942,0.0284,0.0471,0.5913,0.0777,0.5839
2014-10-19T11:55:59.175Z,0.0362,0.0519,0.5912,0.0869,0.7208,0.0335,0.0558,0.65,0.085,0.5777,0.0258,0.0458,0.5854,0.0777,0.5838
2014-10-19T11:56:59.450Z,0.0386,0.0548,0.6041,0.0886,0.7186,0.0328,0.0534,0.6372,0.0828,0.6079,0.0307,0.0483,0.6,0.0821,0.6117
2014-10-19T11:57:59.647Z,0.0373,0.0543,0.6022,0.0862,0.6889,0.0351,0.0549,0.6446,0.0843,0.6154,0.0259,0.0459,0.5814,0.0797,0.55
2014-10-19T11:58:59.944Z,0.0375,0.0543,0.6046,0.0875,0.7004,0.0339,0.0536,0.6439,0.0829,0.6118,0.0279,0.0464,0.5825,0.0793,0.5725
2014-10-19T11:59:59.438Z,0.037,0.053,0.5957,0.0857,0.7061,0.0365,0.0548,0.6317,0.0857,0.6461,0.0252,0.0443,0.5722,0.0765,0.5613
2014-10-19T12:00:59.705Z,0.0374,0.0532,0.5977,0.0865,0.7113,0.0329,0.0532,0.6377,0.0823,0.5913,0.0297,0.0481,0.5826,0.0803,0.5855
2014-10-19T12:01:59.943Z,0.0409,0.0576,0.6188,0.0906,0.7094,0.037,0.0579,0.6467,0.0873,0.6376,0.0291,0.0482,0.6,0.0788,0.5876
2014-10-19T12:02:59.228Z,0.034,0.0493,0.5862,0.0835,0.677,0.0385,0.0583,0.659,0.0863,0.6402,0.0268,0.046,0.5757,0.079,0.5485
2014-10-19T12:03:59.536Z,0.0395,0.0556,0.61,0.089,0.7267,0.0362,0.0551,0.6446,0.0854,0.6241,0.0308,0.0487,0.601,0.0808,0.591
2014-10-19T12:04:59.782Z,0.0356,0.0518,0.599,0.0846,0.7003,0.0395,0.06,0.6772,0.0867,0.6228,0.0313,0.0495,0.5915,0.0823,0.5959
2014-10-19T12:05:59.976Z,0.0378,0.054,0.6015,0.088,0.702,0.0375,0.0575,0.653,0.086,0.643,0.0293,0.046,0.5885,0.078,0.6005
2014-10-19T12:06:59.287Z,0.0354,0.0517,0.5917,0.0834,0.6768,0.0405,0.059,0.6659,0.0883,0.6493,0.0305,0.048,0.5995,0.08,0.5876
2014-10-19T12:07:59.710Z,0.0347,0.052,0.598,0.083,0.676,0.0357,0.0557,0.6447,0.0863,0.6357,0.0287,0.045,0.583,0.0783,0.602
2014-10-19T12:08:59.018Z,0.0365,0.0529,0.5974,0.0871,0.6694,0.0342,0.0558,0.6529,0.0861,0.5926,0.0294,0.0481,0.5974,0.0813,0.5687
2014-10-19T12:09:59.360Z,0.0347,0.0517,0.5914,0.0847,0.6878,0.0411,0.0611,0.6711,0.0903,0.6547,0.0303,0.0483,0.5894,0.0803,0.5867
2014-10-19T12:10:59.684Z,0.031,0.0497,0.5826,0.081,0.6677,0.0384,0.0584,0.6548,0.0865,0.5926,0.0332,0.0506,0.6258,0.08,0.6181
2014-10-19T12:11:59.163Z,0.0342,0.0521,0.5897,0.0855,0.68,0.0397,0.0582,0.6664,0.0858,0.6524,0.0288,0.0488,0.5876,0.0803,0.5606
2014-10-19T12:12:59.609Z,0.036,0.0537,0.5987,0.0847,0.666,0.0403,0.06,0.6663,0.0893,0.6527,0.0297,0.0483,0.6043,0.0797,0.5947
2014-10-19T12:13:59.016Z,0.0375,0.0547,0.6022,0.0878,0.7131,0.0369,0.0542,0.6464,0.0833,0.6336,0.0317,0.0494,0.6161,0.0797,0.6003
2014-10-19T12:14:59.332Z,0.0378,0.0538,0.5991,0.0888,0.7062,0.0359,0.0559,0.6597,0.0841,0.6184,0.0275,0.0463,0.5753,0.0784,0.5663
2014-10-19T12:15:59.759Z,0.0403,0.0559,0.6148,0.0907,0.7145,0.0355,0.0541,0.6476,0.0807,0.609,0.0279,0.0455,0.5862,0.0779,0.5745
2014-10-19T12:16:59.090Z,0.035,0.0503,0.5856,0.0841,0.6812,0.0375,0.0569,0.6584,0.0859,0.63,0.0272,0.0459,0.5794,0.0791,0.5712
2014-10-19T12:17:59.454Z,0.037,0.0533,0.6017,0.0877,0.7023,0.036,0.056,0.645,0.086,0.6127,0.0323,0.0493,0.607,0.0817,0.6217
2014-10-19T12:18:59.822Z,0.0367,0.0527,0.6017,0.0863,0.6957,0.0357,0.0553,0.6513,0.0857,0.6373,0.029,0.0463,0.5797,0.0797,0.5737
2014-10-19T12:19:59.192Z,0.0393,0.057,0.6237,0.087,0.7085,0.0363,0.0563,0.6493,0.0852,0.6215,0.0244,0.0426,0.5704,0.0756,0.5459
2014-10-19T12:20:59.480Z,0.0368,0.0541,0.6074,0.0879,0.685,0.0335,0.0544,0.6529,0.0818,0.5774,0.0256,0.0441,0.5759,0.0774,0.5629
2014-10-19T12:21:59.695Z,0.0369,0.0534,0.5971,0.086,0.7066,0.036,0.0563,0.652,0.0849,0.6006,0.0266,0.0454,0.5889,0.0774,0.5837
2014-10-19T12:22:59.191Z,0.0374,0.0546,0.6015,0.0867,0.699,0.0349,0.0551,0.6521,0.0836,0.6069,0.0308,0.0477,0.5949,0.081,0.6054
2014-10-19T12:23:59.624Z,0.0407,0.0585,0.6289,0.0896,0.7081,0.0307,0.0496,0.6148,0.08,0.5967,0.0252,0.0452,0.5852,0.0763,0.5407
2014-10-19T12:24:59.042Z,0.0355,0.0523,0.5981,0.0839,0.6771,0.0387,0.0548,0.6432,0.0842,0.6587,0.0303,0.0497,0.6,0.0816,0.5874
2014-10-19T12:25:59.445Z,0.0389,0.0551,0.6124,0.0873,0.7203,0.033,0.0543,0.6427,0.0824,0.5838,0.0289,0.0473,0.5941,0.0795,0.5873
2014-10-19T12:26:59.789Z,0.0362,0.053,0.6019,0.0857,0.6884,0.0316,0.0524,0.6316,0.0814,0.5659,0.0273,0.0465,0.5778,0.08,0.5743
2014-10-19T12:27:59.955Z,0.0382,0.0538,0.6044,0.0865,0.7138,0.0374,0.0585,0.6526,0.0879,0.6318,0.0247,0.0447,0.5756,0.0776,0.5329
2014-10-19T12:28:59.391Z,0.0333,0.0528,0.5981,0.0856,0.6681,0.0361,0.0558,0.6542,0.0842,0.6064,0.0278,0.0478,0.5953,0.0806,0.5767
2014-10-19T12:29:59.624Z,0.0383,0.0555,0.6155,0.0876,0.7141,0.0331,0.0548,0.6441,0.0838,0.5631,0.03,0.0479,0.5969,0.0807,0.6083
2014-10-19T12:30:59.830Z,0.034,0.0497,0.5793,0.0833,0.6813,0.0383,0.0563,0.6517,0.085,0.6473,0.027,0.045,0.589,0.0777,0.575
2014-10-19T12:31:59.102Z,0.0362,0.0541,0.6056,0.0876,0.6874,0.0359,0.0556,0.6506,0.0847,0.6021,0.03,0.0482,0.605,0.0815,0.5929
2014-10-19T12:32:59.431Z,0.0371,0.0543,0.6082,0.0875,0.71,0.0332,0.0532,0.655,0.0796,0.5479,0.0275,0.045,0.5768,0.0782,0.5775
2014-10-19T12:33:59.625Z,0.0354,0.0538,0.5992,0.0854,0.6732,0.0351,0.0538,0.6486,0.083,0.6081,0.0314,0.0505,0.5995,0.0819,0.6005
2014-10-19T12:34:59.955Z,0.0374,0.0556,0.6112,0.0879,0.6756,0.0356,0.0562,0.6529,0.0829,0.6044,0.0276,0.0468,0.5894,0.0794,0.5753
2014-10-19T12:35:59.226Z,0.0377,0.0567,0.612,0.0887,0.6777,0.0387,0.0577,0.6653,0.087,0.641,0.0257,0.045,0.5833,0.0753,0.5587
2014-10-19T12:36:59.663Z,0.0381,0.055,0.6106,0.0859,0.7109,0.0347,0.0541,0.6456,0.0828,0.6125,0.0281,0.0469,0.5884,0.0791,0.5625
2014-10-19T12:38:59.367Z,0.0349,0.0529,0.5952,0.0852,0.6949,0.0364,0.058,0.6636,0.0862,0.5922,0.029,0.0484,0.5943,0.0804,0.5668
2014-10-19T12:39:59.769Z,0.0334,0.0524,0.5992,0.0858,0.6553,0.0308,0.0511,0.6334,0.0797,0.5545,0.0316,0.0511,0.615,0.0811,0.6076
2014-10-19T12:40:59.031Z,0.0347,0.052,0.5913,0.086,0.684,0.0337,0.0533,0.6513,0.081,0.6053,0.0317,0.05,0.6093,0.0807,0.57
2014-10-19T12:41:59.467Z,0.0322,0.0503,0.5808,0.0833,0.6614,0.0383,0.0581,0.6589,0.0872,0.6447,0.0331,0.0514,0.6131,0.0844,0.6133
2014-10-19T12:42:59.669Z,0.0344,0.0533,0.5969,0.0861,0.665,0.0325,0.0553,0.6494,0.0836,0.5681,0.0281,0.0469,0.5856,0.0806,0.5611
2014-10-19T12:43:59.091Z,0.0376,0.0542,0.6103,0.0864,0.7,0.0333,0.0521,0.6448,0.0791,0.5867,0.0291,0.0476,0.5988,0.0794,0.5767
2014-10-19T12:44:59.391Z,0.0381,0.0547,0.6075,0.0867,0.7061,0.0389,0.0581,0.6614,0.0869,0.6511,0.0281,0.0475,0.5997,0.08,0.57
2014-10-19T12:45:59.666Z,0.0351,0.0524,0.5927,0.0843,0.6773,0.0368,0.0565,0.663,0.083,0.6154,0.0314,0.0511,0.6046,0.0824,0.5719
2014-10-19T12:46:59.055Z,0.0348,0.0535,0.5958,0.0868,0.6871,0.0368,0.0568,0.6529,0.0845,0.5929,0.0294,0.0481,0.5977,0.0797,0.5835
2014-10-19T12:47:59.595Z,0.0406,0.0582,0.6209,0.0906,0.6956,0.0332,0.0544,0.645,0.0835,0.5738,0.0297,0.0494,0.5982,0.0818,0.5709
2014-10-19T12:48:59.906Z,0.035,0.0529,0.5935,0.0856,0.6879,0.0324,0.0512,0.6418,0.0806,0.5956,0.0312,0.05,0.6003,0.0821,0.5988
2014-10-19T12:49:59.289Z,0.0343,0.0518,0.5907,0.085,0.6771,0.0379,0.0582,0.675,0.0854,0.6336,0.0271,0.0457,0.5882,0.0779,0.5668
2014-10-19T12:50:59.607Z,0.0392,0.0558,0.61,0.0892,0.7036,0.0344,0.0553,0.6597,0.0819,0.5811,0.0303,0.0494,0.5917,0.0831,0.5858
2014-10-19T12:51:59.964Z,0.0391,0.0553,0.6106,0.0884,0.7134,0.0319,0.0531,0.6428,0.0797,0.5741,0.025,0.0444,0.5725,0.0766,0.5684
2014-10-19T12:52:59.230Z,0.0379,0.0552,0.6069,0.0879,0.6928,0.0372,0.0576,0.661,0.0876,0.6438,0.0293,0.0483,0.5983,0.0786,0.5997
2014-10-19T12:53:59.713Z,0.0318,0.048,0.5782,0.0815,0.6737,0.0393,0.0593,0.6745,0.0862,0.6288,0.0298,0.0485,0.5948,0.0798,0.5772
2014-10-19T12:54:59.972Z,0.0359,0.053,0.5995,0.0864,0.695,0.0368,0.0568,0.6605,0.0841,0.6186,0.0307,0.0493,0.6048,0.0814,0.592
2014-10-19T12:55:59.299Z,0.0407,0.0583,0.622,0.089,0.712,0.0307,0.0517,0.638,0.08,0.5657,0.0263,0.0443,0.5753,0.0757,0.5707
2014-10-19T12:56:59.677Z,0.0363,0.0553,0.605,0.0867,0.6963,0.031,0.0523,0.6287,0.082,0.574,0.028,0.0477,0.6007,0.0783,0.5763
2014-10-19T12:57:59.111Z,0.0367,0.0548,0.6063,0.0893,0.6744,0.0363,0.0556,0.6522,0.0841,0.597,0.0259,0.0463,0.5874,0.0778,0.5559
2014-10-19T12:58:59.493Z,0.0362,0.0533,0.5988,0.0869,0.6817,0.0352,0.0557,0.646,0.084,0.6138,0.0317,0.0493,0.604,0.0807,0.6029
2014-10-19T12:59:59.800Z,0.0377,0.0538,0.5938,0.0862,0.7012,0.0304,0.0512,0.6212,0.08,0.5581,0.0304,0.0481,0.5946,0.08,0.6031
