2014-12-04T00:00:59.248Z,4.4562,61.9899,234.0942,0.2646,0.0722,3.4336,56.8473,232.6261,0.2447,0.0604,82.0282,98.8741,231.722,0.4264,0.8307
2014-12-04T00:01:59.562Z,3.944,63.1386,233.4388,0.2705,0.0643,2.9528,57.0392,231.4991,0.2462,0.051,82.5876,99.4061,231.4727,0.4297,0.8314
2014-12-04T00:02:59.913Z,4.966,65.8036,233.5795,0.2813,0.0765,2.6303,54.8763,231.3123,0.2373,0.0491,82.5135,99.8014,232.0031,0.4305,0.8282
2014-12-04T00:03:59.321Z,4.9772,63.1129,234.4357,0.269,0.08,2.7834,55.4546,231.2219,0.2398,0.0509,82.9954,100.5693,232.6143,0.432,0.8271
2014-12-04T00:04:59.372Z,4.8051,65.0978,234.4812,0.2774,0.0755,2.5659,58.023,231.5091,0.2507,0.0463,82.7366,101.5019,231.6976,0.4382,0.8167
2014-12-04T00:05:59.386Z,4.8846,64.7075,233.3951,0.2773,0.0769,2.1779,60.0084,231.2946,0.2595,0.0376,83.2273,101.2692,232.7133,0.4354,0.8226
2014-12-04T00:06:59.783Z,5.1136,64.4682,233.5326,0.2759,0.0807,2.5349,57.1631,231.6278,0.2474,0.0436,83.8356,102.6222,233.5581,0.4393,0.8186
2014-12-04T00:07:59.257Z,4.3988,64.4908,233.2999,0.2766,0.0683,2.7777,57.6347,231.635,0.2488,0.0491,84.0307,102.87,233.7132,0.4403,0.8182
2014-12-04T00:08:59.574Z,4.2009,62.5207,233.2762,0.2678,0.0686,2.6934,54.8101,231.5975,0.2366,0.0506,83.692,101.2345,233.3514,0.4339,0.8282
2014-12-04T00:09:59.897Z,4.6971,62.3439,233.6279,0.2669,0.0767,2.4543,54.4598,231.9541,0.2356,0.0485,83.7867,100.5213,233.8534,0.4299,0.8353
2014-12-04T00:10:59.850Z,5.0269,61.6001,233.5065,0.2635,0.0866,2.5051,56.3998,231.6724,0.2438,0.0454,84.6505,100.7165,234.2134,0.4298,0.8418
2014-12-04T00:11:59.265Z,4.9129,62.632,233.7976,0.2677,0.079,2.8401,56.6666,231.4594,0.2439,0.05,84.7889,99.998,234.5927,0.4262,0.849
2014-12-04T00:13:59.975Z,4.6401,62.675,232.8704,0.2689,0.076,2.6861,57.9008,232.1754,0.2496,0.0478,84.7269,101.2544,234.6686,0.4317,0.8378
2014-12-04T00:14:59.381Z,4.9198,62.7111,233.4471,0.2684,0.0821,2.8125,56.4148,232.3586,0.243,0.0494,84.4701,101.3413,235.2777,0.4308,0.8356
2014-12-04T00:15:59.898Z,4.6117,62.5566,234.2416,0.2673,0.0767,2.7397,56.5749,233.1085,0.2426,0.0509,84.6151,102.0176,234.6419,0.4352,0.8309
2014-12-04T00:16:59.376Z,5.329,63.5837,234.1674,0.2714,0.0851,2.5013,56.7221,232.4618,0.2438,0.0463,83.8136,100.6411,233.8086,0.4304,0.8335
2014-12-04T00:17:59.821Z,4.8674,63.442,234.0119,0.2713,0.0768,2.2392,56.7482,232.3477,0.2443,0.0412,83.9282,101.4904,233.8335,0.4341,0.8282
2014-12-04T00:18:59.158Z,5.2867,62.561,234.0241,0.2671,0.0871,2.776,57.1427,232.7682,0.2456,0.05,84.4846,100.9787,233.9709,0.4312,0.8379
2014-12-04T00:19:59.646Z,4.431,63.6167,234.0616,0.2717,0.0713,3.2216,56.3733,232.6126,0.2423,0.057,84.0271,100.3598,233.7877,0.4286,0.8383
2014-12-04T00:20:59.360Z,4.419,63.8049,233.6772,0.273,0.0716,2.9386,58.2003,232.4937,0.2508,0.0493,83.4782,99.9082,233.4317,0.4278,0.8368
2014-12-04T00:21:59.280Z,5.3133,61.502,233.6273,0.2633,0.0881,2.6896,53.6979,232.4319,0.2309,0.0485,84.027,100.7362,233.7449,0.4319,0.8355
2014-12-04T00:22:59.170Z,5.267,62.3962,233.2509,0.2677,0.0884,2.8557,56.6598,232.2287,0.2435,0.0493,83.8399,100.4775,233.4081,0.4304,0.8356
2014-12-04T00:23:59.526Z,5.0285,60.422,233.2205,0.2585,0.0864,2.5742,55.9356,232.7329,0.2405,0.0484,83.8927,100.4422,233.3989,0.43,0.8374
2014-12-04T00:24:59.515Z,4.0533,63.8816,234.0677,0.2729,0.0663,2.591,58.1112,232.6747,0.25,0.0459,83.6981,101.7278,233.563,0.4356,0.8243
2014-12-04T00:25:59.429Z,4.6909,65.2807,233.9577,0.2797,0.072,2.7184,58.3456,233.2421,0.2507,0.0467,83.992,102.4197,234.0096,0.4374,0.8213
2014-12-04T00:26:59.514Z,5.0579,65.5109,233.5824,0.2804,0.079,2.7774,59.0958,233.7107,0.2531,0.0476,84.0142,102.8199,234.1919,0.4388,0.8187
2014-12-04T00:27:59.547Z,4.8471,64.4813,232.09,0.2779,0.0766,2.6389,57.4779,232.3415,0.2475,0.0475,83.7688,101.8324,233.2949,0.4365,0.8231
2014-12-04T00:28:59.278Z,5.1391,64.8426,231.3318,0.2804,0.0796,2.5142,59.2404,231.8407,0.2552,0.0409,83.6674,101.5864,233.0834,0.4359,0.8243
2014-12-04T00:29:59.245Z,4.4446,64.6899,232.3995,0.2785,0.0703,2.2749,58.6511,231.8612,0.2532,0.0387,83.7001,102.7267,233.2337,0.4405,0.8157
2014-12-04T00:30:59.518Z,4.9421,64.3621,232.4788,0.2759,0.078,2.6678,58.3549,232.0917,0.2518,0.047,83.5032,102.4221,233.1982,0.4388,0.8161
2014-12-04T00:31:59.498Z,4.4409,65.5136,233.0568,0.2807,0.0684,2.2818,57.7771,232.2552,0.2487,0.0393,83.9103,101.9338,233.754,0.4363,0.8242
2014-12-04T00:32:59.142Z,4.4424,63.8066,232.7033,0.2743,0.0711,2.7886,57.9995,232.0574,0.2501,0.0487,83.6887,102.3048,233.2012,0.4378,0.8192
2014-12-04T00:33:59.800Z,4.8129,63.9621,232.112,0.2754,0.0758,2.5918,56.8912,232.336,0.2455,0.0459,83.5196,101.3479,233.0598,0.4349,0.8255
2014-12-04T00:34:59.079Z,4.3885,65.5201,232.3962,0.2817,0.067,2.8239,59.7437,232.3203,0.2569,0.0473,83.4103,100.7239,232.8092,0.4324,0.8285
2014-12-04T00:35:59.402Z,5.0567,63.2123,231.2676,0.2736,0.0808,2.637,60.2355,232.0746,0.2599,0.0428,82.7293,100.8322,232.3407,0.4339,0.8208
2014-12-04T00:36:59.720Z,5.224,63.9849,231.6408,0.2767,0.0834,2.6214,56.4627,231.9134,0.2435,0.0464,82.3458,100.5156,231.4848,0.4346,0.8197
2014-12-04T00:37:59.408Z,5.2122,64.7397,232.1123,0.2788,0.0816,2.8341,58.9942,231.6314,0.2545,0.0474,82.2664,99.7811,231.3679,0.4318,0.8245
2014-12-04T00:38:59.291Z,4.8251,66.0659,231.3738,0.2849,0.0742,2.4259,56.6986,231.6744,0.2454,0.044,82.6614,100.7382,232.1518,0.4338,0.8209
2014-12-04T00:39:59.630Z,4.3922,63.8574,230.6595,0.2771,0.0689,2.9202,57.2857,231.3137,0.2476,0.051,82.6952,101.6361,231.925,0.4386,0.815
2014-12-04T00:40:59.066Z,4.6602,64.4743,229.3917,0.2809,0.0727,2.5714,58.805,231.3716,0.2541,0.0418,82.325,100.5912,231.8807,0.4336,0.8199
2014-12-04T00:41:59.094Z,5.1736,63.2031,230.2266,0.2743,0.0828,2.2303,57.6298,231.9734,0.2485,0.0397,82.6589,101.2644,231.9364,0.437,0.8175
2014-12-04T00:42:59.583Z,5.0919,63.9111,231.0867,0.277,0.0801,2.4249,58.049,229.3274,0.2528,0.0422,83.5472,101.3011,232.4361,0.4357,0.8261
2014-12-04T00:43:59.630Z,5.0311,64.2914,231.9735,0.2771,0.0791,2.2812,56.9312,228.7156,0.2484,0.0398,83.7497,101.5748,232.7104,0.4368,0.8265
2014-12-04T00:44:59.890Z,4.951,64.9187,232.7884,0.2792,0.0768,2.4559,59.2803,232.0227,0.256,0.0423,83.1055,101.5878,232.6726,0.4366,0.8189
2014-12-04T00:45:59.781Z,4.2422,64.018,233.0103,0.2744,0.0667,2.1734,60.9314,232.6868,0.2619,0.0358,83.4557,101.3689,233.1373,0.4346,0.8242
2014-12-04T00:46:59.556Z,4.3777,65.5843,233.0506,0.281,0.0681,2.6509,58.3121,232.5414,0.2509,0.0439,83.3914,101.6903,233.2713,0.436,0.821
2014-12-04T00:47:59.979Z,5.0737,64.3928,233.1577,0.2767,0.0796,2.6253,58.2075,232.6925,0.2508,0.0441,83.4654,101.3196,233.3324,0.4341,0.8245
2014-12-04T00:48:59.387Z,4.6786,63.9451,233.1541,0.274,0.0748,2.4953,57.4968,232.8239,0.2469,0.0439,83.8488,101.8104,233.4077,0.4367,0.825
2014-12-04T00:49:59.148Z,4.1896,64.6257,233.521,0.2769,0.0652,3.7534,59.7598,233.3273,0.2567,0.0622,83.8621,101.4354,233.8811,0.4335,0.8275
2014-12-04T00:50:59.850Z,4.2482,64.3962,232.5567,0.2767,0.0667,2.2463,56.6213,232.4403,0.2438,0.04,83.6402,101.5932,233.6715,0.4351,0.8235
2014-12-04T00:51:59.776Z,5.1174,63.4358,232.352,0.2727,0.0824,2.7384,59.0643,231.8709,0.2539,0.0472,84.108,102.6859,233.4897,0.4393,0.8201
2014-12-04T00:52:59.320Z,4.9518,64.8889,232.5311,0.279,0.077,2.4698,61.1274,231.8667,0.2632,0.0399,84.1962,101.7031,233.8247,0.4352,0.8287
2014-12-04T00:53:59.546Z,4.8526,64.5376,232.4908,0.2773,0.0759,2.1024,56.9784,231.8624,0.246,0.0359,84.0641,101.6441,233.8413,0.4344,0.8274
2014-12-04T00:54:59.987Z,4.9311,65.1549,232.3735,0.2804,0.0769,2.9011,59.6147,231.8581,0.2573,0.049,83.6098,101.8413,233.5742,0.436,0.8215
2014-12-04T00:55:59.545Z,5.1393,64.4221,232.5511,0.2769,0.0812,2.7793,58.8423,231.5653,0.2534,0.0466,83.936,101.969,233.3035,0.4377,0.8245
2014-12-04T00:56:59.897Z,4.8223,64.7222,232.4953,0.2787,0.0743,2.5875,59.6901,231.3795,0.2577,0.041,83.3793,101.5462,233.0555,0.4355,0.8222
2014-12-04T00:57:59.976Z,5.1302,64.4359,232.8225,0.277,0.0814,2.8656,58.4367,231.4773,0.2519,0.0497,83.6521,101.3691,233.2663,0.4347,0.826
2014-12-04T00:58:59.628Z,4.9338,65.1,232.8399,0.2796,0.0762,2.7912,58.9264,231.3298,0.2547,0.0489,83.7582,101.746,233.4668,0.4357,0.8236
2014-12-04T00:59:59.565Z,4.6988,63.6891,232.9669,0.2734,0.076,2.9932,54.9798,231.1898,0.2379,0.0558,84.0071,101.9893,233.8611,0.4359,0.8248
