2014-12-22T00:00:59.899Z,2.1404,44.4728,234.2561,0.1893,0.0504,3.6466,37.963,233.1658,0.1628,0.0977,83.357,90.1793,233.2671,0.3866,0.9261
2014-12-22T00:01:59.882Z,2.8068,45.6047,234.4393,0.1949,0.0604,3.1077,35.7771,232.984,0.1536,0.0933,84.096,91.006,233.7088,0.3897,0.9265
2014-12-22T00:02:59.107Z,3.561,46.1919,235.0365,0.1971,0.0792,2.8301,36.8776,233.2208,0.1579,0.0809,83.2408,90.7408,233.0662,0.3894,0.9194
2014-12-22T00:03:59.896Z,2.8665,43.9345,234.8791,0.1868,0.0641,3.2926,34.3858,233.5918,0.1475,0.1015,83.1028,91.318,233.1458,0.3917,0.9126
2014-12-22T00:04:59.737Z,3.1189,48.8653,234.7709,0.208,0.0632,2.4848,37.1085,232.8874,0.1596,0.0719,83.4332,88.7562,233.1007,0.3804,0.9408
2014-12-22T00:05:59.035Z,323.5483,651.3067,237.0667,2.3539,0.0861,323.0983,635.2439,236.1133,2.2961,0.1122,399.2978,679.9383,236.4022,2.4978,0.855
2014-12-22T00:06:59.227Z,2.5746,45.7267,233.473,0.1954,0.0554,2.4548,32.0347,233.2859,0.1374,0.0845,83.9226,90.275,233.5261,0.3871,0.9303
2014-12-22T00:07:59.592Z,2.1973,45.678,233.7676,0.1951,0.0482,2.8305,31.9947,232.85,0.1371,0.0936,83.3748,89.9099,233.5568,0.3851,0.9278
2014-12-22T00:08:59.798Z,2.6117,45.643,233.6654,0.1951,0.057,3.0225,32.247,232.863,0.1382,0.0992,83.4663,89.742,233.4167,0.3842,0.9308
2014-12-22T00:09:59.991Z,3.3541,45.4681,233.262,0.1946,0.0736,2.9531,30.9609,232.9629,0.1329,0.1,83.1191,89.9846,233.3374,0.3854,0.9237
2014-12-22T00:10:59.275Z,2.3727,46.2319,233.6157,0.1981,0.0509,2.729,31.5797,233.051,0.1357,0.0961,83.2702,89.1133,233.5441,0.3821,0.9342
2014-12-22T00:11:59.461Z,2.4448,45.3742,233.5411,0.1944,0.0547,2.6903,32.2891,233.308,0.1386,0.0914,83.6465,90.2809,233.4922,0.3865,0.9278
2014-12-22T00:12:59.816Z,3.1967,45.6482,233.2244,0.1962,0.0696,2.828,31.0584,233.7012,0.1327,0.0971,83.8375,90.5758,233.7112,0.388,0.9268
2014-12-22T00:13:59.140Z,2.8491,44.87,232.5621,0.1927,0.0628,3.0619,33.5052,233.5852,0.1433,0.0928,83.3243,89.9546,233.4444,0.3853,0.9271
2014-12-22T00:14:59.375Z,2.7663,45.0421,231.7104,0.1941,0.0612,3.1599,30.9554,233.7722,0.1325,0.1062,83.0934,89.6503,233.5703,0.3842,0.9281
2014-12-22T00:15:59.739Z,2.3732,45.9347,231.7536,0.1984,0.0523,2.6325,33.2107,233.4766,0.1424,0.0859,83.2623,89.3415,233.3615,0.3828,0.9327
2014-12-22T00:16:59.008Z,2.9044,45.9809,232.468,0.1977,0.0638,2.8021,32.9226,233.3377,0.1409,0.0874,83.5341,89.9641,233.4974,0.3853,0.9293
2014-12-22T00:17:59.197Z,2.1456,45.4622,232.2751,0.1962,0.0476,2.8125,31.7531,232.9942,0.1363,0.0967,83.4641,89.4722,233.1397,0.3836,0.9334
2014-12-22T00:18:59.419Z,2.4548,45.4332,232.6235,0.1946,0.0546,3.2122,32.4311,233.0497,0.1391,0.103,82.9184,89.5766,232.9822,0.3846,0.9268
2014-12-22T00:19:59.691Z,2.4002,45.6866,232.5704,0.1964,0.0509,2.9554,33.1647,233.384,0.1422,0.0945,83.6375,90.0769,233.3276,0.3858,0.9295
2014-12-22T00:20:59.952Z,3.1721,44.7363,232.78,0.1923,0.0686,2.8839,30.7104,232.4438,0.1318,0.0943,83.2029,89.9516,233.4134,0.3851,0.9254
2014-12-22T00:21:59.241Z,3.2691,46.4414,233.5331,0.1988,0.0712,3.2558,33.4422,232.0874,0.1442,0.0956,83.2262,89.7893,233.0877,0.3853,0.9278
2014-12-22T00:22:59.435Z,2.641,46.1601,233.5114,0.1979,0.0571,2.6363,29.6676,232.1531,0.1279,0.0897,83.5195,89.6588,233.0984,0.3847,0.9326
2014-12-22T00:23:59.586Z,2.7526,46.0016,233.9027,0.196,0.0608,2.5431,32.1044,232.3754,0.1381,0.0862,83.2662,89.8022,233.0145,0.3851,0.9273
2014-12-22T00:24:59.861Z,2.5955,45.7396,233.5521,0.1959,0.0557,2.6524,32.4342,232.2465,0.1401,0.0873,83.3393,89.9313,232.6152,0.3865,0.9278
2014-12-22T00:25:59.133Z,3.3191,46.0636,233.8554,0.1972,0.0718,2.6701,31.8757,232.6677,0.1366,0.0923,83.2809,89.2694,232.768,0.3832,0.9329
2014-12-22T00:26:59.502Z,2.6652,45.7395,233.8878,0.1953,0.0588,2.8847,32.9317,232.931,0.1409,0.0939,83.402,89.7421,233.0115,0.3852,0.9299
2014-12-22T00:27:59.696Z,2.3463,45.7638,233.3913,0.1962,0.0514,3.0637,31.6756,233.211,0.1356,0.1015,83.2911,89.5189,232.8576,0.3852,0.9316
2014-12-22T00:28:59.933Z,2.3641,45.8774,234.547,0.1959,0.0499,2.9141,30.5447,233.0826,0.1313,0.1005,83.4302,89.2782,233.3495,0.382,0.9348
2014-12-22T00:29:59.194Z,2.7056,45.8358,234.5882,0.1954,0.0574,2.5213,32.2497,233.3321,0.138,0.0872,83.6601,90.3296,233.8813,0.3862,0.927
2014-12-22T00:30:59.422Z,3.6175,45.7809,234.612,0.1945,0.0791,3.1107,31.8554,233.8415,0.136,0.1033,83.263,89.7888,233.3424,0.3852,0.9281
2014-12-22T00:31:59.738Z,3.0843,45.1382,234.5277,0.1925,0.0677,3.1065,30.8358,234.2203,0.1316,0.1042,83.2209,89.7654,233.2727,0.3846,0.9278
2014-12-22T00:32:59.922Z,2.5241,46.3966,234.3908,0.1982,0.0546,3.119,33.4608,234.1689,0.1429,0.0987,83.4751,89.7409,233.3773,0.3846,0.9312
2014-12-22T00:33:59.352Z,2.6489,46.3701,234.5027,0.1978,0.0559,2.6183,32.8283,233.8207,0.1402,0.0823,82.9778,89.7243,233.0874,0.3849,0.9248
2014-12-22T00:34:59.690Z,3.2154,45.7767,234.3729,0.1948,0.0695,2.7371,31.4582,234.1233,0.1342,0.0953,83.2191,89.2876,233.3056,0.3826,0.9325
2014-12-22T00:35:59.884Z,3.0614,45.3746,233.7704,0.1942,0.0688,2.9008,31.7646,234.2186,0.136,0.0924,83.6496,90.5674,233.4225,0.3877,0.9247
2014-12-22T00:36:59.102Z,2.8434,46.5958,233.7603,0.1997,0.0621,2.7552,31.8881,233.6476,0.1362,0.0936,83.2608,89.9726,233.2343,0.3853,0.9256
2014-12-22T00:37:59.290Z,2.7025,45.8685,233.4824,0.1962,0.0578,2.9022,32.2285,233.9435,0.138,0.0996,83.362,90.1546,233.2512,0.3866,0.9248
2014-12-22T00:38:59.755Z,3.0659,45.7679,233.6143,0.1959,0.0675,2.7845,33.0148,233.5635,0.1409,0.0884,83.0288,89.2654,233.3275,0.3827,0.9303
2014-12-22T00:39:59.061Z,2.9602,45.2008,233.4784,0.1939,0.0637,3.1836,32.3849,233.3537,0.1388,0.1,83.3514,89.7351,233.1793,0.3849,0.9299
2014-12-22T00:40:59.356Z,2.7432,45.3049,232.2518,0.1948,0.057,2.8297,32.4881,233.0995,0.1391,0.0943,82.9791,89.2068,233.1519,0.3823,0.9311
2014-12-22T00:41:59.555Z,2.8657,45.7304,233.0468,0.1964,0.0608,3.0555,31.5455,233.9512,0.1345,0.0967,83.2867,90.0464,233.5066,0.3858,0.9258
2014-12-22T00:42:59.744Z,2.5835,45.3304,233.3257,0.1941,0.0586,2.5366,33.056,233.8692,0.1413,0.0796,83.5993,90.3064,233.6615,0.3868,0.9266
2014-12-22T00:43:59.969Z,2.7836,45.4076,234.8005,0.1932,0.0619,2.9627,30.7289,233.6395,0.1315,0.0985,83.9102,91.077,234.1774,0.3886,0.9224
2014-12-22T00:44:59.194Z,2.3548,46.4503,234.8541,0.1978,0.0507,2.5628,31.9908,233.6893,0.1371,0.0873,84.5096,90.4666,234.0886,0.3864,0.9343
2014-12-22T00:45:59.380Z,2.4492,45.4019,234.5244,0.1941,0.0542,2.4768,32.8291,233.9345,0.1403,0.0832,83.6584,90.1311,233.9846,0.3847,0.9289
2014-12-22T00:46:59.647Z,2.9763,46.5367,235.1043,0.1973,0.0633,3.123,31.9214,234.1347,0.1364,0.1004,83.9862,90.8543,234.3473,0.3874,0.9249
2014-12-22T00:47:59.069Z,3.0413,46.5044,235.1507,0.1978,0.064,2.7018,33.3667,234.183,0.143,0.0844,84.4323,90.624,234.5041,0.3863,0.9323
2014-12-22T00:48:59.232Z,2.7948,45.6675,234.9887,0.1945,0.0589,2.7005,32.5257,234.099,0.1387,0.0878,84.1829,90.7785,234.483,0.3874,0.9285
2014-12-22T00:49:59.499Z,3.0042,45.9681,234.7788,0.1957,0.0649,3.1632,33.2426,234.103,0.1419,0.0958,83.9725,90.7788,234.1863,0.3874,0.9256
2014-12-22T00:50:59.783Z,2.8899,46.336,234.8553,0.1977,0.0608,2.3956,30.9468,234.4048,0.1316,0.0843,83.5667,90.3193,233.7627,0.3869,0.926
2014-12-22T00:51:59.049Z,2.9361,46.1853,234.9983,0.1961,0.0623,2.4948,31.3516,233.9939,0.1342,0.0857,84.2748,90.5976,234.511,0.386,0.9312
2014-12-22T00:52:59.308Z,2.7327,46.6195,234.975,0.1987,0.0592,3.1355,34.0188,233.8559,0.1461,0.0963,84.1275,90.7316,234.4623,0.3874,0.9286
2014-12-22T00:53:59.549Z,2.9252,46.0514,234.7677,0.1963,0.0634,2.9119,31.3809,233.7922,0.1342,0.094,84.2996,90.5805,234.3223,0.3869,0.9313
2014-12-22T00:54:59.656Z,2.8604,45.6331,235.1219,0.1946,0.0615,2.9231,30.1615,233.6413,0.129,0.1015,83.4445,90.5285,234.0678,0.3867,0.9223
2014-12-22T00:55:59.970Z,3.1369,46.2558,234.9048,0.1974,0.067,2.9598,33.1348,233.751,0.1416,0.0968,83.6624,90.3597,233.9176,0.3866,0.9271
2014-12-22T00:56:59.285Z,2.5231,45.8762,234.9893,0.1949,0.0559,3.263,32.2641,233.8374,0.138,0.1052,83.6442,90.0841,234.1259,0.3842,0.929
2014-12-22T00:57:59.525Z,2.3022,45.7832,235.1307,0.195,0.0518,2.9925,31.9801,233.4807,0.1367,0.0949,83.9147,90.9059,234.2299,0.3878,0.9237
2014-12-22T00:58:59.792Z,3.293,46.7562,235.4013,0.1987,0.0711,2.4164,32.4531,233.6809,0.1389,0.0804,83.8207,90.2374,234.4701,0.3845,0.9295
