2014-12-03T00:00:59.500Z,5.1745,60.9138,229.4891,0.2658,0.0874,2.8752,54.2009,227.6003,0.2379,0.053,82.4124,100.4107,231.3634,0.434,0.8231
2014-12-03T00:01:59.492Z,5.0305,62.1149,229.1146,0.2715,0.0818,2.2714,54.6627,230.6985,0.2369,0.0425,82.4575,98.7355,231.2308,0.427,0.8366
2014-12-03T00:02:59.009Z,4.6008,62.3213,230.0517,0.2708,0.0738,2.9616,57.0986,231.366,0.2469,0.0568,82.6989,99.7809,231.6032,0.4308,0.831
2014-12-03T00:03:59.412Z,4.3222,63.4734,230.487,0.2755,0.068,2.9765,56.1557,231.2763,0.243,0.0512,82.1096,99.1785,231.5914,0.4278,0.8298
2014-12-03T00:04:59.136Z,4.6569,64.2642,230.292,0.2795,0.0737,2.6187,58.0469,230.9811,0.2518,0.0468,82.1868,99.437,231.1447,0.4307,0.8275
2014-12-03T00:05:59.555Z,4.42,63.7512,230.2987,0.2767,0.0707,3.032,57.6747,230.6427,0.2504,0.0508,82.5813,100.7889,231.6765,0.4348,0.8199
2014-12-03T00:06:59.881Z,5.1192,64.843,230.2592,0.2812,0.0797,2.6601,57.1778,230.7666,0.2479,0.0465,83.0724,101.6758,232.0645,0.4385,0.818
2014-12-03T00:07:59.388Z,4.6623,64.2483,230.5656,0.2787,0.0734,3.0032,58.5366,230.8079,0.2537,0.052,83.5769,101.3423,232.971,0.4357,0.8249
2014-12-03T00:08:59.308Z,4.5701,63.5099,230.3144,0.276,0.0716,2.6454,60.9081,230.9793,0.2634,0.043,83.1282,100.9112,232.6434,0.4342,0.8238
2014-12-03T00:09:59.657Z,3.6552,62.6958,230.7543,0.2714,0.0588,2.6058,55.4426,230.7774,0.2402,0.0474,83.5276,101.9388,233.219,0.437,0.8203
2014-12-03T00:10:59.135Z,4.4541,62.5959,231.5861,0.2702,0.0738,2.5283,58.3404,229.0431,0.2548,0.0428,84.5452,102.9788,234.0978,0.4393,0.8219
2014-12-03T00:11:59.585Z,4.8667,62.5734,231.1115,0.2705,0.0801,2.5424,58.3185,231.4488,0.2521,0.0448,83.4178,101.0041,233.197,0.4336,0.8274
2014-12-03T00:12:59.704Z,4.3821,63.8977,231.867,0.2755,0.0689,3.05,59.9392,232.3754,0.2579,0.0502,83.5488,101.8046,233.217,0.4368,0.8209
2014-12-03T00:14:59.028Z,4.2351,65.5414,232.429,0.2817,0.0667,2.9039,59.0402,232.324,0.2541,0.0496,83.5939,101.3173,233.1862,0.4344,0.8256
2014-12-03T00:15:59.560Z,5.2148,64.6714,232.441,0.2782,0.0824,2.6343,58.8268,231.7898,0.2536,0.043,83.5707,101.6864,233.0596,0.436,0.8229
2014-12-03T00:16:59.930Z,5.0267,64.695,232.4204,0.2783,0.0791,2.5304,58.3999,232.3846,0.2513,0.0427,84.147,102.4841,233.1074,0.4399,0.8225
2014-12-03T00:17:59.304Z,5.0336,64.8494,232.7934,0.2786,0.0784,3.0379,58.3872,232.5376,0.251,0.0516,84.1214,102.6049,233.5916,0.4392,0.8213
2014-12-03T00:18:59.875Z,4.6526,64.4946,232.8902,0.2767,0.0738,2.5036,58.08,232.9235,0.2493,0.0429,84.7525,103.0528,233.7734,0.4404,0.8232
2014-12-03T00:19:59.912Z,4.5268,64.3286,232.7093,0.2763,0.071,2.8897,55.5012,232.6376,0.2381,0.0527,83.9322,101.8335,233.5186,0.4364,0.8258
2014-12-03T00:20:59.507Z,4.4442,64.033,233.0444,0.2748,0.0714,2.6617,56.4847,232.5369,0.2433,0.0482,84.1246,101.1783,233.4331,0.4332,0.8332
2014-12-03T00:21:59.558Z,5.2115,60.8835,232.5524,0.2618,0.0893,2.3979,54.9343,232.8515,0.2362,0.0464,83.9359,100.1953,233.4063,0.4286,0.8392
2014-12-03T00:22:59.943Z,5.4002,62.9788,232.1974,0.2712,0.0874,2.9546,55.809,233.1317,0.2391,0.0571,83.6692,101.1613,233.1604,0.434,0.83
2014-12-03T00:23:59.905Z,3.9199,63.2953,231.7682,0.2733,0.0611,2.9075,57.3987,233.0919,0.2457,0.0516,83.3625,100.3522,233.072,0.4308,0.8314
2014-12-03T00:24:59.077Z,4.5525,66.2718,231.9147,0.2852,0.0702,2.3053,55.751,230.5673,0.2418,0.0418,83.6957,100.5565,233.1555,0.4313,0.8324
2014-12-03T00:25:59.258Z,4.7843,63.9164,232.2633,0.2752,0.0749,2.7382,57.1164,230.8736,0.2473,0.0471,83.0002,100.7389,232.5638,0.433,0.8252
2014-12-03T00:26:59.578Z,4.7936,63.0008,232.5257,0.2709,0.0774,2.6275,56.5439,232.4533,0.2433,0.05,82.5637,100.2155,231.5714,0.4327,0.8249
2014-12-03T00:27:59.119Z,4.2684,64.6251,232.6964,0.2774,0.0667,2.5079,58.4871,232.2719,0.2518,0.0451,82.5297,100.6084,231.6236,0.4347,0.8204
2014-12-03T00:28:59.714Z,4.8214,64.8283,233.2091,0.2777,0.075,2.5534,57.272,232.3518,0.2465,0.0437,82.5588,100.7436,231.74,0.435,0.8212
2014-12-03T00:29:59.009Z,5.0561,64.6278,232.8226,0.278,0.0791,2.9331,56.7933,232.3244,0.2446,0.0518,82.5284,100.6978,231.5662,0.4341,0.8208
2014-12-03T00:30:59.518Z,4.9995,65.5223,232.5358,0.282,0.0763,2.7629,57.4071,232.0646,0.2472,0.0476,82.4095,100.6534,231.8123,0.4341,0.8195
2014-12-03T00:31:59.595Z,4.2889,65.0376,232.3474,0.2798,0.0657,2.6634,57.9244,231.8607,0.2501,0.0471,82.8415,100.7546,231.9174,0.4348,0.8234
2014-12-03T00:32:59.614Z,3.8244,64.6503,232.4152,0.2781,0.0609,2.4849,57.0717,232.0323,0.2452,0.0419,82.9462,100.9359,232.0521,0.4351,0.8227
2014-12-03T00:33:59.841Z,5.204,64.4289,232.6947,0.2771,0.0821,2.974,58.0425,231.9241,0.2504,0.051,83.1235,101.2184,232.6696,0.4346,0.8218
2014-12-03T00:34:59.007Z,4.8362,65.7778,232.5887,0.283,0.074,2.6235,58.0775,232.087,0.2504,0.0461,83.2874,100.4169,232.5474,0.4316,0.8298
2014-12-03T00:35:59.468Z,4.7174,64.9454,232.6754,0.2792,0.0734,2.7248,58.9664,232.7162,0.2535,0.0465,83.2086,100.8224,232.6632,0.4333,0.8259
2014-12-03T00:36:59.887Z,4.9553,63.8211,232.2739,0.2745,0.0785,2.8557,56.5987,233.2277,0.2425,0.0508,83.4073,101.5988,232.7022,0.437,0.8228
2014-12-03T00:37:59.667Z,5.036,64.8039,232.5943,0.2787,0.0801,2.7624,57.7457,231.777,0.249,0.0477,83.6284,100.9231,233.1137,0.433,0.8291
2014-12-03T00:38:59.591Z,4.8537,64.4248,233.0802,0.276,0.0763,2.6248,56.9258,230.1901,0.2466,0.0463,83.9466,102.7958,233.6643,0.4398,0.8179
2014-12-03T00:39:59.266Z,5.1047,65.0218,232.3433,0.2799,0.0789,2.8653,57.9,232.6157,0.2491,0.0481,82.9601,101.1434,232.6687,0.4346,0.8212
2014-12-03T00:40:59.021Z,5.1407,64.2329,232.4997,0.2758,0.0797,2.7441,58.2288,232.4973,0.2506,0.0478,83.0594,101.1322,232.6019,0.4346,0.8221
2014-12-03T00:41:59.743Z,4.3497,64.3534,232.815,0.2761,0.0672,3.1768,58.712,232.6365,0.2525,0.0529,83.4137,101.5423,232.7864,0.4357,0.8221
2014-12-03T00:42:59.725Z,4.6412,65.7004,232.9433,0.2823,0.0708,3.3055,58.6453,232.4443,0.2525,0.0559,83.3542,100.7195,233.1229,0.4319,0.8278
2014-12-03T00:43:59.209Z,4.8893,64.7084,233.0407,0.2772,0.0763,2.8543,58.1236,232.3378,0.2503,0.0508,83.3804,101.3688,232.7318,0.4357,0.823
2014-12-03T00:44:59.013Z,4.7167,64.9393,232.9829,0.2789,0.0743,2.9189,57.9396,232.3799,0.2489,0.0503,83.3689,102.3292,232.8491,0.4396,0.816
2014-12-03T00:45:59.718Z,4.3651,65.2851,233.0272,0.2802,0.0685,3.0599,57.4876,232.2935,0.2474,0.0527,83.3552,101.5511,232.6726,0.4367,0.8223
2014-12-03T00:46:59.552Z,4.9143,65.9876,232.8508,0.2835,0.0757,2.6713,57.1923,231.9185,0.2468,0.0466,83.0027,100.301,232.2129,0.4322,0.8284
2014-12-03T00:47:59.870Z,4.6389,64.7246,232.2876,0.2782,0.0736,1.991,55.9326,232.1201,0.2407,0.0355,82.9595,100.7727,231.9073,0.4348,0.8237
2014-12-03T00:48:59.687Z,4.7924,64.8214,232.2671,0.2792,0.0741,3.146,58.6336,232.0776,0.2526,0.0534,82.7119,100.9249,232.3915,0.4336,0.8203
2014-12-03T00:49:59.041Z,4.277,64.4487,232.1678,0.2771,0.0673,2.7096,58.4416,232.1531,0.2517,0.0457,83.6543,101.6699,232.9374,0.4366,0.8237
2014-12-03T00:50:59.908Z,4.169,64.3018,232.0221,0.2774,0.065,2.3891,57.8098,232.3533,0.2483,0.0414,83.8959,102.4062,232.9825,0.4398,0.8201
2014-12-03T00:51:59.374Z,4.7167,64.015,232.2921,0.2748,0.0749,2.521,57.3953,232.182,0.2471,0.0416,83.3037,100.5616,232.3727,0.4324,0.8293
2014-12-03T00:52:59.778Z,4.9162,65.1418,231.9526,0.2809,0.076,2.5955,57.7182,232.2186,0.2488,0.0441,83.0335,101.2947,232.4574,0.4357,0.8208
2014-12-03T00:53:59.988Z,4.2823,63.7836,231.8768,0.2747,0.0678,2.7078,56.1423,231.7128,0.2418,0.048,82.9068,100.6752,232.4982,0.4335,0.824
2014-12-03T00:54:59.409Z,4.107,63.6637,232.4721,0.2739,0.0666,2.6177,58.2671,231.6897,0.2517,0.0448,83.3301,101.0879,232.3894,0.4349,0.8252
2014-12-03T00:55:59.901Z,4.4054,63.3296,232.6073,0.2719,0.0709,2.828,56.2479,231.5224,0.2434,0.0507,82.8675,101.0114,232.1113,0.4349,0.8209
2014-12-03T00:56:59.157Z,4.9907,64.347,231.9854,0.2773,0.0791,2.5152,57.5326,230.6656,0.2493,0.0448,82.3857,99.5527,231.503,0.4309,0.8281
2014-12-03T00:57:59.122Z,4.7073,63.8582,232.2031,0.2749,0.0744,2.4326,56.8532,231.1401,0.2458,0.0432,82.2668,100.4403,231.6448,0.434,0.8199
2014-12-03T00:58:59.631Z,4.7084,64.7199,232.5335,0.2784,0.0739,3.1405,58.0786,230.8592,0.2512,0.0542,82.0666,100.8863,231.7327,0.435,0.8149
2014-12-03T00:59:59.902Z,5.0422,65.6022,233.396,0.2818,0.0766,3.039,56.5231,230.9433,0.2446,0.0543,83.134,99.5457,232.6891,0.4275,0.8358
