2014-10-30T00:00:59.504Z,3.9899,22.616,231.2283,0.0978,0.1778,-5.9681,22.0518,229.4478,0.0964,-0.2706,9.3944,25.7615,236.4568,0.1091,0.3662
2014-10-30T00:01:59.707Z,3.8685,22.6284,231.0044,0.0978,0.1721,-5.6789,21.9543,231.4893,0.0947,-0.2571,9.5644,25.2272,235.3931,0.1067,0.3807
2014-10-30T00:02:59.043Z,3.9496,22.3004,230.6479,0.0964,0.1776,-5.6341,21.9716,230.875,0.0953,-0.2567,9.5227,25.2368,234.7151,0.1079,0.3788
2014-10-30T00:03:59.403Z,3.7055,22.3254,230.3878,0.0968,0.1679,-5.5533,21.7079,230.8171,0.094,-0.2539,9.5915,25.429,234.6732,0.1083,0.3791
2014-10-30T00:04:59.661Z,3.8487,22.7197,230.6554,0.0984,0.1703,-5.5528,22.0042,230.6604,0.0953,-0.2517,9.3937,25.2547,234.5099,0.1079,0.3734
2014-10-30T00:05:59.954Z,3.9368,22.5993,230.5535,0.0978,0.1757,-5.9021,22.2941,230.617,0.0964,-0.2648,9.4395,25.2994,234.4173,0.1076,0.3745
2014-10-30T00:06:59.168Z,3.9577,22.5696,230.6767,0.098,0.1764,-6.0157,22.3495,230.5474,0.0973,-0.2689,8.9991,25.4642,234.156,0.1088,0.354
2014-10-30T00:07:59.461Z,3.8121,22.7884,231.0598,0.0983,0.1683,-6.0304,22.463,230.609,0.0981,-0.2688,9.1736,25.4804,234.3516,0.1087,0.3605
2014-10-30T00:08:59.713Z,3.8352,22.8779,231.196,0.0993,0.1683,-5.901,22.3165,230.8715,0.0965,-0.2647,9.1729,25.4788,234.1646,0.1091,0.3601
2014-10-30T00:09:59.204Z,3.8272,23.0472,231.5898,0.0996,0.1663,-5.994,22.3759,231.0377,0.0969,-0.2689,9.2545,25.9277,235.5741,0.11,0.3569
2014-10-30T00:10:59.453Z,4.0617,23.1132,231.5001,0.1,0.1765,-5.8467,22.8289,231.5341,0.0986,-0.2561,9.5246,25.9308,235.7287,0.11,0.3679
2014-10-30T00:11:59.750Z,3.8406,22.4486,229.8467,0.0979,0.1723,-6.017,22.2747,232.1922,0.096,-0.2714,9.3131,25.8924,235.7089,0.1097,0.3603
2014-10-30T00:12:59.984Z,3.2906,22.4109,230.0407,0.0974,0.1464,-6.3809,22.9852,232.193,0.099,-0.2789,9.1663,25.8548,235.7529,0.1095,0.3555
2014-10-30T00:13:59.115Z,3.6273,22.2898,229.9535,0.0967,0.162,-6.0183,22.5104,232.1745,0.097,-0.268,8.9171,25.9449,235.725,0.1104,0.3439
2014-10-30T00:14:59.360Z,3.7811,22.4531,230.5482,0.0972,0.1689,-6.1106,22.4478,231.5673,0.0973,-0.2722,9.1524,25.6863,235.3069,0.1094,0.3567
2014-10-30T00:15:59.541Z,3.7649,22.853,231.4278,0.0995,0.1666,-5.5741,22.5699,231.9813,0.0979,-0.2472,9.2837,25.6371,234.721,0.1095,0.3621
2014-10-30T00:16:59.796Z,3.7236,22.3805,231.4548,0.0967,0.1674,-5.8781,22.652,232.4108,0.0979,-0.2599,9.1918,25.5317,235.3041,0.1081,0.3602
2014-10-30T00:17:59.046Z,3.0388,22.7808,231.9565,0.0976,0.1349,-5.5348,22.4493,232.6953,0.097,-0.2478,9.1445,25.4565,235.1461,0.1088,0.3593
2014-10-30T00:18:59.352Z,3.1827,22.7947,231.514,0.0978,0.1409,-5.7761,22.5398,232.2847,0.0971,-0.2549,9.3032,25.345,234.8367,0.1079,0.3681
2014-10-30T00:19:59.636Z,3.856,22.8259,231.2441,0.0987,0.1697,-5.7381,22.3018,231.6896,0.0961,-0.2569,8.9493,25.4884,235.094,0.1089,0.3517
2014-10-30T00:20:59.897Z,3.5069,22.1311,231.0003,0.0955,0.1568,-5.9092,22.4706,231.8885,0.0971,-0.2644,9.3921,25.8678,235.2751,0.1101,0.3635
2014-10-30T00:21:59.072Z,3.8117,22.6923,230.675,0.0984,0.1674,-5.9747,22.2818,231.852,0.0959,-0.268,9.1008,25.7843,235.3855,0.1097,0.3543
2014-10-30T00:22:59.288Z,3.8077,22.6312,230.4527,0.0983,0.1688,-5.8646,22.3565,231.0973,0.0969,-0.2627,9.0973,25.4146,234.8011,0.1088,0.358
2014-10-30T00:23:59.513Z,3.6356,22.5498,230.7214,0.0981,0.1627,-5.9011,22.3595,231.2632,0.0971,-0.2639,9.0371,25.5152,234.5493,0.1094,0.3553
2014-10-30T00:24:59.826Z,3.854,22.9977,230.1781,0.0999,0.1681,-5.592,22.5178,231.4729,0.0973,-0.2491,8.9688,25.3239,234.2726,0.1079,0.3542
2014-10-30T00:25:59.510Z,4.0335,23.0225,231.1732,0.0991,0.1757,-5.7543,22.5415,231.5827,0.0969,-0.2567,8.8858,25.0685,233.0108,0.1073,0.3549
2014-10-30T00:26:59.939Z,4.14,23.0974,231.4031,0.0999,0.1804,-6.2091,22.2963,231.3987,0.0963,-0.2789,8.7394,24.8813,233.0172,0.1068,0.352
2014-10-30T00:27:59.122Z,3.9357,22.8983,231.8182,0.0985,0.1745,-6.3259,22.2104,228.6587,0.0975,-0.2847,9.3338,25.8198,234.7322,0.1097,0.3606
2014-10-30T00:28:59.537Z,4.0537,22.5227,231.4272,0.0977,0.18,-6.1681,22.5205,230.9232,0.0976,-0.2746,9.172,25.2477,234.3104,0.1076,0.3631
2014-10-30T00:29:59.764Z,3.777,22.872,231.5101,0.0994,0.1682,-5.5868,22.5909,231.7165,0.0979,-0.2486,9.4603,25.6082,234.317,0.1094,0.3698
2014-10-30T00:30:59.012Z,3.6461,22.6246,231.4205,0.0971,0.1635,-6.0935,22.7725,231.5977,0.0978,-0.2683,9.2602,25.6292,234.2729,0.1094,0.3617
2014-10-30T00:31:59.255Z,3.3943,22.7432,230.7134,0.0978,0.1501,-6.3017,22.2979,231.5899,0.0962,-0.282,9.137,25.7702,234.2471,0.1101,0.3552
2014-10-30T00:32:59.422Z,3.8197,22.7305,230.6778,0.0978,0.168,-5.8577,22.5011,231.1862,0.0977,-0.2618,8.9583,25.3487,234.0117,0.1087,0.3544
2014-10-30T00:33:59.727Z,3.6491,22.8897,230.7286,0.0996,0.1597,-5.7322,22.3828,231.1931,0.097,-0.2554,8.8797,25.2997,233.7328,0.1086,0.3515
2014-10-30T00:34:59.128Z,3.56,22.6145,230.7486,0.0982,0.1577,-6.1585,22.4173,231.7253,0.097,-0.2749,8.7423,25.1358,234.0049,0.1078,0.3483
2014-10-30T00:35:59.402Z,3.5224,22.591,231.0009,0.0981,0.1571,-6.0254,22.6057,231.8127,0.0981,-0.2666,8.5355,25.0132,233.6854,0.107,0.3414
2014-10-30T00:36:59.729Z,3.8544,22.7956,229.996,0.0996,0.1701,-5.6406,22.311,232.2843,0.0962,-0.2523,9.2972,25.5359,233.9972,0.1094,0.365
2014-10-30T00:37:59.060Z,3.5946,22.3481,230.0211,0.0975,0.1603,-5.8814,22.4708,232.5348,0.0967,-0.2618,9.2085,25.4288,234.3568,0.1088,0.3634
2014-10-30T00:38:59.407Z,3.8527,22.3941,230.9311,0.0968,0.1714,-5.8065,22.498,232.919,0.0964,-0.2578,9.291,25.6505,234.6963,0.1097,0.3632
2014-10-30T00:39:59.676Z,3.8035,22.5576,230.5035,0.0981,0.1699,-6.1061,22.7554,232.9956,0.0984,-0.2686,9.1454,25.5209,234.6349,0.1085,0.3582
2014-10-30T00:40:59.924Z,4.1263,22.8611,231.7136,0.0989,0.1821,-5.9131,22.6872,232.2445,0.098,-0.2607,9.5885,25.8875,234.6916,0.1101,0.3704
2014-10-30T00:41:59.306Z,3.7026,22.5188,232.1584,0.0967,0.1639,-5.9734,22.4918,232.3834,0.097,-0.2648,9.3633,25.711,234.2877,0.1093,0.365
2014-10-30T00:42:59.620Z,3.6256,22.7114,232.0529,0.0979,0.1608,-5.7034,22.3216,232.2764,0.0963,-0.2558,9.0127,25.3806,234.6518,0.1078,0.3559
2014-10-30T00:43:59.984Z,3.9426,22.8153,231.773,0.0984,0.1735,-6.0074,22.5488,232.0778,0.0971,-0.2653,9.1383,25.9289,234.9495,0.1099,0.3521
2014-10-30T00:44:59.251Z,4.2578,23.0002,231.924,0.0991,0.1885,-5.9453,22.7476,232.2896,0.0989,-0.2623,9.4863,25.826,234.9592,0.1101,0.3674
2014-10-30T00:45:59.520Z,3.7865,22.457,232.2366,0.0965,0.1674,-6.065,22.9297,232.1061,0.0989,-0.2653,9.4503,25.9039,234.2912,0.1107,0.3652
2014-10-30T00:46:59.904Z,3.8015,22.5603,232.1766,0.0969,0.1678,-6.0355,22.6178,231.8969,0.098,-0.2676,8.8788,25.5356,234.6601,0.1091,0.3484
2014-10-30T00:47:59.128Z,3.8843,22.5747,232.4773,0.097,0.1716,-5.9558,22.4395,231.6257,0.0967,-0.2631,9.1308,25.583,234.7224,0.1091,0.358
2014-10-30T00:48:59.377Z,3.9809,23.0782,232.6429,0.0989,0.1726,-5.9698,22.413,231.0838,0.0977,-0.2668,9.2411,25.803,235.0213,0.1098,0.3584
2014-10-30T00:49:59.601Z,3.9519,22.6621,232.3068,0.0974,0.1753,-5.8711,22.5585,231.1541,0.0973,-0.2609,9.1293,25.8544,234.9224,0.1101,0.3528
2014-10-30T00:50:59.959Z,3.8497,22.969,232.3868,0.0981,0.168,-5.9062,22.7443,230.8987,0.0984,-0.2613,9.2327,25.3785,234.4496,0.1084,0.3647
2014-10-30T00:51:59.314Z,4.1983,23.1758,232.804,0.0997,0.1823,-5.9562,22.5777,231.4433,0.0978,-0.2648,9.2278,25.6767,234.7898,0.1091,0.36
2014-10-30T00:52:59.553Z,3.8533,23.0119,232.9657,0.0987,0.1682,-6.2045,22.5581,232.0667,0.0976,-0.2757,9.2288,26.1064,235.3681,0.1114,0.3538
2014-10-30T00:53:59.796Z,4.0785,23.0537,233.3715,0.0993,0.1791,-5.5122,22.2428,231.9372,0.0961,-0.2468,9.4691,25.9169,235.4438,0.1103,0.3667
2014-10-30T00:54:59.289Z,3.6955,23.2945,233.0829,0.1002,0.161,-5.4491,22.4945,231.3312,0.0976,-0.2422,9.4411,26.0102,235.5046,0.1102,0.3633
2014-10-30T00:55:59.483Z,4.0657,23.3469,232.7369,0.1001,0.1746,-5.899,22.3984,231.1435,0.0968,-0.2627,9.204,25.699,235.8372,0.1089,0.359
2014-10-30T00:56:59.796Z,4.0569,23.2165,232.8247,0.0999,0.1762,-5.8351,22.4941,230.8426,0.0974,-0.2598,9.4364,26.1714,235.9088,0.1109,0.3636
2014-10-30T00:57:59.101Z,3.5737,23.1738,232.164,0.0997,0.1538,-5.9388,22.4822,230.8023,0.0979,-0.2636,9.0925,25.8026,235.1964,0.1093,0.3527
2014-10-30T00:58:59.553Z,3.8639,23.072,232.832,0.0989,0.1701,-5.7066,22.4539,231.1723,0.0977,-0.2535,9.3928,25.8795,235.2096,0.1098,0.3628
2014-10-30T00:59:59.727Z,3.8447,22.7366,232.5084,0.0974,0.1681,-6.3688,22.7971,231.2509,0.0996,-0.2803,9.0241,25.9483,235.3799,0.11,0.348
