2014-12-07T00:00:59.289Z,5.6021,59.0321,227.3142,0.26,0.0953,2.5514,56.3924,230.2851,0.2446,0.0464,4.1065,56.1601,232.3398,0.241,0.0737
2014-12-07T00:01:59.308Z,4.8999,61.0758,227.4574,0.2684,0.081,2.767,56.5199,230.5108,0.2452,0.0492,4.0852,58.629,232.7546,0.2522,0.0708
2014-12-07T00:02:59.187Z,4.442,60.327,227.3579,0.2656,0.0758,2.8002,54.1581,230.4614,0.2347,0.0535,2.9303,56.1986,232.6918,0.241,0.0532
2014-12-07T00:03:59.403Z,5.217,62.133,226.4384,0.2741,0.0869,2.4279,54.8697,230.7179,0.2375,0.0475,3.4531,56.0911,232.0345,0.2418,0.0625
2014-12-07T00:04:59.020Z,5.3104,61.6136,226.355,0.2719,0.0871,2.7049,56.7612,230.7349,0.2461,0.0488,3.1634,58.1728,231.3517,0.2514,0.0554
2014-12-07T00:06:59.729Z,4.3015,62.7511,227.194,0.2761,0.0684,2.1899,56.1284,230.1092,0.2443,0.0401,2.8349,58.9447,231.1493,0.2554,0.0477
2014-12-07T00:07:59.655Z,5.0899,64.1842,228.6033,0.2807,0.0792,2.0832,55.6912,227.0999,0.2449,0.0386,2.452,58.0502,231.347,0.2502,0.0423
2014-12-07T00:08:59.034Z,4.5618,62.026,228.6583,0.2716,0.0741,2.3327,56.7568,229.5983,0.247,0.0418,3.5897,61.2311,231.609,0.2648,0.0602
2014-12-07T00:09:59.756Z,4.7761,62.3949,228.1605,0.2733,0.0775,1.9972,58.2603,231.9425,0.2511,0.0347,3.6377,58.9646,231.3127,0.2551,0.0621
2014-12-07T00:10:59.370Z,4.7616,65.5258,228.0984,0.2879,0.0749,2.6918,59.9521,231.4142,0.2593,0.0477,2.9886,55.6227,230.6462,0.2412,0.0571
2014-12-07T00:11:59.810Z,4.5758,62.5847,227.3155,0.2751,0.0729,2.7427,58.52,231.1018,0.2532,0.0467,3.0654,56.9362,230.7182,0.2467,0.0549
2014-12-07T00:12:59.270Z,5.4148,61.6819,227.8108,0.2709,0.0887,2.0521,56.5728,231.5241,0.2447,0.0346,3.6958,59.7279,231.0042,0.2588,0.0623
2014-12-07T00:13:59.848Z,5.4065,63.2631,228.3681,0.2767,0.0868,2.5948,60.7576,231.803,0.2617,0.0448,3.8695,58.1692,231.4057,0.2515,0.0664
2014-12-07T00:14:59.564Z,4.336,62.4918,227.9816,0.2741,0.0696,2.443,57.2913,231.1344,0.2476,0.0437,3.3717,59.0485,230.7198,0.2554,0.0577
2014-12-07T00:15:59.614Z,5.0407,64.3137,228.2866,0.282,0.0793,2.3064,58.4704,230.2046,0.2542,0.04,3.5809,57.3956,230.2509,0.2493,0.0623
2014-12-07T00:16:59.851Z,5.2213,62.5447,228.3674,0.2739,0.0841,2.3778,55.4023,229.9583,0.2413,0.0425,2.9876,58.6164,230.2254,0.2541,0.0513
2014-12-07T00:17:59.548Z,4.3869,62.3009,229.1149,0.2721,0.0702,2.3394,54.8311,230.076,0.2381,0.0444,2.9061,58.3151,230.4297,0.253,0.0498
2014-12-07T00:18:59.790Z,5.3603,62.734,228.9268,0.2735,0.0868,2.6112,59.7779,231.5471,0.2584,0.0415,3.8175,60.7848,231.6164,0.2625,0.0624
2014-12-07T00:19:59.949Z,5.1347,61.4592,228.3726,0.2688,0.0872,2.5359,58.4623,231.3282,0.253,0.0452,3.3248,56.7002,231.8108,0.2443,0.0622
2014-12-07T00:20:59.516Z,4.7072,61.3364,229.328,0.267,0.0774,3.024,57.794,231.7466,0.2498,0.0522,3.3366,57.9418,232.0724,0.2503,0.0597
2014-12-07T00:22:59.954Z,4.8024,62.1537,229.4182,0.2711,0.0787,2.4571,57.4616,231.5008,0.2479,0.0427,3.5245,57.7987,231.7086,0.2502,0.0619
2014-12-07T00:24:59.612Z,4.9257,63.4371,230.13,0.2756,0.0785,2.4248,55.5753,230.2604,0.2415,0.0447,3.5145,58.0134,230.4395,0.2512,0.0611
2014-12-07T00:25:59.494Z,4.0101,62.7467,227.9077,0.2755,0.0646,2.6519,55.5355,229.6211,0.2421,0.0471,2.9835,56.7603,230.3147,0.2466,0.0523
2014-12-07T00:27:59.972Z,4.983,64.136,229.8584,0.2789,0.0781,2.302,59.2247,228.6865,0.2589,0.0397,3.4835,59.0513,230.144,0.2565,0.0593
2014-12-07T00:28:59.565Z,4.7276,62.7849,231.6431,0.2713,0.0759,2.6912,60.3477,230.4712,0.2616,0.0434,3.6176,58.6308,231.4704,0.2538,0.0618
2014-12-07T00:29:59.037Z,5.1531,62.3569,229.3896,0.271,0.0839,2.5803,57.6192,230.9002,0.2494,0.0424,3.0784,60.3889,231.7682,0.2606,0.0521
2014-12-07T00:30:59.141Z,4.5457,64.8222,231.3421,0.2802,0.0716,3.0253,57.3354,229.53,0.2507,0.0526,3.0134,57.2112,231.4082,0.2471,0.053
2014-12-07T00:31:59.721Z,5.0329,63.2613,230.7383,0.2742,0.0809,2.2635,58.634,229.8937,0.2553,0.0385,2.977,59.3285,230.5468,0.2575,0.0498
2014-12-07T00:32:59.048Z,4.4806,63.0339,229.2767,0.2743,0.0721,2.8944,58.5539,230.3089,0.2544,0.0498,3.6873,59.177,231.1224,0.2562,0.0618
2014-12-07T00:33:59.634Z,4.9411,61.9114,228.1271,0.2711,0.0807,2.57,55.727,230.7549,0.2412,0.0459,3.125,58.044,231.7592,0.2501,0.0541
2014-12-07T00:34:59.713Z,4.8768,62.2711,228.3242,0.2727,0.0795,2.6827,59.7211,230.5278,0.2588,0.0441,3.1667,56.3878,231.2808,0.2433,0.0562
2014-12-07T00:36:59.163Z,5.041,63.4578,228.6261,0.2775,0.08,2.3264,57.9926,230.5346,0.252,0.0392,3.6352,58.9381,230.5912,0.2556,0.0628
2014-12-07T00:37:59.364Z,5.2152,63.5862,228.3913,0.2785,0.0814,2.0712,56.4939,230.7245,0.2445,0.0358,3.6879,57.5215,230.4132,0.2498,0.0645
2014-12-07T00:38:59.087Z,4.7746,63.0724,228.0909,0.2771,0.0744,2.7386,56.2778,230.993,0.2443,0.05,3.4313,57.9449,231.8416,0.2504,0.0589
2014-12-07T00:39:59.644Z,4.9189,61.0764,227.6518,0.2684,0.0828,2.3458,59.3372,231.1133,0.2563,0.0388,3.5008,57.0358,232.2372,0.2458,0.066
2014-12-07T00:40:59.062Z,4.679,64.1172,229.7802,0.278,0.0741,2.6336,58.8999,230.1087,0.2559,0.043,3.4121,57.8611,231.8899,0.2493,0.0598
2014-12-07T00:41:59.705Z,4.5779,63.8433,229.5059,0.2777,0.0733,3.1174,61.2161,230.3593,0.2659,0.052,2.9835,55.9717,232.1415,0.2407,0.0545
2014-12-07T00:42:59.047Z,5.261,64.0553,229.6249,0.2791,0.0849,2.5137,58.6366,230.4654,0.2546,0.042,3.3344,58.2624,232.297,0.2511,0.0574
2014-12-07T00:43:59.966Z,4.1515,62.6359,229.6579,0.2722,0.0666,2.775,58.3322,229.9192,0.2535,0.0484,3.5045,58.8438,232.1272,0.2536,0.0605
2014-12-07T00:44:59.923Z,4.188,61.4825,226.9488,0.271,0.0698,2.6089,58.5288,229.4754,0.2552,0.043,3.4452,61.8496,231.2535,0.2669,0.0591
2014-12-07T00:45:59.588Z,4.7148,63.4681,229.5888,0.2762,0.0749,2.1914,57.3889,229.1287,0.2502,0.0384,3.1323,58.2136,231.7421,0.2509,0.0538
2014-12-07T00:46:59.122Z,5.1056,63.233,228.2031,0.2775,0.082,2.3107,56.3157,228.9478,0.2463,0.0416,3.5847,59.5363,230.817,0.2579,0.0602
2014-12-07T00:47:59.391Z,5.1426,62.3086,227.4607,0.2737,0.0834,2.4754,57.08,229.9508,0.2484,0.044,3.0345,59.8565,230.6785,0.2592,0.0496
2014-12-07T00:48:59.850Z,4.1486,63.0101,228.8135,0.2757,0.0663,1.906,58.7801,231.0414,0.2546,0.0336,3.7329,60.0216,231.842,0.259,0.0625
2014-12-07T00:49:59.259Z,4.0234,62.6467,227.6326,0.2756,0.0643,2.9707,58.1348,230.9637,0.2512,0.0492,3.3666,57.6293,231.4313,0.249,0.0597
2014-12-07T00:50:59.589Z,5.2491,63.554,228.4938,0.2777,0.0857,2.6966,59.8524,230.5988,0.2591,0.0466,3.5754,59.2648,231.3381,0.2558,0.0607
2014-12-07T00:51:59.468Z,5.0923,62.397,229.2768,0.272,0.0823,2.4526,58.3331,230.314,0.2526,0.0401,3.5655,58.7066,231.2107,0.2531,0.0612
2014-12-07T00:52:59.425Z,4.7752,63.3941,230.6771,0.2749,0.0759,2.606,59.8709,230.442,0.2601,0.0429,2.9989,57.9826,231.3945,0.2503,0.052
2014-12-07T00:53:59.777Z,5.023,63.4985,231.1784,0.2747,0.0812,2.759,59.7003,230.7482,0.2584,0.0447,3.6674,58.8402,231.9164,0.2541,0.0627
2014-12-07T00:54:59.925Z,5.2728,62.6507,229.3992,0.2724,0.0854,2.2146,56.4526,226.9979,0.2488,0.0413,3.5376,58.1679,232.7772,0.2499,0.0639
2014-12-07T00:55:59.714Z,4.7207,64.6167,230.5657,0.2802,0.073,2.6639,57.5453,227.874,0.2528,0.0456,3.2318,58.3322,232.7651,0.2508,0.056
2014-12-07T00:56:59.527Z,4.8423,63.2331,229.6797,0.2753,0.0778,2.5255,57.8829,228.5254,0.2533,0.0437,3.3435,59.1581,232.9655,0.2533,0.057
2014-12-07T00:57:59.825Z,5.1385,62.8076,229.7619,0.273,0.0827,2.4743,57.3713,228.7644,0.2504,0.0429,3.353,60.2065,232.8358,0.259,0.0566
2014-12-07T00:58:59.536Z,4.7098,64.361,231.0222,0.2789,0.0741,2.7526,58.3344,230.369,0.2532,0.0474,3.269,57.1312,232.5545,0.2453,0.0571
2014-12-07T00:59:59.928Z,4.9069,62.26,228.9653,0.2719,0.0804,2.8155,54.9592,230.8085,0.2381,0.0515,3.2387,56.2433,232.5231,0.2419,0.0592
2014-12-07T01:00:59.813Z,5.054,63.3321,229.83,0.2756,0.0799,2.4608,54.9068,230.7405,0.2379,0.0463,3.5398,54.871,232.4202,0.2367,0.0657
2014-12-07T01:01:59.470Z,5.4147,60.7216,229.9424,0.2641,0.0911,2.2416,55.5858,230.8387,0.2406,0.0444,3.6412,56.8819,232.5489,0.2447,0.0634
2014-12-07T01:02:59.603Z,4.7262,61.4203,229.6489,0.2675,0.0778,2.8142,58.5044,231.0066,0.2533,0.047,2.9265,55.5729,232.3808,0.2387,0.052
2014-12-07T01:03:59.644Z,4.5698,62.9366,230.1793,0.2735,0.0731,3.107,57.9463,230.8198,0.2505,0.0518,3.2774,55.5996,232.3889,0.2396,0.0596
2014-12-07T01:04:59.831Z,4.2322,61.2832,230.8902,0.2658,0.0696,2.3273,54.996,230.5573,0.239,0.0423,3.1709,58.8808,232.2951,0.253,0.0556
2014-12-07T01:05:59.295Z,5.7536,62.5396,229.9367,0.2717,0.0929,2.3104,59.7903,231.0396,0.2587,0.0384,3.3032,60.9411,232.6146,0.2621,0.0557
2014-12-07T01:06:59.215Z,4.5767,65.1029,231.7959,0.2809,0.0713,2.3805,56.7119,229.2431,0.2473,0.0407,3.228,58.7787,232.0645,0.2531,0.0534
2014-12-07T01:07:59.532Z,4.7874,62.9044,231.2521,0.2721,0.0773,2.191,56.4193,229.4451,0.2462,0.0377,3.7013,61.7735,232.1177,0.2657,0.0603
2014-12-07T01:08:59.709Z,5.7387,63.4737,231.6315,0.2742,0.0909,2.682,60.393,231.0465,0.2611,0.0437,3.4099,59.851,233.2151,0.2566,0.0564
2014-12-07T01:09:59.230Z,5.2957,63.1097,231.8762,0.272,0.0851,2.7492,55.7159,230.9006,0.2416,0.0517,3.25,59.2777,233.3382,0.254,0.0567
2014-12-07T01:10:59.696Z,4.4504,62.5176,231.9162,0.2692,0.0709,2.374,55.0168,231.0134,0.238,0.0425,3.2142,58.3632,233.1397,0.2508,0.0563
2014-12-07T01:11:59.851Z,5.0869,62.5213,231.921,0.2695,0.0827,2.2823,58.6741,231.3789,0.2534,0.0378,4.0476,61.512,233.0819,0.264,0.0653
2014-12-07T01:12:59.995Z,5.4224,63.7569,231.708,0.2754,0.0858,2.5846,59.26,231.2564,0.2559,0.0438,3.4867,58.7789,232.3807,0.2535,0.0591
2014-12-07T01:13:59.271Z,4.4028,62.9409,230.5102,0.2729,0.0712,2.4866,60.7398,231.4293,0.2626,0.0399,3.5912,59.1483,232.7232,0.2541,0.061
2014-12-07T01:14:59.696Z,4.8891,63.495,229.844,0.2759,0.0779,2.2434,56.5362,231.1702,0.245,0.0404,3.4368,58.272,232.9582,0.2501,0.06
2014-12-07T01:15:59.477Z,5.3918,62.4224,229.8652,0.2714,0.0871,2.0118,60.6414,230.6771,0.2631,0.0357,4.1102,59.8786,232.0782,0.2582,0.0693
2014-12-07T01:16:59.665Z,4.6238,63.2161,230.3534,0.2745,0.0747,2.4072,60.3408,230.1236,0.2625,0.0405,3.1233,58.0575,232.3282,0.2499,0.053
2014-12-07T01:17:59.429Z,5.2613,64.2894,231.8517,0.2772,0.0826,2.4357,60.7446,229.6333,0.2646,0.0401,3.6024,59.5234,231.5492,0.2574,0.0611
2014-12-07T01:18:59.396Z,4.9585,64.1354,232.3637,0.2763,0.0777,2.313,58.6021,231.3682,0.2533,0.0393,3.4576,56.9263,232.7419,0.2449,0.0605
2014-12-07T01:19:59.757Z,4.2707,62.3758,231.9499,0.2692,0.0687,2.174,57.5133,231.2783,0.2489,0.0382,3.6325,58.978,232.3814,0.2537,0.0627
2014-12-07T01:20:59.091Z,5.3269,62.2785,231.9911,0.2682,0.0858,2.5764,56.7849,231.4225,0.2455,0.0448,3.3925,58.2984,232.4065,0.2507,0.0579
2014-12-07T01:21:59.570Z,4.8262,61.5809,232.218,0.2654,0.078,2.0367,52.9457,231.5198,0.2292,0.0395,3.1338,56.5737,232.2852,0.2433,0.0557
2014-12-07T01:22:59.429Z,4.0038,62.1066,231.7914,0.2682,0.066,2.7703,56.7069,231.2927,0.2448,0.0489,3.3425,59.7796,232.2266,0.2573,0.0555
2014-12-07T01:23:59.800Z,4.7212,63.2618,232.0195,0.2727,0.0753,2.4856,54.2664,230.3976,0.2354,0.0482,2.8711,54.0127,232.3768,0.2325,0.0556
2014-12-07T01:24:59.210Z,5.026,64.2006,231.6478,0.2772,0.0786,2.7364,57.6861,230.6389,0.2503,0.0469,3.1344,58.4329,232.2648,0.2517,0.0561
2014-12-07T01:25:59.207Z,5.0531,64.2466,230.8813,0.2782,0.0787,2.4677,55.3024,229.9176,0.2407,0.0457,3.0334,57.2015,231.4534,0.2473,0.0535
2014-12-07T01:26:59.182Z,4.5431,61.6487,230.6688,0.2673,0.0734,2.4068,55.3255,229.9102,0.241,0.044,3.4348,59.378,231.0091,0.2573,0.0575
2014-12-07T01:27:59.134Z,3.9616,62.851,230.6645,0.2723,0.0634,2.9122,59.2593,230.5101,0.2568,0.0469,3.6923,62.2878,230.552,0.2707,0.0599
2014-12-07T01:28:59.073Z,4.7838,62.196,231.2624,0.2689,0.0793,2.5535,59.4634,230.8257,0.2574,0.0416,3.1822,59.2246,231.6677,0.2557,0.0555
2014-12-07T01:29:59.762Z,4.9474,63.7951,231.0084,0.2759,0.0787,2.8949,59.0122,231.2093,0.2554,0.0493,2.9398,58.0474,232.2585,0.25,0.0524
2014-12-07T01:30:59.447Z,5.234,63.2024,230.9036,0.273,0.0834,2.5691,59.9239,231.9232,0.2581,0.0434,3.578,60.5026,232.5619,0.26,0.0587
2014-12-07T01:31:59.979Z,4.2576,62.2697,230.8353,0.2693,0.0691,2.3857,57.8082,231.048,0.2501,0.0396,4.0436,61.4315,232.7253,0.2637,0.0661
2014-12-07T01:32:59.626Z,5.2451,63.9884,231.7161,0.2759,0.0836,2.3418,58.3588,230.5797,0.2529,0.0404,3.3612,58.8131,232.9784,0.253,0.0566
2014-12-07T01:33:59.309Z,5.2625,63.5035,231.8397,0.2741,0.086,2.6556,59.3846,230.999,0.2573,0.0442,3.4695,58.5054,232.6716,0.2509,0.0593
2014-12-07T01:34:59.258Z,5.3192,62.7836,231.6931,0.2709,0.0849,2.3189,57.4473,231.9201,0.2477,0.0404,3.6047,60.262,232.6963,0.2591,0.0616
2014-12-07T01:35:59.121Z,5.2325,64.1898,230.5916,0.2781,0.0832,2.7004,57.3641,232.091,0.2475,0.0476,3.0336,59.1519,232.4914,0.2545,0.052
2014-12-07T01:37:59.532Z,4.622,63.3645,229.9945,0.2754,0.0738,2.5583,57.9275,231.556,0.2503,0.0442,3.2651,58.7983,231.6661,0.2538,0.0562
2014-12-07T01:39:59.396Z,4.8981,63.1242,232.0346,0.2718,0.0788,2.9338,59.4941,231.2142,0.2572,0.0506,3.6658,58.1615,232.098,0.2507,0.0636
2014-12-07T01:40:59.078Z,5.0486,65.4563,232.3449,0.2818,0.0782,2.7559,59.5854,230.8127,0.2579,0.0455,3.3213,58.6385,232.4085,0.2522,0.0565
2014-12-07T01:41:59.018Z,5.1458,62.9884,231.7539,0.272,0.0821,2.4743,57.8767,230.4928,0.2517,0.0436,3.7779,58.8893,232.4534,0.2529,0.0654
2014-12-07T01:42:59.457Z,4.7303,63.988,231.9039,0.2762,0.0755,2.6709,59.797,231.1132,0.2586,0.0434,3.0672,58.5021,232.5016,0.2516,0.0527
2014-12-07T01:43:59.165Z,4.8903,62.8897,231.635,0.2716,0.078,2.1387,57.0953,230.8928,0.2477,0.0372,3.524,57.9869,232.4096,0.2493,0.0613
2014-12-07T01:44:59.391Z,5.1521,64.1307,231.5396,0.277,0.082,2.5562,57.4285,230.5328,0.2491,0.045,3.2282,56.2485,232.2302,0.2421,0.0588
2014-12-07T01:45:59.691Z,4.2235,63.4515,231.4007,0.2741,0.0674,2.3713,57.5398,230.5219,0.2495,0.041,3.659,59.0587,231.973,0.2545,0.0631
2014-12-07T01:47:59.788Z,5.1002,63.3726,230.7762,0.2742,0.0813,2.3712,58.6282,230.8403,0.2539,0.0406,3.703,60.3925,232.4613,0.2598,0.0612
2014-12-07T01:48:59.208Z,4.8163,62.3974,231.4501,0.269,0.0774,2.606,59.7532,232.5948,0.2566,0.0436,3.7819,60.6307,233.0492,0.2602,0.0636
2014-12-07T01:49:59.116Z,4.5264,64.6023,231.5456,0.2792,0.0708,2.4575,56.9567,232.9558,0.2446,0.0422,2.8595,58.2681,233.2765,0.2497,0.049
2014-12-07T01:50:59.718Z,5.0334,63.2981,232.3868,0.2726,0.0799,2.3825,56.8232,232.7957,0.2436,0.0427,3.1463,59.9736,233.5322,0.2564,0.0537
2014-12-07T01:51:59.200Z,5.1293,63.4051,232.757,0.2725,0.0813,2.1779,58.7573,232.3174,0.2525,0.0362,3.8749,59.9507,232.8103,0.2577,0.0638
2014-12-07T01:52:59.287Z,5.2824,64.7158,232.6344,0.2776,0.0813,2.7533,56.9054,231.748,0.2458,0.049,3.2804,58.4185,231.9315,0.2516,0.0573
2014-12-07T01:53:59.550Z,4.5478,64.4262,232.304,0.2773,0.0731,2.5687,54.0336,230.2657,0.2343,0.0486,2.8395,57.7616,231.8799,0.2488,0.0504
2014-12-07T01:54:59.175Z,4.293,64.2967,232.1811,0.2764,0.0678,2.5262,54.735,229.8316,0.2376,0.0492,2.8442,57.0656,231.6638,0.2466,0.0516
2014-12-07T01:55:59.395Z,5.2046,64.6232,231.9544,0.279,0.0814,2.2453,55.9855,228.9423,0.2447,0.0396,3.2377,56.6073,231.4236,0.2451,0.0576
2014-12-07T01:56:59.308Z,5.3177,63.8724,232.1284,0.2754,0.0845,2.6744,56.1315,229.2032,0.2445,0.047,3.5696,58.4357,232.3124,0.2515,0.0615
2014-12-07T01:57:59.613Z,4.7282,63.9883,231.627,0.2762,0.075,2.7961,56.7888,229.7848,0.2473,0.0483,2.9566,58.5416,233.0449,0.251,0.0512
2014-12-07T01:58:59.161Z,3.7194,64.6601,232.5912,0.2782,0.0599,3.0174,62.502,231.5791,0.2699,0.0472,3.4776,56.8733,233.1009,0.2442,0.0606
2014-12-07T01:59:59.417Z,4.5657,62.0245,232.772,0.2665,0.0751,2.7987,55.099,231.5091,0.2377,0.052,3.4435,54.9911,233.2463,0.2358,0.0652
2014-12-07T02:00:59.331Z,5.542,60.11,232.6164,0.2584,0.0944,2.2584,56.3611,231.4727,0.2433,0.0388,3.9323,57.7116,232.5621,0.2477,0.0676
2014-12-07T02:01:59.071Z,5.7503,62.0452,232.6151,0.2667,0.0934,3.012,55.259,231.7285,0.2386,0.0531,3.4266,57.5408,232.2771,0.2477,0.0624
2014-12-07T02:02:59.740Z,5.1627,64.422,232.6381,0.2769,0.0832,2.6551,56.8531,231.3291,0.2462,0.0471,3.7225,53.981,231.7793,0.2329,0.0694
2014-12-07T02:03:59.341Z,4.248,62.9674,232.4259,0.271,0.0692,2.9949,56.5008,231.5219,0.2438,0.0539,3.3372,54.2413,232.1771,0.2329,0.0628
2014-12-07T02:04:59.111Z,5.1611,62.3074,232.124,0.2689,0.0829,2.1252,54.2233,231.3142,0.2345,0.0395,2.9233,57.9363,232.2822,0.2489,0.0509
2014-12-07T02:05:59.669Z,4.9454,64.9592,231.0317,0.2807,0.0774,2.2115,57.0375,230.1955,0.2474,0.0382,3.3905,58.912,231.3782,0.2547,0.0565
2014-12-07T02:06:59.752Z,5.1735,63.6762,231.3507,0.2756,0.084,2.0338,57.4593,229.4061,0.2508,0.0344,3.5973,58.4398,231.1136,0.2532,0.0607
2014-12-07T02:07:59.350Z,4.4972,65.3439,232.118,0.281,0.0693,2.5936,56.145,228.3783,0.2456,0.0464,2.9458,57.3292,231.4406,0.2476,0.0525
2014-12-07T02:08:59.401Z,4.976,64.0638,232.4962,0.2756,0.0788,2.6196,55.3201,230.2621,0.24,0.0479,3.5008,58.1068,232.043,0.2505,0.0626
2014-12-07T02:09:59.781Z,5.5346,62.989,232.0834,0.2716,0.0893,2.2692,59.5869,229.8842,0.259,0.0384,3.7952,59.3399,231.7008,0.2563,0.0642
2014-12-07T02:10:59.122Z,4.2184,64.0749,231.5202,0.2763,0.0664,2.9999,61.9368,229.4903,0.2698,0.0483,3.1662,56.9738,231.5121,0.2464,0.0557
2014-12-07T02:11:59.592Z,4.3091,63.7147,231.1098,0.2751,0.0685,2.9697,57.9736,229.956,0.2522,0.0512,3.0185,58.5952,231.7115,0.2532,0.052
2014-12-07T02:12:59.618Z,4.7629,63.5493,230.6281,0.2752,0.076,2.449,55.292,230.1965,0.24,0.044,3.5612,58.0449,231.7922,0.2504,0.0614
2014-12-07T02:13:59.375Z,4.8903,63.1939,230.6629,0.2741,0.0783,2.6364,57.0748,230.5994,0.247,0.047,2.914,57.6866,231.745,0.2484,0.0517
2014-12-07T02:14:59.463Z,5.0104,63.5182,231.5874,0.2743,0.0796,2.5735,56.1026,231.1733,0.2426,0.0463,3.4841,58.7354,232.2311,0.2529,0.0602
2014-12-07T02:15:59.508Z,4.7666,64.4678,231.9475,0.278,0.0771,2.9392,58.1912,230.7708,0.252,0.0487,2.6431,57.2058,232.0822,0.2465,0.0467
2014-12-07T02:16:59.483Z,4.2276,63.8931,231.6512,0.2756,0.0673,2.9063,59.5349,230.6389,0.2585,0.0476,3.0398,56.3957,231.6855,0.2433,0.0538
2014-12-07T02:17:59.451Z,4.5332,65.0187,232.8188,0.2791,0.0703,2.9024,55.7632,230.196,0.2422,0.052,3.5187,57.831,230.6956,0.2499,0.0613
2014-12-07T02:18:59.711Z,5.227,62.8338,232.5184,0.2702,0.0848,2.5467,55.027,231.9184,0.2369,0.0475,2.7435,56.6871,231.229,0.2449,0.0516
2014-12-07T02:19:59.420Z,4.1386,60.9201,232.7288,0.2619,0.0679,2.2431,54.5042,231.7537,0.2352,0.0445,3.9084,57.4936,231.7048,0.2481,0.07
2014-12-07T02:20:59.042Z,4.1144,60.8792,232.0108,0.2621,0.0682,2.612,58.1718,231.6059,0.2504,0.0467,3.8202,59.9598,231.4788,0.2587,0.0649
2014-12-07T02:21:59.886Z,4.8745,61.2982,232.4416,0.2638,0.08,2.4887,56.2625,231.5599,0.243,0.0471,2.9254,55.8186,231.501,0.241,0.0541
2014-12-07T02:22:59.754Z,4.6863,61.6138,232.5934,0.2644,0.0779,2.1538,54.6238,231.7576,0.2358,0.0422,3.763,58.3976,231.5713,0.2524,0.0659
2014-12-07T02:23:59.099Z,5.1546,62.7792,232.1587,0.271,0.0841,2.9312,57.4298,231.2902,0.2476,0.0503,3.2297,54.8481,231.1617,0.237,0.0601
2014-12-07T02:24:59.684Z,3.8527,62.4437,232.2046,0.2689,0.0615,3.0952,59.0485,231.286,0.255,0.0515,3.7255,61.3422,230.9363,0.2647,0.0607
2014-12-07T02:25:59.867Z,4.7416,62.973,231.9158,0.2719,0.0759,2.96,57.0904,231.1488,0.2471,0.0511,2.7067,58.2119,230.2907,0.2529,0.0464
2014-12-07T02:26:59.980Z,5.208,64.4537,231.4244,0.2787,0.0819,2.0886,59.5388,230.8105,0.2578,0.0337,3.1941,58.1304,230.0697,0.2527,0.056
2014-12-07T02:27:59.430Z,5.2288,63.6873,230.4561,0.2753,0.082,2.7419,56.2784,230.396,0.2443,0.0481,3.8017,58.2461,230.8963,0.2526,0.0638
2014-12-07T02:28:59.732Z,4.429,64.4199,231.5132,0.2776,0.0685,2.2613,55.3396,231.3576,0.2393,0.0424,3.2136,56.2051,231.1849,0.2427,0.059
2014-12-07T02:29:59.040Z,4.5706,64.4661,232.1297,0.2775,0.0718,2.8496,59.4076,231.9257,0.2562,0.0475,3.2744,56.5963,231.6813,0.2444,0.0578
2014-12-07T02:31:59.272Z,5.2138,63.5768,232.1836,0.2737,0.083,2.4815,57.1589,231.8406,0.2465,0.0438,3.2074,58.645,232.065,0.2527,0.0549
2014-12-07T02:32:59.283Z,5.0355,63.9144,232.7147,0.2747,0.0789,2.6251,57.5574,232.3497,0.2476,0.0456,3.4567,56.8559,231.5059,0.2455,0.0622
2014-12-07T02:33:59.971Z,5.868,64.0965,232.7028,0.2757,0.0933,2.3646,58.5982,232.4199,0.2517,0.0378,3.2321,58.1268,231.2358,0.2511,0.0575
2014-12-07T02:34:59.113Z,5.4326,64.1242,232.3236,0.2756,0.0857,2.1293,58.6555,232.166,0.2531,0.0365,3.6997,60.7778,232.1884,0.262,0.0631
2014-12-07T02:35:59.366Z,4.9018,64.3199,231.6648,0.2771,0.0768,2.4568,57.2378,230.7442,0.2482,0.0434,3.0931,57.0708,231.2036,0.2474,0.0534
2014-12-07T02:36:59.105Z,4.5008,62.7213,230.4515,0.2722,0.0723,2.2374,54.949,230.156,0.2388,0.0403,3.2155,58.821,231.0437,0.2547,0.0541
2014-12-07T02:37:59.569Z,5.2038,64.8087,230.5523,0.2805,0.0808,2.3702,57.0454,230.1291,0.2477,0.0432,3.311,58.2486,231.3278,0.252,0.0576
2014-12-07T02:38:59.892Z,5.2853,63.712,231.6855,0.2745,0.083,2.7312,56.3621,231.2548,0.2436,0.046,3.0559,58.7486,230.8809,0.2545,0.0533
2014-12-07T02:39:59.981Z,5.1791,62.1935,231.2395,0.2688,0.0843,2.0535,58.274,231.3086,0.2516,0.0345,3.4229,58.6282,230.649,0.2543,0.0589
2014-12-07T02:40:59.615Z,4.5259,64.3028,230.6937,0.2787,0.071,3.0407,55.7406,230.4207,0.2417,0.055,3.0601,56.7406,230.823,0.2456,0.0533
2014-12-07T02:41:59.509Z,4.4738,62.1388,231.0052,0.2687,0.0729,2.7173,56.0722,230.9698,0.2427,0.0497,3.4532,56.823,231.3878,0.2454,0.0595
2014-12-07T02:42:59.365Z,4.9114,63.4905,231.6777,0.2741,0.0778,2.5126,56.4978,231.2798,0.2441,0.0453,3.6489,60.0953,231.8004,0.2595,0.0604
2014-12-07T02:43:59.605Z,5.3122,62.3123,231.8056,0.2684,0.0855,2.7742,58.4782,231.551,0.2525,0.0501,3.532,58.7018,230.5713,0.2538,0.0586
2014-12-07T02:44:59.475Z,4.3365,65.3195,231.8369,0.2818,0.0682,2.5309,57.9863,231.4097,0.2509,0.0443,3.3495,54.9532,228.9611,0.2395,0.0636
2014-12-07T02:45:59.735Z,4.6984,63.5325,230.0522,0.276,0.0735,2.7514,57.8033,230.9843,0.2507,0.0473,3.5165,57.4873,231.0657,0.2487,0.0614
2014-12-07T02:46:59.940Z,4.3951,62.1324,229.8871,0.2704,0.0713,2.8089,54.8553,231.3007,0.2375,0.053,2.676,59.2659,231.2719,0.2563,0.0462
2014-12-07T02:47:59.440Z,5.2496,64.3804,229.7382,0.2798,0.0826,2.3589,57.5966,231.2884,0.2493,0.0404,3.1968,58.0477,230.6591,0.2513,0.0547
2014-12-07T02:49:59.154Z,4.2684,64.4223,231.997,0.2776,0.0663,2.5695,58.6025,231.5407,0.2534,0.0443,3.0477,56.5732,232.3197,0.2437,0.0546
2014-12-07T02:50:59.860Z,4.9013,65.1085,232.6516,0.2791,0.0761,2.6639,55.6051,231.52,0.2401,0.0479,3.1214,56.9015,232.0172,0.2451,0.056
2014-12-07T02:51:59.738Z,5.2861,63.67,232.2383,0.2742,0.0834,2.4008,58.1983,232.0023,0.2512,0.0427,3.2339,59.6423,231.5939,0.2569,0.0546
2014-12-07T02:52:59.564Z,4.9199,64.7254,232.6207,0.2785,0.0779,2.7133,58.0532,231.9748,0.2501,0.0477,3.7953,56.2934,232.2429,0.2424,0.0667
2014-12-07T02:53:59.791Z,5.2911,65.7971,232.5751,0.2834,0.0813,2.8766,59.443,231.952,0.2565,0.0476,3.1052,55.9857,232.8974,0.2399,0.0562
2014-12-07T02:54:59.245Z,5.2612,65.2952,232.1866,0.2813,0.0817,2.4442,58.4483,231.7364,0.2521,0.0412,3.5907,58.6553,232.3802,0.2524,0.0607
2014-12-07T02:55:59.198Z,5.1036,63.3205,231.4415,0.2737,0.0802,2.3463,55.0776,230.7153,0.239,0.0422,3.4504,58.5969,231.6859,0.2529,0.06
2014-12-07T02:56:59.046Z,5.171,62.6769,230.9049,0.2711,0.0822,2.0303,57.9757,229.8824,0.2523,0.0353,3.7265,61.1133,231.0915,0.2645,0.0621
2014-12-07T02:57:59.686Z,4.3232,62.9804,231.1145,0.2725,0.0686,2.2866,56.1014,229.0948,0.245,0.041,3.3938,58.0688,230.6827,0.2518,0.0583
2014-12-07T02:58:59.272Z,4.9678,63.7208,231.8434,0.2746,0.0781,2.5704,57.9304,229.4282,0.2527,0.044,3.5496,56.6671,232.2869,0.2439,0.0637
2014-12-07T02:59:59.534Z,5.0637,61.3067,232.2643,0.2637,0.0834,2.1569,55.2603,230.0984,0.24,0.0398,3.6762,57.3941,232.6137,0.2467,0.0656
2014-12-07T03:00:59.195Z,4.1333,61.6995,232.9358,0.2649,0.0669,2.926,56.027,230.6549,0.2426,0.0538,2.8835,53.6741,232.8356,0.2309,0.0551
2014-12-07T03:01:59.768Z,4.812,63.2905,231.9275,0.2728,0.0775,2.5783,52.7559,230.6812,0.2287,0.0511,3.2339,57.0361,232.1611,0.2455,0.057
2014-12-07T03:02:59.717Z,5.3433,62.7458,231.9203,0.2703,0.0871,2.2707,54.94,231.1283,0.2373,0.0443,3.6013,58.5522,231.5716,0.2529,0.0616
2014-12-07T03:03:59.275Z,5.0464,61.6659,232.1953,0.2659,0.0833,3.0875,60.0235,231.2412,0.2601,0.0538,3.114,56.5267,231.8678,0.2432,0.0555
2014-12-07T03:04:59.825Z,4.8774,64.0179,232.4667,0.2753,0.0776,2.7555,59.9155,229.0929,0.2614,0.0443,3.2204,56.4576,232.3129,0.2431,0.0566
2014-12-07T03:05:59.517Z,5.3175,63.4833,232.2931,0.2735,0.0863,2.8542,56.9492,228.8741,0.2484,0.0503,3.0573,58.4986,231.9785,0.2516,0.0516
2014-12-07T03:06:59.596Z,5.0603,62.7321,231.9552,0.2702,0.0812,2.2052,57.148,230.7436,0.2474,0.0388,3.3096,58.4224,231.3437,0.2526,0.0571
2014-12-07T03:07:59.214Z,5.1286,63.1377,233.0449,0.2711,0.0826,2.4757,56.1874,230.1647,0.2438,0.0444,4.1926,59.7216,230.9844,0.2586,0.072
2014-12-07T03:08:59.477Z,5.5049,65.0116,233.2397,0.2782,0.0847,2.498,60.4398,231.7813,0.2605,0.0414,3.9009,58.9891,231.4904,0.2548,0.066
2014-12-07T03:09:59.378Z,4.2646,62.4986,232.878,0.2688,0.0695,2.4854,53.393,231.5226,0.2307,0.048,3.2032,55.5659,231.6362,0.2398,0.0571
2014-12-07T03:10:59.935Z,4.2891,63.851,232.9738,0.2742,0.0677,2.5617,57.5263,231.6805,0.2483,0.044,2.9059,57.9984,232.384,0.2496,0.049
2014-12-07T03:11:59.393Z,4.3641,63.9073,233.1862,0.2739,0.069,2.8682,56.7906,229.1639,0.2479,0.0506,3.2064,57.0016,233.753,0.2443,0.057
2014-12-07T03:12:59.701Z,5.0197,63.5701,233.0703,0.273,0.0797,1.9354,58.1869,229.2985,0.2537,0.0327,3.3914,61.2435,233.6455,0.2618,0.0558
2014-12-07T03:13:59.225Z,5.2301,63.9262,233.2829,0.2736,0.0835,2.9871,58.2674,230.4693,0.2532,0.0522,3.6303,58.094,233.3399,0.2488,0.0646
2014-12-07T03:14:59.370Z,4.9753,62.5958,232.7191,0.2686,0.0802,2.0846,55.8725,232.1222,0.2402,0.0375,3.9698,61.214,232.9452,0.2627,0.0638
2014-12-07T03:15:59.317Z,5.1725,64.5248,232.2731,0.2782,0.0813,2.6274,55.9262,231.3123,0.2425,0.046,3.0298,58.879,232.3978,0.2531,0.0518
2014-12-07T03:16:59.911Z,5.1993,62.7556,232.5145,0.2702,0.0838,2.5908,59.9811,231.0101,0.2592,0.0441,3.4675,59.5158,232.3838,0.2567,0.059
2014-12-07T03:17:59.123Z,5.0398,64.466,232.7008,0.2771,0.0808,2.7596,59.6533,230.7908,0.2587,0.0452,3.7886,58.2222,231.7638,0.2516,0.0654
2014-12-07T03:19:59.110Z,4.8384,63.5673,232.6649,0.2731,0.078,2.3915,56.8824,232.1393,0.2448,0.0415,3.1495,58.0598,232.8268,0.2491,0.0562
2014-12-07T03:20:59.475Z,5.4664,61.9503,232.7407,0.2657,0.0902,2.4141,54.9618,231.2932,0.2378,0.0441,4.002,58.1608,232.7721,0.2492,0.0703
2014-12-07T03:21:59.706Z,4.8598,62.2544,233.3941,0.2664,0.0801,2.4554,54.1705,231.8275,0.2339,0.0459,2.7359,56.5294,233.3862,0.2422,0.0495
2014-12-07T03:22:59.131Z,3.9641,62.2433,233.4972,0.2668,0.0638,2.4407,56.5032,232.4943,0.2428,0.0434,2.8874,59.4417,232.9397,0.255,0.0494
2014-12-07T03:23:59.968Z,4.736,60.1512,232.612,0.2584,0.0817,2.7642,58.7125,232.3597,0.2523,0.0474,2.5657,54.7673,232.4011,0.2356,0.0502
2014-12-07T03:24:59.167Z,5.1174,63.9364,231.6044,0.2756,0.082,2.9824,55.8891,232.1315,0.2407,0.053,3.284,59.129,231.6734,0.2553,0.0551
2014-12-07T03:25:59.118Z,5.1904,63.9042,231.1989,0.2767,0.0809,2.7697,56.7926,231.1071,0.2455,0.0485,3.5326,57.6424,230.8463,0.2497,0.0599
2014-12-07T03:26:59.771Z,4.9235,63.653,231.2825,0.2751,0.0783,2.5673,57.7707,230.1314,0.2513,0.0424,3.6164,57.1122,230.7811,0.2472,0.064
2014-12-07T03:27:59.049Z,5.4522,62.7291,229.6002,0.2731,0.088,2.4674,59.8279,228.9901,0.2612,0.0393,3.5419,59.1727,230.4923,0.2569,0.0611
2014-12-07T03:29:59.369Z,5.0077,62.7627,232.3646,0.2699,0.0804,2.4399,56.5734,232.7313,0.2431,0.0432,3.029,58.5152,233.4059,0.2508,0.0529
2014-12-07T03:30:59.636Z,5.484,64.3152,232.2225,0.2768,0.0856,2.7941,59.2364,232.6521,0.2544,0.0469,3.0908,59.763,233.0471,0.2562,0.0511
2014-12-07T03:31:59.648Z,5.144,64.0233,231.9755,0.2756,0.0815,2.6334,58.8816,232.5093,0.2537,0.0443,3.5291,58.1578,232.9242,0.2501,0.0607
2014-12-07T03:32:59.358Z,4.7313,63.2727,232.5311,0.2718,0.0763,2.3934,57.09,232.6536,0.2454,0.0424,3.2123,57.5831,232.9099,0.2469,0.0552
2014-12-07T03:33:59.436Z,5.007,62.6856,233.0418,0.2693,0.0801,2.1618,57.2344,232.0982,0.2464,0.0389,3.6814,58.9352,232.5025,0.2533,0.0627
2014-12-07T03:34:59.941Z,5.1297,64.6758,232.612,0.2776,0.0796,2.4482,57.1993,232.0142,0.2465,0.0427,3.213,57.9419,232.3542,0.2491,0.0556
2014-12-07T03:35:59.774Z,4.9065,63.877,232.1341,0.2752,0.0767,1.8914,55.2215,231.0333,0.2392,0.0343,3.5942,58.5231,231.729,0.2521,0.0611
2014-12-07T03:36:59.960Z,4.7085,63.4393,232.2291,0.2729,0.0762,2.2467,56.6498,231.0048,0.2449,0.04,3.0669,55.539,232.444,0.2392,0.0574
2014-12-07T03:37:59.709Z,4.7634,61.531,231.9387,0.2652,0.0793,2.6979,57.1882,230.7873,0.248,0.0486,4.0165,62.0048,233.1536,0.2656,0.0653
2014-12-07T03:38:59.044Z,5.4946,64.0748,232.8801,0.2754,0.0873,2.9822,58.7598,231.2483,0.2541,0.0519,3.6282,60.0632,233.0794,0.2576,0.0621
2014-12-07T03:39:59.881Z,5.0355,63.4384,232.8707,0.2722,0.0786,2.6135,54.7095,231.142,0.2368,0.0478,3.1657,58.9752,232.8047,0.2541,0.0546
2014-12-07T03:40:59.892Z,4.1221,63.388,232.4585,0.2726,0.0643,2.7648,59.5509,230.9451,0.2582,0.0458,3.3359,58.9119,232.621,0.2535,0.0591
2014-12-07T03:41:59.859Z,4.6138,65.7763,232.8323,0.2823,0.0701,2.5626,57.4601,231.1369,0.2486,0.0437,3.6496,57.1548,232.6253,0.2458,0.0641
2014-12-07T03:42:59.249Z,5.131,63.3315,232.8435,0.272,0.0828,2.244,58.563,232.1891,0.2522,0.0374,3.5679,60.3513,231.6215,0.2606,0.0594
2014-12-07T03:43:59.399Z,5.3291,65.7801,233.3443,0.2822,0.0821,2.737,58.0115,232.1504,0.2497,0.0463,3.127,56.746,231.4623,0.2455,0.0573
2014-12-07T03:44:59.352Z,5.1406,63.2113,232.6803,0.2716,0.0814,2.2267,55.2589,232.0533,0.2377,0.0409,3.5944,60.7012,232.3808,0.2609,0.0601
2014-12-07T03:45:59.934Z,5.0125,63.7229,232.2151,0.2745,0.0798,2.0642,58.6774,231.4743,0.2529,0.0357,3.697,59.7473,231.802,0.258,0.0629
2014-12-07T03:46:59.847Z,5.8652,63.4641,232.1207,0.2726,0.0929,2.2586,59.1899,231.46,0.2564,0.039,4.097,58.8493,231.2895,0.2543,0.07
2014-12-07T03:47:59.786Z,4.2402,62.3589,232.2647,0.2686,0.0703,2.3629,57.5105,228.7323,0.2516,0.0426,3.4386,57.616,232.2429,0.2484,0.0619
2014-12-07T03:48:59.665Z,4.7547,63.4716,232.8937,0.2729,0.0754,1.8449,59.968,230.9468,0.2598,0.0317,3.6521,59.782,233.0356,0.2569,0.0623
2014-12-07T03:49:59.278Z,5.0904,63.808,232.689,0.2743,0.08,2.2709,57.0698,231.9205,0.246,0.0391,3.4146,59.7095,232.7921,0.2569,0.0578
2014-12-07T03:50:59.822Z,5.3693,63.5429,232.9142,0.2729,0.0854,2.0384,57.9291,231.5527,0.2496,0.0359,3.4343,60.11,231.7919,0.2599,0.0566
2014-12-07T03:51:59.362Z,4.4676,61.2952,232.7282,0.2626,0.0742,2.2596,57.4307,231.798,0.2477,0.041,3.8413,59.8481,231.9469,0.2579,0.0653
2014-12-07T03:52:59.568Z,5.0984,64.2027,232.5002,0.2763,0.0799,2.6164,57.6495,231.7629,0.2487,0.0438,3.1555,60.0715,231.978,0.259,0.0537
2014-12-07T03:53:59.563Z,4.882,63.5251,232.5973,0.2727,0.0774,2.4351,55.6299,231.7666,0.2403,0.0438,3.654,58.2852,231.9677,0.2511,0.0642
2014-12-07T03:54:59.576Z,4.7627,63.1888,232.2416,0.2715,0.0751,2.259,58.5444,231.2029,0.2531,0.0382,3.446,60.1712,231.283,0.26,0.0588
2014-12-07T03:55:59.293Z,4.2451,62.7504,231.6136,0.2705,0.0684,2.2409,56.451,230.4502,0.2449,0.0389,3.3743,59.77,230.9131,0.2588,0.056
2014-12-07T03:56:59.606Z,5.1653,62.8478,231.4468,0.2716,0.0824,2.0574,59.3565,230.6655,0.2574,0.0346,3.1337,58.0202,230.2813,0.2515,0.0555
2014-12-07T03:57:59.669Z,5.4033,62.0344,230.8889,0.2682,0.0896,2.4748,57.0221,230.8082,0.2475,0.0448,3.2813,55.6087,229.4899,0.2425,0.0624
2014-12-07T03:58:59.288Z,4.5093,61.6682,231.815,0.2658,0.0728,2.0076,54.914,231.1673,0.2374,0.0377,3.2421,54.1414,230.827,0.2341,0.0616
2014-12-07T03:59:59.182Z,3.8951,60.3913,232.8103,0.2595,0.0657,2.5866,52.8763,232.0104,0.2276,0.05,3.3745,57.3363,232.5852,0.2462,0.0581
2014-12-07T04:00:59.194Z,5.6575,58.7203,232.509,0.2522,0.0968,2.7163,51.5301,232.0071,0.2227,0.0567,3.1754,53.2362,232.6435,0.229,0.061
2014-12-07T04:01:59.572Z,5.9266,59.8007,232.6713,0.2569,0.1011,2.4254,53.2846,231.632,0.2298,0.0496,3.7692,55.7679,232.3412,0.2402,0.068
2014-12-07T04:02:59.424Z,5.226,60.2955,233.0238,0.2584,0.0891,2.0832,53.1169,231.8991,0.229,0.0442,3.8036,52.7968,232.9716,0.2267,0.074
2014-12-07T04:03:59.087Z,4.7552,57.7943,232.6993,0.2486,0.0831,2.429,55.0372,231.2018,0.238,0.0462,3.3058,56.2096,232.4357,0.2416,0.0601
2014-12-07T04:04:59.082Z,5.6345,61.4211,232.7456,0.2643,0.0953,2.5986,53.8723,231.3442,0.2326,0.0485,3.1657,53.1309,232.1804,0.2292,0.0604
2014-12-07T04:05:59.775Z,4.8009,62.1235,232.0302,0.2676,0.0782,2.846,52.1102,230.8536,0.2255,0.0565,3.1554,57.4361,231.355,0.2479,0.0558
2014-12-07T04:06:59.266Z,4.7437,63.9977,232.4538,0.2751,0.0752,2.8956,59.4638,229.9669,0.2587,0.0486,2.9952,56.1854,230.8519,0.2431,0.0529
2014-12-07T04:07:59.060Z,5.1653,61.2766,232.5308,0.2637,0.0863,2.2241,54.2076,229.7813,0.2359,0.0403,3.4049,59.1127,230.2908,0.2568,0.0596
2014-12-07T04:08:59.016Z,5.5943,60.8158,232.2726,0.2615,0.0959,1.918,55.1158,231.0362,0.2388,0.0341,3.2262,56.4551,230.954,0.2447,0.0573
2014-12-07T04:11:59.686Z,4.7169,61.8736,231.6983,0.267,0.0775,2.7421,57.9604,232.137,0.2498,0.0472,3.3708,57.7734,232.1039,0.2489,0.0593
2014-12-07T04:12:59.935Z,4.8142,61.564,232.8749,0.2645,0.0788,2.8101,55.5593,232.2504,0.2396,0.053,3.4253,58.5771,231.3965,0.2537,0.0622
2014-12-07T04:13:59.111Z,5.1622,64.1028,233.139,0.2748,0.0812,2.6351,57.2053,232.1336,0.2466,0.0463,3.6965,57.9099,230.6699,0.2512,0.0653
2014-12-07T04:14:59.959Z,4.2018,64.8154,233.1199,0.2775,0.0661,2.5074,58.2823,231.7566,0.2517,0.0429,3.0823,58.2737,230.4496,0.2527,0.0528
2014-12-07T04:15:59.087Z,5.0038,63.4973,232.6078,0.2728,0.0797,2.676,58.2047,231.1398,0.2515,0.0466,3.2649,57.9984,229.671,0.2525,0.057
2014-12-07T04:16:59.556Z,4.8059,63.861,233.0178,0.2741,0.0761,2.2739,55.578,230.6371,0.2412,0.0399,3.3138,57.1905,229.2817,0.2497,0.0579
2014-12-07T04:18:59.995Z,5.0595,63.7525,232.806,0.2736,0.0817,2.4103,56.2169,230.1888,0.2441,0.0434,3.3058,57.5063,229.5798,0.2507,0.058
2014-12-07T04:19:59.532Z,5.1101,62.7283,232.0264,0.2707,0.0839,2.881,56.5956,231.419,0.2449,0.0513,2.8106,56.4539,231.2204,0.2436,0.0496
2014-12-07T04:20:59.708Z,5.0508,61.5182,232.2224,0.2645,0.085,2.6497,57.3808,231.8647,0.2476,0.048,3.6229,57.6055,231.1274,0.2492,0.0629
2014-12-07T04:21:59.998Z,4.726,61.4052,232.3685,0.264,0.079,2.4216,53.8743,231.9149,0.2326,0.0447,2.851,56.5551,231.3131,0.2443,0.0527
2014-12-07T04:22:59.648Z,4.5594,60.6056,232.462,0.2606,0.0778,2.4738,52.0678,231.7406,0.2244,0.0533,2.9626,56.7493,231.5599,0.2452,0.0546
2014-12-07T04:23:59.132Z,5.4117,61.6904,231.9918,0.2663,0.089,2.2797,55.0119,231.7438,0.2378,0.0428,3.1076,57.8472,231.4543,0.25,0.0562
2014-12-07T04:24:59.568Z,5.1739,64.1344,232.2344,0.2766,0.081,2.1019,56.4369,231.2595,0.2438,0.0367,3.2084,58.0478,231.6572,0.2506,0.0543
2014-12-07T04:25:59.387Z,4.4002,64.0813,231.7033,0.2764,0.0699,2.5275,56.6229,230.5299,0.246,0.0448,3.3297,56.7729,231.0959,0.2458,0.0591
2014-12-07T04:26:59.936Z,4.5632,62.8854,231.5273,0.2715,0.0731,2.6025,56.8334,230.5981,0.2463,0.0479,3.5349,56.168,231.1785,0.2427,0.0637
2014-12-07T04:27:59.428Z,4.5548,59.9612,231.5238,0.2588,0.0785,2.1191,54.6633,230.4832,0.237,0.0448,3.5659,55.9054,231.9016,0.2413,0.0647
2014-12-07T04:28:59.619Z,5.2567,61.568,232.0174,0.2654,0.086,2.263,52.6356,231.2851,0.2276,0.0462,4.387,55.5842,232.1257,0.2389,0.08
2014-12-07T04:29:59.087Z,4.722,62.916,233.3334,0.2698,0.0771,2.5667,56.1601,232.1771,0.2421,0.0468,2.9398,57.0988,232.5834,0.2457,0.052
2014-12-07T04:31:59.867Z,5.206,61.5555,233.3325,0.2638,0.0861,2.5163,57.216,232.1627,0.2466,0.0449,3.5325,56.8286,232.7067,0.2442,0.0636
2014-12-07T04:32:59.371Z,4.9104,63.7448,233.1749,0.2732,0.0774,2.1003,54.7002,231.7076,0.2363,0.0403,3.3786,57.1064,232.6458,0.2454,0.0614
2014-12-07T04:33:59.657Z,4.3829,62.2203,232.8998,0.2669,0.0722,2.4064,56.4512,231.954,0.2433,0.0451,4.1056,54.5555,232.5088,0.2348,0.0785
2014-12-07T04:34:59.194Z,4.6008,61.3112,233.0301,0.2634,0.0768,2.2318,53.0906,231.6089,0.2291,0.0506,3.9528,54.1648,232.1647,0.2329,0.0744
2014-12-07T04:35:59.552Z,5.7225,59.869,232.6334,0.2567,0.0989,2.0474,53.9643,230.937,0.2336,0.037,3.9171,55.0576,231.7523,0.2374,0.0733
2014-12-07T04:36:59.311Z,5.3611,62.0148,231.7887,0.2679,0.0868,2.6812,58.8214,230.9131,0.2547,0.0466,3.424,53.586,230.9491,0.2316,0.0646
2014-12-07T04:37:59.278Z,4.6748,61.1671,231.6049,0.2641,0.0777,3.0874,56.7378,230.7943,0.2454,0.0552,3.4156,56.7352,230.548,0.2457,0.0589
2014-12-07T04:38:59.299Z,5.032,63.5011,231.4865,0.2749,0.08,2.4738,58.1577,230.7857,0.2524,0.0412,3.4514,57.8218,230.8847,0.2501,0.0603
2014-12-07T04:39:59.518Z,5.0347,63.0841,231.6573,0.2723,0.0787,2.3651,55.4887,230.0866,0.2409,0.0424,3.0493,59.5692,231.2823,0.2576,0.0516
2014-12-07T04:40:59.609Z,5.3991,63.2737,231.5923,0.2732,0.0856,2.3759,58.77,229.906,0.2555,0.0388,3.464,57.6989,231.2474,0.2495,0.0607
2014-12-07T04:41:59.597Z,4.5875,63.3992,231.387,0.2743,0.0727,2.7142,56.1265,229.9127,0.244,0.0487,2.842,57.354,231.2923,0.2484,0.0495
2014-12-07T04:42:59.145Z,4.3651,64.5729,230.9332,0.2792,0.0679,2.3814,56.4181,230.3368,0.2453,0.0423,3.2005,58.1676,231.3966,0.2511,0.0549
2014-12-07T04:43:59.445Z,5.3589,62.7304,231.1758,0.2714,0.0847,2.4977,55.9414,231.0575,0.2423,0.0438,2.9722,57.1227,231.5986,0.2465,0.052
2014-12-07T04:44:59.370Z,5.4811,62.6577,230.9481,0.2711,0.0875,2.5787,56.6322,230.9288,0.2452,0.0466,3.4211,61.3707,231.196,0.2651,0.0567
2014-12-07T04:46:59.517Z,4.8754,62.5803,230.5457,0.2714,0.0788,2.4688,55.9095,230.1476,0.2431,0.0435,2.9983,57.5637,230.5957,0.2495,0.0538
2014-12-07T04:47:59.861Z,5.2076,63.0882,230.3697,0.274,0.0834,2.5244,60.2983,230.1297,0.2625,0.0415,3.5017,57.8665,228.7984,0.2531,0.0611
2014-12-07T04:48:59.591Z,5.1957,63.3278,230.8367,0.2744,0.0827,2.5966,57.6775,230.6613,0.2505,0.0454,2.9223,58.0586,229.7648,0.2527,0.0508
2014-12-07T04:49:59.450Z,3.9594,60.6417,231.3141,0.262,0.0667,3.1094,57.5648,230.6638,0.2492,0.0546,3.2582,55.2751,230.8232,0.2396,0.0612
2014-12-07T04:50:59.736Z,3.9697,59.9532,231.7388,0.2585,0.0665,2.7466,54.6313,231.1352,0.2365,0.0539,2.902,51.6209,231.6726,0.2229,0.0623
2014-12-07T04:51:59.090Z,5.1226,51.607,231.5315,0.2226,0.1081,2.3118,43.1793,230.9987,0.1873,0.0625,3.1855,45.0004,231.7192,0.1945,0.0863
2014-12-07T04:52:59.624Z,5.2627,49.9145,231.0098,0.2163,0.1118,2.0522,36.3773,230.3507,0.1579,0.0763,3.4807,38.6413,231.6935,0.1671,0.1122
2014-12-07T04:53:59.238Z,4.9338,53.2781,230.9082,0.2307,0.0994,1.8253,42.1897,231.0948,0.1826,0.0616,2.862,48.3981,231.8893,0.2088,0.0651
2014-12-07T04:54:59.562Z,4.7051,52.4297,231.3367,0.2263,0.095,2.2366,39.0507,231.1492,0.1687,0.0818,3.7321,43.7667,232.0338,0.1889,0.1026
2014-12-07T04:55:59.180Z,5.221,57.3148,230.1089,0.2492,0.096,2.4566,53.0378,230.6879,0.2297,0.0487,3.7833,50.2734,231.2752,0.2173,0.0908
2014-12-07T04:56:59.549Z,5.0232,61.958,229.7005,0.2695,0.0818,2.4273,55.9197,230.6116,0.2427,0.0442,2.995,57.9605,231.9629,0.2501,0.0527
2014-12-07T04:57:59.853Z,4.1015,63.7873,229.3676,0.2782,0.0647,2.6185,56.8381,230.1342,0.2471,0.0459,3.4022,56.1514,231.786,0.2422,0.0633
2014-12-07T04:58:59.233Z,4.729,62.1352,229.4159,0.27,0.0768,2.1399,55.9639,230.8119,0.2427,0.0378,3.6644,58.4418,231.456,0.2521,0.0631
2014-12-07T04:59:59.717Z,5.2245,63.1523,232.0569,0.2721,0.083,2.6125,55.4093,231.8459,0.2387,0.0486,3.1196,58.2735,231.9851,0.2507,0.0537
2014-12-07T05:00:59.683Z,4.4038,60.3708,232.3742,0.2597,0.0733,2.7533,56.8071,232.4008,0.2442,0.0505,3.2176,56.5374,231.7886,0.2444,0.0567
2014-12-07T05:01:59.022Z,4.4463,63.1018,232.0376,0.2716,0.0709,2.4894,55.1834,232.1753,0.2372,0.044,3.3323,54.8177,232.1147,0.2361,0.0602
2014-12-07T05:02:59.678Z,4.2962,60.7828,232.2848,0.2615,0.0723,2.7218,56.0657,231.7596,0.2425,0.0527,3.2346,54.2133,231.4911,0.2345,0.0622
2014-12-07T05:03:59.066Z,5.8509,61.1839,232.1234,0.2639,0.0972,2.3998,56.409,232.4712,0.2429,0.0434,3.0514,58.3058,231.5591,0.2518,0.0517
2014-12-07T05:04:59.389Z,5.3224,62.5327,232.4973,0.2692,0.0865,2.7021,57.5351,232.8501,0.2472,0.0471,3.1275,59.5315,231.918,0.2565,0.0537
2014-12-07T05:05:59.798Z,5.1515,64.1322,231.7773,0.277,0.0792,2.7213,55.9889,231.5398,0.2419,0.0489,2.9592,57.7548,231.4481,0.2491,0.0513
2014-12-07T05:06:59.175Z,4.9564,64.0906,231.6907,0.2764,0.078,1.8414,55.7711,231.313,0.2416,0.0328,3.1197,59.5882,231.5153,0.2573,0.0538
2014-12-07T05:07:59.422Z,5.1802,64.2938,232.4849,0.2764,0.0816,2.6702,58.4985,230.7541,0.2534,0.0462,3.3387,58.6337,231.0414,0.2537,0.0589
2014-12-07T05:08:59.406Z,4.9002,61.6231,232.2084,0.2648,0.081,2.7626,57.3749,231.0101,0.2486,0.0478,3.1705,58.0346,230.7104,0.2516,0.0557
2014-12-07T05:09:59.419Z,5.1976,63.1073,232.1927,0.272,0.0821,1.7882,55.7474,232.1515,0.24,0.0321,3.5756,58.1196,232.0137,0.2508,0.0623
2014-12-07T05:10:59.614Z,5.3989,62.6477,231.5934,0.2697,0.0868,2.3353,56.9466,232.0885,0.2458,0.04,3.2218,60.2712,232.2089,0.2593,0.0527
2014-12-07T05:11:59.001Z,5.1172,63.0773,231.3017,0.2728,0.0824,2.547,58.6406,232.052,0.2529,0.0424,3.5519,59.3959,231.7478,0.256,0.0617
2014-12-07T05:12:59.600Z,4.5451,62.9012,231.8833,0.2717,0.0728,2.327,56.8272,231.3874,0.245,0.0405,3.1822,59.6562,231.7409,0.2575,0.0536
2014-12-07T05:13:59.566Z,4.1708,64.4991,232.4133,0.2775,0.0656,2.88,60.132,231.7549,0.259,0.0495,4.0096,58.362,232.3631,0.2511,0.0687
2014-12-07T05:14:59.312Z,4.4173,63.0782,232.2863,0.2715,0.07,1.8642,56.1015,231.5871,0.2418,0.0347,3.2596,57.6937,232.3132,0.2477,0.056
2014-12-07T05:15:59.368Z,5.1018,63.2937,231.7484,0.2736,0.0813,1.9704,57.4125,230.9468,0.2485,0.0336,3.6567,61.0798,231.7286,0.2635,0.061
2014-12-07T05:16:59.390Z,5.3474,63.6597,231.7432,0.2746,0.0852,2.7349,55.8562,230.2079,0.2424,0.0467,3.5631,57.5597,231.641,0.2485,0.0642
2014-12-07T05:17:59.177Z,4.9051,63.957,232.3749,0.2752,0.077,2.3929,56.7285,229.7775,0.2467,0.0415,3.0592,57.1162,231.2121,0.2467,0.054
2014-12-07T05:18:59.552Z,4.2785,62.8657,232.5501,0.2701,0.0686,2.5713,57.3058,230.0487,0.2486,0.0442,3.1313,56.9576,231.3554,0.2455,0.0559
2014-12-07T05:19:59.654Z,5.1582,61.8297,232.5487,0.2659,0.0843,2.6589,56.6037,231.6599,0.2444,0.0475,3.2831,56.6013,232.5997,0.2427,0.0586
2014-12-07T05:20:59.337Z,5.2106,61.7169,232.9903,0.265,0.0874,3.0243,58.2429,231.8151,0.2517,0.0521,3.4772,56.6187,232.4258,0.244,0.0609
2014-12-07T05:21:59.635Z,4.5367,62.1335,232.6424,0.2669,0.0733,2.8379,56.0055,231.7792,0.2423,0.0529,3.1064,56.6134,232.6049,0.2431,0.0551
2014-12-07T05:22:59.981Z,5.5199,61.3185,232.7046,0.2635,0.0911,2.5597,55.5942,231.6455,0.2398,0.0464,3.4905,54.6217,231.8874,0.2357,0.0679
2014-12-07T05:23:59.278Z,4.925,63.3633,232.5197,0.2726,0.0796,2.0752,56.1234,231.6556,0.2423,0.0378,3.4393,56.6624,231.642,0.2446,0.0602
2014-12-07T05:24:59.737Z,5.2433,63.2335,232.4686,0.2721,0.0825,2.5681,58.023,230.7436,0.2516,0.044,2.9069,57.1723,232.2624,0.246,0.0512
2014-12-07T05:25:59.542Z,4.3353,62.5418,232.4553,0.2687,0.0696,2.9295,59.1569,227.9553,0.2597,0.0477,3.347,59.3486,232.2758,0.2555,0.0566
2014-12-07T05:26:59.223Z,4.7562,63.3763,231.3604,0.2741,0.0773,2.3748,57.8557,230.447,0.2508,0.042,3.5581,56.4566,231.1212,0.2443,0.0636
2014-12-07T05:27:59.609Z,4.8532,63.3752,231.6833,0.2733,0.0779,2.1463,55.1698,231.4407,0.2386,0.0421,18.5271,69.6118,230.3412,0.3027,0.1487
2014-12-07T05:28:59.601Z,685.7963,998.5928,230.9812,4.3301,0.4988,706.854,1050.8651,230.2049,4.5733,0.4882,1112.0583,1495.8144,228.1532,6.5693,0.7673
2014-12-07T05:29:59.080Z,1113.3499,1528.6853,230.9157,6.6205,0.7284,1144.1802,1590.7459,229.5795,6.9286,0.7186,1618.3189,2133.3935,228.5798,9.3327,0.7582
2014-12-07T05:30:59.889Z,1127.9038,1540.0991,231.1648,6.6626,0.7325,1162.6376,1604.0948,229.3552,6.994,0.7244,1635.7823,2143.1898,228.1331,9.3938,0.7623
2014-12-07T05:31:59.986Z,1111.5901,1537.188,230.7781,6.6607,0.7231,1164.9816,1600.9754,229.9339,6.9629,0.7274,1649.7074,2171.1263,229.6174,9.455,0.7592
2014-12-07T05:32:59.421Z,945.0274,1397.1677,230.8563,6.052,0.6761,985.7042,1464.8875,230.172,6.3643,0.6725,1454.3107,1993.6581,229.3183,8.6935,0.7293
2014-12-07T05:33:59.482Z,933.0931,1380.7933,231.2887,5.9703,0.6758,976.3359,1475.6006,230.8264,6.3928,0.6619,1425.8036,1975.3116,229.6681,8.6008,0.7212
2014-12-07T05:34:59.931Z,950.5486,1385.2523,231.1304,5.9941,0.686,1010.6584,1496.3127,230.7083,6.4852,0.6756,1441.8674,1989.4016,229.0917,8.6838,0.7239
2014-12-07T05:35:59.695Z,962.6751,1383.8656,230.4429,6.0049,0.6956,1024.7974,1496.0594,229.6506,6.5145,0.6852,1452.7282,1987.3518,228.4833,8.6976,0.7304
2014-12-07T05:36:59.532Z,959.699,1383.8681,230.1041,6.0141,0.694,1030.467,1492.3354,229.484,6.5028,0.691,1464.7772,2001.2393,229.0767,8.736,0.7317
2014-12-07T05:37:59.663Z,961.0063,1386.4688,229.6192,6.0378,0.6935,1025.5129,1472.7085,228.5619,6.4434,0.6965,1475.4585,1994.8935,228.4743,8.7312,0.7398
2014-12-07T05:38:59.023Z,967.4543,1399.0263,230.0433,6.0816,0.6916,1033.9846,1484.8145,228.9778,6.4845,0.6963,1487.1384,2013.6984,229.4288,8.7766,0.7391
2014-12-07T05:39:59.693Z,956.3958,1393.6768,231.1137,6.0299,0.6863,1009.1416,1495.8873,230.5352,6.4889,0.6745,1439.4541,1978.1092,229.5549,8.6167,0.727
2014-12-07T05:40:59.242Z,932.6181,1380.5471,230.9244,5.9783,0.6753,974.4737,1456.4627,229.9585,6.3334,0.6693,1432.7811,1963.4165,229.527,8.554,0.7291
2014-12-07T05:41:59.164Z,939.5946,1369.3515,230.6371,5.937,0.6865,991.4951,1468.4207,229.8788,6.3876,0.6752,1422.1144,1947.5749,228.3258,8.5296,0.7293
2014-12-07T05:42:59.201Z,947.9916,1368.0373,230.5328,5.9338,0.6936,999.7961,1483.5518,230.4947,6.4363,0.6742,1415.8561,1941.5627,227.8666,8.5209,0.7302
2014-12-07T05:43:59.195Z,955.2126,1375.1634,231.0421,5.9517,0.6944,1009.0029,1494.6045,230.3542,6.4882,0.6751,1418.322,1945.9435,228.2981,8.5234,0.7296
2014-12-07T05:44:59.101Z,967.3848,1368.1735,231.0402,5.922,0.7073,1033.9473,1520.5079,230.48,6.597,0.6799,1412.6406,1943.334,227.7944,8.5309,0.7271
2014-12-07T05:45:59.101Z,979.3687,1379.2258,230.8966,5.9737,0.7103,1023.04,1505.819,229.9489,6.5484,0.6794,1419.9317,1930.7436,227.1084,8.5012,0.7356
2014-12-07T05:46:59.475Z,968.2208,1364.2547,229.5774,5.9421,0.7101,1036.4629,1496.841,229.6646,6.5171,0.6922,1431.355,1944.4901,226.9904,8.5667,0.7371
2014-12-07T05:47:59.758Z,965.5992,1364.0038,228.6453,5.9657,0.7082,1045.3263,1489.4841,229.5212,6.4889,0.7012,1452.1186,1965.0664,227.6136,8.6331,0.7393
2014-12-07T05:48:59.782Z,948.6439,1351.0168,228.6398,5.9086,0.7019,1045.1941,1486.6002,229.5789,6.4753,0.7028,1447.0253,1971.3622,227.9931,8.6469,0.7343
2014-12-07T05:49:59.569Z,984.0044,1395.3403,229.8836,6.0697,0.7058,1053.5865,1507.926,229.8756,6.5594,0.6989,1472.6035,1992.0174,228.5748,8.7147,0.7396
2014-12-07T05:50:59.971Z,976.9114,1398.7722,230.628,6.0651,0.6988,1039.9914,1499.5872,229.7193,6.5277,0.6931,1473.0338,1989.4074,228.8593,8.6923,0.7404
2014-12-07T05:51:59.473Z,1002.5016,1410.0887,230.6413,6.1137,0.7111,1065.5112,1528.9178,229.8585,6.6517,0.6969,1477.7712,1992.6445,228.6004,8.7169,0.7406
2014-12-07T05:52:59.653Z,1000.8018,1425.9762,231.3651,6.1631,0.7013,1044.0488,1494.2256,227.5229,6.5677,0.6986,1496.1612,1994.4678,229.1429,8.7037,0.7503
2014-12-07T05:53:59.611Z,1025.8264,1426.6835,231.4889,6.1629,0.7192,1078.8584,1553.9002,229.5192,6.7699,0.694,1471.7804,1982.8755,228.5757,8.6751,0.7426
2014-12-07T05:54:59.735Z,1017.5537,1421.2977,231.3622,6.1431,0.7163,1081.0879,1557.538,230.2554,6.7647,0.6937,1476.0442,1998.1792,229.076,8.7227,0.7393
2014-12-07T05:55:59.495Z,1012.022,1413.8511,230.8907,6.1235,0.7162,1076.7651,1543.9127,230.1201,6.7094,0.698,1476.4787,1990.2515,228.487,8.7104,0.7415
2014-12-07T05:56:59.646Z,1019.6316,1418.2313,230.4546,6.1541,0.7189,1074.8319,1532.6797,229.3831,6.682,0.7014,1482.8848,1980.9496,227.5806,8.705,0.7493
2014-12-07T05:57:59.351Z,1026.6374,1402.7004,229.5485,6.1102,0.7316,1091.8819,1544.3808,229.4772,6.7301,0.7071,1472.3053,1966.806,226.4206,8.6862,0.7493
2014-12-07T05:58:59.835Z,1064.3199,1422.2351,230.2341,6.1774,0.7475,1089.7648,1570.3501,229.9148,6.8299,0.6937,1446.4961,1922.2977,224.5389,8.5602,0.7522
2014-12-07T05:59:59.596Z,1040.1743,1430.931,230.5309,6.2068,0.7264,1091.4877,1554.0554,229.7358,6.7646,0.7025,1490.5351,1990.5657,227.7626,8.739,0.7497
2014-12-07T06:00:59.102Z,1019.2446,1427.9127,230.3213,6.1991,0.7134,1089.8763,1533.623,229.3703,6.6862,0.7107,1511.0997,2015.4776,228.701,8.812,0.7494
2014-12-07T06:01:59.568Z,1026.0876,1432.7764,230.2534,6.2222,0.7163,1089.1146,1533.8407,229.0543,6.6958,0.7104,1512.5839,2013.3451,228.8113,8.7991,0.751
2014-12-07T06:02:59.363Z,1051.5902,1436.9822,230.4292,6.2362,0.7312,1092.9659,1553.8996,229.1302,6.7817,0.7031,1487.0653,1976.7902,227.6723,8.6829,0.7507
2014-12-07T06:03:59.405Z,1049.4936,1431.1772,230.3088,6.2136,0.7334,1092.1174,1553.1399,228.8161,6.7883,0.7026,1482.4651,1970.4093,227.6557,8.6552,0.7508
2014-12-07T06:04:59.485Z,1056.2088,1435.7953,230.2217,6.2363,0.7359,1111.7973,1564.3314,228.8691,6.8349,0.7112,1498.7792,1987.9652,227.6101,8.7341,0.7527
2014-12-07T06:06:59.411Z,1072.6232,1447.2427,229.9845,6.2926,0.7412,1096.466,1545.5899,227.9433,6.7803,0.7094,1500.5612,1963.8765,226.1463,8.6833,0.7643
2014-12-07T06:07:59.077Z,1091.1142,1478.5434,230.852,6.4046,0.7388,1063.3991,1514.829,226.5092,6.6872,0.7013,1512.1031,1946.7744,225.5147,8.6324,0.7758
2014-12-07T06:08:59.434Z,1112.4464,1499.2043,231.0442,6.4889,0.7421,1078.4064,1527.9339,226.4401,6.7471,0.7062,1530.7422,1959.7422,225.4579,8.6921,0.7817
2014-12-07T06:09:59.786Z,1085.58,1469.3833,230.7019,6.3697,0.7389,1088.7742,1544.8617,228.205,6.7698,0.7048,1511.5111,1969.3334,226.3577,8.6999,0.7676
2014-12-07T06:10:59.978Z,1100.7116,1478.0754,230.4043,6.4151,0.7446,1111.6073,1563.3593,228.2873,6.8478,0.711,1525.6031,1982.2173,226.0846,8.7674,0.77
2014-12-07T06:11:59.444Z,1084.7,1464.6063,230.3318,6.3582,0.7408,1100.6551,1554.4761,228.4993,6.8027,0.708,1516.928,1980.0672,226.393,8.746,0.7663
2014-12-07T06:12:59.835Z,1107.9707,1476.8406,230.1908,6.4155,0.7504,1130.7443,1577.9386,228.5715,6.9031,0.717,1531.8666,1992.0227,225.8406,8.8205,0.7695
2014-12-07T06:13:59.524Z,1096.3813,1461.1639,230.326,6.3436,0.7508,1121.6873,1575.8834,228.6199,6.893,0.7119,1507.7247,1968.4851,225.4275,8.7318,0.7665
2014-12-07T06:14:59.665Z,1125.792,1478.1479,230.5967,6.4103,0.7617,1149.2686,1605.4147,228.5622,7.0241,0.7161,1519.5479,1975.3408,224.5887,8.7948,0.7693
2014-12-07T06:15:59.056Z,1101.9536,1462.0557,230.4866,6.3435,0.7534,1131.7799,1576.5672,228.2556,6.9063,0.7172,1518.7151,1972.0309,224.2309,8.7947,0.7704
2014-12-07T06:16:59.785Z,1120.2116,1488.0326,230.6823,6.4504,0.7528,1143.0952,1580.7304,227.7581,6.9399,0.7236,1556.839,2008.1906,225.1609,8.9191,0.7742
2014-12-07T06:17:59.920Z,1117.2997,1483.1972,230.8651,6.4249,0.7536,1122.7163,1567.2087,227.1029,6.9012,0.7166,1535.1107,1978.6538,224.9423,8.7962,0.777
2014-12-07T06:18:59.688Z,1152.7173,1505.1704,231.4201,6.5039,0.7661,1156.1021,1613.1069,227.6578,7.0854,0.7168,1531.7919,1972.6412,224.0583,8.8041,0.7772
2014-12-07T06:19:59.974Z,1103.0538,1476.6634,231.026,6.3913,0.7466,1149.5601,1599.1393,229.1438,6.9789,0.7191,1542.1999,2018.4759,226.596,8.9076,0.7641
2014-12-07T06:20:59.731Z,1125.8634,1496.4036,230.624,6.4884,0.7525,1170.9165,1614.5313,228.9612,7.0518,0.7251,1566.729,2037.9366,226.6955,8.9897,0.7697
2014-12-07T06:21:59.693Z,1100.4315,1472.1438,230.2596,6.3933,0.7472,1159.5515,1597.5548,228.5618,6.9893,0.7262,1552.2382,2030.6087,226.7227,8.9563,0.7633
2014-12-07T06:22:59.722Z,1108.3283,1477.4297,229.215,6.4454,0.7508,1188.9137,1608.044,228.7444,7.0302,0.7394,1585.3148,2064.28,226.6677,9.1068,0.7696
2014-12-07T06:23:59.461Z,1094.1073,1468.5664,229.2949,6.4046,0.7449,1173.6057,1597.568,229.0726,6.974,0.7347,1571.8022,2056.9798,227.2672,9.0506,0.763
2014-12-07T06:24:59.086Z,1104.9588,1486.3345,229.8635,6.466,0.743,1188.2546,1604.8163,228.8257,7.0136,0.7403,1604.4947,2090.6183,227.5353,9.1882,0.7667
2014-12-07T06:25:59.734Z,1091.856,1473.3979,229.1403,6.4294,0.7411,1171.3279,1576.1886,228.0639,6.9109,0.7431,1600.9099,2075.6174,226.927,9.1464,0.7706
2014-12-07T06:27:59.502Z,1101.3667,1486.0687,228.5784,6.5011,0.7412,1180.6294,1574.9127,227.7373,6.9153,0.7498,1622.8884,2092.8826,227.26,9.2091,0.7759
2014-12-07T06:28:59.721Z,1111.5529,1502.71,228.7131,6.5702,0.7399,1182.5162,1574.7002,227.4689,6.9222,0.7507,1640.3917,2110.1354,228.003,9.2547,0.7776
2014-12-07T06:29:59.565Z,1117.1658,1505.8629,229.7961,6.5534,0.742,1179.7371,1599.862,228.68,6.9955,0.7376,1610.3391,2089.6694,228.191,9.1578,0.7704
2014-12-07T06:30:59.301Z,1136.9918,1527.4918,230.0241,6.6399,0.7441,1181.4353,1608.7501,229.0024,7.0249,0.734,1619.1819,2093.7617,228.247,9.1727,0.7729
2014-12-07T06:31:59.961Z,1129.9638,1519.2589,229.9281,6.6077,0.7434,1192.7847,1620.1576,229.4062,7.0622,0.7368,1616.301,2102.9997,229.007,9.183,0.7682
2014-12-07T06:32:59.159Z,1126.4648,1514.0535,229.9206,6.5852,0.7437,1209.0213,1636.0434,229.8344,7.1184,0.7392,1617.7252,2116.3869,229.5918,9.2176,0.7642
2014-12-07T06:33:59.341Z,1118.0743,1500.9248,228.9896,6.5543,0.7451,1222.4336,1637.8718,229.8214,7.1266,0.7459,1622.8577,2128.8894,229.7862,9.2646,0.7624
2014-12-07T06:34:59.694Z,1122.8378,1494.7477,229.6003,6.5096,0.7512,1237.1289,1667.1116,230.5467,7.2313,0.7419,1600.4543,2114.9481,229.3048,9.2238,0.7563
2014-12-07T06:35:59.830Z,1134.0648,1554.0422,230.4382,6.7434,0.7297,1174.7816,1568.9117,226.1408,6.9371,0.7488,1682.3564,2144.4911,229.9507,9.3257,0.7853
2014-12-07T06:36:59.406Z,1121.7366,1544.6389,230.1971,6.7096,0.7263,1173.7728,1558.9824,226.16,6.893,0.7525,1690.4439,2153.0379,229.908,9.3651,0.7849
2014-12-07T06:37:59.522Z,1147.058,1510.4153,229.2858,6.5873,0.7593,1235.6252,1654.3262,229.302,7.2139,0.7466,1617.9269,2102.8742,227.3996,9.2476,0.7687
2014-12-07T06:38:59.113Z,1136.8592,1494.1422,229.5521,6.5088,0.7613,1244.3525,1674.5245,230.2102,7.2742,0.743,1598.5248,2102.0651,227.8492,9.2253,0.7599
2014-12-07T06:40:59.436Z,1146.6455,1524.6385,230.578,6.612,0.7521,1232.9653,1673.6505,230.4764,7.2615,0.7361,1611.6718,2117.5578,229.2915,9.235,0.7611
2014-12-07T06:41:59.953Z,1123.919,1494.9443,230.2885,6.4916,0.752,1237.1053,1672.7712,230.5838,7.2541,0.7398,1597.8687,2114.5159,229.281,9.2226,0.7553
2014-12-07T06:42:59.871Z,1124.4871,1496.6245,229.5051,6.5207,0.7517,1237.4397,1653.7046,229.8988,7.1934,0.7481,1619.9182,2122.5401,228.4646,9.2901,0.7634
2014-12-07T06:43:59.151Z,1142.569,1509.1236,228.9312,6.5919,0.7569,1266.4257,1674.3313,229.7765,7.2863,0.7563,1647.4143,2150.7737,228.5173,9.4119,0.7664
2014-12-07T06:44:59.490Z,1109.1568,1496.6716,229.1519,6.5314,0.7411,1221.5244,1611.037,227.5988,7.078,0.7584,1657.8111,2147.5251,229.2069,9.369,0.7721
2014-12-07T06:45:59.680Z,1113.4362,1480.8358,228.2463,6.4879,0.7522,1233.1666,1622.5949,227.4418,7.1331,0.76,1632.1966,2120.9116,228.4097,9.2854,0.7709
2014-12-07T06:46:59.200Z,1138.2342,1468.1143,228.2422,6.4324,0.7751,1267.7403,1690.3255,229.4926,7.3651,0.7503,1578.5766,2078.4499,226.8718,9.1614,0.7595
2014-12-07T06:47:59.124Z,1140.884,1464.4261,228.7101,6.4023,0.7792,1269.2657,1703.2434,230.3623,7.3939,0.7452,1561.7619,2062.8473,225.9121,9.131,0.7577
2014-12-07T06:48:59.063Z,1126.2011,1447.0834,227.6053,6.358,0.7782,1289.3631,1706.7513,230.7427,7.3967,0.7554,1574.4903,2086.5153,226.1544,9.226,0.7539
2014-12-07T06:49:59.445Z,1119.342,1454.348,228.7696,6.357,0.7696,1269.7339,1702.5801,231.1379,7.3659,0.746,1565.2758,2090.7128,227.739,9.1804,0.7493
2014-12-07T06:50:59.706Z,1138.9668,1487.6201,228.6842,6.505,0.7656,1261.7886,1682.1934,230.0918,7.3113,0.7499,1602.3834,2105.2284,227.5612,9.2512,0.7616
2014-12-07T06:51:59.147Z,1121.3409,1465.8924,227.9299,6.4312,0.7652,1271.3007,1682.0667,230.4344,7.2987,0.7561,1602.7558,2117.1529,227.7962,9.294,0.7581
2014-12-07T06:52:59.088Z,1121.6343,1469.4867,227.8547,6.4487,0.7631,1274.3975,1680.2339,230.4949,7.2893,0.7584,1617.4139,2130.9609,227.9948,9.3467,0.7594
2014-12-07T06:53:59.784Z,1124.2045,1478.758,228.0212,6.4852,0.7601,1273.3143,1672.756,230.0511,7.271,0.761,1632.8248,2143.6445,227.9932,9.4015,0.7609
2014-12-07T06:54:59.117Z,1122.4319,1472.0409,228.1124,6.4531,0.7617,1258.2382,1662.6297,229.5284,7.243,0.7571,1612.4384,2114.3111,227.5052,9.293,0.762
2014-12-07T06:55:59.514Z,1163.5208,1506.4924,228.7222,6.5867,0.7724,1265.8747,1686.5326,229.4199,7.3511,0.7504,1613.3052,2100.0231,227.1671,9.244,0.7682
2014-12-07T06:56:59.252Z,1145.1699,1504.3074,228.5072,6.5829,0.7608,1244.8785,1641.0146,227.6585,7.2074,0.7588,1645.233,2120.8271,227.5869,9.3181,0.7761
2014-12-07T06:57:59.975Z,1122.9793,1520.2107,227.8769,6.6711,0.7382,1212.7215,1571.7548,225.0478,6.9842,0.7716,1706.2976,2169.0227,229.4064,9.4545,0.7878
2014-12-07T06:58:59.354Z,1121.661,1497.8813,227.6055,6.5806,0.7484,1249.2665,1624.8693,227.6766,7.1369,0.7689,1674.8439,2164.9748,229.2977,9.4418,0.7722
2014-12-07T06:59:59.891Z,1140.2009,1532.4784,229.8702,6.6664,0.744,1232.9507,1631.3497,228.0035,7.1555,0.756,1677.9849,2166.5055,230.1205,9.4146,0.7744
