2014-10-15T00:00:59.860Z,0.0387,0.0516,0.5903,0.0858,0.7274,0.0342,0.0535,0.6323,0.0832,0.6358,0.0281,0.0445,0.5658,0.0777,0.6139
2014-10-15T00:01:59.351Z,0.0377,0.0528,0.594,0.0867,0.7247,0.0367,0.0558,0.6358,0.0856,0.6351,0.0284,0.0472,0.5807,0.0798,0.6026
2014-10-15T00:02:59.708Z,0.04,0.054,0.5943,0.0874,0.74,0.0366,0.0551,0.6391,0.084,0.6446,0.028,0.0451,0.5709,0.0803,0.5903
2014-10-15T00:03:59.061Z,0.0418,0.0555,0.6021,0.0888,0.7473,0.0385,0.0573,0.65,0.0873,0.6376,0.0279,0.0445,0.5645,0.0788,0.6039
2014-10-15T00:04:59.443Z,0.0414,0.0541,0.6003,0.0883,0.7593,0.0383,0.0538,0.6317,0.0852,0.6859,0.0279,0.0445,0.5717,0.079,0.5959
2014-10-15T00:05:59.765Z,0.0378,0.0525,0.59,0.0864,0.7292,0.0331,0.0519,0.6206,0.0806,0.5806,0.0275,0.0442,0.5589,0.0794,0.6067
2014-10-15T00:06:59.121Z,0.0382,0.0529,0.5879,0.0862,0.7353,0.0412,0.06,0.6603,0.0897,0.6759,0.0294,0.0465,0.575,0.08,0.6085
2014-10-15T00:07:59.440Z,0.037,0.0512,0.5794,0.0855,0.7188,0.0361,0.0542,0.6258,0.0845,0.6406,0.0291,0.0461,0.57,0.0797,0.6136
2014-10-15T00:08:59.833Z,0.0411,0.055,0.6036,0.0878,0.7369,0.0322,0.0514,0.6153,0.0817,0.62,0.0278,0.0433,0.5639,0.0783,0.5842
2014-10-15T00:09:59.108Z,0.0365,0.0515,0.5838,0.0859,0.7124,0.0353,0.0538,0.6235,0.0844,0.6471,0.0285,0.045,0.5644,0.0791,0.6112
2014-10-15T00:10:59.350Z,0.0433,0.056,0.6003,0.0897,0.7493,0.035,0.0527,0.6173,0.084,0.65,0.027,0.0437,0.5583,0.0783,0.6107
2014-10-15T00:11:59.666Z,0.0422,0.0544,0.5978,0.0878,0.7475,0.0309,0.0494,0.6019,0.0781,0.6044,0.0275,0.0434,0.5697,0.0775,0.5991
2014-10-15T00:12:59.980Z,0.0376,0.0509,0.5779,0.0853,0.7106,0.0335,0.0529,0.6232,0.0835,0.6288,0.0274,0.0441,0.5688,0.0779,0.5932
2014-10-15T00:13:59.472Z,0.036,0.051,0.5776,0.0862,0.7238,0.0374,0.0552,0.6298,0.0864,0.6402,0.03,0.0467,0.5783,0.0798,0.6014
2014-10-15T00:14:59.777Z,0.043,0.0564,0.603,0.0888,0.7524,0.0339,0.0527,0.6124,0.0836,0.6288,0.03,0.0467,0.577,0.0818,0.6152
2014-10-15T00:15:59.134Z,0.0391,0.0522,0.5909,0.0863,0.755,0.0366,0.0541,0.6325,0.0841,0.6269,0.0288,0.0444,0.5709,0.0788,0.6019
2014-10-15T00:16:59.377Z,0.0388,0.0523,0.5854,0.0869,0.7373,0.0285,0.0473,0.5962,0.0777,0.5669,0.0231,0.0392,0.5304,0.0765,0.5508
2014-10-15T00:17:59.770Z,0.0418,0.0549,0.6031,0.0887,0.7559,0.0372,0.0556,0.6392,0.0851,0.6279,0.0277,0.0449,0.5638,0.0779,0.6021
2014-10-15T00:18:59.087Z,0.0369,0.0522,0.5803,0.0875,0.7097,0.0394,0.0578,0.6478,0.0878,0.6622,0.0275,0.0438,0.5597,0.0794,0.5903
2014-10-15T00:19:59.435Z,0.0421,0.0553,0.6034,0.0887,0.7724,0.0371,0.0555,0.6374,0.0853,0.6379,0.0279,0.0442,0.5579,0.0779,0.6011
2014-10-15T00:20:59.606Z,0.0384,0.0528,0.5919,0.0875,0.7341,0.0363,0.0544,0.6178,0.0853,0.6509,0.0294,0.0444,0.5719,0.0784,0.6031
2014-10-15T00:21:59.932Z,0.0406,0.0535,0.5903,0.0877,0.7468,0.0342,0.0513,0.6206,0.0813,0.6139,0.0281,0.0448,0.5665,0.0781,0.6152
2014-10-15T00:22:59.154Z,0.0403,0.0545,0.5928,0.089,0.7328,0.0324,0.0503,0.6138,0.0817,0.6303,0.0286,0.0448,0.5783,0.079,0.6052
2014-10-15T00:23:59.794Z,0.0386,0.0531,0.5906,0.0877,0.7286,0.0363,0.056,0.6417,0.0854,0.6523,0.0297,0.0469,0.5809,0.08,0.6009
2014-10-15T00:24:59.205Z,0.0357,0.05,0.5779,0.0832,0.7186,0.0382,0.0557,0.6304,0.0871,0.6646,0.0282,0.0432,0.5646,0.0782,0.5975
2014-10-15T00:25:59.595Z,0.0382,0.0514,0.5793,0.0857,0.7296,0.0357,0.0543,0.6354,0.0836,0.6232,0.0289,0.0436,0.5786,0.0779,0.6093
2014-10-15T00:26:59.848Z,0.0434,0.0569,0.6094,0.0913,0.7559,0.0363,0.0544,0.6312,0.0831,0.6191,0.0284,0.0438,0.5628,0.0784,0.6181
2014-10-15T00:27:59.204Z,0.0434,0.0563,0.6016,0.0903,0.7828,0.0381,0.0553,0.6359,0.0859,0.6622,0.0322,0.0475,0.5788,0.0822,0.6162
2014-10-15T00:28:59.423Z,0.0386,0.0531,0.5917,0.0855,0.7362,0.0352,0.0528,0.6269,0.0831,0.6145,0.0252,0.0424,0.5583,0.0759,0.5759
2014-10-15T00:29:59.774Z,0.0436,0.057,0.6064,0.0897,0.7736,0.0364,0.0542,0.6324,0.083,0.6348,0.0242,0.0406,0.537,0.0764,0.5779
2014-10-15T00:30:59.026Z,0.0421,0.0547,0.5997,0.09,0.7632,0.0365,0.055,0.6288,0.0865,0.6629,0.0274,0.0435,0.5582,0.0774,0.5953
2014-10-15T00:31:59.436Z,0.0424,0.0536,0.5985,0.0876,0.7688,0.0345,0.053,0.6285,0.0827,0.6082,0.03,0.0467,0.5839,0.0797,0.6209
2014-10-15T00:32:59.708Z,0.0423,0.054,0.597,0.088,0.7467,0.0383,0.0567,0.6373,0.0867,0.6617,0.0303,0.0463,0.5707,0.0817,0.5983
2014-10-15T00:34:59.320Z,0.0373,0.0513,0.5785,0.0837,0.7352,0.0353,0.053,0.6175,0.0842,0.641,0.0305,0.046,0.5853,0.0793,0.6267
2014-10-15T00:35:59.729Z,0.0421,0.0555,0.6032,0.0889,0.7487,0.0376,0.0558,0.6332,0.0874,0.6687,0.0326,0.0492,0.5858,0.0845,0.6184
2014-10-15T00:36:59.086Z,0.0397,0.0539,0.5958,0.0876,0.7321,0.0339,0.0515,0.6179,0.0827,0.6391,0.0267,0.0442,0.5594,0.0782,0.593
2014-10-15T00:37:59.519Z,0.0382,0.0512,0.5848,0.0842,0.73,0.0355,0.053,0.6136,0.0861,0.6648,0.0303,0.0467,0.5797,0.0806,0.6273
2014-10-15T00:38:59.769Z,0.0368,0.0511,0.5746,0.0846,0.7161,0.0329,0.0514,0.6129,0.0829,0.6307,0.0268,0.0443,0.5625,0.0768,0.5843
2014-10-15T00:39:59.086Z,0.0394,0.0526,0.5871,0.0869,0.736,0.0383,0.056,0.6369,0.0871,0.6457,0.0294,0.046,0.5726,0.0809,0.6294
2014-10-15T00:40:59.542Z,0.0352,0.0497,0.5709,0.0827,0.6964,0.0406,0.0597,0.65,0.0891,0.6579,0.0306,0.0473,0.583,0.0809,0.6158
2014-10-15T00:41:59.840Z,0.0412,0.0548,0.6012,0.0867,0.7409,0.0367,0.0539,0.6206,0.0848,0.6321,0.0309,0.0461,0.583,0.0806,0.6315
2014-10-15T00:42:59.239Z,0.0394,0.0526,0.5948,0.0874,0.749,0.0319,0.0513,0.6129,0.0816,0.6003,0.0258,0.0423,0.5552,0.0761,0.5723
2014-10-15T00:43:59.681Z,0.0388,0.0512,0.5764,0.0856,0.738,0.0356,0.0548,0.6232,0.0856,0.6572,0.028,0.044,0.5636,0.0776,0.5956
2014-10-15T00:44:59.983Z,0.0405,0.0532,0.5897,0.087,0.7384,0.04,0.0562,0.6368,0.0876,0.6743,0.0297,0.0449,0.5659,0.0803,0.6178
2014-10-15T00:45:59.283Z,0.04,0.0517,0.5883,0.0863,0.7529,0.034,0.0517,0.6111,0.0831,0.6586,0.03,0.0454,0.574,0.0786,0.6317
2014-10-15T00:46:59.634Z,0.0383,0.0507,0.5823,0.0853,0.735,0.034,0.0517,0.6167,0.0813,0.6167,0.0287,0.0443,0.565,0.0783,0.6103
2014-10-15T00:47:59.964Z,0.0403,0.0547,0.5968,0.0882,0.7332,0.0324,0.0524,0.6171,0.0826,0.6176,0.0288,0.0447,0.5682,0.0791,0.6218
2014-10-15T00:48:59.267Z,0.038,0.0527,0.5837,0.085,0.739,0.0327,0.051,0.6083,0.0827,0.6303,0.0277,0.0443,0.578,0.0767,0.5943
2014-10-15T00:49:59.736Z,0.0374,0.0514,0.5797,0.0846,0.7269,0.032,0.0491,0.6057,0.0806,0.6283,0.03,0.0463,0.5726,0.0814,0.6137
2014-10-15T00:50:59.099Z,0.0431,0.0559,0.6041,0.0886,0.7614,0.0372,0.0555,0.6355,0.0872,0.6531,0.0255,0.0414,0.5459,0.0766,0.581
2014-10-15T00:51:59.507Z,0.0397,0.0534,0.5863,0.0866,0.7368,0.035,0.0553,0.6321,0.0837,0.6258,0.0268,0.0424,0.5403,0.0789,0.575
2014-10-15T00:52:59.983Z,0.037,0.0508,0.583,0.0859,0.7262,0.0389,0.0565,0.6384,0.0876,0.6697,0.0289,0.0454,0.5768,0.08,0.613
2014-10-15T00:53:59.483Z,0.0386,0.0531,0.5821,0.0848,0.7407,0.0372,0.0562,0.6255,0.0893,0.6545,0.0307,0.0441,0.5728,0.0772,0.6362
2014-10-15T00:54:59.809Z,0.0416,0.0556,0.5969,0.0884,0.745,0.04,0.0581,0.6469,0.0869,0.6619,0.0291,0.0463,0.5691,0.08,0.6131
2014-10-15T00:55:59.209Z,0.0414,0.0543,0.6022,0.087,0.7562,0.0354,0.0554,0.6381,0.0849,0.6138,0.0286,0.0449,0.5649,0.0803,0.6154
2014-10-15T00:56:59.415Z,0.0394,0.0526,0.5897,0.0853,0.7268,0.0382,0.0562,0.6365,0.0865,0.6703,0.0285,0.0444,0.5676,0.0794,0.6071
2014-10-15T00:57:59.687Z,0.042,0.0537,0.5954,0.088,0.7566,0.0366,0.0537,0.6191,0.0851,0.6534,0.0289,0.0446,0.5686,0.0794,0.6006
2014-10-15T00:58:59.115Z,0.0417,0.0547,0.5963,0.088,0.7507,0.0343,0.0527,0.6163,0.0827,0.643,0.027,0.0453,0.5693,0.0783,0.586
2014-10-15T00:59:59.532Z,0.0407,0.0547,0.5962,0.0887,0.7449,0.0362,0.0536,0.6287,0.0824,0.6407,0.0318,0.0482,0.5798,0.0829,0.6242
