2014-12-30T00:00:59.959Z,2.6774,43.6253,232.3844,0.188,0.0648,3.0079,33.8612,231.7532,0.1465,0.0944,141.9011,152.4653,232.9127,0.6549,0.9278
2014-12-30T00:01:59.348Z,2.8143,46.3731,232.2384,0.1999,0.0607,2.5227,31.0214,231.3231,0.1342,0.087,83.6971,90.6831,232.509,0.39,0.924
2014-12-30T00:02:59.969Z,2.7427,45.4793,231.5051,0.1968,0.0596,2.3053,31.8563,231.6232,0.1375,0.0817,83.1871,89.2883,232.0061,0.3846,0.9322
2014-12-30T00:03:59.302Z,2.9494,45.0215,230.6482,0.1944,0.0662,2.6157,33.1625,231.5002,0.1428,0.0816,82.9751,89.5802,232.222,0.3855,0.9267
2014-12-30T00:04:59.640Z,3.3213,44.1241,230.9425,0.191,0.0737,2.6755,33.0777,231.4574,0.1432,0.0849,83.2292,89.0988,232.2404,0.3837,0.935
2014-12-30T00:05:59.136Z,2.5003,44.4664,231.458,0.1919,0.0552,2.6703,31.9471,231.831,0.138,0.085,82.9736,89.1543,232.261,0.3841,0.9311
2014-12-30T00:06:59.547Z,3.1336,45.397,232.8519,0.1946,0.0688,3.1485,32.0481,231.5822,0.1381,0.1033,82.9604,89.7342,231.7842,0.3869,0.9257
2014-12-30T00:07:59.476Z,2.9462,45.7215,232.1209,0.197,0.0637,3.0162,32.0805,231.9556,0.1384,0.1007,82.1185,88.0287,231.6368,0.3801,0.9344
2014-12-30T00:08:59.568Z,2.8484,44.6649,231.701,0.1926,0.0654,2.866,32.4422,231.4362,0.1399,0.0954,82.8305,89.0219,232.0251,0.3838,0.9323
2014-12-30T00:09:59.909Z,2.5173,45.1737,231.8449,0.1951,0.0556,2.8827,33.3545,231.5903,0.1435,0.0955,82.2353,88.9344,231.9199,0.383,0.9259
2014-12-30T00:10:59.319Z,2.8422,45.0413,232.5747,0.1932,0.063,2.5338,30.1891,230.6792,0.1306,0.0906,143.5373,153.4022,231.2414,0.6639,0.9351
2014-12-30T00:11:59.436Z,3.0575,45.341,232.3156,0.1956,0.0689,3.0998,33.6826,230.397,0.1462,0.0947,82.5373,88.6026,231.6664,0.3827,0.9326
2014-12-30T00:12:59.901Z,2.704,44.6679,231.6215,0.1929,0.0593,2.9122,31.9937,229.8872,0.1396,0.094,83.0612,89.9664,231.9526,0.3877,0.9248
2014-12-30T00:13:59.530Z,3.0474,44.9799,231.3026,0.1938,0.0671,3.0649,31.9024,230.1573,0.1386,0.0958,83.0174,89.5668,232.2046,0.3859,0.9268
2014-12-30T00:14:59.935Z,2.8138,46.2765,231.4611,0.1999,0.0629,2.619,32.0481,230.7486,0.1389,0.0863,82.7805,89.492,231.9088,0.3858,0.9254
2014-12-30T00:15:59.574Z,2.2566,45.044,232.3425,0.194,0.0516,2.6327,31.8982,231.4555,0.1374,0.0887,82.0941,88.5181,231.369,0.3827,0.9282
2014-12-30T00:16:59.064Z,2.7137,45.5402,233.4567,0.1951,0.0593,3.0806,31.9308,232.7401,0.1372,0.1018,82.7044,89.1841,231.3897,0.3853,0.9279
2014-12-30T00:17:59.884Z,2.2784,45.3116,233.7691,0.1937,0.0493,2.8789,33.3885,232.7739,0.1436,0.0939,82.1124,88.5202,231.4889,0.382,0.9291
2014-12-30T00:18:59.114Z,2.6311,46.0667,233.7587,0.1973,0.0566,2.831,30.105,232.8488,0.1288,0.0978,83.1106,89.6282,231.8567,0.3862,0.928
2014-12-30T00:19:59.390Z,2.3748,44.9956,233.6016,0.1925,0.0533,2.9084,31.534,232.9732,0.1353,0.0985,82.9101,89.3093,232.0363,0.3847,0.9293
2014-12-30T00:20:59.697Z,3.2204,45.918,232.55,0.1975,0.069,3.0332,32.2834,231.4336,0.1397,0.0956,139.6499,149.6971,230.6425,0.6492,0.9301
2014-12-30T00:21:59.048Z,465.5782,717.5774,231.5483,3.1075,0.3712,469.5237,724.712,231.0694,3.1498,0.3551,841.4867,1133.3502,229.1401,4.96,0.8216
2014-12-30T00:22:59.309Z,1025.8803,1435.8316,231.2607,6.2086,0.7142,1038.5666,1516.2207,229.3347,6.6116,0.6849,1496.5798,2035.4208,227.7039,8.9397,0.7357
2014-12-30T00:23:59.590Z,1140.3808,1521.0847,231.9469,6.5577,0.7497,1121.4851,1607.0581,229.3037,7.0082,0.6972,1550.217,2056.8073,225.9961,9.1011,0.7546
2014-12-30T00:24:59.877Z,1172.4089,1566.0597,232.2543,6.7426,0.7484,1131.5368,1600.2014,227.595,7.0303,0.7069,1603.6193,2086.0167,226.241,9.2202,0.7689
2014-12-30T00:25:59.192Z,1132.2739,1538.9669,231.7142,6.6409,0.7356,1131.0487,1584.4504,227.5254,6.9633,0.7137,1610.0839,2115.7817,227.6557,9.2931,0.7606
2014-12-30T00:26:59.471Z,1106.199,1494.3447,231.0382,6.4682,0.7404,1175.6819,1645.9678,230.7302,7.134,0.7146,1569.3314,2125.2433,228.891,9.2857,0.7393
2014-12-30T00:27:59.796Z,1120.8393,1513.7662,231.2171,6.5468,0.7408,1183.8068,1653.5083,231.0041,7.1586,0.7162,1584.988,2135.5427,229.078,9.3223,0.7417
2014-12-30T00:28:59.569Z,954.1624,1389.7922,232.4211,5.9796,0.6864,979.1148,1501.2197,231.0627,6.4972,0.6524,1403.5313,1968.8026,228.8809,8.602,0.7127
2014-12-30T00:29:59.983Z,931.1302,1369.8532,232.5719,5.8901,0.6796,952.7588,1486.5609,231.1828,6.43,0.6413,1375.4113,1944.2146,228.8068,8.4966,0.707
2014-12-30T00:30:59.203Z,955.6051,1396.6548,232.4149,6.0096,0.6838,943.519,1476.0384,230.5247,6.4028,0.6391,1392.1033,1935.0815,228.0696,8.4845,0.7196
2014-12-30T00:31:59.458Z,957.8007,1389.0306,232.2958,5.9797,0.6892,960.129,1485.7806,230.5611,6.4444,0.6459,1386.5654,1928.6002,227.4356,8.4799,0.7191
2014-12-30T00:32:59.737Z,971.857,1401.4319,232.9624,6.0163,0.693,949.7231,1480.5519,229.8633,6.4418,0.6411,1386.1027,1912.0257,226.6616,8.4351,0.7249
2014-12-30T00:33:59.000Z,961.1362,1393.7036,233.1158,5.9784,0.6893,940.004,1475.8588,229.832,6.4213,0.6367,1374.8315,1903.477,226.7264,8.3954,0.7218
2014-12-30T00:34:59.253Z,964.0863,1389.6837,232.9924,5.9644,0.6939,948.8593,1482.5491,229.8917,6.4487,0.64,1373.0189,1902.8266,226.8028,8.3898,0.721
2014-12-30T00:35:59.613Z,960.2507,1395.8318,233.0177,5.9899,0.688,960.1901,1488.1856,230.1827,6.4653,0.6448,1389.7901,1931.438,227.8561,8.4766,0.7192
2014-12-30T00:36:59.227Z,927.976,1373.8838,232.8399,5.9003,0.6752,951.1399,1490.7166,231.6421,6.4356,0.6378,1364.5538,1934.1383,228.9484,8.4475,0.7052
2014-12-30T00:37:59.491Z,880.6707,1331.3097,232.2314,5.733,0.6614,922.4453,1460.2954,231.777,6.3004,0.6312,1329.2074,1909.5148,229.1288,8.3339,0.6966
2014-12-30T00:38:59.838Z,884.252,1338.8798,231.9877,5.7711,0.6603,929.5207,1449.2559,231.1468,6.2699,0.641,1352.5129,1924.4758,229.2856,8.3936,0.7027
2014-12-30T00:39:59.156Z,893.9147,1337.8478,231.6515,5.7747,0.668,940.7909,1458.94,231.1033,6.3131,0.6441,1354.9407,1925.1097,229.0094,8.4053,0.703
2014-12-30T00:40:59.464Z,884.6509,1328.4657,231.342,5.7423,0.6659,921.212,1434.5133,230.2513,6.2298,0.6424,1342.6913,1899.3019,228.6212,8.3082,0.707
2014-12-30T00:41:59.397Z,898.4831,1343.5711,231.2217,5.8102,0.6689,931.8598,1435.7544,230.0579,6.2409,0.649,1366.6628,1915.0377,228.715,8.3731,0.7133
2014-12-30T00:42:59.592Z,72.9648,146.2557,231.6292,0.6333,0.126,74.5562,138.3153,230.607,0.603,0.1315,226.0566,283.3433,231.7519,1.2297,0.8685
2014-12-30T00:43:59.036Z,458.1048,838.0989,231.1774,3.6309,0.4051,510.3101,886.2309,230.042,3.859,0.4227,602.7796,1070.4429,231.182,4.6381,0.6521
2014-12-30T00:44:59.422Z,4.0831,45.1207,232.3098,0.194,0.09,2.0184,29.7411,231.0348,0.1288,0.0741,218.7152,248.5644,231.9881,1.0731,0.8764
2014-12-30T00:45:59.102Z,654.7889,950.2253,230.2913,4.1347,0.49,726.712,1064.4376,230.581,4.6234,0.5018,1197.2926,1597.8018,229.9558,6.9594,0.7872
2014-12-30T00:46:59.690Z,989.7235,1401.4898,230.471,6.081,0.7066,1070.4933,1549.1167,231.0174,6.7058,0.6901,1464.993,2021.9958,228.9731,8.8308,0.7246
2014-12-30T00:48:59.296Z,969.5594,1387.8883,230.9568,6.0092,0.6984,1021.4144,1518.0186,230.8178,6.5769,0.6727,1424.2426,1969.3597,228.0822,8.6344,0.7231
2014-12-30T00:49:59.627Z,1034.8979,1464.2092,232.2477,6.3041,0.7071,1022.7862,1526.1417,229.858,6.639,0.6703,1475.068,1985.6638,228.1808,8.7021,0.7426
2014-12-30T00:50:59.882Z,1002.9671,1451.1354,231.6161,6.2653,0.6909,997.614,1487.6773,229.5096,6.4818,0.6704,1477.5156,1988.9622,229.0767,8.6824,0.7434
2014-12-30T00:51:59.207Z,998.1665,1456.1865,231.6203,6.2872,0.6853,1003.2647,1478.5922,229.0637,6.4549,0.6784,1500.5664,2010.9749,229.3703,8.7672,0.7471
2014-12-30T00:52:59.557Z,971.7507,1431.4658,231.0503,6.195,0.6788,975.2803,1447.9742,229.0488,6.3211,0.6729,1479.4883,1986.8742,228.8189,8.6826,0.7444
2014-12-30T00:53:59.480Z,983.127,1433.9193,231.0098,6.2071,0.6861,984.208,1461.4231,228.9158,6.3844,0.6733,1474.2576,1978.4655,228.7024,8.6503,0.7448
2014-12-30T00:54:59.795Z,963.8616,1414.0287,231.021,6.1207,0.6813,984.6752,1462.1954,229.2711,6.3776,0.6738,1460.7191,1979.0137,229.1538,8.6366,0.7381
2014-12-30T00:55:59.180Z,969.422,1414.3446,231.3558,6.1133,0.6851,971.1511,1464.8844,229.6433,6.3791,0.663,1436.3984,1946.2938,228.2269,8.5274,0.7367
2014-12-30T00:56:59.711Z,960.489,1412.0331,233.3477,6.0509,0.6804,911.1997,1457.7641,230.4858,6.325,0.6246,1370.3198,1877.1363,227.4763,8.2521,0.7296
2014-12-30T00:57:59.888Z,891.9428,1369.2074,232.4256,5.8916,0.6517,891.4657,1416.4096,230.4913,6.1451,0.6291,1368.7017,1903.2909,229.5192,8.2923,0.7203
2014-12-30T00:58:59.639Z,880.7855,1356.7326,232.1337,5.8451,0.6496,915.5653,1425.5513,230.9684,6.172,0.6426,1379.524,1930.3622,229.9216,8.3956,0.7143
2014-12-30T00:59:59.886Z,925.0636,1396.2274,232.5294,6.0041,0.6627,951.2697,1457.3058,230.9469,6.3097,0.6531,1419.215,1964.4371,230.005,8.5409,0.7224
2014-12-30T01:00:59.394Z,937.7047,1398.0593,232.1924,6.0218,0.6708,960.31,1462.0229,230.5482,6.3413,0.6571,1420.5869,1955.0925,229.2845,8.5272,0.7265
2014-12-30T01:01:59.621Z,896.2627,1360.1731,232.1646,5.8582,0.6589,911.728,1428.372,230.3151,6.2017,0.6384,1367.2949,1904.5261,228.8937,8.3203,0.7183
2014-12-30T01:02:59.228Z,900.6418,1347.1793,231.499,5.8188,0.6684,901.8383,1423.1418,230.1713,6.1829,0.6338,1343.5751,1867.2663,227.6274,8.2034,0.72
2014-12-30T01:03:59.529Z,941.7533,1375.6939,231.725,5.9371,0.6848,929.0769,1449.0636,230.1277,6.2964,0.6411,1364.9973,1874.5561,227.1102,8.2539,0.7286
2014-12-30T01:04:59.467Z,959.7708,1380.9148,232.0803,5.9494,0.6949,943.6793,1469.4807,230.0892,6.3865,0.6422,1360.7216,1867.0453,226.5303,8.2419,0.729
2014-12-30T01:05:59.779Z,933.438,1365.2171,232.2408,5.879,0.6841,931.2877,1461.5008,230.8014,6.3326,0.6368,1350.6814,1873.0433,227.0613,8.2487,0.7208
2014-12-30T01:06:59.119Z,936.5313,1384.233,233.002,5.9407,0.6764,948.1738,1474.1796,231.1562,6.3773,0.6426,1377.9711,1912.0002,228.2845,8.3755,0.7201
2014-12-30T01:07:59.935Z,946.4085,1391.9198,233.1089,5.9711,0.6801,962.8989,1481.6408,231.1311,6.4104,0.6501,1393.5165,1925.7902,228.2455,8.4369,0.7231
2014-12-30T01:08:59.147Z,926.7393,1379.0438,232.643,5.928,0.6718,940.9869,1459.2639,231.042,6.3162,0.6449,1380.096,1912.4759,228.4849,8.3702,0.7216
2014-12-30T01:09:59.568Z,929.5558,1381.0377,232.5433,5.9386,0.6728,956.0278,1468.3619,231.1524,6.3523,0.6516,1394.5246,1932.4826,228.8033,8.4461,0.7208
2014-12-30T01:10:59.874Z,938.9681,1383.4502,232.369,5.954,0.6789,973.694,1472.517,230.5367,6.3868,0.6616,1412.1801,1945.2564,228.52,8.5122,0.7267
2014-12-30T01:11:59.507Z,909.2817,1361.5343,231.6156,5.8787,0.6671,961.9519,1445.2472,230.2327,6.2778,0.6656,1408.5744,1943.7781,228.6846,8.4999,0.724
2014-12-30T01:12:59.709Z,898.8411,1366.0308,230.6396,5.9232,0.658,959.4541,1414.4786,229.3209,6.168,0.6787,1445.3477,1975.9814,229.656,8.6038,0.7306
2014-12-30T01:13:59.415Z,917.1225,1381.2339,230.8491,5.9837,0.6634,973.6853,1430.4516,229.4298,6.2347,0.681,1455.4752,1984.8075,229.8206,8.6365,0.7326
2014-12-30T01:14:59.915Z,904.9824,1379.8119,231.3411,5.964,0.6554,958.5277,1423.0969,229.7746,6.1938,0.6736,1447.4886,1982.6919,230.2202,8.6116,0.7299
2014-12-30T01:15:59.109Z,911.8846,1376.4415,231.5751,5.9442,0.6629,967.2424,1444.6147,230.0993,6.278,0.6696,1433.0771,1973.5863,230.1845,8.5738,0.7267
2014-12-30T01:16:59.423Z,933.8548,1396.1572,232.4861,6.0051,0.6689,986.2858,1481.5157,231.3287,6.4043,0.6656,1432.8514,1982.6702,230.4047,8.6053,0.7214
2014-12-30T01:17:59.897Z,930.7199,1394.0058,232.8961,5.9857,0.6672,973.1596,1479.9397,231.3427,6.397,0.6578,1418.3023,1969.4023,230.3312,8.55,0.7206
2014-12-30T01:18:59.091Z,930.6168,1390.645,232.8357,5.9731,0.6686,971.95,1478.0756,231.1057,6.3964,0.6572,1413.57,1961.7067,230.1542,8.5233,0.7206
2014-12-30T01:19:59.767Z,943.8912,1405.0265,232.7475,6.0365,0.6715,975.6721,1478.0236,231.0784,6.396,0.6604,1429.5675,1970.1126,230.1422,8.5605,0.7254
2014-12-30T01:20:59.806Z,942.3944,1404.3338,232.7984,6.032,0.671,966.6547,1471.3403,231.0821,6.3674,0.6574,1426.7334,1962.7804,229.8867,8.5381,0.7279
2014-12-30T01:21:59.034Z,942.4382,1400.4822,232.6379,6.0197,0.6737,971.0488,1474.132,231.3055,6.3733,0.6578,1422.1185,1956.3254,229.5438,8.5222,0.729
2014-12-30T01:22:59.659Z,956.5042,1417.386,233.1328,6.0798,0.6747,953.3026,1455.4938,229.9322,6.3299,0.655,1428.4048,1940.2933,229.06,8.4703,0.7356
2014-12-30T01:23:59.928Z,957.5673,1405.2422,233.0532,6.0296,0.6813,965.5738,1471.3559,230.167,6.3929,0.6561,1419.3887,1937.8401,228.7649,8.4713,0.7318
2014-12-30T01:24:59.052Z,960.6805,1403.0602,232.7287,6.029,0.6847,971.4678,1472.8449,229.8698,6.4069,0.6597,1418.9419,1934.4458,228.5509,8.4641,0.7334
2014-12-30T01:25:59.379Z,970.6207,1423.1447,233.0707,6.1053,0.6822,959.5104,1466.9619,229.8984,6.3808,0.6539,1428.0768,1937.337,229.0368,8.4584,0.7377
2014-12-30T01:26:59.931Z,946.8556,1399.1803,232.8692,6.0084,0.6773,986.6989,1489.6981,231.3989,6.4377,0.6629,1428.056,1972.7325,229.9637,8.5785,0.7232
2014-12-30T01:27:59.734Z,947.6274,1405.6642,232.926,6.0347,0.6738,984.7678,1488.9067,231.6302,6.4279,0.661,1434.0508,1977.0825,230.0413,8.5945,0.7255
2014-12-30T01:28:59.117Z,957.7237,1416.7665,233.2233,6.0748,0.6762,981.5508,1489.0165,231.3936,6.4348,0.6592,1436.5894,1974.0758,230.0253,8.5824,0.7291
2014-12-30T01:29:59.348Z,960.5726,1431.4752,233.0136,6.1436,0.6717,968.1693,1467.9728,230.7897,6.3608,0.659,1451.6159,1975.8898,230.1143,8.586,0.7341
2014-12-30T01:30:59.702Z,957.858,1439.8422,232.8828,6.1824,0.6651,955.8392,1438.7868,229.2897,6.2753,0.6642,1473.7403,1984.0381,230.3309,8.614,0.7416
2014-12-30T01:31:59.981Z,337.8168,534.4916,233.6409,2.2959,0.2847,334.2446,520.8264,230.3054,2.2718,0.2948,586.8215,771.9429,232.0221,3.3487,0.8334
2014-12-30T01:32:59.408Z,391.9636,758.9816,233.5963,3.2564,0.3366,392.1688,725.6003,229.3849,3.1709,0.3463,511.0808,838.5031,231.543,3.6319,0.7149
2014-12-30T01:33:59.068Z,3.7249,46.0528,234.7452,0.1963,0.0802,2.5368,32.3189,229.947,0.1409,0.0843,154.8519,177.0103,232.3488,0.7624,0.8756
2014-12-30T01:34:59.478Z,535.2044,841.3323,233.4654,3.6185,0.3925,514.001,778.4301,228.9796,3.4123,0.3915,1065.8078,1346.9142,230.5348,5.8538,0.8315
2014-12-30T01:35:59.110Z,1025.0634,1488.2887,231.8716,6.4188,0.6887,1032.2878,1493.9735,229.4053,6.5122,0.6909,1541.522,2045.6362,229.6936,8.9054,0.7543
2014-12-30T01:36:59.540Z,1021.1434,1479.9836,232.0421,6.378,0.69,1072.2644,1540.7464,231.096,6.667,0.6959,1545.3846,2084.2221,230.6314,9.0368,0.7414
2014-12-30T01:37:59.848Z,1013.4148,1461.8091,231.8572,6.3047,0.6931,1087.8962,1555.1351,231.4083,6.7203,0.6993,1535.1004,2082.391,230.3991,9.0376,0.7373
2014-12-30T01:38:59.971Z,1092.7983,1541.3906,232.959,6.6164,0.7096,1141.1147,1605.2372,230.9286,6.951,0.7109,1611.2733,2141.0219,230.2549,9.2982,0.7512
2014-12-30T01:39:59.351Z,1083.0732,1543.6614,233.0502,6.6236,0.7014,1102.9858,1579.6986,231.035,6.8372,0.6982,1592.4852,2115.1972,230.3375,9.1826,0.7517
2014-12-30T01:40:59.678Z,1060.8602,1517.2437,231.903,6.5426,0.6994,1090.9833,1558.4967,231.1061,6.7429,0.7,1578.1903,2100.0632,229.8756,9.1352,0.7504
2014-12-30T01:41:59.917Z,1043.4709,1500.3627,231.6953,6.4757,0.6959,1085.6476,1544.1214,230.5529,6.6972,0.7027,1570.1054,2094.2182,230.0708,9.1021,0.7504
2014-12-30T01:42:59.606Z,1034.7937,1492.0902,230.8075,6.4653,0.6936,1087.5755,1530.0691,230.2069,6.6467,0.7109,1582.7229,2104.0438,230.028,9.1472,0.7517
2014-12-30T01:43:59.035Z,1009.9349,1477.3046,230.6652,6.4047,0.6834,1069.5591,1504.2852,229.8378,6.5448,0.7103,1578.1058,2103.1792,230.5497,9.1227,0.7489
2014-12-30T01:44:59.352Z,967.6729,1441.3812,230.9881,6.2403,0.6716,1006.6017,1462.8599,229.8872,6.3634,0.6887,1516.0194,2040.6618,230.0377,8.8709,0.7419
2014-12-30T01:45:59.029Z,952.8628,1427.7597,231.2826,6.1734,0.6679,997.186,1463.8517,230.3001,6.356,0.6816,1490.8913,2023.4803,230.1882,8.7904,0.7369
2014-12-30T01:46:59.228Z,947.4383,1413.6297,232.5968,6.0774,0.6698,1007.3858,1499.8832,231.5393,6.4778,0.6716,1455.1397,2010.6333,230.2114,8.734,0.7234
2014-12-30T01:47:59.551Z,968.6841,1429.8206,232.4779,6.1503,0.6776,1032.3409,1517.0444,231.6541,6.5488,0.6806,1482.462,2034.7254,230.2694,8.8367,0.7281
2014-12-30T01:48:59.842Z,986.6821,1444.6917,232.6321,6.21,0.6828,1035.3154,1525.4161,231.54,6.5888,0.6787,1485.8788,2030.0311,230.0973,8.8229,0.7307
2014-12-30T01:49:59.243Z,951.655,1422.4674,233.1402,6.1011,0.6685,981.3597,1492.0236,231.4862,6.4456,0.6581,1437.8117,1984.6331,230.2155,8.6208,0.7242
2014-12-30T01:50:59.866Z,956.2587,1423.5105,232.6049,6.1193,0.6715,977.5432,1476.7729,230.9253,6.3948,0.6623,1448.4471,1979.6152,229.6495,8.6205,0.7321
2014-12-30T01:51:59.262Z,985.5364,1435.9112,232.2331,6.183,0.6866,1016.6573,1501.6206,230.5438,6.5131,0.6765,1474.3074,1998.9829,229.3058,8.7175,0.7389
2014-12-30T01:52:59.588Z,993.4248,1443.1857,231.4518,6.2352,0.6887,1040.607,1504.0206,230.1431,6.5349,0.692,1504.8022,2027.501,229.4633,8.8359,0.7411
2014-12-30T01:53:59.847Z,941.5324,1404.6142,231.0607,6.0791,0.6702,991.772,1458.9442,230.0492,6.342,0.6808,1467.404,1997.9192,229.9185,8.6898,0.7346
2014-12-30T01:54:59.022Z,939.9618,1394.7796,231.4434,6.0266,0.6742,1001.5744,1474.6731,230.6573,6.3926,0.6791,1455.3836,1994.5876,229.6099,8.687,0.7303
2014-12-30T01:55:59.358Z,964.7993,1416.0566,231.7539,6.1102,0.6819,1031.9088,1503.8821,231.1152,6.5059,0.6867,1479.6117,2020.8868,229.8644,8.7913,0.7326
2014-12-30T01:56:59.746Z,998.4301,1444.9694,232.7363,6.2082,0.6912,1064.4072,1554.2427,232.2917,6.6909,0.6848,1490.1842,2042.0966,230.1276,8.8737,0.73
2014-12-30T01:57:59.156Z,967.5228,1423.3418,233.1563,6.1045,0.6793,1019.509,1526.5963,232.2302,6.5743,0.6676,1446.5135,2000.5567,230.0957,8.6944,0.7229
2014-12-30T01:58:59.052Z,955.2243,1405.4978,232.7127,6.0392,0.6802,1017.3599,1520.1255,232.1751,6.5474,0.6693,1435.8234,1992.6894,230.0107,8.6634,0.7203
2014-12-30T01:59:59.266Z,977.2503,1431.4623,232.8392,6.1484,0.6823,1027.9634,1524.8324,231.9083,6.5748,0.6741,1466.4114,2013.2372,230.1252,8.748,0.7287
