2014-11-10T00:00:59.273Z,2.9092,20.3629,231.9321,0.0877,0.1439,-5.4766,20.7417,234.0159,0.0886,-0.2637,10.481,24.7412,234.6418,0.1054,0.4245
2014-11-10T00:01:59.813Z,2.9909,21.2467,231.6326,0.0925,0.1423,-5.456,20.9559,233.7625,0.0897,-0.2609,10.4552,24.5988,234.6646,0.1047,0.4261
2014-11-10T00:02:59.201Z,3.0253,20.6206,231.1335,0.09,0.147,-5.4459,19.9609,233.3051,0.0861,-0.2713,10.5428,24.379,234.0711,0.1045,0.4337
2014-11-10T00:03:59.619Z,3.2005,21.2698,231.395,0.0922,0.151,-5.437,20.9062,233.5765,0.0897,-0.2591,10.2503,24.2068,233.8573,0.1031,0.4253
2014-11-10T00:04:59.349Z,3.5216,21.2072,230.5427,0.0922,0.1674,-5.8146,20.2212,231.5891,0.0878,-0.2863,10.538,24.4275,234.3105,0.1043,0.4326
2014-11-10T00:05:59.740Z,3.5395,21.2654,230.3382,0.0921,0.1666,-5.6148,20.321,231.5423,0.0882,-0.2769,10.2848,24.1759,234.4478,0.1034,0.4265
2014-11-10T00:06:59.652Z,3.3932,20.9247,230.1422,0.0912,0.1633,-5.779,21.0246,233.6514,0.09,-0.2751,10.5709,25.3371,234.4296,0.108,0.4197
2014-11-10T00:07:59.935Z,3.42,21.271,230.6585,0.0921,0.1617,-5.4073,20.6773,233.3189,0.0896,-0.2618,10.3277,24.0854,234.5191,0.1022,0.4301
2014-11-10T00:08:59.224Z,2.8262,21.6127,230.4902,0.0933,0.1311,-5.8823,20.6317,233.6495,0.0883,-0.2843,10.1616,24.412,234.3453,0.1045,0.4172
2014-11-10T00:09:59.250Z,3.0533,21.3445,231.1637,0.093,0.1442,-5.8862,21.208,233.7861,0.0906,-0.2772,10.2499,24.6062,234.4335,0.1047,0.4176
2014-11-10T00:10:59.563Z,2.9997,21.4791,231.2502,0.0924,0.1401,-6.2137,20.9122,233.6045,0.0893,-0.2973,10.4073,24.7374,233.9248,0.1056,0.4208
2014-11-10T00:11:59.948Z,3.2246,21.7017,231.6902,0.0943,0.1503,-5.7397,21.6659,233.4186,0.0923,-0.2659,10.4518,24.8289,233.8946,0.1061,0.4215
2014-11-10T00:12:59.355Z,3.376,21.8141,232.7868,0.0939,0.1558,-5.3412,20.4134,232.7406,0.0877,-0.2601,10.4653,24.4052,234.042,0.1041,0.4302
2014-11-10T00:13:59.212Z,3.2363,21.8356,232.2589,0.094,0.1494,-5.557,20.6369,232.8982,0.0891,-0.2686,9.9819,24.3712,234.1445,0.1043,0.4105
2014-11-10T00:14:59.739Z,2.9389,21.3987,232.8367,0.0916,0.1357,-6.1188,20.842,233.1044,0.0898,-0.2939,10.0909,24.6498,234.5907,0.1047,0.4093
2014-11-10T00:15:59.136Z,3.3757,21.29,232.7719,0.0912,0.1558,-5.9448,20.6767,233.2491,0.0891,-0.2882,10.2359,24.6775,234.8902,0.1043,0.4161
2014-11-10T00:16:59.513Z,3.8773,21.4194,232.7989,0.0916,0.1799,-5.4766,21.288,233.7487,0.0913,-0.2585,10.4578,24.5443,235.3089,0.1046,0.4277
2014-11-10T00:17:59.587Z,3.8781,21.5953,233.5907,0.0923,0.1799,-5.4133,20.8198,233.7594,0.089,-0.2601,10.2773,24.5847,235.5302,0.1041,0.4188
2014-11-10T00:18:59.337Z,3.9102,21.5756,234.55,0.092,0.1824,-5.5333,20.5065,233.4643,0.0877,-0.2699,10.4111,24.7171,235.0322,0.1049,0.4232
2014-11-10T00:19:59.762Z,3.9476,21.8182,235.1455,0.0927,0.1814,-5.4785,21.0364,232.1485,0.0907,-0.2606,10.1896,24.5263,235.5102,0.1046,0.4161
2014-11-10T00:20:59.424Z,4.1159,22.4091,235.4341,0.0948,0.1846,-5.7701,20.7557,231.5841,0.0899,-0.2777,10.3978,25.3032,236.0209,0.107,0.4108
2014-11-10T00:21:59.695Z,3.8097,21.9233,234.6753,0.0937,0.1741,-6.0136,21.1213,234.1186,0.0903,-0.2852,10.3052,24.7656,235.1607,0.1053,0.4166
2014-11-10T00:22:59.151Z,3.7933,21.904,233.7799,0.0938,0.1732,-5.7671,21.5378,234.1682,0.0915,-0.2686,10.4601,25.2388,235.2,0.1074,0.4147
2014-11-10T00:23:59.417Z,3.676,21.9993,233.2848,0.0946,0.1672,-5.9206,20.7289,234.1097,0.0885,-0.2841,10.332,24.6016,235.0636,0.105,0.4202
2014-11-10T00:24:59.488Z,3.6612,21.7286,234.5442,0.0925,0.1695,-5.8841,20.7731,234.0181,0.0891,-0.2827,93.3994,116.2638,234.9397,0.4968,0.5937
2014-11-10T00:25:59.525Z,996.0533,1462.54,234.157,6.2469,0.6575,1053.1112,1511.8809,229.9832,6.5762,0.6718,1614.8143,2158.0546,233.1262,9.258,0.752
2014-11-10T00:26:59.905Z,1103.1218,1570.4146,232.8375,6.7451,0.7026,1171.7988,1585.0466,229.803,6.8974,0.7391,1736.9646,2280.1984,233.0328,9.7845,0.7604
2014-11-10T00:27:59.125Z,1123.3004,1554.6886,232.6821,6.6814,0.7224,1218.38,1661.4221,232.3696,7.1499,0.7336,1691.9167,2257.4676,232.2749,9.7192,0.7504
2014-11-10T00:28:59.359Z,1165.7042,1578.9023,232.5782,6.7888,0.7389,1270.1755,1717.9355,233.4256,7.3595,0.7392,1711.857,2276.7867,231.8997,9.8182,0.7505
2014-11-10T00:29:59.679Z,1192.3758,1605.89,232.8813,6.896,0.7415,1284.7505,1734.1205,233.358,7.431,0.7407,1732.0995,2288.3133,231.9691,9.8643,0.7571
2014-11-10T00:30:59.498Z,1210.4108,1617.1445,232.7449,6.9474,0.7489,1306.0179,1754.8649,233.2244,7.5246,0.7446,1743.3995,2298.0388,231.9309,9.9086,0.759
2014-11-10T00:31:59.885Z,1228.8974,1639.262,232.9354,7.0376,0.75,1315.0797,1762.2422,232.998,7.5628,0.747,1763.5066,2311.5924,231.9376,9.9665,0.7614
2014-11-10T00:32:59.718Z,1242.3842,1652.5457,233.2874,7.084,0.7509,1330.5938,1775.35,232.9853,7.6197,0.7498,1779.1571,2323.6224,231.7692,10.0261,0.7664
2014-11-10T00:33:59.300Z,1249.1083,1654.646,233.4522,7.0879,0.755,1346.63,1800.6933,233.6116,7.708,0.748,1775.7821,2328.807,232.0377,10.037,0.7607
2014-11-10T00:34:59.049Z,1271.7536,1672.3173,233.4466,7.1637,0.7597,1375.8896,1826.9854,233.6902,7.8179,0.7534,1796.3865,2350.3518,232.2591,10.1191,0.7638
2014-11-10T00:35:59.972Z,1261.7707,1670.8958,233.8589,7.145,0.7548,1350.2346,1799.9929,232.8521,7.729,0.7497,1790.7908,2335.0479,232.1853,10.0567,0.7678
2014-11-10T00:36:59.357Z,1237.6841,1673.0572,234.2368,7.1427,0.74,1291.8297,1720.5922,230.5386,7.4637,0.7509,1809.3028,2326.7684,232.4438,10.0099,0.7774
2014-11-10T00:37:59.677Z,1250.1061,1666.3386,234.453,7.1074,0.7504,1311.9363,1769.4975,232.747,7.6016,0.7417,1769.2035,2301.5661,232.0782,9.9172,0.7686
2014-11-10T00:38:59.545Z,1260.5262,1664.9231,234.2917,7.1059,0.758,1343.7218,1800.59,233.5148,7.71,0.7463,1778.1974,2318.5934,231.9768,9.9946,0.7686
2014-11-10T00:39:59.065Z,1246.7351,1650.3042,233.6732,7.0623,0.7556,1343.0219,1787.5767,233.3327,7.6608,0.7509,1784.843,2324.1573,231.8269,10.0251,0.7688
2014-11-10T00:40:59.710Z,1276.5357,1684.6051,234.0276,7.1986,0.7585,1350.803,1797.5668,233.1998,7.7085,0.7507,1805.3222,2335.6235,232.207,10.0584,0.7711
2014-11-10T00:41:59.988Z,1299.4564,1712.4985,234.4412,7.3048,0.7596,1377.9928,1823.8754,233.4159,7.814,0.7553,1837.4684,2372.3749,232.7493,10.1928,0.7738
2014-11-10T00:42:59.274Z,1091.0306,1442.9996,233.9879,6.1713,0.6648,1144.1809,1517.9046,233.1496,6.52,0.5972,1620.3662,2068.44,232.9278,8.8873,0.8
2014-11-10T00:43:59.726Z,3.4511,21.7368,235.3164,0.0924,0.1591,-6.4399,21.1678,234.8533,0.0907,-0.3041,55.9251,71.0805,234.963,0.303,0.5884
2014-11-10T00:44:59.330Z,3.5213,22.0565,235.2779,0.0945,0.1599,-6.5719,21.4637,234.8818,0.0914,-0.3071,10.4272,25.6439,234.6519,0.1091,0.4072
2014-11-10T00:45:59.800Z,3.9687,22.0514,234.7163,0.0935,0.1813,-5.9172,21.4857,234.8046,0.0914,-0.276,10.6745,25.2584,234.8371,0.1082,0.4232
2014-11-10T00:46:59.177Z,4.0862,22.3102,235.5449,0.0953,0.1842,-5.9722,20.9242,232.5149,0.0904,-0.2859,10.7413,25.4448,236.381,0.1078,0.4222
2014-11-10T00:47:59.278Z,3.9596,21.7585,234.2472,0.093,0.1816,-6.5465,21.463,234.1254,0.0918,-0.3061,10.5383,25.4811,236.1761,0.1084,0.4138
2014-11-10T00:48:59.377Z,3.8136,21.6598,233.8861,0.0923,0.1759,-5.9953,20.8318,235.6538,0.0882,-0.2871,10.6561,25.2401,235.8665,0.1069,0.4239
2014-11-10T00:49:59.715Z,3.6827,21.8534,232.8259,0.0945,0.1698,-6.3374,21.1715,235.5667,0.0898,-0.2987,10.392,25.1477,235.7931,0.1064,0.4136
2014-11-10T00:50:59.002Z,3.6763,21.7762,232.8097,0.0938,0.1689,-6.1747,21.8406,235.7373,0.0929,-0.2837,10.5695,25.3565,236.3485,0.1074,0.4171
2014-11-10T00:51:59.963Z,3.5567,21.8002,234.0482,0.0933,0.1635,-6.0106,21.5513,235.5592,0.0918,-0.2794,10.5813,25.2961,236.2899,0.1067,0.4188
2014-11-10T00:52:59.807Z,3.6156,21.624,233.7426,0.0923,0.1666,-6.2061,21.3895,235.7133,0.0911,-0.2901,10.6355,25.6561,236.0493,0.109,0.4152
2014-11-10T00:53:59.160Z,3.6852,21.8462,234.1761,0.0937,0.1685,-5.9085,21.8931,235.8622,0.0929,-0.2699,10.4987,25.4327,236.191,0.1073,0.4139
2014-11-10T00:54:59.389Z,3.7295,21.9612,234.7034,0.0936,0.1703,-5.7624,21.3581,235.5373,0.0909,-0.2706,10.4763,25.2628,236.1144,0.1069,0.4143
2014-11-10T00:55:59.716Z,3.856,21.9652,235.2921,0.0937,0.1761,-6.0785,21.4994,234.7169,0.0921,-0.2849,10.6835,25.3188,236.183,0.1073,0.4222
2014-11-10T00:56:59.328Z,3.2612,21.7732,235.5238,0.0925,0.1495,-5.8684,21.2838,233.6681,0.0914,-0.2758,10.3714,25.1848,235.3604,0.1068,0.4123
2014-11-10T00:57:59.169Z,3.3265,21.4077,233.4933,0.092,0.1571,-5.6957,20.7506,231.43,0.0905,-0.2747,10.6087,25.2846,233.5381,0.1079,0.4214
2014-11-10T00:58:59.350Z,3.4819,21.5316,234.1832,0.0918,0.1638,-6.0626,20.6627,228.9744,0.0901,-0.2939,10.5613,25.3557,234.5189,0.1083,0.4174
2014-11-10T00:59:59.627Z,3.3231,21.9259,233.9173,0.0943,0.1526,-5.9738,20.7602,231.3826,0.09,-0.2886,10.4881,24.7877,233.8889,0.1057,0.4224
2014-11-10T01:00:59.294Z,3.3029,20.9622,233.3982,0.0905,0.1585,-5.7871,20.9053,232.6315,0.0898,-0.2771,10.6333,24.5591,233.3831,0.1055,0.4347
2014-11-10T01:01:59.736Z,3.1814,21.0586,232.8709,0.0911,0.1517,-5.6768,20.5255,232.6606,0.0885,-0.276,10.5283,24.4084,233.7999,0.1046,0.4328
2014-11-10T01:02:59.570Z,3.256,21.2484,232.5163,0.0916,0.1535,-5.5657,20.6834,232.3153,0.0894,-0.2695,10.5328,24.5603,234.0034,0.1056,0.4302
2014-11-10T01:03:59.855Z,3.111,21.19,233.3747,0.0913,0.1476,-5.5121,20.5296,232.1945,0.0885,-0.2689,10.4606,24.6128,234.1555,0.1053,0.4271
2014-11-10T01:04:59.247Z,3.2117,21.3741,233.3447,0.0917,0.1523,-5.6824,20.8718,232.0245,0.09,-0.2724,10.4708,24.5419,234.2441,0.1048,0.4275
2014-11-10T01:05:59.682Z,3.1233,21.5067,233.1473,0.0922,0.1463,-5.7259,20.5652,232.7531,0.0886,-0.2788,10.4128,24.294,234.115,0.1035,0.4297
2014-11-10T01:06:59.235Z,3.1596,21.5184,233.4471,0.0924,0.1472,-5.8165,21.1448,232.8628,0.0906,-0.2765,10.4344,25.1394,234.0533,0.1068,0.4161
2014-11-10T01:07:59.113Z,3.1736,21.5187,233.3828,0.0924,0.1472,-5.8655,20.7596,232.778,0.0891,-0.2816,10.21,24.596,233.3834,0.1056,0.4159
2014-11-10T01:08:59.435Z,3.3937,21.9519,234.0789,0.0943,0.1561,-5.8919,20.7687,232.741,0.089,-0.2824,10.3332,24.3636,232.2937,0.1049,0.4253
2014-11-10T01:09:59.766Z,3.5159,21.7229,232.926,0.0934,0.1621,-6.039,21.1034,233.1211,0.0905,-0.2872,10.1748,24.2887,232.2961,0.1047,0.4186
2014-11-10T01:10:59.107Z,3.7473,22.327,232.8216,0.0959,0.169,-6.0455,21.0419,233.4316,0.0903,-0.2874,10.419,24.1487,231.066,0.1042,0.4313
2014-11-10T01:11:59.322Z,3.8621,21.9944,232.6586,0.0949,0.1761,-6.0569,20.7593,233.2431,0.0887,-0.2903,10.3128,24.0995,232.7379,0.1032,0.4283
2014-11-10T01:12:59.806Z,3.6257,21.6248,232.5545,0.0929,0.1686,-6.1241,20.4656,233.2852,0.0882,-0.2961,10.2179,24.6344,233.5799,0.1056,0.4157
2014-11-10T01:13:59.255Z,3.6019,21.4634,233.0652,0.0918,0.1683,-6.1001,21.3034,233.6172,0.091,-0.2878,10.3538,25.1056,233.5316,0.1062,0.4141
2014-11-10T01:14:59.765Z,3.7338,22.2057,233.3251,0.0959,0.1684,-5.6327,21.344,233.6597,0.0917,-0.2649,10.3794,24.5786,233.9959,0.1046,0.422
2014-11-10T01:15:59.121Z,3.7626,22.0389,233.3582,0.0948,0.1713,-6.2053,21.0076,233.9046,0.09,-0.295,10.241,24.3842,233.9145,0.1048,0.4208
2014-11-10T01:16:59.118Z,3.6273,21.5056,233.0693,0.0921,0.169,-5.8115,20.8296,233.0503,0.0896,-0.2799,10.2587,24.0085,233.7777,0.1032,0.4282
2014-11-10T01:17:59.561Z,3.4876,21.2139,232.5844,0.0919,0.1648,-5.9949,20.0555,229.5514,0.0872,-0.2963,10.3256,24.4782,234.1769,0.1039,0.4235
2014-11-10T01:18:59.064Z,3.8313,21.0814,232.7911,0.0906,0.183,-5.8346,20.8518,232.4655,0.0899,-0.2792,10.6861,24.7704,233.4405,0.1062,0.4322
2014-11-10T01:19:59.635Z,3.472,21.2574,233.5553,0.0912,0.1637,-5.7978,21.4018,232.7124,0.0919,-0.2714,10.2374,24.4157,232.7838,0.1047,0.4211
2014-11-10T01:21:59.372Z,3.7591,21.6247,232.7877,0.0929,0.1747,-5.7875,20.867,232.884,0.0901,-0.2778,10.5271,24.5319,233.0905,0.1044,0.4295
2014-11-10T01:22:59.963Z,3.5712,21.6859,232.5921,0.0933,0.1658,-6.1128,20.6876,232.8002,0.0896,-0.2943,10.3289,24.7507,233.0195,0.1062,0.4187
2014-11-10T01:23:59.360Z,3.8406,21.8071,233.1453,0.0932,0.1773,-6.1327,20.6216,232.442,0.0886,-0.2959,10.4319,24.2144,232.8738,0.1035,0.4317
2014-11-10T01:24:59.493Z,3.3728,21.7564,233.2153,0.0939,0.1561,-6.7261,20.7215,232.4371,0.0896,-0.3245,10.3053,24.4917,232.7403,0.1059,0.4203
2014-11-10T01:25:59.667Z,3.5703,21.8422,232.9752,0.0936,0.164,-6.4344,20.6567,232.397,0.0888,-0.3114,10.2099,24.2969,232.7127,0.1041,0.42
2014-11-10T01:26:59.934Z,3.8438,21.6599,233.0593,0.093,0.1787,-5.8716,20.9943,232.3255,0.091,-0.2802,10.2728,24.2651,232.5704,0.104,0.4233
2014-11-10T01:27:59.446Z,3.6592,21.5409,233.0359,0.0924,0.1697,-5.9655,21.1405,232.6092,0.0912,-0.282,10.0962,24.5908,232.8896,0.1057,0.4126
2014-11-10T01:28:59.888Z,3.8073,21.72,232.1713,0.0931,0.1766,-5.8736,21.1915,232.7476,0.091,-0.2772,10.3429,24.7707,232.977,0.1067,0.4193
2014-11-10T01:29:59.297Z,3.6115,21.8398,232.0845,0.0938,0.1653,-6.1309,20.8996,232.5395,0.09,-0.2934,10.2912,24.721,232.9143,0.1061,0.4171
2014-11-10T01:30:59.070Z,3.6579,21.446,231.8831,0.0929,0.1702,-6.263,21.1891,232.2054,0.0912,-0.2961,10.3129,24.6414,232.9634,0.1065,0.4183
2014-11-10T01:31:59.376Z,3.6978,21.5364,232.0551,0.0931,0.1705,-6.0196,21.4563,232.542,0.093,-0.2826,10.2749,24.3477,233.2005,0.1043,0.4224
2014-11-10T01:32:59.357Z,3.7737,21.3979,231.9968,0.0922,0.1768,-6.3001,20.6388,232.3539,0.0889,-0.3047,10.4224,24.6249,233.0079,0.1054,0.4244
2014-11-10T01:33:59.582Z,3.7686,21.9861,231.8156,0.094,0.1729,-5.9907,21.05,231.9995,0.091,-0.2848,10.4211,24.4753,233.3393,0.1048,0.4252
2014-11-10T01:34:59.961Z,3.1167,21.7744,232.7219,0.0938,0.1423,-6.3968,21.225,232.1936,0.0915,-0.3026,10.1539,24.4852,233.4846,0.1045,0.4151
2014-11-10T01:35:59.493Z,3.4208,21.4778,233.066,0.0918,0.1576,-6.519,21.0929,231.9298,0.0911,-0.3097,10.1091,24.5116,233.3513,0.1047,0.4129
2014-11-10T01:36:59.525Z,3.4388,21.0239,233.0066,0.0907,0.1632,-6.1914,20.8386,231.7046,0.0903,-0.2961,10.281,25.203,233.5733,0.1077,0.4091
2014-11-10T01:37:59.878Z,3.402,21.6128,232.9339,0.0923,0.1564,-6.2729,20.5789,231.6461,0.0888,-0.3049,10.1511,24.4489,233.5874,0.1048,0.4156
2014-11-10T01:38:59.144Z,3.5952,21.6742,232.4868,0.0931,0.1652,-6.069,20.6875,231.2401,0.0896,-0.2923,10.3705,24.4954,233.1989,0.1043,0.4232
2014-11-10T01:39:59.494Z,3.4609,21.5543,232.3697,0.0929,0.1613,-6.1072,20.9862,231.119,0.0913,-0.2916,10.2928,24.7263,233.3719,0.1059,0.4165
2014-11-10T01:40:59.807Z,3.7243,21.5715,232.0631,0.0933,0.1735,-5.7701,20.3552,231.1774,0.0879,-0.2821,10.4014,24.1723,233.5082,0.1037,0.431
2014-11-10T01:41:59.271Z,3.7883,21.6676,233.0685,0.0928,0.1749,-6.5273,20.6353,228.1257,0.0909,-0.3167,10.4817,25.2358,234.261,0.1082,0.4154
2014-11-10T01:42:59.204Z,3.8539,21.7226,233.639,0.0934,0.1776,-6.1587,20.7363,230.1538,0.0898,-0.2956,10.467,24.7112,233.8412,0.1055,0.4252
2014-11-10T01:43:59.800Z,3.7112,21.5749,233.2605,0.0925,0.1718,-6.0211,21.0496,231.5035,0.0911,-0.2873,10.284,24.7844,233.3873,0.1063,0.4162
2014-11-10T01:44:59.126Z,3.6817,21.6789,233.2291,0.0936,0.1699,-6.0383,21.5718,231.7016,0.0932,-0.2821,10.1767,24.5864,233.4854,0.1053,0.4145
2014-11-10T01:45:59.676Z,3.7567,21.6153,233.0476,0.0932,0.1738,-6.3126,20.7451,231.4661,0.0901,-0.3041,10.2707,24.7243,233.698,0.1053,0.4162
2014-11-10T01:46:59.356Z,3.9571,21.7249,232.8725,0.0937,0.1824,-6.1228,20.8545,231.3914,0.09,-0.2943,10.5651,24.6019,233.526,0.1049,0.4297
2014-11-10T01:48:59.946Z,3.7022,21.6189,232.3375,0.0931,0.1711,-6.3233,20.552,231.788,0.089,-0.307,10.3669,24.6209,233.7692,0.1055,0.4211
2014-11-10T01:49:59.179Z,3.3981,21.359,231.9652,0.0926,0.1594,-6.4118,20.9101,232.2316,0.09,-0.3061,10.2165,24.9934,233.6804,0.1072,0.4099
2014-11-10T01:50:59.690Z,3.7449,21.9135,232.1399,0.094,0.1703,-6.0083,21.6538,232.5698,0.0931,-0.2776,10.3005,24.6543,233.6531,0.1054,0.4173
2014-11-10T01:51:59.667Z,3.3055,21.3845,231.2912,0.0923,0.155,-5.7752,21.3666,232.8833,0.0915,-0.2713,10.3655,24.4812,233.3282,0.105,0.4239
2014-11-10T01:52:59.676Z,2.9597,21.0704,231.7635,0.091,0.1413,-5.8068,20.9521,232.6395,0.0898,-0.2768,10.4815,24.8077,233.4252,0.1056,0.423
2014-11-10T01:53:59.216Z,3.0397,21.6286,232.6139,0.093,0.1412,-5.9191,21.5072,232.4163,0.0923,-0.2756,10.2269,24.2714,233.303,0.1037,0.4218
2014-11-10T01:54:59.413Z,3.058,21.4014,232.6537,0.0921,0.1436,-6.0519,20.8848,232.3823,0.0896,-0.2894,10.3337,24.8944,233.1806,0.1064,0.416
2014-11-10T01:55:59.847Z,3.3405,21.9127,233.5265,0.0935,0.1529,-6.0178,21.2753,232.3995,0.0916,-0.2833,10.3433,24.7479,233.3835,0.1057,0.4181
2014-11-10T01:56:59.159Z,3.6429,21.7024,233.5489,0.093,0.1678,-6.2069,21.0243,232.6366,0.0902,-0.2958,10.2203,24.7356,233.4743,0.1057,0.4135
2014-11-10T01:57:59.668Z,3.7404,21.6427,233.1054,0.0925,0.1729,-6.0195,20.832,232.2739,0.0901,-0.2885,10.4574,24.7546,233.1568,0.1061,0.4223
2014-11-10T01:58:59.551Z,3.609,21.9544,233.4471,0.0938,0.1659,-5.8184,21.1148,232.0676,0.0913,-0.2763,10.2273,24.3618,233.2352,0.1043,0.4208
2014-11-10T02:00:59.693Z,3.4186,21.4922,232.3697,0.0923,0.1597,-5.8388,21.2221,232.7056,0.0907,-0.2762,10.4052,24.6375,233.443,0.1055,0.4229
2014-11-10T02:01:59.797Z,3.05,21.3301,233.0929,0.0912,0.1444,-5.6847,20.2485,232.3571,0.0876,-0.2807,10.593,24.6203,233.4089,0.1056,0.4307
2014-11-10T02:02:59.307Z,3.0631,20.9752,233.2672,0.0899,0.1463,-5.6338,20.3024,232.7766,0.0875,-0.2772,10.3409,24.6263,233.517,0.1057,0.4216
2014-11-10T02:03:59.784Z,3.3404,21.2712,233.6178,0.0915,0.1577,-5.8028,20.7938,232.8761,0.0893,-0.2802,10.4114,24.3016,232.9497,0.1044,0.4294
2014-11-10T02:04:59.987Z,3.7003,21.3732,233.6886,0.0915,0.1749,-6.0936,21.1352,233.2029,0.0915,-0.2886,10.6256,24.5844,233.1345,0.1054,0.4337
2014-11-10T02:05:59.276Z,3.9668,21.6274,234.0844,0.0927,0.1845,-5.9854,20.604,233.1655,0.0885,-0.2911,10.4057,23.9208,233.1231,0.1025,0.4359
2014-11-10T02:06:59.897Z,3.7916,21.7375,233.5743,0.0928,0.1741,-6.0528,20.7416,232.5085,0.0897,-0.2909,10.4172,24.678,233.5664,0.1055,0.4221
2014-11-10T02:07:59.237Z,3.6984,21.6622,232.866,0.0935,0.1718,-6.1745,20.8907,232.3037,0.0902,-0.295,10.3562,24.5216,233.4149,0.1052,0.422
2014-11-10T02:08:59.884Z,3.6449,21.7621,232.4079,0.0936,0.1672,-6.0342,20.8325,231.6877,0.0899,-0.2902,10.4097,24.8991,233.6629,0.1063,0.4182
2014-11-10T02:09:59.172Z,3.534,21.5473,232.497,0.0929,0.1633,-6.191,21.1176,231.974,0.091,-0.2932,10.2748,24.6309,233.0652,0.1055,0.418
2014-11-10T02:10:59.237Z,3.3396,21.4294,232.1478,0.0927,0.1565,-6.5277,20.9212,232.3351,0.0904,-0.3114,9.8715,24.1827,232.9244,0.1038,0.4081
2014-11-10T02:11:59.398Z,3.3232,21.2002,232.9919,0.0912,0.1565,-6.5123,20.7506,232.0072,0.0898,-0.3118,9.9589,23.9092,232.759,0.1024,0.4174
2014-11-10T02:12:59.211Z,3.009,21.4454,232.9169,0.0917,0.1406,-6.0413,20.9059,231.9446,0.0899,-0.2889,10.3554,24.8137,232.7033,0.1066,0.4171
2014-11-10T02:13:59.456Z,3.8527,21.7488,233.0932,0.0937,0.178,-5.6686,21.274,231.891,0.092,-0.2685,10.3407,24.4437,233.0132,0.1047,0.4234
2014-11-10T02:14:59.922Z,3.9417,21.826,232.8813,0.0938,0.181,-6.0798,20.7733,231.8599,0.0904,-0.2921,10.5381,24.7431,232.9774,0.1065,0.426
2014-11-10T02:15:59.147Z,3.7468,21.7653,232.2998,0.0937,0.1731,-5.7722,20.6302,231.8444,0.0894,-0.2798,10.3013,24.7589,232.8569,0.1062,0.417
2014-11-10T02:16:59.471Z,3.567,21.0696,232.0306,0.0911,0.1714,-5.5618,21.2273,232.0177,0.0917,-0.2636,10.2761,24.1576,232.766,0.1037,0.4266
2014-11-10T02:17:59.145Z,3.7181,21.35,231.0848,0.0923,0.1745,-5.6493,20.1703,232.5067,0.0864,-0.2778,10.3557,23.9172,232.774,0.1027,0.4356
2014-11-10T02:18:59.286Z,3.7361,21.5217,230.8319,0.0927,0.175,-5.7064,20.3398,232.1429,0.0882,-0.2784,10.452,24.0751,232.5613,0.1032,0.4355
2014-11-10T02:19:59.669Z,3.3909,20.9544,231.3174,0.0907,0.1626,-6.2187,21.3778,232.1333,0.092,-0.2907,10.4672,24.3152,232.453,0.1046,0.4322
2014-11-10T02:20:59.970Z,3.8451,21.6729,232.8643,0.0935,0.177,-5.4655,21.0416,231.4757,0.0912,-0.2615,10.291,24.08,232.6353,0.1034,0.4283
2014-11-10T02:21:59.285Z,3.2514,21.6463,233.3406,0.0937,0.1501,-6.171,21.402,231.6058,0.0929,-0.2887,10.2568,24.73,232.6685,0.1063,0.4149
2014-11-10T02:22:59.695Z,3.5194,21.2221,233.2335,0.0913,0.1651,-6.3953,21.3163,231.6239,0.0919,-0.3011,10.0432,24.3937,232.5677,0.1049,0.4132
2014-11-10T02:23:59.127Z,3.7373,21.3943,233.0295,0.0917,0.174,-6.3138,20.7015,231.3649,0.089,-0.3041,10.2552,24.6923,232.6166,0.1058,0.4168
2014-11-10T02:24:59.310Z,3.7155,21.5922,233.1927,0.0923,0.1728,-5.9373,21.2498,232.1633,0.0918,-0.2801,10.2513,24.407,232.6831,0.1048,0.4202
2014-11-10T02:25:59.672Z,3.1989,21.4682,232.3731,0.0922,0.1506,-5.8419,21.5249,232.8884,0.0925,-0.2743,10.2831,24.4282,232.7066,0.1047,0.4212
2014-11-10T02:26:59.168Z,3.1718,21.6108,233.3437,0.0926,0.1475,-5.7842,21.1109,232.3826,0.0912,-0.2738,10.4714,24.3862,232.5897,0.1045,0.4309
2014-11-10T02:27:59.650Z,3.9841,21.4291,233.2442,0.092,0.1855,-6.1405,20.7406,232.1907,0.0895,-0.2948,10.0493,23.8043,232.7034,0.1023,0.4234
2014-11-10T02:28:59.036Z,3.8201,21.7019,233.1895,0.0932,0.1757,-5.7061,21.0712,232.3112,0.0912,-0.2716,10.4985,24.537,232.6905,0.1053,0.4278
2014-11-10T02:29:59.880Z,3.1842,21.5172,234.0827,0.092,0.1485,-5.6891,21.0414,232.5696,0.0909,-0.2711,10.4117,24.8779,232.8912,0.1067,0.4202
2014-11-10T02:30:59.248Z,3.1317,21.8457,233.8601,0.0935,0.1445,-5.7758,21.6024,232.4619,0.0931,-0.2691,10.626,24.5966,232.5867,0.1045,0.4325
2014-11-10T02:31:59.041Z,3.038,21.8787,232.8528,0.0941,0.1386,-5.9812,20.6976,232.3906,0.0891,-0.2876,10.2397,24.3569,232.65,0.104,0.4218
2014-11-10T02:32:59.573Z,2.9454,21.4642,232.54,0.0927,0.1378,-5.8146,20.9061,232.2963,0.09,-0.2767,10.0237,24.1338,232.3435,0.1038,0.4173
2014-11-10T02:33:59.367Z,2.8681,21.4369,232.2534,0.092,0.1328,-6.1762,20.6333,232.37,0.089,-0.2985,10.048,24.0857,232.2075,0.1033,0.4175
2014-11-10T02:34:59.530Z,2.7746,21.3556,232.236,0.0915,0.1286,-6.2817,20.9764,232.3506,0.0902,-0.2996,10.2577,24.7839,232.6973,0.1068,0.4149
2014-11-10T02:35:59.871Z,3.095,21.9631,231.0715,0.0952,0.1413,-6.6653,21.0167,232.7562,0.0904,-0.317,10.1873,24.7555,233.4017,0.1061,0.4111
2014-11-10T02:36:59.223Z,3.3368,21.4372,231.1305,0.0934,0.157,-6.1224,21.4916,232.7514,0.0922,-0.2863,10.1955,24.8452,233.7932,0.106,0.4106
2014-11-10T02:37:59.682Z,3.4312,21.3823,231.7448,0.0927,0.1603,-6.3434,21.0858,232.4936,0.0907,-0.3014,10.3589,25.2738,233.5008,0.1082,0.4106
2014-11-10T02:38:59.008Z,3.5039,21.6179,232.8177,0.0934,0.1621,-6.1825,21.2826,232.6247,0.091,-0.2917,10.5067,25.0818,233.4424,0.1075,0.4197
2014-11-10T02:39:59.948Z,3.7973,21.9632,233.1397,0.0939,0.1743,-5.7895,20.8778,232.4316,0.0901,-0.2761,10.5851,24.6767,233.61,0.1055,0.4287
2014-11-10T02:40:59.191Z,3.9233,21.7243,232.7416,0.0933,0.1819,-5.9496,21.0517,232.4037,0.091,-0.2839,10.5675,25.21,233.1639,0.1081,0.4205
2014-11-10T02:41:59.697Z,3.772,21.5631,232.6494,0.0928,0.174,-6.3421,21.0576,232.196,0.0908,-0.3003,10.25,24.3381,232.9253,0.1048,0.4222
2014-11-10T02:42:59.104Z,3.101,21.1534,232.5349,0.0908,0.1454,-6.1579,21.0509,232.227,0.0909,-0.2915,10.1475,24.881,232.9641,0.1068,0.4088
2014-11-10T02:43:59.428Z,3.0499,21.6273,232.3214,0.0928,0.1428,-6.1867,21.0439,229.8278,0.0917,-0.2959,10.4643,24.7777,233.7071,0.106,0.4225
2014-11-10T02:44:59.900Z,3.1757,21.5696,233.1885,0.0928,0.1473,-6.3965,20.6857,230.6249,0.0894,-0.3085,10.2571,24.7438,233.3576,0.1062,0.4147
2014-11-10T02:45:59.976Z,3.8493,21.6851,233.0854,0.0932,0.178,-6.1048,20.5467,232.1857,0.0888,-0.297,10.336,24.5904,233.371,0.1051,0.4209
2014-11-10T02:46:59.767Z,3.7926,21.7378,233.2768,0.0931,0.1752,-6.1744,21.2347,232.3892,0.0912,-0.291,10.4905,25.0333,232.9896,0.1073,0.4202
2014-11-10T02:47:59.038Z,3.833,21.7663,233.5148,0.0933,0.1756,-5.8071,20.7155,232.4675,0.0895,-0.2783,10.3923,24.5841,233.2677,0.1057,0.4239
2014-11-10T02:48:59.412Z,3.7271,21.7407,232.8951,0.0935,0.1713,-6.0741,21.0116,232.2139,0.0904,-0.2884,10.4038,24.8765,233.4241,0.1066,0.4189
2014-11-10T02:49:59.282Z,3.5033,21.9474,231.8738,0.0946,0.159,-5.8954,21.24,232.1207,0.0917,-0.2787,10.1243,24.351,233.4872,0.1043,0.4163
2014-11-10T02:50:59.184Z,3.6883,21.5961,232.0441,0.0931,0.171,-5.879,21.1289,232.5228,0.0907,-0.2785,10.4859,24.9506,233.601,0.1067,0.4205
2014-11-10T02:51:59.213Z,3.6251,21.5032,231.8933,0.0928,0.1697,-6.0243,21.0003,232.6315,0.09,-0.287,10.4335,24.7473,233.5416,0.1066,0.4228
2014-11-10T02:52:59.525Z,3.6525,21.6222,232.3958,0.0934,0.1688,-6.1518,21.3374,232.6469,0.0923,-0.2886,10.4319,24.7116,233.5718,0.1052,0.4225
2014-11-10T02:53:59.958Z,3.5371,21.8384,232.2895,0.0941,0.1623,-5.8644,21.0234,231.8578,0.0909,-0.2794,10.2257,24.5478,233.4818,0.1057,0.4165
2014-11-10T02:54:59.342Z,3.5869,21.7575,233.0974,0.0931,0.1654,-6.1152,21.207,231.7432,0.092,-0.2889,10.2901,24.1457,233.3422,0.1031,0.4268
2014-11-10T02:55:59.664Z,3.3111,21.6341,233.7885,0.0926,0.1534,-5.7998,21.1078,231.6359,0.0909,-0.2755,10.359,24.8682,233.2484,0.1065,0.4178
2014-11-10T02:56:59.171Z,3.2095,21.2815,233.2135,0.091,0.1515,-5.9788,20.7814,231.7386,0.0898,-0.2871,10.6738,24.9405,233.2184,0.1067,0.4288
2014-11-10T02:57:59.837Z,3.0648,21.6532,233.2651,0.0928,0.1422,-5.962,21.3734,231.6713,0.0924,-0.2801,10.2243,24.6567,232.6738,0.1059,0.4152
2014-11-10T02:58:59.225Z,3.326,21.6618,233.3097,0.0931,0.1539,-5.9739,21.0281,231.8123,0.0904,-0.2851,10.2287,24.9692,232.8298,0.1071,0.4112
2014-11-10T02:59:59.509Z,3.8868,21.6777,232.5746,0.0936,0.1778,-6.2894,20.6977,231.4627,0.089,-0.3035,10.2614,24.3168,232.4971,0.1049,0.4215
2014-11-10T03:00:59.937Z,3.3902,20.9792,231.6529,0.0912,0.1629,-5.6811,20.4372,231.5805,0.088,-0.2765,10.1744,24.8518,232.7876,0.1071,0.4104
2014-11-10T03:01:59.528Z,3.4156,21.2499,232.3589,0.0913,0.1618,-5.8462,20.3481,231.237,0.0877,-0.2848,10.3549,24.6846,232.5622,0.1056,0.4225
2014-11-10T03:02:59.842Z,3.6147,21.5235,232.59,0.0928,0.1703,-5.7203,20.385,231.103,0.0883,-0.2816,10.2836,24.2029,232.515,0.1039,0.4263
2014-11-10T03:03:59.268Z,3.0539,21.2649,232.7833,0.0912,0.1444,-5.8129,20.9899,230.7975,0.0911,-0.2795,10.5002,24.0845,232.092,0.1037,0.4371
2014-11-10T03:04:59.069Z,3.0214,21.3068,232.4929,0.0916,0.1417,-6.0594,20.6235,230.7343,0.0895,-0.2945,10.0635,23.8856,232.0027,0.1024,0.4216
2014-11-10T03:05:59.703Z,3.3079,21.4918,232.6949,0.0924,0.1542,-5.9017,20.7053,230.7268,0.0903,-0.2858,10.0227,23.8304,231.8776,0.1019,0.4215
2014-11-10T03:06:59.897Z,2.9377,21.0926,231.8947,0.0915,0.1411,-5.5947,20.9596,231.2522,0.0907,-0.2659,10.2433,24.41,231.4843,0.1054,0.4215
2014-11-10T03:07:59.242Z,3.5413,21.4075,231.6795,0.0928,0.1654,-5.923,20.8837,231.8385,0.09,-0.2837,10.2422,23.8766,231.4108,0.103,0.4297
2014-11-10T03:08:59.383Z,3.6422,21.5009,232.1057,0.0927,0.1693,-5.9687,20.9109,232.1771,0.0899,-0.2844,10.2889,24.2294,231.8527,0.1045,0.4249
2014-11-10T03:09:59.624Z,3.7577,21.6859,231.9197,0.0935,0.1732,-6.1152,20.7006,232.1389,0.0896,-0.2952,10.4077,24.5741,231.623,0.1052,0.4238
2014-11-10T03:10:59.059Z,3.6591,21.7204,231.6847,0.0939,0.1687,-5.7774,21.5101,231.9566,0.093,-0.2708,10.0988,23.743,231.3792,0.1026,0.4258
2014-11-10T03:11:59.169Z,3.8523,21.7109,231.6027,0.0933,0.1787,-6.1327,20.2011,231.9656,0.0874,-0.3015,10.3884,23.9232,232.1485,0.1027,0.4359
2014-11-10T03:12:59.507Z,3.7377,21.7785,231.4183,0.0936,0.1741,-5.7367,20.8448,231.9628,0.0899,-0.2744,10.2988,24.4759,231.8331,0.105,0.4218
2014-11-10T03:13:59.587Z,3.5491,21.795,232.2816,0.0941,0.1635,-6.1559,20.6583,231.6532,0.0894,-0.2974,10.1445,24.3517,231.9767,0.1053,0.4171
2014-11-10T03:14:59.918Z,3.5869,21.6521,232.2913,0.0933,0.1657,-6.0364,21.3152,231.5893,0.0918,-0.2841,10.2398,24.3786,232.5139,0.105,0.4199
2014-11-10T03:15:59.356Z,3.8013,21.6718,233.1324,0.0929,0.176,-5.5987,21.0847,231.6268,0.0906,-0.2662,10.5786,24.404,232.9099,0.1055,0.4346
2014-11-10T03:16:59.994Z,3.8685,21.5205,233.1804,0.0922,0.18,-5.7988,20.3149,231.4277,0.0874,-0.2847,10.4668,24.1319,232.8335,0.1037,0.4351
2014-11-10T03:17:59.651Z,3.5973,21.3213,232.3853,0.0918,0.1682,-5.6951,20.4011,230.9249,0.0885,-0.2791,10.0213,24.0871,232.5383,0.1037,0.4175
2014-11-10T03:18:59.513Z,3.7722,21.3378,232.0984,0.0926,0.177,-6.2254,20.4604,231.5782,0.0883,-0.3031,10.0312,23.8927,232.6724,0.1025,0.421
2014-11-10T03:19:59.664Z,3.6131,20.9868,231.8323,0.0909,0.1736,-5.7557,20.5912,232.1069,0.0888,-0.2803,10.3341,24.1798,232.4488,0.1037,0.4289
2014-11-10T03:20:59.135Z,3.7527,21.6006,231.3574,0.0927,0.1747,-5.572,21.4027,232.1114,0.092,-0.261,10.4515,24.6339,232.283,0.1055,0.4247
2014-11-10T03:21:59.131Z,3.8373,21.7327,231.6317,0.0939,0.1771,-6.207,20.7836,232.3237,0.0893,-0.2986,10.4018,24.0743,232.3573,0.1036,0.4324
2014-11-10T03:22:59.455Z,3.6427,21.6416,231.8104,0.0937,0.1688,-6.3241,21.1334,232.1606,0.0911,-0.2998,10.4188,25.0179,232.5226,0.1076,0.4173
2014-11-10T03:23:59.004Z,3.3761,21.4952,232.3027,0.0939,0.158,-6.3646,21.5327,231.6817,0.0935,-0.2968,10.189,24.5995,232.6133,0.106,0.4148
2014-11-10T03:24:59.223Z,3.2274,21.6637,230.564,0.0939,0.1486,-6.3596,20.6344,231.6878,0.0883,-0.3067,9.8643,24.28,233.0064,0.1035,0.4066
2014-11-10T03:25:59.037Z,3.4574,21.5301,230.1506,0.0934,0.1611,-5.884,21.1857,232.5506,0.0917,-0.2788,10.4472,24.7311,232.8448,0.1061,0.4233
2014-11-10T03:26:59.524Z,3.2557,21.202,230.714,0.0921,0.1548,-5.9756,21.3885,232.4734,0.0921,-0.28,10.5604,25.0066,232.6759,0.1072,0.4238
2014-11-10T03:27:59.844Z,3.485,21.428,231.166,0.0932,0.1635,-5.8009,21.3241,231.9884,0.0921,-0.2728,10.2239,24.1767,232.2763,0.1039,0.4232
2014-11-10T03:28:59.003Z,3.8985,21.8716,231.5552,0.0936,0.1793,-5.983,20.8513,231.9102,0.0903,-0.2873,10.3232,24.3197,232.5046,0.1041,0.4241
2014-11-10T03:29:59.277Z,3.4445,21.5315,231.6466,0.0929,0.1615,-6.0616,20.7632,231.6795,0.0895,-0.2926,10.3652,24.4013,232.7087,0.1044,0.4249
2014-11-10T03:30:59.467Z,3.6685,21.8344,232.4952,0.0939,0.1684,-5.955,20.63,231.6049,0.0897,-0.2879,10.2806,24.224,232.6014,0.1038,0.425
2014-11-10T03:31:59.919Z,3.5891,21.4712,233.2287,0.0924,0.1676,-5.9175,21.2149,231.0591,0.0916,-0.2805,10.3249,24.7932,232.8243,0.1066,0.4175
2014-11-10T03:32:59.467Z,4.0287,21.8482,232.8841,0.0933,0.1841,-6.0091,20.6367,230.8485,0.0896,-0.2916,10.2942,24.6708,232.5971,0.1059,0.4173
2014-11-10T03:33:59.038Z,3.7645,21.8619,233.1352,0.0934,0.1724,-6.0545,21.1776,230.8665,0.0919,-0.2863,10.3188,24.4263,232.1247,0.1054,0.4224
2014-11-10T03:34:59.019Z,3.4278,21.9768,233.2228,0.0938,0.1554,-5.9498,21.2143,230.7478,0.0916,-0.2803,10.1093,24.4156,232.1185,0.105,0.4144
2014-11-10T03:35:59.569Z,3.4162,21.5013,233.2106,0.0919,0.1611,-5.7651,20.927,230.9432,0.0907,-0.2765,10.5907,25.0365,232.1322,0.1076,0.4238
2014-11-10T03:36:59.837Z,3.3097,22.0146,232.7651,0.0948,0.1518,-5.9469,20.6765,231.4679,0.0897,-0.2868,10.1743,24.0065,232.3031,0.103,0.4245
2014-11-10T03:37:59.152Z,3.0881,21.7797,233.3352,0.0927,0.1399,-6.3376,20.9728,231.4953,0.0904,-0.3025,10.2076,24.5495,232.2186,0.1054,0.4168
2014-11-10T03:38:59.681Z,3.3793,21.406,233.3576,0.0917,0.1557,-6.05,21.1893,231.7656,0.0911,-0.2873,10.2376,24.8034,232.4461,0.1063,0.4133
2014-11-10T03:39:59.066Z,3.2232,21.3304,233.3082,0.0914,0.1492,-6.1263,20.7795,231.3824,0.0897,-0.2948,10.2623,24.9446,232.4733,0.1074,0.4124
2014-11-10T03:40:59.372Z,3.5769,21.3792,232.7422,0.0922,0.1683,-6.2038,20.7071,231.1697,0.0898,-0.2994,10.4102,24.7813,232.2092,0.1068,0.4224
2014-11-10T03:41:59.879Z,3.6956,21.7501,232.9823,0.0935,0.1709,-5.9656,21.2603,230.9369,0.0913,-0.2814,10.4373,24.3615,232.1996,0.1045,0.4295
2014-11-10T03:42:59.691Z,3.5016,21.6991,232.2904,0.0938,0.1617,-5.9423,21.0521,231.5666,0.0907,-0.2824,10.2613,25.1178,232.187,0.1081,0.4094
2014-11-10T03:43:59.847Z,3.508,21.4883,231.6288,0.0923,0.1633,-5.6663,21.1377,231.8202,0.0911,-0.2676,10.2449,24.524,232.2048,0.1061,0.4188
2014-11-10T03:44:59.021Z,3.5427,21.3923,232.1137,0.0923,0.1665,-6.2078,21.3591,232.1897,0.0923,-0.2926,10.6251,24.5255,232.2871,0.1059,0.4335
2014-11-10T03:45:59.349Z,3.6155,21.7585,232.1439,0.0938,0.1659,-6.0671,21.129,232.485,0.0911,-0.288,10.0827,24.2384,231.957,0.104,0.4162
2014-11-10T03:46:59.499Z,3.4954,21.5895,231.6195,0.0939,0.1624,-6.1802,21.4527,232.3579,0.0927,-0.29,10.3721,24.2076,231.8329,0.105,0.4284
2014-11-10T03:47:59.530Z,3.8995,21.7086,231.7681,0.0933,0.1803,-5.9654,21.1332,232.0817,0.0913,-0.2831,10.5731,24.9382,232.4839,0.107,0.425
2014-11-10T03:48:59.165Z,3.9571,21.7982,231.1578,0.0939,0.1825,-6.1117,20.8305,231.8139,0.0903,-0.2939,10.1324,24.2442,232.1573,0.1042,0.4184
2014-11-10T03:49:59.927Z,3.5003,21.4961,231.7055,0.0929,0.1637,-5.9541,21.136,231.6445,0.0915,-0.2835,10.4421,24.3516,232.1455,0.1047,0.4292
2014-11-10T03:50:59.255Z,3.641,21.6843,231.4049,0.0941,0.1685,-5.9157,21.1298,231.4284,0.0914,-0.2811,10.3319,24.347,232.5906,0.1045,0.4242
2014-11-10T03:51:59.904Z,3.7635,21.4549,231.9678,0.0923,0.1756,-6.1536,21.0756,231.5779,0.0918,-0.292,10.4897,24.7423,232.5267,0.1061,0.4253
2014-11-10T03:52:59.494Z,3.5448,21.7694,232.5503,0.0934,0.1642,-6.2045,21.2025,231.814,0.0913,-0.2934,10.2728,24.4737,232.4176,0.1054,0.4202
2014-11-10T03:53:59.930Z,3.6639,21.3028,232.0037,0.092,0.1727,-6.3426,21.1529,231.9113,0.0918,-0.2988,10.5605,24.9657,232.4277,0.107,0.424
2014-11-10T03:54:59.211Z,3.1523,21.3249,231.4718,0.0926,0.1487,-6.5058,21.1118,231.9239,0.0911,-0.3092,10.4315,25.1328,232.0198,0.1085,0.4162
2014-11-10T03:55:59.650Z,3.7412,21.5644,232.4457,0.0921,0.1746,-5.7454,21.539,231.678,0.0934,-0.2671,10.5778,24.253,231.6074,0.1046,0.4368
2014-11-10T03:56:59.634Z,3.5509,21.6549,232.0736,0.0932,0.1639,-6.0352,21.4405,231.5606,0.0929,-0.2834,10.2036,24.2961,231.467,0.1047,0.4217
2014-11-10T03:57:59.499Z,3.5057,21.5331,232.4967,0.0924,0.1637,-5.5485,21.2008,231.6956,0.0916,-0.2635,10.4922,24.7044,231.9819,0.1066,0.4251
2014-11-10T03:58:59.764Z,3.4848,21.6589,232.4898,0.093,0.1611,-6.3011,20.9688,231.7495,0.0904,-0.2996,10.0102,23.8919,232.0959,0.1034,0.4184
2014-11-10T03:59:59.829Z,3.7248,21.4722,232.4164,0.0924,0.1745,-6.3811,20.3563,231.6441,0.0884,-0.3121,10.2136,23.9801,231.9885,0.1032,0.4268
2014-11-10T04:00:59.942Z,3.6955,20.5876,230.6043,0.089,0.1817,-5.6249,19.9083,230.665,0.0862,-0.2807,10.5114,23.1973,231.1113,0.1004,0.4555
2014-11-10T04:01:59.059Z,3.2047,20.8034,230.7598,0.0902,0.1547,-5.4027,19.2732,229.9822,0.0839,-0.278,10.2689,23.2263,231.3462,0.1003,0.4434
2014-11-10T04:02:59.385Z,3.6143,21.0859,233.9376,0.0904,0.1735,-5.3726,19.5793,227.6752,0.0866,-0.2745,10.6069,24.2974,234.9311,0.1033,0.4385
2014-11-10T04:03:59.628Z,2.9231,20.9097,232.2145,0.09,0.1412,-5.2259,19.8846,230.0922,0.0864,-0.2632,10.5804,24.449,234.2795,0.1046,0.4341
2014-11-10T04:04:59.964Z,3.6659,21.4869,231.6661,0.093,0.1715,-5.8223,20.049,230.3827,0.0876,-0.2894,10.5298,24.4681,234.4549,0.1052,0.4317
2014-11-10T04:05:59.357Z,3.5333,20.6876,231.5851,0.0896,0.1714,-5.3512,19.9494,230.127,0.0865,-0.2666,10.3761,23.8447,233.9055,0.1018,0.4377
2014-11-10T04:06:59.345Z,3.6164,21.0059,230.6683,0.0907,0.1719,-5.9056,20.0055,230.5487,0.0871,-0.2931,10.3757,24.4609,233.8018,0.1048,0.4268
2014-11-10T04:07:59.508Z,3.6391,21.3168,230.4355,0.0927,0.1711,-5.8901,20.0054,230.9387,0.087,-0.2929,10.276,24.3231,234.5815,0.1034,0.4234
2014-11-10T04:08:59.771Z,3.446,21.4469,230.2328,0.0936,0.1596,-6.1663,20.7488,230.4689,0.0899,-0.2968,10.4628,25.0423,234.6553,0.1068,0.4177
2014-11-10T04:09:59.682Z,3.473,21.3797,230.3917,0.0931,0.1613,-5.7123,20.8816,230.5586,0.0907,-0.2752,10.3967,24.5568,233.3132,0.1048,0.4237
2014-11-10T04:10:59.778Z,3.615,21.005,228.7285,0.0914,0.1737,-5.5921,20.354,230.6906,0.0888,-0.2746,10.5821,24.3659,233.0067,0.1043,0.4361
2014-11-10T04:11:59.342Z,3.3991,20.8563,227.3411,0.0919,0.1653,-5.7877,19.8363,230.7969,0.0858,-0.2889,10.3941,24.3158,234.8832,0.1032,0.4284
2014-11-10T04:12:59.476Z,3.5722,21.0617,227.896,0.0927,0.1714,-5.7296,19.7956,230.5904,0.0867,-0.2891,10.4201,24.2469,234.6424,0.103,0.431
2014-11-10T04:13:59.407Z,3.818,21.6535,229.9578,0.0937,0.1777,-6.1189,20.2092,229.9271,0.0884,-0.3015,10.3978,24.5161,234.4426,0.1048,0.4246
2014-11-10T04:14:59.945Z,3.4702,21.3407,230.1189,0.0925,0.1642,-6.1722,20.3616,229.7153,0.0889,-0.3033,10.5888,24.7743,233.634,0.1065,0.4281
2014-11-10T04:15:59.634Z,3.4094,21.153,229.9963,0.0926,0.1612,-6.2974,20.822,229.1005,0.0908,-0.3027,10.1949,24.531,233.3454,0.1045,0.4168
2014-11-10T04:16:59.192Z,3.6733,21.7241,230.253,0.0945,0.1688,-5.993,21.2239,229.2283,0.0928,-0.2831,10.4088,24.6601,233.3403,0.106,0.423
2014-11-10T04:17:59.467Z,4.2451,21.9694,230.8034,0.0947,0.1943,-5.5848,21.026,229.2182,0.0911,-0.2655,10.7977,24.828,233.7865,0.1063,0.4357
2014-11-10T04:18:59.099Z,3.4717,21.4451,230.9553,0.093,0.1628,-5.8577,20.9645,229.3269,0.0913,-0.2784,10.4331,25.5487,234.3855,0.1091,0.4099
2014-11-10T04:19:59.723Z,3.7143,22.2404,230.8355,0.0965,0.1676,-5.8337,21.0734,229.3083,0.092,-0.2771,10.2429,25.1716,234.2548,0.108,0.4079
2014-11-10T04:20:59.697Z,3.5187,21.6866,230.8848,0.0939,0.1619,-6.3161,21.2486,229.2116,0.0926,-0.2973,10.3562,25.3566,234.4131,0.1085,0.4091
2014-11-10T04:21:59.471Z,3.6075,21.9259,230.4551,0.0955,0.1651,-5.8462,21.9895,229.1754,0.0955,-0.2669,10.3681,25.3075,234.4197,0.108,0.4104
2014-11-10T04:22:59.996Z,3.6344,21.9078,229.6555,0.0958,0.1667,-6.2219,22.2813,229.4774,0.0973,-0.2793,10.4791,26.1015,234.4291,0.1113,0.4017
2014-11-10T04:23:59.874Z,3.5438,21.9667,231.3533,0.0952,0.1614,-6.5185,22.2666,229.2045,0.0968,-0.294,10.4708,25.7175,233.7597,0.1101,0.4086
2014-11-10T04:24:59.930Z,3.7541,22.3487,231.8194,0.0964,0.1683,-6.074,22.2629,229.4635,0.0967,-0.2737,10.3403,25.6228,233.3537,0.1098,0.4037
2014-11-10T04:25:59.281Z,3.5716,22.2409,231.4924,0.0959,0.1618,-6.2119,22.0297,229.4824,0.0961,-0.2819,10.276,25.5927,233.4392,0.1098,0.4014
2014-11-10T04:26:59.672Z,3.768,22.3231,232.6381,0.0955,0.1695,-6.2394,22.1583,229.5204,0.0963,-0.2833,10.2304,25.5387,232.8857,0.1097,0.4015
2014-11-10T04:27:59.564Z,3.8035,22.709,233.2317,0.0977,0.168,-5.7041,22.1712,229.0823,0.0969,-0.2574,10.2516,25.2566,232.7351,0.109,0.4061
2014-11-10T04:28:59.414Z,3.3524,22.6694,233.1085,0.097,0.1472,-6.2069,21.9131,229.2261,0.0955,-0.284,10.1627,25.1122,232.5065,0.1087,0.4047
2014-11-10T04:29:59.906Z,3.8839,23.1829,234.1365,0.0986,0.1687,-6.5002,21.3469,225.8388,0.0943,-0.3036,10.2982,25.5474,233.5152,0.1091,0.4034
2014-11-10T04:30:59.653Z,3.9223,22.8746,232.8919,0.0983,0.1715,-6.4337,21.4032,225.4481,0.0949,-0.2995,10.4833,25.5933,233.9312,0.1098,0.4108
2014-11-10T04:31:59.672Z,3.2595,22.3257,233.9152,0.0956,0.1462,-6.4633,21.7916,225.3136,0.0961,-0.2959,10.2524,25.5334,234.1121,0.1088,0.4027
2014-11-10T04:32:59.294Z,3.3978,22.2887,233.5613,0.0949,0.1533,-6.0096,21.7384,225.479,0.0961,-0.2769,10.4371,25.8006,234.2098,0.1099,0.4054
2014-11-10T04:33:59.372Z,3.594,22.2128,233.042,0.0948,0.1607,-6.6694,21.8761,226.0521,0.0967,-0.3054,10.1877,26.0464,233.8253,0.1112,0.3919
2014-11-10T04:34:59.669Z,3.2496,22.5067,232.3204,0.0967,0.1453,-6.3066,21.6272,226.2067,0.0952,-0.293,10.4428,26.2577,233.7666,0.1122,0.3993
2014-11-10T04:35:59.932Z,3.2501,22.4955,232.1846,0.0964,0.1449,-6.2527,21.6834,226.6195,0.0956,-0.2893,10.4132,26.2013,233.6391,0.1122,0.399
2014-11-10T04:36:59.048Z,3.1648,22.4063,232.7653,0.096,0.1423,-6.6242,21.9098,225.8393,0.0968,-0.3024,10.0808,25.681,233.3459,0.1101,0.3932
2014-11-10T04:37:59.285Z,3.4521,22.8187,232.7836,0.0982,0.1531,-6.3412,20.7862,223.7953,0.0923,-0.3046,10.4421,25.2943,232.8991,0.1087,0.4125
2014-11-10T04:38:59.555Z,2.9836,22.3195,233.3151,0.0955,0.1351,-6.6636,21.1483,224.2823,0.094,-0.3141,9.983,24.9038,230.2921,0.1081,0.4011
2014-11-10T04:39:59.916Z,3.3279,22.5366,232.8959,0.0967,0.1496,-6.6917,21.3531,226.5541,0.0941,-0.3128,10.176,24.8426,229.4201,0.1083,0.4101
2014-11-10T04:40:59.233Z,2.7829,22.4554,232.8485,0.0956,0.1249,-6.1939,21.401,229.1819,0.0937,-0.2883,9.8508,24.2683,228.8269,0.1066,0.4077
2014-11-10T04:41:59.797Z,3.1527,21.9772,233.3644,0.0941,0.1449,-5.9193,21.5903,229.8361,0.0936,-0.2733,10.1526,25.2641,228.4819,0.1105,0.4037
2014-11-10T04:42:59.102Z,3.0596,22.0382,233.3123,0.0945,0.1397,-6.3701,21.6423,228.5817,0.0942,-0.2949,9.9902,24.9687,228.5604,0.1095,0.4004
2014-11-10T04:43:59.484Z,3.3289,22.465,233.5934,0.0961,0.1488,-6.2215,21.5963,226.7537,0.0953,-0.2895,10.1979,24.8206,229.8385,0.1084,0.4117
2014-11-10T04:44:59.871Z,3.6369,22.5391,233.107,0.0964,0.1609,-6.7695,21.9221,226.9541,0.0969,-0.3089,10.0365,25.4464,230.2548,0.1106,0.3961
2014-11-10T04:45:59.370Z,3.9865,22.2897,232.4512,0.0954,0.179,-6.4042,21.4657,227.3398,0.0942,-0.2975,10.349,25.0043,230.6856,0.109,0.416
2014-11-10T04:46:59.830Z,3.6954,22.0912,232.6989,0.0942,0.1674,-6.5259,21.6241,227.5224,0.0952,-0.3001,10.0644,25.6999,233.3071,0.1102,0.3931
2014-11-10T04:47:59.483Z,3.5803,22.2328,232.7576,0.0957,0.1634,-6.2268,21.777,228.6344,0.0948,-0.2871,10.3886,25.644,232.3717,0.1103,0.4061
2014-11-10T04:48:59.007Z,3.7887,22.194,232.762,0.0954,0.1704,-6.2855,21.7444,228.9872,0.0948,-0.2897,10.0461,25.062,231.8129,0.108,0.4011
2014-11-10T04:49:59.600Z,3.7154,22.4325,232.9976,0.0964,0.1661,-6.5882,21.9833,227.2832,0.0968,-0.2999,10.336,25.2921,231.8699,0.1092,0.4085
2014-11-10T04:50:59.121Z,3.13,22.0966,232.5274,0.0949,0.1434,-6.043,21.8358,226.2566,0.0962,-0.2771,10.3859,25.8314,232.287,0.1113,0.4035
2014-11-10T04:51:59.844Z,3.3895,22.0797,232.3724,0.0949,0.1547,-5.784,21.2423,226.2342,0.0936,-0.2719,10.3922,25.6537,231.9995,0.1108,0.4056
2014-11-10T04:52:59.901Z,3.1703,22.27,232.4571,0.0959,0.1428,-6.1933,22.2128,229.0806,0.0972,-0.2796,10.2175,24.8878,229.9901,0.1081,0.4116
2014-11-10T04:53:59.650Z,2.922,22.3807,231.4317,0.0964,0.1312,-5.9139,21.8743,229.4835,0.0952,-0.2705,9.7974,25.2778,230.0773,0.1101,0.3887
2014-11-10T04:54:59.940Z,3.3835,21.8814,231.2488,0.0953,0.1552,-6.0764,22.0195,229.3018,0.0961,-0.2767,9.9193,24.7188,231.1768,0.1072,0.402
2014-11-10T04:55:59.312Z,3.8353,22.0563,232.2301,0.0951,0.1738,-6.4559,21.74,227.398,0.0957,-0.2968,10.1613,25.5702,231.2153,0.1112,0.3996
2014-11-10T04:56:59.811Z,3.9476,22.3488,232.2284,0.096,0.1778,-6.3806,21.7498,226.0814,0.0961,-0.2938,10.3219,25.4827,231.9093,0.1098,0.4052
2014-11-10T04:57:59.118Z,3.761,22.0904,232.311,0.0948,0.1706,-5.9068,20.5073,226.9818,0.0901,-0.2868,9.9911,24.258,231.4473,0.1049,0.4131
2014-11-10T04:58:59.915Z,3.7268,22.14,232.7498,0.0949,0.1689,-6.0515,21.0462,228.5532,0.0921,-0.2857,10.0536,24.8665,230.8566,0.1079,0.4055
2014-11-10T04:59:59.242Z,3.1829,21.8514,231.9984,0.0939,0.1465,-5.6039,21.2188,228.5957,0.0923,-0.2637,10.2986,25.096,230.7327,0.109,0.4117
2014-11-10T05:00:59.730Z,3.2828,21.8093,232.1802,0.0937,0.1521,-5.7088,21.0452,226.5222,0.0927,-0.2709,10.1945,24.5868,230.948,0.1064,0.4167
2014-11-10T05:01:59.128Z,3.5606,21.9003,231.2615,0.0946,0.1639,-6.0439,20.5399,224.6253,0.0913,-0.2919,10.2216,25.0423,231.2091,0.1081,0.4098
2014-11-10T05:02:59.661Z,3.6256,21.9874,233.1443,0.094,0.1662,-5.9742,20.9284,225.8656,0.0922,-0.286,10.202,25.1746,232.2709,0.1086,0.4068
2014-11-10T05:03:59.302Z,3.6603,22.1194,235.6665,0.0944,0.1668,-5.8397,21.3791,227.3125,0.094,-0.2744,10.4219,25.5931,233.5591,0.1095,0.4091
2014-11-10T05:04:59.663Z,3.6857,22.4228,235.4969,0.0954,0.166,-5.9324,21.1373,227.4977,0.0929,-0.2818,10.4074,25.5141,233.8656,0.1094,0.4087
2014-11-10T05:05:59.944Z,3.8218,22.1898,235.1588,0.0939,0.1736,-5.7459,21.1398,229.5773,0.0912,-0.2706,10.3714,25.3596,234.25,0.1087,0.4124
2014-11-10T05:06:59.577Z,3.8638,22.41,235.0849,0.096,0.1724,-6.0466,22.0871,229.5578,0.0959,-0.2735,10.344,26.1923,234.5149,0.1112,0.396
2014-11-10T05:07:59.488Z,3.521,22.3299,234.8238,0.095,0.1572,-5.9517,22.2045,229.119,0.0971,-0.2689,10.5084,25.8237,234.2564,0.1102,0.4076
2014-11-10T05:08:59.836Z,3.2521,22.4671,233.0462,0.0963,0.1457,-6.3113,22.2707,227.8198,0.0971,-0.2856,10.1624,25.8224,234.567,0.1101,0.3944
2014-11-10T05:09:59.359Z,3.3371,22.6734,233.3956,0.0965,0.149,-6.2272,21.8498,229.257,0.0952,-0.2862,10.4884,26.423,234.0925,0.1128,0.3973
2014-11-10T05:10:59.543Z,3.2032,22.6619,233.4696,0.0965,0.1424,-6.5399,21.3073,228.9873,0.0924,-0.3054,10.2498,25.5128,233.8972,0.1089,0.4027
2014-11-10T05:11:59.352Z,2.8362,22.3676,232.9125,0.096,0.127,-6.384,22.1502,232.1905,0.0954,-0.2887,10.2319,25.2722,232.9249,0.1089,0.4053
2014-11-10T05:12:59.688Z,2.8741,22.4915,234.3655,0.0958,0.1299,-6.3379,22.3013,232.438,0.0956,-0.2852,10.2116,25.4078,233.1327,0.109,0.402
2014-11-10T05:13:59.960Z,3.0372,22.7855,234.8837,0.0966,0.1341,-6.4845,21.6437,230.928,0.0935,-0.2985,10.4306,25.6122,233.6777,0.1096,0.4076
2014-11-10T05:14:59.257Z,3.2376,22.5411,233.4084,0.0969,0.1425,-6.7787,21.9381,229.3887,0.0952,-0.31,10.0083,25.7526,233.4228,0.1098,0.3897
2014-11-10T05:15:59.031Z,3.6385,22.1596,233.0665,0.0946,0.164,-6.3799,21.9842,228.3377,0.0966,-0.2905,10.4468,25.9869,233.9744,0.1112,0.402
2014-11-10T05:16:59.403Z,3.7893,22.1349,232.8582,0.0948,0.1731,-6.0958,22.0539,228.3609,0.0962,-0.2769,10.466,25.3311,234.1726,0.1085,0.4137
2014-11-10T05:17:59.839Z,3.866,21.9452,232.443,0.0944,0.1764,-6.2537,21.1967,228.9299,0.0928,-0.2934,10.2909,25.1254,233.3539,0.1079,0.4109
2014-11-10T05:18:59.875Z,3.718,22.4838,231.9,0.0968,0.1676,-6.1357,21.3459,229.819,0.0928,-0.2869,10.1337,24.6169,232.6916,0.1059,0.4127
2014-11-10T05:19:59.835Z,3.5727,22.0832,231.5676,0.096,0.1615,-6.6585,21.3323,229.9558,0.0924,-0.3109,10.3355,25.0392,232.8163,0.1077,0.4137
2014-11-10T05:20:59.255Z,3.7885,22.4038,233.3472,0.0957,0.1697,-6.25,21.7824,229.7412,0.0947,-0.2867,10.0596,24.8802,231.1176,0.1076,0.4042
2014-11-10T05:21:59.516Z,3.8267,22.1427,233.5853,0.0946,0.173,-6.6044,21.78,229.417,0.0945,-0.303,10.4223,25.5194,232.0439,0.1101,0.4095
2014-11-10T05:22:59.818Z,3.8391,22.5611,234.0304,0.0962,0.1704,-6.4418,21.8198,229.7212,0.0952,-0.2954,10.3733,25.6667,232.5394,0.1104,0.4049
2014-11-10T05:23:59.166Z,3.1946,22.4268,234.0185,0.0961,0.1431,-6.382,21.6429,229.1055,0.0946,-0.2956,10.2334,25.582,232.9552,0.1094,0.4006
2014-11-10T05:24:59.348Z,2.9819,22.5427,234.0227,0.0961,0.1328,-5.9566,22.5448,231.2673,0.0974,-0.2656,10.0738,25.3067,231.3759,0.1101,0.3981
2014-11-10T05:25:59.482Z,3.0129,21.8902,231.9203,0.094,0.1386,-5.9269,22.1673,231.3827,0.0961,-0.2674,10.1565,25.441,231.6956,0.1098,0.4001
2014-11-10T05:27:59.825Z,3.3565,22.3474,232.9193,0.0957,0.151,-6.0163,21.6649,225.8419,0.0955,-0.2787,10.3448,26.4237,234.5018,0.1127,0.3923
2014-11-10T05:28:59.332Z,3.4392,22.5138,233.0063,0.0962,0.154,-6.0119,21.3306,225.6448,0.0945,-0.2829,10.0817,25.7451,235.0695,0.1095,0.3913
2014-11-10T05:29:59.696Z,3.6277,22.3635,233.0759,0.0955,0.1621,-6.1848,21.9884,229.1854,0.0955,-0.2827,10.2572,25.8672,234.0102,0.1107,0.3967
2014-11-10T05:30:59.257Z,3.6798,22.3603,231.8069,0.0962,0.1661,-6.0084,21.5913,230.9378,0.0929,-0.2766,10.3143,25.6105,233.5084,0.11,0.403
2014-11-10T05:31:59.622Z,3.6917,22.4106,231.7883,0.0964,0.1649,-6.0959,21.775,231.1783,0.0939,-0.2797,10.4378,26.0187,233.6976,0.1119,0.402
2014-11-10T05:32:59.806Z,3.0937,21.9091,230.8031,0.0948,0.1406,-6.4235,22.1415,231.0634,0.0964,-0.2904,10.1261,26.115,233.6462,0.1116,0.3887
2014-11-10T05:33:59.976Z,2.7004,21.8717,232.066,0.094,0.1221,-6.5658,21.8425,228.6523,0.0958,-0.302,10.2967,25.9625,234.3777,0.1113,0.3974
2014-11-10T05:34:59.403Z,3.6866,22.3337,232.2635,0.0963,0.1663,-6.1003,22.214,228.9005,0.0961,-0.2749,10.3155,25.7747,234.6685,0.1099,0.402
2014-11-10T05:35:59.838Z,3.7201,22.3372,232.7184,0.0958,0.1671,-5.648,22.2036,231.4335,0.096,-0.2541,10.4535,25.6969,233.7307,0.1102,0.4075
2014-11-10T05:36:59.807Z,3.7057,22.2478,232.8392,0.0955,0.166,-6.0473,22.299,230.8612,0.0962,-0.2728,10.2774,25.8599,233.8403,0.1103,0.3972
2014-11-10T05:37:59.645Z,3.3595,22.2103,233.0921,0.0954,0.1509,-6.1487,21.8931,230.9763,0.0945,-0.282,10.3789,26.2568,234.1829,0.1119,0.3961
2014-11-10T05:38:59.141Z,3.4816,22.3982,233.2996,0.0962,0.1568,-5.9215,22.3484,231.6187,0.0965,-0.2658,10.3662,25.8633,234.1699,0.1103,0.4013
2014-11-10T05:39:59.685Z,3.6233,22.2853,233.8094,0.0948,0.1622,-6.2477,21.6766,229.2073,0.0949,-0.2869,10.407,25.9689,234.9474,0.1106,0.4018
2014-11-10T05:40:59.330Z,3.8649,22.3456,232.3801,0.0963,0.1737,-6.3266,22.0923,229.9139,0.0956,-0.2872,10.6125,26.1615,234.9942,0.1113,0.407
2014-11-10T05:41:59.767Z,3.7005,22.5126,232.5268,0.0972,0.1647,-6.3709,21.9961,232.7575,0.0942,-0.2884,10.1718,25.5152,233.7183,0.1093,0.3992
2014-11-10T05:42:59.435Z,3.3555,22.2634,233.3225,0.0956,0.1502,-6.1159,22.1895,233.6566,0.0947,-0.2762,10.3719,25.877,233.6271,0.1112,0.4014
2014-11-10T05:43:59.618Z,3.5337,22.2976,232.8981,0.0961,0.1584,-6.478,22.0162,233.2044,0.0949,-0.2936,10.2101,25.4732,233.4327,0.1091,0.4015
2014-11-10T05:44:59.710Z,3.7173,22.222,232.8863,0.0957,0.1682,-6.357,21.752,233.0314,0.0935,-0.291,10.2688,25.5949,233.5501,0.1099,0.4016
2014-11-10T05:45:59.825Z,3.5653,22.0117,232.014,0.0949,0.1632,-6.4217,21.7953,233.3259,0.093,-0.2924,10.4022,25.4887,234.0521,0.1089,0.4086
2014-11-10T05:46:59.699Z,3.7234,22.6081,232.0998,0.0973,0.1655,-6.6719,22.3729,231.2855,0.0966,-0.2991,10.2411,25.7387,234.6561,0.1096,0.3978
2014-11-10T05:47:59.013Z,3.2551,21.8639,231.5398,0.094,0.1488,-6.5259,21.9444,231.7632,0.0947,-0.2976,10.4067,26.5252,234.0325,0.1132,0.3931
2014-11-10T05:48:59.442Z,3.5077,22.375,232.1374,0.0964,0.1588,-6.096,21.877,232.4672,0.0933,-0.2788,10.3127,25.563,233.3471,0.1094,0.4038
2014-11-10T05:49:59.113Z,3.438,22.7181,233.4046,0.0968,0.1538,-6.1253,22.2396,232.2928,0.0954,-0.2777,10.4431,25.4936,233.1217,0.1095,0.4102
2014-11-10T05:50:59.675Z,3.0333,22.6949,233.2161,0.097,0.136,-6.4073,21.7662,231.701,0.0928,-0.2946,10.3577,25.514,232.7367,0.1094,0.4068
2014-11-10T05:51:59.963Z,3.04,22.5037,233.8087,0.0965,0.1356,-6.1869,22.171,231.9966,0.0956,-0.2802,10.2329,25.2151,231.4446,0.1087,0.4067
2014-11-10T05:52:59.666Z,3.1303,22.766,234.8493,0.097,0.1393,-6.2062,22.1965,232.0382,0.0956,-0.2804,10.1619,24.7617,230.3644,0.1079,0.4104
2014-11-10T05:53:59.376Z,3.8101,22.7282,234.6963,0.0966,0.1689,-6.4697,21.8605,229.2113,0.0948,-0.2963,10.3955,25.2848,231.1471,0.1099,0.4118
2014-11-10T05:54:59.370Z,3.3581,22.9039,235.4593,0.0973,0.1478,-6.3747,21.871,228.7906,0.0956,-0.2919,10.1471,25.0297,230.967,0.1087,0.4056
2014-11-10T05:55:59.033Z,3.3039,22.6611,234.7201,0.0962,0.1484,-6.4661,21.8246,231.4761,0.0933,-0.297,10.1634,25.126,230.5061,0.1092,0.4048
2014-11-10T05:56:59.354Z,2.9702,22.4389,233.7033,0.096,0.1346,-6.1699,22.3443,232.2251,0.0964,-0.2772,10.0753,25.0479,230.3744,0.1089,0.4027
2014-11-10T05:57:59.736Z,3.002,22.4048,234.9235,0.0961,0.1334,-6.3103,22.0668,231.5845,0.096,-0.2854,9.7726,25.2678,230.8426,0.1096,0.3874
2014-11-10T05:58:59.908Z,3.0261,22.6439,234.2513,0.097,0.1351,-6.4363,21.7285,232.1416,0.0934,-0.2959,10.1534,24.9964,230.9031,0.1084,0.4071
2014-11-10T05:59:59.055Z,3.1637,22.6018,234.8551,0.0966,0.143,-6.2997,21.7092,232.3101,0.0933,-0.2895,10.4013,24.8766,230.9592,0.1082,0.4185
2014-11-10T06:00:59.209Z,3.7649,22.3849,235.0872,0.095,0.1695,-6.0674,21.4981,231.2685,0.0929,-0.2807,10.1882,24.5649,230.9297,0.1068,0.4167
2014-11-10T06:01:59.357Z,3.4405,21.9436,234.8015,0.0937,0.1576,-6.2491,21.0033,229.0887,0.0913,-0.2982,10.2419,24.6491,231.071,0.1069,0.4163
2014-11-10T06:02:59.815Z,3.656,21.939,233.2899,0.094,0.1677,-6.249,21.6596,230.9709,0.0935,-0.2888,10.218,25.3248,230.7695,0.1101,0.4057
2014-11-10T06:03:59.083Z,3.6851,21.8071,233.0183,0.0934,0.1702,-6.2305,21.6167,231.49,0.0934,-0.2885,10.3112,25.2483,231.3191,0.1097,0.4092
2014-11-10T06:04:59.856Z,3.7232,22.1383,232.7956,0.0955,0.1689,-6.1008,22.0071,231.5076,0.0944,-0.2778,10.1529,24.704,231.2334,0.1072,0.412
2014-11-10T06:05:59.960Z,3.401,22.0222,232.9431,0.0939,0.1554,-6.2616,21.4955,231.0576,0.0934,-0.2909,9.9964,24.5141,230.6614,0.1066,0.4094
2014-11-10T06:06:59.583Z,3.5442,22.4956,232.9798,0.096,0.1576,-6.7882,21.7028,230.9014,0.0945,-0.312,9.7959,24.459,229.1676,0.1066,0.4005
2014-11-10T06:07:59.781Z,3.2719,22.0605,232.7965,0.0949,0.1481,-6.4612,21.7807,230.5867,0.0943,-0.2955,10.0252,25.3093,229.9229,0.1098,0.3965
2014-11-10T06:08:59.464Z,3.4898,22.0147,232.8872,0.0949,0.1574,-6.6915,21.7331,227.6751,0.0958,-0.3078,10.2013,25.6696,231.3161,0.1105,0.3978
2014-11-10T06:09:59.181Z,3.8566,22.5574,232.7616,0.0968,0.1724,-5.7094,22.0683,228.0977,0.0969,-0.2593,10.34,25.0538,232.436,0.1074,0.4131
2014-11-10T06:10:59.590Z,3.796,22.3241,232.3759,0.0963,0.1699,-6.1043,22.2013,229.126,0.0971,-0.2759,10.0285,25.2756,232.4965,0.1086,0.3972
2014-11-10T06:11:59.905Z,3.6556,22.454,233.2816,0.096,0.1635,-6.2017,21.9307,229.9639,0.0957,-0.2833,10.1497,25.6648,233.0496,0.1101,0.3962
2014-11-10T06:12:59.098Z,3.79,22.3989,233.029,0.0957,0.1701,-6.5409,22.064,228.4174,0.0961,-0.2977,10.6248,26.2245,233.7648,0.1118,0.4058
2014-11-10T06:13:59.373Z,3.9277,22.4228,233.9504,0.096,0.1755,-6.2461,22.1104,228.9814,0.0967,-0.2834,10.2635,25.7959,233.8711,0.1099,0.398
2014-11-10T06:14:59.822Z,3.7263,22.4665,232.238,0.0974,0.1669,-6.4787,22.3773,229.0231,0.098,-0.2914,10.3389,25.5806,234.0931,0.1093,0.404
2014-11-10T06:15:59.338Z,3.8533,22.629,231.8747,0.0973,0.1712,-6.3416,21.5002,228.3023,0.0944,-0.2941,10.29,25.7347,234.5567,0.1106,0.4006
2014-11-10T06:16:59.804Z,3.8079,22.0042,232.8168,0.0944,0.1738,-6.0381,21.4893,228.8439,0.0942,-0.2813,10.4272,25.6268,233.9538,0.1098,0.4075
2014-11-10T06:17:59.322Z,3.5345,21.9906,232.4357,0.0942,0.1619,-5.7872,21.7658,230.8472,0.0946,-0.2668,10.4929,25.5211,233.2468,0.1096,0.412
2014-11-10T06:18:59.947Z,3.4707,21.6932,229.8631,0.0941,0.1607,-6.0257,21.8335,231.6121,0.0939,-0.2759,10.2447,24.9547,232.7044,0.1077,0.4115
2014-11-10T06:19:59.861Z,3.5364,21.575,229.1172,0.0943,0.1655,-6.1432,21.3476,229.362,0.0926,-0.2856,10.5656,25.8431,233.3922,0.1106,0.4098
2014-11-10T06:20:59.097Z,3.6518,21.6837,230.1668,0.0942,0.169,-5.9371,21.5415,228.2558,0.094,-0.2748,10.6391,25.6053,233.9804,0.1092,0.4174
2014-11-10T06:21:59.596Z,3.1711,22.2649,230.5238,0.0965,0.1434,-6.3536,22.0028,227.7837,0.0964,-0.2898,10.3328,26.0608,234.5143,0.1112,0.396
2014-11-10T06:22:59.968Z,2.705,21.832,229.3127,0.0953,0.1237,-6.3081,22.0064,231.5994,0.0943,-0.2859,10.4178,25.6319,233.8038,0.1095,0.4064
2014-11-10T06:23:59.068Z,2.764,21.8759,230.4213,0.0948,0.1274,-6.0571,21.622,231.2421,0.0935,-0.2787,10.3246,25.9846,233.9028,0.1108,0.3982
2014-11-10T06:24:59.897Z,3.8216,21.9381,231.5175,0.0943,0.1755,-6.3031,22.03,227.8844,0.0972,-0.2872,10.4496,26.0552,234.2756,0.1114,0.4015
2014-11-10T06:25:59.293Z,3.8287,22.4338,231.2423,0.0967,0.1714,-6.2326,21.6553,227.5356,0.0948,-0.2883,10.1837,25.884,233.6978,0.1104,0.3941
2014-11-10T06:26:59.745Z,3.7429,22.3153,231.6687,0.0966,0.1682,-6.4279,21.9877,227.7251,0.0964,-0.2928,10.461,26.2226,233.796,0.1124,0.3999
2014-11-10T06:27:59.198Z,3.8985,22.3617,231.8309,0.0958,0.1751,-6.5256,21.5368,226.8766,0.0947,-0.3032,10.2814,25.856,233.6851,0.1109,0.3975
2014-11-10T06:28:59.762Z,3.7527,22.1274,231.5806,0.0951,0.1703,-6.5291,21.3565,227.4266,0.0941,-0.3051,10.2814,25.7466,233.7581,0.1101,0.3991
2014-11-10T06:29:59.931Z,3.7919,21.9931,231.1291,0.0951,0.1727,-6.7844,21.339,226.8533,0.0941,-0.3178,10.2173,25.6365,233.3432,0.1103,0.3995
2014-11-10T06:30:59.194Z,3.843,22.4342,230.878,0.0972,0.1732,-6.8512,21.4218,227.1195,0.0933,-0.3202,10.3904,25.6927,233.3117,0.1097,0.4039
2014-11-10T06:31:59.573Z,3.8142,22.3824,231.4172,0.0961,0.1697,-6.8116,21.4921,227.3281,0.0939,-0.3163,10.0662,25.4473,231.9485,0.1101,0.3956
2014-11-10T06:32:59.916Z,3.6144,22.2121,231.3256,0.0955,0.1632,-6.8815,21.4471,227.396,0.094,-0.3209,10.114,24.9497,231.9662,0.1079,0.4061
2014-11-10T06:33:59.144Z,3.4392,22.2491,230.8559,0.0958,0.1553,-6.3097,21.5895,227.8627,0.0944,-0.2922,10.2146,25.4041,232.4532,0.1091,0.402
2014-11-10T06:34:59.627Z,3.0834,21.9738,231.4917,0.0946,0.1415,-6.298,21.8678,228.771,0.0957,-0.2874,10.1337,25.4024,230.1093,0.1106,0.3998
2014-11-10T06:35:59.931Z,3.0529,22.1366,230.3789,0.0959,0.1381,-6.4396,22.442,229.0314,0.0982,-0.2888,10.1482,24.5461,229.7094,0.1068,0.4139
2014-11-10T06:36:59.249Z,2.7881,22.02,230.4759,0.0952,0.1276,-6.2747,21.8496,231.7923,0.0937,-0.2876,9.9461,24.3201,228.4504,0.1068,0.4095
2014-11-10T06:37:59.628Z,2.9347,21.938,229.5876,0.0949,0.1337,-6.1596,22.1863,231.6207,0.0954,-0.2778,9.8114,24.8995,228.1369,0.1088,0.3951
2014-11-10T06:38:59.378Z,2.7878,21.8016,229.4311,0.0942,0.1271,-6.4137,21.8209,230.1973,0.0948,-0.2942,9.8588,25.0797,228.6532,0.1095,0.3933
2014-11-10T06:39:59.752Z,2.8987,22.3958,230.2728,0.0971,0.1297,-6.3204,22.2053,228.4096,0.0973,-0.2858,9.7272,24.5226,229.7549,0.1071,0.3966
2014-11-10T06:40:59.565Z,3.257,22.2054,230.0041,0.0959,0.1502,-6.049,21.769,228.1648,0.0952,-0.2788,10.1895,25.4546,230.3548,0.1112,0.4017
2014-11-10T06:41:59.320Z,3.1161,22.1001,230.3695,0.0955,0.1444,-5.643,21.7891,229.9909,0.0943,-0.2595,10.0785,25.1496,229.3439,0.11,0.4016
2014-11-10T06:42:59.797Z,2.9909,22.0988,231.1544,0.0958,0.1341,-6.3118,21.8923,230.7065,0.0947,-0.2878,9.9025,24.5862,229.3044,0.1071,0.4025
2014-11-10T06:43:59.474Z,3.2434,21.7769,229.1698,0.095,0.1496,-6.161,22.4065,231.0594,0.0966,-0.2757,9.8096,24.7368,230.0446,0.1078,0.3976
2014-11-10T06:44:59.335Z,3.3366,21.9804,231.11,0.0947,0.1527,-6.3237,21.7086,229.6189,0.0947,-0.2916,10.263,25.9313,231.8801,0.1126,0.3967
2014-11-10T06:45:59.675Z,3.8738,22.0833,230.1614,0.0964,0.1759,-6.794,21.4953,228.0301,0.0943,-0.3162,10.3153,25.6497,232.1646,0.1106,0.4023
2014-11-10T06:46:59.490Z,3.6382,22.6578,232.1949,0.0985,0.1607,-6.3148,21.7924,227.881,0.0949,-0.2906,10.2239,25.336,231.9568,0.1096,0.4038
2014-11-10T06:47:59.802Z,3.2445,22.1378,231.651,0.0953,0.1476,-5.8534,22.0101,231.0831,0.0951,-0.2664,10.1546,25.1795,230.8251,0.109,0.4039
2014-11-10T06:48:59.612Z,3.3351,22.2006,231.2626,0.0956,0.1517,-6.2561,21.708,231.1511,0.0944,-0.2874,10.3397,24.9543,230.7617,0.1083,0.4137
2014-11-10T06:49:59.909Z,2.9484,21.8865,231.1512,0.0947,0.1347,-6.3758,21.8117,231.1333,0.0945,-0.2933,10.2153,25.3002,230.6777,0.1093,0.4044
2014-11-10T06:50:59.179Z,3.526,21.8576,230.7637,0.0954,0.1613,-6.4696,22.1807,231.1386,0.0962,-0.2927,9.9895,25.3683,230.3643,0.1104,0.3937
2014-11-10T06:52:59.254Z,3.6527,22.0238,231.2627,0.0958,0.1663,-6.7411,21.8058,229.4154,0.0946,-0.3096,10.3552,25.8938,231.4046,0.1121,0.4009
2014-11-10T06:53:59.519Z,3.3741,22.188,232.3983,0.0949,0.153,-6.7098,22.0887,231.6234,0.0946,-0.3043,10.0747,25.2713,230.9554,0.109,0.3988
2014-11-10T06:54:59.904Z,3.3367,22.2756,233.6796,0.0948,0.1506,-6.2453,22.0331,231.2603,0.0941,-0.2844,10.0752,24.656,229.163,0.1074,0.4096
2014-11-10T06:55:59.441Z,3.3547,22.2884,232.358,0.0957,0.1527,-6.4347,21.8097,231.5033,0.094,-0.2956,10.0143,24.3773,228.5833,0.107,0.4109
2014-11-10T06:56:59.303Z,3.6145,22.0804,230.7414,0.0959,0.1641,-6.2223,21.884,231.219,0.094,-0.2848,10.4434,25.5796,230.9453,0.111,0.41
2014-11-10T06:57:59.590Z,3.1738,22.3183,231.6318,0.0964,0.1426,-6.1969,21.7051,228.7686,0.0952,-0.2849,9.8559,25.3331,231.5116,0.1101,0.3894
2014-11-10T06:58:59.154Z,3.5339,22.0169,230.6944,0.0952,0.1585,-6.6326,21.271,227.6729,0.0934,-0.3115,10.1667,25.2315,231.4039,0.1094,0.4042
2014-11-10T06:59:59.516Z,3.2419,21.7988,229.2397,0.0948,0.1485,-6.2616,22.2531,230.6439,0.0968,-0.283,10.0422,25.0636,230.7521,0.1085,0.4014
