2014-10-21T00:00:59.788Z,0.0377,0.054,0.604,0.0874,0.694,0.0354,0.0546,0.6469,0.0834,0.6097,0.0266,0.046,0.5843,0.078,0.5731
2014-10-21T00:01:59.123Z,0.0421,0.0571,0.6232,0.0894,0.7241,0.0388,0.0582,0.6685,0.0862,0.6318,0.0265,0.0447,0.5756,0.0771,0.5718
2014-10-21T00:02:59.428Z,0.0354,0.0505,0.5878,0.0849,0.7202,0.0376,0.0576,0.6566,0.0863,0.628,0.0302,0.0498,0.598,0.0824,0.5829
2014-10-21T00:03:59.865Z,0.0382,0.0524,0.5979,0.0876,0.7233,0.0342,0.0555,0.6433,0.0845,0.5988,0.0279,0.0461,0.5858,0.0791,0.5773
2014-10-21T00:04:59.209Z,0.0412,0.0562,0.6226,0.09,0.7071,0.0374,0.0585,0.6656,0.0862,0.6129,0.0291,0.0476,0.5841,0.0815,0.5771
2014-10-21T00:05:59.648Z,0.0356,0.0513,0.5915,0.0844,0.6915,0.0397,0.0592,0.6605,0.0879,0.6464,0.0272,0.0464,0.5815,0.0787,0.5579
2014-10-21T00:06:59.016Z,0.0392,0.0558,0.6115,0.0896,0.7015,0.0342,0.0538,0.6438,0.0823,0.6088,0.0277,0.0462,0.5777,0.0792,0.5592
2014-10-21T00:07:59.380Z,0.0406,0.0555,0.6068,0.09,0.7239,0.0381,0.0587,0.6594,0.0877,0.6335,0.0274,0.0458,0.5797,0.0794,0.5577
2014-10-21T00:08:59.707Z,0.0397,0.055,0.6169,0.0881,0.7041,0.03,0.0503,0.6341,0.0791,0.5794,0.0272,0.0456,0.5738,0.0797,0.5706
2014-10-21T00:09:59.977Z,0.0389,0.0539,0.6064,0.0883,0.7106,0.0367,0.0569,0.6633,0.0836,0.6167,0.0297,0.0478,0.5886,0.0817,0.5953
2014-10-21T00:10:59.265Z,0.0358,0.0506,0.5874,0.0852,0.6852,0.0371,0.0555,0.6416,0.0848,0.6494,0.0313,0.0494,0.6006,0.081,0.6123
2014-10-21T00:11:59.568Z,0.04,0.0569,0.6144,0.0881,0.6991,0.0338,0.0534,0.6434,0.0803,0.5784,0.03,0.0484,0.5938,0.0822,0.6006
2014-10-21T00:12:59.120Z,0.0372,0.0542,0.5986,0.0886,0.6703,0.0314,0.0525,0.6369,0.0797,0.5886,0.03,0.0486,0.5939,0.0814,0.6028
2014-10-21T00:13:59.381Z,0.0428,0.0563,0.6131,0.0913,0.7375,0.0363,0.0556,0.6509,0.0856,0.6319,0.0306,0.05,0.5978,0.0825,0.5941
2014-10-21T00:14:59.706Z,0.0387,0.0558,0.6111,0.0895,0.7174,0.0358,0.0558,0.6553,0.0839,0.6029,0.0297,0.0484,0.5939,0.0816,0.5745
2014-10-21T00:15:59.037Z,0.0373,0.0521,0.5994,0.0864,0.7021,0.0373,0.0567,0.6488,0.0873,0.6421,0.0297,0.0491,0.5988,0.08,0.5797
2014-10-21T00:16:59.306Z,0.0336,0.0509,0.5879,0.0855,0.6555,0.0367,0.0558,0.6412,0.0852,0.6303,0.0288,0.047,0.5936,0.0788,0.5842
2014-10-21T00:17:59.562Z,0.0389,0.0541,0.6074,0.0885,0.7156,0.0381,0.0578,0.6581,0.087,0.6289,0.0293,0.0463,0.5744,0.0815,0.593
2014-10-21T00:18:59.932Z,0.04,0.0559,0.6163,0.0881,0.7241,0.0315,0.0519,0.6222,0.0822,0.5907,0.0307,0.0481,0.6015,0.0804,0.597
2014-10-21T00:19:59.270Z,0.0424,0.0585,0.6262,0.09,0.725,0.0406,0.0591,0.6615,0.0862,0.6291,0.0335,0.0509,0.6124,0.0826,0.6135
2014-10-21T00:20:59.499Z,0.0385,0.0545,0.607,0.0888,0.6988,0.0376,0.057,0.6488,0.0861,0.6412,0.0306,0.0497,0.6021,0.0809,0.6027
2014-10-21T00:21:59.972Z,0.0358,0.05,0.5832,0.0858,0.6974,0.0358,0.0552,0.651,0.0829,0.6148,0.0287,0.0461,0.5903,0.08,0.589
2014-10-21T00:22:59.307Z,0.0403,0.0555,0.6045,0.0903,0.7327,0.0364,0.057,0.653,0.0839,0.6182,0.0327,0.0509,0.6052,0.083,0.6233
2014-10-21T00:23:59.602Z,0.0391,0.0561,0.6103,0.0885,0.7073,0.0367,0.0558,0.6558,0.0861,0.623,0.0294,0.0482,0.5906,0.0812,0.5912
2014-10-21T00:24:59.935Z,0.0377,0.0535,0.5981,0.0877,0.7054,0.0362,0.0554,0.6423,0.085,0.6427,0.0265,0.0446,0.5762,0.0769,0.5619
2014-10-21T00:25:59.153Z,0.0416,0.0568,0.6216,0.0897,0.7219,0.0361,0.0561,0.6629,0.0832,0.6235,0.031,0.0481,0.5958,0.0813,0.6097
2014-10-21T00:26:59.518Z,0.0406,0.0559,0.6144,0.0897,0.7216,0.0372,0.0584,0.6606,0.0881,0.6247,0.0341,0.0503,0.6053,0.0825,0.6394
2014-10-21T00:27:59.039Z,0.0367,0.0515,0.5922,0.0863,0.6878,0.0393,0.0593,0.6648,0.0893,0.6363,0.0278,0.047,0.5841,0.08,0.5659
2014-10-21T00:28:59.776Z,0.0403,0.055,0.6103,0.0891,0.7309,0.04,0.0584,0.655,0.0872,0.6513,0.0269,0.0459,0.5684,0.0784,0.5697
2014-10-21T00:29:59.251Z,0.0347,0.051,0.5883,0.0843,0.6817,0.0307,0.051,0.627,0.0797,0.578,0.028,0.047,0.5937,0.0783,0.5913
2014-10-21T00:30:59.770Z,0.0403,0.0558,0.6075,0.0893,0.7223,0.0348,0.0553,0.6553,0.083,0.6063,0.0313,0.05,0.6065,0.083,0.6143
2014-10-21T00:31:59.285Z,0.0365,0.0527,0.5938,0.0858,0.6912,0.0354,0.0558,0.6542,0.0854,0.6358,0.0292,0.0485,0.5977,0.0792,0.5854
2014-10-21T00:32:59.656Z,0.0362,0.0508,0.5946,0.0846,0.7008,0.037,0.0557,0.6495,0.0849,0.6454,0.0295,0.0484,0.5924,0.0816,0.6016
2014-10-21T00:33:59.060Z,0.0397,0.0534,0.6009,0.0878,0.71,0.0338,0.055,0.6453,0.0831,0.5828,0.0269,0.0444,0.5856,0.0763,0.5925
2014-10-21T00:34:59.475Z,0.0403,0.0556,0.6132,0.0891,0.6938,0.0315,0.0532,0.6376,0.0818,0.5835,0.0285,0.0474,0.5935,0.0791,0.5982
2014-10-21T00:35:59.907Z,0.0345,0.0512,0.5867,0.0852,0.6883,0.0369,0.0569,0.654,0.0855,0.6345,0.0293,0.0479,0.5888,0.0807,0.5745
2014-10-21T00:36:59.288Z,0.0394,0.0551,0.6109,0.0891,0.7171,0.0337,0.054,0.6403,0.0829,0.5754,0.0291,0.0469,0.5914,0.0803,0.5809
2014-10-21T00:37:59.523Z,0.0432,0.0579,0.6232,0.0924,0.7121,0.0329,0.0532,0.6397,0.0812,0.5868,0.0329,0.0503,0.6118,0.0821,0.6241
2014-10-21T00:38:59.789Z,0.0379,0.0538,0.6041,0.0879,0.6934,0.0372,0.0559,0.6634,0.0834,0.649,0.0314,0.0497,0.6024,0.0817,0.5938
2014-10-21T00:39:59.132Z,0.0397,0.0543,0.6071,0.0883,0.7023,0.0363,0.0566,0.6614,0.0849,0.6089,0.0317,0.05,0.5971,0.0826,0.602
2014-10-21T00:40:59.373Z,0.0381,0.0538,0.6022,0.0869,0.7034,0.0369,0.0559,0.6466,0.0841,0.6222,0.0306,0.0488,0.6044,0.0803,0.6116
2014-10-21T00:41:59.807Z,0.0403,0.056,0.6157,0.0887,0.7273,0.0407,0.06,0.6737,0.0893,0.6537,0.0277,0.047,0.582,0.079,0.5733
2014-10-21T00:42:59.243Z,0.0361,0.0524,0.5958,0.0867,0.6985,0.0376,0.057,0.6612,0.0848,0.6306,0.0315,0.0518,0.6167,0.0821,0.5985
2014-10-21T00:43:59.681Z,0.0355,0.0495,0.5895,0.0828,0.6918,0.0353,0.0555,0.6433,0.0843,0.6215,0.0255,0.0445,0.568,0.0768,0.561
2014-10-21T00:44:59.045Z,0.0366,0.0517,0.5938,0.0862,0.6748,0.0372,0.0552,0.6576,0.0848,0.6314,0.03,0.051,0.609,0.0824,0.5766
2014-10-21T00:45:59.434Z,0.0418,0.0573,0.617,0.09,0.7173,0.0327,0.0527,0.6339,0.0818,0.5994,0.0309,0.0482,0.5958,0.0806,0.6176
2014-10-21T00:46:59.847Z,0.0381,0.0535,0.6026,0.0871,0.6926,0.0374,0.0561,0.6487,0.0848,0.6429,0.0303,0.0484,0.5939,0.0803,0.6023
2014-10-21T00:47:59.225Z,0.039,0.0548,0.607,0.088,0.7183,0.0323,0.053,0.6448,0.0815,0.5745,0.0315,0.049,0.6005,0.0808,0.6135
2014-10-21T00:48:59.574Z,0.0385,0.0535,0.6038,0.0871,0.7156,0.035,0.0553,0.6453,0.0844,0.6012,0.0303,0.0491,0.595,0.0812,0.5906
2014-10-21T00:50:59.221Z,0.0344,0.0514,0.5916,0.0846,0.6869,0.0363,0.0564,0.6604,0.0853,0.6183,0.0306,0.0501,0.601,0.0814,0.5877
2014-10-21T00:51:59.551Z,0.0386,0.0544,0.6081,0.0872,0.7108,0.0353,0.0542,0.6461,0.0842,0.6103,0.0333,0.0514,0.6086,0.0817,0.6161
2014-10-21T00:52:59.920Z,0.0329,0.0497,0.5835,0.0835,0.6558,0.0365,0.0571,0.6619,0.0848,0.6329,0.0313,0.0503,0.6039,0.0829,0.5874
2014-10-21T00:53:59.596Z,0.0349,0.0498,0.5898,0.0841,0.6634,0.0329,0.0529,0.6417,0.0812,0.5868,0.031,0.0485,0.5932,0.0812,0.6017
2014-10-21T00:54:59.020Z,0.0374,0.0537,0.6013,0.0871,0.6984,0.0353,0.0555,0.6611,0.0837,0.6089,0.0318,0.0511,0.6047,0.0826,0.6058
2014-10-21T00:55:59.394Z,0.0373,0.0538,0.6049,0.0876,0.6973,0.0341,0.0538,0.647,0.0816,0.583,0.0319,0.05,0.6022,0.0827,0.5968
2014-10-21T00:56:59.849Z,0.0381,0.0541,0.5984,0.0887,0.7109,0.0294,0.0491,0.6216,0.0794,0.5753,0.03,0.0497,0.6028,0.0809,0.5806
2014-10-21T00:57:59.236Z,0.0374,0.0523,0.5989,0.0869,0.6917,0.0331,0.0526,0.6286,0.0823,0.5934,0.0294,0.0483,0.5994,0.0791,0.5851
2014-10-21T00:58:59.811Z,0.0369,0.0541,0.6012,0.0866,0.7009,0.0319,0.0516,0.6259,0.0822,0.5725,0.03,0.0494,0.5872,0.0822,0.5825
2014-10-21T00:59:59.159Z,0.039,0.055,0.6043,0.089,0.6937,0.0327,0.0527,0.6333,0.08,0.588,0.0263,0.0467,0.5893,0.0797,0.5617
