2014-12-23T00:00:59.071Z,3.5318,43.9001,230.8717,0.1911,0.0786,2.4418,35.8678,231.7402,0.1548,0.0771,80.8918,87.5967,230.259,0.3803,0.924
2014-12-23T00:01:59.388Z,2.5565,46.1292,231.9363,0.1988,0.0559,2.6127,32.3062,232.939,0.1386,0.0782,82.7692,89.4304,231.731,0.3859,0.9264
2014-12-23T00:02:59.776Z,2.3446,46.6123,231.7234,0.2014,0.0511,2.4144,31.2307,232.4419,0.1342,0.0922,82.7554,88.6018,231.84,0.3823,0.9355
2014-12-23T00:03:59.549Z,2.2516,45.0713,231.0648,0.1947,0.051,2.727,32.8003,231.6012,0.1416,0.0913,81.2365,87.8953,230.9163,0.3805,0.926
2014-12-23T00:04:59.078Z,3.2146,44.6061,231.6009,0.1919,0.0717,2.7528,31.459,231.6254,0.1358,0.0927,82.0536,88.5732,231.2117,0.3834,0.9278
2014-12-23T00:05:59.816Z,3.136,45.3284,231.8373,0.1958,0.0697,3.5267,35.559,231.931,0.153,0.1025,81.5371,88.1189,230.5896,0.3824,0.9268
2014-12-23T00:06:59.004Z,2.8191,45.5943,231.0169,0.1978,0.0622,2.4094,33.5162,231.9887,0.1449,0.0781,81.7801,88.1051,230.6675,0.382,0.9298
2014-12-23T00:07:59.350Z,2.374,45.5675,231.3961,0.1972,0.0514,3.2101,32.1908,231.6811,0.1387,0.0979,81.431,88.1797,231.1121,0.3814,0.9245
2014-12-23T00:08:59.647Z,2.8599,45.6038,231.6947,0.1968,0.06,2.7358,32.2125,230.2184,0.1401,0.0949,82.0804,88.7654,231.1812,0.3842,0.9253
2014-12-23T00:09:59.864Z,3.427,45.9987,231.503,0.1993,0.0752,2.3932,31.5107,230.1033,0.1376,0.0825,81.5098,88.4554,230.687,0.3834,0.9229
2014-12-23T00:10:59.370Z,3.2471,45.4062,231.3531,0.1962,0.0712,2.3118,30.7957,229.2412,0.1345,0.0851,81.0435,87.2359,230.4803,0.3782,0.93
2014-12-23T00:11:59.751Z,1.9558,46.1033,231.5066,0.199,0.0453,2.482,32.6888,229.4399,0.1424,0.0765,82.5707,89.2963,232.0202,0.3849,0.926
2014-12-23T00:12:59.142Z,2.6257,45.3169,231.7954,0.1954,0.0578,3.0014,32.2161,230.0439,0.14,0.0976,81.5023,88.4631,231.5907,0.3817,0.9221
2014-12-23T00:13:59.800Z,2.8621,45.2617,232.2304,0.1954,0.0618,2.1925,33.3187,230.1866,0.1445,0.0729,82.4845,88.8716,231.5582,0.3837,0.9296
2014-12-23T00:14:59.202Z,3.1752,45.9482,232.7502,0.1976,0.0696,2.5958,32.4524,230.712,0.1407,0.0854,82.2168,88.3636,231.8697,0.381,0.9306
2014-12-23T00:15:59.016Z,2.9987,45.7323,233.256,0.1962,0.0659,2.9084,30.0216,230.691,0.1302,0.0937,82.4792,89.4462,231.8088,0.3856,0.923
2014-12-23T00:16:59.253Z,2.4357,45.2537,232.3113,0.1949,0.0534,2.8655,31.9922,230.8025,0.1385,0.0893,81.9154,88.4078,231.4141,0.3819,0.9279
2014-12-23T00:17:59.565Z,2.5538,46.2577,231.51,0.1992,0.0559,2.8614,33.4628,230.6267,0.1454,0.0928,81.8668,88.4872,230.9799,0.383,0.9257
2014-12-23T00:18:59.007Z,2.3677,45.4469,231.2886,0.1966,0.053,2.4781,32.8392,229.8753,0.1432,0.0777,80.9246,87.3287,230.5203,0.3791,0.9274
2014-12-23T00:19:59.601Z,2.2842,44.8738,230.7639,0.1945,0.0512,2.6725,30.04,229.8123,0.1301,0.0914,81.9563,88.0803,230.8836,0.3817,0.931
2014-12-23T00:20:59.876Z,2.1446,45.5648,230.5741,0.1968,0.0484,2.2844,31.6175,229.2977,0.138,0.0753,82.0391,88.5068,231.3755,0.3822,0.9281
2014-12-23T00:21:59.152Z,2.003,44.9628,231.9332,0.1938,0.0452,2.5783,32.8208,230.6133,0.1426,0.0829,82.1399,88.7422,231.5322,0.3838,0.9264
2014-12-23T00:22:59.056Z,2.6322,44.9769,231.7607,0.1941,0.0602,2.3754,32.1403,231.0308,0.1392,0.0854,81.3763,88.3561,231.4978,0.3817,0.9226
2014-12-23T00:23:59.521Z,3.6832,45.7797,231.9177,0.1976,0.0799,2.4235,32.0823,231.1114,0.139,0.0812,82.2,89.0042,231.6498,0.3845,0.9241
2014-12-23T00:24:59.935Z,2.6257,46.2465,231.8533,0.1992,0.0564,2.9675,32.1242,231.2125,0.1389,0.0952,82.4435,89.0839,231.784,0.3843,0.9267
2014-12-23T00:25:59.203Z,2.4129,46.9753,232.0552,0.2024,0.0501,2.88,32.0108,231.1079,0.1385,0.0978,82.1226,88.5103,231.7798,0.3818,0.9289
2014-12-23T00:26:59.531Z,2.472,45.301,232.0753,0.1953,0.0534,2.5196,34.0382,231.0747,0.1475,0.0835,82.7007,89.191,231.9349,0.3848,0.928
2014-12-23T00:27:59.862Z,2.4545,45.7124,231.8022,0.1975,0.0549,2.6464,30.5325,230.6047,0.1326,0.0931,82.1595,88.3031,231.6552,0.3809,0.9309
2014-12-23T00:28:59.208Z,2.4808,45.6328,231.5184,0.1968,0.0539,2.9736,32.0071,229.9581,0.1391,0.091,81.9117,88.5537,231.0004,0.3837,0.9259
2014-12-23T00:29:59.493Z,2.4955,45.308,231.3455,0.1959,0.0539,2.6014,32.1493,229.6658,0.1401,0.0907,81.7738,88.6774,231.2353,0.3833,0.9236
2014-12-23T00:30:59.775Z,2.5827,44.9663,230.7209,0.1952,0.0568,3.0959,31.8229,229.5713,0.1386,0.1036,81.976,88.2665,231.2801,0.3822,0.9296
2014-12-23T00:31:59.375Z,3.204,45.9852,232.3576,0.1977,0.0689,2.5757,31.9084,230.5449,0.1387,0.0882,82.4231,89.201,231.7304,0.3847,0.9244
2014-12-23T00:32:59.587Z,2.7439,45.5853,232.2928,0.1962,0.0598,2.1698,32.4364,231.5651,0.14,0.077,81.9228,88.2517,231.5312,0.3818,0.9292
2014-12-23T00:33:59.959Z,2.4487,45.9991,232.3336,0.1979,0.0534,2.6498,31.2755,231.7486,0.1352,0.093,81.7181,87.9244,231.3675,0.3805,0.9302
2014-12-23T00:34:59.212Z,3.1527,45.8881,232.3967,0.1973,0.0677,2.5819,31.755,231.579,0.1369,0.0916,82.745,88.8821,231.638,0.3839,0.9317
2014-12-23T00:35:59.591Z,3.1419,45.788,232.9287,0.1971,0.0695,2.7941,34.0099,231.6748,0.1467,0.0822,81.8608,87.9359,231.6041,0.38,0.9312
2014-12-23T00:36:59.886Z,2.5153,45.6593,233.1647,0.1962,0.0564,2.758,30.6026,231.4839,0.1323,0.0901,81.6165,88.0682,231.6507,0.3807,0.9275
2014-12-23T00:37:59.218Z,2.5723,45.8816,231.3624,0.1979,0.0552,2.6832,32.2193,231.1797,0.1392,0.0874,82.2552,88.7302,232.1088,0.3824,0.9274
2014-12-23T00:38:59.570Z,2.8311,45.2877,230.8324,0.1959,0.0602,3.2026,31.2557,230.7455,0.1355,0.1063,81.8427,88.3481,231.4556,0.3815,0.9269
2014-12-23T00:39:59.270Z,2.5371,45.6436,230.699,0.1977,0.056,2.9097,34.0421,230.8508,0.1471,0.0897,81.993,88.6826,230.771,0.3841,0.9262
2014-12-23T00:40:59.278Z,2.6042,46.0267,232.3194,0.1974,0.0579,2.726,32.795,229.7584,0.143,0.0879,81.1269,88.1003,230.3273,0.3823,0.9217
2014-12-23T00:41:59.547Z,2.3029,45.762,232.7134,0.197,0.0515,3.0127,31.3096,231.4052,0.1354,0.101,81.7229,88.203,231.4224,0.3812,0.9277
2014-12-23T00:42:59.847Z,2.5327,45.9552,232.4573,0.1976,0.0564,3.1429,32.819,231.7874,0.1413,0.0976,81.6322,88.0124,231.4233,0.3802,0.9275
2014-12-23T00:43:59.401Z,3.0284,44.8879,232.5369,0.1931,0.0649,2.6696,32.7639,231.8798,0.141,0.0917,82.0218,89.0216,231.3159,0.3848,0.9222
2014-12-23T00:44:59.689Z,3.236,45.0676,232.7052,0.1938,0.0725,2.7837,31.439,231.8187,0.1359,0.0976,81.937,88.2847,231.541,0.382,0.9292
2014-12-23T00:45:59.424Z,3.3448,45.0496,232.3979,0.1938,0.075,2.9008,33.8714,231.971,0.146,0.0869,82.2519,88.9131,231.8978,0.3836,0.9264
2014-12-23T00:46:59.767Z,2.4466,45.7099,232.9713,0.1962,0.0552,2.6086,31.2196,232.1695,0.1348,0.0822,82.3685,88.8242,231.8417,0.3833,0.9277
2014-12-23T00:47:59.300Z,2.4448,45.8843,232.841,0.1969,0.0544,3.3034,32.9278,232.3714,0.1417,0.1021,81.8738,88.3372,231.6488,0.3814,0.9272
2014-12-23T00:48:59.931Z,3.0514,45.8992,232.0305,0.198,0.0662,2.1659,32.5459,231.5654,0.14,0.0779,81.6561,88.4834,231.087,0.3825,0.9239
2014-12-23T00:49:59.602Z,2.5476,45.4538,232.6111,0.1953,0.0568,2.8486,32.3663,231.2976,0.1393,0.0921,81.6171,87.8964,230.8657,0.3809,0.9292
2014-12-23T00:50:59.826Z,2.7492,46.6443,232.6675,0.2004,0.0603,3.0879,32.784,230.5442,0.142,0.0985,81.7835,88.1014,230.6247,0.3814,0.9295
2014-12-23T00:51:59.145Z,2.4087,45.2686,232.48,0.1949,0.0522,2.828,33.5782,232.0591,0.1449,0.0919,82.4121,89.3328,231.7537,0.3854,0.9237
2014-12-23T00:52:59.537Z,3.2688,45.4541,232.799,0.1946,0.0716,3.0858,32.3304,232.549,0.1388,0.0946,83.3048,89.6918,232.1492,0.3858,0.9299
2014-12-23T00:53:59.442Z,3.6347,45.8714,232.3775,0.1973,0.0798,2.0041,32.4675,232.2341,0.1397,0.069,82.3535,88.3609,231.803,0.3814,0.933
2014-12-23T00:54:59.776Z,2.6769,46.3118,232.4429,0.1996,0.0563,3.1978,32.4321,232.0912,0.1399,0.0984,82.0901,88.5123,231.6838,0.3826,0.9281
2014-12-23T00:55:59.261Z,2.6826,45.2488,232.1392,0.1948,0.0582,2.9378,31.2174,231.7899,0.1347,0.0988,82.0326,88.3816,231.4793,0.3819,0.9292
2014-12-23T00:56:59.060Z,2.8317,45.4306,232.2691,0.1957,0.0624,2.5576,32.1268,231.9177,0.1384,0.0884,81.9764,88.6797,231.4057,0.3833,0.9256
2014-12-23T00:57:59.530Z,2.996,45.5848,232.4461,0.1961,0.0665,2.602,31.6429,231.6634,0.1363,0.0926,81.934,88.4143,231.3363,0.3822,0.9274
2014-12-23T00:58:59.181Z,3.4077,46.0698,232.0697,0.1987,0.0753,2.8752,33.3267,230.9488,0.1447,0.0914,81.8947,87.9558,231.1314,0.3809,0.9318
2014-12-23T00:59:59.445Z,2.4186,46.5483,232.1823,0.2001,0.0517,2.676,33.3428,231.1685,0.1442,0.0882,82.0803,88.3604,231.152,0.3822,0.9302
2014-12-23T01:00:59.797Z,2.9125,44.1282,231.3158,0.1904,0.0693,3.8119,33.2784,231.6008,0.1432,0.1155,81.4732,88.4613,230.5336,0.3837,0.9223
2014-12-23T01:01:59.723Z,2.5918,45.9971,231.8935,0.1982,0.0571,2.938,33.1164,232.1404,0.1422,0.0912,82.1795,89.0185,232.0924,0.3837,0.9247
2014-12-23T01:02:59.662Z,3.3737,45.8551,232.8769,0.1966,0.0729,2.1207,33.533,231.8094,0.1447,0.0756,82.6962,89.9263,232.7442,0.3862,0.9209
2014-12-23T01:03:59.869Z,2.4457,45.408,233.2175,0.1952,0.0552,2.8996,30.1071,231.3152,0.1308,0.1016,82.8077,89.5451,232.538,0.3851,0.9262
2014-12-23T01:04:59.500Z,2.8343,45.6119,233.3199,0.195,0.0611,2.5871,33.088,231.4096,0.1426,0.0852,82.6172,89.4288,232.2689,0.3853,0.9252
2014-12-23T01:05:59.839Z,1.7876,45.5422,232.9347,0.1953,0.0392,3.006,33.3496,231.6463,0.144,0.0925,82.5199,89.4611,231.9837,0.3858,0.9236
2014-12-23T01:06:59.745Z,2.7163,45.5196,232.6839,0.1958,0.0602,2.6926,29.7892,232.143,0.1286,0.0967,82.5256,89.0106,231.879,0.3836,0.9281
2014-12-23T01:07:59.174Z,2.3581,45.1976,232.8046,0.1938,0.0507,3.1739,33.2488,231.9371,0.1434,0.0957,82.3244,88.8537,232.0784,0.3826,0.9278
2014-12-23T01:08:59.501Z,2.6125,46.284,232.1822,0.2003,0.0564,2.6413,32.0247,230.939,0.1382,0.0839,81.7421,88.5037,231.2746,0.383,0.9249
2014-12-23T01:09:59.822Z,2.5338,45.4562,232.0467,0.1959,0.0569,2.8896,33.8887,230.95,0.1466,0.0895,81.9293,88.2214,230.9426,0.3822,0.9295
2014-12-23T01:10:59.222Z,2.6897,45.4636,232.3522,0.196,0.0603,2.9404,30.0909,228.7391,0.1316,0.0998,81.4574,88.4751,231.0152,0.3831,0.9207
2014-12-23T01:12:59.282Z,2.7199,45.0864,233.0882,0.1932,0.059,2.8303,31.4348,229.884,0.1366,0.0932,83.0405,89.2035,232.8818,0.3829,0.9313
2014-12-23T01:13:59.657Z,2.6575,45.5059,232.7857,0.1955,0.057,3.4812,32.6933,230.8625,0.1415,0.1082,83.1467,90.3527,233.0097,0.3877,0.922
2014-12-23T01:14:59.883Z,2.7625,45.3201,232.6374,0.1951,0.0603,2.8047,31.0047,231.3555,0.1338,0.0948,83.2233,90.0855,233.1455,0.3865,0.9245
2014-12-23T01:15:59.855Z,2.7774,45.2631,233.4642,0.1938,0.0637,2.8473,30.1322,231.2502,0.1308,0.0956,83.4642,89.9662,233.0875,0.3853,0.9291
2014-12-23T01:16:59.294Z,2.3514,45.9144,233.4932,0.1963,0.0529,2.9047,33.2017,231.3422,0.1434,0.0936,83.4477,90.4248,232.4237,0.3889,0.9238
2014-12-23T01:17:59.578Z,2.8289,45.6222,233.1702,0.1956,0.0601,2.5998,31.4826,230.9027,0.1359,0.0868,82.4257,89.2832,231.9542,0.3847,0.924
2014-12-23T01:18:59.192Z,3.0562,45.4279,233.1006,0.1949,0.0667,3.3024,33.7638,230.7104,0.1459,0.0963,82.0216,88.4576,231.0583,0.3824,0.9287
2014-12-23T01:19:59.496Z,2.8942,45.5068,232.9348,0.1954,0.0642,3.1922,32.735,230.6614,0.1416,0.0979,81.5545,88.5892,230.9491,0.3838,0.9213
2014-12-23T01:20:59.811Z,2.5685,45.3237,231.7088,0.1954,0.0558,2.8895,30.9135,231.4441,0.1333,0.0947,81.7775,88.2367,230.9744,0.3816,0.9278
2014-12-23T01:21:59.036Z,2.7646,45.2038,231.9557,0.1957,0.0602,3.089,31.2498,232.6259,0.1346,0.0987,81.4584,88.1878,230.755,0.382,0.9242
2014-12-23T01:22:59.532Z,3.2722,45.5361,232.0639,0.1966,0.073,2.1079,32.3499,233.1472,0.1388,0.0741,81.4837,87.2061,231.3777,0.377,0.935
2014-12-23T01:23:59.971Z,3.3011,45.1356,233.1263,0.194,0.0732,2.6788,32.6301,232.8962,0.1404,0.0898,82.3974,88.6589,231.4057,0.3829,0.9301
2014-12-23T01:24:59.853Z,3.5454,46.2953,233.9065,0.1986,0.0742,3.3429,32.5463,232.3885,0.1401,0.1023,81.9255,88.3371,231.5674,0.3815,0.9286
2014-12-23T01:25:59.227Z,2.9511,46.4686,233.9469,0.1983,0.0631,2.603,33.3739,232.1131,0.1437,0.0867,82.1439,88.7109,231.5379,0.3834,0.9267
2014-12-23T01:26:59.549Z,2.2315,45.907,233.9565,0.1967,0.0495,2.62,30.9054,231.9049,0.1335,0.0848,81.9513,87.9727,231.4819,0.3798,0.9321
2014-12-23T01:27:59.250Z,2.5612,45.7249,233.2567,0.1966,0.0558,2.7969,32.8851,231.8655,0.1421,0.0907,82.0651,88.6296,231.5745,0.3832,0.9274
2014-12-23T01:28:59.611Z,2.5313,45.8673,232.6691,0.1971,0.056,3.2643,31.4643,231.3451,0.1357,0.1044,81.4222,88.0103,231.1384,0.3803,0.9259
2014-12-23T01:29:59.887Z,2.5574,45.747,232.5879,0.1962,0.0566,2.3902,32.3676,231.4768,0.1395,0.0801,81.861,87.9253,231.2075,0.3801,0.932
2014-12-23T01:30:59.181Z,2.8604,45.5398,231.7832,0.1963,0.0613,2.8869,32.0423,231.3324,0.1382,0.0979,82.2926,89.079,231.7336,0.3842,0.9249
2014-12-23T01:31:59.574Z,2.9655,45.6573,232.5715,0.1965,0.0658,2.4048,32.3814,232.2831,0.1393,0.084,82.4008,89.0727,232.0013,0.3837,0.9258
2014-12-23T01:32:59.059Z,2.647,45.6912,232.6359,0.1963,0.0576,2.868,30.3368,232.7394,0.1302,0.0934,82.5957,89.3839,231.8751,0.3858,0.925
2014-12-23T01:33:59.336Z,2.39,46.5413,232.8723,0.2,0.0533,3.3896,33.1697,232.8423,0.1422,0.0988,82.194,88.501,231.5637,0.3816,0.9295
2014-12-23T01:34:59.710Z,2.9848,44.4324,232.5275,0.1914,0.0691,2.3656,31.1137,232.4392,0.1333,0.0831,82.5755,89.3642,231.443,0.3863,0.9255
2014-12-23T01:35:59.020Z,3.4611,45.6329,232.5474,0.1962,0.0754,3.0861,31.9953,232.8018,0.1374,0.097,81.7392,88.354,231.4992,0.3814,0.9252
2014-12-23T01:36:59.325Z,2.5816,45.2949,231.9522,0.1954,0.0574,2.8373,30.6181,232.9723,0.1315,0.0971,81.7196,87.8674,230.9769,0.3811,0.9309
2014-12-23T01:37:59.517Z,2.6553,45.054,231.6414,0.1948,0.0583,2.8996,31.1213,232.8142,0.1339,0.0986,82.374,89.2142,231.1836,0.3858,0.9234
2014-12-23T01:38:59.852Z,2.5649,46.2065,231.4832,0.1998,0.0545,2.3279,33.8514,232.2316,0.1457,0.0736,81.7988,88.0331,231.1646,0.3804,0.9298
2014-12-23T01:39:59.502Z,2.5762,45.8176,231.8308,0.1974,0.0563,2.5826,33.3724,231.8169,0.1438,0.0847,81.0984,87.3293,230.3608,0.379,0.9287
2014-12-23T01:40:59.921Z,3.113,44.8716,232.3242,0.1935,0.0698,2.7373,30.4084,230.668,0.1321,0.0963,80.6612,87.9802,229.6415,0.3833,0.9177
2014-12-23T01:41:59.004Z,3.1987,45.9874,232.7054,0.1978,0.0685,2.5374,31.817,231.5213,0.1374,0.0893,81.5424,87.2833,230.5162,0.3788,0.9344
2014-12-23T01:42:59.319Z,2.679,44.9297,232.3672,0.1936,0.0598,2.7776,32.7287,232.5983,0.1403,0.0893,81.2274,88.2407,230.927,0.3824,0.9215
2014-12-23T01:43:59.699Z,2.4784,45.588,232.2003,0.1962,0.0535,3.0448,33.6696,232.3358,0.1447,0.0969,82.4935,88.7763,231.2592,0.3842,0.9296
2014-12-23T01:44:59.115Z,2.7074,45.9768,232.0432,0.1982,0.059,2.821,32.9781,232.5188,0.1414,0.0894,82.0751,88.3926,231.3829,0.382,0.9297
2014-12-23T01:45:59.459Z,3.4352,45.1588,231.8996,0.1948,0.076,2.7485,32.124,232.5861,0.1382,0.0917,82.1035,88.6976,231.3823,0.3839,0.9262
2014-12-23T01:46:59.042Z,2.4743,45.6864,231.9563,0.1968,0.0536,3.0594,31.5182,232.4942,0.1356,0.1024,82.035,89.1223,231.1723,0.3856,0.9212
2014-12-23T01:47:59.513Z,2.127,45.8578,231.4671,0.1978,0.0463,2.3733,31.86,232.3651,0.1372,0.0776,81.7578,88.5835,231.3076,0.3823,0.9243
2014-12-23T01:48:59.793Z,2.5315,45.2392,230.9979,0.1959,0.0563,2.9173,30.3454,231.7831,0.1307,0.0969,81.992,88.5813,230.9478,0.3838,0.9265
2014-12-23T01:49:59.161Z,2.5942,45.9106,231.9316,0.1981,0.0551,3.0413,31.4593,231.0037,0.136,0.1028,81.628,87.8104,231.0853,0.3801,0.9303
2014-12-23T01:50:59.044Z,2.5326,45.3914,232.6777,0.1954,0.0554,3.147,32.5847,229.8538,0.1418,0.1066,82.1882,88.8467,230.697,0.3855,0.9267
2014-12-23T01:51:59.250Z,2.6277,45.8413,232.8208,0.1974,0.0567,2.6162,32.4488,230.7352,0.141,0.0825,81.7349,88.3716,231.2218,0.3818,0.9263
2014-12-23T01:52:59.808Z,2.5015,45.3747,232.6268,0.1953,0.0547,2.7703,31.2037,231.5512,0.1346,0.093,81.5333,87.9291,231.5258,0.3792,0.9275
2014-12-23T01:53:59.164Z,3.047,45.1172,232.3774,0.1939,0.0669,2.912,32.7023,231.5302,0.1413,0.0941,81.8809,88.6877,231.639,0.3831,0.9242
2014-12-23T01:54:59.420Z,2.6233,45.2421,232.8632,0.1943,0.0586,2.9515,32.4984,231.6547,0.1405,0.0929,82.9325,89.6675,231.8349,0.3869,0.9267
2014-12-23T01:55:59.965Z,3.3242,44.7751,232.3539,0.1928,0.0733,3.2218,31.2887,231.325,0.1351,0.1012,81.8104,88.7265,231.5405,0.3832,0.9225
2014-12-23T01:56:59.161Z,2.883,45.2496,232.4103,0.1947,0.0633,2.7082,33.3459,231.4887,0.1442,0.0902,82.005,88.73,231.6288,0.3824,0.9251
2014-12-23T01:57:59.847Z,2.3776,45.7903,232.3467,0.1974,0.0514,2.9876,32.964,231.17,0.1425,0.0935,82.0734,88.8603,231.7985,0.3833,0.924
2014-12-23T01:58:59.665Z,2.5184,46.2746,231.9877,0.1998,0.0543,2.9429,33.5774,230.6789,0.1455,0.0947,82.0912,88.5474,231.6184,0.3823,0.9276
2014-12-23T01:59:59.916Z,2.3438,45.0024,232.1197,0.1936,0.0518,2.8431,31.9336,230.3012,0.1384,0.0923,82.1177,88.6127,231.4081,0.3826,0.9278
2014-12-23T02:00:59.633Z,3.2173,43.9773,231.4301,0.1895,0.0741,2.6616,33.1449,230.2403,0.144,0.0856,81.4025,88.514,230.5116,0.384,0.9208
2014-12-23T02:01:59.908Z,2.0915,46.3401,232.0704,0.1997,0.0464,2.2825,31.163,230.4405,0.1352,0.0773,81.994,89.2441,231.2102,0.3859,0.9197
2014-12-23T02:02:59.811Z,3.0433,44.492,232.4998,0.1914,0.0682,3.0933,31.9473,230.2248,0.1389,0.0978,82.1553,88.8789,231.5573,0.3838,0.9259
2014-12-23T02:03:59.045Z,2.8292,45.8539,232.7074,0.1969,0.062,2.6207,31.0454,230.5897,0.1347,0.0901,82.647,89.3374,231.5851,0.3853,0.9261
2014-12-23T02:04:59.267Z,2.4979,46.0876,233.1638,0.1976,0.0536,3.0416,32.324,231.1382,0.1398,0.1026,81.5084,88.3395,230.8342,0.383,0.9235
2014-12-23T02:05:59.588Z,2.4912,45.0224,233.1693,0.1935,0.0549,2.9545,31.7347,231.1416,0.1371,0.1005,81.5199,88.2574,230.856,0.3819,0.9248
2014-12-23T02:06:59.964Z,3.507,45.9382,232.5754,0.1978,0.0761,2.7108,33.9295,231.6309,0.1466,0.0849,81.8055,88.917,231.1521,0.3845,0.9205
2014-12-23T02:07:59.372Z,3.0354,45.2752,231.2024,0.1959,0.0684,3.217,31.6441,232.1493,0.1363,0.1002,82.1128,88.0996,231.3044,0.3804,0.9328
2014-12-23T02:08:59.656Z,2.1998,44.9984,230.8015,0.1951,0.0475,2.7438,32.3851,231.6262,0.1399,0.0924,81.5538,87.2501,230.9554,0.3779,0.936
2014-12-23T02:09:59.028Z,2.6602,45.7483,231.3288,0.1976,0.0602,2.8054,31.8414,231.4577,0.1374,0.0927,81.8696,88.407,231.0542,0.382,0.9278
2014-12-23T02:10:59.285Z,3.279,44.3116,231.4977,0.1914,0.0747,2.6371,30.8135,231.6286,0.1325,0.0818,81.4582,88.9531,230.37,0.3862,0.9169
2014-12-23T02:11:59.681Z,3.6733,45.5003,232.1082,0.1962,0.0809,2.5143,33.06,231.9008,0.1428,0.0827,81.561,87.2815,230.7683,0.3783,0.9354
2014-12-23T02:12:59.813Z,2.5355,45.9818,232.7796,0.1973,0.0544,2.8936,30.6649,231.7726,0.1327,0.0967,82.6959,89.4412,231.5174,0.3862,0.9256
2014-12-23T02:13:59.046Z,2.4268,45.7137,232.5512,0.1971,0.0523,2.6509,31.3196,231.9339,0.1353,0.089,81.9516,88.697,231.7919,0.3827,0.9249
2014-12-23T02:14:59.342Z,2.8999,45.2948,232.3054,0.1948,0.0638,2.5693,30.9925,232.1949,0.1337,0.097,82.267,88.5774,232.0053,0.3823,0.9293
2014-12-23T02:15:59.170Z,2.6622,45.4063,232.4011,0.1951,0.0581,2.8178,32.9801,231.9199,0.1423,0.0919,82.3987,88.5867,231.8592,0.3824,0.9299
2014-12-23T02:16:59.464Z,2.9577,44.6382,232.0931,0.1925,0.0668,3.2377,30.7042,232.1158,0.1324,0.1086,81.9371,88.707,231.9629,0.3823,0.9242
2014-12-23T02:17:59.819Z,2.6688,45.8668,231.8978,0.1978,0.0575,2.5311,33.7658,231.4816,0.1458,0.0813,81.9299,88.361,232.0675,0.3808,0.9281
2014-12-23T02:18:59.035Z,1.9509,45.5839,231.631,0.1968,0.0431,2.6454,31.2722,230.722,0.1353,0.0934,82.2037,89.0563,231.8741,0.3843,0.9246
2014-12-23T02:19:59.292Z,3.0193,45.3657,231.4547,0.1958,0.0646,2.359,32.1595,230.5536,0.1397,0.0832,82.3041,89.1113,231.4797,0.3851,0.925
2014-12-23T02:20:59.650Z,3.2052,45.2831,231.2478,0.1956,0.0699,2.9262,32.6114,229.8225,0.1423,0.0895,81.6868,88.6618,231.1504,0.3836,0.9224
2014-12-23T02:21:59.311Z,3.2562,44.5047,231.3657,0.192,0.0737,2.797,31.3137,230.6804,0.1357,0.0961,81.9808,88.7784,231.0409,0.3842,0.9242
2014-12-23T02:22:59.321Z,3.0531,45.1638,232.4158,0.1944,0.068,2.8703,33.2664,232.4392,0.1435,0.0955,81.2174,87.8568,230.9871,0.38,0.9257
2014-12-23T02:23:59.530Z,2.3458,45.2685,232.5966,0.1949,0.0522,3.3893,32.7149,232.4714,0.1403,0.1008,81.4237,88.3337,231.0313,0.3821,0.9226
2014-12-23T02:24:59.868Z,2.3115,45.3286,231.9815,0.1956,0.0502,2.3102,33.4841,232.1849,0.1443,0.0782,81.8859,88.3902,230.884,0.3832,0.928
2014-12-23T02:25:59.208Z,2.7074,45.5382,232.5166,0.1961,0.0584,3.1811,34.7789,232.0072,0.1499,0.097,80.9703,87.1587,230.3429,0.3783,0.9294
2014-12-23T02:26:59.579Z,3.6,46.1882,233.242,0.1982,0.078,3.1015,33.5448,232.2913,0.1448,0.0955,79.7305,86.2415,227.987,0.3784,0.9256
2014-12-23T02:27:59.682Z,2.8216,45.4033,231.6812,0.196,0.0613,2.9696,32.6545,232.0046,0.1408,0.0923,81.7058,88.0305,231.276,0.3809,0.9295
2014-12-23T02:28:59.999Z,2.3097,44.6801,231.6946,0.1929,0.0522,3.0849,33.176,231.7935,0.1434,0.0975,81.8509,88.6889,231.6041,0.3833,0.924
2014-12-23T02:29:59.328Z,2.557,45.5378,231.3116,0.1972,0.0572,2.6774,32.1211,231.2141,0.1388,0.0847,81.9137,88.6512,231.2819,0.3837,0.9251
2014-12-23T02:30:59.682Z,2.8574,45.4929,231.1577,0.1969,0.0651,2.212,31.3582,230.4888,0.1359,0.0777,82.3982,88.528,231.6678,0.3816,0.9316
2014-12-23T02:31:59.967Z,2.8258,45.3764,231.4774,0.1962,0.0607,2.7502,32.4707,231.3489,0.14,0.0908,82.176,88.8236,231.8867,0.3836,0.9266
2014-12-23T02:32:59.325Z,2.4714,45.5111,232.293,0.1957,0.0553,3.1294,33.4697,232.3674,0.1438,0.0968,82.3462,88.4512,231.8424,0.3817,0.9313
2014-12-23T02:33:59.647Z,2.2359,46.3612,232.9073,0.199,0.0477,3.006,31.8252,232.4521,0.1369,0.099,82.2447,88.8189,231.6966,0.3833,0.9273
2014-12-23T02:34:59.001Z,2.531,45.4319,233.0016,0.1947,0.0546,3.1322,34.5202,232.6023,0.1483,0.0919,81.9767,88.5494,231.2358,0.3828,0.9269
2014-12-23T02:35:59.266Z,2.7327,45.6478,232.7867,0.1962,0.0601,3.3402,32.4369,232.5559,0.1397,0.1056,82.3859,89.0132,231.4044,0.3846,0.9269
2014-12-23T02:36:59.575Z,2.4766,45.0397,232.4297,0.1943,0.0528,2.7808,32.6867,232.1732,0.1409,0.0908,82.4234,88.8826,231.5039,0.3839,0.9278
2014-12-23T02:37:59.956Z,2.8404,45.3974,232.1498,0.1952,0.0631,3.1366,33.0938,232.0536,0.1426,0.094,81.8505,88.2737,231.2876,0.3821,0.9282
2014-12-23T02:38:59.161Z,2.0809,46.0359,231.8701,0.1981,0.045,2.4349,32.1092,231.3632,0.1391,0.0848,81.5234,88.0904,230.9649,0.3812,0.9269
2014-12-23T02:39:59.479Z,2.6192,45.6836,231.2803,0.1979,0.0557,2.9079,31.9485,229.9855,0.1388,0.0933,81.8211,88.4502,230.761,0.3827,0.9256
2014-12-23T02:40:59.980Z,2.5737,45.7275,231.9266,0.1974,0.0573,2.8082,32.3513,228.9596,0.1417,0.0893,81.2208,87.4962,230.7899,0.3787,0.9286
2014-12-23T02:41:59.275Z,2.5161,45.5934,232.3022,0.1964,0.0549,2.9481,32.2478,229.9786,0.1404,0.0934,81.9262,88.7043,231.1566,0.3836,0.924
2014-12-23T02:42:59.695Z,2.496,45.4964,232.119,0.196,0.0558,3.3721,31.1632,231.8992,0.1345,0.1107,82.6125,89.0698,232.0098,0.3845,0.9287
2014-12-23T02:43:59.978Z,2.554,46.1827,232.3877,0.1988,0.0548,2.6876,33.5262,231.4076,0.1449,0.0841,82.7798,89.1547,232.384,0.3837,0.9297
2014-12-23T02:44:59.559Z,2.3574,45.0171,232.2416,0.194,0.0537,2.794,31.8268,231.0561,0.1379,0.0929,82.5341,89.0687,232.3707,0.3833,0.9274
2014-12-23T02:45:59.959Z,2.2061,45.084,232.12,0.1945,0.0495,3.026,32.2513,230.5553,0.1398,0.094,82.8318,89.8533,232.5291,0.3865,0.923
2014-12-23T02:46:59.618Z,2.6137,45.3244,232.6702,0.1948,0.0571,2.9549,31.652,231.193,0.1367,0.0973,82.3384,89.3549,231.8072,0.3858,0.9226
2014-12-23T02:47:59.210Z,3.3244,45.8947,232.7463,0.1976,0.0734,2.5844,33.204,231.556,0.1431,0.0801,82.3293,88.8687,231.5566,0.3837,0.9278
2014-12-23T02:48:59.676Z,3.8524,45.5849,232.3143,0.1961,0.0843,2.8052,33.2085,230.4493,0.1441,0.0914,81.4888,87.6815,231.0685,0.3791,0.93
2014-12-23T02:49:59.081Z,2.6353,44.8054,231.8309,0.193,0.0581,3.0383,33.2137,230.0813,0.1446,0.0959,81.3994,87.9882,231.256,0.38,0.9256
2014-12-23T02:50:59.284Z,2.6219,46.0765,232.0662,0.1984,0.057,2.731,31.6076,227.5484,0.1391,0.0897,81.8347,87.7431,231.6987,0.3787,0.9329
2014-12-23T02:51:59.658Z,2.8618,46.7661,232.8717,0.2003,0.0623,2.8074,31.885,227.0153,0.1404,0.0921,82.5132,89.3078,232.3291,0.3845,0.9243
2014-12-23T02:52:59.965Z,3.0768,44.5052,232.1981,0.1918,0.0707,2.9671,33.0059,230.881,0.143,0.0963,82.3216,88.9218,232.2615,0.3835,0.9265
2014-12-23T02:53:59.201Z,2.0494,45.548,231.2194,0.1967,0.0466,2.7251,30.3856,231.2196,0.1313,0.0921,82.7187,89.1539,232.4532,0.3837,0.9289
2014-12-23T02:54:59.421Z,3.0067,45.4109,231.2165,0.1966,0.0642,2.4986,31.5796,231.2687,0.1368,0.0869,83.1904,90.4937,232.5063,0.3889,0.9207
2014-12-23T02:55:59.682Z,2.567,44.9491,231.3641,0.1945,0.0574,2.8436,31.6929,231.8736,0.1368,0.0997,83.0723,89.5457,232.4681,0.3854,0.9287
2014-12-23T02:56:59.224Z,4.0443,45.5996,232.2139,0.1964,0.0882,2.4551,31.2606,231.5234,0.1354,0.0837,82.7307,89.9032,232.1816,0.3872,0.921
2014-12-23T02:57:59.581Z,3.1749,45.5875,232.7443,0.1957,0.0705,2.7236,32.2095,229.2843,0.1407,0.091,83.4996,89.8643,232.9295,0.3859,0.9298
2014-12-23T02:58:59.925Z,2.461,46.0416,232.3144,0.1984,0.0533,2.9793,32.3916,228.7374,0.1415,0.0964,82.623,89.5154,232.3856,0.3848,0.924
2014-12-23T02:59:59.267Z,2.3701,45.348,232.2168,0.1956,0.0513,2.763,32.4299,230.8294,0.1404,0.088,81.9771,88.131,230.8336,0.3816,0.9311
2014-12-23T03:00:59.830Z,2.8813,45.0124,231.8828,0.1941,0.063,2.8448,32.7135,231.3242,0.1418,0.0901,80.5177,87.065,228.997,0.3801,0.9259
2014-12-23T03:01:59.273Z,2.5644,44.6161,232.1589,0.1913,0.0573,2.6243,34.2167,231.1981,0.1478,0.0828,80.4038,87.0068,228.5763,0.3804,0.9253
2014-12-23T03:02:59.629Z,2.8397,46.0859,232.5288,0.198,0.0615,3.0658,33.898,231.6364,0.1465,0.0942,80.8343,86.8548,229.5059,0.3782,0.9315
2014-12-23T03:03:59.064Z,2.7333,45.5567,232.397,0.1959,0.0608,2.8552,31.4813,232.0339,0.1361,0.0933,81.1938,87.9258,229.6919,0.3832,0.9241
2014-12-23T03:04:59.740Z,2.6867,44.9938,232.8052,0.1929,0.0593,3.4558,32.4003,232.1877,0.1391,0.1089,80.8578,86.626,229.6821,0.3774,0.9345
2014-12-23T03:05:59.305Z,3.1104,45.9986,233.2776,0.1965,0.0675,2.4905,31.292,232.1359,0.1349,0.0838,81.0502,87.4563,229.8259,0.3804,0.9278
2014-12-23T03:06:59.350Z,3.1691,45.7685,233.5099,0.1957,0.068,3.2358,33.3549,231.6934,0.1443,0.0954,80.3282,86.4458,229.3258,0.3771,0.9302
2014-12-23T03:07:59.720Z,3.0019,46.1065,233.6234,0.1978,0.064,2.6649,32.424,231.9687,0.1399,0.0927,80.4223,86.9458,229.4087,0.3793,0.9264
2014-12-23T03:08:59.976Z,2.6688,45.2945,232.9447,0.1938,0.0586,3.068,32.4162,231.4773,0.1402,0.0934,79.7074,85.9114,228.8698,0.3756,0.9284
2014-12-23T03:09:59.317Z,2.5386,46.306,232.7669,0.1987,0.0562,2.5397,31.9411,231.3744,0.1374,0.0887,80.1797,86.7536,228.8693,0.3788,0.9249
2014-12-23T03:10:59.527Z,3.2967,45.4078,232.5557,0.1951,0.0722,2.6849,32.0036,231.9314,0.1384,0.0929,80.0456,86.9214,228.1576,0.3809,0.9219
2014-12-23T03:11:59.632Z,3.3757,45.1805,232.9226,0.1943,0.0747,2.8887,35.4101,232.1936,0.1526,0.0921,80.1734,86.1175,228.9264,0.376,0.9315
2014-12-23T03:12:59.891Z,2.1646,45.906,233.3948,0.1967,0.0476,3.0568,31.5541,232.5036,0.136,0.1004,81.4374,87.8263,230.6827,0.3805,0.9285
2014-12-23T03:13:59.315Z,2.4113,46.5132,233.2662,0.199,0.0533,2.8058,32.9081,232.4186,0.1418,0.0926,81.2287,87.5486,230.5021,0.3798,0.9283
2014-12-23T03:14:59.265Z,2.6664,46.2851,233.5192,0.1982,0.0581,3.1385,33.0743,232.329,0.1428,0.1,81.2169,87.4652,230.4051,0.3794,0.9293
2014-12-23T03:15:59.528Z,2.6501,45.7882,233.7482,0.1963,0.0574,2.3341,33.4498,232.3125,0.1439,0.0787,81.8217,88.4478,230.7389,0.3829,0.9261
2014-12-23T03:16:59.836Z,2.4011,45.9931,233.5415,0.1973,0.0527,2.9095,33.8893,231.5093,0.1463,0.0932,81.5969,87.7984,230.9127,0.3799,0.9303
2014-12-23T03:17:59.412Z,1.9347,45.2868,233.7657,0.1937,0.0444,2.4842,30.8549,229.0819,0.1351,0.088,81.8848,88.6974,231.1899,0.3841,0.9245
2014-12-23T03:18:59.688Z,3.2929,45.1087,232.7395,0.1938,0.0744,2.6189,32.4652,231.01,0.1404,0.0854,81.7993,88.1251,231.1821,0.3814,0.929
2014-12-23T03:19:59.242Z,2.1879,45.4066,232.4576,0.1944,0.0497,2.6407,32.8169,231.0272,0.1419,0.0864,81.5418,88.073,231.1757,0.3812,0.9268
2014-12-23T03:20:59.622Z,2.2925,45.6403,231.6442,0.197,0.05,2.4474,31.6026,229.955,0.1372,0.0841,82.2982,88.6436,231.6901,0.3827,0.9296
2014-12-23T03:21:59.907Z,2.562,44.5549,231.6054,0.1929,0.058,2.7546,32.0595,229.8287,0.1399,0.0935,82.4344,88.6621,232.0371,0.3822,0.9305
2014-12-23T03:22:59.183Z,2.8468,46.4789,232.8354,0.1996,0.0614,3.0894,29.5754,230.7457,0.1279,0.1032,82.7927,88.8643,232.2942,0.3826,0.9326
2014-12-23T03:23:59.547Z,3.1038,45.0929,232.3808,0.1944,0.069,2.6718,33.6705,230.5027,0.1459,0.0829,82.6462,88.747,231.987,0.3822,0.9321
2014-12-23T03:24:59.459Z,2.5488,44.6648,232.0873,0.1924,0.0586,2.3979,32.2976,231.1305,0.1396,0.0857,82.4242,89.4003,232.0131,0.3854,0.9237
2014-12-23T03:25:59.664Z,2.692,46.2033,232.2243,0.1988,0.0574,2.4378,32.0276,230.8571,0.139,0.0848,83.1207,89.4538,232.0186,0.3852,0.93
2014-12-23T03:26:59.090Z,2.5558,44.6132,232.433,0.1918,0.0569,2.7458,30.5678,231.5593,0.1319,0.0942,82.351,89.344,231.9346,0.3851,0.9226
2014-12-23T03:27:59.382Z,3.0213,45.9788,232.8676,0.1972,0.0661,2.8503,31.4161,231.6885,0.1361,0.0977,82.3812,89.2166,232.2423,0.3838,0.9246
2014-12-23T03:28:59.757Z,2.8989,44.7344,232.8982,0.1919,0.0647,2.7322,31.8402,230.5678,0.1384,0.0899,82.4897,89.1223,232.2585,0.384,0.9259
2014-12-23T03:29:59.073Z,3.3551,45.4138,232.6791,0.1953,0.075,2.7328,30.9603,230.0231,0.1348,0.0917,82.9661,90.1197,232.4503,0.3882,0.9216
2014-12-23T03:30:59.486Z,2.3574,45.3515,231.842,0.1959,0.0521,2.5526,32.8532,229.0859,0.1436,0.0849,82.8012,89.8558,232.5441,0.3863,0.9227
2014-12-23T03:31:59.979Z,2.3336,45.0359,231.892,0.1949,0.0496,2.579,32.027,229.4278,0.1397,0.0908,82.8496,89.5064,232.4899,0.3849,0.9266
2014-12-23T03:32:59.977Z,2.6666,44.7644,233.0188,0.1921,0.0601,3.1076,32.8348,231.1132,0.1421,0.0979,83.1207,89.4198,232.701,0.3846,0.9308
2014-12-23T03:33:59.212Z,2.9397,46.184,232.8153,0.1986,0.0632,2.6896,31.7398,231.3484,0.1371,0.092,83.0008,89.8298,232.5274,0.3868,0.9253
2014-12-23T03:34:59.605Z,2.5316,45.4334,232.2637,0.1955,0.0571,2.5631,33.5784,231.2256,0.1452,0.0775,82.4642,88.6614,232.1956,0.3819,0.9313
2014-12-23T03:35:59.385Z,2.147,45.8399,232.4504,0.1969,0.047,2.4653,30.8943,229.652,0.1344,0.0864,82.828,89.6873,232.5841,0.3857,0.9243
2014-12-23T03:36:59.326Z,2.8917,45.576,232.7537,0.1959,0.0626,2.8298,32.4656,228.4871,0.1418,0.0894,83.1724,89.4291,233.1517,0.3837,0.9307
2014-12-23T03:37:59.544Z,2.5818,46.0245,232.3628,0.1983,0.0562,3.4568,31.0753,230.0538,0.1346,0.1135,82.3377,89.3098,232.4261,0.3838,0.9228
2014-12-23T03:38:59.838Z,2.6329,45.4185,231.4315,0.1964,0.0573,2.9512,31.6004,230.6684,0.1371,0.099,82.0371,89.1008,231.1452,0.3854,0.9216
2014-12-23T03:39:59.242Z,2.4172,44.8392,230.8381,0.1948,0.054,2.8936,32.6049,230.5587,0.1418,0.0933,82.0969,88.6364,231.2012,0.3834,0.927
2014-12-23T03:40:59.589Z,3.8281,45.9246,231.7275,0.1982,0.0832,2.8013,31.7043,229.5445,0.1379,0.0927,81.7505,87.552,230.7481,0.3796,0.934
2014-12-23T03:41:59.944Z,2.8237,45.6613,232.6897,0.1961,0.0617,2.9615,33.3759,229.709,0.1453,0.0933,81.8924,88.0274,230.9204,0.3812,0.9315
2014-12-23T03:42:59.456Z,2.1302,46.1136,233.4749,0.1971,0.0456,2.5616,32.4709,231.5347,0.1402,0.0868,81.6226,88.4803,231.0052,0.3826,0.9241
2014-12-23T03:43:59.751Z,1.9712,45.5838,233.6022,0.1952,0.0427,3.348,33.6025,232.1337,0.1444,0.0981,81.3475,87.4422,230.8509,0.379,0.9319
2014-12-23T03:44:59.376Z,3.0719,45.4802,233.3825,0.1946,0.0673,2.6689,33.9251,232.3562,0.1463,0.084,81.6597,88.7012,230.8447,0.3843,0.9216
2014-12-23T03:45:59.859Z,3.343,45.73,233.3357,0.1957,0.0743,2.7289,34.3771,232.133,0.1482,0.0853,81.7559,87.4729,230.9681,0.3789,0.9349
2014-12-23T03:46:59.100Z,2.7101,46.1602,232.7598,0.199,0.0577,2.6658,31.0402,232.1204,0.1333,0.0946,81.9032,88.9298,231.0511,0.3852,0.9223
2014-12-23T03:47:59.653Z,2.2925,45.1593,232.4668,0.1941,0.051,2.8082,32.1367,232.4164,0.1385,0.0908,81.9032,88.0004,230.9325,0.381,0.9307
2014-12-23T03:48:59.224Z,2.4251,44.9599,232.408,0.1939,0.0564,2.6809,30.4746,231.4187,0.1319,0.0917,81.8966,88.87,230.5696,0.3854,0.9228
2014-12-23T03:49:59.485Z,3.4369,45.4798,232.5093,0.1958,0.0756,2.8221,31.8184,231.3247,0.1378,0.0912,81.1313,87.631,230.1188,0.3808,0.9263
2014-12-23T03:50:59.810Z,3.3571,44.6951,232.5824,0.192,0.0758,3.3267,33.8058,230.2542,0.1468,0.105,80.6239,87.4522,229.6783,0.3807,0.9232
2014-12-23T03:51:59.403Z,2.8912,45.1243,233.4471,0.1931,0.061,2.8983,32.6387,230.1666,0.1417,0.0941,81.2158,87.4121,229.6534,0.3801,0.9302
2014-12-23T03:52:59.694Z,2.3265,46.5914,233.7292,0.1998,0.0502,2.6777,31.0897,232.018,0.1342,0.0888,81.841,88.6234,230.6293,0.3842,0.9247
2014-12-23T03:53:59.772Z,2.4621,45.7175,233.6692,0.1956,0.0532,2.4853,32.2431,231.7093,0.1389,0.0856,81.0503,87.9144,230.2392,0.3821,0.9226
2014-12-23T03:54:59.172Z,3.7658,45.4013,233.969,0.1938,0.0831,2.9029,33.8348,231.8894,0.1458,0.0916,81.0668,87.7191,230.0711,0.3817,0.9259
2014-12-23T03:55:59.628Z,2.9553,46.2416,233.4402,0.1977,0.064,2.9823,30.1076,232.0377,0.1303,0.0995,81.0729,87.4162,229.8476,0.3802,0.9277
2014-12-23T03:56:59.182Z,2.6363,45.196,233.1966,0.1938,0.0593,2.4404,33.642,232.2916,0.1451,0.0829,81.0312,87.5941,230.0073,0.3803,0.9267
2014-12-23T03:57:59.535Z,2.6445,45.876,232.8532,0.1969,0.0571,2.7905,32.2541,232.6811,0.1386,0.0955,81.2487,87.6245,230.3792,0.3802,0.928
2014-12-23T03:58:59.815Z,2.4912,45.0736,232.563,0.1946,0.056,2.6563,33.7284,232.3275,0.145,0.0891,81.5229,88.2108,230.6018,0.3822,0.9254
2014-12-23T03:59:59.207Z,3.1421,44.6068,232.1636,0.1923,0.0706,2.5639,31.9168,231.3989,0.1383,0.0881,81.0766,87.7183,230.1033,0.381,0.9252
2014-12-23T04:00:59.750Z,3.2281,43.6589,230.8301,0.1886,0.0741,2.4856,34.7098,231.0614,0.1501,0.077,80.3282,86.6763,228.8914,0.3787,0.9276
2014-12-23T04:01:59.464Z,2.578,45.0787,230.5348,0.1958,0.0573,2.8133,30.7095,230.804,0.133,0.0929,79.7652,86.5066,228.367,0.3789,0.9227
2014-12-23T04:02:59.751Z,2.9356,45.779,231.4889,0.1976,0.0621,2.2243,31.9946,231.2438,0.1385,0.0785,80.7813,87.827,229.6253,0.383,0.921
2014-12-23T04:03:59.069Z,1.9331,44.6957,230.6707,0.1937,0.0438,3.086,32.8308,230.9662,0.1419,0.0958,81.2773,87.4741,230.777,0.3794,0.9303
2014-12-23T04:04:59.376Z,2.8122,45.6519,230.9189,0.1975,0.0614,2.5586,31.3734,230.3116,0.1366,0.09,81.7348,88.6225,231.0925,0.3838,0.9234
2014-12-23T04:05:59.495Z,3.1623,45.0837,230.7541,0.1952,0.0687,3.2013,31.7733,231.2001,0.1373,0.1009,81.1747,87.8111,230.9198,0.3804,0.9252
2014-12-23T04:06:59.871Z,2.6179,45.14,230.6834,0.1958,0.0567,2.4776,32.2895,231.3145,0.1393,0.0829,81.8291,88.1163,231.064,0.3813,0.9286
2014-12-23T04:07:59.211Z,2.3477,44.8779,231.6269,0.1942,0.0536,2.4092,32.1262,231.0808,0.139,0.0848,81.7944,88.5447,231.2127,0.3836,0.925
2014-12-23T04:08:59.967Z,2.8109,45.2709,231.2584,0.1964,0.0616,2.6478,31.5759,230.3204,0.1372,0.09,81.589,87.861,230.9865,0.3801,0.9295
2014-12-23T04:09:59.547Z,2.5341,44.2364,231.0348,0.1914,0.0592,2.8533,32.8974,230.0161,0.1424,0.0932,80.9793,87.5824,230.5956,0.3793,0.9258
2014-12-23T04:10:59.815Z,2.7724,45.8326,230.633,0.199,0.0608,2.7867,30.8666,230.4913,0.1338,0.0938,197.1958,241.2802,229.3202,1.0548,0.9222
2014-12-23T04:11:59.096Z,905.6575,1311.7311,229.4972,5.7151,0.6902,942.0354,1427.2699,229.268,6.2249,0.6599,1364.5761,1912.1994,226.9445,8.4255,0.7135
2014-12-23T04:12:59.378Z,929.2904,1343.2453,230.6381,5.8239,0.6917,965.2659,1455.8933,229.565,6.3416,0.6627,1389.751,1941.5949,228.2314,8.5071,0.7161
2014-12-23T04:13:59.779Z,977.1318,1381.2682,230.561,5.991,0.7074,1018.3141,1503.1379,229.9178,6.5374,0.6772,1433.9229,1979.0847,228.0883,8.6764,0.724
2014-12-23T04:14:59.825Z,1015.5118,1411.7451,230.5213,6.1237,0.7193,1056.9058,1531.9447,229.6162,6.6718,0.6898,1471.213,2008.3084,227.7528,8.8184,0.7314
2014-12-23T04:15:59.271Z,1000.2378,1397.6752,230.2422,6.0706,0.7161,1054.9089,1526.251,229.727,6.6438,0.6915,1463.7998,2006.2123,227.7411,8.8097,0.7297
2014-12-23T04:16:59.568Z,1005.1901,1400.1034,230.3004,6.0794,0.719,1070.6304,1543.1681,230.12,6.7063,0.694,1466.538,2012.1954,227.8838,8.83,0.7297
2014-12-23T04:17:59.748Z,1007.6249,1404.8504,229.5779,6.1188,0.7176,1075.6338,1536.4023,229.7277,6.6879,0.7007,1481.6296,2022.472,228.375,8.8564,0.7322
2014-12-23T04:18:59.089Z,1008.4601,1399.3087,228.4526,6.1252,0.7206,1076.362,1517.291,228.7389,6.6328,0.7091,1493.5007,2018.626,227.6938,8.8655,0.7402
2014-12-23T04:19:59.319Z,1012.3756,1407.6738,228.0428,6.1732,0.7196,1071.238,1505.7267,228.3242,6.5941,0.7113,1503.3042,2019.9909,227.9189,8.8621,0.7441
2014-12-23T04:20:59.025Z,979.8236,1379.7696,226.6111,6.0888,0.7101,1081.6321,1484.6955,228.1155,6.5083,0.7287,1523.7658,2050.8689,228.4735,8.9758,0.7417
2014-12-23T04:21:59.309Z,996.481,1394.2781,227.584,6.1266,0.7144,1081.981,1504.3357,228.8058,6.5749,0.7198,1512.6692,2039.0674,228.3246,8.9309,0.7421
2014-12-23T04:22:59.726Z,953.3749,1352.9819,228.7633,5.9143,0.7039,1039.127,1495.4602,229.8622,6.5062,0.6949,1434.1027,1978.3138,227.9956,8.6772,0.724
2014-12-23T04:23:59.084Z,928.8107,1356.4206,228.8448,5.9271,0.6854,1009.7766,1437.2606,227.5874,6.3148,0.7022,1470.0307,1997.9413,228.9231,8.7279,0.7365
2014-12-23T04:24:59.603Z,945.1699,1356.3428,228.7811,5.9279,0.697,1033.4047,1466.2432,228.1121,6.427,0.7048,1462.3574,1994.3517,228.5148,8.7276,0.7329
2014-12-23T04:25:59.413Z,958.1867,1353.7112,228.7969,5.917,0.7074,1042.8087,1498.4374,229.8302,6.5196,0.6957,1432.9846,1972.5736,227.9321,8.6544,0.7267
2014-12-23T04:26:59.876Z,979.3528,1386.5249,230.0546,6.0268,0.7061,1027.2993,1494.8298,229.4466,6.5144,0.6868,1444.0386,1968.3191,228.0854,8.6298,0.7332
2014-12-23T04:27:59.207Z,964.2707,1370.168,229.3849,5.9728,0.7035,1042.3821,1495.2054,229.6221,6.5115,0.6966,1451.0603,1986.6924,228.4194,8.6979,0.7299
2014-12-23T04:28:59.614Z,960.965,1361.3431,228.1624,5.9664,0.7062,1038.2153,1474.6538,228.8936,6.4421,0.7044,1455.9243,1980.3256,227.9428,8.6877,0.735
2014-12-23T04:29:59.970Z,999.6694,1399.4172,228.2319,6.1319,0.7143,1044.2293,1476.3486,228.0124,6.4752,0.7073,1487.6412,1986.0332,227.6611,8.7238,0.7491
2014-12-23T04:30:59.688Z,962.1739,1358.5931,226.4826,5.9984,0.7083,1058.9036,1462.2702,227.7617,6.4201,0.7242,1493.8984,2008.682,228.138,8.8047,0.743
2014-12-23T04:31:59.149Z,991.0738,1384.0771,227.5726,6.0815,0.7156,1085.3724,1501.9048,228.4762,6.5739,0.7231,1506.2524,2025.1946,228.5375,8.8617,0.7435
2014-12-23T04:32:59.776Z,994.9132,1393.187,228.742,6.0903,0.714,1068.9558,1507.1121,228.8621,6.5849,0.7092,1484.1386,2005.9438,228.75,8.7694,0.7399
2014-12-23T04:33:59.198Z,1003.3907,1384.2157,227.7411,6.0778,0.7253,1110.1813,1534.1852,229.0411,6.6981,0.7236,1498.5454,2026.8826,228.4769,8.8708,0.7393
2014-12-23T04:34:59.363Z,981.9537,1352.664,226.3943,5.9744,0.7264,1121.5127,1538.6191,229.9698,6.691,0.7291,1485.5878,2029.0009,228.3864,8.8842,0.7316
2014-12-23T04:35:59.644Z,999.4503,1363.3072,226.482,6.0199,0.7323,1150.6669,1564.4838,230.1558,6.7971,0.7354,1503.0813,2049.2517,228.33,8.9747,0.7332
2014-12-23T04:36:59.791Z,997.1485,1370.7162,227.2788,6.0307,0.7275,1131.7888,1551.8275,230.0289,6.746,0.7292,1500.1496,2041.9288,228.3227,8.9428,0.7345
2014-12-23T04:37:59.060Z,1017.8431,1401.0212,227.9972,6.1449,0.7262,1139.5016,1561.454,230.2336,6.7817,0.7301,1527.7447,2064.6671,228.816,9.0234,0.74
2014-12-23T04:38:59.032Z,1014.1988,1391.1754,227.2396,6.1221,0.7292,1132.7988,1545.1298,229.4585,6.734,0.7331,1524.5034,2050.4542,228.1633,8.9863,0.7427
2014-12-23T04:39:59.256Z,1024.7048,1409.9517,227.7076,6.1922,0.7274,1096.2623,1516.0538,228.6463,6.6301,0.7228,1519.2282,2021.9137,227.8243,8.8746,0.7514
2014-12-23T04:40:59.985Z,1052.1,1428.0859,226.783,6.2967,0.7366,1119.2897,1521.046,227.7212,6.679,0.7358,1553.6499,2037.4853,226.9846,8.9766,0.7613
2014-12-23T04:41:59.308Z,1046.1888,1425.0656,227.0356,6.2769,0.734,1125.3361,1531.4999,228.4135,6.7045,0.7352,1550.5978,2047.5816,227.5756,8.9975,0.7578
2014-12-23T04:42:59.615Z,1027.3519,1396.0323,227.1338,6.146,0.7361,1131.74,1546.9172,229.3279,6.7444,0.7319,1518.6777,2032.8923,227.3121,8.9428,0.7478
2014-12-23T04:43:59.838Z,1015.4709,1382.8074,226.4957,6.105,0.7338,1132.0441,1536.5854,229.0271,6.7094,0.7369,1523.427,2038.5966,227.2877,8.9687,0.7477
2014-12-23T04:44:59.297Z,1026.1361,1392.7634,227.0324,6.1344,0.7373,1130.7266,1541.5685,228.5782,6.744,0.7333,1520.8728,2032.0963,227.4298,8.9355,0.7494
2014-12-23T04:45:59.070Z,1027.7346,1403.2019,227.442,6.1698,0.7318,1127.2317,1537.1644,228.5322,6.7266,0.7334,1530.9655,2039.7563,227.8462,8.9527,0.7502
2014-12-23T04:46:59.475Z,1019.3134,1387.4936,226.2721,6.1317,0.7348,1145.4496,1542.9231,228.7444,6.7451,0.7427,1535.8367,2051.7497,227.8876,9.004,0.7494
2014-12-23T04:47:59.773Z,1023.5142,1390.1651,227.0329,6.123,0.7362,1153.4569,1559.2731,229.1829,6.8037,0.7399,1532.0316,2055.3811,227.9448,9.017,0.745
2014-12-23T04:48:59.560Z,1030.4254,1392.1767,226.6017,6.1439,0.74,1155.4658,1555.6816,228.6171,6.8054,0.7425,1534.7158,2048.6427,227.6118,9.0002,0.7496
2014-12-23T04:49:59.149Z,1044.4967,1402.2902,226.8837,6.1807,0.7449,1152.8073,1559.0173,228.5045,6.8228,0.7388,1533.0181,2038.2634,227.109,8.9747,0.753
2014-12-23T04:50:59.429Z,1080.203,1448.1532,228.1297,6.3478,0.7461,1120.7194,1538.885,227.2078,6.7724,0.7287,1540.5844,2009.8113,226.1481,8.8873,0.7677
2014-12-23T04:51:59.707Z,1082.7318,1448.6963,228.2597,6.3466,0.748,1131.6069,1558.484,228.1236,6.8312,0.726,1535.0574,2016.0974,226.5879,8.8972,0.7621
2014-12-23T04:52:59.323Z,1076.4836,1443.2772,228.7892,6.3079,0.746,1119.9163,1561.4064,228.5808,6.8307,0.7171,1512.1366,1997.7515,226.8585,8.8057,0.7581
2014-12-23T04:53:59.639Z,1064.6169,1427.1724,229.0603,6.2307,0.7462,1125.8141,1568.6056,228.6508,6.8598,0.7178,1501.3039,1998.2081,226.8929,8.8069,0.75
2014-12-23T04:54:59.181Z,1080.0403,1432.3326,228.3408,6.2728,0.7543,1184.5251,1607.8218,229.1522,7.0157,0.7369,1543.0994,2050.7431,226.9437,9.0363,0.7517
2014-12-23T04:55:59.062Z,1118.2081,1472.0602,229.0977,6.4251,0.7593,1218.4911,1644.4622,229.4377,7.167,0.7411,1578.6506,2086.8928,227.2821,9.1823,0.7576
2014-12-23T04:56:59.292Z,1095.7753,1463.092,229.8621,6.3645,0.7487,1184.1625,1622.2615,229.8062,7.059,0.7303,1556.532,2070.0843,227.6947,9.092,0.7515
2014-12-23T04:57:59.578Z,1043.1596,1415.4633,229.023,6.1806,0.7369,1163.5214,1595.2897,230.6151,6.9171,0.7296,1531.3373,2063.2331,228.1317,9.0442,0.7409
2014-12-23T04:58:59.787Z,1070.5414,1448.9073,229.4961,6.3138,0.7384,1183.2676,1602.1478,229.9477,6.9676,0.7386,1575.2221,2093.5513,228.0054,9.1819,0.7526
2014-12-23T04:59:59.294Z,1121.9894,1500.2638,229.508,6.5365,0.7484,1203.6802,1619.8501,229.3549,7.0627,0.743,1617.1328,2117.313,227.9485,9.2887,0.763
2014-12-23T05:00:59.470Z,1122.3202,1490.3278,229.0317,6.5068,0.7529,1185.777,1610.5269,229.5229,7.0167,0.7366,1589.3221,2077.277,226.961,9.153,0.7654
2014-12-23T05:01:59.610Z,1083.739,1458.866,228.9572,6.3719,0.7428,1147.2514,1576.825,229.5061,6.8697,0.7278,1554.1641,2048.0011,227.3458,9.0082,0.7592
2014-12-23T05:02:59.901Z,1087.9652,1457.949,227.8766,6.3981,0.7466,1180.2607,1592.2081,229.4902,6.9376,0.7407,1581.7568,2083.5036,227.712,9.1492,0.7592
2014-12-23T05:03:59.318Z,1116.006,1474.7094,227.6322,6.4777,0.7574,1232.2011,1633.7582,229.4823,7.1191,0.7532,1617.0475,2124.5994,227.3609,9.3447,0.7603
2014-12-23T05:05:59.889Z,1095.6148,1454.2657,227.9511,6.3799,0.7532,1202.391,1612.9066,229.3847,7.0312,0.745,1581.9941,2086.9564,226.9495,9.1951,0.7585
2014-12-23T05:06:59.292Z,1092.3938,1468.5589,228.731,6.4203,0.744,1176.8784,1582.8544,228.5198,6.9267,0.7433,1596.0576,2089.1799,227.1988,9.1951,0.7633
2014-12-23T05:07:59.085Z,1130.7455,1513.0274,228.8924,6.6101,0.7473,1210.7738,1609.5108,228.1039,7.0562,0.7525,1649.5087,2139.4974,228.0358,9.382,0.7706
2014-12-23T05:08:59.532Z,1137.8277,1515.4567,228.7598,6.6248,0.7504,1206.3314,1608.3971,227.8599,7.0583,0.7501,1641.6042,2123.3566,227.5303,9.3323,0.773
2014-12-23T05:09:59.102Z,1094.4138,1469.3294,228.3428,6.4348,0.7452,1167.2891,1568.7049,227.283,6.902,0.7444,1596.6715,2080.9854,227.1683,9.161,0.7684
2014-12-23T05:10:59.349Z,1106.971,1469.2339,227.0564,6.4704,0.7531,1177.035,1566.8066,226.8769,6.9063,0.7514,1602.3008,2070.529,226.033,9.1604,0.7744
2014-12-23T05:11:59.592Z,1149.0981,1514.0484,227.4887,6.6554,0.7584,1215.9783,1602.4701,226.7986,7.0656,0.759,1651.1978,2116.47,226.4134,9.3478,0.7802
2014-12-23T05:12:59.142Z,1137.716,1509.5434,227.8407,6.6251,0.7534,1226.6176,1608.9871,226.9236,7.0907,0.7618,1663.6967,2145.1821,227.5145,9.4292,0.7755
2014-12-23T05:13:59.865Z,1096.9187,1477.3946,227.943,6.4818,0.7423,1180.5633,1566.7088,226.6432,6.9127,0.7534,1624.8149,2107.1153,227.6442,9.256,0.7707
2014-12-23T05:14:59.353Z,1094.1521,1470.9687,227.7391,6.4587,0.7437,1181.0888,1566.0237,226.58,6.9119,0.7537,1622.6503,2104.6324,227.4785,9.2519,0.7702
2014-12-23T05:15:59.747Z,1130.7988,1490.4037,227.0938,6.5622,0.7582,1242.0076,1618.1136,227.0091,7.1276,0.768,1655.815,2139.9964,226.965,9.4289,0.7739
2014-12-23T05:16:59.124Z,1159.4381,1511.1426,226.297,6.6775,0.7666,1235.464,1602.5698,225.2484,7.1147,0.7715,1670.7884,2124.6702,225.854,9.4075,0.7862
2014-12-23T05:17:59.576Z,1119.2534,1488.954,227.6284,6.5411,0.7518,1192.4931,1576.3422,226.1188,6.971,0.7569,1633.3528,2103.3689,226.68,9.2788,0.7766
2014-12-23T05:18:59.959Z,1117.7103,1479.0957,227.2167,6.5092,0.7557,1182.4351,1563.4996,225.2117,6.9419,0.756,1620.3801,2078.7817,226.064,9.195,0.7791
2014-12-23T05:19:59.205Z,1141.5739,1536.0403,229.457,6.6943,0.7435,1185.2581,1584.4172,226.4773,6.9955,0.7481,1659.8012,2128.9906,228.1881,9.3298,0.7794
2014-12-23T05:20:59.472Z,1115.2257,1524.7754,227.9663,6.6884,0.7313,1172.6649,1545.2154,226.0422,6.8357,0.7586,1686.8303,2159.5299,229.2488,9.4198,0.7812
2014-12-23T05:21:59.519Z,1131.693,1547.9306,229.4118,6.747,0.7316,1183.1911,1580.9344,227.5211,6.9476,0.7481,1681.9156,2168.7094,230.2212,9.4201,0.7749
2014-12-23T05:22:59.782Z,1142.8921,1548.8862,229.9327,6.7359,0.7377,1189.1358,1601.9306,228.3221,7.0159,0.742,1661.9773,2149.4218,229.3486,9.3718,0.7724
2014-12-23T05:23:59.990Z,1154.9967,1543.2812,229.8462,6.7143,0.7488,1195.6156,1608.9531,228.1448,7.052,0.7436,1648.7093,2122.3814,227.4797,9.3298,0.7773
2014-12-23T05:24:59.867Z,1152.9609,1536.1967,229.4983,6.6942,0.751,1203.0525,1608.7288,227.7563,7.0638,0.7481,1653.6661,2125.3425,227.147,9.3565,0.7792
2014-12-23T05:25:59.430Z,1144.9543,1531.9763,229.0772,6.6876,0.7478,1204.9889,1603.6039,227.707,7.042,0.7517,1660.0246,2139.3933,227.9915,9.3837,0.7763
2014-12-23T05:26:59.740Z,1150.5942,1537.0678,228.0236,6.7411,0.7492,1209.9427,1597.421,227.3562,7.0262,0.7576,1678.8028,2153.7179,228.3272,9.4327,0.7796
2014-12-23T05:27:59.052Z,1154.1376,1526.7254,227.7844,6.702,0.756,1213.5228,1607.6019,227.4322,7.0684,0.7548,1655.324,2127.3137,227.5878,9.3475,0.7775
2014-12-23T05:28:59.334Z,1171.5088,1547.4152,228.0512,6.7853,0.7578,1213.0478,1606.2422,227.0537,7.074,0.7556,1671.8247,2133.6384,227.3814,9.383,0.7827
2014-12-23T05:29:59.462Z,1178.3099,1553.1047,228.3938,6.7994,0.7584,1168.2457,1578.54,226.4952,6.9688,0.7398,1638.317,2075.937,226.1571,9.1783,0.7899
2014-12-23T05:30:59.542Z,1188.1059,1568.3928,228.0412,6.877,0.7574,1151.4049,1554.0966,225.5956,6.8892,0.7411,1651.2281,2070.4364,225.8533,9.1654,0.7971
2014-12-23T05:31:59.927Z,1154.7856,1542.8239,227.7666,6.7736,0.7484,1170.9736,1562.0934,226.2181,6.9047,0.7496,1661.3241,2111.475,227.8639,9.2662,0.786
2014-12-23T05:32:59.283Z,1163.6612,1559.2372,228.8269,6.8136,0.7464,1158.0817,1565.3524,226.7012,6.9045,0.7398,1654.9757,2104.0376,228.0397,9.2264,0.7876
2014-12-23T05:33:59.143Z,1167.1888,1571.2983,228.6954,6.8703,0.7426,1149.5434,1553.8198,226.4928,6.8602,0.7394,1667.5712,2110.4244,228.2199,9.2473,0.7901
2014-12-23T05:34:59.519Z,1165.5586,1560.2521,228.3097,6.8336,0.7474,1158.677,1558.11,226.3866,6.8821,0.7438,1663.3514,2106.6191,227.6741,9.252,0.7891
2014-12-23T05:35:59.824Z,1165.0414,1547.5481,228.0169,6.787,0.7522,1177.5224,1578.0379,226.7852,6.9576,0.7467,1652.607,2102.0762,227.3062,9.248,0.7871
2014-12-23T05:36:59.219Z,1171.3582,1554.242,228.401,6.8048,0.7535,1176.2249,1581.12,226.6189,6.9769,0.7443,1652.156,2099.3912,227.1771,9.2412,0.7884
2014-12-23T05:37:59.790Z,1160.5373,1542.9346,228.0979,6.764,0.7516,1184.827,1578.1973,226.7139,6.9612,0.7508,1661.4981,2114.0506,227.0962,9.309,0.7864
2014-12-23T05:38:59.128Z,1163.0633,1541.1136,227.8084,6.7648,0.7544,1185.5639,1569.8722,225.8571,6.9506,0.7549,1666.1554,2108.5229,226.3812,9.3139,0.7902
2014-12-23T05:39:59.489Z,1178.7861,1552.8477,227.9741,6.8114,0.7591,1180.0864,1572.9119,225.8016,6.9656,0.75,1660.5837,2093.3219,225.9187,9.2656,0.7928
2014-12-23T05:40:59.217Z,1188.9361,1564.0011,228.5898,6.842,0.7606,1173.7273,1571.4398,225.3548,6.9729,0.7471,1658.0597,2083.5482,225.6726,9.2327,0.7956
2014-12-23T05:41:59.469Z,1181.108,1567.1462,228.2689,6.8652,0.7538,1160.0924,1552.6514,225.2619,6.8923,0.7474,1668.0882,2092.5504,226.2707,9.2471,0.7963
2014-12-23T05:42:59.802Z,1158.4426,1559.9106,227.9393,6.8431,0.7427,1168.5556,1540.9463,224.7886,6.8542,0.7582,1701.1944,2138.6651,227.797,9.3884,0.7957
2014-12-23T05:43:59.176Z,1134.1084,1537.4098,227.5926,6.7549,0.7382,1156.6803,1520.5692,224.3191,6.779,0.761,1695.2767,2135.8505,227.9383,9.3703,0.7928
2014-12-23T05:44:59.479Z,1165.5397,1553.4154,228.1289,6.8089,0.7502,1181.3303,1554.3159,224.3857,6.9267,0.7602,1691.5922,2126.1493,226.9203,9.3694,0.7961
2014-12-23T05:45:59.417Z,1148.2281,1570.8526,228.517,6.8737,0.7311,1126.2727,1480.2276,222.0272,6.6667,0.7601,1724.1754,2134.6363,227.5004,9.3827,0.8073
2014-12-23T05:46:59.782Z,1181.3754,1590.6777,228.9254,6.9486,0.7423,1150.7814,1529.3252,224.368,6.8159,0.7522,1708.222,2125.7642,227.0291,9.363,0.8038
2014-12-23T05:47:59.061Z,1172.2423,1554.3728,228.4686,6.8036,0.754,1164.8998,1564.1716,226.5343,6.9043,0.7456,1653.6718,2088.371,226.1514,9.2343,0.7903
2014-12-23T05:48:59.358Z,1179.7298,1567.514,227.8831,6.8784,0.7523,1175.6522,1551.6092,225.3837,6.8841,0.7574,1697.0834,2121.9829,226.0708,9.3861,0.7994
2014-12-23T05:49:59.053Z,1164.3319,1557.0422,227.6253,6.8403,0.7479,1153.2367,1524.8145,224.6933,6.7858,0.7564,1689.7367,2109.9763,226.1644,9.3297,0.8008
2014-12-23T05:50:59.345Z,1183.5608,1574.2313,228.0122,6.9037,0.7516,1165.7912,1533.8208,224.2066,6.8412,0.7602,1708.0449,2120.1001,225.4104,9.405,0.8064
2014-12-23T05:51:59.025Z,1181.2184,1563.317,228.3299,6.8471,0.7557,1158.7473,1544.0446,224.5647,6.876,0.7509,1668.6226,2084.6335,225.3244,9.2521,0.8008
2014-12-23T05:52:59.332Z,1206.2391,1583.1853,228.8006,6.9192,0.7617,1182.9553,1580.378,225.3388,7.0131,0.7486,1672.6373,2092.8122,225.596,9.2771,0.7996
2014-12-23T05:54:59.290Z,1205.9988,1578.4561,228.9515,6.894,0.7636,1181.651,1587.0959,225.2994,7.0439,0.7445,1656.5644,2079.7464,225.9303,9.205,0.7969
2014-12-23T05:55:59.599Z,1206.6446,1589.4866,229.1112,6.9379,0.7592,1161.2087,1568.6031,224.7064,6.9811,0.7403,1660.2574,2076.6729,226.4984,9.1687,0.7993
2014-12-23T05:56:59.616Z,1223.5728,1600.5488,229.1284,6.9852,0.7644,1180.6787,1586.4699,224.639,7.062,0.7441,1669.5307,2083.4936,226.2177,9.2106,0.8002
2014-12-23T05:57:59.848Z,1208.3817,1585.5033,229.0388,6.9227,0.7623,1171.5313,1575.8044,224.1807,7.0289,0.7432,1660.1273,2076.8768,226.4391,9.1721,0.8
2014-12-23T05:58:59.022Z,1213.8542,1600.724,228.986,6.9908,0.7592,1171.9835,1562.6426,223.6589,6.9866,0.75,1694.551,2104.409,226.5641,9.2878,0.8055
2014-12-23T05:59:59.268Z,1209.7768,1608.2329,228.6257,7.0343,0.7518,1138.6371,1515.212,221.9079,6.8282,0.7513,1705.5027,2093.6416,226.0501,9.2621,0.8143
