2014-11-22T00:00:59.800Z,1165.2125,1529.1146,227.5393,6.7202,0.7625,1326.2523,1726.6722,231.7152,7.4516,0.768,1719.2829,2270.4822,230.1862,9.8636,0.7555
2014-11-22T00:01:59.002Z,1139.566,1502.1833,227.6846,6.5976,0.7587,1288.4266,1694.7328,231.3896,7.3234,0.7601,1678.6538,2224.9297,229.7527,9.6839,0.7546
2014-11-22T00:02:59.184Z,1158.8835,1522.4507,227.6632,6.6871,0.7616,1292.0966,1694.6235,230.7749,7.3435,0.762,1698.7867,2230.6885,229.6987,9.7113,0.7604
2014-11-22T00:03:59.366Z,1152.0715,1525.3205,227.7496,6.6973,0.7549,1268.4495,1670.5411,230.4436,7.2488,0.7595,1698.1654,2222.4979,229.9737,9.6643,0.763
2014-11-22T00:04:59.615Z,1161.2222,1538.8797,227.9308,6.7513,0.7542,1299.7421,1689.9212,230.4734,7.3329,0.7689,1736.2316,2269.3111,230.7064,9.8367,0.7649
2014-11-22T00:05:59.915Z,1167.6466,1552.5993,229.1636,6.7753,0.7517,1274.9312,1675.5305,230.1128,7.2813,0.7608,1727.2748,2246.9598,230.4307,9.7509,0.7697
2014-11-22T00:06:59.686Z,1206.95,1573.4469,228.594,6.8829,0.7668,1309.6079,1704.9253,229.6351,7.4243,0.7682,1745.944,2251.4067,229.4172,9.8138,0.7759
2014-11-22T00:08:59.591Z,1223.8634,1575.7719,228.5937,6.8931,0.7768,1321.4987,1720.252,229.3555,7.5006,0.7682,1737.3045,2232.6013,228.3223,9.7782,0.7776
2014-11-22T00:09:59.872Z,687.5145,917.3995,229.1761,4.0126,0.5123,707.9413,919.4305,226.844,4.0568,0.3427,1121.8626,1392.9396,231.0834,6.0511,0.8436
2014-11-22T00:10:59.016Z,4.0197,18.7265,228.5911,0.0812,0.2141,-3.0584,14.8505,228.347,0.0654,-0.2014,19.1597,28.762,233.1379,0.1228,0.5755
2014-11-22T00:11:59.287Z,3.9723,18.6176,228.8589,0.0809,0.213,-3.0076,15.1144,231.2607,0.0656,-0.1949,11.2765,20.3961,232.7929,0.0874,0.5539
2014-11-22T00:12:59.587Z,3.781,18.502,228.3446,0.0807,0.204,-2.6968,14.193,231.102,0.0615,-0.1869,11.4776,20.186,232.5015,0.0865,0.5691
2014-11-22T00:13:59.240Z,3.9848,18.8455,228.813,0.0824,0.2098,-2.8457,15.2277,231.8584,0.0654,-0.1843,11.3799,20.5182,233.2184,0.0871,0.5563
2014-11-22T00:14:59.377Z,4.1694,18.6457,228.7377,0.0813,0.2231,-2.8473,14.9262,232.2963,0.0645,-0.1887,11.6765,20.6117,233.8881,0.0881,0.5677
2014-11-22T00:15:59.482Z,3.8791,18.6559,229.0755,0.0816,0.207,-2.8325,14.8678,231.4726,0.0648,-0.1883,11.2157,20.553,233.9665,0.0875,0.5471
2014-11-22T00:16:59.649Z,3.7669,18.6487,229.8717,0.0811,0.2009,-2.755,14.9795,231.6369,0.0649,-0.1819,11.4306,20.7664,233.6063,0.0894,0.5518
2014-11-22T00:17:59.758Z,3.6717,18.7241,229.6727,0.0807,0.1953,-2.9002,14.8362,232.0209,0.064,-0.1932,11.2519,20.4562,233.4823,0.0878,0.5513
2014-11-22T00:18:59.140Z,4.1895,19.0306,229.4795,0.0828,0.2181,-2.9363,15.1086,231.382,0.0657,-0.1923,11.4285,20.5151,233.1234,0.0878,0.5584
2014-11-22T00:19:59.439Z,3.9972,18.6427,229.3959,0.0813,0.2135,-2.8821,14.9266,231.509,0.0648,-0.1898,11.5131,20.7502,233.0279,0.0887,0.5568
2014-11-22T00:20:59.727Z,4.0097,18.6975,229.6673,0.0814,0.2142,-2.8995,15.0112,231.3412,0.0647,-0.1912,11.3447,20.3775,233.0962,0.0875,0.5592
2014-11-22T00:21:59.456Z,3.6626,18.4643,229.1256,0.0805,0.198,-2.7803,14.7625,231.1846,0.0639,-0.1859,11.326,20.6473,233.2144,0.0887,0.5498
2014-11-22T00:22:59.587Z,3.7831,18.4406,227.6701,0.0812,0.2045,-2.8399,15.012,231.2456,0.0652,-0.1878,11.4039,20.6057,233.3486,0.0879,0.5547
2014-11-22T00:23:59.747Z,3.7101,18.55,228.5206,0.0812,0.1989,-2.8907,14.9271,231.4449,0.0646,-0.1904,11.4059,20.5305,233.35,0.088,0.5566
2014-11-22T00:24:59.043Z,3.612,18.5563,228.6598,0.0816,0.1938,-2.7024,15.1083,231.5398,0.0659,-0.1769,11.3147,20.919,233.4698,0.0892,0.5428
2014-11-22T00:25:59.282Z,3.9403,18.7313,229.8191,0.0818,0.2093,-2.8918,15.0772,231.9345,0.0651,-0.19,11.5101,20.5493,233.7179,0.0873,0.5618
2014-11-22T00:26:59.476Z,4.0352,18.5805,229.928,0.0811,0.2171,-2.8671,14.7238,231.8139,0.0636,-0.1906,11.34,20.3003,233.8678,0.0867,0.5613
2014-11-22T00:27:59.771Z,4.0671,18.2339,230.7328,0.0793,0.2232,-2.2226,13.4173,231.5674,0.0577,-0.1635,11.4095,19.671,233.683,0.084,0.5832
2014-11-22T00:28:59.058Z,4.2468,18.1351,231.3928,0.0787,0.2342,-2.3357,13.4448,231.0558,0.0583,-0.1716,11.5306,19.5226,232.7155,0.0843,0.593
2014-11-22T00:29:59.323Z,4.08,18.315,230.3885,0.0791,0.223,-2.3443,13.7947,231.2689,0.059,-0.167,11.6386,20.053,233.6339,0.086,0.5827
2014-11-22T00:30:59.473Z,3.8368,18.1651,230.2978,0.0793,0.2115,-2.162,13.3728,231.1179,0.058,-0.1586,11.5251,19.7268,233.5803,0.084,0.5871
2014-11-22T00:31:59.853Z,3.9379,18.6016,230.2918,0.0809,0.2116,-2.7171,14.5124,231.3181,0.0624,-0.1834,11.3044,20.156,233.7366,0.0854,0.5626
2014-11-22T00:32:59.952Z,3.9846,18.8856,230.864,0.0813,0.2105,-2.6046,14.184,230.8329,0.0614,-0.1816,11.3678,20.4481,233.9281,0.0872,0.5569
2014-11-22T00:33:59.326Z,3.9986,18.9369,230.8769,0.0816,0.2106,-2.686,14.6053,230.9508,0.0633,-0.1812,11.3486,20.7214,234.1269,0.0884,0.5495
2014-11-22T00:34:59.447Z,3.8855,18.687,230.7688,0.0807,0.2076,-2.7956,14.8327,231.4695,0.0641,-0.1856,11.3151,20.4795,234.0904,0.088,0.5533
2014-11-22T00:35:59.547Z,3.963,18.9861,229.9149,0.082,0.2081,-2.7894,14.4468,231.5578,0.0628,-0.1897,11.5127,20.3426,233.8088,0.0866,0.5653
2014-11-22T00:36:59.710Z,3.6939,18.4443,229.6505,0.0803,0.1994,-2.841,14.943,231.6102,0.0647,-0.1876,11.5523,20.7998,233.5561,0.0885,0.5561
2014-11-22T00:37:59.964Z,3.957,18.727,230.002,0.0814,0.2104,-2.7397,14.7127,231.7041,0.0643,-0.1852,11.4203,20.5039,232.9853,0.0881,0.5583
2014-11-22T00:38:59.435Z,4.0324,18.7239,230.0191,0.0811,0.2152,-2.9555,15.0189,231.6503,0.0647,-0.1931,11.0934,20.4727,232.9625,0.0874,0.5426
2014-11-22T00:39:59.595Z,4.0961,18.7493,230.0345,0.0816,0.2177,-2.7407,14.5189,231.6215,0.0626,-0.1852,11.3599,20.3999,232.7105,0.0872,0.5591
2014-11-22T00:40:59.747Z,3.901,18.844,230.9994,0.081,0.2062,-3.1184,15.1591,230.9447,0.066,-0.2026,10.9212,20.4286,232.3144,0.0876,0.5345
2014-11-22T00:41:59.091Z,4.1442,18.9696,231.2126,0.0816,0.2176,-2.9468,14.8391,230.2603,0.0647,-0.1946,11.2062,20.5261,233.2576,0.0873,0.5474
2014-11-22T00:42:59.280Z,4.1672,18.9851,231.5803,0.0818,0.2194,-2.908,15.2422,230.3995,0.066,-0.1874,11.3103,20.6076,234.2534,0.0874,0.5513
2014-11-22T00:43:59.453Z,3.8861,18.9026,231.3814,0.0815,0.2047,-2.5322,14.737,230.3671,0.0643,-0.1698,11.3732,20.5123,234.191,0.0872,0.5572
2014-11-22T00:44:59.672Z,4.1421,18.8817,231.0062,0.0813,0.2189,-3.0139,14.9989,230.1285,0.065,-0.1965,11.2713,20.6786,233.903,0.0882,0.5452
2014-11-22T00:45:59.804Z,4.1141,18.9705,230.6132,0.0818,0.2169,-3.0715,14.7183,227.7133,0.065,-0.2035,11.2728,20.3295,234.1989,0.0865,0.5563
2014-11-22T00:46:59.851Z,4.0829,18.9091,229.9339,0.0814,0.2145,-2.8361,14.2707,229.8941,0.0621,-0.195,11.3918,20.0571,233.4923,0.0857,0.569
2014-11-22T00:47:59.996Z,3.8665,18.976,230.2693,0.0815,0.2032,-2.8468,14.7807,231.6705,0.0633,-0.1894,11.296,20.2941,233.5505,0.0861,0.5573
2014-11-22T00:48:59.345Z,3.8676,18.7257,230.586,0.0808,0.2061,-2.7428,15.0553,232.3158,0.0647,-0.1799,11.5428,20.6347,233.29,0.0888,0.5613
2014-11-22T00:49:59.514Z,3.7261,18.6918,229.0381,0.0812,0.1985,-2.9283,15.0623,232.6811,0.065,-0.1905,11.3369,20.7145,233.3693,0.0883,0.5489
2014-11-22T00:50:59.696Z,3.7152,18.5901,228.3992,0.0812,0.1991,-2.9252,15.1386,232.9712,0.0652,-0.1912,11.3803,20.5295,233.1378,0.0869,0.5556
2014-11-22T00:51:59.991Z,3.6762,18.502,228.2587,0.081,0.1977,-2.7976,15.0363,232.8662,0.0647,-0.1838,11.2996,20.5444,233.2111,0.0877,0.5516
2014-11-22T00:52:59.341Z,3.6918,18.4963,228.1014,0.0811,0.1992,-2.7429,15.0969,232.5391,0.0649,-0.1785,11.2719,20.634,233.4206,0.088,0.5473
2014-11-22T00:53:59.719Z,3.6518,18.3813,228.3371,0.0801,0.198,-3.0004,15.2636,232.6572,0.0657,-0.1927,11.2248,20.6503,233.2629,0.0876,0.546
2014-11-22T00:54:59.060Z,3.7134,18.5292,228.9599,0.0808,0.2,-2.9292,15.2897,232.4371,0.0651,-0.1873,11.3977,20.6902,233.2394,0.0885,0.5517
2014-11-22T00:55:59.669Z,4.1011,18.5209,229.1026,0.0812,0.2205,-2.7807,14.9671,232.2233,0.0647,-0.1827,11.2696,20.5022,233.0133,0.088,0.5513
2014-11-22T00:56:59.837Z,3.9676,18.417,229.1504,0.0803,0.2147,-2.8809,15.0321,231.7667,0.0645,-0.1873,11.4381,20.8084,233.1597,0.0895,0.5512
2014-11-22T00:57:59.408Z,4.3718,18.6703,230.0943,0.0811,0.2345,-2.8249,14.6633,231.9596,0.0628,-0.1898,11.5833,20.4626,233.5077,0.0878,0.5664
2014-11-22T00:58:59.110Z,3.8987,18.7068,230.1518,0.0811,0.2078,-2.8849,15.2382,231.7923,0.0659,-0.187,11.3501,20.8595,233.5106,0.0892,0.5457
2014-11-22T00:59:59.262Z,3.9494,18.6174,230.3373,0.0805,0.2116,-2.6811,14.861,232.1028,0.0645,-0.1781,11.5693,20.791,233.6067,0.0891,0.5578
