2014-12-18T00:00:59.117Z,3.9209,43.6313,231.9125,0.188,0.0873,2.1904,33.9574,233.0961,0.1462,0.0725,3.4943,33.2888,231.6699,0.1437,0.1127
2014-12-18T00:01:59.508Z,4.5302,45.606,233.2675,0.1953,0.1001,2.7026,29.2227,231.0149,0.1266,0.0887,3.2425,32.8679,233.0848,0.141,0.1014
2014-12-18T00:02:59.937Z,5.0522,47.2915,233.1115,0.2027,0.1073,2.5005,31.2869,231.1864,0.1347,0.0788,3.3169,33.0988,233.1668,0.1423,0.1063
2014-12-18T00:03:59.306Z,4.9608,47.3443,232.1902,0.204,0.1053,2.447,32.1792,233.1724,0.1373,0.076,3.318,32.0888,232.6609,0.1376,0.1078
2014-12-18T00:04:59.082Z,4.7827,46.5249,232.0421,0.2005,0.1025,2.2549,32.4714,233.3666,0.1392,0.0784,3.6221,34.2877,233.3545,0.1466,0.1067
2014-12-18T00:05:59.536Z,3.8246,46.214,232.2067,0.199,0.0844,2.8254,32.853,233.2792,0.141,0.0851,3.1842,33.3836,232.9077,0.1433,0.1005
2014-12-18T00:06:59.485Z,4.9888,46.0851,231.892,0.1982,0.1102,1.7176,30.5548,232.9227,0.1313,0.0618,3.3026,34.1314,232.396,0.1468,0.1022
2014-12-18T00:07:59.672Z,5.4257,45.5965,231.4489,0.1969,0.1187,1.68,33.984,231.9893,0.1466,0.0553,3.0868,34.1523,232.6291,0.1468,0.0998
2014-12-18T00:08:59.065Z,5.1393,46.4548,231.6408,0.2003,0.1112,2.613,33.1026,232.3226,0.1424,0.0872,3.1399,33.7226,232.9557,0.1449,0.1008
2014-12-18T00:09:59.154Z,4.6514,45.2427,231.7529,0.1954,0.1016,2.3018,32.8256,232.8938,0.1413,0.0749,3.4998,34.3218,233.1305,0.1474,0.1078
2014-12-18T00:10:59.309Z,5.1386,46.4023,231.9419,0.1998,0.1104,2.2997,34.1696,232.4085,0.1473,0.0685,2.9518,33.888,233.5008,0.1453,0.0969
2014-12-18T00:11:59.875Z,4.8487,47.267,232.7367,0.2029,0.102,2.1183,32.605,230.3473,0.1414,0.0693,3.2501,34.4765,233.1761,0.148,0.0945
2014-12-18T00:12:59.482Z,4.451,45.7296,232.4889,0.1966,0.0969,2.2061,32.4389,232.8318,0.1397,0.0716,3.5592,34.0741,232.4949,0.1461,0.1069
2014-12-18T00:13:59.855Z,4.1435,46.4305,232.9259,0.1997,0.088,2.4733,33.4057,233.6542,0.1426,0.0745,3.3138,33.16,232.8087,0.1424,0.1063
2014-12-18T00:14:59.290Z,4.5312,45.2831,232.7921,0.1949,0.0996,2.178,32.7448,233.7421,0.1397,0.0707,4.1094,33.9083,232.6142,0.1458,0.1233
2014-12-18T00:15:59.814Z,5.2592,47.2212,232.3414,0.2036,0.1103,2.3403,31.842,233.7334,0.136,0.0761,3.5696,33.8374,232.4146,0.1453,0.1078
2014-12-18T00:16:59.083Z,4.5155,46.5974,230.894,0.202,0.0971,2.5926,33.4872,233.3548,0.1436,0.0773,3.3908,32.781,232.053,0.1411,0.1076
2014-12-18T00:17:59.594Z,5.2664,45.7104,231.9625,0.1974,0.115,2.4936,31.0548,232.431,0.1337,0.0816,3.3207,34.5013,231.8353,0.1491,0.1027
2014-12-18T00:18:59.980Z,4.9972,46.7142,232.2655,0.2009,0.108,2.422,30.1691,232.2541,0.1299,0.0815,2.909,34.1813,232.1926,0.1468,0.0887
2014-12-18T00:19:59.271Z,5.5937,47.1616,232.6761,0.2026,0.1188,2.4864,32.1584,232.2548,0.1388,0.083,3.5624,33.9665,232.1594,0.1463,0.1137
2014-12-18T00:20:59.577Z,5.4046,46.1937,232.6799,0.1986,0.1182,2.3321,32.2072,231.0175,0.1391,0.0718,3.5521,32.9822,231.6983,0.1425,0.1112
2014-12-18T00:21:59.937Z,4.5798,46.0366,232.9923,0.1977,0.1009,2.3396,29.3287,228.8214,0.1281,0.0741,3.3415,33.1713,232.3086,0.1427,0.1001
2014-12-18T00:22:59.358Z,4.171,44.2423,233.0711,0.1893,0.0931,2.7466,32.094,229.4349,0.1408,0.087,3.5973,32.8743,231.8729,0.1413,0.1172
2014-12-18T00:23:59.028Z,4.8857,45.2196,233.1724,0.1945,0.1076,2.7107,29.7689,232.0025,0.1286,0.0958,3.3335,33.6155,230.9136,0.1455,0.099
2014-12-18T00:24:59.298Z,4.8113,46.5303,232.961,0.1997,0.1029,2.553,29.79,231.8645,0.1296,0.0919,3.421,31.7873,230.5692,0.1385,0.1081
2014-12-18T00:25:59.513Z,5.3409,46.5186,232.6581,0.1997,0.1148,2.4379,32.1951,231.5712,0.1385,0.0844,3.5369,32.2148,230.1173,0.1404,0.1147
2014-12-18T00:26:59.272Z,5.0173,45.5376,231.9666,0.1968,0.1089,2.1992,32.064,230.944,0.1385,0.0641,3.4285,32.5462,229.4869,0.142,0.1111
2014-12-18T00:27:59.604Z,4.6941,46.6643,232.7142,0.2,0.1009,2.4554,31.6423,230.6005,0.1371,0.0757,3.3707,33.557,229.512,0.1466,0.0977
2014-12-18T00:28:59.770Z,5.0153,47.1166,233.0191,0.2026,0.1068,2.3358,31.8559,231.359,0.1373,0.0759,3.1734,31.803,229.9304,0.1381,0.1078
2014-12-18T00:29:59.055Z,5.4872,46.6237,232.8617,0.2002,0.1156,2.0273,30.3622,229.7694,0.132,0.068,3.2809,32.1582,231.0151,0.1389,0.1082
2014-12-18T00:30:59.761Z,4.902,46.737,231.772,0.2012,0.1057,2.4557,30.1013,230.4035,0.1309,0.0805,2.9986,32.7807,232.5087,0.1404,0.0925
2014-12-18T00:31:59.004Z,4.1619,44.2838,231.551,0.1909,0.0927,2.3463,33.324,231.8323,0.1437,0.0728,3.6111,33.9113,232.0139,0.1456,0.1117
2014-12-18T00:32:59.175Z,4.1143,46.0637,231.0847,0.1993,0.0898,2.399,31.888,231.5335,0.1378,0.084,2.846,33.4145,231.8375,0.1443,0.0907
2014-12-18T00:33:59.386Z,5.3568,45.9334,231.3766,0.1984,0.1171,2.27,30.4827,232.2174,0.1308,0.074,3.848,32.3458,231.8191,0.1396,0.1192
2014-12-18T00:34:59.590Z,4.6918,46.1143,231.6163,0.1995,0.1015,2.37,31.9327,232.0171,0.1374,0.0808,3.3695,33.7815,231.9014,0.1455,0.1009
2014-12-18T00:35:59.349Z,4.682,46.2773,231.0646,0.2002,0.1016,2.6974,34.0685,231.5849,0.1467,0.0795,3.1226,31.4271,231.3237,0.1354,0.1037
2014-12-18T00:36:59.014Z,5.021,46.7101,230.4601,0.2031,0.11,2.3034,31.8602,231.1582,0.1377,0.0767,3.1008,32.9547,231.0079,0.1424,0.0949
2014-12-18T00:37:59.318Z,5.0041,44.976,229.246,0.1957,0.1104,2.6202,31.3625,230.8732,0.1359,0.0811,3.1584,32.7803,231.3039,0.1421,0.1032
2014-12-18T00:38:59.519Z,5.3792,46.533,229.8753,0.2024,0.1146,2.3004,26.8226,228.8882,0.1173,0.0891,2.8618,30.8173,232.1051,0.1324,0.0987
2014-12-18T00:39:59.749Z,4.6813,46.5563,231.7696,0.2002,0.0987,2.2569,30.2004,230.6326,0.1311,0.0736,3.2177,31.8809,232.3068,0.1373,0.1041
2014-12-18T00:40:59.143Z,3.4648,46.0829,232.111,0.1987,0.077,2.6166,32.0016,232.3696,0.1374,0.0793,3.5461,34.3684,231.9418,0.1481,0.1059
2014-12-18T00:41:59.709Z,4.529,47.0314,232.1827,0.2027,0.0968,2.5257,32.9858,232.4917,0.142,0.0768,3.683,31.8036,232.1015,0.137,0.116
2014-12-18T00:42:59.367Z,4.9623,46.5501,232.7696,0.2002,0.1059,2.3549,31.3741,233.0114,0.1347,0.0833,3.0784,35.6113,232.5717,0.1532,0.0941
2014-12-18T00:43:59.567Z,5.2358,46.2345,232.3489,0.1991,0.1115,2.5868,29.9739,232.8043,0.1287,0.0893,3.2021,33.6835,232.3571,0.1449,0.0978
2014-12-18T00:44:59.998Z,4.5946,46.7102,232.4255,0.2009,0.0999,2.353,31.9654,232.627,0.1374,0.0785,3.2335,33.034,232.2247,0.1427,0.0984
2014-12-18T00:45:59.495Z,3.8659,46.1273,232.079,0.1983,0.0824,2.4406,33.2363,232.2329,0.1428,0.0789,3.7221,34.3433,231.86,0.1486,0.1168
2014-12-18T00:46:59.309Z,5.3003,46.2045,231.9441,0.1998,0.113,2.6521,33.5203,232.0782,0.1446,0.0818,3.2109,33.4123,231.6747,0.1451,0.0979
2014-12-18T00:47:59.700Z,4.9777,46.3673,231.0258,0.2003,0.1077,2.6312,32.4124,231.4109,0.1397,0.0834,3.3604,34.789,232.0358,0.1498,0.1031
2014-12-18T00:48:59.498Z,4.4045,45.9053,230.9584,0.1986,0.0964,2.436,32.4713,231.5134,0.1399,0.0781,3.0686,31.6378,232.1379,0.1359,0.097
2014-12-18T00:49:59.966Z,4.4883,46.0015,231.0014,0.1992,0.0967,2.4739,33.6296,232.1645,0.1442,0.0801,3.4422,32.8103,232.2148,0.1411,0.1055
2014-12-18T00:50:59.351Z,4.0661,45.8187,230.8867,0.1989,0.0863,2.3497,32.7356,232.0246,0.1409,0.0751,3.3496,33.6762,232.1929,0.1448,0.105
2014-12-18T00:51:59.254Z,4.5138,46.1785,230.7652,0.2001,0.0977,2.0513,30.6626,231.386,0.1326,0.0688,3.8192,33.7288,232.6973,0.1441,0.1133
2014-12-18T00:52:59.580Z,5.0952,47.4447,232.2149,0.2044,0.1073,1.678,33.0613,228.7051,0.1445,0.0535,3.2285,32.6844,233.7837,0.14,0.1012
2014-12-18T00:53:59.893Z,4.5838,46.7717,231.8482,0.2016,0.1005,2.0326,34.1007,231.5493,0.1475,0.062,3.702,32.722,232.1248,0.1407,0.1189
2014-12-18T00:54:59.221Z,4.3401,45.8429,232.5089,0.1973,0.0941,2.7627,30.8246,232.1052,0.1326,0.0907,2.9716,32.2759,230.3076,0.1402,0.0989
2014-12-18T00:55:59.881Z,4.8808,46.509,232.4429,0.2003,0.1013,2.3636,32.6952,232.191,0.1402,0.078,3.257,31.736,229.8904,0.1379,0.1044
2014-12-18T00:56:59.180Z,4.3866,46.5698,232.1363,0.2003,0.095,2.6323,32.8347,231.8966,0.1414,0.08,3.2577,33.5532,230.3648,0.1458,0.0998
2014-12-18T00:57:59.450Z,5.0814,45.9529,232.0054,0.1976,0.1104,1.8732,31.0804,231.248,0.1342,0.0673,2.9962,33.4516,229.9095,0.1459,0.0939
2014-12-18T00:58:59.617Z,4.1448,45.7821,232.0896,0.1971,0.0906,2.4667,31.6022,231.3565,0.1366,0.0762,3.5251,32.9248,230.0539,0.1434,0.1108
2014-12-18T00:59:59.858Z,4.7671,45.891,232.751,0.1972,0.1065,1.9104,30.1916,231.7358,0.1306,0.0634,4.048,34.1469,231.257,0.1474,0.122
2014-12-18T01:00:59.204Z,5.246,44.7633,232.9823,0.1926,0.1176,2.5142,30.0447,231.7413,0.1299,0.0891,4.1054,33.4522,231.2584,0.1446,0.1247
2014-12-18T01:01:59.545Z,5.1908,45.7248,233.05,0.1959,0.1148,2.6633,30.665,231.9389,0.1324,0.0883,3.829,32.1473,231.3776,0.1389,0.1264
2014-12-18T01:02:59.793Z,4.808,46.0151,233.124,0.1977,0.1026,2.0186,32.0523,232.2631,0.138,0.0597,3.7305,32.6537,231.557,0.1407,0.1175
2014-12-18T01:03:59.278Z,3.7186,45.7448,232.1919,0.1974,0.0817,2.8429,31.7333,232.6002,0.1366,0.0858,3.5279,33.2229,231.6022,0.1438,0.1078
2014-12-18T01:04:59.782Z,5.046,46.544,231.8597,0.2007,0.1082,2.8953,31.3088,232.4902,0.1354,0.0912,3.3823,32.8583,231.2088,0.1423,0.1086
2014-12-18T01:05:59.091Z,4.4525,46.8921,231.9574,0.2027,0.0967,2.2243,29.3626,232.1809,0.1262,0.0809,3.1926,33.9709,231.2201,0.1471,0.0971
2014-12-18T01:06:59.683Z,5.5951,46.5488,232.3198,0.201,0.1189,2.2333,30.9945,231.8474,0.1341,0.0729,3.5192,32.1359,230.674,0.1397,0.111
2014-12-18T01:07:59.537Z,5.1858,45.8445,231.714,0.1977,0.1123,2.1231,33.4463,231.5593,0.1441,0.0692,3.5758,31.8809,229.2978,0.1385,0.1151
2014-12-18T01:08:59.895Z,4.8349,46.3399,231.634,0.1999,0.1047,2.8298,34.4235,231.4908,0.149,0.0824,3.5662,32.8167,229.4684,0.1427,0.1103
2014-12-18T01:09:59.408Z,4.4562,46.7581,232.1633,0.2017,0.0966,2.7406,30.8057,231.8834,0.1323,0.0909,3.1517,34.9067,230.8602,0.1511,0.0924
2014-12-18T01:10:59.971Z,5.0525,47.1362,231.8714,0.203,0.1084,2.2497,30.7123,231.7553,0.1321,0.0786,3.0426,31.6774,230.455,0.1375,0.095
2014-12-18T01:11:59.364Z,4.1591,45.2918,231.4796,0.1953,0.0916,2.1888,32.5256,231.8976,0.1403,0.0726,3.2728,33.2746,229.6644,0.1453,0.1039
2014-12-18T01:12:59.350Z,3.8119,46.1758,231.6081,0.1995,0.0816,2.6754,32.0742,231.9807,0.1379,0.0838,2.9165,34.2196,230.1908,0.1486,0.0946
2014-12-18T01:13:59.579Z,4.9292,45.9103,231.9099,0.1981,0.1069,2.2254,32.1846,231.5599,0.1395,0.0767,3.9963,32.7234,230.4449,0.1422,0.1241
2014-12-18T01:14:59.994Z,4.8621,46.6027,231.3776,0.2012,0.1028,2.026,32.3712,229.3078,0.1417,0.0672,3.5787,33.4612,230.5686,0.1453,0.1107
2014-12-18T01:15:59.065Z,4.8884,46.5692,231.2452,0.2018,0.104,2.4427,30.5236,228.3561,0.1337,0.0808,3.442,33.3781,232.0852,0.144,0.1053
2014-12-18T01:16:59.389Z,4.1521,45.1766,231.0388,0.196,0.0924,2.3389,33.7255,230.3808,0.1467,0.0733,3.2922,33.8734,231.2279,0.1465,0.1013
2014-12-18T01:17:59.798Z,4.9453,46.4103,230.933,0.2012,0.1046,2.0185,33.5121,229.4491,0.1457,0.0652,3.3444,33.5989,230.7108,0.1453,0.1023
2014-12-18T01:18:59.031Z,5.3658,46.6112,231.7874,0.2014,0.1144,1.9826,32.7243,229.7609,0.1423,0.0654,3.645,33.3706,230.5439,0.1449,0.1096
2014-12-18T01:19:59.356Z,4.5248,45.9805,232.5444,0.1971,0.098,2.3927,31.7223,232.1829,0.1369,0.0763,3.1464,32.217,231.508,0.1396,0.1004
2014-12-18T01:20:59.925Z,4.7365,45.9249,232.0605,0.1978,0.1015,2.0326,32.344,232.2209,0.1395,0.0717,3.3187,32.0048,231.307,0.1384,0.11
2014-12-18T01:21:59.294Z,5.1943,46.4003,232.4261,0.1999,0.1133,2.2444,31.0221,231.9257,0.1341,0.082,3.5749,33.5287,231.6952,0.1449,0.1109
2014-12-18T01:22:59.567Z,4.9747,45.5899,231.9891,0.1963,0.1084,1.9434,31.1168,231.6092,0.1343,0.0671,3.2608,34.1342,231.1543,0.1475,0.0987
2014-12-18T01:23:59.931Z,4.3773,45.8168,231.7293,0.1976,0.0946,2.4805,30.9948,231.3165,0.1343,0.0789,2.9972,33.5535,230.9042,0.1451,0.0928
2014-12-18T01:24:59.281Z,3.4312,45.3229,231.7643,0.1956,0.0744,2.3113,31.5133,231.4194,0.136,0.0744,3.6976,31.8692,230.7744,0.1381,0.1242
2014-12-18T01:25:59.216Z,4.8396,45.869,230.8692,0.199,0.1049,2.5352,32.3058,231.204,0.1395,0.084,3.0465,33.0282,231.1358,0.1426,0.0993
2014-12-18T01:26:59.517Z,5.1425,46.1804,230.7188,0.2007,0.112,2.1993,30.8919,230.8335,0.1342,0.0747,3.2778,33.849,231.1559,0.1457,0.0997
2014-12-18T01:27:59.242Z,5.0254,45.8925,230.7188,0.1992,0.1091,2.6065,31.7784,229.8629,0.1382,0.0857,3.4677,32.0165,230.1788,0.139,0.1118
2014-12-18T01:28:59.661Z,3.9702,46.2792,230.7255,0.2004,0.0871,2.3716,33.639,229.8178,0.1462,0.077,3.4242,32.1382,229.9777,0.1393,0.1056
2014-12-18T01:29:59.321Z,5.1379,46.8291,231.0333,0.2031,0.1085,2.2614,33.112,231.4675,0.1433,0.0736,3.6492,33.4887,231.142,0.1451,0.1057
2014-12-18T01:30:59.035Z,5.0637,46.2052,231.1584,0.1999,0.1097,2.7261,33.3722,229.1927,0.1452,0.0807,2.9829,34.0518,231.7679,0.1467,0.0924
2014-12-18T01:31:59.803Z,4.8593,45.8059,231.212,0.1985,0.1037,2.4087,31.7411,228.8765,0.1382,0.082,3.2037,34.1735,232.0366,0.1473,0.0968
2014-12-18T01:32:59.588Z,4.2333,46.4666,231.4829,0.2004,0.0901,2.6951,33.7852,230.2456,0.1473,0.0821,2.9541,32.3038,231.7291,0.1396,0.093
2014-12-18T01:33:59.631Z,4.7075,45.309,231.2362,0.1959,0.1012,2.529,33.8622,231.9996,0.146,0.0763,3.38,32.8922,231.2533,0.1418,0.11
2014-12-18T01:34:59.870Z,4.9729,46.5598,231.2298,0.201,0.1082,2.5155,30.8898,231.5408,0.1333,0.082,3.5105,33.4984,231.358,0.1447,0.1053
2014-12-18T01:35:59.199Z,4.9911,45.815,229.6643,0.1998,0.1074,2.6944,34.2621,230.9846,0.1482,0.079,3.5303,33.4173,230.9058,0.1454,0.1099
2014-12-18T01:36:59.521Z,4.7135,45.4036,229.3218,0.1979,0.1038,2.2499,31.1747,230.3731,0.1353,0.0801,3.6391,32.1212,230.5776,0.1393,0.1142
2014-12-18T01:37:59.602Z,4.5138,45.2238,228.5726,0.198,0.0998,2.6376,32.0262,229.6999,0.139,0.0797,3.4197,32.6887,230.6202,0.1418,0.11
2014-12-18T01:38:59.964Z,4.9316,45.3407,228.9257,0.1976,0.108,2.1236,32.4164,230.1621,0.1408,0.0729,3.1654,34.2466,231.1792,0.1483,0.0963
2014-12-18T01:39:59.688Z,5.3424,45.9021,230.4012,0.1992,0.1171,2.3066,33.1489,231.7304,0.1424,0.0732,3.0561,33.3507,231.4817,0.1441,0.0957
2014-12-18T01:40:59.043Z,4.2796,46.5538,231.2994,0.2013,0.0912,2.6354,31.715,231.1858,0.1373,0.0849,3.2273,33.3692,231.2482,0.1446,0.1032
2014-12-18T01:41:59.559Z,3.9271,45.1043,231.0513,0.195,0.0861,2.3098,33.3226,230.8326,0.1443,0.0708,3.3776,34.8832,230.933,0.1511,0.1032
2014-12-18T01:42:59.879Z,5.2976,46.1413,231.8035,0.1993,0.1175,2.5484,31.9816,231.0629,0.1383,0.0848,3.5102,33.5422,231.3426,0.1453,0.1105
2014-12-18T01:43:59.591Z,4.513,46.62,231.1007,0.202,0.0982,2.4804,31.5314,230.9754,0.1361,0.0814,3.4861,34.2206,230.9527,0.1481,0.1006
2014-12-18T01:44:59.038Z,5.0908,46.3388,230.9124,0.2008,0.1108,2.4478,32.7366,230.916,0.1413,0.0737,3.4578,32.6159,230.8813,0.1412,0.111
2014-12-18T01:45:59.319Z,3.894,45.634,231.2074,0.1973,0.0846,2.4698,32.3087,230.6697,0.14,0.0773,3.4872,32.3909,230.6799,0.1404,0.1178
2014-12-18T01:46:59.795Z,4.8408,46.0575,231.1266,0.199,0.1041,2.2143,32.4178,230.3643,0.1405,0.069,3.5587,32.9516,230.124,0.1427,0.1127
2014-12-18T01:47:59.035Z,5.7127,46.4124,230.9871,0.2008,0.1212,2.0149,32.9772,230.031,0.1428,0.0703,3.5273,32.713,230.4223,0.1414,0.1082
2014-12-18T01:48:59.319Z,5.0113,45.3774,230.7813,0.197,0.1089,2.9383,32.0235,229.594,0.1398,0.0912,3.1455,34.4741,231.2996,0.149,0.0947
2014-12-18T01:49:59.209Z,4.4692,46.8178,232.3091,0.2014,0.0949,2.5074,34.0906,231.9587,0.1469,0.0734,3.1767,32.9234,231.1762,0.1419,0.0989
2014-12-18T01:50:59.494Z,4.003,45.692,232.4426,0.1973,0.0867,2.4567,31.2746,232.3001,0.1347,0.0792,3.3514,33.207,231.2884,0.1437,0.1042
2014-12-18T01:51:59.107Z,4.5639,45.104,231.1923,0.1952,0.101,2.3316,33.2371,231.9351,0.1437,0.0727,3.6977,35.3361,230.6784,0.1534,0.1077
2014-12-18T01:52:59.468Z,5.3754,45.6937,230.3474,0.1986,0.1178,2.3495,31.0263,231.4676,0.134,0.075,3.0576,33.227,230.1422,0.1443,0.0993
2014-12-18T01:53:59.117Z,4.9811,45.8767,229.9281,0.1997,0.11,2.6357,33.0696,230.6233,0.1431,0.0826,3.4187,32.2958,230.2806,0.14,0.1064
2014-12-18T01:54:59.829Z,4.4028,46.7388,230.2129,0.2032,0.0942,2.6045,34.5157,230.8814,0.1496,0.0717,3.1752,32.356,231.3645,0.1401,0.1022
2014-12-18T01:55:59.359Z,4.0331,45.249,231.6049,0.195,0.0896,2.3842,32.4279,230.3538,0.1407,0.0744,3.3937,33.9473,231.8312,0.1466,0.1034
2014-12-18T01:56:59.968Z,5.1422,46.2811,230.9422,0.2003,0.1105,2.3253,27.6449,227.4188,0.122,0.0817,2.9475,30.1679,231.4891,0.1307,0.0987
2014-12-18T01:57:59.213Z,5.3379,45.3186,230.2701,0.1971,0.1174,2.0548,30.747,227.378,0.135,0.0677,3.4224,31.5652,230.5246,0.137,0.1172
2014-12-18T01:58:59.143Z,5.0505,44.87,230.481,0.1946,0.1138,2.2016,32.0411,230.6902,0.1391,0.0729,3.6037,33.2636,230.4054,0.1444,0.1192
2014-12-18T01:59:59.508Z,4.342,44.6597,230.8601,0.1933,0.0966,1.9104,30.416,231.3195,0.1313,0.0655,3.5284,33.3487,231.1193,0.1436,0.1081
2014-12-18T02:00:59.049Z,4.8134,44.4003,231.7016,0.1919,0.1112,3.0139,32.3149,232.06,0.1389,0.0928,2.7974,32.9682,231.4497,0.1424,0.0932
2014-12-18T02:01:59.240Z,4.582,46.0568,231.9098,0.1983,0.1009,2.3396,29.3103,232.0875,0.1265,0.0765,3.1267,33.4464,232.0898,0.1439,0.0992
2014-12-18T02:02:59.693Z,5.3054,46.0958,231.5358,0.1993,0.1147,2.2081,32.0265,231.6415,0.1387,0.0709,3.9851,34.1468,231.8837,0.1476,0.1255
2014-12-18T02:03:59.223Z,4.7033,46.515,232.0226,0.2,0.0994,2.3066,31.0003,231.9598,0.1336,0.0788,3.5744,34.1573,232.1717,0.147,0.1052
2014-12-18T02:04:59.515Z,4.3307,44.859,231.3328,0.1932,0.0963,2.95,32.5987,232.061,0.1408,0.0904,3.7701,34.7759,231.5972,0.1501,0.1103
2014-12-18T02:05:59.557Z,4.4527,46.0021,231.3238,0.1987,0.0973,2.0219,34.4021,231.407,0.1488,0.0652,2.8606,33.1769,231.2597,0.144,0.0959
2014-12-18T02:06:59.856Z,5.1589,46.2189,231.6205,0.1996,0.1113,2.5786,32.8866,231.4148,0.1424,0.0808,3.7315,33.8407,230.427,0.1465,0.1098
2014-12-18T02:07:59.140Z,4.9996,47.1007,231.4616,0.2033,0.1068,2.7372,33.3871,232.11,0.144,0.0861,3.4192,31.9211,226.8542,0.1402,0.1092
2014-12-18T02:08:59.387Z,4.6838,45.5036,231.7677,0.1965,0.1016,2.0524,33.8712,231.9629,0.1457,0.0636,4.1809,33.1298,230.823,0.1435,0.1257
2014-12-18T02:09:59.714Z,4.7115,45.986,232.004,0.1982,0.1019,2.9627,32.7019,231.737,0.1414,0.0884,2.7371,34.3505,231.5784,0.1482,0.0852
2014-12-18T02:11:59.355Z,4.9475,45.8546,231.1035,0.1986,0.1067,2.5682,32.5624,231.5807,0.1404,0.0807,65.1862,76.8339,231.1303,0.3327,0.7454
2014-12-18T02:12:59.847Z,4.2859,44.9391,231.496,0.1941,0.0952,2.1272,32.1001,232.3605,0.138,0.0695,81.6965,88.6627,230.8502,0.384,0.9232
2014-12-18T02:13:59.171Z,4.1523,45.7717,231.4736,0.1977,0.0902,2.3121,32.2613,232.1198,0.139,0.0753,81.973,88.1278,231.1933,0.3811,0.931
2014-12-18T02:14:59.046Z,5.2023,46.1953,232.2177,0.1993,0.1121,2.7922,31.3167,231.8655,0.1357,0.0924,81.857,88.7416,231.0384,0.384,0.9234
2014-12-18T02:15:59.386Z,5.552,45.673,232.1022,0.1967,0.1211,2.5318,32.9369,230.9798,0.1423,0.0758,81.5082,87.9721,230.6369,0.3809,0.9279
2014-12-18T02:16:59.516Z,5.142,47.0977,232.2615,0.2029,0.1075,2.8308,30.9959,230.826,0.1345,0.092,82.143,88.3787,231.0497,0.383,0.93
2014-12-18T02:17:59.888Z,4.4396,46.0834,232.7476,0.1979,0.0953,2.1957,30.9033,230.1259,0.1339,0.0733,81.477,88.2865,230.6397,0.3832,0.9245
2014-12-18T02:18:59.907Z,5.0144,45.6032,232.5295,0.196,0.1088,2.5974,34.3621,231.4293,0.1484,0.0746,81.9908,88.846,231.4486,0.3836,0.9243
2014-12-18T02:19:59.278Z,4.689,47.139,232.4987,0.2022,0.0991,2.4861,31.7178,231.573,0.1368,0.0827,82.0758,88.9937,231.679,0.3842,0.924
2014-12-18T02:20:59.863Z,4.7201,46.1485,231.8967,0.1992,0.1032,1.9804,29.2866,231.1402,0.1259,0.073,82.1015,87.6844,231.3082,0.3793,0.9379
2014-12-18T02:21:59.306Z,4.1441,45.5023,232.4297,0.1954,0.09,2.5034,32.2998,231.4237,0.139,0.0789,82.3361,88.5762,231.3751,0.3822,0.9302
2014-12-18T02:22:59.176Z,4.3129,45.3665,232.0534,0.1953,0.097,2.2664,30.3499,231.266,0.1314,0.0734,81.86,88.6001,231.3114,0.3833,0.9254
2014-12-18T02:23:59.706Z,5.4834,45.8029,232.079,0.1976,0.12,2.2387,33.521,231.6758,0.1452,0.0691,82.2314,89.2129,231.3709,0.385,0.9234
2014-12-18T02:24:59.855Z,5.5415,45.9258,232.0199,0.1978,0.1204,2.5846,30.5719,231.616,0.1321,0.0877,82.6055,88.5352,231.4902,0.3825,0.9336
2014-12-18T02:25:59.120Z,4.8523,45.4794,231.7034,0.1961,0.1073,2.3999,31.5792,231.2551,0.137,0.0799,82.0379,89.3979,231.2126,0.3864,0.919
2014-12-18T02:26:59.281Z,3.7241,45.6182,231.722,0.1971,0.0814,2.5854,30.8502,230.9544,0.1337,0.0875,81.8132,88.6115,231.2637,0.3827,0.9244
2014-12-18T02:27:59.478Z,5.0586,45.9223,232.3196,0.1974,0.108,2.2947,30.493,229.8752,0.1331,0.0779,81.6126,88.5748,230.8069,0.3841,0.9229
2014-12-18T02:28:59.798Z,4.4793,46.322,232.0118,0.1998,0.0975,2.6077,31.9382,231.2847,0.1379,0.0835,82.421,89.5838,231.5725,0.3865,0.9212
2014-12-18T02:29:59.691Z,4.9676,45.1782,230.9321,0.1963,0.1098,2.4728,31.6331,231.8994,0.1363,0.0779,82.1062,88.6621,231.8198,0.3821,0.9271
2014-12-18T02:30:59.319Z,4.0749,45.5297,230.6377,0.1971,0.0888,2.6793,33.2495,231.8418,0.1437,0.0804,82.5941,88.7642,231.4855,0.3833,0.9313
2014-12-18T02:31:59.202Z,3.7629,45.6853,230.8417,0.198,0.0828,2.4479,33.415,232.07,0.1438,0.0714,82.0627,89.0269,231.26,0.3853,0.9233
2014-12-18T02:32:59.426Z,5.0261,45.9807,231.3153,0.199,0.1097,2.5416,30.3391,231.9263,0.1312,0.0868,81.8564,87.6273,230.97,0.3789,0.9342
2014-12-18T02:33:59.568Z,4.6789,46.5133,231.6877,0.2011,0.1002,2.5832,31.2985,231.9813,0.1348,0.0855,81.7313,88.9829,230.9721,0.3853,0.9197
2014-12-18T02:34:59.386Z,4.8057,47.1898,231.7186,0.2046,0.0991,2.6287,32.2444,231.586,0.1387,0.0826,81.8041,88.1142,231.0288,0.3817,0.9298
2014-12-18T02:35:59.815Z,4.7198,45.2301,231.8699,0.1954,0.1016,2.5526,30.4437,231.7737,0.1314,0.0857,82.5763,89.0891,231.3477,0.3845,0.9277
2014-12-18T02:36:59.096Z,4.6113,45.9586,231.1419,0.1987,0.1003,2.6101,33.5908,231.4688,0.1448,0.0798,81.7999,88.7983,231.5899,0.3836,0.923
2014-12-18T02:37:59.401Z,4.9225,46.8416,231.6118,0.2024,0.1057,2.4,32.1587,231.309,0.1393,0.0759,81.6013,88.8216,231.2819,0.3836,0.9193
2014-12-18T02:38:59.822Z,4.5616,45.9608,232.2675,0.198,0.0999,2.5817,32.5465,232.2663,0.1404,0.0786,81.8177,88.2012,230.849,0.3816,0.9284
2014-12-18T02:39:59.144Z,5.266,46.8071,231.8855,0.2019,0.1133,2.4698,32.3328,231.8263,0.1393,0.0816,82.2061,88.8298,231.0336,0.3847,0.9267
2014-12-18T02:40:59.411Z,5.2036,46.3491,232.1903,0.1996,0.1103,2.5197,31.455,231.6647,0.1354,0.0815,81.9357,88.9917,231.1051,0.3851,0.9225
2014-12-18T02:41:59.977Z,5.2254,46.2252,231.875,0.1999,0.1128,2.0777,31.4279,231.45,0.1361,0.0693,81.2807,87.676,231.0299,0.3792,0.9283
2014-12-18T02:42:59.161Z,5.1207,47.0054,232.3908,0.2018,0.1093,2.8594,33.9783,231.4366,0.1467,0.082,81.764,88.6771,230.9496,0.3836,0.9235
2014-12-18T02:43:59.386Z,4.7391,46.3167,232.8437,0.199,0.1013,1.8993,30.6695,231.7418,0.1326,0.0649,82.1608,88.4027,230.9775,0.3831,0.9304
2014-12-18T02:45:59.554Z,4.6671,46.0087,232.5252,0.1978,0.1012,2.6573,30.7188,231.4193,0.1325,0.0873,81.4858,88.0043,230.5673,0.3815,0.9266
2014-12-18T02:46:59.965Z,3.9177,46.3698,231.7338,0.2005,0.0852,2.5939,33.5561,230.7534,0.1453,0.0824,81.2179,87.4087,230.1629,0.3796,0.9301
2014-12-18T02:47:59.788Z,4.6352,46.2852,231.78,0.1991,0.1013,2.8031,29.9131,230.7849,0.1297,0.1005,81.8555,88.6284,231.7169,0.3826,0.9248
2014-12-18T02:48:59.020Z,5.3307,45.9212,232.995,0.1971,0.1154,2.3494,32.5137,232.0528,0.1402,0.0713,82.7108,89.6613,231.7306,0.3868,0.9239
2014-12-18T02:49:59.622Z,4.8303,46.826,232.7111,0.2012,0.1045,2.4738,32.3595,231.8012,0.1395,0.0784,81.6895,87.9973,230.8955,0.3809,0.9293
2014-12-18T02:50:59.394Z,4.6585,46.8799,232.7071,0.201,0.1002,2.5723,32.0196,232.0698,0.138,0.0799,82.791,89.4918,231.7465,0.3863,0.9259
2014-12-18T02:51:59.680Z,5.2124,46.2314,232.1479,0.1992,0.1124,2.9821,31.6702,232.36,0.1367,0.0913,82.8255,89.239,232.1643,0.3847,0.9296
2014-12-18T02:52:59.910Z,5.6822,45.5867,231.4658,0.1974,0.1238,2.3952,30.4916,232.6058,0.1314,0.0818,82.7318,88.9045,231.9314,0.3834,0.932
2014-12-18T02:53:59.692Z,5.0959,45.5856,231.4628,0.1967,0.1119,2.244,32.3086,231.4066,0.1399,0.0688,82.6178,89.3401,232.0658,0.3856,0.9261
2014-12-18T02:54:59.549Z,5.0681,45.4702,231.5859,0.1959,0.1099,2.3297,30.8059,231.5816,0.1333,0.0734,82.4954,88.7838,232.2334,0.3818,0.9308
2014-12-18T02:55:59.027Z,4.7082,46.0147,232.573,0.1979,0.1022,2.2996,30.5083,230.3588,0.1322,0.0793,81.4073,87.1482,230.9112,0.3776,0.9347
2014-12-18T02:56:59.354Z,4.7457,45.768,232.5107,0.1968,0.1047,2.3167,31.3854,230.1635,0.1363,0.0762,81.3655,87.803,230.6671,0.3801,0.9276
2014-12-18T02:57:59.755Z,4.0659,45.2101,231.8882,0.1954,0.0901,1.774,30.0277,230.5179,0.1305,0.0667,81.459,87.5478,230.6751,0.3799,0.9322
2014-12-18T02:58:59.975Z,4.0023,45.578,232.931,0.1963,0.0881,2.1682,29.8388,231.0121,0.1286,0.0744,83.1107,89.0403,232.0409,0.3837,0.9341
2014-12-18T02:59:59.931Z,5.0184,45.7401,232.656,0.1962,0.1097,2.4051,30.6058,230.9004,0.1329,0.0775,81.8725,88.3332,231.8002,0.3815,0.9282
