2014-10-13T00:00:59.709Z,0.0372,0.0528,0.5944,0.0859,0.7153,0.0347,0.055,0.6497,0.0844,0.6278,0.0297,0.0481,0.5988,0.0809,0.5897
2014-10-13T00:01:59.081Z,0.0357,0.0529,0.5911,0.0866,0.6971,0.0369,0.0571,0.6666,0.0854,0.6123,0.0297,0.0486,0.5951,0.0797,0.6037
2014-10-13T00:02:59.494Z,0.0369,0.0538,0.5962,0.0869,0.6869,0.0356,0.0574,0.6531,0.0864,0.5931,0.0318,0.0518,0.6067,0.0836,0.5815
2014-10-13T00:03:59.818Z,0.0342,0.05,0.5861,0.0813,0.6994,0.0306,0.0516,0.6255,0.0806,0.5555,0.0294,0.0494,0.611,0.0823,0.5526
2014-10-13T00:04:59.244Z,0.0346,0.0508,0.5876,0.0841,0.6832,0.0324,0.0519,0.6354,0.0808,0.5814,0.0284,0.0465,0.5862,0.0797,0.5827
2014-10-13T00:05:59.718Z,0.0339,0.0519,0.5858,0.0861,0.6619,0.0355,0.0558,0.6381,0.0852,0.6142,0.0277,0.0465,0.5916,0.0771,0.5445
2014-10-13T00:06:59.078Z,0.038,0.0564,0.6036,0.0884,0.7156,0.0348,0.0544,0.6384,0.0828,0.6188,0.03,0.046,0.6032,0.078,0.5984
2014-10-13T00:07:59.431Z,0.0383,0.0569,0.615,0.0869,0.6769,0.0381,0.0581,0.6561,0.0864,0.6114,0.0294,0.0475,0.5947,0.08,0.5978
2014-10-13T00:08:59.805Z,0.0403,0.0572,0.6191,0.0884,0.7228,0.0291,0.0488,0.6169,0.0772,0.5691,0.0253,0.0444,0.5806,0.0756,0.5475
2014-10-13T00:09:59.206Z,0.0388,0.0545,0.607,0.0873,0.7239,0.0358,0.0542,0.6442,0.0815,0.6206,0.0303,0.0473,0.6021,0.0788,0.6067
2014-10-13T00:10:59.705Z,0.0341,0.0526,0.5919,0.0848,0.69,0.0359,0.0548,0.6378,0.0856,0.6211,0.0274,0.0463,0.5807,0.0785,0.5581
2014-10-13T00:11:59.457Z,0.0384,0.0557,0.6024,0.0868,0.7054,0.0338,0.0538,0.6441,0.0841,0.5919,0.0297,0.0492,0.5981,0.0803,0.5676
2014-10-13T00:12:59.737Z,0.0344,0.0526,0.5924,0.0841,0.6832,0.0356,0.0553,0.65,0.0841,0.6094,0.0274,0.0456,0.5915,0.0785,0.5709
2014-10-13T00:13:59.231Z,0.0333,0.052,0.5933,0.0863,0.6627,0.0387,0.0587,0.6607,0.087,0.6153,0.03,0.048,0.5983,0.0807,0.5907
2014-10-13T00:14:59.675Z,0.0389,0.0551,0.6074,0.0874,0.6966,0.0351,0.0557,0.642,0.0849,0.6197,0.0294,0.0471,0.5983,0.08,0.5826
2014-10-13T00:15:59.123Z,0.036,0.0537,0.6034,0.0869,0.6826,0.0291,0.0523,0.638,0.0797,0.5657,0.0297,0.0466,0.5886,0.0794,0.6046
2014-10-13T00:16:59.627Z,0.0331,0.0509,0.5834,0.0841,0.6894,0.0303,0.0491,0.6222,0.0775,0.53,0.0322,0.0519,0.615,0.0813,0.5959
2014-10-13T00:17:59.914Z,0.0403,0.0558,0.6155,0.0881,0.7155,0.0342,0.0535,0.6519,0.0813,0.6016,0.0261,0.0468,0.58,0.0797,0.5465
2014-10-13T00:18:59.247Z,0.0392,0.055,0.6108,0.0871,0.7137,0.0376,0.0574,0.6521,0.0863,0.6263,0.0266,0.0453,0.5821,0.0779,0.5589
2014-10-13T00:19:59.516Z,0.0383,0.0551,0.6117,0.0878,0.6912,0.0385,0.0583,0.6627,0.0859,0.6463,0.032,0.0517,0.6066,0.0834,0.5776
2014-10-13T00:20:59.037Z,0.0423,0.058,0.625,0.09,0.7117,0.0327,0.0533,0.641,0.082,0.6033,0.0313,0.049,0.5953,0.083,0.6123
2014-10-13T00:21:59.417Z,0.0342,0.0521,0.603,0.0845,0.6576,0.037,0.0564,0.6552,0.0864,0.63,0.0291,0.0485,0.6009,0.0797,0.5976
2014-10-13T00:22:59.832Z,0.0406,0.0597,0.6278,0.0894,0.6822,0.0353,0.0572,0.6578,0.0844,0.5761,0.0331,0.0511,0.6128,0.0819,0.6061
2014-10-13T00:23:59.208Z,0.0359,0.0529,0.5941,0.0856,0.6944,0.0374,0.0559,0.6565,0.0859,0.6362,0.0318,0.0509,0.6029,0.0829,0.5938
2014-10-13T00:24:59.387Z,0.0387,0.0558,0.6042,0.0874,0.6765,0.0371,0.0577,0.6629,0.0861,0.6297,0.0252,0.0445,0.5752,0.0781,0.5471
2014-10-13T00:25:59.586Z,0.0402,0.0566,0.6141,0.0878,0.7015,0.0346,0.0559,0.6505,0.0839,0.6027,0.0273,0.0461,0.5851,0.079,0.5705
2014-10-13T00:26:59.590Z,0.0364,0.0546,0.6044,0.0867,0.6803,0.0423,0.061,0.6813,0.0882,0.6459,0.0282,0.0477,0.5992,0.0787,0.5628
2014-10-13T00:27:59.989Z,0.0336,0.0512,0.5816,0.084,0.6908,0.0356,0.0568,0.6612,0.0844,0.6088,0.0276,0.0464,0.5828,0.078,0.5672
2014-10-13T00:28:59.342Z,0.0358,0.0524,0.5964,0.0845,0.6891,0.0318,0.0509,0.6394,0.0779,0.5973,0.0315,0.0512,0.6206,0.0812,0.5967
2014-10-13T00:29:59.231Z,0.037,0.0552,0.6078,0.0863,0.6915,0.0396,0.0589,0.6667,0.0867,0.6237,0.0267,0.0467,0.5867,0.08,0.57
2014-10-13T00:30:59.740Z,0.0369,0.0543,0.5977,0.0871,0.674,0.032,0.0534,0.6454,0.08,0.5797,0.0289,0.0477,0.5909,0.08,0.5857
2014-10-13T00:31:59.876Z,0.0413,0.0572,0.6163,0.0913,0.7159,0.0338,0.0553,0.6506,0.0828,0.5794,0.0344,0.0534,0.6313,0.0834,0.63
2014-10-13T00:32:59.142Z,0.0369,0.0546,0.6027,0.0888,0.6958,0.0315,0.0519,0.6273,0.0812,0.5919,0.0312,0.0488,0.6173,0.08,0.6127
2014-10-13T00:33:59.490Z,0.0368,0.0545,0.602,0.0878,0.6742,0.0335,0.052,0.6413,0.0798,0.6088,0.0303,0.0503,0.6073,0.0823,0.5798
2014-10-13T00:34:59.960Z,0.0394,0.0557,0.6123,0.088,0.7154,0.0383,0.0574,0.664,0.084,0.6397,0.0291,0.0483,0.5966,0.0803,0.5586
2014-10-13T00:35:59.256Z,0.04,0.055,0.61,0.0886,0.7122,0.0375,0.0569,0.6572,0.0858,0.6272,0.03,0.0481,0.5989,0.0806,0.5936
2014-10-13T00:36:59.658Z,0.0385,0.0545,0.5994,0.0894,0.7112,0.0352,0.0552,0.6418,0.0845,0.6227,0.0279,0.0455,0.5894,0.0782,0.5879
2014-10-13T00:38:59.417Z,0.0397,0.0563,0.6139,0.0891,0.7154,0.0339,0.0534,0.651,0.0813,0.5936,0.0293,0.0494,0.6014,0.0804,0.5823
2014-10-13T00:39:59.797Z,0.0368,0.0524,0.5932,0.0872,0.7004,0.034,0.0528,0.6404,0.0812,0.6184,0.0252,0.044,0.5748,0.0768,0.5512
2014-10-13T00:40:59.406Z,0.036,0.0532,0.5936,0.0856,0.6996,0.0332,0.0532,0.628,0.0848,0.602,0.0276,0.0444,0.5832,0.0768,0.5868
2014-10-13T00:41:59.809Z,0.0374,0.0542,0.6032,0.0868,0.6937,0.035,0.0561,0.6605,0.0837,0.5924,0.0308,0.0503,0.5997,0.0811,0.6068
2014-10-13T00:42:59.678Z,0.0384,0.0542,0.6088,0.0872,0.6977,0.0316,0.0521,0.636,0.0798,0.5786,0.0288,0.0481,0.5888,0.0805,0.5867
2014-10-13T00:43:59.201Z,0.0376,0.0541,0.6138,0.0874,0.6982,0.0359,0.0547,0.6468,0.0847,0.6312,0.0276,0.0476,0.5809,0.08,0.5709
2014-10-13T00:44:59.761Z,0.0444,0.0578,0.6196,0.0904,0.7459,0.0333,0.0537,0.6344,0.0826,0.623,0.027,0.047,0.5944,0.0789,0.5537
2014-10-13T00:45:59.437Z,0.0387,0.0536,0.6021,0.0872,0.7179,0.0328,0.0523,0.6341,0.0823,0.5959,0.029,0.049,0.5941,0.0805,0.5723
2014-10-13T00:46:59.816Z,0.0329,0.0502,0.5861,0.0844,0.6702,0.0363,0.0566,0.6588,0.0841,0.6054,0.0276,0.0483,0.5912,0.079,0.572
2014-10-13T00:47:59.155Z,0.0377,0.0562,0.611,0.0882,0.6567,0.0364,0.0559,0.6567,0.0831,0.6477,0.0315,0.0508,0.6103,0.0831,0.6013
2014-10-13T00:48:59.529Z,0.0375,0.0528,0.5987,0.0875,0.6978,0.0359,0.0541,0.6422,0.0831,0.64,0.03,0.0488,0.6,0.0797,0.6016
2014-10-13T00:49:59.949Z,0.0374,0.053,0.5972,0.0866,0.7085,0.0389,0.0574,0.6577,0.086,0.6451,0.0302,0.0498,0.6036,0.0811,0.6015
2014-10-13T00:50:59.234Z,0.0379,0.0548,0.609,0.0867,0.6998,0.0369,0.0569,0.6605,0.0843,0.5921,0.0295,0.0493,0.5886,0.0821,0.5669
2014-10-13T00:51:59.545Z,0.0406,0.0581,0.6223,0.0887,0.7306,0.0371,0.0555,0.661,0.0832,0.6132,0.0277,0.0474,0.5952,0.0781,0.5719
2014-10-13T00:52:59.835Z,0.0364,0.0532,0.6011,0.0875,0.7071,0.0361,0.0546,0.65,0.0825,0.6336,0.0271,0.0482,0.5936,0.0786,0.5446
2014-10-13T00:53:59.436Z,0.0347,0.0518,0.5953,0.0835,0.6712,0.0382,0.0585,0.6679,0.0856,0.6262,0.0288,0.0497,0.5976,0.0815,0.5691
2014-10-13T00:54:59.983Z,0.0368,0.0543,0.608,0.0867,0.6825,0.0358,0.056,0.6623,0.084,0.5928,0.0293,0.048,0.605,0.0797,0.6002
2014-10-13T00:55:59.509Z,0.0314,0.0483,0.5741,0.081,0.6672,0.0379,0.0576,0.661,0.0866,0.6086,0.0338,0.0528,0.6303,0.0824,0.5966
2014-10-13T00:56:59.914Z,0.0376,0.0533,0.6003,0.0873,0.7024,0.0373,0.0585,0.6615,0.0879,0.6182,0.0276,0.0476,0.5906,0.08,0.5476
2014-10-13T00:57:59.188Z,0.0383,0.0543,0.6035,0.0883,0.7093,0.0335,0.0543,0.6525,0.0808,0.5905,0.031,0.0503,0.6083,0.0818,0.611
2014-10-13T00:58:59.539Z,0.0397,0.0562,0.6209,0.0882,0.685,0.0309,0.0512,0.6397,0.0794,0.5774,0.0335,0.0532,0.6253,0.0821,0.6103
2014-10-13T00:59:59.838Z,0.0363,0.053,0.5983,0.0863,0.69,0.0407,0.059,0.6663,0.0867,0.6543,0.0287,0.047,0.5877,0.0797,0.567
