2014-12-01T00:00:59.751Z,4.7843,63.5899,233.6129,0.2718,0.0755,2.4746,57.6083,232.6253,0.2464,0.0445,2.9549,57.2525,233.1207,0.2458,0.053
2014-12-01T00:01:59.020Z,4.9269,62.9967,233.3454,0.2701,0.0788,2.5619,57.9367,232.6417,0.2487,0.0458,3.1963,57.2073,233.2882,0.2451,0.0587
2014-12-01T00:02:59.244Z,4.8929,64.9422,233.3643,0.2785,0.0799,2.3646,58.7025,232.3136,0.2527,0.04,3.5488,59.027,233.1399,0.2532,0.0592
2014-12-01T00:03:59.676Z,5.1109,66.0289,233.4444,0.2827,0.0787,3.0401,58.6066,231.9489,0.2527,0.0535,3.4153,57.9932,233.4023,0.2489,0.0599
2014-12-01T00:04:59.998Z,5.1473,65.2922,233.3632,0.2797,0.0813,2.7038,58.5587,231.7354,0.2534,0.0477,3.5351,59.1252,233.6255,0.2532,0.063
2014-12-01T00:05:59.310Z,4.0794,67.5024,233.6573,0.289,0.0606,3.2678,59.9617,231.5672,0.259,0.0543,3.7884,60.9753,233.7102,0.2608,0.0613
2014-12-01T00:06:59.739Z,4.0534,66.6623,233.7872,0.285,0.0617,2.8698,58.1267,231.9596,0.2502,0.0504,3.4851,60.7271,233.6008,0.2597,0.0592
2014-12-01T00:07:59.177Z,5.0784,66.0021,233.7706,0.2823,0.0787,2.2951,58.8967,232.2019,0.2531,0.0413,3.8257,59.0194,231.0657,0.2557,0.0651
2014-12-01T00:08:59.744Z,4.9883,66.5829,234.0596,0.2843,0.0765,2.9721,60.1366,232.9104,0.2582,0.0487,3.6267,60.0649,231.734,0.2592,0.0615
2014-12-01T00:09:59.090Z,4.8951,67.0901,233.3771,0.287,0.0739,2.9889,60.031,232.6203,0.2578,0.05,3.2213,60.1533,233.0114,0.2583,0.0536
2014-12-01T00:10:59.659Z,4.5655,67.2707,233.3829,0.2885,0.0695,2.8509,57.8837,232.4537,0.2498,0.0481,3.6069,61.1687,232.8142,0.2627,0.0601
2014-12-01T00:11:59.903Z,4.2964,68.4201,233.4801,0.2932,0.0639,3.0003,60.0902,232.3417,0.2585,0.0505,2.9743,59.3293,232.7452,0.2555,0.052
2014-12-01T00:12:59.762Z,5.3452,67.2129,233.4011,0.2883,0.0794,2.8088,59.67,232.6379,0.2566,0.0467,3.4591,60.6499,233.0393,0.2604,0.0587
2014-12-01T00:13:59.081Z,5.1632,67.3796,233.6567,0.2888,0.0788,2.63,60.1534,232.7021,0.2579,0.0426,3.6856,60.8753,233.2121,0.2603,0.0609
2014-12-01T00:14:59.360Z,4.9969,66.5524,233.2754,0.2855,0.0762,2.7793,60.2486,232.4067,0.2593,0.0464,3.5008,60.3756,232.9949,0.2595,0.0573
2014-12-01T00:15:59.635Z,4.8668,67.3753,233.3932,0.2884,0.0743,2.8166,59.577,232.8757,0.2559,0.0472,3.7866,60.2345,232.8572,0.2586,0.0647
2014-12-01T00:16:59.945Z,4.1865,66.292,233.6033,0.2837,0.064,2.456,59.6135,232.9379,0.2562,0.0411,3.8491,60.0385,233.126,0.2575,0.0646
2014-12-01T00:17:59.357Z,4.1428,66.0959,231.9588,0.2849,0.0638,2.7744,61.8261,233.2687,0.265,0.0439,3.761,59.6627,232.892,0.257,0.0641
2014-12-01T00:18:59.250Z,4.9445,66.6986,231.899,0.2867,0.0757,2.9505,62.4463,233.3007,0.2673,0.0456,3.522,58.5505,232.8145,0.2515,0.0603
2014-12-01T00:19:59.670Z,5.297,65.7054,231.7941,0.2828,0.0841,3.1072,60.0212,232.9593,0.2584,0.0511,3.9138,59.9608,232.6621,0.2576,0.0645
2014-12-01T00:20:59.220Z,5.0508,64.3209,232.5138,0.2764,0.0808,3.1768,58.2642,232.5898,0.2506,0.0549,3.4724,58.8462,232.4306,0.2533,0.0599
2014-12-01T00:21:59.484Z,5.2332,64.6953,233.4255,0.2768,0.0831,2.7519,57.1219,232.8074,0.2456,0.0519,3.2038,58.5816,233.2871,0.2512,0.0586
2014-12-01T00:22:59.706Z,5.3578,64.7769,233.4787,0.2767,0.0851,2.8599,58.3266,233.2464,0.25,0.0511,3.3043,57.6833,233.4169,0.2471,0.0609
2014-12-01T00:23:59.334Z,4.5395,64.5799,233.4535,0.2766,0.0703,2.7669,59.2038,233.2733,0.2541,0.0481,3.7663,59.2699,233.4165,0.2534,0.0632
2014-12-01T00:24:59.637Z,4.3399,66.03,233.9858,0.2823,0.0668,2.1943,60.5237,233.4953,0.2591,0.0354,3.792,59.6701,233.4574,0.2555,0.0649
2014-12-01T00:25:59.976Z,4.5641,66.8466,233.4173,0.2864,0.0688,3.0443,61.3965,233.4129,0.2627,0.0492,3.6547,59.7795,233.3908,0.2562,0.0634
2014-12-01T00:26:59.337Z,4.5167,66.7431,234.1517,0.2844,0.0706,2.6321,59.5926,233.1437,0.2556,0.0418,3.5124,60.1151,233.2298,0.2577,0.0596
2014-12-01T00:27:59.635Z,5.4323,68.089,234.4184,0.2902,0.0805,2.6291,60.6295,233.1765,0.2595,0.0434,3.6729,59.7699,233.7864,0.2556,0.0619
2014-12-01T00:28:59.029Z,3.9247,65.7526,234.009,0.281,0.0611,3.279,59.1526,232.726,0.2546,0.0547,3.5791,58.5671,233.6614,0.2509,0.062
2014-12-01T00:29:59.795Z,4.4801,64.1599,234.1921,0.2742,0.0709,3.0427,56.705,232.695,0.2434,0.0551,3.3678,58.5617,233.6511,0.2501,0.0579
2014-12-01T00:30:59.147Z,4.8787,67.5097,234.1243,0.2883,0.0754,2.7426,60.3166,233.2558,0.2583,0.0462,3.5858,60.9683,233.7863,0.2613,0.0597
2014-12-01T00:31:59.488Z,4.8884,64.8757,234.4608,0.2764,0.077,2.5225,59.2886,233.4546,0.2538,0.0444,3.6865,59.7945,233.8129,0.2557,0.0655
2014-12-01T00:33:59.493Z,4.7336,66.3284,234.2876,0.2832,0.0738,2.5036,59.1936,233.5359,0.2535,0.0436,3.576,59.7973,233.458,0.256,0.0608
2014-12-01T00:34:59.798Z,5.1066,66.9137,234.5961,0.2852,0.0763,2.5825,59.9134,233.5446,0.2564,0.0426,3.5329,61.559,233.5599,0.2633,0.0577
2014-12-01T00:35:59.875Z,4.7785,66.5554,234.5145,0.2838,0.0741,3.0329,59.5165,232.8145,0.2555,0.0495,2.957,61.0296,233.6837,0.2614,0.0477
2014-12-01T00:36:59.189Z,5.0612,67.4341,234.3246,0.2881,0.0756,2.8459,59.6737,232.7777,0.2563,0.0474,2.898,61.3936,233.4194,0.2634,0.0507
2014-12-01T00:37:59.728Z,5.294,67.1887,234.064,0.2873,0.0814,3.2154,61.5976,232.6901,0.2654,0.0521,3.1083,59.2796,233.2955,0.254,0.054
2014-12-01T00:38:59.239Z,5.3946,66.473,233.6972,0.2844,0.0824,2.4006,59.0956,232.7587,0.2533,0.0413,3.3191,59.7346,232.6087,0.2574,0.0553
2014-12-01T00:39:59.501Z,5.3693,66.981,234.4842,0.2855,0.0801,2.8504,60.2746,232.4386,0.2595,0.0467,3.2864,60.4692,232.1132,0.2601,0.0544
2014-12-01T00:40:59.858Z,4.8328,65.8279,234.6017,0.2805,0.0734,2.6496,59.7961,232.1349,0.2577,0.0446,3.0583,59.7572,231.9722,0.2576,0.054
2014-12-01T00:41:59.209Z,4.7768,66.586,234.4794,0.284,0.0734,3.0784,59.8039,230.3409,0.2591,0.051,3.4992,58.9521,232.4374,0.2539,0.0609
2014-12-01T00:42:59.782Z,3.8576,66.6726,234.7621,0.2842,0.06,2.7752,61.0472,230.7697,0.2648,0.0461,3.6395,59.7182,233.0224,0.2566,0.0616
2014-12-01T00:43:59.606Z,4.9033,67.1633,234.5978,0.2858,0.074,2.5613,59.9848,233.0991,0.2574,0.0426,3.4923,60.0478,233.1052,0.257,0.059
2014-12-01T00:44:59.911Z,5.2313,67.4852,234.5475,0.2877,0.0788,2.8754,59.7409,233.0914,0.2561,0.048,3.7035,61.5405,233.2589,0.2634,0.0595
2014-12-01T00:45:59.567Z,3.991,66.9877,234.3007,0.2857,0.0602,2.7026,59.6176,233.0951,0.2551,0.0446,3.7519,60.6254,233.2962,0.2598,0.0622
2014-12-01T00:46:59.815Z,5.1201,66.1178,233.5021,0.283,0.0768,2.9577,60.2388,232.487,0.2591,0.0492,3.0358,61.5329,232.7913,0.2642,0.0497
2014-12-01T00:47:59.145Z,5.079,67.0256,233.7867,0.286,0.0767,3.1309,61.3117,232.5138,0.2639,0.0504,3.3097,59.0793,232.6549,0.2549,0.0566
2014-12-01T00:48:59.731Z,5.2126,67.3065,233.8226,0.2873,0.0782,2.4387,59.6561,232.4357,0.2561,0.042,3.8947,60.2437,232.841,0.2588,0.065
2014-12-01T00:49:59.640Z,4.4234,66.9203,233.3199,0.2874,0.0654,2.394,61.1421,232.1594,0.2633,0.0398,3.0708,60.7247,233.0911,0.2606,0.0513
2014-12-01T00:50:59.894Z,5.261,68.0577,233.3048,0.2918,0.0784,3.0675,60.5392,232.0653,0.2604,0.0487,3.582,59.9611,233.2638,0.2573,0.0602
2014-12-01T00:51:59.606Z,4.4398,67.0326,233.1898,0.2874,0.0681,2.7767,59.3623,231.4379,0.2564,0.0469,3.6752,59.9743,233.4006,0.2568,0.0648
2014-12-01T00:52:59.987Z,4.3305,66.1973,233.1849,0.2839,0.0663,3.0188,59.6225,230.8168,0.2586,0.0508,3.5304,59.896,233.2035,0.2572,0.0595
2014-12-01T00:53:59.654Z,4.707,67.0467,233.5274,0.287,0.0715,2.8164,59.9985,231.1322,0.2598,0.0466,3.4605,60.1686,233.3541,0.2576,0.0575
2014-12-01T00:54:59.971Z,5.0401,67.0591,233.5766,0.2871,0.0774,3.3143,59.4692,231.5896,0.2565,0.0534,3.3793,60.1163,233.4956,0.2574,0.0568
2014-12-01T00:55:59.444Z,4.2659,66.6238,233.5242,0.2854,0.0651,2.993,58.8762,232.1958,0.2534,0.0483,3.1936,61.1634,232.9686,0.2621,0.0554
2014-12-01T00:56:59.007Z,5.5332,66.1043,234.0013,0.2822,0.086,3.0346,59.6549,233.0009,0.2553,0.051,3.6379,59.5454,233.0391,0.2554,0.0609
2014-12-01T00:57:59.647Z,5.417,67.8386,234.3084,0.2897,0.081,2.8676,60.7343,233.7926,0.26,0.0484,3.2992,60.4764,233.6831,0.2588,0.0559
2014-12-01T00:59:59.392Z,4.8573,66.3871,234.2644,0.2832,0.0744,2.1995,59.9093,233.4196,0.2566,0.0365,3.4559,60.2799,233.7105,0.2581,0.0583
