2014-10-09T00:00:59.175Z,0.0275,0.0419,0.5581,0.0716,0.5747,0.0156,0.0378,0.5953,0.0613,0.38,0.0206,0.0397,0.5178,0.0738,0.5147
2014-10-09T00:01:59.569Z,0.0268,0.043,0.563,0.0716,0.5468,0.0162,0.0376,0.5995,0.0605,0.3927,0.0211,0.0405,0.5286,0.0738,0.5135
2014-10-09T00:02:59.754Z,0.0251,0.0407,0.5551,0.0707,0.5178,0.0144,0.0366,0.5949,0.0598,0.3498,0.021,0.041,0.5432,0.0722,0.5163
2014-10-09T00:03:59.037Z,0.0278,0.0428,0.5544,0.0736,0.5542,0.0161,0.0381,0.5928,0.0628,0.3636,0.02,0.0403,0.5383,0.0736,0.4917
2014-10-09T00:04:59.390Z,0.0276,0.0418,0.5597,0.0712,0.5273,0.0148,0.0364,0.5942,0.06,0.3591,0.0221,0.0415,0.5373,0.0736,0.5267
2014-10-09T00:05:59.754Z,0.0246,0.0408,0.5456,0.07,0.5331,0.0146,0.0377,0.5992,0.061,0.3538,0.0218,0.0415,0.5426,0.0746,0.5177
2014-10-09T00:06:59.094Z,0.0283,0.042,0.5522,0.0748,0.5685,0.0193,0.0413,0.5967,0.067,0.4145,0.0223,0.0418,0.549,0.0743,0.5303
2014-10-09T00:07:59.832Z,0.0252,0.0409,0.5521,0.07,0.5115,0.0152,0.0364,0.5903,0.0603,0.3552,0.0218,0.0406,0.5276,0.0724,0.5315
2014-10-09T00:08:59.205Z,0.0237,0.0393,0.545,0.0673,0.498,0.017,0.038,0.59,0.0603,0.378,0.0207,0.041,0.5363,0.073,0.533
2014-10-09T00:09:59.509Z,0.0239,0.0383,0.5481,0.0653,0.5014,0.0147,0.0375,0.6031,0.0606,0.3153,0.02,0.0406,0.535,0.0725,0.5006
2014-10-09T00:10:59.816Z,0.0228,0.0392,0.5479,0.0669,0.4851,0.0156,0.0356,0.601,0.0582,0.3379,0.0236,0.0423,0.5479,0.0744,0.5297
2014-10-09T00:11:59.181Z,0.0221,0.0379,0.5436,0.0655,0.4779,0.0103,0.0321,0.5739,0.0542,0.2803,0.0215,0.0403,0.5361,0.0727,0.5124
2014-10-09T00:12:59.574Z,0.0282,0.0432,0.56,0.0718,0.5513,0.0161,0.0345,0.58,0.0587,0.3732,0.0203,0.0403,0.525,0.0732,0.5021
2014-10-09T00:13:59.955Z,0.019,0.035,0.531,0.061,0.441,0.0123,0.0347,0.591,0.057,0.2943,0.0203,0.041,0.5367,0.0733,0.5167
2014-10-09T00:14:59.257Z,0.0214,0.0383,0.5417,0.0648,0.4676,0.0093,0.0297,0.5607,0.0531,0.2617,0.0217,0.0393,0.5248,0.0738,0.5152
2014-10-09T00:15:59.641Z,0.0262,0.0408,0.5473,0.0703,0.5551,0.0146,0.0368,0.5968,0.0584,0.3338,0.0208,0.0397,0.5241,0.073,0.4997
2014-10-09T00:16:59.939Z,0.0256,0.0416,0.5538,0.0709,0.5296,0.0144,0.0347,0.5904,0.0584,0.3322,0.0227,0.042,0.5469,0.0747,0.5218
2014-10-09T00:17:59.319Z,0.0224,0.0381,0.5354,0.0678,0.5162,0.0135,0.0357,0.5846,0.0597,0.3576,0.0208,0.0405,0.5327,0.0732,0.5332
2014-10-09T00:18:59.915Z,0.0255,0.0421,0.5548,0.0686,0.5252,0.0138,0.0338,0.5766,0.0579,0.3421,0.02,0.04,0.5231,0.0731,0.5131
2014-10-09T00:19:59.131Z,0.0247,0.04,0.5509,0.0697,0.5188,0.0156,0.0371,0.595,0.0618,0.3624,0.0206,0.0409,0.5379,0.0726,0.5135
2014-10-09T00:20:59.350Z,0.0281,0.0447,0.5733,0.0733,0.5542,0.0164,0.0381,0.5861,0.0633,0.3619,0.0222,0.0406,0.5275,0.0731,0.5356
2014-10-09T00:21:59.652Z,0.0232,0.0416,0.5548,0.0677,0.4877,0.0145,0.0361,0.5913,0.0594,0.3203,0.019,0.0403,0.5371,0.0723,0.4658
2014-10-09T00:22:59.038Z,0.023,0.0385,0.543,0.07,0.5033,0.0145,0.0355,0.5878,0.0605,0.3413,0.02,0.0405,0.5365,0.0725,0.507
2014-10-09T00:23:59.355Z,0.0258,0.0426,0.5597,0.0697,0.5124,0.0168,0.0368,0.5887,0.0629,0.3871,0.0216,0.0408,0.5361,0.0737,0.5242
2014-10-09T00:24:59.710Z,0.0242,0.04,0.5508,0.0694,0.5197,0.015,0.0353,0.5839,0.0594,0.3694,0.0236,0.0417,0.5464,0.0739,0.55
2014-10-09T00:25:59.987Z,0.0248,0.0415,0.5479,0.0691,0.5412,0.0164,0.0345,0.5776,0.0591,0.3852,0.0209,0.0397,0.5348,0.0727,0.523
2014-10-09T00:26:59.424Z,0.023,0.0386,0.5454,0.0673,0.5157,0.0143,0.0365,0.5862,0.0614,0.3289,0.0203,0.04,0.5327,0.0716,0.5114
2014-10-09T00:27:59.940Z,0.0248,0.0405,0.5521,0.0707,0.5243,0.014,0.036,0.5881,0.059,0.3388,0.0224,0.0405,0.5426,0.074,0.5252
2014-10-09T00:28:59.385Z,0.0246,0.0379,0.5428,0.07,0.5282,0.0133,0.0356,0.5854,0.0605,0.329,0.0208,0.0403,0.5215,0.0726,0.5164
2014-10-09T00:29:59.709Z,0.0226,0.0382,0.5438,0.0695,0.4951,0.0159,0.0362,0.5797,0.061,0.3767,0.019,0.0395,0.5233,0.0718,0.4869
2014-10-09T00:30:59.125Z,0.0274,0.041,0.5533,0.0718,0.5559,0.0103,0.0323,0.5644,0.0582,0.2708,0.0205,0.04,0.5285,0.0731,0.5079
2014-10-09T00:31:59.397Z,0.0247,0.0373,0.545,0.0667,0.5077,0.0127,0.0337,0.59,0.055,0.3133,0.02,0.0383,0.5143,0.0723,0.506
2014-10-09T00:32:59.653Z,0.0256,0.0395,0.5449,0.0728,0.5509,0.0158,0.0372,0.5884,0.0607,0.3381,0.0214,0.0412,0.5458,0.0735,0.5088
2014-10-09T00:33:59.966Z,0.0247,0.0385,0.5494,0.0691,0.51,0.0138,0.0347,0.5753,0.0594,0.3176,0.0191,0.0406,0.5226,0.0732,0.495
2014-10-09T00:34:59.263Z,0.0272,0.04,0.5552,0.0721,0.5317,0.0148,0.0338,0.5759,0.0569,0.3441,0.021,0.0407,0.5248,0.0731,0.5114
2014-10-09T00:35:59.360Z,0.0231,0.0356,0.5388,0.065,0.4928,0.015,0.0366,0.5956,0.0597,0.3178,0.0209,0.0409,0.5344,0.0722,0.5103
2014-10-09T00:36:59.708Z,0.025,0.0397,0.5434,0.0691,0.5619,0.015,0.0347,0.5825,0.0584,0.3534,0.0209,0.04,0.5263,0.0747,0.515
2014-10-09T00:37:59.922Z,0.0298,0.0434,0.5573,0.0764,0.605,0.0152,0.037,0.5877,0.0611,0.3682,0.0209,0.0411,0.5334,0.0741,0.5175
2014-10-09T00:38:59.228Z,0.0276,0.0419,0.5595,0.073,0.5541,0.0143,0.0341,0.5738,0.0576,0.3565,0.0203,0.0392,0.5151,0.0727,0.5132
2014-10-09T00:39:59.655Z,0.0233,0.0379,0.5342,0.0697,0.5076,0.0161,0.037,0.5906,0.06,0.3591,0.0236,0.0415,0.537,0.0742,0.5409
2014-10-09T00:40:59.040Z,0.0251,0.0389,0.5441,0.0716,0.5473,0.0165,0.0365,0.5862,0.0605,0.3749,0.0214,0.0403,0.5276,0.0741,0.5232
2014-10-09T00:41:59.479Z,0.0203,0.0348,0.5297,0.0642,0.4627,0.0085,0.0294,0.5627,0.0521,0.2506,0.0212,0.0418,0.5294,0.073,0.507
2014-10-09T00:42:59.998Z,0.0253,0.0389,0.5463,0.07,0.5271,0.0137,0.0347,0.5803,0.06,0.3366,0.0203,0.0397,0.5247,0.0729,0.4924
2014-10-09T00:43:59.380Z,0.0232,0.0376,0.5338,0.0679,0.5235,0.0121,0.0315,0.5694,0.0538,0.3176,0.0206,0.0397,0.5212,0.0741,0.5085
2014-10-09T00:44:59.790Z,0.0254,0.0408,0.5497,0.0715,0.52,0.0126,0.0354,0.5813,0.06,0.3279,0.0221,0.0418,0.5372,0.0731,0.5326
2014-10-09T00:45:59.978Z,0.0226,0.0371,0.5403,0.0671,0.4841,0.0129,0.0332,0.5788,0.0565,0.3124,0.0215,0.0397,0.5232,0.0726,0.5171
2014-10-09T00:46:59.288Z,0.0261,0.0406,0.5536,0.07,0.5373,0.0155,0.0367,0.5882,0.0597,0.3352,0.0203,0.04,0.523,0.0733,0.5006
2014-10-09T00:47:59.613Z,0.0268,0.0408,0.5471,0.0718,0.5689,0.0147,0.035,0.5789,0.0595,0.3705,0.0203,0.0405,0.5268,0.0745,0.4961
2014-10-09T00:48:59.970Z,0.0229,0.0362,0.5418,0.0665,0.4874,0.0118,0.0338,0.5662,0.0579,0.2953,0.0203,0.0406,0.5335,0.0724,0.5074
2014-10-09T00:49:59.219Z,0.0265,0.0405,0.552,0.0728,0.5565,0.0158,0.0365,0.581,0.0598,0.376,0.021,0.0415,0.5353,0.0735,0.5073
2014-10-09T00:50:59.543Z,0.0228,0.0378,0.5469,0.0688,0.4884,0.0122,0.0347,0.585,0.0572,0.2934,0.0194,0.0397,0.5244,0.0716,0.4756
2014-10-09T00:51:59.792Z,0.0247,0.0381,0.5391,0.0684,0.5162,0.0131,0.0319,0.5772,0.055,0.3319,0.0197,0.0397,0.5191,0.0722,0.5219
2014-10-09T00:52:59.242Z,0.0224,0.0362,0.5359,0.0662,0.4865,0.0159,0.0385,0.5903,0.0626,0.3591,0.0206,0.0412,0.5391,0.0726,0.5065
2014-10-09T00:53:59.603Z,0.0247,0.0384,0.5409,0.07,0.5253,0.0131,0.0353,0.578,0.0587,0.334,0.02,0.0396,0.5191,0.0731,0.5158
2014-10-09T00:54:59.292Z,0.0237,0.0374,0.5414,0.0686,0.5031,0.0123,0.0317,0.5714,0.0554,0.3163,0.0206,0.0406,0.5283,0.0729,0.4943
2014-10-09T00:55:59.614Z,0.0246,0.0377,0.5429,0.0677,0.5106,0.0129,0.0343,0.5803,0.0577,0.3186,0.0206,0.0406,0.5217,0.074,0.5231
2014-10-09T00:56:59.834Z,0.024,0.0363,0.5369,0.0663,0.5151,0.0103,0.0311,0.5654,0.0534,0.2743,0.0217,0.0403,0.5266,0.0746,0.5166
2014-10-09T00:57:59.106Z,0.0245,0.0377,0.5368,0.0705,0.5555,0.0189,0.0402,0.59,0.0657,0.42,0.0216,0.0402,0.5339,0.0741,0.5145
2014-10-09T00:58:59.412Z,0.0282,0.0421,0.5594,0.0732,0.5603,0.0159,0.0365,0.5788,0.0609,0.3638,0.0203,0.0379,0.5035,0.0721,0.5071
2014-10-09T00:59:59.643Z,0.0215,0.0337,0.5315,0.0637,0.4767,0.013,0.033,0.5637,0.0567,0.3233,0.02,0.0385,0.5078,0.0711,0.503
