2014-11-13T00:00:59.596Z,3.3622,22.5013,232.6185,0.0971,0.1491,-5.863,22.0928,232.8343,0.0948,-0.2646,10.2681,25.2371,232.3187,0.1085,0.4072
2014-11-13T00:02:59.832Z,3.5033,22.1368,232.7128,0.0949,0.1586,-5.7903,22.0589,232.3911,0.0949,-0.2625,10.3519,25.093,231.9398,0.1081,0.4142
2014-11-13T00:03:59.476Z,3.3529,22.3909,233.5734,0.0958,0.1498,-6.2072,21.6825,233.4835,0.0929,-0.2851,10.4811,25.4505,232.3462,0.1098,0.4123
2014-11-13T00:04:59.656Z,3.1441,22.1521,232.1181,0.0953,0.1433,-5.8144,22.1774,233.5367,0.0948,-0.262,10.1714,25.4012,231.9752,0.1094,0.4016
2014-11-13T00:05:59.025Z,3.2691,22.5937,231.3189,0.0974,0.1447,-6.1823,21.9603,233.0209,0.0941,-0.28,10.2181,25.2427,231.2824,0.1094,0.4052
2014-11-13T00:06:59.241Z,3.2957,22.1559,231.3656,0.0952,0.149,-6.2156,22.2617,233.217,0.096,-0.2784,9.9835,25.6221,231.5528,0.1112,0.391
2014-11-13T00:07:59.654Z,3.4256,22.4722,232.125,0.0971,0.1529,-5.9201,22.8793,233.5383,0.0982,-0.26,10.2598,25.4393,231.279,0.11,0.4033
2014-11-13T00:08:59.108Z,3.4428,22.9423,233.3015,0.0985,0.1496,-6.2694,22.4634,233.1446,0.0965,-0.2796,10.069,25.1692,230.103,0.1091,0.4005
2014-11-13T00:09:59.205Z,3.5401,22.6784,233.3056,0.0977,0.1566,-6.6022,22.3713,233.2537,0.0961,-0.2943,9.911,24.8802,230.0212,0.1084,0.3987
2014-11-13T00:10:59.546Z,3.2374,23.0809,233.5015,0.0989,0.1405,-5.8041,22.4829,233.343,0.0972,-0.2589,9.9654,25.1919,230.8813,0.1097,0.3963
2014-11-13T00:11:59.891Z,2.4565,22.7696,233.9976,0.0972,0.1073,-6.3264,22.1997,233.5173,0.0955,-0.2841,9.9827,25.202,231.5148,0.1093,0.3966
2014-11-13T00:12:59.238Z,3.0947,22.5677,233.7169,0.0965,0.136,-6.0934,22.9638,233.8523,0.098,-0.2677,10.0338,25.2296,230.9358,0.1094,0.3981
2014-11-13T00:13:59.041Z,3.6414,22.7729,233.1817,0.0974,0.1601,-6.0267,22.5678,233.6937,0.0967,-0.2677,10.277,25.2606,231.7999,0.1091,0.4069
2014-11-13T00:14:59.426Z,3.1617,22.7841,233.6963,0.0968,0.1396,-6.2312,22.7979,234.5295,0.0973,-0.2736,10.2197,25.6412,232.3431,0.1098,0.3984
2014-11-13T00:15:59.666Z,3.6109,22.9651,233.6607,0.0986,0.1576,-6.2603,22.5012,234.9313,0.0955,-0.2776,10.2324,25.5949,232.6487,0.11,0.4002
2014-11-13T00:16:59.934Z,3.4587,22.6996,233.3346,0.0973,0.1523,-6.4143,22.5334,234.1297,0.0959,-0.2849,10.0664,25.3499,231.9848,0.1097,0.3981
2014-11-13T00:17:59.181Z,3.6694,22.6146,233.1849,0.0967,0.1609,-6.6989,22.6497,233.6227,0.0969,-0.296,10.199,25.3515,232.2148,0.1098,0.4024
2014-11-13T00:18:59.481Z,3.6418,22.538,232.7522,0.0971,0.163,-5.9981,21.9536,233.108,0.0945,-0.2734,10.3776,25.2874,231.5456,0.1096,0.4114
2014-11-13T00:19:59.998Z,3.1311,22.4302,233.2587,0.0967,0.141,-6.0128,21.955,233.4647,0.0939,-0.2728,10.1087,24.8095,231.374,0.1072,0.4082
2014-11-13T00:20:59.258Z,3.4443,22.4745,233.2373,0.0959,0.1552,-5.8095,21.7551,233.4629,0.0933,-0.2668,10.2971,24.9773,231.3516,0.1085,0.4125
2014-11-13T00:21:59.566Z,3.5498,22.2094,232.9533,0.0953,0.161,-5.8356,22.2098,233.4114,0.0953,-0.2624,10.1129,24.8951,232.321,0.1068,0.4074
2014-11-13T00:22:59.223Z,3.5202,22.5614,232.3168,0.097,0.1554,-6.2995,21.7023,233.2004,0.0929,-0.2898,10.3877,25.5663,232.9346,0.1097,0.4069
2014-11-13T00:23:59.383Z,3.4439,22.9199,231.9015,0.099,0.1507,-6.1118,22.2145,233.3202,0.0951,-0.2744,10.2822,25.5103,233.515,0.1088,0.4033
2014-11-13T00:24:59.673Z,3.2697,22.6063,231.65,0.0967,0.1452,-6.0973,22.8847,233.26,0.0983,-0.2673,10.36,26.1206,234.2419,0.112,0.3969
2014-11-13T00:25:59.135Z,3.6967,22.8847,231.6798,0.0988,0.1617,-6.0452,22.5524,232.7633,0.097,-0.2684,10.594,26.0189,234.2648,0.1112,0.4069
2014-11-13T00:26:59.509Z,2.9568,22.8571,232.7011,0.098,0.1295,-6.1944,22.588,232.4566,0.0973,-0.2746,10.2144,25.8398,234.0643,0.111,0.3957
2014-11-13T00:27:59.175Z,3.0869,22.5743,233.3098,0.0969,0.1383,-5.7481,22.283,232.8103,0.0954,-0.2596,10.5481,26.2202,234.2186,0.1124,0.4024
2014-11-13T00:28:59.333Z,2.9503,22.6495,233.012,0.0971,0.1315,-6.0196,22.0752,233.3312,0.0952,-0.2721,10.3915,25.8959,233.9855,0.1114,0.4011
2014-11-13T00:29:59.518Z,2.7385,22.4681,232.8779,0.0957,0.1223,-6.4321,22.1332,232.939,0.0952,-0.2885,10.3014,25.7862,234.0684,0.1099,0.4001
2014-11-13T00:30:59.029Z,3.4298,22.5345,232.5554,0.0967,0.153,-6.1882,22.4028,232.8165,0.0963,-0.2772,10.2351,25.8977,233.7969,0.1106,0.3954
2014-11-13T00:31:59.605Z,3.4634,22.5495,232.5723,0.0965,0.1534,-6.0665,22.7176,232.9474,0.0969,-0.268,10.3088,25.9292,233.8615,0.1105,0.3984
2014-11-13T00:32:59.118Z,3.4008,22.7559,232.8334,0.0975,0.1502,-5.8792,22.8567,232.9949,0.0981,-0.2583,10.5033,26.2167,233.8655,0.1115,0.4014
2014-11-13T00:33:59.529Z,3.7371,22.8695,232.8387,0.098,0.1638,-5.8773,22.2666,232.2329,0.0959,-0.2634,10.5744,25.7827,234.0882,0.1105,0.4117
2014-11-13T00:34:59.777Z,3.4128,22.4457,232.8305,0.0962,0.1528,-6.4709,22.0575,232.782,0.0948,-0.2925,10.4246,26.0331,233.9411,0.1113,0.4009
2014-11-13T00:35:59.977Z,3.2881,22.7782,232.5184,0.0976,0.1447,-6.2455,22.3187,232.4485,0.0962,-0.2802,10.4261,25.9771,233.9377,0.1113,0.4015
2014-11-13T00:36:59.152Z,3.5834,22.5291,232.4834,0.0972,0.1597,-6.3118,22.1855,232.7077,0.0958,-0.284,10.3229,26.0452,233.7613,0.1113,0.3964
2014-11-13T00:37:59.681Z,3.4971,22.6272,232.8796,0.0971,0.1546,-6.1313,22.3045,232.8757,0.0963,-0.2745,10.3824,25.6635,233.7974,0.1099,0.4051
2014-11-13T00:38:59.765Z,3.5756,22.465,232.2772,0.0969,0.1597,-6.4649,22.159,232.8415,0.0949,-0.2915,10.2545,25.6404,233.5759,0.1101,0.4013
2014-11-13T00:39:59.161Z,3.4252,22.5491,232.5863,0.0968,0.1528,-6.2292,22.6173,233.1955,0.0971,-0.2768,10.5382,26.0395,234.0745,0.112,0.4054
2014-11-13T00:40:59.330Z,3.461,22.5874,232.8137,0.097,0.1539,-6.5697,22.4427,233.7446,0.0963,-0.293,10.3341,26.131,234.2617,0.1114,0.3955
2014-11-13T00:41:59.655Z,3.4698,22.5228,232.844,0.0965,0.1547,-6.3659,22.3502,233.5271,0.0959,-0.2836,10.3335,25.6923,233.9754,0.1097,0.4026
2014-11-13T00:42:59.951Z,3.5328,22.695,233.0293,0.0972,0.1562,-6.3015,22.3035,233.2447,0.0956,-0.2821,10.3917,25.8277,233.9888,0.1106,0.4022
2014-11-13T00:43:59.288Z,3.2616,22.3496,232.9648,0.0957,0.1468,-6.1486,22.4661,233.3878,0.0968,-0.2728,10.1426,25.7954,233.986,0.1106,0.3943
2014-11-13T00:44:59.604Z,3.1368,22.7472,232.9977,0.0971,0.1393,-5.9956,22.7766,233.0779,0.0978,-0.2639,10.206,25.7567,233.8048,0.1101,0.3963
2014-11-13T00:45:59.914Z,3.4154,22.8036,233.336,0.0981,0.1506,-6.2072,22.3091,232.5875,0.0954,-0.2783,10.3508,26.0076,234.49,0.1109,0.398
2014-11-13T00:46:59.788Z,2.9709,22.6329,233.4601,0.097,0.1318,-6.3129,22.2925,232.8108,0.0965,-0.2829,10.3087,25.8448,234.2898,0.1106,0.3986
2014-11-13T00:48:59.176Z,2.8712,22.6128,234.3377,0.0961,0.1277,-6.1125,22.1179,232.9081,0.0953,-0.2751,10.4002,25.7776,234.0087,0.1101,0.4037
2014-11-13T00:49:59.272Z,2.8136,22.7277,234.1381,0.0967,0.1245,-5.7568,22.4756,233.2411,0.0961,-0.2566,10.3686,26.0316,232.2849,0.1118,0.3988
2014-11-13T00:50:59.507Z,3.0083,22.8698,233.5985,0.0974,0.132,-6.0539,22.7918,232.6611,0.0982,-0.267,10.5868,25.9695,234.1031,0.1107,0.4078
2014-11-13T00:51:59.717Z,3.1947,22.7337,233.311,0.0973,0.1426,-6.1169,22.5188,232.7187,0.0967,-0.2718,10.309,26.1517,234.0214,0.1116,0.3946
2014-11-13T00:52:59.882Z,3.478,22.6389,233.5238,0.0969,0.1538,-6.2416,22.4522,232.8512,0.0966,-0.278,10.2552,25.6874,233.1218,0.1106,0.4002
2014-11-13T00:53:59.661Z,3.0299,22.9379,233.8312,0.0981,0.132,-6.2405,22.4332,232.4689,0.0967,-0.2783,10.4205,25.655,232.969,0.1101,0.4055
2014-11-13T00:54:59.224Z,2.7912,22.4298,231.3932,0.0967,0.1254,-5.8633,22.871,233.1686,0.0986,-0.2566,10.4349,25.9606,232.7666,0.1123,0.4026
2014-11-13T00:55:59.589Z,3.3348,22.373,230.9078,0.0973,0.1499,-6.0469,22.6139,232.9811,0.0968,-0.2673,10.5109,25.9452,233.4913,0.1111,0.4048
2014-11-13T00:56:59.670Z,3.3003,22.45,230.5368,0.0969,0.1473,-6.3349,22.237,232.9345,0.0952,-0.2834,10.0641,25.6168,233.5988,0.1099,0.3931
2014-11-13T00:57:59.031Z,3.6433,22.7578,231.7892,0.0983,0.1608,-6.2968,22.6332,232.9463,0.0976,-0.2788,10.5253,25.7563,233.6357,0.1106,0.4088
2014-11-13T00:58:59.395Z,3.59,23.0123,233.2281,0.0981,0.1572,-5.9552,22.5428,232.8999,0.097,-0.2629,10.3945,25.8001,233.9533,0.1102,0.4037
2014-11-13T00:59:59.891Z,2.9747,22.4798,233.3205,0.0967,0.1327,-6.2511,22.6698,233.4677,0.0974,-0.2765,10.2658,25.8473,234.3555,0.11,0.3965
