2014-09-24T00:00:59.721Z,0.0258,0.0428,0.5567,0.0764,0.5714,0.0183,0.0408,0.6081,0.0661,0.4286,0.0261,0.045,0.5575,0.0789,0.5697
2014-09-24T00:01:59.060Z,0.0283,0.0433,0.5693,0.0753,0.5933,0.0203,0.0413,0.607,0.065,0.414,0.0223,0.041,0.5383,0.0757,0.54
2014-09-24T00:02:59.474Z,0.0239,0.04,0.5458,0.0732,0.5594,0.0206,0.0419,0.6068,0.0674,0.4597,0.0216,0.0416,0.5397,0.0752,0.5361
2014-09-24T00:03:59.814Z,0.0276,0.0432,0.5605,0.0758,0.6042,0.0192,0.0421,0.6045,0.0682,0.4187,0.025,0.0432,0.5463,0.0768,0.5732
2014-09-24T00:04:59.089Z,0.0257,0.0427,0.564,0.074,0.567,0.0103,0.0333,0.5783,0.0587,0.272,0.0227,0.0413,0.537,0.0747,0.546
2014-09-24T00:05:59.325Z,0.0254,0.0404,0.5596,0.0714,0.5957,0.0143,0.0371,0.5889,0.0614,0.3789,0.0239,0.0429,0.5425,0.0768,0.5479
2014-09-24T00:06:59.552Z,0.0305,0.0458,0.5803,0.0787,0.6239,0.0184,0.0413,0.5995,0.0682,0.43,0.0239,0.0426,0.5421,0.0768,0.5503
2014-09-24T00:07:59.884Z,0.0283,0.0439,0.5586,0.0769,0.6281,0.0211,0.0439,0.6056,0.0708,0.4686,0.0239,0.0431,0.5464,0.0781,0.5492
2014-09-24T00:08:59.163Z,0.03,0.0444,0.5717,0.0783,0.6208,0.0186,0.0406,0.5908,0.0658,0.44,0.0228,0.0422,0.5431,0.0758,0.5567
2014-09-24T00:09:59.526Z,0.0283,0.0457,0.57,0.0783,0.6077,0.0223,0.0434,0.6026,0.07,0.4546,0.0237,0.0429,0.548,0.0771,0.5726
2014-09-24T00:10:59.765Z,0.0276,0.0429,0.5593,0.0752,0.6162,0.019,0.0424,0.6043,0.0688,0.4212,0.0269,0.0457,0.5579,0.0795,0.5819
2014-09-24T00:11:59.095Z,0.0281,0.0439,0.5697,0.0771,0.6,0.0216,0.0429,0.6177,0.0671,0.4506,0.0226,0.0416,0.5381,0.0758,0.5532
2014-09-24T00:12:59.322Z,0.0287,0.0439,0.5663,0.0771,0.6239,0.0213,0.0429,0.6008,0.0705,0.455,0.0245,0.0439,0.5518,0.0776,0.5708
2014-09-24T00:13:59.689Z,0.0248,0.0415,0.5561,0.073,0.5721,0.0155,0.0388,0.5994,0.0655,0.3694,0.023,0.0433,0.5509,0.0773,0.5494
2014-09-24T00:14:59.951Z,0.0269,0.0434,0.5757,0.0749,0.5694,0.0151,0.0374,0.5914,0.0611,0.3531,0.0243,0.0446,0.5649,0.0786,0.5514
2014-09-24T00:15:59.264Z,0.0256,0.0417,0.5522,0.0747,0.5844,0.0206,0.04,0.6,0.0675,0.4397,0.0247,0.0439,0.5603,0.0772,0.5572
2014-09-24T00:16:59.730Z,0.0223,0.0388,0.5542,0.0708,0.555,0.0158,0.0369,0.59,0.0631,0.4073,0.0219,0.0419,0.5388,0.0754,0.5338
2014-09-24T00:17:59.203Z,0.0232,0.0397,0.5565,0.0715,0.5479,0.0162,0.0362,0.5962,0.0609,0.3871,0.0221,0.0421,0.5488,0.0765,0.5347
2014-09-24T00:18:59.499Z,0.0259,0.041,0.5544,0.0741,0.5851,0.0192,0.0413,0.6041,0.0669,0.4331,0.0233,0.0426,0.5464,0.0779,0.5405
2014-09-24T00:20:59.541Z,0.0237,0.04,0.5548,0.0723,0.5518,0.0163,0.0378,0.5868,0.0633,0.3965,0.0223,0.0418,0.5412,0.0768,0.5467
2014-09-24T00:21:59.948Z,0.026,0.0424,0.5652,0.0744,0.5896,0.0148,0.0384,0.5884,0.0636,0.3892,0.0216,0.0412,0.5404,0.0756,0.5412
2014-09-24T00:22:59.391Z,0.029,0.0429,0.5645,0.0758,0.6126,0.0181,0.0403,0.6013,0.0668,0.4306,0.0223,0.0406,0.5335,0.0761,0.5494
2014-09-24T00:23:59.673Z,0.0263,0.041,0.558,0.0738,0.5943,0.018,0.04,0.596,0.0668,0.4052,0.025,0.0438,0.5475,0.0785,0.5595
2014-09-24T00:24:59.026Z,0.0303,0.047,0.58,0.0803,0.619,0.0203,0.0418,0.6073,0.069,0.4395,0.0243,0.043,0.5443,0.0768,0.5503
2014-09-24T00:25:59.312Z,0.0287,0.0432,0.5653,0.0771,0.6287,0.0239,0.0476,0.6282,0.0729,0.4684,0.0253,0.0434,0.5532,0.0784,0.5589
2014-09-24T00:26:59.694Z,0.0232,0.0403,0.5603,0.0718,0.555,0.0194,0.0412,0.6044,0.0674,0.4241,0.0221,0.0418,0.5418,0.0768,0.5459
2014-09-24T00:27:59.964Z,0.0269,0.0425,0.5756,0.0738,0.5741,0.015,0.0384,0.6016,0.0641,0.3697,0.0266,0.0447,0.5559,0.0806,0.5741
2014-09-24T00:28:59.243Z,0.0272,0.0414,0.5592,0.0744,0.6039,0.0217,0.0453,0.6175,0.0703,0.4417,0.0244,0.0436,0.5506,0.0786,0.5575
2014-09-24T00:29:59.730Z,0.0263,0.0437,0.566,0.0757,0.55,0.0231,0.0446,0.6186,0.0709,0.4669,0.024,0.0423,0.5477,0.0783,0.5654
2014-09-24T00:30:59.107Z,0.0263,0.042,0.5623,0.0733,0.578,0.0157,0.0407,0.6033,0.064,0.3713,0.0243,0.0443,0.5513,0.0787,0.555
2014-09-24T00:31:59.461Z,0.027,0.0424,0.567,0.0741,0.5843,0.0197,0.0411,0.6127,0.0657,0.4162,0.0249,0.0451,0.5538,0.0795,0.5543
2014-09-24T00:32:59.864Z,0.0273,0.0429,0.5678,0.0754,0.5954,0.0217,0.0427,0.6117,0.0683,0.4237,0.0224,0.0422,0.5422,0.0759,0.5417
2014-09-24T00:33:59.123Z,0.0243,0.0407,0.5643,0.0717,0.5397,0.0137,0.038,0.596,0.0623,0.3597,0.0237,0.0423,0.5483,0.076,0.5493
2014-09-24T00:34:59.576Z,0.0237,0.0403,0.5534,0.074,0.5729,0.018,0.0406,0.602,0.0654,0.4006,0.028,0.0469,0.574,0.0791,0.5729
2014-09-24T00:35:59.879Z,0.0229,0.04,0.5514,0.072,0.5517,0.0209,0.0426,0.6026,0.0674,0.4389,0.0263,0.0449,0.5486,0.0803,0.5746
2014-09-24T00:36:59.286Z,0.0269,0.0436,0.5658,0.0767,0.5767,0.0186,0.0411,0.5858,0.0692,0.4211,0.0239,0.0417,0.5497,0.0786,0.5592
2014-09-24T00:37:59.496Z,0.0227,0.04,0.5545,0.0724,0.5527,0.0203,0.0439,0.6161,0.0697,0.4382,0.023,0.043,0.5439,0.0776,0.5279
2014-09-24T00:38:59.717Z,0.0253,0.0417,0.5597,0.0737,0.5637,0.0133,0.036,0.585,0.0617,0.356,0.0213,0.0417,0.5373,0.0757,0.5287
2014-09-24T00:39:59.033Z,0.0236,0.0412,0.5548,0.0736,0.5533,0.0206,0.0406,0.6064,0.0655,0.4103,0.0233,0.0424,0.5436,0.077,0.5297
2014-09-24T00:40:59.388Z,0.0243,0.0414,0.5492,0.0743,0.5681,0.0211,0.0432,0.6186,0.0684,0.4351,0.0238,0.0435,0.5457,0.0776,0.5589
2014-09-24T00:41:59.685Z,0.0287,0.0432,0.5589,0.0766,0.6376,0.0218,0.0434,0.6126,0.0692,0.4547,0.025,0.0434,0.5505,0.0795,0.5761
2014-09-24T00:42:59.048Z,0.0253,0.042,0.5528,0.0748,0.576,0.021,0.0435,0.6038,0.0695,0.442,0.022,0.0415,0.5365,0.0765,0.5275
2014-09-24T00:43:59.484Z,0.0236,0.04,0.5552,0.0715,0.5603,0.0155,0.0388,0.6,0.0636,0.3497,0.0245,0.0439,0.5515,0.0785,0.5542
2014-09-24T00:44:59.826Z,0.0247,0.04,0.5458,0.0731,0.5661,0.0208,0.0411,0.6019,0.0681,0.4269,0.0239,0.0428,0.5428,0.0786,0.5572
2014-09-24T00:45:59.113Z,0.0248,0.0415,0.5633,0.073,0.5567,0.0163,0.0378,0.5885,0.0641,0.4067,0.0226,0.0422,0.5352,0.0763,0.537
2014-09-24T00:46:59.448Z,0.0264,0.0423,0.5548,0.0757,0.6109,0.0202,0.0432,0.6043,0.07,0.4434,0.023,0.0425,0.5402,0.0755,0.5507
2014-09-24T00:47:59.804Z,0.0297,0.0452,0.5764,0.0776,0.5979,0.0194,0.0406,0.6012,0.0664,0.4294,0.0218,0.0415,0.5324,0.0761,0.527
2014-09-24T00:48:59.086Z,0.0253,0.0412,0.5591,0.0735,0.5885,0.0191,0.0403,0.5976,0.0662,0.4329,0.0247,0.0447,0.5532,0.0803,0.5447
2014-09-24T00:49:59.442Z,0.0285,0.0435,0.5715,0.0759,0.6071,0.0165,0.0382,0.5941,0.0626,0.4115,0.0232,0.0426,0.5456,0.0774,0.5491
2014-09-24T00:50:59.651Z,0.03,0.0471,0.5763,0.0787,0.6166,0.0187,0.0408,0.6008,0.0676,0.4421,0.0239,0.0432,0.5482,0.0784,0.5542
2014-09-24T00:51:59.902Z,0.0273,0.0433,0.57,0.0758,0.5825,0.0193,0.0425,0.6007,0.0688,0.4013,0.024,0.0438,0.5475,0.079,0.5648
2014-09-24T00:52:59.378Z,0.0265,0.0429,0.5652,0.0755,0.5761,0.019,0.0426,0.6055,0.0697,0.4116,0.0248,0.0445,0.56,0.0784,0.5587
2014-09-24T00:53:59.816Z,0.023,0.039,0.5477,0.073,0.566,0.018,0.0403,0.5963,0.0673,0.397,0.025,0.0437,0.5487,0.0777,0.5687
2014-09-24T00:54:59.204Z,0.0256,0.0426,0.5685,0.0729,0.5738,0.0188,0.0403,0.5962,0.0662,0.4206,0.0244,0.0424,0.5409,0.0774,0.5571
2014-09-24T00:55:59.578Z,0.028,0.0431,0.5694,0.0763,0.5951,0.0157,0.0397,0.5929,0.0657,0.39,0.0229,0.0417,0.536,0.078,0.5391
2014-09-24T00:56:59.961Z,0.0258,0.0428,0.5608,0.0758,0.5667,0.0164,0.0381,0.5958,0.0636,0.4081,0.0222,0.0425,0.5431,0.0761,0.5275
2014-09-24T00:57:59.883Z,0.0268,0.0413,0.557,0.0738,0.6012,0.0183,0.0408,0.5933,0.0675,0.4028,0.0223,0.0415,0.5285,0.076,0.536
2014-09-24T00:58:59.234Z,0.0253,0.0422,0.5539,0.075,0.5958,0.0192,0.0414,0.5947,0.0681,0.4228,0.0222,0.0422,0.5453,0.0772,0.5339
2014-09-24T00:59:59.452Z,0.025,0.0415,0.554,0.075,0.593,0.0178,0.041,0.6003,0.0678,0.4033,0.0233,0.0428,0.5545,0.0765,0.5395
2014-09-24T01:00:59.758Z,0.0233,0.0403,0.5467,0.0715,0.5385,0.0155,0.0355,0.5882,0.0606,0.3773,0.0242,0.0424,0.543,0.0767,0.5758
2014-09-24T01:01:59.043Z,0.0258,0.0421,0.5582,0.0758,0.5915,0.0139,0.0367,0.5827,0.0606,0.3561,0.0245,0.0436,0.5527,0.0776,0.5521
2014-09-24T01:02:59.375Z,0.0257,0.042,0.5633,0.0733,0.5713,0.0153,0.0353,0.5793,0.0623,0.381,0.022,0.041,0.53,0.0757,0.5357
2014-09-24T01:03:59.892Z,0.028,0.0433,0.5671,0.0764,0.5889,0.0207,0.0407,0.604,0.0671,0.4462,0.0247,0.044,0.5502,0.0767,0.5718
2014-09-24T01:04:59.196Z,0.0291,0.0452,0.5767,0.0773,0.6106,0.02,0.0424,0.6112,0.0676,0.4209,0.0239,0.043,0.5497,0.0773,0.5494
2014-09-24T01:05:59.484Z,0.0297,0.0443,0.5619,0.0773,0.6332,0.0205,0.0427,0.603,0.0684,0.4157,0.023,0.0435,0.5443,0.0751,0.5408
2014-09-24T01:06:59.816Z,0.0285,0.0431,0.559,0.0756,0.6113,0.02,0.0438,0.6123,0.0695,0.4441,0.0267,0.0459,0.5608,0.081,0.5774
2014-09-24T01:07:59.163Z,0.0232,0.0397,0.5594,0.071,0.5565,0.0174,0.0406,0.6013,0.0658,0.3865,0.0239,0.0442,0.5481,0.0781,0.5535
2014-09-24T01:08:59.344Z,0.0274,0.0432,0.5632,0.0756,0.5903,0.0176,0.0388,0.6059,0.0644,0.4191,0.0241,0.0432,0.5476,0.0791,0.5582
2014-09-24T01:09:59.755Z,0.0275,0.0436,0.5711,0.075,0.5872,0.02,0.0406,0.5964,0.0669,0.4206,0.0222,0.0403,0.5319,0.0761,0.5331
2014-09-24T01:10:59.225Z,0.028,0.0451,0.5666,0.078,0.5769,0.0154,0.0374,0.5897,0.0626,0.3911,0.0254,0.0443,0.558,0.0777,0.564
2014-09-24T01:11:59.898Z,0.0282,0.0426,0.5551,0.0764,0.6238,0.0218,0.0436,0.6,0.0715,0.4646,0.0231,0.0428,0.5495,0.0785,0.5326
2014-09-24T01:12:59.249Z,0.0276,0.043,0.5645,0.0758,0.5994,0.0236,0.0439,0.6118,0.0721,0.4939,0.0252,0.0436,0.5433,0.0779,0.553
2014-09-24T01:13:59.576Z,0.03,0.0462,0.5771,0.0797,0.6232,0.0209,0.0444,0.61,0.07,0.4574,0.0241,0.0441,0.5497,0.0782,0.5453
2014-09-24T01:14:59.833Z,0.0221,0.0386,0.5514,0.07,0.5421,0.0162,0.0376,0.5879,0.0631,0.3741,0.0238,0.0421,0.5397,0.0772,0.5583
2014-09-24T01:15:59.176Z,0.0318,0.0461,0.5818,0.0788,0.6379,0.0248,0.0473,0.6276,0.0742,0.493,0.0245,0.0427,0.5467,0.0788,0.5573
2014-09-24T01:16:59.439Z,0.0248,0.0403,0.5492,0.074,0.581,0.0195,0.0415,0.6065,0.0685,0.432,0.022,0.0418,0.5388,0.0747,0.5455
2014-09-24T01:17:59.854Z,0.0264,0.0424,0.561,0.0767,0.5867,0.0221,0.0445,0.6086,0.0714,0.436,0.0243,0.0438,0.5469,0.0776,0.5676
2014-09-24T01:18:59.215Z,0.0316,0.0476,0.5805,0.0805,0.6403,0.0208,0.0419,0.6043,0.0678,0.4465,0.0238,0.043,0.5492,0.0778,0.5624
2014-09-24T01:19:59.581Z,0.0262,0.0409,0.5585,0.0747,0.5847,0.0238,0.0453,0.6312,0.0697,0.4706,0.0229,0.0412,0.5394,0.0768,0.5438
2014-09-24T01:20:59.107Z,0.027,0.0425,0.5603,0.0755,0.5972,0.0263,0.0468,0.6232,0.0735,0.486,0.026,0.0455,0.5638,0.0793,0.5708
2014-09-24T01:21:59.542Z,0.0276,0.0429,0.5558,0.0766,0.6142,0.0187,0.0408,0.6005,0.0676,0.4095,0.0247,0.0439,0.5476,0.0792,0.5387
2014-09-24T01:22:59.922Z,0.026,0.0421,0.5526,0.0762,0.605,0.0238,0.0448,0.6102,0.0714,0.475,0.0255,0.0452,0.5695,0.0783,0.554
2014-09-24T01:23:59.276Z,0.0265,0.0435,0.5605,0.0772,0.5907,0.0244,0.0465,0.6251,0.0735,0.4823,0.0244,0.044,0.5674,0.0777,0.5609
2014-09-24T01:24:59.544Z,0.025,0.0422,0.56,0.0739,0.5625,0.0169,0.0372,0.5933,0.0644,0.4094,0.0228,0.0419,0.5392,0.0764,0.5267
2014-09-24T01:25:59.878Z,0.0238,0.0397,0.55,0.0728,0.545,0.0188,0.0419,0.6212,0.0666,0.3853,0.0225,0.0413,0.5325,0.0775,0.5441
2014-09-24T01:26:59.157Z,0.0261,0.0412,0.5542,0.0739,0.5864,0.0191,0.0415,0.6055,0.0676,0.4227,0.0239,0.0445,0.5485,0.0794,0.5433
2014-09-24T01:27:59.656Z,0.0259,0.0435,0.5681,0.0759,0.5573,0.0205,0.0424,0.6103,0.0681,0.427,0.0238,0.0424,0.5384,0.0762,0.5473
2014-09-24T01:28:59.030Z,0.0253,0.0419,0.5586,0.0742,0.5703,0.0192,0.0403,0.5978,0.0667,0.4517,0.0242,0.0433,0.54,0.0781,0.5619
2014-09-24T01:29:59.397Z,0.0197,0.0376,0.5479,0.0686,0.5217,0.0124,0.0369,0.5938,0.061,0.3283,0.0214,0.0414,0.5307,0.0772,0.519
2014-09-24T01:30:59.861Z,0.0239,0.0397,0.5448,0.0721,0.5612,0.0158,0.0379,0.5942,0.0624,0.3636,0.0212,0.0415,0.5345,0.0758,0.533
2014-09-24T01:31:59.457Z,0.0294,0.0456,0.564,0.0788,0.6135,0.0233,0.0448,0.6146,0.0717,0.4737,0.0237,0.0433,0.5481,0.0773,0.5565
2014-09-24T01:32:59.782Z,0.0268,0.0432,0.5615,0.0761,0.5895,0.0193,0.0378,0.5934,0.0641,0.4615,0.0207,0.041,0.5276,0.0754,0.502
2014-09-24T01:33:59.985Z,0.0233,0.0409,0.5518,0.0724,0.553,0.0179,0.0364,0.5927,0.0618,0.3921,0.023,0.0424,0.5424,0.0785,0.5467
2014-09-24T01:34:59.341Z,0.0253,0.041,0.5508,0.0745,0.5895,0.0225,0.0435,0.6138,0.071,0.4545,0.0243,0.0423,0.5422,0.0783,0.568
2014-09-24T01:35:59.569Z,0.0256,0.0425,0.5628,0.0738,0.5791,0.0134,0.0347,0.5816,0.0584,0.3437,0.0219,0.04,0.5253,0.0756,0.5447
2014-09-24T01:36:59.855Z,0.0263,0.0437,0.5697,0.074,0.579,0.0187,0.0383,0.5847,0.065,0.405,0.0263,0.0457,0.5593,0.0803,0.5807
2014-09-24T01:37:59.173Z,0.0207,0.0387,0.5443,0.0697,0.5197,0.0133,0.033,0.5787,0.0563,0.3293,0.0263,0.0443,0.5523,0.0783,0.5847
2014-09-24T01:38:59.522Z,0.0297,0.0462,0.5784,0.0797,0.6227,0.0211,0.0411,0.6068,0.0689,0.4646,0.0251,0.0441,0.5457,0.0781,0.5576
2014-09-24T01:39:59.201Z,0.0287,0.0442,0.5663,0.0768,0.6076,0.0182,0.0392,0.5942,0.0658,0.4066,0.0226,0.0416,0.5353,0.0774,0.5403
2014-09-24T01:40:59.590Z,0.027,0.0436,0.5575,0.0766,0.5923,0.0209,0.0423,0.6041,0.0691,0.4366,0.0241,0.0445,0.5589,0.0784,0.5545
2014-09-24T01:41:59.893Z,0.0273,0.0424,0.5555,0.0752,0.6036,0.0161,0.0379,0.5936,0.0645,0.3948,0.0224,0.0415,0.5324,0.0764,0.5373
2014-09-24T01:42:59.269Z,0.0246,0.0403,0.5514,0.0719,0.5603,0.0216,0.0411,0.6022,0.0681,0.4338,0.0232,0.0416,0.5386,0.0776,0.5478
2014-09-24T01:43:59.551Z,0.0234,0.0403,0.5408,0.0734,0.5855,0.0179,0.0397,0.5958,0.0671,0.4226,0.0224,0.0413,0.5303,0.0763,0.5234
2014-09-24T01:44:59.862Z,0.0262,0.0426,0.5615,0.0756,0.5954,0.0223,0.0431,0.609,0.0715,0.4782,0.0221,0.041,0.5405,0.0754,0.5405
2014-09-24T01:45:59.120Z,0.0253,0.0419,0.5525,0.0747,0.5808,0.0175,0.0386,0.5844,0.0658,0.4147,0.025,0.0442,0.5553,0.0789,0.5567
2014-09-24T01:46:59.350Z,0.0258,0.0418,0.5558,0.0736,0.5885,0.0176,0.0391,0.5845,0.0661,0.4206,0.02,0.0394,0.52,0.0745,0.5009
2014-09-24T01:47:59.695Z,0.0263,0.043,0.5657,0.074,0.5843,0.015,0.0377,0.587,0.0643,0.358,0.0227,0.0427,0.5457,0.0773,0.533
2014-09-24T01:48:59.990Z,0.0249,0.0406,0.55,0.0737,0.5831,0.0194,0.0406,0.5934,0.0674,0.4157,0.0226,0.0417,0.5331,0.0771,0.5417
2014-09-24T01:49:59.474Z,0.0261,0.0439,0.5697,0.0767,0.5748,0.0179,0.0388,0.5958,0.0658,0.3933,0.0236,0.0415,0.5336,0.0764,0.5658
2014-09-24T01:50:59.765Z,0.0265,0.0433,0.5625,0.076,0.5933,0.0223,0.045,0.6133,0.0723,0.4435,0.0225,0.0428,0.5468,0.0768,0.5397
2014-09-24T01:51:59.933Z,0.0247,0.0411,0.5495,0.0747,0.5755,0.0179,0.0392,0.5987,0.065,0.3861,0.025,0.0439,0.5542,0.0779,0.585
2014-09-24T01:52:59.324Z,0.0251,0.0414,0.5522,0.0735,0.5873,0.0168,0.0378,0.5949,0.063,0.4024,0.0249,0.0438,0.5454,0.0776,0.567
2014-09-24T01:53:59.642Z,0.0277,0.0428,0.5597,0.0762,0.6221,0.0179,0.04,0.6,0.069,0.3823,0.0272,0.0472,0.5685,0.08,0.5682
2014-09-24T01:54:59.046Z,0.0319,0.0475,0.5767,0.0806,0.6269,0.0206,0.0414,0.6028,0.07,0.4611,0.0211,0.0417,0.5419,0.0761,0.5306
2014-09-24T01:55:59.421Z,0.0218,0.0389,0.5529,0.07,0.5325,0.0146,0.0357,0.5782,0.0621,0.3818,0.0268,0.0454,0.5518,0.0761,0.5686
2014-09-24T01:56:59.788Z,0.0252,0.0406,0.5555,0.0719,0.5748,0.0187,0.0403,0.5974,0.0661,0.4271,0.0226,0.0423,0.5419,0.0777,0.539
2014-09-24T01:57:59.785Z,0.0263,0.0433,0.557,0.076,0.5933,0.02,0.0438,0.6067,0.0698,0.4253,0.0228,0.0433,0.549,0.0788,0.5177
2014-09-24T01:58:59.013Z,0.0274,0.044,0.5623,0.0772,0.5923,0.0188,0.0405,0.6067,0.0658,0.3926,0.0226,0.0416,0.5433,0.0765,0.5235
2014-09-24T01:59:59.455Z,0.0282,0.0432,0.5595,0.0774,0.5997,0.0216,0.0424,0.6008,0.07,0.4426,0.0226,0.0426,0.535,0.0768,0.5224
