2014-10-12T00:00:59.963Z,0.0289,0.0437,0.5613,0.0755,0.5953,0.0153,0.0358,0.5858,0.0587,0.3521,0.0203,0.0397,0.5226,0.0729,0.5189
2014-10-12T00:01:59.745Z,0.02,0.0344,0.5348,0.0626,0.463,0.0096,0.0289,0.5711,0.0485,0.2952,0.0185,0.0396,0.5152,0.0711,0.4678
2014-10-12T00:02:59.142Z,0.0231,0.0381,0.5439,0.0675,0.4881,0.0122,0.0331,0.5808,0.055,0.2908,0.0208,0.04,0.5356,0.0733,0.5203
2014-10-12T00:03:59.712Z,0.0275,0.0422,0.56,0.0725,0.5494,0.0138,0.0331,0.5869,0.0563,0.3278,0.0206,0.0419,0.5347,0.0731,0.4975
2014-10-12T00:04:59.195Z,0.0253,0.0408,0.5503,0.0706,0.5381,0.0139,0.0361,0.5881,0.0611,0.3269,0.0208,0.0411,0.5286,0.0742,0.5158
2014-10-12T00:05:59.580Z,0.0287,0.0422,0.5591,0.0742,0.5633,0.0147,0.0362,0.5942,0.0591,0.346,0.0213,0.0416,0.5424,0.0731,0.5269
2014-10-12T00:06:59.940Z,0.0253,0.0378,0.5422,0.0702,0.538,0.0143,0.0355,0.5883,0.0593,0.327,0.022,0.0413,0.547,0.0743,0.5285
2014-10-12T00:07:59.374Z,0.0217,0.0371,0.5378,0.0668,0.4917,0.0124,0.0349,0.5888,0.0588,0.2902,0.021,0.0415,0.5378,0.0732,0.5022
2014-10-12T00:08:59.963Z,0.0276,0.0398,0.552,0.0729,0.5632,0.0132,0.0332,0.58,0.0554,0.3432,0.022,0.0424,0.5405,0.0734,0.5278
2014-10-12T00:09:59.312Z,0.0288,0.0419,0.5606,0.0728,0.5612,0.0141,0.0338,0.5825,0.0556,0.3416,0.02,0.0403,0.5269,0.0731,0.4878
2014-10-12T00:10:59.774Z,0.0215,0.0355,0.5321,0.0642,0.4873,0.0112,0.0324,0.5791,0.0539,0.2897,0.02,0.0394,0.5167,0.0721,0.5003
2014-10-12T00:11:59.184Z,0.029,0.0421,0.5569,0.0721,0.5941,0.0159,0.0348,0.5845,0.0586,0.3531,0.0193,0.04,0.5245,0.0721,0.4855
2014-10-12T00:12:59.490Z,0.0217,0.0356,0.5317,0.0661,0.4978,0.0119,0.0333,0.5747,0.0572,0.2856,0.0214,0.0414,0.535,0.0736,0.5281
2014-10-12T00:13:59.499Z,0.0279,0.0426,0.5626,0.0724,0.5568,0.0126,0.0342,0.5863,0.0574,0.3045,0.0213,0.0408,0.5308,0.075,0.5258
2014-10-12T00:14:59.830Z,0.0287,0.0413,0.5524,0.0729,0.5776,0.0153,0.0363,0.5971,0.0603,0.3416,0.0232,0.0434,0.5484,0.0745,0.5363
2014-10-12T00:15:59.411Z,0.023,0.0384,0.5341,0.0678,0.5224,0.0127,0.0332,0.5897,0.0568,0.2895,0.0211,0.0405,0.5365,0.0735,0.5111
2014-10-12T00:17:59.395Z,0.0236,0.0374,0.5389,0.0679,0.509,0.0124,0.0343,0.5831,0.0564,0.3054,0.0206,0.0393,0.5204,0.0727,0.5
2014-10-12T00:18:59.613Z,0.0227,0.0362,0.5349,0.0676,0.5122,0.0168,0.0359,0.5873,0.0597,0.3603,0.0205,0.0403,0.5303,0.0732,0.5116
2014-10-12T00:19:59.981Z,0.0234,0.0371,0.5409,0.068,0.4846,0.0114,0.0311,0.5754,0.0531,0.2823,0.0223,0.0417,0.544,0.0737,0.5251
2014-10-12T00:20:59.392Z,0.0258,0.0411,0.5558,0.0713,0.5453,0.0168,0.0355,0.5911,0.0589,0.3958,0.0211,0.0403,0.5303,0.0734,0.5189
2014-10-12T00:21:59.862Z,0.0252,0.0407,0.5507,0.07,0.5333,0.015,0.0345,0.5917,0.0576,0.3488,0.021,0.041,0.5331,0.0726,0.5105
2014-10-12T00:22:59.159Z,0.0265,0.0394,0.555,0.07,0.5465,0.0141,0.0347,0.5806,0.0576,0.3579,0.0215,0.04,0.5335,0.0729,0.5138
2014-10-12T00:23:59.339Z,0.027,0.0406,0.5636,0.0715,0.5382,0.0148,0.0342,0.5855,0.0567,0.3424,0.02,0.0391,0.5221,0.0709,0.4836
2014-10-12T00:24:59.624Z,0.0255,0.039,0.5426,0.0712,0.5524,0.0129,0.0338,0.5774,0.0562,0.3112,0.0229,0.0433,0.5505,0.0752,0.5281
2014-10-12T00:26:59.973Z,0.0243,0.0372,0.5465,0.0683,0.5132,0.0126,0.0332,0.5785,0.0568,0.3217,0.0209,0.0408,0.5275,0.0732,0.5155
2014-10-12T00:27:59.446Z,0.0229,0.0371,0.5416,0.0677,0.4906,0.011,0.0332,0.589,0.0558,0.251,0.021,0.0397,0.5271,0.0729,0.5103
2014-10-12T00:28:59.066Z,0.0274,0.0395,0.545,0.0726,0.5736,0.0131,0.0333,0.5729,0.0579,0.3517,0.0231,0.044,0.5548,0.0771,0.5348
2014-10-12T00:29:59.434Z,0.0239,0.0372,0.5394,0.0692,0.5433,0.0142,0.0361,0.5842,0.0589,0.3419,0.0214,0.0406,0.525,0.0725,0.5347
2014-10-12T00:30:59.997Z,0.0224,0.0373,0.5408,0.0662,0.4897,0.0122,0.0319,0.5724,0.0541,0.3089,0.0214,0.0419,0.5359,0.073,0.5149
2014-10-12T00:31:59.880Z,0.0242,0.0394,0.5478,0.0692,0.4989,0.0158,0.0364,0.5928,0.0589,0.3706,0.0206,0.0403,0.5344,0.0739,0.5208
2014-10-12T00:32:59.251Z,0.026,0.0374,0.5448,0.0698,0.5329,0.0136,0.0348,0.5805,0.0581,0.3438,0.0229,0.0433,0.5536,0.075,0.5157
2014-10-12T00:33:59.766Z,0.0256,0.0388,0.5471,0.0717,0.5678,0.0168,0.0356,0.5802,0.06,0.3707,0.0207,0.0405,0.5385,0.0724,0.5107
2014-10-12T00:34:59.307Z,0.0284,0.0409,0.5566,0.0728,0.5725,0.0128,0.0338,0.5725,0.0566,0.3112,0.0203,0.0409,0.5303,0.0738,0.5078
2014-10-12T00:35:59.529Z,0.0282,0.0427,0.5602,0.0744,0.5691,0.0184,0.038,0.5956,0.0631,0.4189,0.0218,0.0422,0.55,0.0747,0.522
2014-10-12T00:36:59.810Z,0.0259,0.0385,0.5474,0.0703,0.5346,0.0146,0.0338,0.5854,0.0564,0.3503,0.0226,0.0413,0.5426,0.0731,0.5251
2014-10-12T00:37:59.302Z,0.0265,0.0398,0.5515,0.0715,0.5468,0.014,0.0338,0.5678,0.0575,0.3513,0.022,0.042,0.536,0.075,0.5228
2014-10-12T00:38:59.803Z,0.0249,0.0371,0.5466,0.0669,0.5257,0.0129,0.0329,0.572,0.056,0.3163,0.0206,0.04,0.5183,0.074,0.5043
2014-10-12T00:39:59.166Z,0.0222,0.0351,0.5357,0.0662,0.5116,0.0159,0.0373,0.5889,0.0624,0.383,0.0214,0.04,0.5241,0.0746,0.5316
2014-10-12T00:40:59.686Z,0.0271,0.0419,0.5536,0.0736,0.5629,0.0143,0.0357,0.5845,0.0586,0.34,0.021,0.0402,0.5264,0.0731,0.5129
2014-10-12T00:41:59.242Z,0.0248,0.0388,0.5385,0.0718,0.5247,0.0143,0.0333,0.5753,0.0568,0.3395,0.021,0.0405,0.5303,0.0745,0.5115
2014-10-12T00:42:59.687Z,0.0211,0.0364,0.5393,0.0661,0.4793,0.0132,0.0325,0.5643,0.0554,0.3461,0.0196,0.04,0.5221,0.0721,0.5161
2014-10-12T00:43:59.670Z,0.0213,0.035,0.534,0.0633,0.4747,0.0117,0.0323,0.5643,0.056,0.2983,0.0203,0.0393,0.5083,0.0723,0.5167
2014-10-12T00:44:59.906Z,0.029,0.0418,0.5644,0.0746,0.5528,0.0146,0.0333,0.5823,0.0574,0.349,0.0218,0.041,0.541,0.0738,0.5426
2014-10-12T00:45:59.292Z,0.0291,0.0435,0.5633,0.0749,0.5984,0.0165,0.0372,0.5921,0.0602,0.3781,0.0209,0.0405,0.5321,0.0723,0.5286
2014-10-12T00:46:59.694Z,0.0218,0.0339,0.5367,0.0648,0.493,0.0139,0.0352,0.5788,0.0582,0.3327,0.0212,0.0403,0.5306,0.0736,0.503
2014-10-12T00:47:59.043Z,0.0253,0.0374,0.5441,0.0709,0.555,0.0159,0.0362,0.585,0.06,0.3576,0.0221,0.0412,0.5426,0.0726,0.5224
2014-10-12T00:48:59.405Z,0.0243,0.0373,0.5419,0.0681,0.5219,0.0149,0.0349,0.5762,0.0597,0.3808,0.0208,0.0408,0.5359,0.0724,0.5111
2014-10-12T00:49:59.915Z,0.0255,0.04,0.5545,0.0715,0.5312,0.0133,0.0342,0.5848,0.0585,0.3285,0.0194,0.0394,0.5197,0.0736,0.4727
2014-10-12T00:50:59.246Z,0.0217,0.0367,0.5343,0.0663,0.4873,0.0113,0.0327,0.5773,0.0553,0.289,0.0217,0.0417,0.5403,0.0753,0.524
2014-10-12T00:51:59.484Z,0.0261,0.0403,0.5539,0.0719,0.5333,0.0156,0.0369,0.5917,0.0617,0.3706,0.0211,0.0408,0.5314,0.0728,0.5122
2014-10-12T00:52:59.957Z,0.02,0.0326,0.5235,0.0648,0.4687,0.0103,0.03,0.5713,0.0519,0.2761,0.021,0.0403,0.5277,0.0735,0.5116
2014-10-12T00:53:59.330Z,0.0227,0.0386,0.5425,0.0677,0.5039,0.0168,0.0373,0.592,0.0616,0.3798,0.022,0.0411,0.5468,0.0734,0.518
2014-10-12T00:54:59.751Z,0.0264,0.0411,0.5556,0.0708,0.5444,0.0147,0.0339,0.5753,0.0583,0.3386,0.0206,0.04,0.5319,0.0717,0.4928
2014-10-12T00:55:59.271Z,0.0252,0.04,0.551,0.0697,0.5274,0.0116,0.0332,0.5723,0.0568,0.2977,0.0203,0.0406,0.5319,0.0719,0.5161
2014-10-12T00:56:59.892Z,0.0253,0.0413,0.5485,0.07,0.5298,0.015,0.0343,0.585,0.056,0.343,0.021,0.0408,0.5255,0.0733,0.499
2014-10-12T00:57:59.842Z,0.0277,0.0414,0.5517,0.0726,0.578,0.0191,0.04,0.604,0.0634,0.4194,0.0223,0.04,0.5357,0.0731,0.5277
2014-10-12T00:58:59.205Z,0.023,0.0367,0.5477,0.065,0.4817,0.0107,0.0313,0.5843,0.0527,0.2653,0.0197,0.04,0.517,0.0717,0.5007
2014-10-12T00:59:59.385Z,0.0272,0.0395,0.5479,0.0723,0.5587,0.0151,0.0333,0.5787,0.0559,0.339,0.0215,0.0413,0.5351,0.0733,0.5159
