2014-09-16T00:00:59.157Z,0.0414,0.0541,0.6124,0.0897,0.7224,0.0411,0.0605,0.6703,0.09,0.6584,0.0305,0.0505,0.6049,0.0816,0.5916
2014-09-16T00:01:59.215Z,0.0444,0.0563,0.6125,0.0928,0.7359,0.0403,0.0603,0.6666,0.0894,0.6434,0.0316,0.05,0.6187,0.0809,0.6038
2014-09-16T00:02:59.780Z,0.044,0.0586,0.6274,0.0931,0.7291,0.0403,0.0609,0.6817,0.0869,0.6337,0.0291,0.0483,0.588,0.0823,0.5869
2014-09-16T00:03:59.852Z,0.0425,0.0539,0.605,0.0904,0.7325,0.0382,0.0596,0.6686,0.0879,0.6089,0.0307,0.0482,0.6021,0.0793,0.6046
2014-09-16T00:04:59.951Z,0.0464,0.0584,0.6308,0.0944,0.734,0.0292,0.0516,0.6232,0.0804,0.5608,0.034,0.0532,0.6264,0.0832,0.622
2014-09-16T00:05:59.004Z,0.0425,0.0563,0.6116,0.0925,0.7041,0.0372,0.0591,0.6559,0.0891,0.6328,0.03,0.0491,0.6084,0.0788,0.5572
2014-09-16T00:06:59.439Z,0.0459,0.0581,0.6275,0.095,0.7369,0.04,0.0597,0.6641,0.0909,0.6578,0.0334,0.0531,0.6191,0.0844,0.605
2014-09-16T00:07:59.512Z,0.0441,0.0573,0.6251,0.0924,0.7251,0.0359,0.0581,0.657,0.087,0.6141,0.0311,0.0514,0.6081,0.0814,0.5776
2014-09-16T00:08:59.646Z,0.0453,0.0581,0.63,0.0941,0.7372,0.0378,0.06,0.6684,0.0869,0.6113,0.0331,0.0538,0.6219,0.0822,0.5819
2014-09-16T00:09:59.714Z,0.0444,0.0564,0.6172,0.0928,0.732,0.0356,0.0564,0.6528,0.0872,0.6248,0.0292,0.0496,0.608,0.0804,0.5876
2014-09-16T00:10:59.826Z,0.0407,0.0545,0.609,0.091,0.7179,0.0417,0.0614,0.6634,0.0907,0.669,0.0324,0.0521,0.6152,0.0821,0.6048
2014-09-16T00:11:59.904Z,0.0412,0.0532,0.605,0.09,0.7321,0.0338,0.0565,0.6432,0.0862,0.5906,0.0306,0.0488,0.5985,0.0812,0.5871
2014-09-16T00:12:59.007Z,0.0423,0.0552,0.6171,0.0913,0.7365,0.0432,0.0639,0.6784,0.0929,0.6677,0.0306,0.051,0.6123,0.0813,0.5952
2014-09-16T00:13:59.308Z,0.0425,0.0547,0.6131,0.0914,0.7317,0.0378,0.0592,0.6633,0.0883,0.6258,0.0306,0.0494,0.6047,0.0808,0.6011
2014-09-16T00:14:59.451Z,0.0429,0.0553,0.6118,0.0918,0.7321,0.0424,0.0618,0.6768,0.0903,0.6579,0.03,0.0485,0.6006,0.0812,0.5944
2014-09-16T00:15:59.634Z,0.0404,0.0522,0.5952,0.0904,0.7239,0.0391,0.0578,0.6496,0.0874,0.6557,0.0283,0.0461,0.5983,0.0757,0.5778
2014-09-16T00:16:59.756Z,0.0431,0.0551,0.6172,0.091,0.7338,0.0426,0.0618,0.6797,0.0892,0.6679,0.0326,0.0523,0.6141,0.0828,0.6003
2014-09-16T00:17:59.152Z,0.0418,0.0548,0.6112,0.0909,0.7248,0.0424,0.0618,0.6833,0.0912,0.6609,0.0318,0.0506,0.6148,0.0812,0.5876
2014-09-16T00:18:59.206Z,0.0434,0.0566,0.6286,0.091,0.7131,0.0355,0.0555,0.6507,0.0852,0.6052,0.0272,0.0466,0.5907,0.0769,0.5652
2014-09-16T00:19:59.312Z,0.0395,0.0521,0.5926,0.0882,0.7229,0.0368,0.0576,0.6547,0.0876,0.6021,0.0313,0.0505,0.6074,0.0816,0.5905
2014-09-16T00:20:59.394Z,0.0418,0.0556,0.6071,0.0909,0.7221,0.0379,0.0576,0.6547,0.0871,0.6312,0.03,0.0503,0.5974,0.0815,0.5897
2014-09-16T00:21:59.555Z,0.0395,0.0529,0.6,0.0887,0.7003,0.0339,0.0558,0.6561,0.0853,0.5829,0.03,0.0487,0.6134,0.08,0.5832
2014-09-16T00:22:59.630Z,0.0394,0.0526,0.6018,0.0885,0.7094,0.0376,0.0568,0.6494,0.0874,0.6376,0.0321,0.0506,0.6003,0.0821,0.5965
2014-09-16T00:23:59.781Z,0.0409,0.0547,0.605,0.0919,0.7297,0.0409,0.06,0.6663,0.0884,0.6409,0.0275,0.0456,0.5931,0.0775,0.5763
2014-09-16T00:24:59.845Z,0.044,0.0563,0.614,0.0929,0.7286,0.0403,0.0594,0.6649,0.0871,0.6403,0.0283,0.0469,0.5997,0.078,0.5811
2014-09-16T00:25:59.953Z,0.0389,0.0537,0.6089,0.0883,0.6906,0.0383,0.0591,0.6674,0.0883,0.6503,0.0337,0.052,0.6214,0.0826,0.6269
2014-09-16T00:26:59.032Z,0.0417,0.0534,0.6023,0.09,0.7343,0.0423,0.0614,0.6691,0.0911,0.652,0.0297,0.0494,0.5923,0.0814,0.5577
2014-09-16T00:27:59.229Z,0.0434,0.0566,0.6174,0.0918,0.73,0.0418,0.0605,0.6737,0.0889,0.6416,0.0308,0.0497,0.5887,0.0824,0.575
2014-09-16T00:28:59.405Z,0.0454,0.0579,0.6271,0.0936,0.7407,0.0382,0.0589,0.67,0.0857,0.6296,0.0282,0.0482,0.5918,0.0804,0.5704
2014-09-16T00:29:59.545Z,0.0409,0.0541,0.6053,0.0906,0.7266,0.0403,0.0613,0.6681,0.0888,0.6403,0.0297,0.0497,0.6059,0.0816,0.5891
2014-09-16T00:30:59.596Z,0.0428,0.055,0.6108,0.0922,0.7372,0.0372,0.0567,0.6528,0.0864,0.6292,0.0325,0.0528,0.62,0.0828,0.6078
2014-09-16T00:31:59.721Z,0.0403,0.0526,0.5948,0.0913,0.7239,0.0368,0.059,0.6542,0.0887,0.6039,0.0316,0.051,0.6197,0.0803,0.5981
2014-09-16T00:32:59.838Z,0.0397,0.0541,0.6107,0.0893,0.7103,0.04,0.0607,0.6634,0.091,0.6434,0.029,0.0493,0.5941,0.0797,0.5831
2014-09-16T00:33:59.273Z,0.0409,0.0534,0.6056,0.0906,0.7344,0.0375,0.0591,0.6613,0.0878,0.6213,0.0291,0.0491,0.6016,0.0797,0.5906
2014-09-16T00:34:59.431Z,0.0439,0.0571,0.6245,0.0916,0.7265,0.0397,0.0577,0.6665,0.0874,0.6403,0.0287,0.0487,0.5955,0.08,0.58
2014-09-16T00:35:59.548Z,0.0391,0.0522,0.6044,0.0869,0.6969,0.0378,0.0575,0.6575,0.0875,0.6197,0.0313,0.0494,0.6147,0.0797,0.6206
2014-09-16T00:36:59.886Z,0.0422,0.0526,0.6022,0.0907,0.7459,0.0359,0.0578,0.6559,0.0856,0.6141,0.0296,0.0485,0.6048,0.0785,0.6074
2014-09-16T00:37:59.984Z,0.0437,0.0567,0.6148,0.0933,0.7274,0.0389,0.0589,0.6578,0.0904,0.6344,0.0307,0.0489,0.6074,0.0796,0.6059
2014-09-16T00:38:59.034Z,0.0415,0.0542,0.6088,0.0919,0.7304,0.0365,0.0573,0.6504,0.0873,0.6196,0.0273,0.0465,0.5881,0.0792,0.5638
2014-09-16T00:39:59.156Z,0.0448,0.0568,0.6177,0.0935,0.7445,0.0403,0.06,0.6661,0.089,0.6494,0.029,0.0487,0.5952,0.0803,0.5755
2014-09-16T00:40:59.339Z,0.0443,0.0562,0.6205,0.0932,0.7238,0.0395,0.06,0.6619,0.0892,0.6581,0.0335,0.0516,0.6168,0.0822,0.61
2014-09-16T00:41:59.444Z,0.0415,0.0539,0.6018,0.0909,0.7433,0.0391,0.0585,0.6676,0.0876,0.6312,0.0309,0.0482,0.607,0.0788,0.6106
2014-09-16T00:42:59.543Z,0.041,0.0533,0.6083,0.091,0.7252,0.04,0.0603,0.676,0.088,0.6343,0.0328,0.052,0.6173,0.0835,0.603
2014-09-16T00:43:59.634Z,0.0409,0.0519,0.6034,0.0894,0.7322,0.035,0.0569,0.6388,0.0856,0.6131,0.0297,0.0503,0.6088,0.0806,0.5788
2014-09-16T00:44:59.762Z,0.0456,0.0581,0.6225,0.0937,0.7419,0.0372,0.0578,0.6628,0.0872,0.6284,0.0325,0.0528,0.6131,0.0834,0.6
2014-09-16T00:45:59.996Z,0.0429,0.0554,0.6149,0.0914,0.7434,0.0406,0.0606,0.6794,0.0886,0.626,0.0311,0.0517,0.5969,0.0834,0.5903
2014-09-16T00:46:59.072Z,0.0441,0.0578,0.6251,0.0924,0.7332,0.037,0.0578,0.6646,0.087,0.6135,0.0292,0.0478,0.593,0.0786,0.5981
2014-09-16T00:47:59.207Z,0.0417,0.0533,0.6003,0.0906,0.7256,0.0414,0.0617,0.6811,0.0906,0.6486,0.0308,0.0492,0.6033,0.0803,0.5964
2014-09-16T00:48:59.367Z,0.0404,0.0532,0.6021,0.0904,0.7321,0.0354,0.0554,0.6511,0.0854,0.6121,0.0289,0.0511,0.6157,0.0814,0.5554
2014-09-16T00:49:59.561Z,0.0443,0.057,0.625,0.0927,0.7253,0.0387,0.06,0.6593,0.09,0.6393,0.0317,0.052,0.6027,0.0837,0.581
2014-09-16T00:50:59.713Z,0.043,0.0558,0.6148,0.0915,0.7303,0.0312,0.0521,0.633,0.0818,0.5545,0.0282,0.0491,0.5924,0.0812,0.5715
2014-09-16T00:51:59.877Z,0.0407,0.0521,0.5948,0.0914,0.7276,0.0359,0.0579,0.651,0.0893,0.6231,0.0338,0.0528,0.62,0.0841,0.6041
2014-09-16T00:52:59.977Z,0.0416,0.0542,0.6123,0.0913,0.7219,0.0397,0.0597,0.6735,0.0871,0.6406,0.0287,0.0484,0.5981,0.0797,0.5887
2014-09-16T00:53:59.159Z,0.0381,0.0508,0.5903,0.0881,0.697,0.0332,0.0541,0.6424,0.0832,0.5889,0.0289,0.0468,0.5927,0.0776,0.6041
2014-09-16T00:54:59.413Z,0.0415,0.0539,0.6052,0.09,0.7212,0.0415,0.0612,0.6727,0.0891,0.6482,0.0318,0.0512,0.6045,0.0824,0.6088
2014-09-16T00:55:59.536Z,0.0423,0.0553,0.61,0.09,0.7373,0.0395,0.059,0.6583,0.088,0.6498,0.0303,0.0495,0.6043,0.0818,0.5887
2014-09-16T00:56:59.690Z,0.0447,0.0597,0.6339,0.0942,0.7036,0.0422,0.0603,0.6747,0.0886,0.6636,0.0333,0.0528,0.6081,0.0833,0.6047
2014-09-16T00:57:59.747Z,0.0412,0.0527,0.6027,0.0904,0.7208,0.0369,0.0558,0.6435,0.0862,0.5962,0.0288,0.0492,0.6054,0.0796,0.5888
2014-09-16T00:58:59.882Z,0.0403,0.0535,0.603,0.0897,0.7333,0.035,0.0553,0.649,0.0835,0.5965,0.0313,0.0515,0.6217,0.083,0.5898
2014-09-16T00:59:59.966Z,0.0422,0.0552,0.6156,0.0911,0.7381,0.0393,0.0581,0.6504,0.0889,0.6548,0.0333,0.0515,0.6159,0.0826,0.6033
