2014-12-05T00:00:59.472Z,4.8786,60.6576,231.7879,0.2614,0.0834,2.738,56.5318,231.6498,0.2444,0.0492,83.3982,100.1646,233.2043,0.4298,0.8338
2014-12-05T00:01:59.256Z,4.9658,62.4948,232.1534,0.2689,0.0818,2.8397,58.9332,230.8407,0.2557,0.0484,83.5889,100.0431,233.3264,0.4286,0.837
2014-12-05T00:02:59.266Z,4.6797,63.7944,232.5225,0.2745,0.0746,2.3616,56.7192,231.6071,0.2449,0.0424,83.5958,101.9779,233.5543,0.4366,0.8216
2014-12-05T00:03:59.544Z,4.4562,62.6441,233.0136,0.2695,0.0727,2.517,55.9878,231.8262,0.2414,0.044,82.9665,100.1422,233.1922,0.4298,0.8298
2014-12-05T00:04:59.574Z,5.0737,65.0497,232.5047,0.2801,0.0798,3.4533,59.7232,232.4796,0.2567,0.0544,83.056,100.849,232.6813,0.4332,0.8242
2014-12-05T00:05:59.895Z,4.8447,64.2454,232.5396,0.2765,0.0764,2.4048,56.9485,232.3964,0.2454,0.0422,82.9762,101.2616,232.6367,0.4351,0.8203
2014-12-05T00:06:59.685Z,4.8189,64.051,232.5469,0.2756,0.0768,2.535,59.4003,232.5873,0.2553,0.0437,83.6411,102.1224,232.7616,0.4388,0.8206
2014-12-05T00:07:59.982Z,5.0277,64.7288,232.5185,0.2777,0.0797,2.2935,58.4148,232.6823,0.2512,0.0404,83.5998,102.0522,233.0098,0.4377,0.8205
2014-12-05T00:08:59.473Z,3.9184,63.2519,232.0922,0.2724,0.0611,2.345,60.5342,232.6131,0.2602,0.0376,83.4907,102.7692,233.0681,0.4412,0.8138
2014-12-05T00:09:59.788Z,4.1589,65.708,231.8936,0.2832,0.0642,3.0563,57.707,232.8267,0.2477,0.0519,83.9431,101.2999,233.6344,0.4333,0.8292
2014-12-05T00:10:59.536Z,4.5977,63.5581,231.7418,0.2746,0.0726,3.079,58.6403,233.1222,0.2514,0.0524,83.7226,102.8519,233.3196,0.441,0.8149
2014-12-05T00:11:59.638Z,5.2689,65.5037,233.1043,0.2808,0.0822,3.2132,59.9182,233.0011,0.2571,0.0554,83.7456,101.2248,233.111,0.4338,0.8278
2014-12-05T00:12:59.707Z,4.8393,64.6742,233.8078,0.2767,0.076,2.4713,58.9734,231.3749,0.2547,0.0391,84.6735,102.966,234.123,0.44,0.8235
2014-12-05T00:13:59.437Z,4.7734,64.7846,234.1702,0.2767,0.0744,2.1092,58.0413,231.1575,0.2504,0.0358,84.5222,101.9709,234.1164,0.4359,0.8295
2014-12-05T00:14:59.849Z,4.8211,65.138,234.1103,0.2786,0.0754,2.2736,58.9166,232.1882,0.254,0.0401,83.8821,102.3452,233.6227,0.4382,0.8208
2014-12-05T00:15:59.910Z,4.9741,65.753,233.7143,0.2818,0.0768,2.0804,58.1195,233.7325,0.2482,0.0356,83.8034,101.7035,233.0008,0.4362,0.8243
2014-12-05T00:16:59.517Z,4.604,65.3568,233.9276,0.2796,0.0721,3.0778,59.4377,232.9602,0.2554,0.051,83.8251,101.6012,233.5953,0.4347,0.8256
2014-12-05T00:17:59.042Z,5.0453,65.7702,233.9678,0.2812,0.0784,2.3748,59.3478,230.5543,0.2576,0.04,84.1907,103.0896,233.8674,0.4407,0.8187
2014-12-05T00:18:59.938Z,4.7201,64.2854,234.5295,0.274,0.0778,2.266,58.4296,230.0208,0.2542,0.0379,83.9211,101.7595,233.6102,0.4353,0.8264
2014-12-05T00:19:59.951Z,4.986,63.2907,234.741,0.2691,0.0793,2.3873,54.6165,230.7137,0.2373,0.0435,83.7759,102.0499,233.5704,0.4369,0.8231
2014-12-05T00:20:59.595Z,5.4958,63.0524,234.3769,0.269,0.0892,2.5063,56.6311,230.813,0.2454,0.0452,83.853,100.7803,233.6619,0.4314,0.8331
2014-12-05T00:21:59.319Z,4.8449,62.5362,234.7355,0.2664,0.0793,1.7592,55.2011,231.1575,0.239,0.0349,84.1324,102.6645,234.0191,0.4381,0.8213
2014-12-05T00:22:59.545Z,4.1252,62.7371,234.3948,0.2679,0.0666,2.356,58.6975,231.3381,0.2537,0.0408,83.8597,101.8384,233.2503,0.4371,0.8248
2014-12-05T00:23:59.335Z,4.9013,63.8222,233.4577,0.2733,0.0807,2.049,59.7349,233.128,0.2562,0.0368,84.2405,102.111,233.4829,0.4374,0.8269
2014-12-05T00:24:59.080Z,4.6888,65.1264,233.6772,0.2786,0.0721,2.4623,57.5433,234.077,0.2456,0.0426,83.6637,101.236,233.772,0.4332,0.8263
2014-12-05T00:25:59.548Z,4.4225,65.925,233.6921,0.2821,0.0676,2.7025,60.7697,233.2858,0.2599,0.0433,83.4816,101.7434,233.6153,0.4351,0.8221
2014-12-05T00:26:59.204Z,4.3561,65.3478,234.092,0.279,0.0668,2.4096,58.5352,229.7666,0.2548,0.0402,84.5672,101.4757,234.6704,0.4323,0.8338
2014-12-05T00:27:59.774Z,4.4414,62.7188,233.8759,0.2679,0.0711,2.5957,58.1809,229.8159,0.2536,0.0438,84.6864,102.8229,234.6397,0.4383,0.8245
2014-12-05T00:28:59.756Z,4.797,65.2505,234.1103,0.2787,0.0749,2.2274,59.0214,231.3825,0.2552,0.0395,84.2908,102.4622,234.3402,0.4373,0.8235
2014-12-05T00:29:59.493Z,4.7247,65.3239,234.184,0.2784,0.0732,2.8881,59.7474,233.6967,0.2566,0.0489,83.696,102.6916,233.8751,0.4394,0.8159
2014-12-05T00:30:59.687Z,4.7233,64.6078,233.8079,0.2768,0.0745,2.5618,58.7337,233.8465,0.2508,0.0422,83.936,102.0879,233.6708,0.4366,0.8229
2014-12-05T00:31:59.574Z,5.128,63.4381,233.5525,0.2711,0.0816,2.6245,58.9747,234.5389,0.2514,0.0444,84.0545,102.62,233.927,0.4387,0.82
2014-12-05T00:32:59.746Z,5.322,65.812,233.8273,0.2811,0.0821,2.2749,58.3308,232.1176,0.2514,0.0387,84.7377,102.7077,234.6827,0.4374,0.8265
2014-12-05T00:33:59.349Z,4.3154,65.1377,234.1915,0.2774,0.066,2.6987,56.4647,231.3543,0.2443,0.0477,84.4704,102.6138,234.9356,0.437,0.8246
2014-12-05T00:34:59.251Z,4.7926,63.8849,234.3668,0.2728,0.0759,2.1167,60.4332,232.8786,0.2597,0.0357,84.8367,104.9581,234.3197,0.448,0.8099
2014-12-05T00:35:59.411Z,4.9922,64.8948,233.2733,0.278,0.0779,2.8396,60.4086,234.0948,0.2578,0.047,83.6483,101.3763,233.4628,0.4342,0.8261
2014-12-05T00:36:59.139Z,4.4937,64.2019,232.8927,0.2758,0.0719,2.5924,59.9367,234.2978,0.2552,0.0433,83.5402,101.302,233.3876,0.4336,0.8254
2014-12-05T00:37:59.906Z,4.219,64.0309,233.1688,0.2748,0.0658,3.3334,63.6587,234.5022,0.2716,0.0526,83.5404,101.3532,233.4862,0.4345,0.8252
2014-12-05T00:38:59.062Z,4.238,64.4221,233.1263,0.2766,0.0654,2.7972,58.8169,233.4302,0.252,0.0469,83.8757,101.6184,234.0829,0.4342,0.8264
2014-12-05T00:39:59.709Z,4.8384,64.5288,233.8583,0.2755,0.0776,2.4462,57.7388,231.3465,0.2497,0.0414,84.804,102.9597,234.5428,0.4386,0.8246
2014-12-05T00:40:59.730Z,4.6897,65.3808,233.8011,0.2798,0.0724,2.6474,57.5986,230.2321,0.2503,0.046,84.3761,102.8639,234.6142,0.4384,0.8212
2014-12-05T00:41:59.598Z,4.9626,63.3667,233.3643,0.2715,0.0799,2.3847,58.3936,232.4916,0.2513,0.0426,83.7684,101.8353,233.4964,0.4365,0.8238
2014-12-05T00:42:59.650Z,4.8642,64.8156,233.2014,0.2773,0.0745,2.882,58.7164,232.8991,0.2523,0.049,83.8209,101.5984,234.0177,0.4342,0.8265
2014-12-05T00:43:59.738Z,4.7252,64.5319,233.229,0.2765,0.0742,2.5621,57.6725,233.2795,0.2475,0.0457,84.5204,102.2451,234.3449,0.4368,0.8274
2014-12-05T00:44:59.136Z,5.2536,65.7269,233.6069,0.2812,0.0799,2.6384,59.5122,233.3603,0.2548,0.0443,84.8023,102.4713,234.6694,0.4369,0.8283
2014-12-05T00:45:59.134Z,4.8902,64.2525,233.2177,0.2755,0.0763,2.6671,58.598,233.3833,0.2512,0.0444,83.9558,101.8854,234.2238,0.4351,0.8253
2014-12-05T00:46:59.454Z,5.1992,64.1632,233.4515,0.2749,0.0818,2.0618,56.8377,233.0053,0.2436,0.0368,84.7759,102.5641,234.649,0.4372,0.828
2014-12-05T00:47:59.799Z,4.8975,63.6298,233.8659,0.272,0.0777,2.4497,56.0889,230.6104,0.2431,0.043,85.2295,103.4644,235.8693,0.4386,0.826
2014-12-05T00:48:59.285Z,4.4646,63.0511,233.1446,0.2701,0.071,2.6706,59.2674,232.3047,0.255,0.0454,85.022,102.196,235.3661,0.4341,0.8327
2014-12-05T00:49:59.403Z,4.8786,64.7069,233.3793,0.2773,0.076,2.9043,59.6046,234.1253,0.2548,0.0491,84.3349,102.3559,234.8102,0.4358,0.8244
2014-12-05T00:51:59.109Z,4.8296,64.3923,232.7663,0.2765,0.0763,2.6524,58.1485,233.6171,0.249,0.046,84.5695,102.8527,234.6114,0.4386,0.8228
2014-12-05T00:52:59.656Z,5.2519,65.743,231.9184,0.2841,0.08,3.0544,62.3903,234.1556,0.2665,0.0487,84.4397,101.2807,234.7968,0.4315,0.8337
2014-12-05T00:53:59.335Z,5.0026,64.2352,231.8573,0.2768,0.0797,2.4879,57.3371,234.8453,0.2445,0.0443,83.8737,101.9992,234.2457,0.4353,0.8227
2014-12-05T00:54:59.759Z,4.6104,64.2779,232.7242,0.2758,0.0723,2.6422,59.8634,234.3364,0.2557,0.0437,84.1146,102.6335,233.9777,0.439,0.8202
2014-12-05T00:55:59.540Z,4.7491,63.8282,233.6242,0.2734,0.0757,2.5185,58.0991,233.8067,0.2482,0.0424,84.534,101.7659,234.562,0.4337,0.8312
2014-12-05T00:56:59.938Z,4.7242,64.2883,234.2097,0.274,0.0741,2.7377,59.2902,231.3573,0.2561,0.0451,85.0129,103.3133,235.0716,0.4396,0.824
2014-12-05T00:57:59.466Z,5.5547,64.1014,233.7891,0.274,0.0873,2.3048,57.3869,233.418,0.2458,0.0414,83.8759,101.5678,233.9722,0.4337,0.8264
2014-12-05T00:58:59.446Z,4.2788,64.3105,233.5608,0.2749,0.0658,2.481,57.1733,234.1559,0.2442,0.0432,84.0018,102.0389,234.1656,0.436,0.8238
2014-12-05T00:59:59.476Z,4.7174,65.7904,233.533,0.2821,0.0719,2.8686,58.302,233.7719,0.2492,0.0482,84.5213,102.6694,234.0377,0.4386,0.8242
