2015-05-15T00:00:59.755Z,5.3163,71.4557,231.3386,0.3096,0.0756,-7.4427,65.0846,232.2262,0.2802,-0.1167,11.8553,67.2656,232.4248,0.2896,0.1776
2015-05-15T00:01:59.040Z,4.402,72.3374,231.0368,0.3134,0.0607,-6.6114,66.429,231.9912,0.286,-0.1001,11.1457,67.9587,232.9897,0.2918,0.1669
2015-05-15T00:02:59.196Z,5.1104,71.9513,230.6487,0.3115,0.0725,-6.4579,65.8302,231.851,0.2834,-0.0991,11.7633,65.8034,232.7097,0.2831,0.1777
2015-05-15T00:03:59.412Z,5.8448,71.562,230.9133,0.31,0.0825,-6.5687,64.2963,232.0714,0.277,-0.1024,11.4663,66.0644,233.034,0.2834,0.1749
2015-05-15T00:04:59.610Z,4.8108,72.3826,230.2244,0.3145,0.0673,-6.9719,66.2667,231.6463,0.2862,-0.1056,11.3549,66.3896,232.1959,0.2859,0.1715
2015-05-15T00:05:59.816Z,6.2129,71.6378,229.3789,0.3122,0.0884,-7.6047,66.6735,231.7241,0.2876,-0.1171,11.6296,66.319,232.5278,0.285,0.1785
2015-05-15T00:06:59.135Z,6.1638,71.49,229.3071,0.3115,0.0869,-7.8411,64.2101,231.9569,0.2766,-0.1218,11.3876,67.4608,232.7311,0.2898,0.1693
2015-05-15T00:07:59.563Z,6.1984,71.3909,228.9034,0.3117,0.0875,-7.4959,65.6748,231.6176,0.2835,-0.1185,11.6484,65.9691,232.343,0.2846,0.1791
2015-05-15T00:08:59.845Z,6.8965,71.7259,228.6592,0.3138,0.0977,-7.098,66.2793,231.7118,0.2867,-0.1095,11.3113,66.7752,232.4985,0.287,0.1703
2015-05-15T00:09:59.080Z,5.9926,71.7708,228.1143,0.3143,0.0837,-7.1679,66.6448,232.2392,0.2872,-0.1098,11.134,67.2083,232.5774,0.2887,0.1658
2015-05-15T00:10:59.293Z,5.6324,71.9086,228.2793,0.3148,0.0779,-7.387,66.6849,232.0857,0.2874,-0.112,11.6808,67.8792,231.8601,0.2929,0.1719
2015-05-15T00:11:59.694Z,5.7176,72.3805,228.8448,0.3164,0.0804,-7.3263,66.5592,231.6859,0.287,-0.1134,11.76,67.1018,231.6159,0.2897,0.1762
2015-05-15T00:12:59.028Z,6.0811,70.5674,229.7852,0.3072,0.088,-7.5465,65.6738,232.6143,0.2827,-0.1162,12.2802,66.1611,232.5847,0.2846,0.187
2015-05-15T00:13:59.292Z,6.6284,70.6655,230.0663,0.3067,0.0953,-7.9522,65.5904,232.848,0.2817,-0.126,12.128,66.3238,232.5982,0.2843,0.1883
2015-05-15T00:14:59.523Z,6.48,72.229,230.1473,0.3136,0.0923,-7.7466,66.4459,232.9789,0.2848,-0.1159,11.3444,68.0804,232.9932,0.2926,0.1689
2015-05-15T00:15:59.747Z,6.3262,72.9069,230.0109,0.317,0.0885,-7.4054,65.8556,232.7149,0.2829,-0.1138,11.7302,67.3288,232.6912,0.2892,0.1746
2015-05-15T00:16:59.015Z,5.7108,72.1447,230.423,0.3127,0.0799,-7.4066,64.8732,232.8059,0.2789,-0.1149,11.2093,70.1536,233.0003,0.3008,0.1606
2015-05-15T00:17:59.250Z,5.8899,72.4666,231.5978,0.3131,0.0824,-6.9403,67.3089,232.9102,0.2892,-0.1035,11.7174,67.0637,233.4409,0.2867,0.1751
2015-05-15T00:18:59.484Z,6.334,73.1514,232.0323,0.3152,0.087,-7.2656,66.1168,233.3016,0.2824,-0.1127,11.9655,68.2321,233.7029,0.2918,0.1791
2015-05-15T00:19:59.728Z,6.7775,72.2355,232.2778,0.3111,0.0957,-7.5802,66.2899,233.4203,0.2842,-0.1151,11.8286,67.8583,233.786,0.29,0.1753
2015-05-15T00:20:59.948Z,6.5856,72.0709,232.5969,0.3098,0.0918,-8.4176,66.401,233.8068,0.2843,-0.1285,11.6556,68.0908,234.1241,0.2909,0.1726
2015-05-15T00:21:59.279Z,5.9867,72.1942,232.4122,0.3103,0.083,-7.8567,68.9201,233.5652,0.2947,-0.1166,11.3229,67.1382,234.0953,0.2866,0.1678
2015-05-15T00:22:59.473Z,6.4936,72.1881,231.5886,0.3113,0.0912,-7.8286,64.7931,232.7064,0.278,-0.1246,11.4881,67.3135,233.3097,0.2886,0.1715
2015-05-15T00:23:59.674Z,6.6516,71.9605,231.038,0.3115,0.0935,-7.1829,65.6001,232.0754,0.2826,-0.1116,11.7581,68.9069,232.7927,0.2965,0.1716
2015-05-15T00:24:59.116Z,6.0169,72.3336,230.1027,0.3149,0.0826,-7.7391,67.3491,232.2844,0.2897,-0.1172,12.0168,69.3683,232.6502,0.2981,0.1729
2015-05-15T00:25:59.347Z,5.8414,72.756,230.0099,0.3164,0.0818,-7.2182,66.5552,232.6151,0.2861,-0.1089,11.8353,66.5285,232.7897,0.2859,0.178
2015-05-15T00:26:59.587Z,5.8368,72.2266,229.7562,0.3144,0.0814,-7.5676,66.499,231.9958,0.2864,-0.1166,11.3701,67.5544,232.7001,0.2901,0.1679
2015-05-15T00:27:59.829Z,6.1613,71.8324,229.5354,0.3131,0.0885,-7.9208,64.8204,232.261,0.2792,-0.1248,11.5577,66.2715,231.9392,0.2859,0.1782
2015-05-15T00:28:59.104Z,6.2328,72.1304,229.6121,0.3148,0.0883,-7.3076,64.9587,231.6151,0.2809,-0.1146,11.3019,66.3306,231.8952,0.2858,0.1723
2015-05-15T00:29:59.252Z,6.6742,72.4684,230.0092,0.3148,0.0931,-8.1157,63.7111,231.203,0.2758,-0.1257,11.8471,65.3807,231.4132,0.2826,0.1824
2015-05-15T00:30:59.480Z,6.0013,72.0892,230.3952,0.313,0.084,-7.29,65.3531,231.348,0.2825,-0.1124,11.4042,67.2505,231.6004,0.2902,0.1699
2015-05-15T00:31:59.667Z,6.2741,72.2276,230.29,0.3134,0.0871,-7.3443,67.1198,231.7412,0.2893,-0.1114,11.3909,67.2421,231.5767,0.2904,0.1713
2015-05-15T00:32:59.016Z,6.9563,70.5046,229.9549,0.3066,0.0992,-7.5557,64.7707,231.3141,0.2799,-0.1198,11.7534,67.0267,231.3828,0.2896,0.1779
2015-05-15T00:33:59.221Z,6.162,71.8443,229.7933,0.3123,0.0877,-7.7592,66.1401,231.4699,0.2864,-0.1185,11.521,67.0363,231.346,0.2897,0.1713
2015-05-15T00:34:59.752Z,6.072,72.972,230.4416,0.3164,0.0847,-7.7646,66.2227,232.0051,0.2856,-0.1195,11.7596,67.6773,231.7185,0.2922,0.1736
2015-05-15T00:35:59.185Z,5.7543,72.0853,230.4541,0.3128,0.079,-7.6952,66.5049,232.126,0.2864,-0.1166,12.1266,67.0623,231.7778,0.2892,0.1812
2015-05-15T00:36:59.476Z,6.5533,72.8125,231.1976,0.3146,0.0916,-7.579,66.1258,232.7688,0.284,-0.1158,10.9632,67.3121,232.506,0.2892,0.1629
2015-05-15T00:37:59.721Z,6.5498,72.412,231.3625,0.3132,0.0898,-7.6102,66.2312,233.2603,0.2837,-0.1162,11.8945,67.8067,233.0527,0.291,0.1747
2015-05-15T00:39:59.330Z,6.28,71.3455,231.1487,0.3087,0.0883,-7.5574,66.3205,232.6513,0.2849,-0.1145,11.2266,67.7259,232.8194,0.2907,0.1669
2015-05-15T00:40:59.780Z,5.7586,72.2046,229.9305,0.3138,0.0803,-7.5017,64.2634,231.6091,0.277,-0.1176,11.7214,66.8528,231.5787,0.2884,0.1746
2015-05-15T00:41:59.054Z,6.8503,71.1058,229.3594,0.31,0.098,-7.5711,65.9319,231.1872,0.285,-0.1162,11.4889,67.5391,231.2048,0.2921,0.1703
2015-05-15T00:42:59.440Z,6.311,72.4073,230.2665,0.3145,0.0887,-6.9179,64.9499,230.9046,0.2818,-0.1107,11.5413,66.5713,231.6931,0.2871,0.1771
2015-05-15T00:43:59.780Z,6.5778,72.7676,231.1362,0.3148,0.0905,-8.2591,65.5674,228.2381,0.2873,-0.128,11.6399,66.5075,232.4237,0.2863,0.1756
2015-05-15T00:44:59.185Z,6.4936,73.7893,231.7907,0.3182,0.0882,-8.0013,66.7241,231.1021,0.2888,-0.1208,11.7319,67.4463,232.8093,0.2898,0.175
2015-05-15T00:45:59.560Z,6.8497,72.3883,231.6792,0.3123,0.0957,-7.4264,65.2358,232.1927,0.281,-0.1143,11.466,69.165,232.5861,0.2975,0.1676
2015-05-15T00:46:59.988Z,6.7311,73.4219,232.2098,0.3162,0.0916,-6.7654,64.9513,232.5053,0.2796,-0.1056,11.6329,67.603,232.7276,0.2907,0.173
2015-05-15T00:47:59.229Z,6.095,72.6523,232.3448,0.313,0.0851,-7.3157,65.5863,232.4822,0.2818,-0.1127,11.8416,68.8326,232.7938,0.2959,0.1717
2015-05-15T00:48:59.464Z,6.363,72.4457,231.7255,0.3126,0.0879,-7.2754,66.3402,232.6408,0.2853,-0.1121,11.8556,67.1958,233.1936,0.2882,0.1789
2015-05-15T00:49:59.725Z,6.5668,72.5291,231.1598,0.3138,0.0928,-7.537,66.5657,232.2891,0.2866,-0.1136,11.5658,67.6139,233.1318,0.2904,0.1728
2015-05-15T00:50:59.095Z,6.5622,73.385,231.2223,0.3167,0.0901,-7.0267,67.0101,231.7537,0.2897,-0.105,11.5022,68.8306,233.0989,0.2952,0.1669
2015-05-15T00:51:59.390Z,6.6482,72.6471,230.8258,0.3146,0.0914,-7.6675,64.0905,231.5593,0.2768,-0.121,11.3405,65.4649,232.6803,0.2815,0.1774
2015-05-15T00:52:59.669Z,6.673,72.4112,231.6708,0.3127,0.0944,-7.5925,64.8741,231.3069,0.2802,-0.1195,11.0814,65.7566,232.083,0.2834,0.173
2015-05-15T00:53:59.898Z,6.2527,73.1566,231.4854,0.3159,0.087,-7.0399,66.9827,231.9671,0.2889,-0.1075,11.7777,67.1599,231.8637,0.2898,0.1752
2015-05-15T00:54:59.099Z,6.3347,72.4804,231.4916,0.3134,0.0875,-7.9245,65.6312,232.2218,0.2826,-0.1209,11.4809,68.1008,232.1901,0.2933,0.1697
2015-05-15T00:55:59.522Z,6.0234,72.9212,232.1179,0.3139,0.0838,-7.8411,66.5992,232.1977,0.2872,-0.1193,11.3939,68.786,232.3858,0.2963,0.1657
2015-05-15T00:56:59.904Z,5.9535,74.0763,231.764,0.3192,0.0819,-7.2352,66.8111,231.7535,0.2885,-0.1092,12.1196,67.2845,231.8621,0.2899,0.1797
2015-05-15T00:57:59.263Z,6.54,71.9842,231.3986,0.3112,0.0914,-7.3289,64.0284,231.0891,0.2774,-0.119,11.6612,65.9892,231.3499,0.2847,0.1826
2015-05-15T00:58:59.456Z,6.1075,72.6622,232.1633,0.3128,0.085,-7.5879,65.5004,231.8674,0.2824,-0.119,11.0984,67.8293,232.2557,0.2918,0.1655
2015-05-15T00:59:59.862Z,7.1003,72.5133,232.5959,0.3118,0.0993,-8.2443,65.9711,230.3289,0.2866,-0.1259,11.6555,67.7138,233.0923,0.291,0.1727
2015-05-15T01:00:59.266Z,6.7927,71.801,232.8503,0.3086,0.0954,-7.1051,63.6679,229.5234,0.277,-0.1134,12.0697,65.9084,233.5668,0.2819,0.1832
2015-05-15T01:01:59.600Z,6.6144,72.4733,232.0119,0.3123,0.0925,-7.6591,66.0863,232.1738,0.2847,-0.1209,11.9313,66.6113,232.3353,0.2865,0.1814
2015-05-15T01:02:59.797Z,6.3196,72.2005,232.2459,0.3108,0.0876,-7.864,65.3471,232.6185,0.2809,-0.1261,11.9475,66.5535,232.728,0.2857,0.1829
2015-05-15T01:03:59.216Z,6.4182,74.2318,232.4509,0.3197,0.0874,-7.8566,66.0311,232.72,0.2837,-0.119,11.3392,69.2744,233.4414,0.2972,0.1666
2015-05-15T01:04:59.438Z,6.1362,74.3336,232.7041,0.3188,0.0821,-7.6137,66.2267,232.7848,0.2843,-0.1164,11.5432,68.7835,233.6552,0.2943,0.1678
2015-05-15T01:05:59.636Z,6.6354,72.9151,233.2684,0.3124,0.0923,-7.5332,67.3242,233.1475,0.2891,-0.1147,12.5282,68.9895,233.0843,0.2963,0.1808
2015-05-15T01:06:59.820Z,6.6087,72.9958,233.2111,0.3131,0.091,-7.1357,65.9822,232.7344,0.2836,-0.1099,11.2932,68.0637,232.5874,0.293,0.1663
2015-05-15T01:07:59.034Z,7.0552,71.6499,233.7587,0.3064,0.0999,-7.3549,65.8216,233.5887,0.2816,-0.1142,11.8478,66.3841,233.2749,0.2848,0.1793
2015-05-15T01:08:59.523Z,6.5784,72.9602,233.1881,0.3125,0.0918,-7.3207,63.9209,232.8762,0.2749,-0.1154,11.7996,67.8393,232.7655,0.292,0.1733
2015-05-15T01:09:59.707Z,6.574,72.35,232.2492,0.3111,0.092,-7.3854,66.4446,232.1499,0.2865,-0.1146,12.0449,67.9068,231.711,0.2927,0.1768
2015-05-15T01:10:59.031Z,6.8481,73.6969,232.7403,0.3163,0.0934,-7.6147,66.4072,232.5004,0.2858,-0.1153,11.4833,67.4804,232.2653,0.2906,0.1712
2015-05-15T01:11:59.232Z,6.8042,73.222,233.2499,0.3145,0.096,-7.6389,64.9816,232.5105,0.2795,-0.123,11.4912,66.6084,232.339,0.2864,0.1789
2015-05-15T01:12:59.532Z,6.6636,72.454,233.3268,0.3108,0.0918,-7.7978,65.9586,232.5132,0.2836,-0.1189,11.3948,67.4254,231.7799,0.2903,0.1729
2015-05-15T01:13:59.823Z,5.5679,73.747,233.5902,0.3154,0.0771,-7.5571,66.6717,232.5952,0.2866,-0.1132,12.1765,66.1798,231.2897,0.2857,0.1832
2015-05-15T01:14:59.123Z,5.284,73.3703,233.7535,0.314,0.0739,-6.8674,65.5557,232.6815,0.2818,-0.1048,11.5181,66.1073,231.4029,0.2856,0.1752
2015-05-15T01:15:59.466Z,4.9946,72.6305,233.5642,0.311,0.0688,-6.9283,66.7038,232.6837,0.2873,-0.1061,11.497,67.1666,231.2358,0.2909,0.1727
2015-05-15T01:16:59.653Z,5.2938,73.1333,233.0531,0.3136,0.073,-6.446,66.9318,232.6466,0.2873,-0.098,11.2637,65.8715,230.6746,0.2849,0.1713
2015-05-15T01:17:59.938Z,5.2527,73.1824,233,0.3142,0.0725,-7.4031,65.9218,230.6696,0.2857,-0.1132,11.796,67.7337,231.4545,0.2929,0.1744
2015-05-15T01:18:59.060Z,5.2573,74.1596,232.995,0.3184,0.0714,-7.7203,63.4403,229.8767,0.2757,-0.1244,12.003,65.9252,232.3503,0.2834,0.1814
2015-05-15T01:19:59.321Z,4.4826,73.783,232.6859,0.3175,0.0611,-7.232,66.4188,232.6079,0.2855,-0.1101,11.7962,67.5311,231.5541,0.2913,0.1746
2015-05-15T01:20:59.686Z,5.3538,73.49,232.4353,0.3164,0.0729,-6.682,66.3872,233.0641,0.2843,-0.1013,11.444,68.1679,231.8638,0.2941,0.1683
2015-05-15T01:21:59.979Z,5.4946,72.0804,231.0727,0.3121,0.0774,-7.5489,66.5296,232.7276,0.2858,-0.1148,12.0333,67.4324,232.1571,0.2907,0.1782
2015-05-15T01:22:59.471Z,4.9252,70.9748,230.7501,0.3076,0.0714,-6.8159,64.512,232.602,0.2773,-0.1096,11.1983,68.1507,232.287,0.2933,0.1649
2015-05-15T01:23:59.867Z,4.1453,72.4151,230.3843,0.3138,0.0576,-7.1121,66.4896,232.5067,0.286,-0.108,11.5561,67.2173,231.9491,0.2892,0.1738
2015-05-15T01:24:59.002Z,5.0129,73.3367,231.2893,0.3175,0.069,-7.0369,66.2588,233.1383,0.2842,-0.1083,11.5518,68.828,232.9315,0.2954,0.1692
2015-05-15T01:25:59.282Z,5.0618,73.4302,231.3472,0.3173,0.0674,-7.2964,66.1951,232.5223,0.2849,-0.1128,11.6867,67.8747,232.7142,0.2916,0.1733
2015-05-15T01:26:59.588Z,5.4314,72.3562,232.1408,0.3115,0.0753,-6.5134,65.0824,232.049,0.2802,-0.1029,11.7709,66.4624,232.4788,0.2864,0.183
2015-05-15T01:27:59.888Z,5.1684,72.7065,232.3701,0.313,0.0725,-7.5765,66.315,232.2968,0.2852,-0.1159,11.793,67.3222,232.7714,0.2892,0.1785
2015-05-15T01:28:59.076Z,5.2819,72.6961,232.4658,0.312,0.0744,-6.9631,66.3339,232.2884,0.2856,-0.1064,11.6637,65.9801,232.7206,0.2837,0.1773
2015-05-15T01:29:59.363Z,4.7997,73.5108,232.6272,0.3162,0.0654,-7.0393,65.8986,232.5703,0.2835,-0.1084,11.7852,68.2939,232.5089,0.2937,0.1729
2015-05-15T01:30:59.772Z,5.1901,72.671,232.5474,0.3131,0.0723,-7.5062,65.8067,232.4816,0.2829,-0.1141,11.6398,68.1299,232.3831,0.2934,0.1711
2015-05-15T01:31:59.171Z,6.4933,72.8756,232.0873,0.3144,0.092,-7.5177,65.9211,232.198,0.2838,-0.1164,11.8201,66.5224,232.7237,0.2862,0.1783
2015-05-15T01:32:59.470Z,6.8673,72.1697,231.3789,0.312,0.0958,-7.7549,65.496,231.9605,0.2826,-0.1226,11.7589,66.3071,231.9923,0.2858,0.18
2015-05-15T01:33:59.755Z,6.5749,73.4469,231.7459,0.317,0.0911,-7.3622,67.062,231.9989,0.2893,-0.1105,11.4338,66.8253,232.0697,0.2884,0.1707
2015-05-15T01:34:59.090Z,6.3287,72.3523,232.0087,0.3118,0.0882,-7.9944,65.6473,232.1963,0.2826,-0.1222,11.4068,68.226,232.4189,0.293,0.1674
2015-05-15T01:35:59.307Z,6.324,72.5203,232.5011,0.312,0.0886,-8.6304,64.6092,232.6107,0.2779,-0.1364,11.748,66.7321,232.051,0.2878,0.1802
2015-05-15T01:36:59.511Z,6.5785,72.2234,232.3432,0.3108,0.0914,-7.7173,66.7195,231.9127,0.2881,-0.1179,11.8898,66.8851,232.8871,0.2871,0.1791
2015-05-15T01:37:59.789Z,6.3379,73.8604,232.4813,0.3176,0.086,-7.9839,66.7168,232.5124,0.2867,-0.1215,11.7928,68.1148,233.0736,0.2923,0.1729
2015-05-15T01:38:59.126Z,6.3342,72.2298,232.0638,0.311,0.0889,-7.86,66.7629,232.303,0.2866,-0.1181,11.7477,67.688,232.7342,0.2903,0.1737
2015-05-15T01:39:59.342Z,5.9771,72.5396,232.0291,0.3122,0.082,-7.6399,65.2988,232.3765,0.2815,-0.1175,11.5937,67.2074,232.6347,0.2889,0.1737
2015-05-15T01:40:59.672Z,6.4626,72.771,232.4403,0.3133,0.0899,-7.8129,66.1884,232.6362,0.2848,-0.1189,11.2466,67.1353,232.7124,0.2885,0.171
2015-05-15T01:41:59.116Z,6.7029,73.3573,232.6641,0.3151,0.0914,-7.4714,66.7578,232.5388,0.2869,-0.1127,11.8589,67.7494,233.398,0.2904,0.1749
2015-05-15T01:42:59.304Z,7.0219,72.3425,232.7565,0.3108,0.0989,-7.7656,64.6644,232.6058,0.2774,-0.1223,11.5322,67.3197,232.8716,0.2888,0.1709
2015-05-15T01:43:59.771Z,6.4079,73.8575,233.249,0.3165,0.0883,-7.6814,64.3995,230.1816,0.2797,-0.1212,11.6324,68.1259,233.9112,0.2911,0.1716
2015-05-15T01:44:59.081Z,6.3959,73.3974,233.0857,0.3148,0.0882,-7.8314,66.3731,229.852,0.2889,-0.1211,11.4432,67.9858,233.8199,0.2909,0.1693
2015-05-15T01:45:59.246Z,6.9386,72.2532,232.3995,0.3104,0.097,-7.2519,64.0813,229.1611,0.2796,-0.1171,11.2599,66.5888,233.0609,0.2859,0.1729
2015-05-15T01:46:59.399Z,6.6237,73.7471,232.4359,0.3174,0.0914,-7.7535,65.1063,228.9847,0.2842,-0.1207,11.3911,68.1945,232.1004,0.2937,0.168
2015-05-15T01:47:59.824Z,5.9579,73.1405,232.678,0.3141,0.0815,-8.3434,64.7792,229.2085,0.2828,-0.128,11.0617,68.0989,232.5277,0.293,0.1646
2015-05-15T01:48:59.175Z,6.462,72.4404,232.1033,0.3119,0.0894,-6.7499,65.6003,228.7832,0.2866,-0.1044,11.042,66.6673,231.8167,0.2877,0.1686
2015-05-15T01:49:59.549Z,6.3213,72.1748,232.0864,0.311,0.0877,-7.5916,64.931,228.9397,0.2838,-0.1187,10.9698,66.517,231.9147,0.287,0.1662
2015-05-15T01:50:59.820Z,5.3421,73.0249,231.7967,0.3152,0.0739,-6.9511,65.2936,228.848,0.2855,-0.1063,11.6507,67.3778,231.1396,0.2911,0.173
2015-05-15T01:51:59.073Z,4.8935,72.8612,231.929,0.314,0.0694,-6.7317,65.6198,229.0056,0.2867,-0.1038,10.8779,66.4592,231.518,0.2869,0.1631
2015-05-15T01:52:59.423Z,4.4808,73.9779,232.2367,0.3187,0.0614,-6.5386,66.5127,232.4479,0.2862,-0.0996,11.185,66.6222,231.4079,0.2878,0.1686
2015-05-15T01:53:59.863Z,5.4537,74.1951,232.2718,0.3191,0.0742,-6.5159,66.5347,232.2502,0.2863,-0.0999,10.9664,67.3902,231.2882,0.2911,0.1633
2015-05-15T01:54:59.076Z,6.4707,73.5337,232.2464,0.3166,0.0878,-7.2651,65.1866,231.9882,0.2808,-0.1119,11.9228,66.9404,231.5046,0.289,0.1783
2015-05-15T01:55:59.297Z,6.3444,71.7679,233.0836,0.3079,0.0889,-7.368,65.3829,230.2076,0.284,-0.1154,11.8035,66.8289,232.8642,0.2868,0.1801
2015-05-15T01:56:59.686Z,7.1527,72.1811,232.8471,0.3101,0.1012,-7.1871,64.1152,229.063,0.28,-0.1161,11.2599,66.9792,232.4641,0.2883,0.1702
2015-05-15T01:57:59.907Z,6.5452,72.6576,231.9314,0.3137,0.0904,-7.53,66.7438,228.8552,0.2916,-0.1149,11.484,66.9754,231.2671,0.2898,0.1737
2015-05-15T01:58:59.397Z,5.6851,72.574,231.8163,0.3131,0.0788,-6.8459,66.5504,231.3873,0.2873,-0.105,10.683,67.256,230.5566,0.2919,0.1596
2015-05-15T01:59:59.707Z,6.129,71.5396,231.5936,0.3092,0.0873,-7.4937,65.5405,231.6289,0.2829,-0.1154,11.6937,66.1937,230.5001,0.2871,0.1763
