2015-04-03T00:00:59.195Z,4.8872,48.4706,231.3754,0.2093,0.1012,-6.8722,38.7879,231.7851,0.1673,-0.1835,11.053,41.7847,232.8128,0.1802,0.2756
2015-04-03T00:01:59.409Z,6.2212,49.1843,232.3576,0.2115,0.1262,-6.7939,37.594,232.6967,0.1618,-0.1865,10.6198,39.4198,232.8098,0.1695,0.2779
2015-04-03T00:02:59.660Z,5.1993,50.5602,233.1404,0.2164,0.1038,-7.1508,35.877,233.1484,0.1538,-0.2085,10.4618,41.3692,233.0696,0.1776,0.2593
2015-04-03T00:03:59.934Z,5.3618,50.0045,232.3842,0.2152,0.1073,-6.5737,37.3855,232.3055,0.1613,-0.1808,10.6392,41.8574,231.9141,0.1803,0.2585
2015-04-03T00:04:59.378Z,5.3903,49.2654,231.7046,0.2132,0.1097,-6.7812,37.1731,230.1889,0.1612,-0.1799,10.0399,37.5018,231.0068,0.1623,0.2776
2015-04-03T00:05:59.626Z,6.7796,50.5198,231.2403,0.2187,0.1333,-7.2305,35.0802,229.1505,0.1534,-0.217,10.7204,40.0087,230.9348,0.1726,0.2732
2015-04-03T00:06:59.944Z,6.8178,49.2757,230.6765,0.2139,0.1361,-6.8234,37.6296,229.39,0.1641,-0.1888,10.1173,39.5842,230.3333,0.1721,0.2664
2015-04-03T00:07:59.179Z,6.4686,49.8887,231.6438,0.215,0.1294,-6.2037,33.7954,229.8846,0.1469,-0.1939,10.0448,38.4607,231.4449,0.1664,0.2694
2015-04-03T00:08:59.341Z,5.4825,50.263,231.3703,0.2175,0.1095,-6.5548,33.72,230.3804,0.1466,-0.1977,10.7451,36.403,231.6238,0.157,0.2995
2015-04-03T00:09:59.426Z,4.9523,49.4267,231.4918,0.2136,0.1002,-6.5152,33.3386,230.4963,0.1447,-0.1996,10.2062,37.9716,231.5395,0.1645,0.279
2015-04-03T00:10:59.699Z,5.3263,50.6927,231.5774,0.2191,0.1032,-7.1796,36.3496,231.0201,0.157,-0.2062,10.533,39.1137,231.9818,0.1687,0.2745
2015-04-03T00:11:59.033Z,4.8212,49.8453,231.8183,0.2149,0.0966,-6.414,37.8691,231.4167,0.164,-0.1768,10.2334,39.5647,232.6411,0.1696,0.269
2015-04-03T00:12:59.214Z,5.6346,48.9171,232.0385,0.2109,0.1146,-6.0193,33.9719,231.1675,0.1474,-0.1846,10.1077,40.8511,232.9653,0.1755,0.2544
2015-04-03T00:13:59.600Z,5.5448,48.2284,231.7687,0.2084,0.1146,-6.2163,35.313,230.7957,0.1534,-0.1867,10.7966,38.198,232.6238,0.1641,0.2884
2015-04-03T00:14:59.803Z,4.7622,48.2364,231.3909,0.2078,0.0978,-6.4301,35.1349,230.4973,0.1522,-0.1863,10.1127,37.3475,231.912,0.1612,0.2814
2015-04-03T00:15:59.988Z,5.372,48.6955,231.4663,0.2108,0.1102,-6.7347,32.9531,230.1993,0.143,-0.2136,10.7384,36.5709,231.4723,0.158,0.2964
2015-04-03T00:16:59.284Z,4.688,47.4366,230.8838,0.2061,0.0988,-6.6014,34.8576,229.9986,0.1519,-0.1949,10.8203,37.5539,231.2651,0.1627,0.2951
2015-04-03T00:17:59.698Z,5.3378,49.7443,232.3571,0.2137,0.107,-6.2029,36.4426,231.2909,0.1577,-0.1805,10.8655,36.6627,231.7735,0.1585,0.3016
2015-04-03T00:18:59.904Z,5.1242,49.2555,232.5116,0.2115,0.1055,-6.5296,34.7049,231.3873,0.1501,-0.1901,10.3116,36.5,231.852,0.1577,0.2876
2015-04-03T00:19:59.137Z,4.8699,48.5363,231.7172,0.209,0.0999,-6.9125,35.3046,230.5401,0.1531,-0.1991,10.7396,36.5685,231.0556,0.158,0.3
2015-04-03T00:20:59.543Z,5.2282,47.8298,231.7674,0.2058,0.1082,-6.481,35.071,229.8505,0.1521,-0.1899,10.8188,38.0603,231.3678,0.1642,0.2917
2015-04-03T00:21:59.761Z,5.124,47.9379,232.282,0.2067,0.1089,-6.4768,32.0123,228.0886,0.1403,-0.2088,11.0865,37.7747,232.3015,0.1625,0.298
2015-04-03T00:22:59.003Z,4.9748,48.8102,232.1451,0.2107,0.1027,-6.8316,33.9972,229.8254,0.1481,-0.2068,10.5706,38.8996,231.7056,0.1677,0.2826
2015-04-03T00:23:59.242Z,4.9279,48.6222,231.5279,0.21,0.1014,-6.0882,34.8599,230.2056,0.1512,-0.1846,10.9941,37.428,231.144,0.1616,0.3024
2015-04-03T00:24:59.515Z,6.074,47.7426,231.1185,0.2073,0.1273,-7.121,34.3143,230.2979,0.1488,-0.2131,9.8511,36.9449,230.901,0.1602,0.2802
2015-04-03T00:25:59.722Z,6.3395,48.9114,230.5448,0.2118,0.1303,-7.201,34.2138,229.6177,0.1485,-0.2203,10.7762,37.8745,229.9803,0.1648,0.2933
2015-04-03T00:26:59.007Z,6.6281,48.3666,230.2194,0.2096,0.1362,-7.1227,34.1783,229.623,0.1486,-0.2173,10.4639,38.1172,230.6824,0.1654,0.285
2015-04-03T00:27:59.317Z,6.8057,48.3256,230.3893,0.2098,0.1415,-6.8854,34.9175,229.92,0.152,-0.2057,10.3082,37.2509,230.5274,0.1621,0.2835
2015-04-03T00:28:59.769Z,6.7396,47.6151,230.9403,0.206,0.1414,-6.6558,33.4367,230.1123,0.1453,-0.2074,10.681,36.9926,231.0154,0.1598,0.2962
2015-04-03T00:29:59.159Z,6.859,47.9819,230.6963,0.2081,0.144,-6.7763,34.9177,230.225,0.1516,-0.2032,10.4014,36.6896,230.9959,0.1589,0.2878
2015-04-03T00:30:59.318Z,6.5158,48.7099,231.2144,0.2108,0.1331,-6.5544,33.6769,230.1758,0.1459,-0.2037,10.5478,36.6567,231.1018,0.1587,0.2916
2015-04-03T00:31:59.561Z,7.303,47.9797,230.7034,0.2078,0.1513,-7.2841,34.4908,230.5481,0.1499,-0.2192,10.5019,38.9312,230.9343,0.1685,0.2826
2015-04-03T00:32:59.964Z,6.0987,47.0612,230.826,0.204,0.1309,-6.8354,37.2944,230.6833,0.1616,-0.1941,10.8948,37.086,231.5425,0.1602,0.3025
2015-04-03T00:33:59.255Z,6.6221,48.2541,231.7927,0.2079,0.137,-6.6089,33.7694,231.2609,0.1458,-0.2102,10.1061,37.7162,232.4262,0.1622,0.2774
2015-04-03T00:34:59.520Z,6.8343,48.6042,230.7024,0.2104,0.1405,-7.3275,35.3953,230.796,0.1535,-0.2112,10.4424,38.2987,232.053,0.1652,0.2796
2015-04-03T00:35:59.793Z,6.8874,48.1966,230.4218,0.2091,0.1442,-6.7324,35.0168,230.5323,0.1515,-0.201,10.7049,37.801,231.9011,0.1628,0.2908
2015-04-03T00:36:59.082Z,6.3293,48.2082,231.7371,0.208,0.1301,-6.7384,34.8799,231.5657,0.151,-0.2036,10.4668,38.8377,232.4368,0.1671,0.2813
2015-04-03T00:37:59.399Z,5.211,48.118,231.7856,0.2082,0.1074,-6.3512,34.8605,232.1657,0.1503,-0.1885,10.6885,39.1349,233.1263,0.1682,0.2825
2015-04-03T00:38:59.621Z,5.6245,47.65,231.96,0.2057,0.117,-6.6295,34.5625,232.3004,0.1491,-0.1958,10.4691,37.6219,233.3485,0.1615,0.2875
2015-04-03T00:39:59.899Z,5.2512,48.7691,231.4892,0.2112,0.1067,-6.5918,33.8321,232.2328,0.1455,-0.2009,10.8734,38.9513,233.2707,0.1666,0.2872
2015-04-03T00:40:59.174Z,4.791,48.5802,230.1627,0.2112,0.1,-6.7573,34.0499,232.2602,0.1466,-0.2029,10.456,38.1031,233.2682,0.1633,0.2821
2015-04-03T00:41:59.472Z,5.1027,48.086,229.886,0.209,0.1039,-6.5517,35.4322,232.2318,0.1527,-0.1957,10.6546,37.0937,232.7779,0.1592,0.2991
2015-04-03T00:42:59.748Z,5.06,47.3224,229.82,0.2055,0.1066,-6.2299,34.6156,232.526,0.1492,-0.1869,10.1686,38.7084,232.8725,0.1664,0.2721
2015-04-03T00:43:59.931Z,5.1716,48.8554,231.6407,0.2105,0.1085,-6.4586,33.5319,232.2103,0.1442,-0.1975,11.1219,37.3945,233.2219,0.1602,0.2995
2015-04-03T00:44:59.242Z,5.254,48.4086,231.0811,0.21,0.107,-6.6704,35.7986,231.3087,0.1547,-0.191,10.4233,37.8961,232.602,0.1631,0.2844
2015-04-03T00:45:59.429Z,5.0723,48.1113,230.4201,0.2092,0.1058,-6.5076,35.6735,230.8511,0.1543,-0.193,10.4193,37.7926,231.5559,0.163,0.2845
2015-04-03T00:46:59.675Z,5.007,47.6763,231.4814,0.2055,0.1072,-6.124,33.2321,231.0107,0.1439,-0.1873,10.5608,37.8938,229.6342,0.1653,0.2868
2015-04-03T00:47:59.927Z,5.2336,48.3497,230.862,0.2103,0.1058,-6.3931,35.4604,231.4296,0.1527,-0.1865,10.7121,37.7008,229.8191,0.1641,0.2947
2015-04-03T00:48:59.153Z,6.247,48.6222,231.1,0.2104,0.127,-6.9404,35.7632,231.5584,0.1548,-0.2023,10.3651,38.5749,232.3369,0.1657,0.2791
2015-04-03T00:49:59.408Z,7.1273,48.4249,232.2329,0.2085,0.1482,-6.1642,34.8909,228.6552,0.1526,-0.1909,10.193,36.7869,233.5223,0.1578,0.2833
2015-04-03T00:50:59.600Z,6.7495,48.4887,232.5488,0.2085,0.1387,-6.9479,34.0116,228.2419,0.1491,-0.2105,10.7336,38.2752,233.3904,0.1638,0.2884
2015-04-03T00:51:59.075Z,5.5812,48.0726,232.2628,0.2067,0.117,-5.9367,33.955,230.0979,0.1474,-0.1853,10.473,36.8497,232.2656,0.1587,0.2922
2015-04-03T00:52:59.285Z,5.2501,48.0352,232.4366,0.2066,0.1088,-6.6732,32.6874,230.6485,0.1417,-0.2068,10.9543,37.3762,232.4654,0.1604,0.2978
2015-04-03T00:53:59.546Z,5.1243,48.5224,231.7026,0.2091,0.1055,-6.6218,35.0884,230.5677,0.1519,-0.1922,10.924,38.5196,232.336,0.1658,0.2887
2015-04-03T00:54:59.812Z,4.9527,47.881,231.9364,0.2063,0.1044,-6.6325,35.5933,230.4166,0.1544,-0.1946,10.4538,38.0193,232.5866,0.1633,0.2862
2015-04-03T00:55:59.088Z,5.2146,47.6921,231.3994,0.2064,0.1074,-6.3659,34.9967,230.2096,0.1523,-0.1896,10.184,37.8433,232.0664,0.1636,0.2771
2015-04-03T00:56:59.346Z,4.846,49.0462,231.5565,0.212,0.0989,-6.2721,36.2063,231.0824,0.1565,-0.1811,10.9496,37.5961,232.1488,0.1618,0.2974
2015-04-03T00:57:59.604Z,5.6427,48.4831,232.0716,0.2093,0.1152,-6.6195,34.429,231.1623,0.1496,-0.2008,10.2023,38.4205,232.4934,0.1653,0.2781
2015-04-03T00:58:59.883Z,5.1205,48.506,232.2264,0.209,0.1037,-7.0537,34.5157,231.5598,0.1492,-0.212,10.6658,37.9752,232.6297,0.1626,0.2913
2015-04-03T00:59:59.085Z,4.9602,48.84,232.2789,0.2104,0.101,-6.6948,35.3841,231.3226,0.153,-0.1953,10.5953,38.9728,232.5664,0.1672,0.2787
