2015-02-03T00:00:59.211Z,1068.8345,1500.0598,230.6638,6.5029,0.7128,1166.1476,1606.5883,231.4776,6.9402,0.7257,1607.6112,2154.4936,230.9562,9.3281,0.7471
2015-02-03T00:01:59.554Z,1089.5957,1511.0666,230.6088,6.5524,0.7207,1177.9336,1614.7677,230.606,7.0019,0.7293,1617.4879,2150.303,230.0521,9.3466,0.7533
2015-02-03T00:02:59.307Z,1106.9673,1535.0562,231.2594,6.6373,0.7206,1146.9301,1586.0235,229.0315,6.9251,0.7233,1617.983,2122.4324,229.4239,9.2508,0.7609
2015-02-03T00:03:59.664Z,1093.2241,1538.1562,232.1698,6.6252,0.7108,1133.7254,1585.1148,229.9239,6.8944,0.7153,1613.9083,2132.6257,230.3918,9.2563,0.757
2015-02-03T00:04:59.883Z,1097.8548,1553.9152,232.1698,6.6929,0.7068,1144.2102,1594.0008,230.4589,6.9168,0.7182,1640.6017,2168.5436,231.4897,9.3678,0.7569
2015-02-03T00:05:59.259Z,1097.585,1550.0707,231.9841,6.6818,0.7081,1144.6976,1593.8807,230.7644,6.9073,0.7182,1635.5752,2162.2753,231.0132,9.3591,0.7573
2015-02-03T00:06:59.933Z,1087.5305,1543.3101,231.4129,6.6688,0.7045,1129.1723,1574.5965,230.6758,6.8255,0.7166,1630.4977,2152.6085,231.1176,9.3136,0.7586
2015-02-03T00:07:59.371Z,1098.8258,1550.7926,231.1577,6.7085,0.7085,1147.4436,1582.4785,230.3994,6.8681,0.7249,1650.1597,2168.6895,230.9072,9.3917,0.7601
2015-02-03T00:08:59.868Z,1088.7495,1539.9887,231.5066,6.6521,0.7073,1160.181,1600.1343,231.1547,6.9222,0.7248,1643.9729,2182.4729,231.581,9.4244,0.7534
2015-02-03T00:09:59.014Z,1067.8389,1523.2038,231.5028,6.5797,0.7009,1149.4815,1593.886,231.2716,6.8916,0.7211,1626.7542,2175.4872,231.9773,9.3774,0.7478
2015-02-03T00:10:59.379Z,1091.2439,1528.1194,230.9679,6.616,0.7146,1168.1164,1600.6048,230.335,6.9491,0.7296,1638.6026,2168.7619,230.9413,9.3907,0.7559
2015-02-03T00:11:59.632Z,1085.9734,1520.643,230.8068,6.5882,0.7134,1164.242,1593.0686,230.0597,6.9241,0.7304,1634.9216,2161.1723,230.4592,9.377,0.7552
2015-02-03T00:12:59.894Z,1089.0984,1523.1789,230.8463,6.598,0.7152,1161.0633,1584.8727,229.6654,6.9006,0.7324,1642.2243,2158.902,229.9722,9.3877,0.7606
2015-02-03T00:13:59.347Z,1079.5026,1534.3017,231.4742,6.6286,0.7032,1158.3028,1574.2081,229.522,6.8575,0.736,1668.0841,2191.8222,230.8865,9.4926,0.761
2015-02-03T00:14:59.605Z,1060.198,1547.6002,232.2613,6.6629,0.6857,1115.2222,1526.9429,228.2,6.691,0.7307,1680.9809,2198.7231,231.9921,9.4776,0.7644
2015-02-03T00:15:59.932Z,1111.7094,1548.4521,231.7017,6.6827,0.7177,1148.6184,1588.5274,229.5972,6.919,0.7233,1636.1003,2140.179,229.4788,9.3251,0.7652
2015-02-03T00:16:59.339Z,1143.5075,1562.1779,231.9828,6.7337,0.7325,1122.9527,1593.2802,230.0142,6.9263,0.7049,1591.7538,2072.2604,227.709,9.0994,0.7681
2015-02-03T00:17:59.969Z,1112.2211,1556.4959,231.3937,6.7263,0.7142,1144.817,1585.2102,230.3439,6.8816,0.7222,1644.6724,2153.2032,230.2939,9.3498,0.7632
2015-02-03T00:18:59.301Z,1100.0266,1547.2374,231.8169,6.6745,0.7116,1134.6163,1582.0562,230.7092,6.8572,0.7174,1631.5007,2147.8315,230.5937,9.3133,0.7598
2015-02-03T00:19:59.847Z,1106.6384,1549.0663,231.8492,6.6813,0.7143,1158.2331,1601.6799,230.6389,6.9448,0.7232,1640.6446,2161.7506,230.692,9.3706,0.7598
2015-02-03T00:20:59.129Z,1101.2657,1538.4082,231.5925,6.6428,0.7153,1143.9549,1585.3692,230.0782,6.8903,0.7217,1628.0765,2138.1309,229.7842,9.3048,0.7608
2015-02-03T00:21:59.340Z,1111.1429,1537.6024,231.0556,6.6541,0.7226,1164.959,1598.4717,230.1311,6.946,0.7287,1639.5508,2146.9681,229.2354,9.3657,0.763
2015-02-03T00:22:59.498Z,1096.5845,1512.8922,231.0658,6.5475,0.7247,1168.2447,1602.8219,230.2689,6.9607,0.729,1617.6563,2133.3818,228.7906,9.3238,0.7593
2015-02-03T00:23:59.782Z,1108.7023,1519.4069,230.9978,6.5774,0.7297,1184.0348,1617.01,230.3234,7.0203,0.7323,1626.8519,2143.4459,228.8381,9.366,0.7593
2015-02-03T00:24:59.589Z,1103.6266,1523.3378,231.0224,6.5932,0.7248,1162.414,1601.0916,230.2738,6.9522,0.7261,1618.5246,2132.465,229.1842,9.3047,0.7594
2015-02-03T00:25:59.247Z,1111.1225,1531.9165,231.0651,6.63,0.7257,1179.0492,1620.2269,230.9406,7.0157,0.7272,1627.7924,2150.2172,229.6767,9.3615,0.7582
2015-02-03T00:26:59.604Z,1094.1856,1511.1492,230.4181,6.5583,0.7246,1178.6746,1613.5212,231.1358,6.9803,0.7307,1618.8988,2146.7319,229.6154,9.3488,0.7539
2015-02-03T00:27:59.882Z,1105.6983,1526.1751,230.7273,6.6148,0.7246,1184.6663,1620.28,231.2583,7.0064,0.7308,1632.6651,2157.9597,229.6876,9.395,0.7573
2015-02-03T00:28:59.169Z,1106.4597,1536.5315,231.6674,6.6324,0.7199,1165.9892,1619.986,231.7172,6.9908,0.7199,1620.3938,2149.1684,230.2722,9.3332,0.7534
2015-02-03T00:29:59.593Z,235.0196,381.5107,234.1699,1.6376,0.1964,237.9857,387.8168,233.1199,1.6705,0.1773,421.4711,549.7977,232.7213,2.3782,0.8023
2015-02-03T00:30:59.529Z,349.4311,886.4756,233.2026,3.8096,0.3223,383.2448,916.7818,231.2662,3.971,0.3372,444.2412,1011.078,231.7117,4.3697,0.5147
2015-02-03T00:31:59.775Z,329.9007,667.697,230.682,2.8964,0.3148,365.6931,716.7261,229.7158,3.1302,0.3178,437.8406,806.4848,229.4667,3.5193,0.6486
2015-02-03T00:32:59.178Z,4.9969,74.3482,231.1609,0.3216,0.067,3.073,67.4104,230.7812,0.2921,0.0459,300.9823,343.4866,229.5513,1.4989,0.8501
2015-02-03T00:33:59.020Z,938.4586,1293.4352,229.4591,5.6451,0.6439,1038.3536,1454.7141,229.5979,6.3389,0.6462,1456.1144,1927.5076,227.827,8.4642,0.7659
2015-02-03T00:34:59.267Z,1147.016,1534.4496,229.1374,6.6965,0.7478,1243.0629,1659.984,229.5429,7.2316,0.7491,1659.3009,2173.8709,228.3346,9.5207,0.7627
2015-02-03T00:35:59.506Z,1227.916,1617.3464,229.8998,7.035,0.7592,1309.6143,1723.9731,229.3578,7.5167,0.7599,1742.0278,2245.908,228.7363,9.8183,0.7761
2015-02-03T00:36:59.869Z,1198.7294,1611.0161,230.7741,6.9804,0.744,1242.0813,1662.6302,228.8298,7.2661,0.7469,1715.2876,2209.2479,229.3457,9.6326,0.7763
2015-02-03T00:37:59.256Z,1120.6421,1542.8839,230.5901,6.6906,0.7261,1170.4253,1592.1463,228.4628,6.9687,0.7348,1645.8182,2143.1675,229.2635,9.3475,0.7682
2015-02-03T00:38:59.528Z,1112.308,1532.441,230.0796,6.6598,0.7257,1173.3436,1590.9526,228.6479,6.9583,0.7372,1646.7728,2148.8892,229.4382,9.3657,0.7658
2015-02-03T00:39:59.118Z,1134.0507,1542.6419,229.1355,6.733,0.7354,1206.9558,1611.0222,228.3396,7.0552,0.7497,1675.5149,2173.421,228.8369,9.4974,0.7702
2015-02-03T00:40:59.731Z,1161.5662,1558.7722,228.5738,6.8197,0.7451,1215.6282,1614.7567,227.1317,7.1092,0.7524,1686.5666,2163.9911,227.7002,9.5038,0.7799
2015-02-03T00:41:59.011Z,1119.0469,1530.4365,228.9498,6.6851,0.7309,1187.0013,1582.5565,227.3176,6.9616,0.7504,1670.7399,2159.4729,228.2945,9.459,0.7729
2015-02-03T00:42:59.207Z,1092.4209,1521.792,228.581,6.6571,0.7183,1160.1793,1544.344,227.0324,6.8017,0.7513,1677.1891,2165.3619,229.071,9.4521,0.7743
2015-02-03T00:43:59.983Z,1084.018,1521.116,228.739,6.6498,0.7126,1138.8909,1523.6912,226.7868,6.718,0.7479,1673.5088,2157.2454,229.1884,9.4121,0.7764
2015-02-03T00:44:59.235Z,1093.433,1522.4054,229.3178,6.6389,0.7183,1149.6401,1545.1972,227.5988,6.7889,0.7436,1662.5425,2148.5837,228.8601,9.3879,0.773
2015-02-03T00:45:59.620Z,1134.836,1558.6706,229.7549,6.7846,0.7279,1187.208,1585.473,227.6411,6.965,0.749,1694.3421,2178.3498,228.8802,9.5169,0.7784
2015-02-03T00:46:59.723Z,1127.6721,1563.5544,229.9568,6.7997,0.7208,1166.7631,1567.364,227.6301,6.8852,0.7443,1695.9973,2178.9282,229.4058,9.498,0.7779
2015-02-03T00:47:59.997Z,1076.2916,1519.8771,229.6432,6.6182,0.7083,1129.6049,1529.0641,227.6214,6.7169,0.7386,1657.0809,2149.9849,229.8012,9.3557,0.77
2015-02-03T00:48:59.697Z,1069.6897,1508.2824,229.5929,6.5689,0.709,1130.4975,1531.2796,227.5878,6.7284,0.7387,1645.0437,2141.4249,229.7452,9.3208,0.769
2015-02-03T00:49:59.611Z,1086.5526,1515.8092,229.7906,6.5963,0.7166,1159.9894,1561.1207,227.8949,6.8497,0.7427,1655.5388,2158.1113,229.7744,9.3917,0.7685
2015-02-03T00:50:59.908Z,1134.6992,1550.8034,228.8884,6.775,0.7313,1192.6238,1576.263,226.5246,6.9581,0.7568,1702.3124,2178.8879,228.7121,9.5267,0.7797
2015-02-03T00:51:59.222Z,1126.8781,1549.0396,228.8964,6.7671,0.7275,1185.2928,1566.3925,226.5442,6.9143,0.7566,1707.197,2185.5239,229.0671,9.54,0.7801
2015-02-03T00:52:59.521Z,1072.1226,1499.2248,227.7343,6.5837,0.7149,1164.1551,1533.1257,227.0256,6.7526,0.7599,1680.877,2175.1649,229.4319,9.4807,0.7713
2015-02-03T00:53:59.771Z,1081.7987,1507.7034,227.9546,6.614,0.7176,1162.0479,1535.2797,227.0144,6.7622,0.7579,1682.2436,2171.5817,229.3817,9.4668,0.7752
2015-02-03T00:54:59.095Z,1096.6675,1513.7131,229.185,6.6045,0.7244,1174.2231,1576.0244,228.3875,6.9003,0.7451,1653.0227,2154.4003,229.1198,9.4025,0.7668
2015-02-03T00:55:59.700Z,1069.0153,1492.6904,228.9588,6.5193,0.7152,1164.908,1567.7547,228.887,6.8493,0.7427,1636.6021,2153.3999,229.8788,9.3671,0.76
2015-02-03T00:56:59.259Z,1088.151,1512.9437,228.7221,6.6148,0.7192,1168.1388,1564.6988,228.6599,6.8429,0.7471,1661.3176,2165.8815,229.6907,9.4294,0.7674
2015-02-03T00:57:59.647Z,1115.7767,1532.4029,228.7724,6.6984,0.7283,1212.2673,1605.8002,229.13,7.0077,0.7558,1689.0263,2201.147,229.6773,9.5838,0.7682
2015-02-03T00:58:59.845Z,1126.3573,1538.1511,228.7359,6.7246,0.7324,1226.1224,1616.462,229.0998,7.056,0.7582,1699.9167,2209.0261,229.5531,9.6234,0.7699
2015-02-03T00:59:59.261Z,1090.6068,1502.5289,229.1457,6.5577,0.7259,1210.2995,1615.3422,229.9392,7.0245,0.7493,1653.8944,2183.1184,229.7433,9.5018,0.7572
