2015-05-05T00:00:59.548Z,5.0218,68.7284,233.0842,0.2944,0.0743,-7.0285,61.4082,230.3922,0.266,-0.1162,11.8947,62.3221,232.5053,0.2681,0.1937
2015-05-05T00:01:59.116Z,5.4192,70.1712,232.8204,0.3018,0.0767,-7.084,63.8348,232.3137,0.275,-0.1134,11.1948,62.6696,231.5042,0.2708,0.1834
2015-05-05T00:02:59.520Z,4.7627,70.1789,232.7689,0.3018,0.0686,-6.8285,62.243,232.2634,0.2681,-0.1116,11.196,62.0481,230.3104,0.2692,0.1847
2015-05-05T00:03:59.928Z,4.6953,70.5028,232.3272,0.303,0.0688,-7.1451,63.1453,232.9096,0.2714,-0.1147,11.1891,66.3371,232.3749,0.2855,0.1698
2015-05-05T00:04:59.551Z,5.4482,69.6338,232.6347,0.2993,0.0804,-6.2855,63.4446,233.4135,0.2716,-0.1014,11.7576,63.4576,232.5025,0.2722,0.1845
2015-05-05T00:05:59.008Z,5.1236,70.3979,232.2611,0.3022,0.073,-7.0991,62.5087,232.909,0.2683,-0.1127,11.0656,65.8011,232.2383,0.2829,0.17
2015-05-05T00:06:59.055Z,4.45,69.2492,231.2855,0.2992,0.0649,-7.2351,60.476,231.8841,0.2609,-0.1231,11.6368,61.7165,231.3014,0.2668,0.1914
2015-05-05T00:07:59.466Z,4.7031,69.3896,231.6545,0.2996,0.0682,-7.5559,64.0295,231.6296,0.2763,-0.1193,11.3702,64.7324,230.618,0.2805,0.1753
2015-05-05T00:08:59.611Z,4.9417,69.3191,232.1086,0.2984,0.0714,-7.2368,62.7732,232.2152,0.2704,-0.1167,11.4927,62.3064,230.7412,0.2701,0.1853
2015-05-05T00:09:59.239Z,5.201,69.7591,232.5986,0.2999,0.076,-6.7694,63.1237,232.4061,0.2717,-0.1088,11.1721,64.7404,231.2149,0.2798,0.1741
2015-05-05T00:10:59.989Z,4.8665,68.9401,231.6028,0.2978,0.0698,-6.8829,61.4837,231.2572,0.2663,-0.1179,11.7623,61.5898,230.5229,0.2671,0.1978
2015-05-05T00:11:59.210Z,4.3122,69.5292,231.626,0.3,0.0638,-7.1716,62.4473,231.7817,0.2697,-0.1166,11.6682,63.8829,230.8519,0.2762,0.1867
2015-05-05T00:12:59.649Z,5.3332,70.6564,232.2801,0.3038,0.0756,-7.4219,64.221,232.329,0.2769,-0.1174,11.7927,64.3933,230.7968,0.2791,0.1846
2015-05-05T00:13:59.092Z,4.8322,68.1357,232.1506,0.2933,0.0711,-7.3141,61.8367,232.3267,0.2663,-0.1189,11.7848,63.209,230.9524,0.2736,0.1868
2015-05-05T00:14:59.821Z,5.2446,70.16,232.3273,0.3018,0.0759,-7.0668,62.2036,232.7038,0.268,-0.1145,11.5023,63.1024,231.7214,0.2727,0.1822
2015-05-05T00:15:59.890Z,4.7147,71.0973,232.333,0.3056,0.0662,-7.019,61.4842,232.9019,0.2637,-0.1157,11.1751,62.5443,232.2884,0.2699,0.1785
2015-05-05T00:16:59.137Z,4.6459,69.2256,232.1924,0.2977,0.0668,-7.175,60.5776,232.602,0.2604,-0.1229,10.9172,62.1951,231.8508,0.2684,0.1816
2015-05-05T00:17:59.364Z,4.8375,70.2164,232.6075,0.3018,0.07,-6.9392,63.6829,232.7074,0.2741,-0.1127,11.8958,64.8935,232.457,0.2795,0.1851
2015-05-05T00:18:59.656Z,5.0828,70.7984,232.3763,0.3047,0.0713,-7.4947,63.1666,232.2087,0.2722,-0.1196,11.9458,64.0832,232.2034,0.2758,0.1878
2015-05-05T00:19:59.969Z,5.2113,69.0478,232.4181,0.2973,0.077,-7.0853,62.8915,232.0053,0.2708,-0.1164,11.2545,65.2429,232.122,0.2813,0.174
2015-05-05T00:20:59.274Z,4.7912,69.6437,232.9881,0.299,0.0688,-7.0894,62.5587,232.6324,0.2684,-0.1169,11.2438,63.8736,232.7014,0.2741,0.1781
2015-05-05T00:21:59.633Z,4.6657,69.7916,233.0405,0.2991,0.0679,-7.6287,63.7055,232.7284,0.2737,-0.1196,12.311,65.2766,232.7407,0.281,0.1888
2015-05-05T00:22:59.893Z,5.4643,70.5436,233.8916,0.302,0.0776,-7.2934,62.6612,229.9578,0.273,-0.1185,11.5588,64.6521,234.0337,0.276,0.18
2015-05-05T00:23:59.642Z,5.0374,72.2256,233.2644,0.309,0.0696,-7.1022,61.6783,230.7416,0.2679,-0.1174,11.3724,64.2928,233.523,0.2754,0.1797
2015-05-05T00:24:59.045Z,5.2982,70.9722,232.7508,0.3053,0.0748,-7.247,62.3646,232.314,0.2686,-0.1189,11.8186,64.1032,232.7824,0.2756,0.1857
2015-05-05T00:25:59.200Z,4.4859,68.9974,232.7473,0.296,0.0664,-7.1714,61.3629,232.2421,0.2646,-0.1185,11.8074,63.6536,233.0257,0.2735,0.1875
2015-05-05T00:26:59.499Z,5.1693,70.8887,232.3548,0.3052,0.0718,-7.1073,63.833,231.8523,0.2751,-0.1115,11.7402,64.8261,232.5643,0.2785,0.184
2015-05-05T00:27:59.767Z,5.3275,69.2276,232.3415,0.2985,0.0785,-7.2479,62.9184,231.8702,0.2711,-0.1159,11.8679,64.2488,232.6908,0.2758,0.1849
2015-05-05T00:28:59.682Z,5.3559,69.577,232.6547,0.299,0.0765,-7.1893,63.6652,232.2059,0.2738,-0.1154,11.6221,65.8504,233.3437,0.2824,0.1779
2015-05-05T00:29:59.833Z,4.7666,69.9623,232.7648,0.3,0.0677,-7.1532,62.2699,232.5999,0.268,-0.1151,11.7224,65.0755,233.7182,0.2786,0.1809
2015-05-05T00:30:59.299Z,5.2237,69.9246,232.2026,0.3012,0.0739,-7.1154,61.8807,232.0912,0.2666,-0.1161,11.3964,64.8046,232.8641,0.2782,0.1771
2015-05-05T00:31:59.559Z,5.2852,69.3972,232.4835,0.2983,0.0775,-7.1216,61.4747,232.6689,0.2642,-0.1189,12.1313,63.7587,233.1471,0.274,0.192
2015-05-05T00:32:59.127Z,4.73,70.8064,232.6334,0.3038,0.0684,-7.3213,62.2569,232.6603,0.2674,-0.1187,11.657,65.1478,233.2818,0.2794,0.1801
2015-05-05T00:33:59.339Z,4.4503,70.0093,232.1537,0.3012,0.0632,-6.9123,63.4033,232.1568,0.2729,-0.1125,11.7014,64.6865,232.5247,0.2779,0.1818
2015-05-05T00:34:59.573Z,4.8604,70.4262,232.0441,0.3038,0.0688,-7.0726,62.8216,231.8419,0.271,-0.1141,12.0548,64.7633,232.4597,0.2784,0.1866
2015-05-05T00:35:59.847Z,5.0038,69.7039,231.7899,0.3007,0.0723,-7.668,61.7758,231.5738,0.2666,-0.1235,11.2727,64.8916,232.1647,0.2797,0.1761
2015-05-05T00:36:59.156Z,4.2921,69.3008,231.9102,0.2989,0.0621,-6.8031,61.272,231.6271,0.2646,-0.1133,11.3518,63.4447,232.0842,0.2734,0.183
2015-05-05T00:37:59.478Z,4.9995,71.3488,232.1515,0.3073,0.0701,-7.7844,62.3834,231.7753,0.2688,-0.1243,11.4115,64.5778,232.4454,0.2779,0.1795
2015-05-05T00:38:59.864Z,4.7132,69.6991,232.3204,0.3001,0.068,-7.2485,63.5879,231.7426,0.2749,-0.1157,11.4421,63.3193,232.1141,0.2728,0.1799
2015-05-05T00:39:59.363Z,4.595,69.4963,232.3108,0.299,0.0666,-7.0263,61.7668,231.4956,0.2669,-0.1146,11.5363,63.5656,231.7127,0.2743,0.1836
2015-05-05T00:40:59.748Z,4.48,70.6275,231.9442,0.3042,0.0637,-6.9259,63.694,231.1154,0.2749,-0.1103,11.2248,64.2701,231.2616,0.2782,0.1746
2015-05-05T00:41:59.273Z,5.187,70.4239,232.3568,0.3029,0.0743,-7.0086,62.2617,231.5534,0.2689,-0.1166,12.0762,63.9107,231.6214,0.2758,0.1904
2015-05-05T00:42:59.777Z,4.4874,70.8747,231.7792,0.3054,0.0634,-6.641,63.4979,231.5761,0.2742,-0.1092,11.0824,63.2717,231.7816,0.2734,0.1768
2015-05-05T00:43:59.299Z,6.4776,70.8751,232.3811,0.3049,0.0921,-7.4638,61.9632,231.7262,0.2669,-0.1226,11.4927,64.6913,232.7473,0.2774,0.1797
2015-05-05T00:44:59.652Z,6.2066,70.2908,232.6143,0.3017,0.0884,-7.5826,62.2911,232.3938,0.2679,-0.1225,11.5165,64.985,233.6747,0.2783,0.1795
2015-05-05T00:45:59.360Z,6.4513,70.4057,232.2412,0.303,0.0929,-7.4654,62.0699,231.7123,0.2674,-0.1219,11.4588,63.2418,233.2086,0.2716,0.1808
2015-05-05T00:46:59.694Z,5.6995,69.7109,232.2437,0.3003,0.0826,-6.9405,63.9449,231.1515,0.2764,-0.1145,11.2697,63.7788,233.1292,0.2734,0.1796
2015-05-05T00:47:59.488Z,5.2259,70.9571,233.0676,0.304,0.0754,-7.2786,62.3623,229.2334,0.2724,-0.1179,11.6401,64.241,234.0344,0.2748,0.1801
2015-05-05T00:48:59.799Z,6.6822,69.5715,233.2214,0.2983,0.0961,-8.1997,63.2277,230.3909,0.2742,-0.1311,11.4651,65.7336,234.1379,0.2807,0.1762
2015-05-05T00:49:59.123Z,6.128,72.3011,232.5973,0.3108,0.0859,-7.8337,64.6013,231.964,0.2782,-0.1224,11.5074,63.6493,232.9804,0.2736,0.1811
2015-05-05T00:50:59.614Z,6.5132,69.8897,232.41,0.3004,0.0949,-6.969,62.3548,231.7734,0.269,-0.1148,11.3611,64.4203,232.8113,0.2766,0.177
2015-05-05T00:51:59.985Z,6.6505,69.6432,232.1946,0.3005,0.0966,-7.2199,63.5255,231.9567,0.2735,-0.1166,11.7437,64.0058,233.0177,0.275,0.1838
2015-05-05T00:52:59.400Z,6.7333,69.3553,231.8933,0.2993,0.0974,-7.5101,62.7974,231.3914,0.2717,-0.1216,11.4814,64.5643,232.6152,0.2779,0.1808
2015-05-05T00:53:59.915Z,5.7645,68.5657,231.274,0.2957,0.085,-7.9278,62.604,231.175,0.2707,-0.1299,11.4604,63.9297,232.4117,0.2746,0.181
2015-05-05T00:54:59.357Z,6.3422,70.1517,232.3123,0.3018,0.0924,-7.6296,61.6736,232.2857,0.2657,-0.1264,11.414,63.5258,233.4719,0.2717,0.1834
2015-05-05T00:55:59.361Z,6.6212,69.6551,232.5368,0.2995,0.0981,-7.6922,62.2527,232.0374,0.2685,-0.1243,11.3863,63.0066,233.4852,0.2695,0.1811
2015-05-05T00:56:59.645Z,6.4259,70.7834,232.3207,0.3043,0.0919,-7.9305,63.0768,232.2236,0.272,-0.1289,11.3835,64.6707,232.987,0.2773,0.1779
2015-05-05T00:57:59.161Z,6.8083,69.0997,231.1433,0.2988,0.0988,-7.7576,61.8608,231.6638,0.267,-0.1262,11.0669,64.5879,231.955,0.2787,0.1719
2015-05-05T00:58:59.371Z,6.0522,69.1259,230.4373,0.2996,0.0873,-7.6903,62.0904,231.1324,0.2688,-0.1254,11.7769,65.1134,231.3354,0.2812,0.1827
2015-05-05T00:59:59.652Z,6.4753,68.3195,231.3824,0.2951,0.0958,-8.0446,62.6064,232.1159,0.2698,-0.1308,11.8346,63.468,232.3724,0.2732,0.1879
2015-05-05T01:00:59.000Z,6.4344,67.5382,231.2256,0.2919,0.0974,-7.401,61.2356,232.105,0.2638,-0.1239,11.0621,63.082,232.3349,0.2709,0.1762
2015-05-05T01:01:59.612Z,6.3608,70.1069,229.7855,0.3056,0.0914,-6.9658,63.202,232.1124,0.2725,-0.1124,11.6722,64.7227,231.8325,0.279,0.1812
2015-05-05T01:02:59.829Z,6.0497,70.0502,230.2166,0.3046,0.0868,-7.1077,62.7701,232.0655,0.2709,-0.1148,11.2708,65.2205,232.0567,0.2807,0.1743
2015-05-05T01:03:59.989Z,6.0031,70.758,230.7041,0.3065,0.0858,-7.2115,60.9646,232.4576,0.2621,-0.118,11.7696,63.4808,232.7945,0.2727,0.1862
2015-05-05T01:04:59.675Z,5.794,70.503,231.1542,0.3052,0.0842,-7.7593,60.4703,231.9523,0.261,-0.1284,10.9319,63.0874,233.0149,0.2711,0.1736
2015-05-05T01:05:59.882Z,6.8433,70.0234,232.363,0.3014,0.0986,-7.9224,61.5287,232.5848,0.2645,-0.1329,11.2386,61.2524,232.9689,0.2635,0.186
2015-05-05T01:06:59.538Z,6.5436,68.9224,232.9598,0.2955,0.0973,-7.6002,63.5253,233.459,0.2715,-0.1232,11.8778,63.9513,233.4829,0.2743,0.1876
2015-05-05T01:07:59.283Z,6.3718,69.6293,233.0082,0.2989,0.0919,-7.4096,62.3247,233.3812,0.2676,-0.12,11.434,65.9936,233.471,0.2826,0.1739
2015-05-05T01:08:59.915Z,6.7928,71.0162,233.074,0.3048,0.0978,-7.6868,64.0347,233.0274,0.2751,-0.122,11.6959,64.409,233.5054,0.2761,0.1821
2015-05-05T01:09:59.288Z,6.8076,70.281,233.4147,0.3009,0.0979,-7.4976,62.5584,233.4281,0.2674,-0.1228,11.8413,63.1163,233.7293,0.2701,0.1894
2015-05-05T01:10:59.584Z,6.0746,70.6005,233.7024,0.3024,0.0881,-7.9974,63.3108,233.9626,0.2707,-0.131,11.566,64.4547,234.0963,0.2756,0.1822
2015-05-05T01:11:59.246Z,7.1513,70.7136,233.5607,0.3033,0.1027,-8.2842,62.1211,232.7476,0.2667,-0.1334,12.0712,64.8838,234.5116,0.2767,0.186
2015-05-05T01:12:59.495Z,6.2357,69.7607,232.8071,0.2996,0.0902,-7.4054,61.6729,229.7234,0.2687,-0.1197,11.2929,65.4682,233.7196,0.2795,0.1736
2015-05-05T01:13:59.545Z,6.9422,69.9609,231.9622,0.3016,0.1,-8.0025,60.0707,230.226,0.2605,-0.1335,11.6101,61.6444,232.9671,0.2646,0.19
2015-05-05T01:14:59.827Z,5.8521,69.7151,231.0344,0.3012,0.0856,-7.1935,62.8454,231.094,0.2723,-0.1144,11.316,64.6788,231.7486,0.2799,0.1758
2015-05-05T01:15:59.193Z,6.3256,67.9727,231.16,0.2946,0.0933,-7.909,62.1363,231.4817,0.2686,-0.1299,11.8508,64.0002,231.8029,0.2762,0.188
2015-05-05T01:16:59.473Z,6.2246,69.3927,231.9292,0.2995,0.0908,-6.9265,63.5829,232.0364,0.2741,-0.1114,11.5768,63.6745,232.5578,0.2738,0.1836
2015-05-05T01:17:59.958Z,6.294,70.2222,232.5884,0.3014,0.0901,-8.0621,62.5312,232.6518,0.2683,-0.1307,11.6022,65.0843,233.2087,0.2788,0.1782
2015-05-05T01:18:59.150Z,6.5968,71.0108,233.5078,0.3039,0.0917,-7.3858,62.4608,233.1937,0.2677,-0.1183,11.3167,64.7271,232.5912,0.2786,0.176
2015-05-05T01:19:59.928Z,6.2571,70.2452,233.5013,0.3007,0.0897,-7.2798,62.7458,233.1025,0.269,-0.12,11.9237,62.9323,232.7021,0.2709,0.1933
2015-05-05T01:20:59.250Z,6.8094,69.0616,233.7237,0.2957,0.1009,-7.585,62.1361,233.5414,0.2661,-0.1238,11.234,63.4908,232.9183,0.272,0.1858
2015-05-05T01:21:59.657Z,6.6177,70.0705,232.7735,0.3008,0.0953,-7.1146,62.8671,233.7269,0.2693,-0.1165,11.9387,63.0985,232.7558,0.2715,0.1902
2015-05-05T01:22:59.234Z,6.606,70.3258,232.1325,0.3031,0.0951,-7.5423,64.1334,233.4692,0.2753,-0.1199,11.408,64.8341,232.1243,0.2793,0.1756
2015-05-05T01:23:59.694Z,6.3881,69.8029,231.914,0.3008,0.0905,-7.0797,64.8431,233.3662,0.2779,-0.1102,11.3829,64.5216,231.6207,0.2785,0.1769
2015-05-05T01:24:59.088Z,6.242,70.7226,232.4977,0.3048,0.0899,-7.7373,62.1888,232.6103,0.2678,-0.1298,11.3851,63.5346,231.4508,0.2751,0.183
2015-05-05T01:25:59.286Z,6.7574,69.8998,232.7803,0.3007,0.0996,-7.0509,62.8089,232.569,0.2701,-0.1145,11.3986,63.5989,231.7744,0.2742,0.18
2015-05-05T01:26:59.671Z,6.682,69.6185,232.776,0.2992,0.0962,-7.6228,64.0436,232.893,0.2751,-0.1208,11.5529,64.0496,231.7549,0.2764,0.1818
2015-05-05T01:27:59.033Z,6.7951,69.1026,232.5213,0.2972,0.0993,-7.692,63.3297,232.6699,0.2726,-0.1238,11.6836,63.5386,231.7107,0.2743,0.1858
2015-05-05T01:28:59.380Z,6.4121,71.433,233.0812,0.3066,0.0898,-7.4923,62.4367,232.3554,0.2682,-0.1225,11.1574,64.7567,231.8081,0.2796,0.1747
2015-05-05T01:29:59.641Z,7.2323,70.5814,233.1941,0.3024,0.1048,-7.6222,61.5149,232.2134,0.2648,-0.1274,11.7267,65.0952,231.6582,0.2811,0.1838
2015-05-05T01:30:59.905Z,6.3823,69.9178,233.1031,0.2999,0.0929,-7.5914,62.622,232.5334,0.2698,-0.1271,11.6356,63.9274,232.5302,0.2752,0.1841
2015-05-05T01:31:59.270Z,6.9389,69.5082,233.2527,0.2973,0.0997,-7.4959,63.0369,232.8452,0.2717,-0.1184,12.2009,65.8921,233.1537,0.2826,0.1868
2015-05-05T01:32:59.889Z,6.4296,70.8204,232.9563,0.304,0.0905,-7.4413,62.1399,232.5405,0.2674,-0.1214,11.0164,65.2395,233.8229,0.2789,0.1702
2015-05-05T01:33:59.198Z,6.2484,70.2388,233.3628,0.3016,0.0896,-7.082,63.4464,232.613,0.2731,-0.1136,11.8892,65.3161,234.1653,0.279,0.1829
2015-05-05T01:34:59.513Z,6.7879,70.9818,233.6493,0.304,0.0978,-7.976,64.0415,232.9986,0.2743,-0.1253,11.9019,64.8789,234.4259,0.2766,0.1853
2015-05-05T01:35:59.725Z,6.3705,70.4421,233.2256,0.3025,0.0912,-7.7838,61.3177,232.8321,0.2633,-0.129,11.9231,63.5978,234.4073,0.2713,0.1945
2015-05-05T01:36:59.338Z,6.1465,72.1011,233.299,0.3086,0.0865,-7.0945,63.7552,232.6241,0.2742,-0.1144,11.4626,63.5477,234.6178,0.271,0.1802
2015-05-05T01:37:59.605Z,6.8216,70.4227,232.691,0.3029,0.0984,-7.5978,62.6564,232.8579,0.2691,-0.1219,11.7141,64.7749,233.9871,0.2768,0.1796
2015-05-05T01:38:59.759Z,6.9664,69.3535,233.036,0.2975,0.1016,-7.6538,61.8738,233.3452,0.2652,-0.1256,11.9273,65.5044,234.4712,0.2796,0.1813
2015-05-05T01:39:59.348Z,6.7143,69.7811,233.6011,0.2984,0.0965,-8.1576,64.2968,233.9298,0.2742,-0.129,12.3696,65.0612,234.9004,0.2769,0.19
2015-05-05T01:40:59.953Z,6.1018,69.9907,232.8247,0.3002,0.0871,-7.8967,64.0807,233.2864,0.2748,-0.1249,11.7976,64.2602,234.1724,0.2747,0.1853
2015-05-05T01:41:59.237Z,6.7421,68.9832,231.8979,0.2973,0.099,-7.9431,62.2056,232.8048,0.2672,-0.1308,11.8994,64.3554,233.9178,0.275,0.1856
2015-05-05T01:42:59.608Z,6.9136,70.8385,232.3411,0.3048,0.0977,-7.9226,62.9118,233.0523,0.2696,-0.1267,11.5286,65.3277,233.9846,0.2791,0.1789
2015-05-05T01:43:59.133Z,5.7062,70.576,232.3781,0.3031,0.0806,-7.7684,63.3172,232.969,0.2722,-0.1254,11.5377,65.2722,234.0963,0.2791,0.1767
2015-05-05T01:44:59.356Z,6.0737,70.0241,232.3118,0.3018,0.0879,-7.8211,61.8392,233.0943,0.2654,-0.1267,11.9452,64.4842,233.8411,0.2757,0.1873
2015-05-05T01:45:59.025Z,6.4896,70.2236,231.9138,0.3029,0.0922,-8.0357,62.7754,232.0543,0.2705,-0.1302,11.6245,65.846,233.0521,0.2831,0.1777
2015-05-05T01:46:59.436Z,6.8366,69.811,231.7887,0.3011,0.0985,-7.5064,63.7738,231.5982,0.2752,-0.1196,12.0112,64.4323,232.632,0.2768,0.188
2015-05-05T01:47:59.748Z,6.4518,70.2284,231.9613,0.3023,0.0928,-7.7758,62.7797,232.0667,0.271,-0.1259,12.3279,65.0891,232.8299,0.2791,0.191
2015-05-05T01:48:59.661Z,6.6034,69.565,232.2411,0.2993,0.0953,-7.7053,62.7202,232.4293,0.27,-0.1253,11.6049,63.8186,232.9116,0.2737,0.1836
2015-05-05T01:49:59.019Z,6.7718,68.6428,231.4619,0.2964,0.0989,-7.6459,60.7442,231.6342,0.2626,-0.1278,12.4138,64.7032,232.3242,0.2787,0.194
2015-05-05T01:50:59.237Z,7.1568,69.7513,232.1026,0.3,0.1045,-7.6942,61.7966,232.3083,0.2654,-0.1292,11.7713,64.0207,232.2077,0.2759,0.1847
2015-05-05T01:51:59.621Z,6.8432,71.3566,232.6279,0.3068,0.0968,-7.0708,62.8567,232.923,0.2699,-0.1141,11.6726,64.6366,232.7438,0.2775,0.181
2015-05-05T01:52:59.004Z,5.81,70.1748,232.5637,0.3016,0.0828,-8.1204,63.4374,232.7004,0.2723,-0.1299,11.7042,63.9858,232.678,0.2748,0.1837
2015-05-05T01:53:59.806Z,6.6352,70.3058,232.6863,0.3023,0.0949,-7.5248,63.0149,231.9785,0.2714,-0.1245,12.0655,63.6588,233.1751,0.273,0.1902
2015-05-05T01:54:59.061Z,7.0236,69.1489,231.9864,0.2983,0.1021,-7.5787,59.802,231.785,0.258,-0.1289,11.724,63.3548,233.744,0.2717,0.1892
2015-05-05T01:55:59.265Z,6.7168,70.2121,232.3609,0.3022,0.0965,-7.7467,61.1904,231.3514,0.2644,-0.1269,11.9715,63.1433,233.4525,0.2702,0.1893
2015-05-05T01:56:59.440Z,6.6998,71.1715,232.7681,0.3058,0.0948,-7.1155,63.0121,231.9152,0.272,-0.1157,11.9977,64.208,232.561,0.2767,0.1871
2015-05-05T01:57:59.043Z,5.9023,71.2747,232.9095,0.3058,0.0831,-6.9218,63.5916,232.6954,0.273,-0.1109,12.1123,65.0135,232.2154,0.2793,0.1871
2015-05-05T01:58:59.917Z,6.0746,71.095,233.4638,0.3045,0.0851,-7.7737,64.0609,233.2373,0.2748,-0.1223,11.8505,63.6596,231.9884,0.2746,0.1861
2015-05-05T01:59:59.276Z,6.9338,70.8246,233.5556,0.3028,0.0987,-7.7923,65.0121,233.3754,0.2782,-0.1214,12.1533,63.9477,233.0992,0.274,0.1904
