2015-01-06T00:00:59.053Z,3.7751,65.8077,231.0051,0.285,0.0588,3.1927,60.1088,230.5096,0.2606,0.0548,80.4964,99.0953,229.4856,0.4318,0.8136
2015-01-06T00:01:59.367Z,2.9548,67.3287,230.8652,0.2913,0.0429,2.587,59.7596,230.5637,0.26,0.0467,80.7418,100.4184,229.9672,0.4371,0.805
2015-01-06T00:02:59.610Z,2.9502,67.8527,230.7101,0.2937,0.0427,2.3913,61.2837,230.281,0.2664,0.0395,110.9869,131.2332,230.3258,0.5699,0.8282
2015-01-06T00:03:59.729Z,37.1967,120.83,230.7143,0.5245,0.0859,37.5063,115.7444,229.6899,0.5056,0.0696,287.2901,367.286,229.5166,1.608,0.8674
2015-01-06T00:05:59.270Z,1091.7188,1473.8225,228.738,6.4434,0.7406,1126.5963,1568.2777,228.6469,6.8585,0.7173,1564.4884,2072.8116,226.62,9.1467,0.7542
2015-01-06T00:06:59.599Z,1200.5476,1557.2916,228.475,6.8159,0.7703,1260.5952,1688.8023,229.072,7.3727,0.7471,1663.5659,2166.6456,226.3013,9.5744,0.7688
2015-01-06T00:07:59.812Z,1186.6389,1564.7799,229.3871,6.822,0.7574,1261.5318,1692.6181,229.7236,7.3676,0.7458,1676.6508,2196.2393,228.0476,9.6303,0.7627
2015-01-06T00:08:59.983Z,1175.7713,1566.7431,229.5556,6.8254,0.7504,1238.8618,1670.2953,229.3492,7.2829,0.7419,1672.8856,2188.977,228.469,9.5806,0.7632
2015-01-06T00:09:59.269Z,1188.2602,1572.5142,229.0478,6.8653,0.756,1261.9889,1683.401,229.3407,7.3401,0.7495,1693.071,2206.952,228.341,9.665,0.7683
2015-01-06T00:10:59.580Z,1201.9672,1577.9643,229.0461,6.8889,0.7616,1274.5174,1701.1153,229.5279,7.4106,0.7491,1688.18,2196.8237,227.8588,9.6403,0.7691
2015-01-06T00:11:59.734Z,1215.5394,1595.542,229.6379,6.9478,0.7614,1270.8357,1701.0184,229.3976,7.4148,0.7473,1694.1366,2195.2746,227.7014,9.6411,0.7706
2015-01-06T00:12:59.935Z,1218.938,1599.2932,229.4256,6.9709,0.7618,1279.6017,1707.2592,229.472,7.44,0.7498,1701.8851,2203.3449,227.9293,9.6668,0.7719
2015-01-06T00:13:59.126Z,1247.0681,1629.7682,229.0784,7.1147,0.7655,1277.1689,1696.9365,228.6013,7.423,0.7527,1727.8607,2204.6027,227.496,9.6903,0.7843
2015-01-06T00:14:59.385Z,1254.8918,1635.9998,229.074,7.1419,0.7674,1273.6829,1692.4258,228.0253,7.4224,0.7523,1728.8186,2198.1441,227.3102,9.6701,0.7876
2015-01-06T00:15:59.600Z,1218.5684,1608.7903,228.3982,7.0439,0.7578,1269.2958,1669.3831,227.6318,7.3339,0.7594,1738.6364,2219.3662,228.2104,9.7248,0.7821
2015-01-06T00:16:59.839Z,1217.1186,1603.4401,228.3208,7.0224,0.7594,1281.4616,1681.98,228.0379,7.3754,0.7612,1737.3944,2223.3601,228.2651,9.74,0.7804
2015-01-06T00:18:59.418Z,1170.7016,1562.8344,230.0793,6.7925,0.7491,1218.7556,1661.5038,229.7187,7.2327,0.7334,1642.0298,2144.3384,228.5462,9.3822,0.7653
2015-01-06T00:19:59.663Z,1145.7364,1543.2763,230.5333,6.6943,0.7422,1198.1083,1646.4626,230.2081,7.1518,0.7279,1619.9463,2127.4309,228.6526,9.304,0.7604
2015-01-06T00:20:59.872Z,1149.6192,1549.7086,230.0734,6.7354,0.741,1220.0959,1654.0388,230.2923,7.1827,0.7382,1650.5706,2162.3782,229.2488,9.4323,0.7621
2015-01-06T00:21:59.992Z,1160.2882,1560.9759,230.3383,6.7764,0.7428,1211.6279,1649.9318,230.0812,7.1711,0.7342,1648.7547,2151.982,229.2919,9.3849,0.767
2015-01-06T00:22:59.277Z,1156.9153,1579.0864,230.6747,6.8451,0.7326,1195.3518,1601.666,227.3043,7.0456,0.7464,1700.4701,2180.4577,229.4911,9.501,0.78
2015-01-06T00:23:59.522Z,1180.2803,1583.6283,230.0497,6.8837,0.7452,1220.0838,1635.26,228.3397,7.1616,0.7457,1689.654,2168.6027,228.5792,9.4867,0.7789
2015-01-06T00:24:59.731Z,1180.0534,1570.6261,229.7309,6.8369,0.7514,1226.3997,1648.0503,229.234,7.1897,0.7437,1672.0442,2153.975,227.9518,9.4488,0.7774
2015-01-06T00:25:59.005Z,1208.8927,1592.3603,230.1984,6.9171,0.7593,1240.0854,1663.3084,228.3789,7.2835,0.7457,1682.0648,2149.5561,227.2987,9.4566,0.7816
2015-01-06T00:26:59.212Z,1215.8902,1602.0355,230.7165,6.9437,0.7589,1229.4722,1657.4906,228.1093,7.2666,0.741,1678.8089,2140.5773,227.4213,9.4125,0.7842
2015-01-06T00:27:59.412Z,1211.8932,1600.2161,230.315,6.9477,0.7577,1261.2566,1689.2803,229.8506,7.3494,0.747,1694.2694,2180.9474,228.7768,9.5334,0.7782
2015-01-06T00:28:59.677Z,1197.8958,1591.6953,229.9963,6.9208,0.752,1256.0677,1673.1697,229.7314,7.2833,0.7502,1704.9958,2193.3921,229.1359,9.572,0.7786
2015-01-06T00:29:59.835Z,1222.2331,1609.9751,230.1498,6.9948,0.7591,1276.2192,1693.0088,229.5043,7.377,0.7538,1718.5544,2201.3456,228.7757,9.6219,0.7801
2015-01-06T00:30:59.310Z,154.223,256.6954,231.2452,1.1137,0.1493,158.4757,262.5271,230.9847,1.142,0.1246,315.5342,408.5482,230.3766,1.7828,0.5483
2015-01-06T00:31:59.555Z,4.3701,67.429,230.9347,0.2914,0.0665,2.3575,59.4948,231.2429,0.2568,0.0397,3.1619,62.4526,231.7333,0.2697,0.0521
2015-01-06T00:32:59.953Z,5.7162,68.4037,230.143,0.2972,0.085,2.7903,62.0528,231.4365,0.2678,0.0424,3.1792,62.0183,231.4341,0.268,0.0509
2015-01-06T00:33:59.132Z,5.5786,69.4358,230.0957,0.3018,0.081,2.2361,61.5413,230.905,0.2659,0.0343,3.0517,61.9787,231.1896,0.2679,0.0499
2015-01-06T00:34:59.494Z,5.5726,68.133,229.9878,0.2959,0.0831,2.4184,60.9374,230.6345,0.2645,0.0395,2.9635,62.0146,230.7525,0.2684,0.0501
2015-01-06T00:35:59.904Z,4.5465,68.0846,231.9283,0.2932,0.0695,2.5268,59.4243,229.8333,0.2586,0.0436,3.2925,60.6627,229.9741,0.2634,0.0551
2015-01-06T00:36:59.147Z,5.1758,68.4594,232.2602,0.294,0.0754,2.5994,60.1894,230.0198,0.2612,0.0451,3.0483,61.1028,229.8454,0.266,0.0543
2015-01-06T00:37:59.500Z,5.8584,68.641,232.1495,0.2959,0.0864,2.3634,61.4427,231.9371,0.265,0.0375,3.2598,62.2893,230.7629,0.2702,0.0534
2015-01-06T00:38:59.714Z,5.4695,68.8305,231.9518,0.2964,0.0809,2.4411,61.7656,231.7042,0.2666,0.039,3.0715,62.3345,230.6735,0.2701,0.0495
2015-01-06T00:40:59.348Z,4.6874,68.7298,232.2064,0.2961,0.0693,2.4192,61.3197,231.8809,0.2644,0.0402,3.0363,62.106,230.7408,0.2694,0.0492
2015-01-06T00:41:59.675Z,5.0767,69.0048,231.8927,0.2972,0.0749,2.3013,60.821,232.0337,0.262,0.0383,3.2602,62.4014,230.8321,0.2707,0.0525
2015-01-06T00:42:59.944Z,6.3637,69.4527,231.9356,0.2996,0.0935,2.5535,61.7219,231.9484,0.2657,0.0409,3.1386,60.8614,230.8201,0.2635,0.0519
2015-01-06T00:43:59.235Z,5.1896,67.8799,231.3323,0.2932,0.0779,2.7788,62.6688,231.3974,0.271,0.0444,2.9081,61.1963,230.4596,0.2657,0.047
2015-01-06T00:44:59.550Z,4.5551,67.3832,231.4232,0.2912,0.0675,2.1064,61.6378,230.9396,0.267,0.0337,3.0923,62.1915,229.962,0.2703,0.05
2015-01-06T00:45:59.753Z,5.579,66.9447,231.3748,0.2897,0.0849,2.747,59.4347,231.5532,0.257,0.0458,2.9683,59.939,229.2238,0.2616,0.0503
2015-01-06T00:46:59.010Z,5.8401,69.5393,231.0638,0.3011,0.084,2.2599,60.524,231.4587,0.2617,0.0373,2.7743,61.6547,229.267,0.2693,0.0461
2015-01-06T00:47:59.192Z,5.757,68.7563,232.1842,0.2961,0.0851,2.158,62.3804,231.7905,0.2685,0.0346,2.9223,62.385,231.3308,0.2698,0.0465
2015-01-06T00:48:59.760Z,5.1152,69.3114,232.0095,0.2989,0.0741,2.3247,61.9574,231.7768,0.2677,0.037,3.1729,62.586,231.6262,0.27,0.0511
2015-01-06T00:49:59.122Z,5.7054,68.6106,231.7699,0.296,0.0857,2.0852,61.1907,232.47,0.2623,0.0352,3.2917,62.5938,230.9723,0.2711,0.0528
2015-01-06T00:50:59.602Z,5.5879,70.3163,232.1447,0.3029,0.0813,2.3358,62.5638,232.7842,0.2689,0.0378,3.0259,60.1187,231.037,0.2608,0.0489
2015-01-06T00:51:59.057Z,5.2694,67.5688,232.1107,0.2911,0.08,2.4887,60.9968,232.8559,0.262,0.0419,3.3132,60.4577,230.6068,0.2623,0.0551
2015-01-06T00:52:59.355Z,6.0203,68.9171,232.3122,0.2966,0.0893,2.5308,62.2082,232.8295,0.267,0.0405,3.0616,60.6964,230.9339,0.2628,0.0488
2015-01-06T00:53:59.537Z,5.5378,68.2079,231.8559,0.2935,0.0827,2.4291,61.3779,232.1329,0.2643,0.0382,2.6826,61.7104,230.4999,0.2676,0.0431
2015-01-06T00:54:59.834Z,5.5107,68.1412,231.7484,0.2941,0.0823,2.2362,62.0919,231.6216,0.268,0.0367,3.348,60.7984,230.4412,0.2637,0.0554
2015-01-06T00:55:59.194Z,5.3662,67.3611,231.1726,0.2918,0.0814,2.3463,63.296,231.7011,0.2734,0.0354,2.8017,61.5883,229.4108,0.269,0.046
2015-01-06T00:56:59.478Z,4.8587,67.5343,230.8524,0.2925,0.073,2.4812,61.6788,231.8526,0.2659,0.0403,3.1714,61.4361,228.9334,0.2684,0.0527
2015-01-06T00:57:59.791Z,5.2932,68.2504,231.4287,0.2952,0.0792,2.5399,62.6826,231.8549,0.2707,0.0402,3.3218,61.794,229.6731,0.2684,0.0541
2015-01-06T00:58:59.952Z,5.3854,68.7886,232.3422,0.2963,0.0805,2.5519,62.081,232.2058,0.2674,0.0412,3.1756,61.7905,230.3641,0.2682,0.0521
2015-01-06T00:59:59.205Z,5.6864,69.6099,232.4866,0.299,0.0834,2.4709,62.2076,232.5663,0.2678,0.0391,2.7446,61.6039,230.2884,0.2676,0.0459
