2015-05-25T00:00:59.373Z,7.0166,66.3463,231.2075,0.2874,0.1082,-7.579,61.1019,231.246,0.2643,-0.1263,11.1605,63.0689,231.7341,0.2721,0.1845
2015-05-25T00:01:59.710Z,5.7789,68.5081,231.3689,0.2963,0.0854,-7.9208,62.2093,231.8379,0.268,-0.131,12.0814,63.2049,231.6054,0.273,0.1966
2015-05-25T00:02:59.086Z,6.277,68.5127,231.4454,0.2962,0.093,-8.1768,62.6051,231.5611,0.2701,-0.1328,11.5954,64.57,231.6187,0.2788,0.1809
2015-05-25T00:03:59.290Z,6.7472,69.0986,231.8421,0.2977,0.0982,-7.9703,63.2838,232.2373,0.2724,-0.1276,11.6549,63.1208,232.0858,0.2725,0.1853
2015-05-25T00:04:59.484Z,7.1486,70.1547,231.6111,0.3031,0.1032,-8.0825,63.0941,232.1796,0.2714,-0.1281,12.2698,63.3496,231.9034,0.2738,0.1944
2015-05-25T00:05:59.716Z,6.5082,69.1995,231.1385,0.2989,0.0964,-8.1481,61.8377,231.3968,0.267,-0.1337,11.8707,63.5082,231.2851,0.2755,0.1874
2015-05-25T00:06:59.135Z,5.7359,68.6966,230.9303,0.2978,0.0839,-7.3851,61.3906,231.1268,0.2656,-0.1249,11.6863,62.1718,230.8741,0.2686,0.191
2015-05-25T00:07:59.472Z,5.3524,69.3641,230.5755,0.3005,0.0778,-7.7393,61.7934,230.9434,0.2678,-0.1288,11.6989,62.9603,230.6798,0.2729,0.1863
2015-05-25T00:08:59.712Z,6.5032,68.5753,230.8011,0.2974,0.0947,-7.5827,63.1987,231.1974,0.2726,-0.1244,11.6879,63.8488,231.2645,0.2759,0.1859
2015-05-25T00:09:59.949Z,6.5984,70.0737,230.5862,0.3038,0.0951,-7.6023,64.2643,231.3604,0.278,-0.1208,11.536,63.5937,231.0586,0.2753,0.1827
2015-05-25T00:10:59.231Z,6.2359,68.6873,230.27,0.298,0.0922,-7.8491,63.5097,231.4617,0.2742,-0.1243,11.7752,63.3409,230.9943,0.2746,0.1864
2015-05-25T00:11:59.461Z,6.207,69.8864,230.5468,0.3028,0.0898,-7.6577,64.1253,231.6141,0.2766,-0.1211,11.6401,62.8334,231.1702,0.2714,0.1846
2015-05-25T00:12:59.780Z,6.8649,69.9436,230.6374,0.3027,0.0988,-7.5235,62.0163,231.7119,0.2677,-0.124,12.0295,63.5841,231.1742,0.2748,0.1908
2015-05-25T00:13:59.013Z,6.5407,69.4561,230.9301,0.3004,0.094,-7.8159,61.7011,231.7407,0.2661,-0.128,11.8718,64.0786,231.5694,0.2773,0.1871
2015-05-25T00:14:59.200Z,6.2721,68.1953,231.4845,0.2948,0.0925,-7.9508,61.1935,231.3653,0.2648,-0.1313,12.2979,64.7469,233.0735,0.2778,0.1904
2015-05-25T00:15:59.465Z,6.6229,68.9855,231.7,0.298,0.0964,-8.0297,59.4146,229.0159,0.259,-0.1384,12.0126,64.8498,233.3929,0.278,0.1915
2015-05-25T00:16:59.764Z,6.6242,68.439,230.7336,0.296,0.0991,-8.324,62.3039,230.6741,0.2703,-0.1377,12.4374,63.45,232.8154,0.2718,0.1995
2015-05-25T00:17:59.176Z,6.3563,69.9988,230.2231,0.304,0.0917,-7.9276,63.0516,232.2028,0.2715,-0.1252,12.3218,63.8115,232.4681,0.2744,0.1929
2015-05-25T00:18:59.466Z,6.4985,68.6964,230.2124,0.2983,0.0968,-8.1183,62.3686,231.951,0.2687,-0.13,11.9393,64.6478,232.3151,0.2784,0.187
2015-05-25T00:19:59.772Z,6.1421,68.6632,230.1845,0.298,0.0907,-7.7804,63.0291,231.8014,0.2716,-0.1259,12.1764,63.3386,231.9641,0.2732,0.1929
2015-05-25T00:20:59.975Z,5.9698,68.7877,231.4236,0.2975,0.0881,-7.52,61.4349,231.4064,0.2654,-0.1275,11.6975,63.3064,231.8751,0.2731,0.187
2015-05-25T00:21:59.297Z,6.383,68.0816,231.6714,0.2934,0.0947,-7.3898,63.709,231.8562,0.2746,-0.1169,11.5051,62.9212,232.0787,0.2709,0.1839
2015-05-25T00:22:59.648Z,6.3815,69.0714,231.4941,0.2981,0.0929,-8.2025,61.913,231.5602,0.2677,-0.1334,11.8525,64.4063,231.9622,0.2777,0.1856
2015-05-25T00:23:59.750Z,6.8407,69.4096,231.4432,0.2996,0.1004,-8.0056,60.0019,231.6305,0.2589,-0.1344,11.9908,62.4165,231.9821,0.2691,0.1918
2015-05-25T00:24:59.092Z,6.1513,70.2,231.6512,0.3029,0.0893,-7.866,61.6704,231.6941,0.2658,-0.1287,11.9256,64.3847,232.2607,0.2769,0.1859
2015-05-25T00:25:59.414Z,6.2884,69.8948,231.4395,0.3018,0.0897,-8.1498,62.6332,231.6024,0.2692,-0.1309,11.6271,63.3634,232.0345,0.2729,0.1861
2015-05-25T00:26:59.628Z,6.7316,69.767,232.2379,0.3008,0.0973,-7.5922,62.1444,231.9977,0.2679,-0.1232,11.9582,64.2144,232.44,0.2768,0.1866
2015-05-25T00:27:59.966Z,6.4991,69.1668,232.582,0.2975,0.0963,-8.0007,62.4771,232.5311,0.2684,-0.1288,11.5033,63.7291,232.3301,0.2749,0.1826
2015-05-25T00:28:59.260Z,6.4282,69.6588,232.5763,0.2993,0.0923,-7.9432,63.5573,232.3853,0.2737,-0.1271,11.9084,63.963,231.9739,0.2759,0.1867
2015-05-25T00:29:59.468Z,6.9478,69.4693,232.281,0.2985,0.1013,-7.8824,63.1246,232.4265,0.2715,-0.1277,11.7996,64.5887,231.783,0.2787,0.1858
2015-05-25T00:30:59.715Z,6.6673,70.0089,231.545,0.3022,0.0951,-7.8747,63.2799,232.1209,0.2726,-0.1278,11.3908,61.1529,231.121,0.2648,0.1907
2015-05-25T00:31:59.935Z,6.8581,69.6234,232.1607,0.2997,0.1002,-7.7707,62.4753,232.544,0.269,-0.127,11.3581,63.8231,232.0308,0.2753,0.1793
2015-05-25T00:32:59.285Z,6.4329,69.7538,231.5084,0.302,0.0936,-8.0624,63.2221,232.0433,0.2722,-0.1274,12.1764,63.1937,231.6939,0.273,0.1926
2015-05-25T00:33:59.598Z,5.8542,68.1114,231.3024,0.2941,0.0863,-7.6121,64.2216,232.2171,0.2768,-0.1196,11.8591,63.118,232.3974,0.2712,0.189
2015-05-25T00:34:59.946Z,6.6713,70.0501,231.7793,0.3017,0.096,-8.5801,61.9815,229.9957,0.27,-0.1402,12.0249,63.3495,232.993,0.2722,0.1928
2015-05-25T00:35:59.292Z,6.4043,69.4223,231.5446,0.3001,0.0943,-8.3376,60.1932,230.3329,0.2612,-0.1412,12.09,63.3851,233.0157,0.2717,0.1913
2015-05-25T00:36:59.525Z,6.4722,69.0334,231.3091,0.2978,0.0951,-8.2879,63.1145,232.2407,0.2715,-0.1318,11.5751,64.2197,232.8298,0.2763,0.1802
2015-05-25T00:37:59.771Z,5.8854,68.85,231.5723,0.2973,0.086,-8.2687,62.2065,232.0101,0.2684,-0.1329,12.2453,65.202,233.0041,0.2798,0.1888
2015-05-25T00:38:59.942Z,6.5335,68.4501,231.75,0.2955,0.0968,-7.4793,61.5986,231.5484,0.2661,-0.1226,12.0152,64.9417,233.1512,0.2787,0.1872
2015-05-25T00:39:59.161Z,5.2438,70.1109,232.2927,0.3018,0.0748,-7.7167,62.8436,232.9084,0.2697,-0.1233,12.0908,63.888,233.1073,0.2739,0.1892
2015-05-25T00:40:59.486Z,5.2709,68.5455,232.2761,0.2949,0.0788,-7.2109,62.5755,233.1196,0.2683,-0.1176,12.2189,64.1712,233.0584,0.2757,0.1938
2015-05-25T00:41:59.832Z,5.1085,69.7178,232.3762,0.3,0.0735,-7.8086,62.963,232.6977,0.2707,-0.1241,11.8578,62.5849,232.8676,0.2685,0.1915
2015-05-25T00:42:59.061Z,4.7348,70.3817,232.5754,0.3023,0.0682,-7.7981,61.2462,233.1323,0.2626,-0.1296,11.9979,63.5812,233.0166,0.2733,0.1908
2015-05-25T00:43:59.175Z,4.9791,69.172,232.012,0.2982,0.0733,-7.6613,63.4196,233.5003,0.2718,-0.1209,12.1726,64.8138,232.9695,0.2785,0.1891
2015-05-25T00:44:59.481Z,5.152,69.2854,232.9191,0.297,0.0757,-7.4125,61.897,233.5276,0.2649,-0.1245,11.8631,64.5657,233.4393,0.2766,0.1875
2015-05-25T00:45:59.901Z,4.8757,69.461,232.5571,0.2987,0.0712,-7.5109,63.1487,233.4145,0.2702,-0.1237,11.9303,63.1746,232.9053,0.271,0.1935
2015-05-25T00:46:59.133Z,4.8542,69.9922,232.4289,0.3011,0.0712,-7.4203,63.3307,233.7084,0.2707,-0.1189,11.9212,63.243,233.1557,0.2711,0.1901
2015-05-25T00:47:59.373Z,4.9008,69.5535,232.322,0.299,0.0719,-7.4992,63.1513,233.517,0.2701,-0.119,12.1092,63.4284,232.9679,0.2722,0.1929
2015-05-25T00:48:59.604Z,5.0827,69.8615,232.4553,0.3009,0.0718,-7.8577,61.6609,233.5064,0.264,-0.1295,11.6821,62.6389,232.4897,0.2695,0.186
2015-05-25T00:49:59.890Z,5.024,69.1981,232.6899,0.2977,0.0732,-7.2993,62.854,233.2966,0.2691,-0.1199,12.2188,63.8252,232.1356,0.2744,0.1925
2015-05-25T00:50:59.101Z,5.7648,68.5839,232.4393,0.2949,0.084,-7.7849,63.034,232.2234,0.2716,-0.1253,12.2518,63.4038,232.8522,0.272,0.1942
2015-05-25T00:51:59.349Z,6.7733,69.9844,232.3818,0.301,0.0969,-8.0887,61.6935,228.881,0.2698,-0.1334,12.3587,64.1362,233.0169,0.2745,0.1936
2015-05-25T00:52:59.627Z,6.8703,68.3282,232.1325,0.2943,0.1022,-8.3502,62.5424,231.327,0.27,-0.1355,12.0654,65.3143,231.9305,0.2813,0.1866
2015-05-25T00:53:59.103Z,6.3404,70.0965,231.9096,0.3022,0.0915,-7.8185,61.8231,232.3944,0.2662,-0.1287,11.8803,63.7801,232.1978,0.2748,0.1873
2015-05-25T00:54:59.471Z,6.6553,70.5041,232.1032,0.3033,0.0942,-8.0196,63.1393,232.6186,0.2711,-0.132,12.1016,63.4935,232.4863,0.2729,0.1908
2015-05-25T00:55:59.787Z,6.2711,69.4225,231.8263,0.2997,0.0912,-7.8929,61.8273,232.6133,0.2662,-0.1348,12.307,62.9955,232.7279,0.2703,0.1965
2015-05-25T00:56:59.164Z,6.364,69.9922,231.8156,0.302,0.092,-7.8902,61.9871,232.0837,0.2662,-0.1274,11.9701,63.7378,233.0326,0.2737,0.189
2015-05-25T00:57:59.524Z,6.0204,70.2001,231.7134,0.3026,0.0866,-7.8182,63.7248,232.4243,0.2745,-0.1246,11.757,64.3798,233.218,0.2758,0.1829
2015-05-25T00:58:59.917Z,5.7869,69.1215,231.7699,0.2988,0.0852,-7.9292,62.3576,232.948,0.2679,-0.128,12.3242,63.796,233.3082,0.2738,0.1945
2015-05-25T00:59:59.195Z,6.0927,68.6634,231.53,0.2961,0.0888,-8.0542,62.4277,232.9361,0.2678,-0.13,11.4868,64.0928,233.1366,0.275,0.1799
2015-05-25T01:00:59.474Z,6.1665,67.6752,230.302,0.294,0.0914,-8.2503,61.9901,232.7876,0.2665,-0.135,11.7903,62.7389,232.6374,0.2699,0.1913
2015-05-25T01:01:59.848Z,6.238,69.7405,231.1162,0.3019,0.0903,-7.4438,63.3976,233.6011,0.2718,-0.1198,11.9569,65.6111,233.5067,0.2809,0.1819
2015-05-25T01:02:59.038Z,6.6163,68.234,230.9116,0.2952,0.0981,-8.0138,62.8899,233.3156,0.2699,-0.1304,12.0138,63.9664,233.1206,0.2746,0.1904
2015-05-25T01:03:59.479Z,7.028,68.5404,231.5634,0.2959,0.104,-8.3238,63.402,232.8723,0.2722,-0.1313,12.2659,62.3545,232.6012,0.2681,0.1989
2015-05-25T01:04:59.682Z,6.5476,69.2779,231.8192,0.2988,0.0981,-8.1113,62.0624,232.3711,0.2675,-0.1333,11.5463,65.0288,232.4146,0.28,0.1811
2015-05-25T01:05:59.916Z,6.6497,68.2468,232.2173,0.2935,0.0982,-7.5814,61.433,232.5228,0.2646,-0.1247,11.9747,64.0617,232.9823,0.2752,0.1903
2015-05-25T01:06:59.330Z,6.2606,69.7986,232.4918,0.3003,0.0918,-7.6857,62.8178,232.8208,0.2706,-0.1242,11.8293,63.0552,232.5903,0.2711,0.1881
2015-05-25T01:07:59.629Z,5.0382,70.7849,232.9218,0.3042,0.0722,-7.4533,62.4868,232.7475,0.2679,-0.1197,11.5764,63.2252,232.0622,0.2726,0.1854
2015-05-25T01:08:59.016Z,4.9089,69.534,233.1747,0.2983,0.0711,-7.1742,61.3681,232.8903,0.2636,-0.1178,12.6248,65.287,232.473,0.281,0.1932
2015-05-25T01:09:59.140Z,4.422,68.5288,233.0356,0.2942,0.0655,-7.3008,63.1702,232.2954,0.2724,-0.1165,12.2534,63.1254,232.4167,0.2713,0.1948
2015-05-25T01:10:59.343Z,4.7943,69.9723,233.2441,0.2997,0.0695,-7.5033,62.7363,232.1993,0.2705,-0.1229,11.3826,61.8905,232.2516,0.2671,0.1873
2015-05-25T01:11:59.743Z,5.062,70.0778,232.7959,0.3009,0.0732,-7.5654,64.0059,233.045,0.2739,-0.1186,11.6112,64.7361,231.909,0.2792,0.1814
2015-05-25T01:12:59.006Z,5.648,69.3947,232.3713,0.2992,0.0821,-7.7637,62.2956,232.8949,0.2676,-0.1269,12.0462,63.5892,232.0633,0.2746,0.1909
2015-05-25T01:13:59.292Z,4.7443,70.4021,232.2775,0.3031,0.0681,-7.8595,63.8547,233.1556,0.274,-0.1253,11.6996,64.2658,232.3615,0.2765,0.1835
2015-05-25T01:14:59.582Z,4.6264,69.5626,231.7555,0.3004,0.0672,-7.356,63.5702,232.9393,0.2729,-0.1183,12.1804,62.5888,232.0475,0.2696,0.1947
2015-05-25T01:15:59.742Z,4.8707,69.2269,231.7236,0.299,0.0699,-7.4207,63.0236,232.7397,0.2709,-0.1198,12.1732,62.3812,231.8471,0.2693,0.1949
2015-05-25T01:16:59.070Z,5.4,70.0783,232.1821,0.3014,0.0786,-7.2709,63.9962,232.7651,0.2752,-0.1154,11.7556,62.9088,231.9721,0.2716,0.1886
2015-05-25T01:17:59.353Z,4.7853,69.4256,232.1527,0.2987,0.0693,-7.6019,63.9109,232.7885,0.2744,-0.1223,11.7237,63.067,231.7369,0.2715,0.1892
2015-05-25T01:18:59.624Z,4.8448,69.7071,232.353,0.3001,0.0707,-7.4295,62.6598,232.7592,0.2696,-0.1192,11.7275,64.3202,231.8585,0.2768,0.1841
2015-05-25T01:20:59.474Z,4.7268,69.7502,232.452,0.2999,0.0681,-7.7044,62.6024,232.6179,0.2691,-0.1257,11.8996,64.1893,232.2454,0.2763,0.188
2015-05-25T01:21:59.766Z,4.9599,70.4367,232.5578,0.3032,0.0724,-7.3244,62.132,231.7757,0.2679,-0.1212,12.0713,64.1455,232.8225,0.2758,0.1891
2015-05-25T01:22:59.028Z,5.1432,70.6078,232.8638,0.3028,0.073,-8.0401,60.8543,229.9794,0.2646,-0.1347,12.5859,65.7496,233.5554,0.2812,0.1923
2015-05-25T01:23:59.340Z,4.9374,69.9158,231.9453,0.3013,0.0714,-7.5612,61.8502,232.5897,0.2662,-0.1241,12.2486,63.8977,232.914,0.2742,0.1934
2015-05-25T01:24:59.691Z,4.9582,69.1611,232.3731,0.2977,0.0735,-7.9263,62.4079,233.2908,0.2678,-0.1327,12.2033,63.0563,233.0338,0.2702,0.1962
2015-05-25T01:25:59.967Z,4.7146,69.1289,231.95,0.2982,0.0692,-7.3635,62.6598,233.0135,0.2688,-0.1207,12.0807,64.0497,232.6505,0.2758,0.1896
2015-05-25T01:26:59.230Z,4.8658,69.2599,232.7101,0.298,0.0702,-7.3944,62.4302,232.7869,0.268,-0.1198,11.5766,63.3324,232.4346,0.2726,0.184
2015-05-25T01:27:59.598Z,4.9842,70.2963,233.3024,0.3014,0.071,-7.6068,63.2528,232.9258,0.2715,-0.1223,11.9728,64.2218,232.301,0.2764,0.1882
2015-05-25T01:28:59.811Z,6.0795,68.6182,233.0143,0.2953,0.0888,-7.8099,64.6029,232.5163,0.2782,-0.1242,11.6107,64.344,232.7667,0.2763,0.1822
2015-05-25T01:29:59.991Z,6.7203,69.3841,232.6391,0.2986,0.0964,-7.6975,61.3537,232.2637,0.264,-0.1262,11.7346,63.7991,233.0469,0.2737,0.1855
2015-05-25T01:30:59.196Z,6.4317,69.6528,232.5451,0.2998,0.0941,-7.4482,61.6574,232.5281,0.2653,-0.1228,11.9322,63.4,233.0892,0.2722,0.1896
2015-05-25T01:31:59.584Z,6.2822,68.4174,232.3968,0.2945,0.0926,-8.22,62.294,232.4348,0.268,-0.134,12.2287,64.5758,232.5212,0.2775,0.1899
2015-05-25T01:32:59.883Z,6.194,69.1362,232.4918,0.2974,0.0897,-7.9332,64.131,232.5867,0.2762,-0.1271,11.7896,62.7998,232.8078,0.2696,0.1884
2015-05-25T01:33:59.238Z,6.2207,69.8093,232.6169,0.3,0.092,-7.9329,62.9131,232.5728,0.2707,-0.1294,11.4886,64.6999,232.9199,0.2773,0.1799
2015-05-25T01:34:59.496Z,6.9077,69.8671,232.7186,0.3005,0.1001,-7.9278,62.2289,232.9536,0.2673,-0.1273,11.7774,64.0685,233.2376,0.2747,0.1875
2015-05-25T01:35:59.822Z,6.4059,68.4397,232.6297,0.2938,0.0955,-8.0661,62.5207,232.8448,0.2682,-0.1308,12.2634,64.2139,233.0176,0.2753,0.1928
2015-05-25T01:36:59.056Z,6.2424,70.4828,232.9778,0.3027,0.0892,-7.8567,63.4598,232.9471,0.2727,-0.1265,11.7279,63.9236,232.8997,0.2748,0.184
2015-05-25T01:37:59.285Z,6.5638,69.8452,233.0074,0.2998,0.0953,-7.7236,63.2236,232.8705,0.2716,-0.1243,11.5492,63.5374,232.5732,0.2729,0.1829
2015-05-25T01:38:59.514Z,6.4929,68.9173,232.8751,0.2958,0.0953,-8.2107,62.8342,232.8336,0.2703,-0.1335,11.7189,63.7316,232.2363,0.2737,0.186
2015-05-25T01:39:59.777Z,6.2191,68.763,232.7526,0.2957,0.0913,-7.9776,63.2584,232.8168,0.2713,-0.128,11.8188,62.8164,233.1268,0.2698,0.1942
2015-05-25T01:40:59.162Z,6.3259,69.6124,232.7791,0.2993,0.092,-7.8738,62.315,232.5894,0.2686,-0.127,11.7998,63.2096,233.1303,0.271,0.1862
2015-05-25T01:41:59.557Z,6.4567,69.8467,232.5538,0.2997,0.0927,-8.0975,62.2276,232.4325,0.2676,-0.1314,11.9517,63.5518,232.797,0.2729,0.1876
2015-05-25T01:42:59.761Z,6.6907,69.9582,233.3034,0.3002,0.0966,-7.3826,64.44,233.1871,0.276,-0.117,11.8551,64.6602,233.3968,0.2768,0.1851
2015-05-25T01:43:59.067Z,6.7316,70.7313,233.6756,0.3024,0.0956,-8.1116,61.1917,231.5337,0.2647,-0.1344,12.1984,64.8863,234.2406,0.2774,0.1869
2015-05-25T01:44:59.362Z,6.4884,70.1147,233.5974,0.3004,0.0935,-7.9107,62.7846,229.8385,0.273,-0.1287,12.1736,64.6902,234.094,0.2763,0.1884
2015-05-25T01:45:59.799Z,6.5907,69.3412,233.6309,0.2974,0.0958,-7.3462,63.8505,231.303,0.276,-0.117,11.744,65.2846,233.4154,0.2798,0.1814
2015-05-25T01:46:59.040Z,6.4821,69.839,233.4322,0.2993,0.0937,-8.009,63.6862,232.8117,0.2737,-0.1266,11.8753,64.0608,232.9739,0.2748,0.1864
2015-05-25T01:47:59.228Z,6.8625,70.3177,233.3642,0.3007,0.0985,-8.0642,61.9545,232.0259,0.2673,-0.1304,11.6055,63.9725,233.1956,0.274,0.1825
2015-05-25T01:48:59.508Z,6.3707,69.8833,232.8958,0.3005,0.0907,-7.2199,62.5683,231.6422,0.2699,-0.1173,12.1432,65.1185,232.9839,0.279,0.19
2015-05-25T01:49:59.842Z,6.2374,68.8512,233.1029,0.2952,0.0908,-7.5593,62.3598,231.794,0.2692,-0.1243,12.263,63.3125,232.5669,0.272,0.1948
2015-05-25T01:50:59.223Z,4.6344,69.8619,232.6538,0.2998,0.0668,-7.6549,62.0926,232.4031,0.2666,-0.1232,11.6581,65.2221,232.3086,0.2803,0.1799
2015-05-25T01:51:59.523Z,5.1526,69.1403,232.5081,0.2975,0.0748,-6.7449,62.9869,233.1605,0.2698,-0.1111,11.8468,63.8642,232.2775,0.2742,0.1863
2015-05-25T01:52:59.808Z,6.7348,70.1422,231.876,0.3025,0.0978,-8.2332,62.2198,232.4195,0.2677,-0.135,12.4148,64.3591,232.2293,0.2772,0.1929
2015-05-25T01:53:59.035Z,7.1773,69.1832,232.8188,0.297,0.1042,-8.1011,62.3454,232.6458,0.2679,-0.1339,11.8031,63.8162,232.5858,0.2744,0.1856
2015-05-25T01:54:59.258Z,6.3808,70.7432,232.9395,0.3038,0.0915,-7.2868,63.3666,232.8584,0.2715,-0.1188,11.8495,64.6465,232.2241,0.2788,0.1854
2015-05-25T01:55:59.573Z,6.8182,69.2091,232.5159,0.2979,0.0998,-7.7931,62.4423,231.5538,0.2692,-0.1269,12.0562,64.7521,232.4963,0.2784,0.1866
2015-05-25T01:56:59.879Z,6.9279,66.8577,233.3751,0.2868,0.1083,-8.5025,59.9079,229.6222,0.2613,-0.1433,12.237,64.1084,233.1214,0.2749,0.1934
2015-05-25T01:57:59.123Z,6.9318,69.6592,233.0471,0.2986,0.0996,-7.9144,62.9671,231.9639,0.2717,-0.1259,11.9741,63.7317,232.4563,0.2741,0.1887
2015-05-25T01:58:59.383Z,6.4477,69.5852,232.9608,0.2982,0.0951,-7.7186,62.618,232.3787,0.2695,-0.1278,11.7276,62.5712,232.0152,0.2691,0.1899
2015-05-25T01:59:59.602Z,6.7769,69.1404,232.3677,0.297,0.1,-7.8229,62.5697,232.652,0.2688,-0.1315,11.8947,63.1478,232.0437,0.2719,0.1893
2015-05-25T02:00:59.983Z,6.1396,68.0761,232.7951,0.2922,0.0885,-8.3075,62.0978,232.6486,0.2674,-0.1339,12.1209,63.0011,232.1777,0.2713,0.1939
2015-05-25T02:01:59.220Z,6.373,69.9567,232.679,0.3008,0.093,-7.3529,64.3189,232.628,0.2765,-0.1167,11.972,64.1921,232.2352,0.2764,0.1884
2015-05-25T02:02:59.534Z,6.7111,69.7101,233.0355,0.2985,0.0975,-8.4249,63.7741,233.3284,0.2736,-0.134,12.1868,64.0821,232.4611,0.2758,0.1908
2015-05-25T02:03:59.895Z,6.3677,69.19,232.7797,0.2969,0.0946,-7.6335,61.7426,232.6338,0.2659,-0.1253,11.7978,62.9211,231.8296,0.2712,0.1929
2015-05-25T02:04:59.240Z,6.3036,69.091,232.0729,0.2974,0.0916,-7.7879,62.6593,232.1989,0.2696,-0.1238,12.1358,62.7436,231.7216,0.2707,0.1957
2015-05-25T02:05:59.879Z,6.1093,70.1202,232.1249,0.3025,0.0873,-7.8909,62.8211,232.3979,0.2702,-0.1277,11.5103,64.7544,232.277,0.2792,0.18
2015-05-25T02:06:59.207Z,6.6886,69.5371,232.131,0.2995,0.0974,-8.3734,62.877,232.5213,0.271,-0.1359,12.1904,62.7075,232.2176,0.2702,0.1943
2015-05-25T02:07:59.669Z,6.9263,70.558,232.7935,0.3031,0.099,-8.3245,61.9205,229.3715,0.27,-0.1376,11.8213,63.9456,232.8177,0.2745,0.1864
2015-05-25T02:08:59.976Z,6.6859,69.8182,232.4493,0.3001,0.0958,-7.6078,61.6676,229.9828,0.2678,-0.1261,12.2723,66.2935,232.9913,0.2843,0.1849
2015-05-25T02:09:59.163Z,5.9972,69.8491,231.6074,0.3016,0.0867,-7.96,61.9434,232.7738,0.265,-0.13,11.9883,63.3739,232.7153,0.2721,0.1904
2015-05-25T02:10:59.480Z,6.1096,69.379,231.8248,0.2992,0.0884,-7.7734,62.2526,232.6867,0.2673,-0.1266,11.8923,64.2462,233.09,0.2755,0.1856
2015-05-25T02:11:59.626Z,6.4334,69.9527,231.9121,0.3015,0.0935,-7.7145,61.0654,232.5675,0.2626,-0.1265,11.8163,61.8325,232.9565,0.2658,0.1919
2015-05-25T02:12:59.864Z,7.04,69.7601,232.4631,0.3,0.1027,-7.7089,63.4579,232.0856,0.2732,-0.1247,11.802,63.6427,232.4459,0.2734,0.1862
2015-05-25T02:13:59.092Z,6.4526,68.3216,232.1249,0.2946,0.0963,-8.0529,61.4194,232.2191,0.2642,-0.137,12.2079,63.9432,232.6441,0.2748,0.1972
2015-05-25T02:14:59.334Z,6.1063,70.0615,232.4457,0.3015,0.0873,-7.9729,62.1598,232.5659,0.2676,-0.1284,12.0026,64.8914,233.0204,0.2787,0.1859
2015-05-25T02:15:59.632Z,5.9997,69.9843,232.3753,0.3007,0.087,-7.4808,63.316,232.6691,0.2724,-0.121,11.8896,63.6509,233.0072,0.2729,0.1878
2015-05-25T02:16:59.047Z,6.3507,69.5546,232.1203,0.2997,0.0917,-7.5047,62.8059,232.546,0.2701,-0.1214,12.0907,65.0597,232.8278,0.2793,0.186
2015-05-25T02:17:59.342Z,6.396,70.1381,231.7037,0.3024,0.0922,-8.078,62.0795,232.3373,0.267,-0.1319,11.959,63.4802,232.1786,0.2732,0.1896
2015-05-25T02:18:59.738Z,6.1004,69.471,231.9984,0.299,0.0884,-7.7932,61.4798,231.7452,0.2653,-0.132,11.9852,63.2691,232.6763,0.2723,0.1911
2015-05-25T02:19:59.987Z,6.7118,69.5023,232.251,0.2992,0.0974,-7.7905,61.8346,229.7534,0.2693,-0.1285,11.9882,64.094,233.2904,0.2752,0.1876
2015-05-25T02:20:59.148Z,6.6503,69.1904,232.2652,0.2977,0.0979,-7.2989,60.8562,230.4716,0.2638,-0.1218,11.6006,63.7021,233.1563,0.2734,0.1828
2015-05-25T02:21:59.599Z,6.4082,70.1079,231.8954,0.3022,0.0927,-7.5787,63.1004,232.2996,0.2718,-0.1233,11.6741,63.5905,232.224,0.2738,0.186
2015-05-25T02:22:59.004Z,5.9047,68.8809,232.1243,0.2972,0.0869,-7.0156,62.2419,231.082,0.2699,-0.1179,11.6176,64.6999,232.8206,0.2777,0.1829
2015-05-25T02:23:59.561Z,6.4853,69.2409,232.3427,0.2978,0.0951,-8.6012,62.0802,229.2248,0.2714,-0.1438,12.3003,63.9833,233.4073,0.274,0.196
2015-05-25T02:24:59.871Z,6.4971,70.463,231.9921,0.3039,0.094,-7.9474,63.0808,232.416,0.2714,-0.128,11.9534,63.518,233.3001,0.2718,0.1878
2015-05-25T02:25:59.069Z,6.2257,69.8996,231.6113,0.302,0.0904,-7.9412,63.3346,232.6821,0.2718,-0.128,12.2574,64.588,233.1774,0.2771,0.1902
2015-05-25T02:26:59.589Z,6.332,68.9746,231.5133,0.298,0.0923,-8.1947,62.5399,232.631,0.2692,-0.1335,12.127,65.6046,233.3204,0.281,0.1851
2015-05-25T02:27:59.777Z,6.6155,69.4929,231.6267,0.3004,0.0955,-7.9843,62.0653,232.3857,0.2675,-0.1301,11.952,65.1886,233.0803,0.2798,0.1862
2015-05-25T02:28:59.133Z,6.7918,68.945,232.1641,0.2969,0.0997,-7.895,62.6921,232.6914,0.2701,-0.1326,11.9128,62.8009,233.1162,0.2693,0.1923
2015-05-25T02:29:59.350Z,5.9902,68.8933,232.1516,0.2968,0.0885,-8.0823,61.7723,232.4314,0.2656,-0.1336,12.0802,64.5395,233.1578,0.2769,0.1896
2015-05-25T02:30:59.818Z,5.8373,69.3559,232.0815,0.2989,0.0855,-7.6929,63.6351,232.525,0.2736,-0.1237,11.9446,64.0304,233.0137,0.2749,0.1867
2015-05-25T02:31:59.156Z,6.5877,69.7779,232.0067,0.3008,0.0962,-8.1374,63.1313,232.6839,0.2717,-0.1294,12.385,63.8844,233.2913,0.2738,0.1928
2015-05-25T02:32:59.275Z,6.6405,70.2842,231.7866,0.3037,0.0963,-7.9023,61.2351,231.8048,0.2645,-0.1296,11.8454,63.0163,233.1379,0.2707,0.187
2015-05-25T02:33:59.583Z,6.5281,70.0389,232.1064,0.3014,0.096,-7.3904,62.2973,231.6381,0.2688,-0.1212,11.804,63.2216,233.4135,0.2707,0.1903
2015-05-25T02:34:59.920Z,6.6743,69.6117,232.1555,0.2998,0.0966,-8.041,61.4447,231.3725,0.2657,-0.1325,11.8893,62.9742,233.2185,0.2699,0.1899
2015-05-25T02:35:59.219Z,5.8762,69.876,231.7858,0.3016,0.0844,-7.6687,63.0663,231.3857,0.273,-0.1258,12.0526,63.1418,232.6989,0.2716,0.1946
2015-05-25T02:36:59.627Z,6.5776,69.8886,231.8836,0.3022,0.0942,-7.9001,62.2031,231.9645,0.2678,-0.1286,11.4764,64.8493,232.7404,0.2788,0.1786
2015-05-25T02:37:59.951Z,6.1271,69.6468,231.4772,0.3011,0.0883,-8.1353,63.0399,232.4615,0.2712,-0.1314,11.749,63.5467,232.8942,0.2724,0.1863
2015-05-25T02:38:59.144Z,6.1201,70.0455,230.8769,0.3033,0.0874,-7.6789,61.6482,232.9457,0.2647,-0.1297,11.9657,63.4907,233.4669,0.2722,0.1925
2015-05-25T02:39:59.485Z,5.8698,69.3352,230.6543,0.3002,0.0841,-7.9191,64.8492,233.2692,0.2783,-0.1249,12.1467,62.7613,233.5441,0.2684,0.194
2015-05-25T02:40:59.713Z,6.7387,69.7265,230.4818,0.3027,0.0968,-8.0721,62.573,233.3784,0.2682,-0.1289,12.0019,64.1397,233.5181,0.2752,0.1887
2015-05-25T02:41:59.081Z,6.5162,68.5183,230.5781,0.2971,0.0976,-8.1879,63.0312,233.3466,0.2701,-0.1312,12.1108,64.8854,233.5206,0.2779,0.187
2015-05-25T02:42:59.260Z,6.3109,69.1702,231.7182,0.2985,0.0919,-8.2073,61.6651,233.0453,0.2644,-0.1369,12.0373,64.0246,233.3443,0.2743,0.19
2015-05-25T02:43:59.460Z,5.9961,67.9379,231.8788,0.2924,0.09,-8.1491,60.8834,233.0291,0.2617,-0.1358,12.0153,64.1562,233.3587,0.2743,0.1933
2015-05-25T02:44:59.837Z,6.4842,68.7359,231.9547,0.296,0.0943,-7.8373,63.3208,233.061,0.2721,-0.1238,12.4629,65.2621,233.2,0.2802,0.1927
2015-05-25T02:45:59.046Z,6.3916,69.8413,232.0633,0.3006,0.0918,-7.9444,62.8016,232.4817,0.2701,-0.129,12.0878,64.4222,233.3431,0.2761,0.1874
2015-05-25T02:46:59.259Z,6.5854,69.6624,231.9063,0.3002,0.0959,-7.8185,62.7887,232.1243,0.2709,-0.1249,12.4388,64.9881,233.4512,0.2781,0.192
2015-05-25T02:47:59.682Z,6.8459,69.073,232.0184,0.2978,0.1003,-7.9971,63.0987,232.3492,0.2714,-0.129,12.043,63.802,233.5611,0.273,0.1915
2015-05-25T02:48:59.860Z,6.2484,69.5257,232.2074,0.2995,0.0908,-7.6196,62.6324,232.1171,0.2698,-0.1243,11.7686,64.0076,233.6407,0.2743,0.1862
2015-05-25T02:49:59.158Z,6.714,69.1294,231.9333,0.2978,0.0982,-7.8637,61.3748,231.3992,0.2651,-0.1314,11.7368,64.3732,233.238,0.2758,0.1836
2015-05-25T02:50:59.389Z,5.2662,69.6873,232.5803,0.2999,0.077,-7.8754,61.6315,227.9953,0.2698,-0.1291,11.9345,63.3519,232.9577,0.2713,0.1873
2015-05-25T02:51:59.673Z,5.2775,68.8295,232.3158,0.2959,0.0768,-7.1348,62.0642,229.9085,0.27,-0.1145,12.1951,64.7204,232.994,0.2774,0.1905
2015-05-25T02:52:59.942Z,4.4251,68.9467,231.452,0.2979,0.0656,-7.2,62.6791,231.5825,0.271,-0.1143,12.1588,64.0738,232.9621,0.2752,0.1923
2015-05-25T02:53:59.218Z,5.2746,68.828,231.7153,0.2976,0.0782,-7.743,61.2546,231.3654,0.2644,-0.1297,12.3124,65.1236,233.4451,0.279,0.1927
2015-05-25T02:54:59.604Z,4.8157,70.3615,232.1273,0.3027,0.0687,-7.1649,62.416,231.5077,0.2697,-0.1163,12.506,64.7338,233.7987,0.2771,0.1947
2015-05-25T02:55:59.948Z,5.3058,69.0091,232.2022,0.2974,0.0769,-7.7855,62.9821,232.1831,0.272,-0.1245,12.5122,64.2668,233.2344,0.2754,0.1958
2015-05-25T02:56:59.456Z,5.423,69.5259,232.2073,0.2998,0.0792,-7.5231,63.1852,232.7069,0.271,-0.12,11.767,63.7182,233.6899,0.273,0.186
2015-05-25T02:57:59.789Z,4.8925,69.9367,232.4936,0.3007,0.0705,-7.6085,62.7527,232.6743,0.2703,-0.1226,11.5395,64.537,234.0176,0.2755,0.1802
2015-05-25T02:58:59.084Z,6.8782,70.2428,233.0214,0.3013,0.0987,-7.7152,63.7822,232.8066,0.274,-0.1217,11.8341,63.9077,234.1413,0.2729,0.1878
2015-05-25T02:59:59.320Z,6.6911,69.4004,232.9731,0.2981,0.0974,-8.0836,63.2356,232.4651,0.2718,-0.1285,11.8271,64.8765,233.7523,0.2778,0.1838
2015-05-25T03:00:59.662Z,6.1836,68.0682,233.4227,0.292,0.091,-8.2953,62.2509,231.5168,0.2686,-0.1378,11.5479,63.9333,234.9713,0.2729,0.1816
2015-05-25T03:01:59.046Z,6.7148,70.4281,233.2464,0.302,0.0952,-7.6818,61.8477,231.4606,0.2674,-0.1264,12.2644,66.0783,234.9093,0.2812,0.1873
2015-05-25T03:02:59.266Z,7.0933,68.2504,233.0285,0.2929,0.1049,-8.2938,61.6289,231.369,0.2665,-0.1382,12.048,64.2433,234.6446,0.2738,0.1912
2015-05-25T03:03:59.551Z,6.4299,70.0176,232.7676,0.3013,0.0932,-7.7714,62.8335,231.5886,0.2712,-0.1265,12.1392,63.6367,234.3113,0.272,0.1932
2015-05-25T03:04:59.037Z,6.2474,69.4964,232.7806,0.2986,0.091,-7.6784,63.0779,231.6539,0.2719,-0.1243,12.1838,64.7422,234.1888,0.2767,0.1883
2015-05-25T03:05:59.301Z,6.516,68.7077,232.4649,0.2954,0.0957,-7.682,61.6736,231.4053,0.2664,-0.1259,11.9436,63.5815,233.9951,0.2712,0.1896
2015-05-25T03:06:59.514Z,6.3533,70.4443,232.4508,0.3033,0.0905,-7.219,62.1543,231.3062,0.2685,-0.119,11.8297,64.4263,234.053,0.2748,0.1851
2015-05-25T03:07:59.938Z,6.66,67.5041,232.5301,0.2904,0.0998,-7.7089,59.8296,231.4545,0.2588,-0.1345,11.9668,61.0069,233.8616,0.2607,0.2012
2015-05-25T03:08:59.229Z,5.8863,67.2597,232.9894,0.2884,0.089,-7.4598,58.9146,231.6393,0.2542,-0.1359,12.3462,61.2357,234.1144,0.261,0.2046
2015-05-25T03:09:59.486Z,7.2129,67.7128,233.1898,0.2905,0.1093,-7.7753,57.2363,232.3148,0.2462,-0.1408,11.8136,60.3892,234.3721,0.2576,0.2043
2015-05-25T03:10:59.557Z,6.6143,64.9752,233.3926,0.2779,0.1058,-7.9466,54.4797,232.4359,0.2341,-0.1564,12.1769,56.9852,234.5369,0.2423,0.224
2015-05-25T03:11:59.839Z,6.7393,67.9481,233.3833,0.2908,0.1023,-8.6486,58.1751,232.8491,0.2496,-0.1545,12.2267,61.5884,233.9969,0.2629,0.2043
2015-05-25T03:12:59.354Z,6.273,66.542,233.642,0.2843,0.0978,-8.3549,58.9708,233.2898,0.2529,-0.1506,12.6066,60.881,233.6648,0.2603,0.2162
2015-05-25T03:13:59.686Z,7.0196,64.3815,233.4643,0.2758,0.1131,-7.6019,58.7841,233.2766,0.252,-0.1364,12.2351,59.9569,233.5482,0.2567,0.2103
2015-05-25T03:14:59.000Z,6.7066,66.62,232.7677,0.2863,0.104,-7.902,58.2192,233.6603,0.2489,-0.1406,12.0827,60.4327,233.3842,0.2586,0.2058
2015-05-25T03:15:59.409Z,6.2086,67.8797,232.7773,0.2918,0.0932,-7.3375,60.2218,233.8352,0.2574,-0.1304,11.7596,61.7092,233.023,0.2642,0.1958
2015-05-25T03:16:59.692Z,5.9264,66.871,233.2822,0.2867,0.0916,-7.6516,57.7666,233.8436,0.2468,-0.1398,12.0569,59.1498,233.3849,0.2533,0.2136
2015-05-25T03:17:59.962Z,5.9409,67.2218,233.461,0.2879,0.0888,-7.8632,60.1055,233.4672,0.2571,-0.1345,12.057,61.6863,233.2545,0.2645,0.2017
2015-05-25T03:18:59.164Z,6.8003,69.7529,233.3529,0.2992,0.0985,-7.9334,64.0897,232.9745,0.2748,-0.1236,12.0578,64.6172,233.3054,0.2766,0.1882
2015-05-25T03:19:59.339Z,6.4463,70.5254,234.0927,0.3017,0.0933,-7.8682,62.3701,232.9877,0.2674,-0.1293,11.7772,63.6805,231.4122,0.2758,0.1857
2015-05-25T03:20:59.774Z,7.3764,71.1025,234.3602,0.3032,0.1045,-8.1719,64.4348,233.4799,0.2759,-0.1265,12.1079,63.4063,231.8575,0.2729,0.192
2015-05-25T03:22:59.199Z,6.5294,70.0541,234.1486,0.299,0.0943,-7.8388,62.5802,233.4697,0.2677,-0.1273,11.9717,65.0484,233.6388,0.2782,0.1862
2015-05-25T03:23:59.668Z,6.9605,70.4782,234.3292,0.3009,0.1018,-7.7737,61.7889,233.8633,0.264,-0.1296,12.152,64.9855,233.262,0.279,0.1877
2015-05-25T03:24:59.114Z,7.0564,69.9363,234.373,0.2982,0.1016,-7.497,63.0796,233.4769,0.27,-0.121,11.8273,63.6698,232.8609,0.2737,0.1857
2015-05-25T03:25:59.485Z,6.2926,69.4976,234.2975,0.297,0.0899,-8.1723,61.8132,233.2393,0.2646,-0.1322,11.8445,64.2973,232.7178,0.2757,0.1836
2015-05-25T03:26:59.726Z,6.792,69.7546,234.5249,0.297,0.0974,-8.0617,63.9823,233.4245,0.2741,-0.1283,11.8201,63.6697,232.7108,0.2742,0.1884
2015-05-25T03:27:59.109Z,6.1064,69.7638,233.6542,0.2992,0.0879,-7.9267,63.9509,233.3458,0.2737,-0.1258,11.7923,63.2176,233.0616,0.2714,0.1896
2015-05-25T03:28:59.282Z,6.5921,70.4015,233.2949,0.3014,0.0943,-8.1385,62.5512,233.051,0.2684,-0.131,11.6884,63.9538,232.9303,0.2745,0.1831
2015-05-25T03:29:59.526Z,6.8999,70.8059,232.824,0.3038,0.099,-8.2141,62.2833,233.2041,0.268,-0.1319,11.8158,63.7427,233.8882,0.2722,0.1866
2015-05-25T03:30:59.786Z,6.2314,69.3354,232.4722,0.2983,0.0899,-7.8779,62.6666,233.9437,0.2671,-0.1264,12.0691,64.4543,233.9868,0.2754,0.1892
2015-05-25T03:32:59.271Z,6.4296,70.3462,233.0765,0.3017,0.0921,-7.5972,62.8924,232.9688,0.2697,-0.1242,11.9822,64.5407,231.5471,0.2787,0.1859
2015-05-25T03:33:59.723Z,6.7221,68.9397,232.2915,0.2971,0.0985,-8.2856,62.9433,232.7395,0.2707,-0.1308,11.7821,62.8282,229.2177,0.2746,0.1884
2015-05-25T03:34:59.009Z,6.1324,70.3716,231.5526,0.3038,0.0868,-7.3293,63.1037,232.2426,0.2717,-0.121,11.7826,62.178,228.0608,0.2727,0.1898
2015-05-25T03:35:59.240Z,6.7126,70.4968,231.1953,0.3051,0.0952,-7.8668,60.7913,230.4791,0.2636,-0.1324,11.0198,64.2599,228.114,0.2811,0.1714
2015-05-25T03:36:59.487Z,6.2533,69.2143,230.9341,0.2992,0.0907,-7.7693,60.9476,227.8975,0.2677,-0.1286,12.0699,64.1236,230.3535,0.2787,0.1892
2015-05-25T03:37:59.750Z,6.4091,69.2276,230.8114,0.2992,0.093,-8.3825,62.5988,227.6688,0.2752,-0.1371,11.7301,62.816,230.9069,0.272,0.1868
2015-05-25T03:38:59.066Z,6.5848,69.3649,230.6386,0.3008,0.0963,-7.6012,62.295,227.7371,0.2724,-0.1246,11.5777,63.6726,231.1057,0.2757,0.1833
2015-05-25T03:39:59.519Z,6.4723,69.2411,230.6751,0.301,0.0936,-7.8104,62.4055,227.8616,0.2733,-0.1267,12.0871,62.6129,231.2922,0.2704,0.1932
2015-05-25T03:40:59.860Z,6.4651,68.9045,230.0915,0.2993,0.0948,-8.4792,63.4523,230.518,0.2751,-0.1339,12.3898,63.3923,230.6,0.275,0.1965
2015-05-25T03:41:59.069Z,6.1037,69.5138,230.3394,0.3018,0.0873,-7.5554,62.7417,231.4351,0.2706,-0.122,11.4031,63.5523,230.6282,0.276,0.1804
2015-05-25T03:42:59.264Z,6.4444,68.842,230.5155,0.2988,0.0944,-7.8637,62.1447,231.0558,0.2692,-0.1275,12.0725,63.7133,230.8693,0.2757,0.1901
2015-05-25T03:43:59.490Z,6.5963,68.6647,230.7281,0.2973,0.0969,-8.3036,61.6585,228.0542,0.2708,-0.1364,11.7478,64.4003,231.923,0.2768,0.1841
2015-05-25T03:44:59.718Z,6.3213,68.4944,230.5719,0.2971,0.0929,-8.3238,61.7508,227.3715,0.2715,-0.1366,12.0377,63.2686,231.541,0.2734,0.1913
2015-05-25T03:46:59.219Z,6.2342,69.0786,230.0918,0.3003,0.0921,-8.149,61.442,228.7607,0.2684,-0.1348,11.8349,64.0268,231.3201,0.2765,0.1862
2015-05-25T03:47:59.453Z,6.6102,68.0173,228.7685,0.2971,0.0995,-7.9611,61.2934,230.0536,0.2664,-0.1307,12.2476,64.2168,231.0349,0.2782,0.1934
2015-05-25T03:48:59.750Z,6.0756,67.4836,228.7122,0.2952,0.0913,-7.5347,62.5571,229.7829,0.2718,-0.1223,11.7779,63.8524,231.4433,0.2762,0.1864
2015-05-25T03:49:59.923Z,6.1561,67.1154,228.4922,0.2936,0.0916,-8.1145,62.8554,229.9207,0.2736,-0.1307,11.5264,63.7623,230.9758,0.2757,0.18
2015-05-25T03:50:59.241Z,6.226,65.6158,229.2342,0.2867,0.0966,-7.8498,62.532,227.2406,0.2754,-0.1308,12.0911,63.6046,231.6202,0.2746,0.1973
2015-05-25T03:51:59.528Z,5.7472,67.4652,228.9316,0.2947,0.0878,-8.2509,61.2909,226.8552,0.2705,-0.1384,11.9897,63.7266,231.3448,0.2751,0.1898
2015-05-25T03:52:59.668Z,6.2391,68.6164,228.5834,0.3001,0.0916,-7.771,59.7776,228.7066,0.2612,-0.1323,11.6603,61.5404,229.9716,0.2679,0.189
2015-05-25T03:53:59.852Z,6.4342,69.493,228.9107,0.3032,0.0931,-7.7686,61.542,229.9279,0.2675,-0.1267,11.9163,62.0651,229.8902,0.27,0.1946
2015-05-25T03:54:59.080Z,6.5858,68.6883,228.7656,0.3003,0.0969,-7.6314,61.3196,229.6398,0.2673,-0.1267,11.6066,62.6066,229.7227,0.2731,0.1867
2015-05-25T03:55:59.232Z,6.0015,69.3557,228.8154,0.3042,0.0867,-8.0449,60.2857,229.8073,0.2623,-0.1344,11.7759,62.4165,229.221,0.2726,0.1897
2015-05-25T03:56:59.581Z,6.1736,69.1355,228.2596,0.3025,0.0905,-7.6447,60.8308,229.9082,0.2642,-0.1287,11.7784,62.3949,228.9901,0.2727,0.1891
2015-05-25T03:57:59.765Z,6.0751,68.8258,227.8581,0.3023,0.0893,-8.211,61.8913,230.1521,0.2688,-0.1331,11.8157,63.806,229.5645,0.2786,0.1853
2015-05-25T03:58:59.069Z,6.4421,69.1903,228.3516,0.3031,0.0947,-8.0021,62.0436,227.568,0.2728,-0.1312,12.194,61.9168,230.447,0.2686,0.198
2015-05-25T03:59:59.247Z,6.4354,68.1829,228.054,0.299,0.0957,-8.1955,60.9673,227.5555,0.2686,-0.1359,11.6945,64.2186,229.8885,0.2796,0.1829
