2015-04-27T00:00:59.749Z,4.1726,46.4389,230.9695,0.201,0.0941,-5.7186,35.0377,231.5898,0.1516,-0.1999,10.5002,36.5914,231.1384,0.1585,0.3283
2015-04-27T00:01:59.953Z,4.8468,49.0423,230.7723,0.2122,0.1027,-5.7671,30.3155,231.6068,0.1307,-0.2333,11.1796,36.7744,231.4241,0.1589,0.3493
2015-04-27T00:02:59.401Z,4.9269,45.3243,230.3396,0.1966,0.1104,-5.92,30.482,231.2479,0.1319,-0.2344,10.7022,34.7364,231.3611,0.1503,0.3479
2015-04-27T00:03:59.724Z,4.2464,48.3359,230.3332,0.2098,0.0933,-6.2747,33.0624,231.6731,0.1424,-0.2316,10.761,34.2453,231.4992,0.1482,0.3709
2015-04-27T00:04:59.875Z,4.0456,48.7141,230.3636,0.2116,0.0864,-6.2682,36.124,231.8791,0.156,-0.2182,11.1208,37.5677,232.4463,0.1614,0.3415
2015-04-27T00:05:59.155Z,4.8351,57.0356,230.468,0.2481,0.0896,-6.6437,44.8587,232.072,0.1934,-0.1771,11.3809,48.541,232.6387,0.2084,0.2622
2015-04-27T00:06:59.439Z,5.2013,68.7087,230.8445,0.2975,0.0771,-7.5007,62.4923,232.5481,0.2686,-0.1243,11.396,63.1621,233.0727,0.271,0.1823
2015-04-27T00:07:59.659Z,4.76,70.0774,231.1481,0.3031,0.0691,-7.3118,62.6059,233.1045,0.2682,-0.1181,11.519,63.9303,233.4081,0.2738,0.1827
2015-04-27T00:08:59.812Z,4.6927,68.606,231.2937,0.2959,0.0691,-7.1261,62.7968,233.3324,0.2691,-0.1143,11.2026,63.8355,233.4335,0.2736,0.1761
2015-04-27T00:09:59.103Z,5.6298,69.4673,231.6288,0.3,0.0826,-7.5116,62.3093,232.9825,0.2675,-0.1243,11.5934,63.5884,232.9369,0.273,0.1891
2015-04-27T00:10:59.399Z,5.3246,69.1272,231.8322,0.298,0.0777,-7.1077,61.7299,233.038,0.2649,-0.1168,11.021,63.1736,233.5884,0.2708,0.1779
2015-04-27T00:11:59.507Z,4.797,70.0286,231.4341,0.3024,0.0692,-7.3277,61.3407,232.3365,0.2644,-0.1202,11.3804,62.7471,234.437,0.2679,0.1818
2015-04-27T00:12:59.713Z,4.8084,70.6331,231.853,0.3046,0.0678,-7.1988,61.6789,231.411,0.2665,-0.1164,11.7366,64.6331,235.1556,0.2749,0.1818
2015-04-27T00:13:59.899Z,5.1918,70.1292,231.3275,0.3025,0.0743,-7.0993,63.1533,233.0147,0.2715,-0.1132,11.6747,64.1857,234.4249,0.2734,0.1815
2015-04-27T00:14:59.175Z,4.4946,69.0594,231.1249,0.2989,0.066,-7.3096,62.2512,234.0893,0.2659,-0.1216,11.4633,64.0859,234.014,0.2737,0.184
2015-04-27T00:15:59.358Z,4.7314,71.1178,232.2834,0.306,0.0675,-7.2913,64.1563,233.9927,0.2737,-0.1154,11.469,65.3759,234.1401,0.2793,0.1774
2015-04-27T00:16:59.554Z,5.492,71.8082,233.5104,0.307,0.0775,-7.4132,62.6195,233.504,0.2682,-0.1191,11.5398,64.9511,234.0634,0.2776,0.1763
2015-04-27T00:17:59.760Z,5.3586,70.7466,233.32,0.3033,0.0754,-7.4885,62.3829,233.4622,0.2666,-0.1201,11.9608,66.1715,234.0946,0.2827,0.1843
2015-04-27T00:18:59.976Z,5.163,68.9143,232.3519,0.2965,0.0765,-7.3636,62.7609,233.8219,0.2686,-0.1197,11.8153,63.7086,233.9482,0.2724,0.1878
2015-04-27T00:19:59.387Z,4.9727,70.0871,232.6043,0.301,0.0721,-7.7109,62.932,234.1971,0.2691,-0.1259,11.9261,65.4591,234.469,0.2793,0.1851
2015-04-27T00:20:59.517Z,4.9844,70.4403,232.7147,0.3026,0.0716,-7.2088,63.5291,234.3473,0.2711,-0.1133,11.6042,65.3597,234.7155,0.2782,0.1788
2015-04-27T00:21:59.632Z,4.9812,70.8945,232.9108,0.3047,0.0699,-7.234,61.8201,234.6018,0.2635,-0.1173,11.7513,64.0182,234.9136,0.2731,0.1827
2015-04-27T00:22:59.884Z,5.3938,70.7551,233.2304,0.3036,0.0772,-7.2215,62.868,235.0109,0.2677,-0.1154,11.337,64.9683,235.1167,0.2765,0.1761
2015-04-27T00:23:59.213Z,5.9423,71.1503,232.8651,0.3054,0.0839,-7.859,64.1314,234.637,0.2728,-0.123,11.3754,65.7693,235.1301,0.2792,0.1748
2015-04-27T00:24:59.466Z,6.4548,70.7695,233.1879,0.3031,0.0925,-8.014,63.4954,234.5055,0.2709,-0.1284,11.864,64.0544,235.3604,0.272,0.1878
2015-04-27T00:25:59.598Z,6.7733,69.9263,233.2296,0.3,0.0985,-7.8732,61.9995,234.1341,0.2647,-0.1308,11.7707,65.2175,235.5462,0.2771,0.1833
2015-04-27T00:26:59.835Z,6.5476,69.2991,232.8427,0.2975,0.0964,-7.5877,62.9648,233.6925,0.269,-0.1225,11.7086,64.4676,235.0914,0.2746,0.1809
2015-04-27T00:27:59.941Z,6.1732,69.7698,232.346,0.2997,0.0892,-8.1589,61.9,233.444,0.2643,-0.1324,11.5543,64.9526,235.1239,0.2763,0.1787
2015-04-27T00:28:59.071Z,5.6533,70.8448,232.4996,0.3046,0.0802,-7.6996,60.9388,233.4024,0.2615,-0.1255,12.0036,62.5782,234.6601,0.2673,0.1926
2015-04-27T00:29:59.282Z,6.9904,70.3105,232.9662,0.3013,0.1009,-7.9804,62.0062,233.2497,0.2651,-0.1349,11.4268,63.2979,234.3495,0.2697,0.1851
2015-04-27T00:30:59.548Z,6.8127,70.685,233.6233,0.3027,0.098,-7.3833,61.6221,232.8382,0.2647,-0.1258,11.5488,65.3132,234.375,0.2784,0.1808
2015-04-27T00:31:59.733Z,6.8542,71.4003,232.9577,0.3062,0.0985,-7.8424,62.3233,232.2765,0.2686,-0.1263,11.1957,63.5319,233.5877,0.2716,0.1768
2015-04-27T00:32:59.969Z,6.0912,70.2675,233.0326,0.3019,0.0876,-7.3603,63.1288,232.2846,0.2719,-0.118,11.223,64.7746,233.4357,0.278,0.1749
2015-04-27T00:33:59.156Z,6.8902,70.0846,232.7028,0.301,0.0984,-7.8282,62.7757,232.3278,0.2701,-0.1259,11.2969,64.0528,233.8628,0.2744,0.177
2015-04-27T00:34:59.390Z,6.9431,70.2882,233.1105,0.3011,0.1003,-7.8168,62.2818,231.9184,0.2689,-0.1278,11.5168,64.0456,235.0712,0.2722,0.1837
2015-04-27T00:35:59.709Z,6.644,71.6683,233.3753,0.3064,0.0927,-8.2218,63.6932,229.9537,0.2766,-0.1318,11.9129,64.7433,235.4367,0.2751,0.1837
2015-04-27T00:36:59.106Z,6.5623,70.9809,233.1551,0.3049,0.0934,-8.1954,63.9997,232.9433,0.2748,-0.1293,11.4973,65.8773,234.6208,0.2808,0.1752
2015-04-27T00:37:59.407Z,6.3058,70.7999,233.3733,0.3034,0.0902,-7.5912,64.4604,233.6652,0.276,-0.1173,11.8641,66.079,234.8553,0.2809,0.1803
2015-04-27T00:38:59.718Z,7.0451,70.398,233.2721,0.3017,0.1004,-7.6988,64.7373,233.6867,0.2767,-0.1208,11.5683,65.1643,235.0583,0.2765,0.1782
2015-04-27T00:39:59.814Z,6.9095,69.0888,233.6467,0.2952,0.1012,-7.7516,60.34,233.4388,0.258,-0.1297,11.6411,62.8008,235.3062,0.2666,0.1875
2015-04-27T00:40:59.165Z,6.9149,70.8173,233.5317,0.3029,0.0999,-8.1316,62.6844,233.4721,0.2683,-0.13,11.6179,67.1268,235.2752,0.2859,0.1752
2015-04-27T00:41:59.495Z,6.8843,70.0868,234.0497,0.2996,0.0989,-7.7508,63.9808,233.8169,0.2736,-0.123,11.3611,64.3924,235.8958,0.2727,0.1757
2015-04-27T00:42:59.762Z,6.6249,71.0264,233.8065,0.3034,0.0925,-8.112,64.671,234.2062,0.2759,-0.1278,11.7433,65.4784,235.3886,0.2778,0.1787
2015-04-27T00:43:59.034Z,6.8234,70.8389,233.3734,0.3038,0.0976,-7.6833,63.65,233.9913,0.2726,-0.1244,11.5978,65.8546,234.9957,0.2799,0.1793
2015-04-27T00:44:59.199Z,6.5653,68.299,233.4097,0.2929,0.0963,-7.2935,61.22,233.9457,0.2618,-0.1249,11.7015,63.0424,234.694,0.2684,0.1871
2015-04-27T00:45:59.488Z,6.9769,71.2559,233.6285,0.3047,0.0998,-8.1988,62.6563,233.6849,0.268,-0.1313,11.7831,63.4781,234.4823,0.2709,0.1862
2015-04-27T00:46:59.768Z,6.8698,71.0448,233.7178,0.3041,0.0974,-7.9714,63.9292,233.0811,0.2748,-0.1267,11.6438,64.4054,234.4012,0.2754,0.1818
2015-04-27T00:47:59.025Z,6.666,70.1693,234.1147,0.3,0.0956,-7.8753,63.9089,234.0229,0.2728,-0.1255,11.3197,63.831,234.0551,0.2725,0.1796
2015-04-27T00:48:59.297Z,6.3824,70.8263,234.0972,0.3028,0.0909,-7.7529,63.0988,234.4022,0.2685,-0.1284,12.1098,63.713,234.4948,0.2713,0.1937
2015-04-27T00:49:59.519Z,6.7148,69.6002,232.7911,0.299,0.097,-7.5032,64.0071,233.6173,0.2737,-0.1184,11.7166,65.1425,234.2098,0.278,0.1803
2015-04-27T00:50:59.838Z,5.9519,70.7668,232.4093,0.3041,0.0862,-7.5802,63.1229,233.9605,0.2692,-0.1209,11.4626,65.1663,234.1463,0.2787,0.1765
2015-04-27T00:51:59.027Z,7.083,70.1077,232.2661,0.302,0.1021,-7.8366,63.735,233.8274,0.2722,-0.1264,11.8191,64.0674,233.6632,0.2736,0.1852
2015-04-27T00:52:59.270Z,6.9046,70.5209,232.28,0.3035,0.0975,-8.0803,64.565,234.0532,0.2757,-0.1248,11.8254,64.1817,233.6539,0.2748,0.1845
2015-04-27T00:53:59.460Z,6.4085,69.3476,231.816,0.2993,0.0935,-7.9563,62.8457,233.5682,0.2692,-0.1278,11.2546,64.3508,233.7901,0.2754,0.1771
2015-04-27T00:54:59.611Z,6.5555,69.8152,231.4514,0.3012,0.0956,-8.1546,61.5254,233.2708,0.2638,-0.1347,11.764,62.736,233.5768,0.2687,0.1902
2015-04-27T00:55:59.941Z,6.5215,70.2491,232.1814,0.3016,0.0938,-7.442,63.5135,233.0047,0.2725,-0.1186,11.196,63.9795,233.5203,0.2737,0.1764
2015-04-27T00:56:59.226Z,6.6279,70.65,231.2786,0.3056,0.0937,-7.8053,63.2486,232.5563,0.2717,-0.1242,11.4154,64.3908,233.247,0.2758,0.1796
2015-04-27T00:57:59.547Z,6.6421,69.5653,230.4302,0.3022,0.0977,-7.7504,63.7688,232.5818,0.2742,-0.1229,11.4557,65.9787,233.0221,0.2829,0.1748
2015-04-27T00:58:59.808Z,6.0662,68.7012,230.5554,0.2976,0.0902,-7.4602,63.0222,231.9375,0.2715,-0.1238,11.2465,64.3385,233.3618,0.2757,0.1796
2015-04-27T00:59:59.035Z,6.3459,67.6941,230.1241,0.2942,0.096,-7.846,61.8817,232.2658,0.2662,-0.1324,11.4506,64.3837,233.6629,0.2749,0.1817
