2015-04-11T00:00:59.585Z,7.0107,46.5716,231.3845,0.2011,0.1514,-7.006,35.1485,232.0571,0.1507,-0.2079,10.5216,39.5988,233.2454,0.1701,0.273
2015-04-11T00:01:59.768Z,7.3966,46.9411,231.8882,0.2024,0.1563,-7.1904,35.1866,232.7304,0.151,-0.2065,10.8331,38.0716,233.7238,0.1624,0.2945
2015-04-11T00:02:59.008Z,6.3843,48.0452,231.901,0.2068,0.1328,-6.6801,35.3052,232.8228,0.1516,-0.1973,10.2711,39.3044,234.0446,0.1678,0.2713
2015-04-11T00:03:59.741Z,5.6929,48.1011,231.9473,0.2075,0.1185,-6.8313,36.2024,232.4137,0.1557,-0.1948,10.554,37.2726,233.3713,0.1599,0.2898
2015-04-11T00:04:59.905Z,5.5077,48.9629,232.1855,0.2107,0.1133,-6.6737,35.2758,231.1333,0.1526,-0.2001,10.556,38.7473,233.438,0.1663,0.2786
2015-04-11T00:05:59.202Z,5.339,48.0823,232.5314,0.2071,0.1126,-6.3478,34.9336,228.9818,0.153,-0.1884,10.5328,37.7839,234.0632,0.1616,0.2869
2015-04-11T00:06:59.566Z,5.4111,47.8881,231.817,0.2066,0.1126,-6.3356,34.887,230.6914,0.1514,-0.1908,10.884,38.0855,232.9244,0.1638,0.2942
2015-04-11T00:07:59.858Z,5.736,48.776,231.7733,0.2105,0.1175,-6.6807,33.0869,231.6621,0.1425,-0.2037,10.7263,39.6536,232.8614,0.1709,0.278
2015-04-11T00:08:59.372Z,5.8122,47.2333,231.4918,0.2042,0.1238,-6.228,34.4534,231.3158,0.1491,-0.1926,10.7332,38.8047,232.5354,0.1665,0.2831
2015-04-11T00:09:59.536Z,7.291,47.8444,230.3837,0.2079,0.1525,-7.3608,35.0077,231.0066,0.1518,-0.2174,10.211,37.441,232.3409,0.1615,0.2822
2015-04-11T00:10:59.892Z,6.8151,48.7776,229.8198,0.2122,0.1404,-6.9643,34.4522,230.05,0.1497,-0.2111,10.4346,39.0051,232.3488,0.168,0.2756
2015-04-11T00:11:59.545Z,6.2131,47.6462,230.6548,0.206,0.1299,-6.455,34.6053,230.6339,0.1499,-0.1926,10.399,37.0696,232.9956,0.1598,0.2917
2015-04-11T00:12:59.748Z,7.1578,48.0066,230.5888,0.2085,0.1496,-6.6545,34.8645,231.6351,0.1503,-0.2021,10.8104,38.5315,232.5318,0.1655,0.2875
2015-04-11T00:13:59.124Z,7.1326,48.2866,231.1033,0.209,0.1469,-6.769,34.9536,231.824,0.1506,-0.1994,10.6321,37.1276,232.6437,0.159,0.2937
2015-04-11T00:14:59.427Z,7.0551,49.2204,232.0824,0.2118,0.1441,-6.4742,35.0646,232.0795,0.1515,-0.2042,10.9291,37.0471,233.037,0.159,0.2985
2015-04-11T00:15:59.664Z,6.6091,48.2845,231.7354,0.2078,0.1364,-7.0936,33.9859,231.8655,0.1466,-0.2138,10.7967,39.0968,232.9767,0.168,0.2838
2015-04-11T00:16:59.261Z,6.6152,48.4396,231.8121,0.2088,0.1362,-7.4912,32.8809,231.6337,0.142,-0.2321,10.5641,39.6827,232.7073,0.1707,0.2764
2015-04-11T00:17:59.759Z,7.3366,48.987,232.1614,0.2111,0.1484,-6.7636,35.8803,232.6073,0.1546,-0.1946,10.9129,37.9097,233.4527,0.1625,0.2938
2015-04-11T00:18:59.029Z,7.3944,48.7967,231.7336,0.2106,0.1502,-6.873,36.4506,232.5666,0.1566,-0.1949,10.3691,37.783,233.3661,0.1622,0.2857
2015-04-11T00:19:59.244Z,6.1226,49.2482,231.1245,0.2129,0.1249,-6.9879,36.964,232.4734,0.1592,-0.1989,10.7063,39.2958,232.973,0.1688,0.2775
2015-04-11T00:20:59.349Z,7.0611,47.9775,231.5547,0.2071,0.1471,-7.0363,33.9974,233.1695,0.146,-0.2136,10.0557,37.9966,233.5753,0.1629,0.2756
2015-04-11T00:21:59.525Z,7.3662,48.9226,231.4376,0.2109,0.1509,-6.5236,35.141,233.2688,0.1507,-0.2015,10.6992,38.1343,233.9632,0.1626,0.2844
2015-04-11T00:22:59.998Z,7.0764,48.6703,231.4004,0.2105,0.1437,-6.9598,37.9004,233.2438,0.1629,-0.1963,10.7925,36.9138,233.8927,0.1574,0.3052
2015-04-11T00:23:59.305Z,6.8431,48.2013,232.677,0.2072,0.1401,-7.1971,33.6937,232.9226,0.1448,-0.2261,10.7096,40.2282,233.937,0.1717,0.2751
2015-04-11T00:24:59.847Z,6.6859,49.2438,231.8413,0.2124,0.1351,-6.6668,37.5708,232.0557,0.1623,-0.1899,10.2565,37.8718,233.2334,0.1624,0.2836
2015-04-11T00:25:59.124Z,6.3707,47.6938,231.6201,0.2061,0.1349,-7.3284,35.941,232.1635,0.1552,-0.2083,10.9865,38.4131,233.14,0.1645,0.293
2015-04-11T00:26:59.475Z,7.0385,48.5112,231.7437,0.2091,0.1453,-6.6757,35.4767,231.8275,0.1533,-0.2023,10.9418,38.9914,233.1441,0.1673,0.2879
2015-04-11T00:27:59.892Z,6.616,48.2707,232.0901,0.2084,0.1369,-6.8868,34.9841,231.8153,0.1508,-0.2015,10.8735,40.0222,233.5448,0.1713,0.2763
2015-04-11T00:28:59.048Z,6.635,47.9896,231.673,0.2077,0.1379,-6.8768,35.3071,231.8361,0.1529,-0.2089,10.7218,38.0966,232.7673,0.164,0.2901
2015-04-11T00:29:59.344Z,6.9893,47.8495,231.3684,0.2067,0.1462,-6.8712,33.583,231.3558,0.1454,-0.2175,10.6574,39.2958,232.6136,0.1688,0.2797
2015-04-11T00:30:59.577Z,6.6109,48.1834,231.0717,0.2084,0.1376,-7.4137,35.3345,230.6259,0.1534,-0.2178,10.387,37.3893,232.2748,0.161,0.2859
2015-04-11T00:31:59.167Z,6.6921,48.5037,231.1986,0.2093,0.1378,-6.8922,32.8283,229.9376,0.1428,-0.2266,10.4511,37.6902,232.5342,0.1621,0.2887
2015-04-11T00:32:59.789Z,6.2016,47.8826,231.1783,0.2074,0.1297,-6.4126,34.5995,230.1798,0.1505,-0.1904,10.2118,37.6198,232.7983,0.162,0.2743
2015-04-11T00:33:59.081Z,5.068,48.4251,231.0879,0.2099,0.1064,-6.7133,35.0062,230.4118,0.1519,-0.1988,10.2228,38.2152,232.5806,0.1639,0.2751
2015-04-11T00:34:59.248Z,5.1679,47.7385,231.3503,0.2068,0.1078,-6.262,33.7078,231.03,0.1459,-0.1913,10.2283,38.4945,232.6175,0.166,0.2753
2015-04-11T00:35:59.433Z,5.0551,47.7969,231.6584,0.2062,0.1046,-6.5519,34.6336,231.2675,0.1498,-0.1952,10.2087,37.8984,232.7123,0.1625,0.2812
2015-04-11T00:36:59.792Z,5.2355,47.5516,232.1146,0.2053,0.1102,-6.5065,35.2422,231.5503,0.1521,-0.1951,10.5824,39.3965,233.122,0.1688,0.2801
2015-04-11T00:37:59.135Z,5.8274,46.9524,232.3642,0.2024,0.1236,-6.2181,35.0652,231.7338,0.1513,-0.1829,10.5658,37.6886,233.2791,0.1614,0.2918
2015-04-11T00:38:59.653Z,5.5307,48.7821,232.0026,0.2107,0.1126,-6.6786,35.255,231.7591,0.1521,-0.2028,10.4327,38.7717,233.2936,0.1661,0.2802
2015-04-11T00:39:59.061Z,7.1784,49.3297,232.6931,0.2118,0.1472,-6.67,35.7346,231.2104,0.1544,-0.196,10.0159,37.8641,233.4862,0.1622,0.2762
2015-04-11T00:40:59.380Z,7.1701,48.9418,232.6767,0.2105,0.1454,-6.9554,33.5498,231.7862,0.1448,-0.2175,9.9942,37.029,233.3687,0.1584,0.2749
2015-04-11T00:41:59.949Z,6.6483,48.5899,233.0754,0.2085,0.1367,-6.6048,36.4826,232.2337,0.1568,-0.1897,10.7092,37.4218,234.1249,0.1596,0.2928
2015-04-11T00:42:59.822Z,6.7666,48.1904,232.2105,0.2078,0.1393,-7.2827,35.333,231.2541,0.1523,-0.2156,10.3927,37.0178,233.7629,0.1581,0.287
2015-04-11T00:43:59.397Z,7.6178,48.1407,231.7183,0.2076,0.1584,-8.009,34.0092,228.0762,0.1494,-0.2424,10.448,38.9829,234.1608,0.1664,0.2773
2015-04-11T00:44:59.959Z,7.4675,48.8836,231.5107,0.2111,0.1521,-7.159,32.242,229.3752,0.1405,-0.2284,10.9059,36.4192,233.9198,0.156,0.3058
2015-04-11T00:45:59.235Z,6.9043,47.5488,231.4627,0.205,0.1439,-6.8981,32.8749,230.7293,0.1422,-0.2211,10.3926,39.8911,233.7288,0.1707,0.271
2015-04-11T00:46:59.278Z,6.7013,47.7038,230.8445,0.2067,0.1377,-6.8393,34.5525,229.81,0.1505,-0.2102,10.5362,38.3795,233.1756,0.1642,0.2832
2015-04-11T00:47:59.629Z,7.1834,48.9709,231.8898,0.2108,0.1454,-6.9468,36.0677,231.0843,0.1559,-0.2035,10.9369,39.0809,234.0143,0.1667,0.2874
2015-04-11T00:48:59.224Z,6.4539,48.1503,231.7753,0.2076,0.1338,-6.9957,35.0696,231.5083,0.1514,-0.2132,11.1018,39.0913,234.0448,0.1664,0.2937
2015-04-11T00:49:59.687Z,6.261,47.8505,231.9348,0.2058,0.1305,-7.5443,34.9192,231.3148,0.1503,-0.2212,10.5474,38.4734,233.7928,0.1646,0.2837
2015-04-11T00:50:59.163Z,6.9126,48.3792,232.0334,0.208,0.1437,-7.1579,36.248,231.1778,0.1567,-0.2092,10.5151,38.7934,233.6224,0.1659,0.275
2015-04-11T00:51:59.492Z,6.2207,48.0552,232.486,0.2067,0.1285,-6.8588,37.4018,231.5926,0.1616,-0.1929,10.7854,38.2577,234.0863,0.1638,0.2867
2015-04-11T00:52:59.100Z,5.6606,47.9616,232.3544,0.2064,0.1181,-6.1899,33.2432,232.1214,0.143,-0.1914,10.9923,38.6894,233.9381,0.1654,0.2908
2015-04-11T00:53:59.441Z,5.5988,48.7209,232.3951,0.2097,0.1157,-6.9174,35.6188,232.289,0.153,-0.2005,10.8029,39.2,234.1181,0.1677,0.2856
2015-04-11T00:54:59.846Z,7.0277,47.7225,231.9382,0.2061,0.1474,-6.9628,34.435,231.8287,0.149,-0.2116,10.8209,39.1689,234.2508,0.1666,0.2834
2015-04-11T00:55:59.517Z,6.9501,48.945,231.667,0.2112,0.1414,-6.641,35.1567,230.8219,0.152,-0.2017,10.2417,37.328,233.579,0.1596,0.2814
2015-04-11T00:56:59.781Z,7.006,48.6414,230.9063,0.21,0.1436,-7.2105,32.8782,230.4217,0.1426,-0.2282,10.3578,38.2227,232.7067,0.1645,0.2834
2015-04-11T00:57:59.225Z,6.8569,47.9467,231.1426,0.2069,0.1436,-6.7396,36.2648,230.6668,0.1573,-0.1997,10.6641,38.2192,232.5449,0.1641,0.2897
2015-04-11T00:58:59.468Z,7.0807,49.5831,230.8773,0.2145,0.1403,-6.6743,34.1069,230.1811,0.1486,-0.2089,10.3488,38.3274,232.1795,0.1649,0.2802
2015-04-11T00:59:59.745Z,6.7709,47.1724,231.9724,0.2035,0.1442,-6.8471,35.1175,231.5266,0.1518,-0.208,10.2603,38.7668,233.2662,0.1658,0.2764
