2015-01-25T00:01:59.280Z,5.3118,68.4149,231.9084,0.2951,0.0797,2.4892,61.5351,230.0485,0.2673,0.0399,82.9638,103.7595,232.7427,0.4455,0.8015
2015-01-25T00:02:59.496Z,5.6263,69.9604,233.0108,0.3002,0.082,2.4402,60.9926,230.5265,0.2649,0.0403,81.2387,101.9848,230.3738,0.443,0.7986
2015-01-25T00:03:59.069Z,4.2502,68.5988,232.5653,0.2944,0.0633,2.5566,62.4988,230.2273,0.2718,0.0427,83.2814,103.3224,233.1244,0.4432,0.8066
2015-01-25T00:04:59.392Z,4.6603,69.0596,232.628,0.2967,0.0686,2.5185,61.4088,230.3739,0.267,0.0423,83.3291,103.6445,233.6377,0.4435,0.8052
2015-01-25T00:05:59.490Z,4.9324,69.9312,233.4755,0.2992,0.0711,2.5901,60.2964,228.2657,0.2641,0.0425,83.8871,104.8222,234.2808,0.4473,0.8012
2015-01-25T00:06:59.787Z,4.9462,69.4966,232.5098,0.2985,0.0719,2.2384,59.8914,228.3297,0.2626,0.0384,82.6965,104.3663,233.1192,0.4474,0.7934
2015-01-25T00:07:59.512Z,4.9661,69.185,231.5533,0.2987,0.0738,2.4274,61.6391,230.0672,0.2681,0.0408,82.7702,102.8517,232.3034,0.4427,0.8054
2015-01-25T00:08:59.912Z,5.0512,68.4293,231.6051,0.295,0.0741,2.5425,63.4239,229.822,0.2755,0.0391,82.9851,103.3651,233.0368,0.4437,0.8038
2015-01-25T00:09:59.538Z,5.4084,69.2296,231.842,0.298,0.0791,2.8076,59.1429,229.9816,0.2562,0.0489,83.2486,103.9856,233.1466,0.4461,0.8016
2015-01-25T00:10:59.199Z,4.8422,68.9263,233.0488,0.296,0.0699,2.956,61.5796,231.0857,0.2666,0.0496,82.9922,103.9892,233.0993,0.446,0.7997
2015-01-25T00:11:59.956Z,4.0672,68.9818,232.7435,0.2962,0.0593,2.4075,60.9627,230.633,0.2642,0.0401,83.1157,104.407,232.8133,0.4488,0.7974
2015-01-25T00:12:59.927Z,4.4597,68.7276,231.3609,0.297,0.0665,2.6901,61.2923,229.517,0.2671,0.0436,81.7759,102.6519,231.5614,0.4435,0.7984
2015-01-25T00:13:59.164Z,5.5351,69.0664,231.1532,0.299,0.0809,2.1742,61.151,229.3049,0.2661,0.0359,81.7837,102.4943,231.2547,0.4432,0.8004
2015-01-25T00:14:59.493Z,4.8398,68.4558,231.6612,0.296,0.0725,2.626,58.6793,227.5897,0.2578,0.0464,82.0098,102.223,232.1865,0.4409,0.8042
2015-01-25T00:15:59.830Z,5.6043,69.0871,231.3339,0.2986,0.0811,2.5292,60.5753,225.9812,0.2686,0.0428,82.1125,103.1311,231.9773,0.4447,0.7967
2015-01-25T00:16:59.068Z,5.121,68.0549,231.0369,0.2946,0.0765,2.2718,61.5427,228.2501,0.2691,0.0362,81.6542,103.2294,231.0115,0.447,0.7929
2015-01-25T00:17:59.855Z,5.5201,68.0844,231.3613,0.2932,0.0842,2.0996,61.1738,228.814,0.2673,0.0339,81.6851,102.2429,230.9987,0.4422,0.7999
2015-01-25T00:18:59.280Z,4.2048,67.9787,230.659,0.2951,0.0624,2.9244,60.638,228.03,0.2659,0.0494,80.348,101.3136,229.6712,0.4409,0.7954
2015-01-25T00:19:59.643Z,4.0934,69.1746,230.8859,0.3001,0.06,2.4307,61.6359,226.1144,0.2721,0.0411,81.1993,100.9793,230.497,0.4378,0.806
2015-01-25T00:20:59.520Z,5.5542,68.5236,232.1496,0.2947,0.0822,2.431,61.4365,227.7381,0.27,0.0408,82.7035,103.0484,232.8199,0.4433,0.8042
2015-01-25T00:21:59.049Z,5.0762,69.9543,232.255,0.3009,0.0727,2.2302,63.5176,230.6506,0.2754,0.0342,82.416,102.9881,232.358,0.4431,0.8007
2015-01-25T00:23:59.931Z,4.8046,69.0168,231.8307,0.2973,0.0702,2.4919,62.578,230.4318,0.2715,0.0403,82.0189,102.1816,231.9975,0.4405,0.8038
2015-01-25T00:24:59.311Z,4.3747,69.1769,231.9741,0.298,0.0648,2.3404,59.9288,230.1949,0.2603,0.0406,81.4397,101.9227,231.6292,0.4402,0.8003
2015-01-25T00:25:59.490Z,4.9626,68.6508,230.9876,0.2973,0.074,2.6815,60.7838,229.5446,0.2648,0.0443,81.8745,101.4412,231.3224,0.4391,0.808
2015-01-25T00:26:59.785Z,4.9841,68.2782,230.751,0.2959,0.0734,2.1213,60.6242,227.062,0.2673,0.0349,82.1073,102.6726,231.5604,0.4434,0.8007
2015-01-25T00:27:59.365Z,5.1773,67.8032,230.2084,0.2947,0.0782,2.4014,61.0404,226.0218,0.27,0.0393,81.8148,101.7862,231.6086,0.4393,0.8046
2015-01-25T00:28:59.961Z,5.2499,66.5787,228.5367,0.2918,0.0802,2.2661,59.5502,228.7243,0.2604,0.0395,80.4146,100.4116,229.0755,0.4379,0.8028
2015-01-25T00:29:59.205Z,5.6116,67.4148,228.1934,0.2953,0.0846,2.4741,60.9083,228.6504,0.2664,0.0401,80.2531,100.3338,228.9663,0.438,0.8017
2015-01-25T00:30:59.155Z,4.6615,68.3527,230.778,0.2963,0.0704,2.4982,62.9032,228.45,0.2759,0.0384,81.1455,101.1105,230.4731,0.4385,0.8034
2015-01-25T00:31:59.909Z,4.416,69.1536,230.7786,0.2995,0.0647,2.566,62.1295,227.7573,0.2724,0.0423,80.8832,101.031,230.5561,0.438,0.8011
2015-01-25T00:32:59.146Z,4.5442,69.3118,230.684,0.301,0.066,2.8207,63.1498,228.124,0.2765,0.0479,81.5453,101.4039,230.5558,0.4397,0.8045
2015-01-25T00:33:59.618Z,5.261,68.1685,230.6657,0.2951,0.0795,2.2045,62.2921,228.5312,0.2725,0.0337,80.9218,101.3554,230.5834,0.4393,0.7995
2015-01-25T00:34:59.942Z,5.5055,69.1364,231.4278,0.2985,0.0801,2.3418,62.6095,228.4309,0.2744,0.0353,81.0484,101.3954,230.2356,0.4405,0.8003
2015-01-25T00:35:59.644Z,4.2525,69.8391,231.4865,0.3014,0.061,2.3684,61.892,228.6489,0.2707,0.0378,81.1968,100.8563,230.8908,0.4367,0.8053
2015-01-25T00:36:59.888Z,4.3601,68.836,231.8801,0.2964,0.0638,2.6057,62.3156,228.7997,0.2725,0.0412,81.6936,102.188,231.2153,0.4421,0.8003
2015-01-25T00:37:59.214Z,5.4219,68.3061,231.2073,0.2948,0.0808,2.3429,61.3492,228.1082,0.2687,0.0381,81.192,101.7298,230.603,0.4413,0.7994
2015-01-25T00:38:59.760Z,4.9437,67.4825,232.0933,0.2909,0.0752,2.1033,60.9588,227.8535,0.2673,0.0361,81.7207,101.7314,230.9262,0.4407,0.8048
2015-01-25T00:39:59.159Z,4.9098,69.2449,232.2763,0.2983,0.0719,2.5634,61.7446,227.7021,0.2711,0.041,81.4954,102.2384,230.8906,0.4424,0.7987
2015-01-25T00:40:59.309Z,4.3986,68.186,231.6325,0.2945,0.0647,2.7735,65.4174,228.8745,0.2865,0.0432,81.2978,101.6267,231.1371,0.4397,0.8005
2015-01-25T00:41:59.825Z,5.034,68.3688,231.5652,0.2953,0.0746,2.2579,61.0263,229.386,0.2662,0.0376,81.8549,103.2474,231.648,0.4457,0.7942
2015-01-25T00:42:59.347Z,5.0403,69.2781,230.9146,0.3,0.0738,2.0903,61.6264,229.4533,0.2686,0.0334,81.9524,102.6387,231.046,0.4443,0.8
2015-01-25T00:43:59.726Z,4.7476,68.7581,230.4254,0.2986,0.0692,2.5429,60.0854,229.7327,0.262,0.0454,81.5203,102.2279,231.2307,0.4425,0.7993
2015-01-25T00:44:59.473Z,4.8164,68.6544,231.0157,0.2969,0.0708,2.4581,61.1358,227.4,0.269,0.0387,82.057,102.7214,231.4402,0.4435,0.8002
2015-01-25T00:45:59.182Z,5.1226,68.898,231.3373,0.2979,0.0748,2.4519,60.997,227.9821,0.2677,0.0394,81.718,102.6907,231.2941,0.4436,0.7971
2015-01-25T00:46:59.841Z,5.3978,69.0323,231.5479,0.2977,0.0788,2.3832,63.237,229.6257,0.2755,0.0387,81.0772,101.944,230.0927,0.4435,0.7965
2015-01-25T00:47:59.498Z,4.8971,67.9916,230.9013,0.2941,0.073,1.6816,60.7766,228.5792,0.2656,0.0264,80.3928,101.6727,229.5016,0.443,0.7924
2015-01-25T00:48:59.344Z,4.2299,67.5182,231.0766,0.2927,0.0622,2.1747,60.0727,228.6144,0.2629,0.0377,80.5254,100.8453,229.6425,0.4391,0.8008
2015-01-25T00:49:59.720Z,4.9168,68.7996,230.9595,0.2982,0.0723,2.3001,61.8515,227.5503,0.2721,0.037,79.7182,100.3875,228.5447,0.4387,0.7951
2015-01-25T00:50:59.962Z,5.0665,68.84,231.2326,0.2979,0.0746,2.8849,60.8809,228.2016,0.2663,0.0468,80.0637,100.7874,228.9609,0.4397,0.7963
2015-01-25T00:51:59.554Z,4.1462,68.7909,230.9796,0.2977,0.0613,2.5713,61.5877,229.6611,0.268,0.04,80.6411,101.083,229.7404,0.4399,0.7988
2015-01-25T00:52:59.822Z,4.2453,69.8527,231.1757,0.302,0.0615,3.1749,63.1951,230.1536,0.2745,0.0497,80.447,101.0151,229.7776,0.4399,0.7964
2015-01-25T00:53:59.171Z,5.3722,69.4883,231.2517,0.3009,0.0799,2.419,61.1983,230.1477,0.2657,0.0409,80.6689,101.0992,230.1907,0.4393,0.7993
2015-01-25T00:54:59.427Z,4.9203,68.5367,230.5876,0.2966,0.0719,2.877,61.1431,229.8543,0.2653,0.049,81.1835,102.0247,230.2542,0.4427,0.7968
2015-01-25T00:55:59.107Z,4.8381,69.0301,230.906,0.2986,0.0723,2.4341,60.4912,229.2434,0.2641,0.0406,81.6402,102.1589,230.6196,0.4429,0.8002
2015-01-25T00:56:59.606Z,4.0699,68.7314,231.1349,0.2977,0.0592,2.2847,60.8787,229.6343,0.2649,0.0378,81.6522,102.8822,230.6364,0.4464,0.7945
2015-01-25T00:57:59.986Z,5.1908,68.9611,231.2753,0.2981,0.0762,2.539,63.187,229.313,0.2751,0.0402,81.0464,100.7052,230.2626,0.4371,0.8047
2015-01-25T00:58:59.337Z,5.4591,67.7222,231.171,0.2923,0.0813,2.3121,62.1164,229.5007,0.2707,0.0378,81.4442,101.5334,230.666,0.4402,0.8033
2015-01-25T00:59:59.811Z,4.6685,67.6953,230.2418,0.2936,0.07,2.6337,62.3239,228.672,0.2727,0.0418,81.2637,101.1236,230.7591,0.4384,0.8047
