2015-02-19T00:00:59.109Z,5.7196,68.829,230.1387,0.299,0.0842,2.1282,63.7527,230.06,0.2773,0.0336,81.4438,102.7503,231.6548,0.4431,0.794
2015-02-19T00:01:59.502Z,4.7557,68.273,230.6065,0.2957,0.0716,2.5216,59.1929,228.6186,0.2585,0.0447,82.1724,104.1305,232.3056,0.4479,0.7914
2015-02-19T00:02:59.856Z,4.3777,71.1012,230.2885,0.3086,0.061,2.7633,64.1501,228.2144,0.281,0.0437,81.9667,103.3714,232.1313,0.4452,0.7937
2015-02-19T00:03:59.167Z,6.0166,70.3944,229.7387,0.3067,0.0866,2.8157,64.7547,230.2728,0.2808,0.0434,82.1872,103.9294,231.5336,0.4487,0.792
2015-02-19T00:04:59.498Z,5.4242,70.3093,229.6767,0.3062,0.0768,3.6798,64.6705,230.844,0.2802,0.0556,143.8545,164.7582,231.7301,0.7108,0.853
2015-02-19T00:05:59.036Z,2.4705,69.8292,230.1443,0.3037,0.0365,3.1003,62.7896,231.4265,0.2708,0.0478,81.7974,103.829,232.6622,0.4467,0.7891
2015-02-19T00:06:59.643Z,3.2969,70.4263,230.173,0.306,0.0459,2.8038,61.6382,231.1254,0.2663,0.0445,82.4367,104.8179,232.8115,0.4502,0.7879
2015-02-19T00:07:59.933Z,2.6697,69.993,230.2298,0.3043,0.0378,3.4816,63.6679,229.8883,0.2768,0.0553,82.1279,104.0374,232.9286,0.4464,0.7905
2015-02-19T00:08:59.183Z,3.3011,69.7721,230.4553,0.3027,0.0465,2.9051,63.2724,228.4446,0.277,0.0465,83.5821,105.656,233.2927,0.4524,0.7922
2015-02-19T00:09:59.932Z,3.3658,70.0339,230.1024,0.3045,0.0487,3.2449,63.7593,231.379,0.2757,0.0504,81.5465,103.4415,232.1175,0.4454,0.7893
2015-02-19T00:10:59.207Z,3.9879,68.7377,229.8626,0.2993,0.0587,2.9832,63.128,232.2626,0.2718,0.0494,81.2957,103.1627,231.4528,0.4457,0.7896
2015-02-19T00:11:59.060Z,3.1535,70.8112,231.4491,0.3062,0.0459,3.2424,63.9915,233.5602,0.2741,0.0524,82.2216,105.0368,233.1589,0.4508,0.7848
2015-02-19T00:12:59.440Z,3.0913,69.7224,232.3189,0.3002,0.0448,3.3373,65.3477,233.8703,0.2792,0.052,82.2593,103.4354,232.8186,0.4434,0.796
2015-02-19T00:13:59.034Z,2.4607,69.1707,233.0112,0.2967,0.0364,3.6884,63.5349,233.3171,0.2724,0.0586,81.9771,103.3007,232.703,0.4436,0.7949
2015-02-19T00:14:59.694Z,2.9599,71.3032,233.2127,0.3052,0.0435,3.2098,62.385,230.8534,0.2699,0.0522,125.9086,148.0401,233.4902,0.6341,0.8297
2015-02-19T00:15:59.010Z,5.5736,72.2566,232.7642,0.3103,0.0776,2.4422,64.1241,231.0639,0.2776,0.0417,102.2136,124.0408,233.3756,0.5304,0.8106
2015-02-19T00:16:59.472Z,5.3486,71.6745,231.644,0.3098,0.0742,3.0808,65.7282,232.8763,0.2827,0.0481,82.5545,104.2074,233.246,0.4467,0.7929
2015-02-19T00:17:59.817Z,5.7014,71.1586,231.2964,0.3071,0.0808,2.6433,63.7221,232.4208,0.274,0.0414,82.8352,105.4333,233.3875,0.4522,0.7859
2015-02-19T00:18:59.673Z,5.2034,71.6355,231.8696,0.3087,0.0742,2.6342,63.6776,231.8586,0.2747,0.0407,82.7775,105.1974,233.6873,0.4502,0.7874
2015-02-19T00:19:59.885Z,6.0089,70.8324,231.2522,0.3058,0.0862,2.6511,62.8867,231.366,0.2721,0.0421,83.0914,104.4811,233.2457,0.448,0.7971
2015-02-19T00:20:59.120Z,5.4661,70.7842,230.9327,0.3063,0.0792,2.8198,64.4789,231.8087,0.2784,0.0443,82.7348,104.8743,232.9339,0.4502,0.7897
2015-02-19T00:21:59.859Z,5.4138,70.0872,232.2636,0.3015,0.0796,2.9541,63.8312,232.4258,0.2749,0.0453,83.4151,105.9703,234.6109,0.4517,0.7888
2015-02-19T00:22:59.558Z,4.8492,71.3203,232.9066,0.3067,0.0685,2.6307,64.7622,230.4774,0.2816,0.0416,83.9325,105.6052,234.4337,0.4501,0.7954
2015-02-19T00:23:59.970Z,4.3408,71.5267,233.2696,0.3065,0.0616,2.3582,64.7833,233.2922,0.2777,0.0368,82.1752,104.934,232.4421,0.4518,0.7847
2015-02-19T00:24:59.535Z,5.2778,70.7524,232.8638,0.3036,0.0753,2.8858,64.3722,232.7796,0.277,0.0441,91.4486,113.8841,232.558,0.4891,0.7961
2015-02-19T00:25:59.743Z,4.8001,71.3516,232.6596,0.3065,0.0697,3.2829,63.2364,232.6712,0.2717,0.0522,134.455,156.5022,233.529,0.6699,0.8383
2015-02-19T00:26:59.429Z,4.9446,71.0523,232.592,0.3056,0.0691,2.3089,63.9004,232.2347,0.2749,0.0367,83.0601,104.7803,233.384,0.4492,0.7944
2015-02-19T00:27:59.817Z,4.7544,70.6481,232.5343,0.3038,0.0669,2.6399,64.6166,231.9581,0.2789,0.0409,82.6419,105.2259,233.3469,0.4504,0.7858
2015-02-19T00:28:59.212Z,5.3474,70.6874,232.2336,0.3046,0.0779,1.9904,64.2381,232.0506,0.2767,0.0319,82.5698,105.1314,232.4861,0.4523,0.7869
2015-02-19T00:29:59.416Z,5.4593,72.8822,232.6586,0.3133,0.0754,2.7922,63.5688,230.6593,0.2752,0.0447,82.4052,104.3911,233.1241,0.4474,0.7901
2015-02-19T00:30:59.766Z,5.2058,71.4363,233.4042,0.3064,0.0735,2.0513,63.2431,227.9166,0.2771,0.0325,82.9054,104.6376,233.1988,0.4489,0.7927
2015-02-19T00:31:59.042Z,4.1977,71.2342,233.1862,0.3056,0.0596,2.0722,64.1801,231.7694,0.2768,0.0331,82.5323,105.5822,233.4976,0.4522,0.782
2015-02-19T00:32:59.769Z,5.3067,71.5704,232.9476,0.3075,0.075,2.6007,65.5368,233.1288,0.2812,0.0397,83.2108,104.9875,233.7971,0.4495,0.7934
2015-02-19T00:33:59.198Z,5.5852,73.0251,232.4507,0.3144,0.0774,2.8693,64.5204,232.2666,0.2774,0.0441,82.1459,104.2979,233.2157,0.4474,0.7884
2015-02-19T00:34:59.728Z,5.4276,69.9227,232.5549,0.301,0.0789,2.7474,64.3327,232.0958,0.2772,0.0442,82.906,104.6321,233.4825,0.4483,0.7939
2015-02-19T00:35:59.065Z,4.6331,72.2574,233.0789,0.3096,0.0645,2.5454,64.6822,232.5508,0.2779,0.0401,147.2717,169.3097,233.9147,0.7233,0.8499
2015-02-19T00:36:59.148Z,5.2316,71.6232,233.3307,0.3073,0.0725,2.2726,65.2216,232.5102,0.2808,0.0347,83.2893,106.2345,233.7484,0.4546,0.7859
2015-02-19T00:37:59.443Z,5.4029,72.198,233.1224,0.3097,0.0765,2.7707,65.4922,232.3077,0.2818,0.0425,83.0818,105.0945,233.4241,0.4504,0.7912
2015-02-19T00:38:59.753Z,4.916,70.2118,232.7551,0.3014,0.0709,2.4522,64.6499,231.9945,0.2787,0.0398,81.8092,104.2366,232.6903,0.4479,0.7859
2015-02-19T00:39:59.803Z,5.0297,70.9833,233.6782,0.3042,0.0716,2.7951,65.2116,229.1621,0.2843,0.0426,82.4082,104.0105,233.2454,0.4458,0.7931
2015-02-19T00:40:59.045Z,5.4852,72.2693,232.9903,0.3098,0.0771,2.817,63.9627,230.001,0.2779,0.0437,82.6026,104.6923,232.7281,0.4493,0.7901
2015-02-19T00:41:59.456Z,5.4254,71.7098,232.4385,0.3084,0.0747,2.3604,62.8741,232.374,0.2709,0.0391,82.5293,103.9879,233.5965,0.4458,0.7953
2015-02-19T00:42:59.833Z,5.3229,71.0796,231.8022,0.3065,0.076,2.5086,65.0995,232.5698,0.2799,0.0402,82.8932,105.3444,233.8697,0.4505,0.788
2015-02-19T00:43:59.159Z,4.4626,71.5259,232.5378,0.3072,0.0624,3.2106,65.8696,232.864,0.2831,0.0476,83.2837,105.1424,234.1401,0.4491,0.7927
2015-02-19T00:44:59.500Z,4.5928,71.9934,232.1301,0.31,0.0643,3.2933,64.5196,232.696,0.2779,0.0527,82.9192,103.8515,233.9772,0.4438,0.7983
2015-02-19T00:45:59.293Z,4.6886,71.1917,232.1223,0.3068,0.0649,2.9618,64.8343,232.8807,0.278,0.0462,147.13,169.7987,234.1786,0.7246,0.8471
2015-02-19T00:46:59.511Z,5.6951,71.1542,232.2414,0.3062,0.0813,2.5577,64.8966,232.7651,0.2788,0.0391,83.4277,105.0586,234.4629,0.4476,0.7946
2015-02-19T00:47:59.924Z,4.7221,70.6426,232.2695,0.3042,0.0655,2.7566,64.8226,232.8961,0.2784,0.0428,83.7323,105.9412,234.9392,0.4508,0.7914
2015-02-19T00:48:59.779Z,5.4109,69.8699,231.9942,0.3009,0.0778,2.6374,63.4164,232.5855,0.2726,0.0424,83.8316,106.4927,234.9716,0.4536,0.7881
2015-02-19T00:49:59.208Z,5.3179,69.6853,231.7869,0.3007,0.0773,2.8469,64.9883,231.9184,0.2806,0.0416,83.6778,106.1012,234.8654,0.4516,0.7898
2015-02-19T00:50:59.543Z,4.9018,71.1852,231.8232,0.3074,0.0703,2.4566,63.1526,229.3801,0.2753,0.0388,84.9076,107.1392,236.2381,0.4541,0.7934
2015-02-19T00:51:59.889Z,4.8758,71.2246,231.9537,0.3073,0.068,2.6607,64.3571,232.7813,0.2767,0.042,84.4943,107.0021,235.3059,0.4549,0.7903
2015-02-19T00:52:59.411Z,4.743,71.7506,232.4048,0.3088,0.0674,2.7326,62.4391,232.3753,0.2683,0.0429,84.3509,106.6994,235.3608,0.4534,0.7914
2015-02-19T00:53:59.816Z,5.1175,72.3327,232.5684,0.3109,0.0708,2.9834,65.0969,232.0988,0.2804,0.0462,84.294,106.6955,235.1752,0.4533,0.7904
2015-02-19T00:54:59.082Z,5.2146,71.5993,232.2503,0.3084,0.0744,3.1697,65.6679,231.7682,0.2837,0.048,84.1013,106.3039,234.8656,0.4528,0.7916
2015-02-19T00:55:59.409Z,4.7714,70.6555,232.6237,0.304,0.0701,2.6374,63.4057,231.5821,0.2737,0.0428,116.115,137.5849,232.6996,0.5916,0.8261
2015-02-19T00:56:59.978Z,213.4329,372.8689,232.5885,1.6129,0.2029,243.1534,429.7424,231.6107,1.8625,0.1949,546.432,721.8789,232.8765,3.1069,0.8415
2015-02-19T00:57:59.954Z,1010.1712,1461.7247,231.0277,6.3269,0.6907,1073.9587,1521.2514,230.0482,6.6131,0.7062,1570.7564,2145.2737,231.6369,9.261,0.7312
2015-02-19T00:58:59.262Z,1075.2599,1513.6182,230.4691,6.5673,0.7101,1126.9294,1559.4815,229.3148,6.8007,0.7222,1631.8745,2178.1342,231.0395,9.4274,0.7482
2015-02-19T00:59:59.521Z,1138.6446,1563.2116,230.2933,6.7873,0.7281,1207.6061,1626.7976,229.1896,7.0978,0.7427,1698.435,2243.0346,230.8989,9.7143,0.7574
2015-02-19T01:00:59.876Z,1133.7588,1563.4448,229.4094,6.8152,0.7251,1212.2451,1613.6903,228.4744,7.0624,0.7511,1715.4893,2254.9249,230.8791,9.7662,0.7603
2015-02-19T01:01:59.191Z,1133.644,1561.0464,229.9987,6.7874,0.7269,1205.8224,1627.551,229.0848,7.1043,0.7415,1687.0839,2231.5972,230.8042,9.6682,0.7561
2015-02-19T01:02:59.574Z,1156.104,1590.0892,230.504,6.8987,0.7276,1212.6527,1629.3187,228.0384,7.1442,0.745,1718.1613,2248.7933,230.9032,9.7386,0.7639
2015-02-19T01:03:59.617Z,1172.3042,1623.5965,230.8865,7.0319,0.7225,1195.9583,1606.64,227.1093,7.0738,0.7452,1743.589,2251.9891,231.1012,9.7442,0.7745
2015-02-19T01:04:59.006Z,1185.3609,1606.1921,230.9943,6.9536,0.7387,1237.1491,1675.8183,229.7363,7.2942,0.7383,1700.3618,2233.0598,230.5713,9.6845,0.7604
2015-02-19T01:05:59.284Z,1189.2527,1616.1494,231.1801,6.9908,0.7357,1245.2541,1678.9888,229.9631,7.3014,0.7419,1717.9069,2252.2727,230.9256,9.7528,0.7622
2015-02-19T01:06:59.650Z,1189.7012,1612.9108,231.0464,6.9807,0.738,1270.8239,1695.3454,229.9566,7.3727,0.7491,1736.3909,2280.1727,231.2073,9.8619,0.7608
2015-02-19T01:07:59.902Z,1176.4409,1599.2684,230.9111,6.9254,0.7359,1263.8473,1688.1124,229.9099,7.3428,0.7486,1723.546,2268.3968,231.161,9.8128,0.7601
2015-02-19T01:08:59.818Z,1178.6742,1599.8683,230.9796,6.9263,0.7362,1253.3335,1674.007,229.5131,7.2929,0.749,1721.4051,2250.274,230.0574,9.7813,0.7656
2015-02-19T01:09:59.235Z,1161.0766,1572.8508,230.8699,6.813,0.7383,1238.1803,1660.7426,229.4004,7.2394,0.7455,1690.6072,2217.0729,229.1453,9.6749,0.7631
2015-02-19T01:10:59.029Z,1110.3016,1514.7967,230.3463,6.5761,0.7331,1191.3008,1619.2751,229.4399,7.0572,0.736,1625.6425,2154.5545,228.5385,9.4278,0.7548
2015-02-19T01:11:59.006Z,1112.7028,1538.097,231.0311,6.657,0.724,1191.3303,1622.6588,230.0421,7.0533,0.734,1647.383,2185.6782,230.1564,9.4961,0.7533
2015-02-19T01:12:59.571Z,1108.7243,1542.368,231.4392,6.6647,0.7188,1187.3337,1622.1218,230.3992,7.04,0.7323,1651.1543,2192.1226,230.8946,9.4936,0.7522
2015-02-19T01:13:59.037Z,1117.0406,1531.9049,230.2987,6.6519,0.7296,1213.3917,1640.343,230.2298,7.1245,0.7394,1649.4598,2192.0727,230.879,9.4945,0.7521
2015-02-19T01:14:59.556Z,1109.7898,1514.0879,230.4129,6.5713,0.7329,1229.6202,1656.544,230.5008,7.1866,0.7426,1638.2472,2191.4488,230.838,9.4932,0.7487
2015-02-19T01:15:59.778Z,1116.6459,1521.8534,230.8011,6.5939,0.7343,1258.7341,1695.2333,231.6333,7.3188,0.7429,1644.5541,2217.3489,231.5747,9.5753,0.7419
2015-02-19T01:16:59.996Z,1110.3503,1520.1959,230.9631,6.5818,0.7306,1258.0004,1699.5219,232.3896,7.3136,0.7404,1639.1552,2220.834,231.9259,9.5749,0.7378
2015-02-19T01:17:59.255Z,980.4452,1332.0253,230.0912,5.7955,0.651,1108.2388,1486.0575,232.3092,6.403,0.6538,1501.3949,1996.7478,231.2667,8.6388,0.7675
2015-02-19T01:18:59.056Z,3.6801,71.1189,231.1513,0.3071,0.0514,3.6568,63.5358,231.3199,0.2748,0.0563,49.0198,98.8002,234.2919,0.4219,0.336
2015-02-19T01:19:59.148Z,2.76,69.8845,230.7564,0.3023,0.0404,2.6763,65.1358,231.0211,0.2814,0.0412,3.1519,65.109,234.3143,0.2776,0.0486
2015-02-19T01:20:59.420Z,2.8668,70.4802,232.1268,0.3034,0.0422,3.0646,64.9172,233.888,0.2778,0.0482,3.1686,64.7585,233.2067,0.2772,0.048
2015-02-19T01:21:59.703Z,3.3689,71.0742,232.819,0.3049,0.0469,3.2889,65.9182,234.0293,0.2811,0.0499,2.4659,64.9076,234.1933,0.2768,0.0379
2015-02-19T01:22:59.531Z,3.22,71.3893,233.0013,0.3062,0.0448,2.9201,65.5255,234.2274,0.2795,0.044,2.9737,65.3699,234.6213,0.2787,0.0459
2015-02-19T01:23:59.844Z,2.9577,70.8334,232.5023,0.3044,0.042,3.3946,64.6233,234.1298,0.2758,0.0532,2.9131,64.0964,235.0735,0.2723,0.0455
2015-02-19T01:24:59.448Z,3.0039,69.9776,232.3956,0.301,0.043,3.4673,63.0207,233.9868,0.2692,0.0561,2.696,66.2702,235.1471,0.2818,0.0409
2015-02-19T01:25:59.781Z,3.4429,70.1228,232.3692,0.3018,0.0486,3.1801,64.9737,234.2205,0.2766,0.0501,2.9148,66.599,235.3678,0.283,0.0454
2015-02-19T01:26:59.144Z,2.9614,70.5496,232.6361,0.3026,0.0434,2.8208,65.7383,234.1769,0.2806,0.0433,2.7711,64.7772,235.4721,0.275,0.0431
2015-02-19T01:27:59.347Z,2.7092,72.8667,232.2854,0.3137,0.0358,3.186,65.4297,232.9499,0.2811,0.049,3.3356,65.6036,234.4459,0.2801,0.0512
2015-02-19T01:28:59.653Z,2.7957,71.7321,232.1578,0.3087,0.0397,2.632,64.6141,232.2934,0.2781,0.0402,2.967,65.6778,233.9232,0.2805,0.0451
2015-02-19T01:29:59.046Z,3.6574,71.3249,233.3468,0.305,0.0519,2.855,63.0902,229.1509,0.2758,0.0451,3.1079,63.211,233.5014,0.2704,0.0506
2015-02-19T01:30:59.747Z,3.1074,70.5257,233.0162,0.3028,0.0449,2.9138,64.719,229.7943,0.2815,0.0478,3.1583,65.1267,233.3433,0.2793,0.0488
2015-02-19T01:31:59.011Z,2.3342,70.4499,231.9907,0.3037,0.0328,2.3222,64.1741,232.1988,0.2766,0.0371,2.6986,63.551,233.3277,0.2724,0.0426
2015-02-19T01:32:59.733Z,3.5959,71.0896,232.0023,0.3058,0.0509,3.676,63.618,232.8854,0.2727,0.0577,2.4962,65.8389,233.7791,0.2821,0.0382
2015-02-19T01:33:59.173Z,4.2361,70.9387,232.3074,0.3051,0.059,3.0528,63.5522,232.5453,0.273,0.0494,3.3088,64.1187,232.5326,0.2759,0.052
2015-02-19T01:34:59.087Z,2.787,70.9605,232.3723,0.3054,0.0389,3.0987,64.5489,232.8802,0.2774,0.0499,3.0107,62.7427,232.3466,0.2702,0.0516
2015-02-19T01:35:59.610Z,2.5966,71.1349,232.5362,0.3056,0.0377,3.1211,64.1076,232.8056,0.2751,0.0496,3.1918,65.1162,232.7013,0.2798,0.0488
2015-02-19T01:36:59.626Z,2.5273,70.57,232.6122,0.3034,0.0363,3.1305,65.746,233.2934,0.2821,0.0471,2.7535,65.8649,232.8226,0.2829,0.0425
2015-02-19T01:37:59.092Z,2.691,71.171,232.353,0.3061,0.038,2.7428,64.4509,233.2961,0.2758,0.042,2.7419,64.8679,232.559,0.2794,0.0439
2015-02-19T01:38:59.676Z,2.7627,71.0202,232.2905,0.3058,0.039,2.9477,64.3008,233.2466,0.2753,0.0479,2.6873,64.4614,231.6273,0.2776,0.0413
2015-02-19T01:39:59.041Z,3.0584,70.607,232.9769,0.3033,0.0434,3.2209,64.2676,232.4447,0.2767,0.0494,3.3294,63.8087,232.1682,0.2748,0.0509
2015-02-19T01:40:59.564Z,3.382,69.9732,233.1376,0.3001,0.0489,3.3946,63.1109,231.3735,0.2728,0.0543,2.7232,65.8891,232.5973,0.2839,0.0422
2015-02-19T01:41:59.823Z,2.5995,71.2577,232.7227,0.3063,0.0374,3.3405,65.9266,232.3595,0.2833,0.0511,2.5146,64.3302,233.1825,0.2756,0.0404
2015-02-19T01:42:59.047Z,2.9167,70.8589,233.4869,0.3039,0.042,3.2764,64.0112,233.0488,0.275,0.0516,2.5924,65.6168,233.5524,0.281,0.0387
2015-02-19T01:43:59.325Z,3.1612,72.2697,234.1897,0.3089,0.0432,2.8398,63.9564,230.9554,0.2768,0.0435,2.8962,63.869,234.1936,0.2734,0.0455
2015-02-19T01:44:59.769Z,3.5979,72.0857,234.8886,0.3067,0.0515,2.5304,63.5425,231.9352,0.2739,0.0404,3.1161,64.9708,234.0911,0.278,0.0491
2015-02-19T01:45:59.954Z,2.6185,71.5804,234.3513,0.3054,0.0371,2.9386,64.0351,233.3487,0.2742,0.0458,2.9466,64.543,232.9477,0.2776,0.0456
2015-02-19T01:46:59.342Z,2.5796,70.9824,234.3542,0.3027,0.0364,3.2114,64.1401,232.8373,0.2753,0.0493,3.1582,64.8323,232.7153,0.2786,0.0496
2015-02-19T01:47:59.730Z,3.1035,72.0527,233.3897,0.308,0.0434,2.8144,64.6736,232.5154,0.2782,0.0441,2.9604,63.5479,232.5508,0.2731,0.0479
2015-02-19T01:48:59.063Z,3.8588,71.164,232.3099,0.3063,0.0549,3.2267,63.7127,232.0882,0.2738,0.0513,2.7043,64.1422,232.148,0.2764,0.0433
2015-02-19T01:49:59.981Z,2.943,71.0457,231.6634,0.307,0.0412,2.8845,63.2354,231.5448,0.2732,0.0454,3.0968,63.8654,232.1114,0.2758,0.0497
2015-02-19T01:50:59.350Z,2.8817,71.6829,231.671,0.3096,0.0394,3.0001,64.8712,231.2506,0.28,0.0474,3.0978,65.2027,232.0509,0.2813,0.048
2015-02-19T01:51:59.108Z,2.6501,71.2298,231.9982,0.3068,0.037,3.3889,63.8829,232.3124,0.2749,0.0522,3.1828,65.4809,233.1543,0.2816,0.0497
2015-02-19T01:52:59.484Z,3.5616,71.0921,232.2577,0.3064,0.0501,3.0235,63.3375,232.3623,0.2726,0.0462,3.3771,64.464,232.8257,0.2768,0.0517
2015-02-19T01:53:59.806Z,3.7665,69.5247,232.5973,0.2989,0.0547,3.0438,64.219,232.4659,0.2763,0.0489,3.0984,63.5534,232.9893,0.2727,0.0492
2015-02-19T01:54:59.793Z,2.9258,70.0321,232.5858,0.3013,0.0424,2.9982,63.3087,232.15,0.2725,0.0503,3.0588,64.8503,233.4705,0.2776,0.0485
2015-02-19T01:55:59.996Z,2.3826,71.4173,232.7311,0.3065,0.0335,2.683,63.4675,230.2402,0.2756,0.0432,2.6297,63.4136,234.8003,0.2703,0.0409
2015-02-19T01:56:59.354Z,3.4012,71.6676,232.6411,0.3083,0.0487,3.0861,64.4846,233.1331,0.2758,0.0479,3.0096,65.2421,234.4696,0.2781,0.0473
2015-02-19T01:57:59.544Z,2.9624,71.3652,231.8165,0.3081,0.0403,2.7582,64.2438,232.3065,0.2765,0.0437,2.8087,64.2229,233.9704,0.2742,0.0451
2015-02-19T01:58:59.003Z,2.5867,69.641,231.1107,0.3011,0.0375,2.853,63.1496,232.3926,0.2719,0.0449,2.967,65.3431,233.9336,0.2797,0.0485
2015-02-19T01:59:59.283Z,2.3376,70.2891,230.019,0.3051,0.0333,3.0823,64.2034,232.2122,0.2764,0.0469,3.1174,64.1038,234.4903,0.2732,0.049
