2015-03-01T00:00:59.792Z,3.8296,66.9965,230.9863,0.2895,0.0567,2.7964,60.3337,231.175,0.2612,0.0491,82.0208,102.0987,231.1795,0.4412,0.8058
2015-03-01T00:01:59.111Z,2.5587,68.2906,230.735,0.2962,0.0387,2.2634,62.8021,231.1574,0.2713,0.0392,81.5644,102.0103,231.2482,0.441,0.8009
2015-03-01T00:02:59.571Z,2.6112,69.3729,230.1701,0.3015,0.0375,3.1203,60.9122,230.9274,0.2637,0.0516,81.4314,100.6105,231.075,0.4353,0.8091
2015-03-01T00:03:59.378Z,2.9357,67.8982,230.1841,0.2951,0.0437,2.6937,62.8846,231.171,0.2723,0.0434,81.3732,102.3368,231.2262,0.4429,0.7958
2015-03-01T00:04:59.733Z,2.8865,69.0973,230.1773,0.2998,0.042,2.6042,62.4083,230.1252,0.2713,0.0423,81.0672,102.043,230.4804,0.4432,0.7951
2015-03-01T00:05:59.013Z,2.6778,69.1734,229.9101,0.3007,0.0392,2.7785,62.1207,229.5816,0.2703,0.0488,80.7922,102.1483,230.0884,0.4439,0.793
2015-03-01T00:06:59.564Z,2.7063,69.1895,230.6107,0.2999,0.0388,2.7573,62.0196,229.7651,0.2699,0.046,81.2155,102.325,230.4874,0.4442,0.7951
2015-03-01T00:07:59.900Z,3.076,70.2178,230.8692,0.3041,0.0442,3.0204,62.0565,228.3478,0.2722,0.0489,80.578,101.2359,229.9683,0.4408,0.7971
2015-03-01T00:08:59.470Z,2.6071,69.95,230.7968,0.3031,0.0349,2.7491,61.8707,229.4608,0.2699,0.0463,81.1446,102.0287,230.4762,0.4434,0.7964
2015-03-01T00:09:59.867Z,2.8242,68.3352,230.8381,0.2963,0.0416,2.5978,62.4282,229.9288,0.2718,0.0423,81.4207,102.7343,231.3184,0.444,0.7936
2015-03-01T00:10:59.720Z,2.4746,70.244,231.0643,0.3041,0.0362,3.3559,62.3543,229.824,0.2714,0.0548,81.476,101.5247,231.4086,0.4386,0.8037
2015-03-01T00:11:59.013Z,3.8357,70.8741,231.468,0.3059,0.0541,2.536,62.2058,230.3454,0.27,0.04,81.6319,103.1354,231.3332,0.4459,0.7921
2015-03-01T00:12:59.875Z,3.2351,69.1679,231.8788,0.298,0.0478,2.8957,61.6191,230.394,0.2674,0.0462,81.4984,102.5385,231.0111,0.4439,0.7954
2015-03-01T00:13:59.607Z,2.337,70.3353,232.5067,0.3025,0.0322,2.829,62.7947,231.0567,0.2718,0.0457,80.8785,101.9991,230.7714,0.4419,0.7944
2015-03-01T00:14:59.728Z,2.9136,70.4241,232.6312,0.3023,0.0416,2.8622,64.8019,231.5036,0.2796,0.0464,81.2769,102.1859,231.0476,0.4424,0.7958
2015-03-01T00:15:59.764Z,3.0467,69.038,232.0459,0.2975,0.0437,3.0785,61.5768,231.3405,0.2668,0.049,82.1054,103.152,231.5132,0.4453,0.7975
2015-03-01T00:16:59.037Z,2.7098,68.6766,232.0101,0.2961,0.04,3.0601,61.2327,231.1033,0.2643,0.0521,81.6903,102.5103,231.519,0.4428,0.7989
2015-03-01T00:17:59.610Z,3.1179,70.3687,232.0748,0.3036,0.0435,2.6898,62.1661,230.2404,0.2702,0.0465,81.9486,102.8142,231.3983,0.4445,0.7978
2015-03-01T00:18:59.156Z,3.3547,70.2215,231.2824,0.304,0.0473,2.9576,63.6539,230.6162,0.2761,0.045,82.0117,102.6739,231.6847,0.4427,0.7997
2015-03-01T00:19:59.381Z,2.3127,69.3333,231.2481,0.3002,0.035,2.6416,61.8666,232.1691,0.2663,0.0427,82.5218,103.2686,231.9281,0.4455,0.7999
2015-03-01T00:20:59.637Z,2.2812,68.8482,230.5865,0.2987,0.0337,3.1304,61.3089,231.918,0.2644,0.0544,81.2511,102.1867,230.9319,0.442,0.7974
2015-03-01T00:21:59.289Z,3.3406,68.9382,230.8389,0.2992,0.0491,2.6183,63.8677,231.516,0.2756,0.0411,80.6048,101.6698,229.8406,0.4424,0.7934
2015-03-01T00:22:59.913Z,3.3007,70.2328,231.3176,0.3039,0.0473,2.7324,63.8488,231.5395,0.2754,0.043,79.2507,100.4686,227.6951,0.4411,0.7903
2015-03-01T00:23:59.150Z,2.6901,70.0161,230.3571,0.3041,0.0387,2.8107,61.1971,231.0999,0.2646,0.0458,80.5302,101.5456,229.7023,0.4422,0.7939
2015-03-01T00:24:59.543Z,3.0607,68.3745,230.6118,0.2963,0.0438,3.0865,62.917,231.4392,0.2722,0.0508,80.3233,101.8308,229.9013,0.4429,0.7908
2015-03-01T00:25:59.186Z,3.0933,69.0627,229.0744,0.3017,0.0432,2.5618,62.6528,231.0517,0.2709,0.041,80.9059,102.3461,229.8806,0.4451,0.7904
2015-03-01T00:26:59.068Z,2.8834,70.6565,228.9247,0.3078,0.041,2.6316,62.6563,230.708,0.2713,0.0435,79.9948,100.4405,229.5033,0.4379,0.7971
2015-03-01T00:27:59.375Z,2.351,68.6847,228.5641,0.3009,0.0354,2.8841,60.7789,229.7136,0.2646,0.0482,80.9858,102.5923,229.7976,0.4464,0.791
2015-03-01T00:28:59.673Z,2.1091,68.8758,229.6941,0.2992,0.0316,2.8084,59.2374,229.8959,0.2575,0.0473,80.4166,100.0332,229.5832,0.4357,0.8048
2015-03-01T00:29:59.784Z,3.1016,70.6105,231.3436,0.3057,0.0437,2.4687,61.5157,230.298,0.2675,0.0399,80.0655,100.2295,229.1362,0.4377,0.8002
2015-03-01T00:30:59.390Z,3.3136,70.2838,230.9331,0.3037,0.0498,2.829,61.7991,230.4649,0.2681,0.0467,80.6932,102.1338,229.2523,0.4453,0.7914
2015-03-01T00:31:59.611Z,2.4721,68.4115,231.0471,0.2964,0.0377,2.8757,60.0124,230.9865,0.2595,0.0498,80.426,100.7935,229.686,0.4389,0.7995
2015-03-01T00:32:59.944Z,2.2898,69.5125,230.1386,0.3024,0.0324,2.8417,63.5145,230.8001,0.2751,0.0457,80.9525,102.0703,230.4683,0.4428,0.7935
2015-03-01T00:33:59.271Z,2.9124,68.7335,229.2493,0.2998,0.0421,2.9494,63.1131,231.47,0.2729,0.048,80.6593,101.3229,230.3872,0.4397,0.7972
2015-03-01T00:34:59.412Z,3.2263,68.4578,229.643,0.2979,0.0476,2.8103,62.7183,230.9455,0.2715,0.0439,80.7865,101.9808,230.1452,0.443,0.7928
2015-03-01T00:35:59.835Z,2.6814,67.7878,229.0174,0.2963,0.041,2.7449,60.8298,230.2187,0.2644,0.0459,80.1555,100.4436,229.5455,0.4375,0.7996
2015-03-01T00:36:59.419Z,2.8451,69.7336,228.7764,0.3043,0.0397,2.8166,62.6571,229.7706,0.2722,0.0444,79.9361,100.9377,229.293,0.4403,0.7934
2015-03-01T00:37:59.979Z,2.4543,68.9839,227.8254,0.3027,0.0364,3.116,62.7073,228.9323,0.2736,0.0497,80.2773,100.4025,229.5004,0.4377,0.8005
2015-03-01T00:38:59.315Z,3.2272,69.2716,227.5832,0.3042,0.0471,2.5243,60.5259,228.8752,0.2644,0.0416,80.0112,100.2744,229.3462,0.4378,0.799
2015-03-01T00:39:59.070Z,3.1985,68.4957,229.2334,0.2991,0.0467,2.8354,62.2833,229.6197,0.2719,0.0467,80.7259,101.3067,229.9134,0.4408,0.7978
2015-03-01T00:40:59.393Z,2.6952,69.0244,229.5786,0.3,0.0393,2.3498,61.5522,227.8846,0.2699,0.0385,81.6436,103.1926,231.1616,0.4473,0.792
2015-03-01T00:41:59.635Z,2.7291,70.8027,230.1314,0.3073,0.0405,2.9809,61.2742,228.7069,0.2678,0.0467,81.7687,102.5123,230.8962,0.4438,0.799
2015-03-01T00:42:59.568Z,2.731,69.8652,231.1591,0.3019,0.0389,3.1478,63.2233,230.7429,0.2738,0.05,80.8408,101.5613,229.9188,0.4419,0.7967
2015-03-01T00:43:59.873Z,3.2637,69.2315,231.4246,0.299,0.0479,3.4249,63.7065,231.1988,0.2754,0.0551,80.7558,102.1404,229.79,0.4444,0.7918
2015-03-01T00:44:59.618Z,3.3807,67.2595,231.6427,0.2907,0.0514,2.7155,59.3788,229.5538,0.2584,0.0458,80.7231,101.9741,230.1489,0.4423,0.794
2015-03-01T00:45:59.905Z,2.6008,69.4199,231.3016,0.3004,0.0384,2.7955,61.5505,226.8367,0.2713,0.0454,80.6519,100.7956,229.9691,0.4379,0.8021
2015-03-01T00:46:59.864Z,2.9997,68.8001,230.9154,0.298,0.0434,2.7673,62.2624,226.9802,0.2742,0.0445,81.0899,102.4345,230.3556,0.4449,0.7937
2015-03-01T00:47:59.349Z,2.4839,68.9331,229.7194,0.2998,0.0399,2.6423,61.7633,227.5892,0.2712,0.0446,80.7427,100.9932,229.9131,0.4391,0.7999
2015-03-01T00:48:59.707Z,2.6993,68.7088,229.5653,0.2997,0.0392,2.4885,62.4515,230.5382,0.2705,0.0418,80.0959,100.5807,229.1096,0.4393,0.7964
2015-03-01T00:49:59.222Z,2.9508,70.1324,230.4566,0.3049,0.0419,2.9466,63.7599,230.6451,0.2761,0.0472,81.3654,102.7623,230.2692,0.4461,0.7932
2015-03-01T00:50:59.520Z,3.0678,70.3676,230.4875,0.3056,0.0422,3.1047,63.2331,230.1547,0.2745,0.05,81.2322,102.1992,230.7869,0.4431,0.796
2015-03-01T00:51:59.928Z,3.3186,69.26,230.4125,0.2999,0.0482,2.4422,61.3218,228.5496,0.268,0.0417,81.6752,102.4823,231.4385,0.4429,0.7976
2015-03-01T00:52:59.358Z,3.0146,69.4542,230.5776,0.3006,0.0434,2.7547,61.2142,227.2842,0.2692,0.0477,82.1287,103.2079,231.8428,0.4452,0.797
2015-03-01T00:53:59.654Z,2.1849,68.9573,230.1933,0.2991,0.0327,3.1698,61.5288,229.073,0.2688,0.0524,81.6708,102.7316,231.8327,0.4427,0.7963
2015-03-01T00:54:59.435Z,3.2751,67.6619,230.481,0.2935,0.0487,2.4867,59.8903,230.2775,0.2601,0.0447,80.9501,101.6879,230.5758,0.4404,0.7977
2015-03-01T00:55:59.676Z,2.4747,69.2451,229.822,0.301,0.0359,2.508,62.2029,229.6033,0.2711,0.0426,81.2502,101.3523,230.3341,0.4401,0.8029
2015-03-01T00:56:59.484Z,2.5981,69.3604,229.6755,0.3021,0.038,2.4349,62.09,229.5448,0.2711,0.0413,80.4485,101.3771,229.7534,0.4414,0.7945
2015-03-01T00:57:59.374Z,3.2248,67.8931,228.1398,0.2976,0.0483,2.757,63.0654,229.612,0.2747,0.0439,79.7658,100.6539,228.6648,0.4402,0.7929
2015-03-01T00:58:59.560Z,3.5724,69.4879,230.5536,0.3011,0.0512,2.3025,60.3935,227.8097,0.2652,0.0393,81.751,103.131,231.5298,0.4457,0.7936
2015-03-01T00:59:59.245Z,3.0289,69.3975,231.5349,0.2996,0.0448,2.5118,61.7549,229.3346,0.2691,0.0409,82.8079,104.1888,232.8094,0.4473,0.7964
