2015-02-26T00:00:59.292Z,3.9294,70.1072,231.8209,0.3027,0.057,3.4966,65.4703,230.8307,0.283,0.0513,3.1954,66.5423,232.9704,0.2858,0.0498
2015-02-26T00:01:59.743Z,3.708,71.3122,231.1699,0.3079,0.0527,3.6947,66.3889,230.7724,0.2877,0.0558,3.4304,65.358,232.4822,0.2818,0.0551
2015-02-26T00:02:59.063Z,2.4701,72.9198,231.8418,0.3141,0.0349,3.3203,65.9707,231.4611,0.2843,0.0533,2.6591,66.529,233.4799,0.2849,0.0414
2015-02-26T00:03:59.244Z,2.7849,73.5058,231.7282,0.3168,0.0375,2.6659,66.9814,231.4348,0.289,0.0398,3.7066,66.2045,233.5967,0.2836,0.0532
2015-02-26T00:04:59.857Z,2.4974,72.0751,231.8322,0.3109,0.0354,3.787,67.2551,231.6058,0.2907,0.0564,3.488,67.6584,233.7303,0.2896,0.0513
2015-02-26T00:05:59.117Z,3.938,72.5871,232.028,0.3133,0.0558,3.0959,65.3062,231.1036,0.2826,0.048,3.7043,66.6339,233.6344,0.2853,0.0557
2015-02-26T00:06:59.533Z,3.9993,72.5851,230.5562,0.3141,0.0551,3.6391,68.9247,230.9535,0.2985,0.0519,3.0497,66.5879,232.9256,0.286,0.0457
2015-02-26T00:07:59.586Z,2.8369,72.8099,230.0785,0.316,0.0381,2.7949,65.482,231.0571,0.284,0.0433,2.5951,65.3311,233.5613,0.2795,0.0396
2015-02-26T00:08:59.079Z,2.7533,72.3209,230.1996,0.314,0.0382,3.1522,66.6832,231.7233,0.2878,0.0471,2.9712,66.3617,233.8058,0.284,0.045
2015-02-26T00:09:59.831Z,2.5598,74.0759,231.1611,0.3204,0.0352,3.3873,66.8179,232.4101,0.2877,0.0507,2.6573,67.291,234.2471,0.2867,0.0402
2015-02-26T00:10:59.459Z,3.3023,73.1622,231.3659,0.3163,0.0457,3.1815,66.7266,232.5687,0.2876,0.047,3.0997,67.2921,234.2555,0.2867,0.0469
2015-02-26T00:11:59.092Z,3.1702,72.2957,230.9838,0.3127,0.0441,3.3524,64.7626,232.3961,0.2782,0.0541,3.294,66.8479,233.9233,0.2861,0.0533
2015-02-26T00:12:59.485Z,2.633,73.8948,232.5457,0.3184,0.0362,2.6918,66.9257,232.699,0.2878,0.0395,3.2232,66.4264,234.1902,0.2835,0.048
2015-02-26T00:13:59.865Z,2.6738,74.4811,233.1391,0.3193,0.0351,3.1519,67.7656,232.8142,0.2915,0.0474,3.2804,67.8465,234.4756,0.2896,0.0481
2015-02-26T00:14:59.288Z,2.6704,73.0973,232.7011,0.3138,0.0363,3.5849,67.749,232.6949,0.2909,0.052,3.079,66.5267,233.8512,0.2846,0.0453
2015-02-26T00:15:59.096Z,3.2525,71.6064,231.6464,0.3092,0.0469,2.9995,67.5693,231.4263,0.2925,0.0441,3.2292,66.0488,232.3256,0.2837,0.049
2015-02-26T00:16:59.503Z,2.6838,73.7915,230.8354,0.3195,0.0354,2.3456,67.4096,231.1099,0.2922,0.0357,2.8265,66.7337,232.0921,0.2873,0.0421
2015-02-26T00:17:59.737Z,2.6758,73.8874,231.4257,0.3188,0.0365,3.2614,68.2698,231.653,0.2946,0.0472,3.2528,67.6078,231.6158,0.2914,0.0496
2015-02-26T00:18:59.169Z,2.8806,74.2111,231.8896,0.32,0.0397,2.272,66.2877,231.9483,0.286,0.0344,2.73,67.6747,233.1107,0.2907,0.0408
2015-02-26T00:19:59.486Z,3.1629,73.5824,230.969,0.3182,0.0423,2.7423,67.4257,230.5842,0.2923,0.0407,3.4335,66.3235,232.8101,0.2849,0.0524
2015-02-26T00:20:59.331Z,2.7827,73.7305,230.3958,0.3202,0.0389,3.5396,65.7235,230.2201,0.2856,0.0527,2.8491,66.0845,232.5329,0.284,0.042
2015-02-26T00:21:59.702Z,2.3929,73.238,229.2398,0.3196,0.0329,2.7647,66.5322,230.2779,0.2889,0.04,2.3963,66.519,232.4256,0.2865,0.0363
2015-02-26T00:22:59.057Z,2.7654,72.2244,229.0128,0.3153,0.0374,2.8183,65.6398,229.8736,0.2854,0.0443,2.7846,66.0506,232.0458,0.2847,0.0432
2015-02-26T00:23:59.282Z,2.7843,72.6628,229.6529,0.3166,0.038,3.3278,65.442,230.0173,0.2845,0.0499,3.0621,67.5413,231.9392,0.2914,0.0452
2015-02-26T00:24:59.650Z,3.8015,71.4757,229.0808,0.312,0.0549,2.987,64.6604,229.8314,0.2814,0.0463,3.2667,68.5713,232.011,0.2956,0.0475
2015-02-26T00:25:59.279Z,3.0663,73.713,230.3542,0.3194,0.0409,2.5104,65.9391,227.0019,0.29,0.0372,2.9787,65.4447,232.0046,0.282,0.0458
2015-02-26T00:26:59.565Z,2.4959,72.3147,231.0813,0.3123,0.0343,3.0863,64.8663,227.2741,0.286,0.0475,2.7761,64.9291,233.5138,0.2785,0.0455
2015-02-26T00:27:59.160Z,2.6846,72.3863,230.5242,0.3142,0.0369,2.9613,66.3094,229.5961,0.2892,0.0457,2.8066,66.2294,232.7011,0.2849,0.0434
2015-02-26T00:28:59.507Z,2.5645,72.4264,231.832,0.312,0.0368,3.0887,66.5509,230.8185,0.2878,0.0472,3.1741,66.4765,232.8228,0.2855,0.0475
2015-02-26T00:29:59.004Z,3.4277,72.4323,231.676,0.3122,0.0466,2.6617,65.8094,231.026,0.2847,0.0397,3.2432,67.7222,232.6779,0.291,0.0466
2015-02-26T00:30:59.312Z,2.3641,73.2685,231.7416,0.3163,0.0316,3.0686,66.8581,230.3896,0.2896,0.0455,2.8613,66.6076,232.579,0.2871,0.0438
2015-02-26T00:31:59.684Z,2.3785,73.7907,231.493,0.3185,0.0297,3.2104,68.0608,230.3122,0.2954,0.0474,2.5032,68.38,232.5766,0.2941,0.0384
2015-02-26T00:32:59.389Z,2.6828,72.6121,230.9181,0.3146,0.0379,3.2386,66.2981,229.6494,0.289,0.0499,2.992,66.3851,231.6986,0.2867,0.0434
2015-02-26T00:33:59.734Z,3.8695,73.9146,230.3296,0.3208,0.0546,3.1334,66.1207,229.0867,0.2883,0.0484,2.6747,65.2913,231.2342,0.2825,0.0415
2015-02-26T00:34:59.153Z,3.0057,73.2087,230.69,0.317,0.0412,2.5558,67.4934,229.9004,0.2933,0.0394,2.9047,66.7503,231.4331,0.2883,0.0438
2015-02-26T00:35:59.431Z,2.7312,72.2004,229.9444,0.3141,0.037,3.3034,66.5195,229.8409,0.2895,0.0513,2.9584,65.5479,230.8224,0.2842,0.0463
2015-02-26T00:36:59.023Z,2.5592,71.4783,229.038,0.312,0.035,2.7917,64.8637,228.859,0.2841,0.0433,3.1394,65.5113,231.3523,0.283,0.0486
2015-02-26T00:37:59.119Z,2.4096,71.1916,229.1464,0.311,0.0338,2.63,65.2424,228.4601,0.2854,0.043,3.0224,66.0136,231.4078,0.2853,0.0462
2015-02-26T00:38:59.385Z,2.5082,72.6184,229.4868,0.3168,0.0346,3.5902,66.7842,230.2316,0.2902,0.0526,3.1198,66.4663,232.4124,0.2858,0.0477
2015-02-26T00:39:59.812Z,2.246,73.4709,230.7105,0.3186,0.0304,3.1816,65.1279,230.3021,0.2826,0.0487,3.1587,68.4867,232.2884,0.2942,0.0462
2015-02-26T00:40:59.501Z,2.482,72.6569,230.7614,0.3147,0.0338,3.0274,66.8456,229.9348,0.2903,0.0446,2.6578,65.621,232.0367,0.2826,0.0385
2015-02-26T00:41:59.868Z,3.3003,72.2105,230.9675,0.3124,0.0455,2.9707,65.1466,229.4747,0.2837,0.0479,2.8722,63.7835,230.2051,0.2768,0.0464
2015-02-26T00:42:59.442Z,2.7547,72.9317,230.7266,0.3161,0.0376,3.4637,66.2681,230.2953,0.2881,0.0524,2.9721,65.6031,231.1726,0.2833,0.0457
2015-02-26T00:43:59.805Z,2.2357,72.9167,230.3248,0.3166,0.0302,3.5049,65.7501,230.4946,0.2851,0.0545,3.4679,68.1602,232.7111,0.2933,0.0505
2015-02-26T00:44:59.092Z,2.4732,72.0049,230.1713,0.3123,0.0336,3.0517,66.4568,230.7487,0.2879,0.0481,2.8848,66.5378,232.7718,0.2862,0.0424
2015-02-26T00:45:59.080Z,2.723,73.5134,229.9719,0.3201,0.0367,3.4823,67.983,230.4396,0.2952,0.0511,3.2058,68.238,232.7203,0.2935,0.0477
2015-02-26T00:46:59.438Z,2.6413,73.7232,229.9071,0.3203,0.0358,2.7447,66.3126,230.1291,0.2879,0.0444,2.9607,65.7504,232.423,0.283,0.0463
2015-02-26T00:47:59.814Z,2.7337,74.088,230.0161,0.3216,0.0377,2.885,68.5398,229.5336,0.2988,0.0435,3.2096,67.7184,231.8349,0.292,0.0473
2015-02-26T00:48:59.113Z,2.3097,72.6216,230.1949,0.3158,0.031,3.0722,68.2701,231.0058,0.2958,0.0441,2.9762,68.6686,232.8566,0.2949,0.0436
2015-02-26T00:49:59.531Z,3.1358,73.8215,230.3215,0.3209,0.0427,2.9805,68.5285,231.1086,0.296,0.0453,3.1936,67.6098,232.607,0.2905,0.0469
2015-02-26T00:50:59.401Z,3.1104,72.4353,229.8468,0.3151,0.0434,2.558,66.7892,231.0052,0.2893,0.0388,2.8466,67.4878,232.1207,0.2909,0.0413
2015-02-26T00:51:59.603Z,2.512,73.406,230.4187,0.319,0.0356,3.5248,67.2373,231.0235,0.2908,0.0529,2.9418,66.9185,232.1635,0.2885,0.0452
2015-02-26T00:52:59.804Z,2.3904,72.2816,228.9935,0.3154,0.0321,2.8337,67.7848,230.6499,0.2937,0.0422,3.0448,67.9401,231.634,0.2937,0.0453
2015-02-26T00:53:59.162Z,3.023,74.7038,229.4747,0.3254,0.0418,3.0688,68.3749,230.7759,0.2964,0.0438,3.0322,67.5101,232.1854,0.2909,0.0457
2015-02-26T00:54:59.399Z,2.8111,72.9503,229.8807,0.3167,0.0397,3.4101,69.211,231.5451,0.2986,0.0495,3.0302,68.8324,232.3269,0.296,0.0436
2015-02-26T00:55:59.591Z,2.8856,73.65,229.9286,0.32,0.041,2.9618,66.8963,230.3091,0.2904,0.0445,3.3192,67.7705,231.4612,0.2927,0.0492
2015-02-26T00:56:59.040Z,2.6098,73.1136,230.4037,0.3173,0.0354,3.277,68.332,230.281,0.2968,0.049,2.8523,67.7048,230.9097,0.2928,0.0411
2015-02-26T00:57:59.754Z,3.545,73.3036,229.8433,0.3195,0.0482,3.2328,67.1085,230.5998,0.2909,0.047,3.3128,68.1143,230.8711,0.2949,0.0486
2015-02-26T00:58:59.352Z,3.6409,73.7893,231.3579,0.319,0.0489,2.9985,66.5749,231.4653,0.2874,0.0438,3.4973,68.5987,232.4913,0.2954,0.051
2015-02-26T00:59:59.033Z,2.7811,74.2332,230.3944,0.3214,0.0383,3.1383,68.6252,231.3133,0.2971,0.0469,3.0831,69.7716,232.3258,0.3007,0.044
2015-02-26T01:00:59.308Z,2.4229,71.8873,231.0007,0.3109,0.0342,3.035,68.6298,232.1514,0.2957,0.0454,3.0092,65.7801,233.217,0.2816,0.0478
2015-02-26T01:01:59.543Z,3.0778,71.2736,231.2536,0.3079,0.0432,2.9857,62.8143,232.2403,0.2704,0.0471,3.3496,64.9115,233.4557,0.278,0.0515
2015-02-26T01:02:59.989Z,2.5909,69.4557,230.9216,0.3007,0.0367,3.1829,63.2909,232.2719,0.2723,0.0499,2.8327,62.9332,233.0325,0.2702,0.0449
2015-02-26T01:03:59.236Z,2.2313,70.2954,231.1882,0.304,0.0322,2.6923,64.0551,232.0312,0.2766,0.0423,3.1149,62.1951,231.7394,0.2683,0.0488
2015-02-26T01:04:59.792Z,2.2908,69.1799,231.0227,0.2999,0.0337,3.4892,62.3304,231.6367,0.2688,0.0565,3.2486,62.0892,230.8564,0.2689,0.0538
2015-02-26T01:05:59.125Z,3.0392,68.6558,230.6136,0.2971,0.0452,2.7847,61.712,231.0639,0.2674,0.0427,2.7868,61.5197,230.2976,0.2678,0.049
2015-02-26T01:06:59.775Z,2.9979,68.6267,229.8229,0.2987,0.0432,3.0239,64.0386,230.9352,0.2777,0.0476,3.389,61.9602,230.6966,0.2684,0.0564
2015-02-26T01:07:59.158Z,2.0701,69.3281,229.9707,0.3013,0.0302,3.5546,63.9288,230.4733,0.2774,0.0553,2.9549,62.5858,230.9609,0.2704,0.0472
2015-02-26T01:08:59.467Z,2.2005,70.9921,230.7746,0.3079,0.029,2.9464,64.4241,230.8586,0.2789,0.0462,2.8976,64.7535,231.1658,0.2804,0.0457
2015-02-26T01:09:59.887Z,2.852,70.7693,231.3905,0.3053,0.0408,2.9628,63.1662,228.2429,0.2763,0.046,3.1517,63.6626,232.9068,0.273,0.0502
2015-02-26T01:10:59.135Z,2.9985,68.4001,231.2358,0.2958,0.0463,2.8009,59.9951,228.0844,0.2631,0.0463,3.0535,61.9228,232.971,0.2654,0.051
2015-02-26T01:11:59.518Z,3.0371,67.9474,230.6658,0.2947,0.0448,2.7147,60.8097,230.4203,0.2635,0.047,3.0779,61.8497,231.7573,0.2672,0.0484
2015-02-26T01:12:59.807Z,2.3365,67.9823,230.3822,0.2953,0.0348,2.9366,60.4487,230.8168,0.2612,0.0489,3.1807,61.1438,232.0389,0.2635,0.0531
2015-02-26T01:13:59.146Z,2.5787,67.5093,229.7138,0.2936,0.0387,2.5436,62.0981,231.1418,0.2688,0.0404,3.017,62.3043,231.9356,0.2687,0.0492
2015-02-26T01:14:59.464Z,3.1735,68.9366,229.8586,0.2998,0.0466,3.372,62.5754,230.6651,0.2716,0.053,3.2472,61.9348,231.4942,0.2673,0.0525
2015-02-26T01:15:59.959Z,3.7258,69.4137,229.3914,0.3026,0.0548,3.033,62.079,229.4231,0.2709,0.0516,2.9771,61.6774,230.707,0.2678,0.0503
2015-02-26T01:16:59.305Z,3.4408,70.1318,228.9322,0.3068,0.0506,2.6652,62.3344,229.6254,0.2712,0.0419,2.8563,63.6417,231.0946,0.2754,0.0444
2015-02-26T01:17:59.549Z,2.3687,69.712,229.4991,0.3035,0.0327,3.5959,62.9584,229.3275,0.2746,0.0567,3.1813,63.3013,232.0758,0.2734,0.0505
2015-02-26T01:18:59.956Z,2.0667,68.5989,230.5277,0.2978,0.0303,2.6776,61.5403,230.4126,0.2669,0.0442,3.1029,64.476,232.3477,0.2776,0.0475
2015-02-26T01:19:59.558Z,3.1942,70.2644,230.7789,0.3049,0.0467,3.1729,63.3534,230.3145,0.2754,0.0481,2.5107,63.2526,232.2042,0.2729,0.0402
2015-02-26T01:20:59.559Z,2.9523,68.8711,231.0823,0.2981,0.0431,2.4932,62.8981,230.2569,0.273,0.043,3.2526,62.0518,232.49,0.2672,0.0553
2015-02-26T01:21:59.839Z,2.6171,70.3595,230.3925,0.3052,0.0368,3.6174,63.3404,230.7586,0.2743,0.0573,3.8571,63.0486,232.1446,0.2718,0.0609
2015-02-26T01:22:59.186Z,2.7598,69.656,231.26,0.3009,0.0386,3.1026,63.9408,231.3793,0.2764,0.049,3.2414,62.2706,232.4391,0.2677,0.0501
2015-02-26T01:23:59.512Z,2.5991,68.0176,231.1542,0.2938,0.0379,3.0199,60.8588,229.0145,0.2658,0.0481,2.7101,60.8233,232.7536,0.2614,0.0453
2015-02-26T01:24:59.750Z,2.375,69.3649,230.3799,0.301,0.0353,3.1543,62.1333,228.1184,0.2725,0.0512,3.1398,63.8448,232.2133,0.2748,0.0503
2015-02-26T01:25:59.075Z,2.3348,65.877,230.1911,0.2862,0.0364,3.232,59.4862,230.0853,0.2585,0.0561,3.1498,58.6854,231.692,0.2533,0.0569
2015-02-26T01:26:59.361Z,2.5182,68.0229,229.5753,0.2964,0.0372,3.1705,61.688,229.8532,0.2685,0.0497,3.0221,60.0967,230.6166,0.2605,0.0518
2015-02-26T01:27:59.249Z,3.4499,68.3634,230.1748,0.2963,0.0512,3.5059,63.6603,230.6965,0.2755,0.0547,3.1053,61.5112,231.2787,0.2656,0.0514
2015-02-26T01:28:59.365Z,2.2476,68.9351,230.6463,0.2984,0.0323,3.3245,60.6285,230.5565,0.2626,0.0554,3.0925,62.1921,232.3537,0.2676,0.0516
2015-02-26T01:29:59.566Z,1.8731,68.1818,230.6607,0.2952,0.026,2.4893,60.76,229.5412,0.2644,0.0421,3.0925,61.0597,231.6559,0.2634,0.0501
2015-02-26T01:30:59.885Z,2.9162,68.86,230.4438,0.2986,0.0423,2.7512,60.5495,228.7276,0.2648,0.0478,2.8367,61.4047,230.7655,0.2662,0.0499
2015-02-26T01:31:59.608Z,2.6915,67.8575,230.1457,0.2952,0.041,2.9885,60.9814,228.9107,0.2666,0.0509,2.7704,62.2087,231.1035,0.2689,0.0459
2015-02-26T01:32:59.955Z,1.7692,68.2898,229.6116,0.2971,0.0267,3.1745,60.708,228.7045,0.2657,0.0525,2.8553,60.7173,230.9874,0.2622,0.0497
2015-02-26T01:33:59.240Z,2.7457,68.7838,229.7286,0.2993,0.0397,3.2069,60.7574,229.062,0.2651,0.0511,3.0853,60.7136,231.2126,0.2627,0.0511
2015-02-26T01:34:59.974Z,2.3774,66.8168,229.1186,0.2915,0.0358,3.2659,60.3111,229.528,0.2629,0.0548,3.3208,63.0929,231.4054,0.2725,0.0526
2015-02-26T01:35:59.483Z,2.6511,66.4454,229.2589,0.2899,0.0393,2.748,60.6686,228.7816,0.2652,0.0457,2.9104,59.944,231.0658,0.2594,0.0491
2015-02-26T01:36:59.704Z,2.2062,68.9648,229.6071,0.3,0.0334,3.1781,60.4392,228.0202,0.2648,0.0508,3.0432,61.6751,229.9905,0.2685,0.0496
2015-02-26T01:37:59.936Z,1.9702,69.0704,231.2029,0.2985,0.0299,2.8071,60.21,226.2802,0.2659,0.0449,3.3477,60.4758,230.3422,0.2622,0.0557
2015-02-26T01:38:59.277Z,2.9547,68.7292,231.2073,0.2966,0.0419,3.2341,61.3572,227.1443,0.2706,0.0549,2.9281,62.3539,231.303,0.2697,0.0492
2015-02-26T01:39:59.582Z,3.3259,67.4342,229.9081,0.2931,0.0502,2.5823,61.9558,228.56,0.2709,0.0416,2.5029,61.1127,230.5597,0.2644,0.0396
2015-02-26T01:40:59.564Z,2.9921,68.1604,229.5374,0.2969,0.0447,3.3629,60.833,229.1963,0.2662,0.054,2.8152,61.8501,230.6707,0.2676,0.0484
2015-02-26T01:41:59.960Z,2.6112,68.6253,230.476,0.2973,0.036,3.1705,60.1477,230.1565,0.2612,0.0535,2.7201,62.9173,231.9984,0.2712,0.0437
2015-02-26T01:42:59.299Z,2.2407,68.5018,231.1292,0.2966,0.0319,3.3421,60.8431,229.7272,0.2652,0.0536,3.331,62.4243,231.9603,0.2692,0.055
2015-02-26T01:43:59.639Z,2.6292,69.7848,230.6788,0.3025,0.0384,2.8836,60.94,229.0564,0.2662,0.0484,3.0899,61.3239,231.4059,0.2648,0.0504
2015-02-26T01:44:59.941Z,3.1367,68.373,230.7331,0.2962,0.0457,2.6857,60.8554,229.8897,0.2643,0.0458,3.2125,62.3611,231.5526,0.269,0.0513
2015-02-26T01:45:59.477Z,3.3497,68.0569,230.0005,0.2955,0.0497,2.3477,60.6532,229.5266,0.264,0.0399,2.6845,59.4827,230.6297,0.258,0.0474
2015-02-26T01:46:59.669Z,2.6948,68.7695,230.6454,0.2979,0.0389,2.4803,60.2159,229.4891,0.2623,0.041,3.0162,60.9736,230.518,0.2646,0.0486
2015-02-26T01:48:59.653Z,2.5852,68.2021,231.1782,0.2951,0.039,3.0081,60.9923,227.5194,0.2682,0.0487,3.2255,61.9737,231.7997,0.2671,0.0526
2015-02-26T01:49:59.899Z,2.4709,68.4851,230.5365,0.2966,0.0364,2.8956,62.0521,230.3347,0.269,0.049,3.1309,61.8619,230.9923,0.2678,0.0503
2015-02-26T01:50:59.363Z,2.665,68.5303,230.0168,0.2977,0.039,2.6159,61.0266,230.8721,0.2642,0.0429,3.463,62.1631,231.6608,0.2681,0.055
2015-02-26T01:51:59.050Z,2.6032,68.691,230.546,0.2979,0.0389,2.4653,61.2724,230.0353,0.2667,0.0411,2.9027,61.2162,231.4524,0.2642,0.0482
2015-02-26T01:52:59.331Z,3.0189,68.8367,230.4927,0.2979,0.0436,3.033,60.5382,230.0849,0.263,0.0502,3.5601,62.588,230.3477,0.2716,0.0579
2015-02-26T01:53:59.923Z,3.374,67.1762,230.7953,0.2908,0.0518,3.0266,60.9366,230.4767,0.2642,0.0505,2.6999,62.2834,229.6588,0.2717,0.0447
2015-02-26T01:54:59.806Z,3.0292,69.6511,230.6738,0.302,0.0432,2.8289,63.6118,230.3102,0.2764,0.0447,2.6602,61.9635,230.0865,0.2689,0.0441
2015-02-26T01:55:59.998Z,2.3855,70.0908,229.6051,0.3055,0.0334,2.3669,64.2655,228.7638,0.2812,0.0366,3.1191,63.9725,229.7003,0.2787,0.0487
2015-02-26T01:56:59.843Z,1.8221,70.6408,229.8393,0.3074,0.0267,3.1546,64.1147,229.341,0.2791,0.0493,3.2502,64.721,229.7146,0.2816,0.05
2015-02-26T01:57:59.244Z,3.1576,69.8566,229.9234,0.3042,0.0461,3.8016,64.1957,229.6878,0.279,0.0603,2.902,63.19,229.4773,0.2753,0.0466
2015-02-26T01:58:59.306Z,2.4682,71.6143,230.8887,0.3102,0.0348,2.8411,63.3712,229.7637,0.2754,0.0454,2.5851,64.2937,231.1451,0.2779,0.0409
2015-02-26T01:59:59.692Z,2.9003,71.0293,230.8171,0.308,0.0421,2.7225,65.199,229.4653,0.2837,0.0442,3.275,63.6392,230.9405,0.2758,0.0514
