2015-01-10T00:00:59.855Z,5.1318,67.7229,231.0098,0.2932,0.0754,3.0625,62.8865,230.4945,0.2731,0.0487,81.3732,102.5438,230.9773,0.4435,0.7946
2015-01-10T00:01:59.130Z,4.8087,71.314,231.2615,0.3081,0.0682,2.3944,64.0144,230.6294,0.278,0.0362,80.9452,103.9088,231.2942,0.4491,0.7802
2015-01-10T00:02:59.409Z,4.858,71.1333,231.3054,0.3077,0.0679,2.2384,63.9426,230.7374,0.2775,0.035,81.203,103.3658,231.1658,0.4474,0.7875
2015-01-10T00:03:59.939Z,5.1188,69.9662,231.4619,0.3024,0.074,2.4425,64.062,230.482,0.2779,0.0387,81.144,103.2643,230.6426,0.4476,0.7863
2015-01-10T00:04:59.247Z,4.7564,69.5917,232.4483,0.2993,0.0692,2.3211,63.2936,228.8171,0.2772,0.0372,81.3643,103.4721,230.9532,0.4482,0.7876
2015-01-10T00:05:59.459Z,4.8118,70.3819,232.3991,0.3022,0.0703,2.1786,61.833,227.9193,0.2713,0.0351,81.7068,104.6124,231.4385,0.4521,0.782
2015-01-10T00:06:59.636Z,5.0354,70.7589,232.0529,0.3047,0.0729,2.3304,62.1102,226.9343,0.2738,0.039,81.2689,102.2527,230.7535,0.4433,0.7952
2015-01-10T00:07:59.093Z,4.8166,71.1621,231.8762,0.3068,0.0709,2.3509,63.0172,229.1758,0.2751,0.0358,80.6752,102.7604,230.0472,0.4466,0.7863
2015-01-10T00:08:59.797Z,4.3688,70.2109,230.8702,0.3039,0.0641,2.5796,64.7043,229.7983,0.2815,0.0392,79.987,101.7038,228.956,0.4441,0.7872
2015-01-10T00:09:59.191Z,5.8101,71.249,231.4912,0.3074,0.0816,2.4063,63.4393,230.0829,0.2757,0.0382,80.0997,101.723,229.0943,0.4444,0.7882
2015-01-10T00:10:59.554Z,5.4353,71.4754,232.468,0.3078,0.0759,2.6371,63.2927,231.0837,0.274,0.0416,81.3943,103.5415,230.6912,0.4486,0.7865
2015-01-10T00:11:59.772Z,5.5057,69.9111,231.9838,0.301,0.081,2.1901,62.8248,230.8711,0.2719,0.0363,81.3247,102.9923,230.7315,0.4469,0.7914
2015-01-10T00:12:59.010Z,5.4414,71.3186,232.263,0.3071,0.0778,2.6182,62.9232,227.8049,0.2761,0.0407,82.6747,103.9672,231.8221,0.4487,0.7961
2015-01-10T00:13:59.365Z,5.1093,68.7068,231.6042,0.2968,0.0765,2.4099,63.6547,228.6135,0.2784,0.0373,81.4485,103.0158,231.4182,0.4449,0.791
2015-01-10T00:14:59.583Z,4.2301,69.4505,231.649,0.2991,0.0627,3.0536,63.0342,230.9419,0.2726,0.0496,80.9149,102.7811,231.1001,0.4451,0.7879
2015-01-10T00:15:59.663Z,4.2032,69.3759,231.2773,0.3,0.0601,2.3637,65.0082,230.6573,0.2813,0.0353,80.6932,103.3105,230.6419,0.4478,0.7819
2015-01-10T00:16:59.038Z,4.864,68.6827,230.9332,0.2969,0.0733,2.9477,62.6358,230.3163,0.2717,0.0463,80.5186,101.7699,229.9133,0.4424,0.7931
2015-01-10T00:17:59.204Z,4.9091,70.5333,230.8962,0.3055,0.0691,2.2373,63.0299,229.5234,0.2745,0.0355,80.2846,101.6951,229.586,0.4429,0.7897
2015-01-10T00:18:59.534Z,4.8111,69.0859,231.4295,0.2979,0.0719,2.1869,64.2148,229.1162,0.2799,0.0321,80.249,102.0902,229.5322,0.4447,0.7873
2015-01-10T00:19:59.697Z,5.3264,71.7025,231.9255,0.3092,0.0759,2.9954,62.2992,229.234,0.2716,0.0479,80.564,102.4553,230.0282,0.4447,0.7879
2015-01-10T00:20:59.033Z,5.3056,70.776,232.3924,0.3043,0.0759,2.4151,63.1237,229.4962,0.2746,0.0383,82.1639,104.2469,232.2273,0.4493,0.7886
2015-01-10T00:21:59.217Z,4.7931,69.9162,232.3091,0.301,0.0698,2.3418,62.1421,228.286,0.2723,0.0377,82.6225,104.0516,232.7435,0.4468,0.7948
2015-01-10T00:22:59.584Z,4.9685,70.0947,231.6359,0.3023,0.0712,2.8905,63.5458,229.8022,0.2767,0.045,82.5088,104.2117,232.1966,0.4485,0.7926
2015-01-10T00:23:59.087Z,5.164,70.4612,230.8542,0.3051,0.0743,2.2017,64.2906,231.3187,0.2779,0.0348,82.0361,103.6307,231.6536,0.4472,0.7921
2015-01-10T00:24:59.325Z,5.2132,70.0164,230.7178,0.3038,0.0751,2.5798,64.3398,231.1395,0.2781,0.0393,82.2025,103.7432,231.7445,0.4475,0.7925
2015-01-10T00:25:59.623Z,4.784,69.5456,230.8469,0.3014,0.0709,2.5732,63.7013,231.0843,0.2756,0.0403,81.9454,103.903,231.8249,0.4481,0.7897
2015-01-10T00:26:59.811Z,4.557,69.4804,231.3415,0.2999,0.0666,2.4333,63.6133,230.1595,0.2767,0.0373,81.3673,103.4153,231.4687,0.4467,0.7878
2015-01-10T00:27:59.102Z,4.5857,69.6126,231.3021,0.3008,0.0659,2.4334,62.1512,229.671,0.2707,0.0403,81.5,103.5507,231.0071,0.4488,0.788
2015-01-10T00:28:59.426Z,5.3799,70.8764,231.7687,0.3055,0.0769,2.4269,63.4362,229.7611,0.2758,0.037,81.6686,103.0688,230.8952,0.4459,0.793
2015-01-10T00:30:59.434Z,5.3864,70.1581,232.0834,0.3025,0.0763,2.2653,63.3066,230.156,0.2749,0.037,81.6737,103.9431,231.406,0.4491,0.7869
2015-01-10T00:31:59.805Z,5.5067,70.422,231.741,0.3041,0.0791,2.6709,62.8736,230.7588,0.2721,0.0438,81.894,103.1776,231.7344,0.4449,0.7948
2015-01-10T00:32:59.218Z,4.962,69.518,231.8404,0.2999,0.0746,2.6374,61.5973,230.8716,0.2671,0.0424,81.9902,102.7164,231.5609,0.4442,0.799
2015-01-10T00:33:59.070Z,5.0735,69.48,232.2893,0.2988,0.0734,2.4535,60.7895,228.6521,0.2659,0.0416,81.7514,102.5219,232.3763,0.4414,0.7985
2015-01-10T00:34:59.246Z,5.5602,69.9114,231.1021,0.3027,0.0812,2.2681,62.9178,229.4589,0.2744,0.0366,82.3207,103.3411,232.1912,0.4447,0.7976
2015-01-10T00:35:59.439Z,5.4455,69.6934,231.2703,0.3011,0.0793,2.3955,61.9452,231.3382,0.2678,0.0391,81.0854,102.4521,230.7824,0.4439,0.7927
2015-01-10T00:36:59.839Z,4.5855,70.2316,230.703,0.3049,0.067,2.5625,63.2654,230.7578,0.2742,0.0389,81.0714,102.6038,230.7464,0.4445,0.7914
2015-01-10T00:37:59.838Z,5.1313,69.6633,231.28,0.3008,0.0741,2.3956,63.4723,230.7292,0.2748,0.0373,80.8297,103.4366,230.2304,0.4491,0.7825
2015-01-10T00:38:59.195Z,5.0997,70.0974,230.9693,0.3032,0.074,2.5151,64.7273,230.5151,0.281,0.0391,81.116,103.7873,230.7696,0.4497,0.7837
2015-01-10T00:39:59.513Z,4.9152,69.7049,230.1104,0.3027,0.0721,2.78,63.4267,230.5756,0.2751,0.0453,81.2826,103.4591,230.9836,0.4478,0.7867
2015-01-10T00:40:59.844Z,5.2265,71.1735,231.4725,0.3076,0.0741,2.1986,63.2645,231.4737,0.2732,0.034,81.4333,103.1789,230.9617,0.4471,0.7899
2015-01-10T00:41:59.091Z,4.182,69.2218,231.8027,0.298,0.0616,3.0617,62.9364,232.3912,0.2709,0.0541,81.2168,102.6807,231.2257,0.444,0.7921
2015-01-10T00:42:59.487Z,5.4192,70.5004,231.247,0.3049,0.0774,2.2533,63.8099,232.3085,0.2747,0.0364,81.9534,103.818,231.5378,0.4489,0.7905
2015-01-10T00:43:59.815Z,4.9432,69.9143,231.3409,0.3022,0.0703,2.5501,65.4638,232.4039,0.2817,0.0375,81.8473,104.6563,231.7392,0.4515,0.7824
2015-01-10T00:44:59.050Z,4.4918,69.4591,231.3798,0.3002,0.0652,2.5712,63.4162,232.0892,0.2735,0.0408,81.524,102.6807,231.7882,0.443,0.7946
2015-01-10T00:45:59.493Z,4.575,69.394,231.9363,0.2996,0.0671,2.488,63.7358,231.935,0.2746,0.0388,82.5403,104.726,232.1489,0.4513,0.79
2015-01-10T00:46:59.148Z,4.9124,70.0671,231.9932,0.3019,0.0713,2.6933,64.1909,231.6398,0.2772,0.0427,81.4428,103.4268,231.6821,0.4466,0.7887
2015-01-10T00:47:59.561Z,5.3415,69.1851,230.5964,0.3002,0.0789,2.8761,62.2286,231.2825,0.2697,0.0458,80.6543,102.9496,230.7897,0.4458,0.7838
2015-01-10T00:48:59.114Z,4.5357,69.3951,230.6139,0.3007,0.0657,2.354,62.6993,230.6289,0.2719,0.0391,81.2588,103.3797,230.8551,0.4476,0.7864
2015-01-10T00:49:59.362Z,4.842,69.9628,230.9068,0.3024,0.0693,2.2158,62.347,229.9658,0.2708,0.0352,80.7471,103.2855,230.4732,0.4477,0.7826
2015-01-10T00:50:59.324Z,4.7993,71.4034,232.3188,0.3069,0.0677,2.0729,63.1632,228.7309,0.2766,0.0322,82.1291,103.2106,231.8342,0.4451,0.7964
2015-01-10T00:51:59.606Z,5.1353,70.6926,231.841,0.3049,0.0741,2.5641,64.5208,229.9587,0.2808,0.0405,81.6627,103.5525,231.2708,0.4473,0.7897
2015-01-10T00:52:59.247Z,4.8568,71.234,231.2983,0.308,0.0684,2.8436,64.4846,231.023,0.2788,0.0453,81.6612,103.5626,230.782,0.449,0.7888
2015-01-10T00:53:59.320Z,5.1368,71.8253,231.5371,0.3099,0.071,2.3687,63.0426,230.6741,0.2735,0.0366,81.4327,103.1277,230.952,0.4465,0.7901
2015-01-10T00:54:59.623Z,5.3487,69.9867,231.9592,0.3014,0.0776,2.4683,62.1607,228.2508,0.2726,0.0391,81.9682,104.4,231.837,0.4508,0.7861
2015-01-10T00:55:59.759Z,5.1199,69.6515,231.51,0.3012,0.0723,2.9841,62.3995,228.5057,0.2726,0.0474,81.3907,102.8096,231.5423,0.4438,0.793
2015-01-10T00:56:59.592Z,5.0714,70.1366,231.7286,0.3022,0.0731,3.0139,63.4118,231.292,0.2741,0.0476,80.7166,101.8019,230.4176,0.4423,0.7931
2015-01-10T00:57:59.097Z,5.4797,70.0131,231.6723,0.3026,0.0797,2.4508,63.4724,230.9818,0.2754,0.0387,80.6952,102.6563,230.1037,0.4463,0.7879
2015-01-10T00:58:59.744Z,4.7178,71.0933,231.5051,0.3067,0.0671,1.9912,63.5385,231.5185,0.2748,0.0313,81.0612,102.6736,230.4962,0.4457,0.7899
2015-01-10T00:59:59.111Z,4.4842,70.5834,231.686,0.3047,0.0642,2.4929,63.4612,232.1446,0.2737,0.0388,80.8029,102.4808,230.4938,0.4445,0.7893
