2015-02-13T00:00:59.565Z,1.8612,42.6855,232.6473,0.1835,0.0455,2.3938,24.9688,232.5242,0.1079,0.1129,84.0957,88.3838,234.712,0.3765,0.9525
2015-02-13T00:01:59.758Z,2.56,42.3751,233.1095,0.1815,0.0621,2.4818,24.5659,232.7058,0.1059,0.1163,84.0464,88.6683,234.4833,0.3788,0.9495
2015-02-13T00:02:59.139Z,3.7513,42.5789,233.0594,0.1828,0.09,1.9693,22.346,232.8526,0.0959,0.1046,83.9163,88.5192,234.3606,0.3778,0.9486
2015-02-13T00:03:59.466Z,2.5975,42.9135,232.9267,0.1836,0.0618,2.344,24.4777,232.2725,0.1052,0.1112,83.5611,87.8602,233.776,0.3758,0.9521
2015-02-13T00:04:59.759Z,2.2156,42.9516,233.0099,0.1842,0.0519,1.8546,22.3169,232.7309,0.0955,0.1127,83.5831,87.9178,233.4843,0.376,0.9513
2015-02-13T00:05:59.251Z,2.2503,43.0296,232.5528,0.1846,0.0536,1.8428,23.3806,232.4093,0.1007,0.098,83.1084,87.2848,232.6952,0.3747,0.953
2015-02-13T00:06:59.608Z,2.912,42.2812,233.5648,0.1815,0.0688,2.3933,22.4913,232.4682,0.0972,0.1221,83.5418,88.4868,233.6159,0.379,0.9458
2015-02-13T00:07:59.963Z,3.9846,42.4798,232.8504,0.1822,0.0953,1.9243,25.2192,232.2458,0.1085,0.0901,83.0268,87.3304,233.4973,0.3742,0.9519
2015-02-13T00:08:59.202Z,2.0666,41.9601,232.1857,0.1804,0.0504,2.7038,22.128,231.8939,0.0958,0.1323,83.5407,87.953,233.6681,0.3763,0.9509
2015-02-13T00:09:59.558Z,2.0573,42.1546,231.9533,0.1811,0.0484,1.8341,23.9444,231.5547,0.1035,0.1004,82.8696,87.4037,233.301,0.3754,0.9495
2015-02-13T00:10:59.701Z,2.2462,42.7858,231.4851,0.1849,0.0529,1.754,22.6637,231.2745,0.0978,0.1007,83.3184,87.9026,233.0457,0.3775,0.9492
2015-02-13T00:11:59.144Z,3.2233,41.6862,231.5441,0.1804,0.0784,2.0331,24.6628,231.148,0.1072,0.1083,82.6534,86.7774,233.0731,0.372,0.9528
2015-02-13T00:12:59.514Z,2.964,42.0593,231.6821,0.1816,0.0709,2.0156,24.3109,231.3633,0.1053,0.0988,83.0874,87.2374,232.967,0.3744,0.9535
2015-02-13T00:13:59.698Z,2.3831,42.1471,230.7479,0.1826,0.0553,2.48,23.2336,231.2334,0.1005,0.1233,82.6719,87.3377,232.8447,0.3749,0.9478
2015-02-13T00:14:59.990Z,1.792,41.9469,231.1873,0.182,0.044,2.1453,23.9562,230.7892,0.1035,0.1115,82.7909,87.4247,233.3321,0.3746,0.9478
2015-02-13T00:15:59.351Z,2.3142,42.7719,232.1359,0.1847,0.0567,2.3547,23.4086,231.8111,0.1009,0.1163,83.461,87.4719,233.6761,0.3741,0.9544
2015-02-13T00:16:59.609Z,2.33,41.7932,233.3418,0.179,0.0554,2.1545,20.9724,233.1449,0.0909,0.1229,83.8259,88.3676,233.8401,0.3776,0.9495
2015-02-13T00:17:59.992Z,2.5226,42.757,233.8511,0.183,0.0602,2.5102,23.0964,233.2473,0.0986,0.1292,82.9479,87.6137,233.7459,0.3744,0.9486
2015-02-13T00:18:59.301Z,2.3222,42.5574,233.147,0.1816,0.0554,2.2218,22.3362,233.2279,0.0958,0.1156,83.3979,87.5677,233.4114,0.3748,0.9532
2015-02-13T00:19:59.584Z,2.6089,43.3301,234.276,0.1847,0.061,1.9551,23.4678,232.7905,0.1012,0.1048,83.7767,88.0142,233.8884,0.3759,0.9531
2015-02-13T00:20:59.799Z,2.9732,42.3734,233.9298,0.1813,0.0691,1.686,23.4851,232.8173,0.1011,0.0888,84.2046,88.7033,234.416,0.3784,0.9504
2015-02-13T00:21:59.085Z,2.4016,43.2987,233.7033,0.1855,0.0569,2.4539,23.9027,232.4773,0.1033,0.1179,83.6909,88.331,234.3957,0.3761,0.9484
2015-02-13T00:22:59.319Z,2.7342,42.9389,233.9629,0.1834,0.0641,2.2048,23.1004,232.2533,0.099,0.1182,84.2713,88.2857,234.651,0.3762,0.9552
2015-02-13T00:23:59.609Z,3.1554,42.5134,232.13,0.1829,0.0744,2.0012,25.1554,231.8759,0.1085,0.0954,84.1692,88.4232,234.2751,0.377,0.9535
2015-02-13T00:24:59.026Z,2.9817,42.492,232.4324,0.183,0.0708,2.251,23.3624,231.1984,0.101,0.1179,83.4958,88.2768,233.5296,0.3781,0.948
2015-02-13T00:25:59.286Z,2.3151,42.8554,232.4787,0.1844,0.056,2.1578,22.7515,231.527,0.0985,0.1048,82.6599,87.4845,233.6753,0.3747,0.9458
2015-02-13T00:26:59.621Z,2.2113,42.5302,232.6749,0.183,0.0528,2.6074,23.9075,232.8474,0.1022,0.128,83.9607,88.5499,234.8055,0.3774,0.9499
2015-02-13T00:27:59.858Z,2.5151,42.4827,234.6314,0.181,0.0605,1.9089,22.0457,232.904,0.0945,0.1085,85.8658,90.1898,235.6992,0.3821,0.9531
2015-02-13T00:28:59.145Z,2.4344,42.5809,232.801,0.1833,0.0574,1.6236,21.9211,230.9344,0.0948,0.0897,83.7983,88.3008,234.092,0.377,0.9501
2015-02-13T00:29:59.346Z,1.867,42.5977,232.3015,0.1836,0.0448,2.0875,23.2997,230.7097,0.1004,0.1177,84.0521,88.5107,233.9048,0.3788,0.9515
2015-02-13T00:30:59.540Z,2.8732,42.5466,232.4141,0.1835,0.0679,1.5976,24.026,230.4127,0.104,0.0875,83.0799,88.0938,233.6436,0.377,0.9449
2015-02-13T00:31:59.698Z,2.6626,42.3324,232.493,0.1822,0.0634,2.7189,22.3176,231.0465,0.0961,0.1372,83.7195,88.076,233.7888,0.3767,0.9517
2015-02-13T00:33:59.184Z,2.0546,42.9456,232.8669,0.1846,0.0492,2.2884,22.0406,230.7475,0.0955,0.1254,83.3755,87.823,233.5337,0.3759,0.9506
2015-02-13T00:34:59.498Z,2.6345,42.8778,233.0599,0.1839,0.0621,2.4174,24.2127,230.1637,0.1052,0.1214,83.3876,88.0562,233.1068,0.3779,0.9479
2015-02-13T00:35:59.785Z,1.9296,42.7863,233.6946,0.1833,0.0465,2.2534,22.9635,229.8284,0.0999,0.1115,83.1557,87.4062,233.2452,0.3746,0.9518
2015-02-13T00:36:59.113Z,2.436,43.5188,233.6039,0.1867,0.058,1.6236,23.8662,231.2312,0.1034,0.0906,83.2977,88.0508,234.2762,0.3759,0.9473
2015-02-13T00:37:59.410Z,2.4048,43.3011,233.2913,0.1858,0.0568,1.9962,24.4919,231.6567,0.1064,0.0979,83.9854,88.7708,234.2569,0.3786,0.9475
2015-02-13T00:38:59.716Z,3.1171,42.1559,233.652,0.1804,0.0742,2.2173,22.2946,230.0736,0.0973,0.1151,134.8039,144.1541,234.9954,0.6133,0.9398
2015-02-13T00:39:59.981Z,5.2684,42.7095,233.1859,0.1832,0.1245,1.6664,23.1834,229.6991,0.1005,0.0787,94.5115,100.0329,234.7626,0.4259,0.9467
2015-02-13T00:40:59.224Z,5.4716,43.0488,233.3517,0.1842,0.128,1.859,22.4973,231.372,0.0979,0.1001,84.3807,88.8327,234.2104,0.379,0.9514
2015-02-13T00:41:59.503Z,5.5536,43.6295,232.9705,0.1876,0.1293,1.8804,22.7979,231.4269,0.0986,0.0962,84.3297,88.6132,234.1071,0.3788,0.9537
2015-02-13T00:42:59.968Z,5.3155,42.3984,232.6452,0.1824,0.1273,1.6905,22.3802,231.0089,0.097,0.0923,83.3597,87.8721,233.9338,0.3759,0.95
2015-02-13T00:43:59.235Z,5.7913,43.0582,232.375,0.1856,0.1353,2.0578,22.3094,230.5238,0.0969,0.1021,83.0711,87.2302,233.4311,0.3737,0.9533
2015-02-13T00:44:59.421Z,5.841,42.958,231.8629,0.1851,0.1363,1.5729,22.1792,230.3146,0.0965,0.0878,83.067,87.3703,232.4903,0.3763,0.9525
2015-02-13T00:45:59.730Z,5.8968,42.9953,231.9924,0.1852,0.1387,1.864,22.9638,230.8101,0.0996,0.089,82.5524,87.2245,232.4249,0.3755,0.948
2015-02-13T00:46:59.983Z,5.0603,43.4497,232.9976,0.186,0.118,1.7067,23.8371,231.0559,0.103,0.0836,83.1546,87.1397,233.1061,0.3737,0.9558
2015-02-13T00:47:59.139Z,5.8371,42.5773,232.9902,0.1826,0.1364,1.4581,19.9751,231.0125,0.0863,0.0822,83.2751,87.6524,232.9288,0.376,0.951
2015-02-13T00:48:59.357Z,5.7574,43.6338,233.1133,0.1874,0.1347,1.8017,22.8747,231.1139,0.0993,0.0813,82.8209,86.8843,232.8909,0.3728,0.9542
2015-02-13T00:49:59.523Z,5.5412,43.2836,232.753,0.1859,0.1275,1.673,22.6127,230.9671,0.0976,0.0875,82.6996,86.6526,232.4355,0.3729,0.9554
2015-02-13T00:50:59.757Z,5.6869,43.0859,232.2066,0.1853,0.1334,1.4778,22.1699,231.1952,0.0963,0.0777,82.1507,86.5854,232.0973,0.373,0.9496
2015-02-13T00:51:59.051Z,6.0701,42.3473,232.7839,0.182,0.1448,1.6333,21.6107,231.2999,0.0934,0.0899,82.9542,87.2734,232.8991,0.3747,0.9521
2015-02-13T00:52:59.380Z,5.72,42.2535,231.8823,0.1816,0.136,1.5626,22.1275,231.0576,0.0958,0.0748,82.5845,86.6392,232.8277,0.3724,0.9541
2015-02-13T00:53:59.797Z,4.6143,42.7257,231.0207,0.185,0.1105,1.3759,24.5148,230.3778,0.1064,0.067,82.6738,88.9465,232.2021,0.3829,0.9333
2015-02-13T00:54:59.996Z,4.8077,68.5914,231.1313,0.2969,0.0702,2.5952,62.3668,230.7244,0.2705,0.0425,82.1189,104.2937,232.4149,0.4487,0.789
2015-02-13T00:55:59.229Z,5.8388,71.3024,230.8987,0.3084,0.0839,2.6561,62.112,231.1121,0.269,0.0419,82.8203,104.5827,232.4974,0.4498,0.794
2015-02-13T00:56:59.540Z,5.1858,70.9282,232.1442,0.3052,0.074,2.4455,61.7019,231.5863,0.2664,0.0413,82.736,103.2393,233.3366,0.4429,0.8031
2015-02-13T00:57:59.785Z,5.9335,70.6157,232.5485,0.3038,0.0864,2.9532,62.0985,231.7202,0.2686,0.0502,82.0726,102.0404,232.7525,0.4377,0.8055
2015-02-13T00:58:59.162Z,5.0737,70.1554,231.9418,0.3022,0.0728,2.3291,64.2786,231.8119,0.2776,0.0359,82.7461,104.4484,233.4686,0.4476,0.7929
2015-02-13T00:59:59.414Z,5.0512,70.7613,232.4307,0.3042,0.0736,2.3944,63.9354,231.933,0.2756,0.0399,111.1649,132.7734,233.4463,0.569,0.8202
2015-02-13T01:00:59.820Z,3.3858,69.8473,232.9499,0.2997,0.0526,3.2185,64.2791,231.9623,0.2769,0.0496,117.0237,139.2841,233.4054,0.5973,0.8215
2015-02-13T01:01:59.105Z,3.6316,70.2264,232.3949,0.3024,0.0533,2.8696,61.947,231.5437,0.2674,0.0483,82.9064,104.3602,233.5222,0.447,0.7957
2015-02-13T01:02:59.430Z,3.4274,72.1244,232.8658,0.3101,0.0479,2.8757,62.7446,230.8562,0.272,0.0454,82.9073,105.8152,233.1844,0.4533,0.7853
2015-02-13T01:03:59.648Z,3.1356,71.5953,232.0362,0.3088,0.0454,3.3332,62.9643,230.649,0.273,0.0529,81.893,104.3735,232.4854,0.4495,0.7862
2015-02-13T01:04:59.963Z,3.3128,71.6762,231.491,0.3099,0.046,3.0682,63.9358,230.3524,0.2778,0.0479,82.1563,103.8359,232.2709,0.4471,0.7924
2015-02-13T01:05:59.316Z,3.7987,69.2454,231.9311,0.2986,0.0554,3.3988,62.9969,230.2771,0.2734,0.0566,81.3977,102.341,231.8418,0.4418,0.7976
2015-02-13T01:06:59.506Z,2.4447,70.9527,232.3889,0.3053,0.0356,3.1071,64.6654,231.2807,0.2796,0.0486,81.6312,104.3489,231.9011,0.4497,0.7832
2015-02-13T01:07:59.662Z,2.5497,71.8704,232.8557,0.3088,0.0355,2.9901,64.0079,231.9138,0.2758,0.0473,82.1637,104.0475,233.1022,0.4465,0.7912
2015-02-13T01:08:59.878Z,3.1415,71.4713,232.6824,0.3073,0.043,3.7834,63.8437,231.7258,0.2755,0.059,83.5342,105.774,233.7099,0.4526,0.7907
2015-02-13T01:09:59.299Z,3.5131,71.0336,231.4519,0.3068,0.0503,3.2684,64.0949,231.4887,0.2763,0.0533,83.1993,104.9211,233.4527,0.4492,0.795
2015-02-13T01:10:59.624Z,2.9251,69.5825,231.0067,0.3014,0.0431,3.3308,62.84,231.9784,0.2712,0.0552,82.1293,104.1276,233.5963,0.4455,0.7922
2015-02-13T01:11:59.008Z,2.3814,69.4689,231.3478,0.2997,0.0332,2.9973,62.3542,232.5181,0.2683,0.0481,83.6568,106.145,234.2144,0.4534,0.7902
2015-02-13T01:12:59.176Z,3.294,70.3203,231.8546,0.3029,0.047,3.0233,61.6516,232.1833,0.2652,0.0487,82.7315,104.6276,233.0288,0.4492,0.7923
2015-02-13T01:13:59.559Z,3.5642,71.7571,232.3924,0.3087,0.0497,2.9773,65.9075,231.4412,0.2849,0.0469,82.2132,104.2686,232.7066,0.448,0.7897
2015-02-13T01:14:59.967Z,3.2075,70.7935,231.3832,0.3061,0.0472,3.4388,62.7472,230.56,0.2721,0.055,82.4958,104.7136,233.0983,0.4487,0.7892
2015-02-13T01:15:59.210Z,2.8619,70.5583,231.7101,0.3046,0.0392,3.1357,63.7573,231.1485,0.2752,0.0488,82.9355,105.0336,233.271,0.45,0.7909
2015-02-13T01:16:59.557Z,2.5845,71.8271,232.7822,0.3089,0.0363,3.3883,65.3111,232.3283,0.2808,0.0515,83.1861,104.5458,233.4824,0.4478,0.7966
2015-02-13T01:17:59.794Z,3.8136,71.5296,233.323,0.3063,0.0547,3.0677,65.3786,232.8241,0.2802,0.0466,83.7356,105.0829,233.9358,0.4488,0.7975
2015-02-13T01:18:59.999Z,4.3151,70.7152,233.8632,0.3026,0.0621,3.2724,62.2396,232.5985,0.2675,0.0526,83.4613,104.9688,233.8027,0.4493,0.7957
2015-02-13T01:19:59.307Z,2.8441,71.6962,233.6304,0.3067,0.0402,3.4446,63.7166,232.0501,0.2741,0.0547,83.3143,105.3164,234.2294,0.4503,0.7933
2015-02-13T01:20:59.537Z,2.898,72.5005,233.5607,0.3111,0.0391,2.9457,64.0053,232.4152,0.2757,0.0455,83.7801,104.677,234.344,0.4464,0.802
2015-02-13T01:21:59.735Z,3.7151,71.608,233.722,0.3063,0.0522,2.9671,62.3771,232.3536,0.2689,0.0492,83.6937,105.0992,234.5,0.448,0.7979
2015-02-13T01:22:59.917Z,3.9712,71.0695,233.2786,0.3044,0.0578,2.7831,63.6985,231.7821,0.2748,0.0451,83.4822,104.9462,234.2558,0.4478,0.796
2015-02-13T01:23:59.371Z,2.9764,71.865,233.2032,0.3084,0.0418,3.1591,64.4156,231.6682,0.278,0.0499,83.046,105.5386,233.8482,0.4508,0.7872
2015-02-13T01:24:59.612Z,2.4134,71.7321,234.0475,0.3064,0.0348,3.2487,61.9754,230.5479,0.2691,0.0541,82.7715,104.0171,233.3046,0.4455,0.7971
2015-02-13T01:25:59.942Z,3.3898,72.3741,233.5995,0.3096,0.0473,2.6933,64.6488,231.0067,0.2797,0.041,82.977,104.2204,233.3017,0.4466,0.7965
2015-02-13T01:26:59.160Z,3.6536,71.5379,233.6663,0.3059,0.0524,2.6531,64.2973,232.2353,0.2769,0.0417,83.7446,104.9801,234.5139,0.4479,0.7988
2015-02-13T01:27:59.628Z,4.2223,72.5025,233.6378,0.3098,0.0597,2.7344,65.0124,232.3329,0.2801,0.0415,84.0979,106.2005,235.2636,0.4516,0.7927
2015-02-13T01:28:59.945Z,3.7198,72.4683,233.9472,0.3099,0.0508,2.3535,65.1389,230.0247,0.2829,0.037,85.1513,106.9603,235.9,0.4532,0.7972
2015-02-13T01:29:59.109Z,3.1806,72.8773,233.3398,0.3121,0.0422,2.8179,63.3611,230.8737,0.274,0.0431,84.0885,105.9274,234.8421,0.4507,0.7943
2015-02-13T01:30:59.494Z,2.8865,71.4748,232.5543,0.3078,0.041,3.1866,64.4788,231.6021,0.2782,0.049,83.038,105.0217,233.8395,0.4489,0.7916
2015-02-13T01:31:59.764Z,3.6202,70.2559,232.8415,0.3018,0.0532,3.1071,65.6874,231.4515,0.284,0.0485,82.2698,103.2827,233.0489,0.4434,0.7968
2015-02-13T01:32:59.174Z,3.5986,69.546,233.0743,0.298,0.0533,2.7037,64.3191,230.8322,0.2787,0.0416,80.431,102.4283,230.1031,0.4443,0.7866
2015-02-13T01:33:59.481Z,2.7262,70.9167,231.9926,0.3059,0.0389,3.3929,63.2593,230.4447,0.2745,0.0544,81.7374,103.6313,232.1464,0.4468,0.7896
2015-02-13T01:34:59.806Z,3.3416,71.1617,232.4966,0.3059,0.0484,3.0987,64.3739,229.5872,0.2802,0.0482,81.6759,103.2563,231.5953,0.4457,0.7922
2015-02-13T01:35:59.229Z,3.1072,71.991,232.3254,0.3098,0.0428,3.4329,65.0937,229.9587,0.2831,0.0521,81.6477,102.6522,231.6738,0.4431,0.7964
2015-02-13T01:36:59.639Z,4.3097,71.8321,232.5926,0.3086,0.0614,3.2859,64.0736,231.776,0.2766,0.0525,83.0419,104.2204,233.0984,0.4471,0.7979
2015-02-13T01:37:59.942Z,3.3685,70.8311,232.6588,0.3046,0.0496,3.5917,63.6816,231.6785,0.275,0.0561,99.7177,121.458,232.7801,0.5218,0.8101
2015-02-13T01:38:59.189Z,665.5758,1001.6386,231.4857,4.3358,0.4877,684.8056,1016.3788,230.5292,4.4193,0.481,1183.1084,1611.0128,230.4226,7.0075,0.7778
2015-02-13T01:39:59.593Z,1010.0548,1469.6904,231.4811,6.3486,0.6879,1049.5499,1504.8688,230.7893,6.5202,0.6973,1566.4911,2125.4545,230.2787,9.2293,0.7381
2015-02-13T01:40:59.959Z,1090.0519,1542.694,231.949,6.651,0.7069,1138.6289,1588.9228,231.2747,6.8702,0.7168,1645.8697,2204.7876,231.1301,9.5388,0.7466
2015-02-13T01:41:59.325Z,1120.0942,1559.4959,231.243,6.7443,0.7189,1175.6158,1610.1825,230.4784,6.986,0.7299,1680.1139,2226.2407,230.493,9.6584,0.7541
2015-02-13T01:42:59.606Z,1106.9819,1548.9459,231.0848,6.7024,0.7142,1163.6943,1596.5672,230.1003,6.9378,0.7287,1668.2118,2209.4202,229.9734,9.6072,0.7554
2015-02-13T01:43:59.949Z,1118.6602,1558.6719,230.6676,6.7574,0.7178,1157.9804,1581.8061,229.1312,6.9036,0.7326,1681.8397,2202.1504,229.6151,9.5908,0.7647
2015-02-13T01:44:59.258Z,1123.9654,1560.5974,229.448,6.8016,0.7203,1176.1835,1573.9161,228.0209,6.9027,0.7472,1712.3525,2222.7927,229.6563,9.6783,0.77
2015-02-13T01:45:59.533Z,1138.5904,1571.5631,229.9442,6.8344,0.7244,1189.1282,1595.4589,228.342,6.9868,0.7451,1709.62,2223.9634,229.7353,9.6801,0.768
2015-02-13T01:46:59.745Z,1146.8697,1571.8572,230.9398,6.8064,0.7294,1210.1882,1640.6277,229.975,7.1339,0.7376,1687.0936,2217.1393,229.7228,9.6512,0.7603
2015-02-13T01:47:59.972Z,1156.229,1584.5546,231.4198,6.8472,0.7297,1218.535,1650.2774,230.2861,7.1657,0.7386,1698.2987,2230.2568,230.1239,9.6912,0.7609
2015-02-13T01:48:59.356Z,1171.7417,1602.4055,231.411,6.9241,0.7314,1225.9942,1654.4882,230.1268,7.1892,0.7409,1718.1728,2243.2105,230.1456,9.7473,0.7665
2015-02-13T01:49:59.621Z,186.9416,315.898,232.3485,1.3619,0.1703,190.6166,308.3673,231.9249,1.3386,0.1557,369.3698,474.5036,232.7442,2.0537,0.8093
2015-02-13T01:50:59.106Z,399.8449,721.4845,231.9438,3.119,0.3421,443.9089,757.4113,230.8724,3.2909,0.3543,554.0649,935.0211,231.9573,4.0421,0.683
2015-02-13T01:51:59.634Z,4.4332,72.3539,233.1408,0.3104,0.0611,2.833,64.4991,231.9551,0.278,0.0443,239.6836,281.8535,232.8768,1.2129,0.8279
2015-02-13T01:52:59.976Z,840.4087,1177.2231,231.3179,5.099,0.5543,882.1856,1213.6219,230.2122,5.2825,0.5546,1403.3229,1837.0882,230.4242,7.9845,0.7922
2015-02-13T01:53:59.247Z,1117.2705,1548.8072,230.5807,6.7161,0.7216,1184.8055,1611.9376,229.8109,7.0138,0.7355,1667.2865,2199.4689,230.0575,9.5601,0.7583
2015-02-13T01:54:59.556Z,1056.0568,1495.6106,229.1702,6.5264,0.7061,1160.1539,1567.6212,229.4192,6.8324,0.7402,1647.3338,2192.8851,230.8423,9.4993,0.7507
2015-02-13T01:55:59.880Z,1033.0954,1478.2447,229.4459,6.4428,0.6989,1135.8594,1548.4381,229.6104,6.7439,0.7334,1623.2644,2172.9052,231.0318,9.4052,0.7468
2015-02-13T01:56:59.424Z,1007.5039,1463.3679,231.2798,6.3271,0.6893,1086.6015,1535.2434,230.5528,6.6589,0.7076,1562.3133,2119.528,231.1937,9.1674,0.7367
2015-02-13T01:57:59.714Z,1022.214,1488.5698,232.1091,6.4136,0.687,1067.9337,1521.2277,230.0091,6.6131,0.7022,1572.9356,2111.0132,230.9107,9.1417,0.7452
2015-02-13T01:58:59.027Z,1065.4031,1517.5688,231.7322,6.5489,0.7021,1111.4861,1555.338,230.0382,6.7611,0.7143,1609.9997,2137.1217,230.1918,9.2838,0.7527
2015-02-13T01:59:59.383Z,1065.9474,1514.6877,231.7257,6.5364,0.7036,1117.6672,1565.5678,230.3577,6.7962,0.7134,1603.9794,2135.6726,230.3409,9.2713,0.7506
2015-02-13T02:00:59.915Z,1064.9179,1513.0199,231.8774,6.525,0.7038,1121.0824,1571.6821,230.4929,6.8187,0.7128,1599.1291,2136.4401,230.647,9.2627,0.749
2015-02-13T02:01:59.189Z,1076.0789,1521.9189,231.8656,6.5635,0.7073,1130.0725,1581.2747,230.3473,6.8643,0.7147,1607.4806,2142.8794,230.8682,9.2815,0.75
2015-02-13T02:02:59.617Z,1068.1607,1507.6562,231.5451,6.5107,0.7086,1124.406,1571.4962,230.0138,6.8321,0.7153,1596.389,2126.0393,230.2208,9.2346,0.7498
2015-02-13T02:03:59.847Z,1093.5994,1521.1314,231.3409,6.5751,0.7186,1156.7517,1597.8683,229.9742,6.9477,0.7238,1615.5704,2140.158,229.7694,9.3141,0.7549
2015-02-13T02:04:59.054Z,1107.2261,1512.1555,230.9443,6.5475,0.7326,1153.719,1597.8516,229.6689,6.9574,0.722,1591.7365,2096.6352,227.973,9.1964,0.7595
2015-02-13T02:05:59.348Z,1117.8409,1528.9149,230.5286,6.6318,0.7307,1173.0358,1602.1123,229.6544,6.9762,0.7319,1628.8867,2133.7941,228.284,9.3469,0.7628
2015-02-13T02:06:59.649Z,1108.6311,1543.869,231.7259,6.6624,0.7182,1159.6324,1598.1406,230.2267,6.9419,0.7257,1634.907,2153.8286,229.9754,9.365,0.7597
2015-02-13T02:07:59.934Z,1130.4509,1563.5124,231.5562,6.7523,0.7234,1180.0117,1609.9703,229.9026,7.0028,0.733,1662.7237,2174.6816,230.1719,9.4478,0.7638
2015-02-13T02:08:59.178Z,1119.6534,1555.3342,231.275,6.7245,0.7193,1179.2578,1605.6791,230.2083,6.9748,0.7344,1665.4473,2182.3425,230.2181,9.4793,0.7622
2015-02-13T02:09:59.390Z,1144.1159,1575.3186,231.3717,6.8086,0.7268,1201.9178,1625.3767,230.0976,7.064,0.7394,1688.3686,2201.072,230.515,9.548,0.7687
2015-02-13T02:10:59.580Z,894.6219,1245.927,231.4271,5.3916,0.5856,937.5897,1279.0082,230.4071,5.5601,0.5873,1388.4488,1800.9596,230.986,7.8122,0.7873
2015-02-13T02:11:59.937Z,3.8502,70.9937,232.6863,0.3049,0.0553,2.8771,64.334,231.6185,0.2774,0.0462,39.0677,90.4017,233.8932,0.3868,0.2759
2015-02-13T02:12:59.250Z,3.1411,72.0126,233.2087,0.3088,0.0439,2.9558,64.2782,231.0561,0.2779,0.0466,3.2318,63.2099,232.7587,0.271,0.0518
2015-02-13T02:13:59.669Z,2.4644,71.3176,232.668,0.3066,0.0348,2.983,63.8956,230.6776,0.2768,0.047,3.2925,64.9616,232.4478,0.2798,0.0527
2015-02-13T02:14:59.919Z,2.7305,70.8872,232.2724,0.3049,0.0383,3.3066,63.6504,229.1365,0.2779,0.0518,2.7573,63.0992,231.806,0.272,0.0435
2015-02-13T02:15:59.177Z,3.4603,71.0884,232.4494,0.3062,0.0508,3.1376,63.2872,229.054,0.2758,0.0503,3.0804,64.7915,232.1264,0.2789,0.047
2015-02-13T02:16:59.636Z,3.7412,72.1628,232.6035,0.3102,0.052,3.0867,64.5334,230.763,0.2798,0.0482,3.0016,65.4503,232.7061,0.2812,0.0465
2015-02-13T02:17:59.202Z,3.1163,69.8221,232.3436,0.3007,0.0463,2.9871,63.3773,230.8828,0.2743,0.0478,2.8724,64.1673,233.4616,0.2751,0.0457
2015-02-13T02:18:59.479Z,2.4732,71.5683,232.5612,0.3075,0.0351,3.2552,63.955,231.2696,0.277,0.0508,3.4929,65.7765,233.8823,0.2815,0.0525
2015-02-13T02:19:59.777Z,3.1869,72.0254,232.6926,0.3093,0.0442,3.2236,64.3498,231.6078,0.2781,0.0502,2.9816,65.0159,233.7965,0.278,0.0473
2015-02-13T02:20:59.999Z,3.2327,70.9496,233.0934,0.3043,0.0464,3.2035,63.6805,231.7449,0.2753,0.051,3.3681,65.1685,234.0633,0.2782,0.0519
2015-02-13T02:21:59.384Z,3.7323,69.6396,233.2703,0.2987,0.0551,3.0969,64.7182,231.7399,0.279,0.0479,3.0349,64.0498,234.2456,0.2731,0.0468
2015-02-13T02:22:59.689Z,2.7205,71.1587,233.4713,0.305,0.0387,2.9646,62.8047,231.5907,0.2714,0.0485,2.8116,64.8968,234.279,0.277,0.0447
2015-02-13T02:23:59.937Z,2.3766,70.9858,233.3434,0.3037,0.0327,3.4304,64.3793,231.5426,0.2777,0.0526,2.9988,64.1,234.0491,0.2736,0.0444
2015-02-13T02:24:59.194Z,2.9146,72.8799,233.6628,0.3117,0.0411,3.115,63.8463,230.5481,0.2769,0.0501,2.6257,64.3613,233.528,0.2758,0.0411
2015-02-13T02:25:59.460Z,3.6679,72.0513,233.6764,0.3082,0.0511,2.6899,63.6156,230.4889,0.2762,0.0411,3.1603,66.2048,233.4309,0.2835,0.048
2015-02-13T02:26:59.758Z,3.9818,71.6822,233.7745,0.3064,0.0563,3.2471,64.957,232.3561,0.2797,0.0517,3.0166,65.7058,234.758,0.2795,0.0459
2015-02-13T02:27:59.110Z,2.5922,72.3664,233.6239,0.3093,0.0367,3.0179,63.2448,232.5657,0.2715,0.0485,3.0229,64.3922,234.8629,0.2737,0.0466
2015-02-13T02:28:59.406Z,3.0872,71.7555,233.3487,0.3073,0.0445,2.8077,63.811,232.2487,0.2743,0.0434,3.2514,63.8201,234.6637,0.2721,0.0513
2015-02-13T02:29:59.691Z,2.5682,70.7327,232.8408,0.3035,0.038,3.2573,64.7616,231.9421,0.2791,0.0499,2.2835,63.969,233.9002,0.2738,0.0367
2015-02-13T02:30:59.993Z,3.4458,72.2225,232.4525,0.3112,0.0482,3.6047,64.7615,231.636,0.2795,0.0554,3.5963,65.6597,233.7985,0.2804,0.0542
2015-02-13T02:31:59.436Z,3.0498,69.757,232.3786,0.3,0.0447,3.287,65.0274,231.603,0.2807,0.0512,3.2356,64.1544,233.5364,0.2747,0.0513
2015-02-13T02:32:59.771Z,2.8226,69.9836,232.1807,0.3007,0.0396,3.5268,63.0498,231.3888,0.2727,0.0552,2.6524,63.7518,232.6573,0.2738,0.0412
2015-02-13T02:33:59.969Z,2.298,72.1004,232.3441,0.3098,0.0319,3.4678,63.1784,231.1255,0.2732,0.0552,2.681,64.8753,233.163,0.2784,0.0405
2015-02-13T02:34:59.261Z,2.5863,71.6269,232.7473,0.3073,0.0359,3.0488,64.9792,230.2157,0.282,0.0482,3.1332,64.4357,232.6286,0.2764,0.049
2015-02-13T02:35:59.584Z,3.8366,71.1609,233.0308,0.3053,0.0546,3.2429,64.71,231.041,0.2803,0.0496,2.8095,64.4949,233.3859,0.276,0.0419
2015-02-13T02:36:59.924Z,3.1443,71.8266,233.1853,0.3079,0.0424,2.4701,63.4539,231.8149,0.2736,0.0411,3.3178,65.352,234.0536,0.2795,0.0509
2015-02-13T02:37:59.223Z,2.5917,72.2014,233.2838,0.3098,0.036,2.9394,65.8371,232.429,0.2831,0.0447,2.5009,64.6632,234.2619,0.2757,0.0401
2015-02-13T02:38:59.483Z,2.7859,71.7284,232.7186,0.3084,0.0389,3.4499,65.6541,232.9185,0.2819,0.0532,3.1564,64.4342,233.4516,0.2763,0.0481
2015-02-13T02:39:59.825Z,2.333,71.3511,232.7008,0.3065,0.0338,3.1199,65.1449,232.6511,0.2804,0.0475,2.4826,63.1761,233.093,0.2704,0.0382
2015-02-13T02:40:59.167Z,3.3521,70.6366,231.454,0.3051,0.0471,3.2381,65.8249,232.6208,0.2832,0.0503,2.7823,63.6271,233.2781,0.2731,0.044
2015-02-13T02:41:59.418Z,2.6956,68.7269,231.0048,0.2977,0.04,3.0129,62.8609,232.9457,0.2699,0.0499,3.0755,63.3534,233.9242,0.2707,0.0503
2015-02-13T02:42:59.682Z,2.6022,71.2098,231.4526,0.3076,0.0359,3.2133,63.3859,232.9914,0.2716,0.051,3.3945,64.6878,233.6437,0.2766,0.0525
2015-02-13T02:43:59.990Z,2.9978,71.4673,231.4832,0.3085,0.0411,3.2836,64.7358,232.8062,0.2782,0.0499,2.6995,63.4812,233.3713,0.2716,0.0425
2015-02-13T02:44:59.268Z,4.0703,71.0846,231.704,0.3062,0.0573,2.8924,64.7078,231.613,0.2793,0.0476,3.2117,65.1369,233.6763,0.2785,0.0494
2015-02-13T02:45:59.490Z,3.4088,70.5112,232.3395,0.3037,0.048,3.2996,63.2999,232.1179,0.2729,0.054,2.7885,63.5292,233.7274,0.2717,0.0441
2015-02-13T02:46:59.812Z,2.8967,71.3962,232.8925,0.3063,0.0388,3.1077,64.8903,232.8025,0.2791,0.0514,2.3908,64.7033,233.3171,0.2775,0.0381
2015-02-13T02:47:59.042Z,2.5793,71.34,233.1462,0.3057,0.0358,3.2032,63.616,232.7008,0.273,0.0501,3.1447,66.0723,233.5382,0.2828,0.046
2015-02-13T02:48:59.323Z,3.1605,69.4341,232.9925,0.2984,0.0441,3.4548,61.5426,232.496,0.2645,0.0571,2.8949,61.7878,233.8264,0.2642,0.0462
2015-02-13T02:49:59.640Z,3.1037,70.6064,233.3126,0.3025,0.0439,3.3657,61.5976,232.4947,0.2647,0.0548,3.2445,61.7055,233.9534,0.2634,0.0522
2015-02-13T02:50:59.026Z,2.3888,69.4247,233.1381,0.2979,0.0346,3.1874,62.7012,232.8031,0.2694,0.0502,2.7308,63.394,233.7821,0.2713,0.0418
2015-02-13T02:51:59.353Z,3.0869,70.2873,233.3521,0.3013,0.0444,2.8931,61.4502,233.2049,0.2637,0.0477,2.9191,62.0235,233.6971,0.2655,0.0463
2015-02-13T02:52:59.658Z,2.6266,70.1822,233.4274,0.3008,0.0385,2.8305,62.9949,232.5527,0.2707,0.0451,2.4415,62.2989,233.8238,0.2662,0.04
2015-02-13T02:53:59.085Z,3.8584,67.713,232.6439,0.2916,0.0586,3.1752,61.8188,231.0052,0.2677,0.0534,2.9574,63.7589,233.1924,0.273,0.0447
2015-02-13T02:54:59.292Z,2.4347,68.7981,231.7402,0.2964,0.0351,3.4489,61.9146,230.8099,0.2686,0.0564,2.6668,62.3601,233.4693,0.2664,0.0423
2015-02-13T02:55:59.522Z,2.231,68.4991,232.1219,0.2954,0.0349,2.7288,63.7351,230.6807,0.2763,0.0434,3.0396,63.2335,233.7435,0.2709,0.0479
2015-02-13T02:56:59.729Z,2.9169,69.8191,233.4558,0.2981,0.0416,3.2097,59.4167,232.1804,0.2555,0.0586,2.6055,62.4971,234.1133,0.267,0.0438
2015-02-13T02:57:59.233Z,2.9234,70.5714,234.2541,0.3015,0.0412,3.1935,62.7168,232.9381,0.2687,0.0512,2.8377,62.5319,234.6507,0.2663,0.0465
2015-02-13T02:58:59.479Z,2.7495,70.3811,234.0757,0.3012,0.0386,3.3848,62.7969,231.1729,0.2719,0.0522,2.7502,63.6288,235.1214,0.2711,0.0433
2015-02-13T02:59:59.658Z,133.5188,277.9843,233.3702,1.194,0.1455,156.4466,312.0254,231.541,1.3449,0.1377,331.9997,480.0934,234.1411,2.0675,0.4974
