2015-05-08T00:00:59.880Z,4.7726,67.3118,231.0605,0.2911,0.0709,-7.2749,63.1528,232.0996,0.2721,-0.1196,11.3233,64.0177,232.8176,0.275,0.1813
2015-05-08T00:01:59.133Z,5.1376,70.1864,230.9811,0.3036,0.0733,-6.8667,63.0542,231.961,0.2721,-0.1101,10.7401,64.1183,232.3761,0.2763,0.1689
2015-05-08T00:02:59.605Z,5.3824,70.685,231.6305,0.3051,0.0762,-7.4373,64.0363,232.0363,0.2761,-0.118,11.3886,63.913,232.5723,0.2746,0.1813
2015-05-08T00:03:59.927Z,4.9556,70.2631,231.8025,0.3027,0.0725,-7.1121,62.8613,232.2038,0.2705,-0.1146,11.1442,63.7704,232.1546,0.2753,0.1763
2015-05-08T00:04:59.264Z,4.9199,70.3749,231.8487,0.3033,0.0712,-7.1094,62.4268,231.9972,0.2689,-0.116,11.2581,64.5387,232.2721,0.278,0.1757
2015-05-08T00:05:59.472Z,4.8777,70.1696,232.2861,0.3017,0.0707,-6.9242,61.7862,232.6929,0.2658,-0.1123,11.3921,64.3642,233.4045,0.2762,0.1778
2015-05-08T00:06:59.685Z,5.1227,69.2705,232.7299,0.2975,0.0741,-7.2034,61.8226,232.9716,0.2655,-0.1186,11.6018,65.4758,233.8079,0.2807,0.1802
2015-05-08T00:07:59.890Z,5.4177,70.4801,232.5071,0.3029,0.0782,-7.3344,63.9662,233.1489,0.2743,-0.1154,11.7808,64.3291,233.8466,0.2752,0.1836
2015-05-08T00:08:59.081Z,4.3259,70.2237,232.5139,0.3021,0.0613,-6.6429,62.8608,233.3216,0.2689,-0.1048,11.5097,64.6772,233.7393,0.2762,0.1794
2015-05-08T00:09:59.363Z,4.907,69.4438,232.7198,0.2985,0.0723,-6.5878,62.9836,233.5518,0.2697,-0.1081,11.501,63.6145,233.632,0.2725,0.1834
2015-05-08T00:10:59.874Z,5.1166,71.5222,233.1393,0.3066,0.0728,-7.5311,63.6146,233.6915,0.2721,-0.1208,11.6477,64.8321,234.0586,0.2772,0.1852
2015-05-08T00:11:59.181Z,4.9608,70.5262,232.6883,0.3033,0.0703,-7.0484,63.2379,233.4185,0.2711,-0.1119,11.5973,64.3346,233.6815,0.2757,0.183
2015-05-08T00:12:59.377Z,5.0951,70.7958,232.8309,0.3043,0.0721,-7.2478,61.5575,230.6934,0.2671,-0.1175,11.5516,64.2511,234.1833,0.2742,0.1804
2015-05-08T00:13:59.669Z,5.4419,70.7767,232.6933,0.3041,0.076,-7.1426,63.7687,230.1858,0.2774,-0.1116,11.3707,64.8756,234.4316,0.2773,0.1775
2015-05-08T00:14:59.883Z,6.3205,68.5567,231.9686,0.2957,0.0935,-7.0036,63.2077,232.656,0.2715,-0.1157,12.0268,64.341,234.0419,0.2755,0.1891
2015-05-08T00:15:59.265Z,6.4554,69.8157,231.4298,0.3019,0.0933,-7.6164,62.4774,232.9687,0.2676,-0.1239,11.3724,65.2681,234.0803,0.279,0.1764
2015-05-08T00:16:59.444Z,6.6392,70.2565,232.4624,0.3021,0.0946,-7.1429,63.1333,233.322,0.2705,-0.1146,11.5511,65.6414,234.694,0.2795,0.1759
2015-05-08T00:17:59.690Z,6.4243,70.3199,232.2004,0.3026,0.0922,-7.589,62.8241,232.8453,0.2697,-0.1201,11.3641,65.1259,233.95,0.2779,0.1753
2015-05-08T00:18:59.865Z,6.5984,69.566,231.7144,0.3002,0.0951,-7.4542,64.0814,232.0305,0.2759,-0.1171,11.2982,64.1529,233.534,0.2741,0.1768
2015-05-08T00:19:59.092Z,5.8396,69.8196,231.7771,0.3011,0.0843,-7.1277,61.6604,232.2132,0.2652,-0.1144,11.6976,64.2394,233.5286,0.2751,0.1832
2015-05-08T00:20:59.387Z,5.5049,69.7096,231.9375,0.3004,0.081,-6.8457,62.5738,232.526,0.2693,-0.112,11.8116,64.8314,233.4292,0.2774,0.1838
2015-05-08T00:21:59.677Z,6.197,70.223,232.6945,0.3021,0.0897,-7.8918,63.3346,232.6727,0.2719,-0.1255,11.4619,64.4781,233.9433,0.2759,0.1801
2015-05-08T00:22:59.924Z,6.7003,70.2768,232.4366,0.3023,0.0967,-7.8936,62.7728,232.3854,0.2705,-0.1278,11.8392,64.6865,233.7739,0.2774,0.1823
2015-05-08T00:23:59.155Z,6.6835,68.8101,232.0552,0.2963,0.0983,-7.211,62.3228,231.7557,0.2688,-0.1222,11.9238,64.2154,233.3262,0.2758,0.1883
2015-05-08T00:24:59.471Z,5.9667,70.5657,232.7342,0.303,0.0857,-7.6957,64.3357,232.4466,0.2765,-0.1212,11.8154,64.3815,233.6534,0.2752,0.1847
2015-05-08T00:25:59.810Z,6.6251,70.379,232.387,0.3022,0.0944,-7.6547,62.8982,233.2637,0.2696,-0.1227,11.3069,64.2799,233.6393,0.2747,0.1756
2015-05-08T00:26:59.014Z,6.6632,69.5188,231.6047,0.3002,0.096,-7.7277,63.9339,233.7212,0.2736,-0.1223,11.5547,63.7497,234.1348,0.2727,0.1829
2015-05-08T00:27:59.478Z,6.4697,70.5877,232.3824,0.3032,0.0926,-7.7917,63.3442,233.8655,0.2711,-0.1242,11.6965,64.8589,233.6887,0.2776,0.1799
2015-05-08T00:28:59.971Z,6.5081,70.4087,232.8101,0.3019,0.094,-7.257,62.7565,234.038,0.2681,-0.1195,11.5288,63.8045,233.6487,0.2733,0.183
2015-05-08T00:29:59.285Z,6.216,70.0162,232.2111,0.302,0.0896,-7.8469,62.6612,234.304,0.2673,-0.1268,11.4699,64.6687,234.5836,0.2759,0.181
2015-05-08T00:30:59.540Z,6.6597,70.1126,232.2893,0.3021,0.0955,-7.7353,62.7162,233.7163,0.2687,-0.124,11.4197,64.6398,234.0926,0.2759,0.177
2015-05-08T00:31:59.695Z,6.4182,72.0062,232.6336,0.3095,0.0899,-7.5585,63.1686,232.9499,0.2712,-0.1223,11.6859,63.8478,233.5216,0.2735,0.1827
2015-05-08T00:32:59.834Z,6.6737,70.4366,232.8502,0.3027,0.0963,-7.8977,62.3107,233.3613,0.2673,-0.1281,11.9259,63.6776,233.8677,0.2723,0.1888
2015-05-08T00:33:59.025Z,6.4376,70.3367,232.7833,0.3019,0.0922,-7.3828,62.1493,233.4133,0.2668,-0.1186,11.1629,64.7808,233.6557,0.277,0.1731
2015-05-08T00:34:59.224Z,6.1179,70.3,234.1071,0.3002,0.089,-7.8466,62.5499,234.6335,0.2667,-0.1282,11.7376,64.6523,234.7091,0.2754,0.1836
2015-05-08T00:35:59.501Z,6.4856,70.4574,234.0664,0.3009,0.0925,-7.9521,63.8115,234.4536,0.2724,-0.1241,11.373,64.64,234.6635,0.2754,0.1767
2015-05-08T00:36:59.712Z,6.1841,69.1353,232.485,0.298,0.0905,-7.4851,63.064,232.8307,0.2712,-0.121,11.2367,64.9292,232.9828,0.2786,0.175
2015-05-08T00:37:59.987Z,6.8146,70.244,232.5386,0.3015,0.0979,-7.5148,63.7029,232.8358,0.2736,-0.1204,11.7313,64.3454,232.863,0.2768,0.1816
2015-05-08T00:38:59.244Z,6.3576,69.6751,233.056,0.2986,0.0924,-7.5099,62.2979,233.346,0.2667,-0.1252,11.4651,64.5939,233.5064,0.2768,0.1779
2015-05-08T00:39:59.514Z,6.6873,70.0673,232.8611,0.3012,0.0957,-7.6667,63.8799,232.9463,0.2741,-0.1214,11.5571,64.6085,233.4447,0.2765,0.1796
2015-05-08T00:40:59.730Z,6.4281,69.9198,233.1044,0.2999,0.0931,-7.7055,62.2936,232.9701,0.2677,-0.1253,11.6066,65.451,233.5065,0.2803,0.1791
2015-05-08T00:41:59.129Z,6.7762,71.0091,232.9362,0.3052,0.0957,-7.5544,63.7978,232.9532,0.2737,-0.1196,11.7324,64.4628,233.3213,0.2766,0.1834
2015-05-08T00:42:59.435Z,6.213,69.0789,232.9562,0.2965,0.0908,-7.9296,63.3685,232.989,0.2716,-0.1274,11.5836,63.9071,233.6459,0.2734,0.181
2015-05-08T00:43:59.702Z,6.0858,70.2057,232.9756,0.3015,0.0867,-7.5075,62.7313,232.6193,0.2697,-0.1202,11.1914,64.372,233.9714,0.2751,0.1754
2015-05-08T00:44:59.029Z,6.5726,70.3848,232.7803,0.3023,0.0943,-7.8877,64.2068,232.6379,0.276,-0.125,11.604,65.1806,234.0438,0.2783,0.1784
2015-05-08T00:45:59.251Z,6.5945,70.501,233.2624,0.3022,0.0954,-7.622,62.9203,232.8922,0.2704,-0.1218,11.4103,65.2684,234.7049,0.278,0.1754
2015-05-08T00:46:59.562Z,6.7148,70.6971,233.6718,0.3026,0.0962,-7.6505,63.9821,233.4386,0.2741,-0.1202,11.6321,65.4059,235.106,0.2783,0.1789
2015-05-08T00:47:59.740Z,6.7645,70.2954,233.6332,0.3005,0.0981,-7.4291,62.5129,233.3511,0.2682,-0.1199,11.5435,65.6031,235.1144,0.2788,0.1762
2015-05-08T00:48:59.983Z,6.4002,69.0737,232.457,0.2974,0.0948,-7.7226,62.553,231.7223,0.2701,-0.1259,11.5023,63.7174,234.2016,0.2724,0.1837
2015-05-08T00:49:59.220Z,6.533,69.6369,231.2669,0.3008,0.0943,-7.0658,62.9639,230.6571,0.273,-0.1137,11.8257,64.0278,233.2642,0.2741,0.1858
2015-05-08T00:50:59.500Z,6.3127,70.1244,231.7877,0.3029,0.0919,-7.8691,62.1986,230.9543,0.2691,-0.1262,11.0322,64.691,233.7602,0.2766,0.1721
2015-05-08T00:51:59.973Z,6.0776,70.7193,232.9585,0.3036,0.0862,-7.4355,62.0682,231.9258,0.2672,-0.1227,11.184,66.1476,234.186,0.2824,0.1717
2015-05-08T00:52:59.445Z,6.5183,69.6332,232.7224,0.2992,0.0943,-7.5329,63.2901,231.8472,0.2734,-0.1209,11.3483,65.0539,233.9136,0.2784,0.1757
2015-05-08T00:53:59.694Z,6.1547,69.6526,232.7165,0.2991,0.0891,-7.7215,62.4665,229.5232,0.2726,-0.1247,11.3578,64.2971,233.752,0.2758,0.1785
2015-05-08T00:54:59.873Z,6.5475,69.8078,232.6107,0.3004,0.0952,-7.5199,61.3826,228.4326,0.269,-0.1235,11.5934,64.4302,233.7855,0.2754,0.1809
2015-05-08T00:55:59.941Z,6.3819,70.0329,231.8395,0.302,0.0907,-7.823,60.3412,231.5258,0.2605,-0.1302,11.3525,62.7663,232.3407,0.2702,0.1813
2015-05-08T00:56:59.056Z,6.118,70.2253,231.6822,0.3032,0.0877,-7.5542,60.2231,231.3797,0.2601,-0.1261,11.4734,63.5201,232.1543,0.2736,0.1802
2015-05-08T00:57:59.408Z,6.6882,68.7093,231.5452,0.2965,0.0986,-7.3662,62.2573,231.1512,0.2693,-0.1204,11.0875,62.8503,231.9451,0.2705,0.1798
2015-05-08T00:58:59.706Z,6.2035,71.4515,232.44,0.3076,0.0876,-7.449,63.3879,232.508,0.2729,-0.1202,11.5998,64.612,233.3064,0.2773,0.1797
2015-05-08T00:59:59.018Z,5.9471,69.2389,232.5776,0.2979,0.0867,-7.5639,62.7342,233.3342,0.2679,-0.1218,11.329,64.8007,233.8679,0.2766,0.176
