2015-02-06T00:00:59.991Z,3.8846,71.6132,233.5291,0.3067,0.0542,2.9697,67.4736,232.1496,0.2902,0.0457,2.7391,65.0569,231.4665,0.2805,0.0413
2015-02-06T00:01:59.586Z,2.8627,73.7987,232.8227,0.3168,0.0402,3.7842,66.2585,232.554,0.2852,0.0596,3.033,66.0818,232.8401,0.2842,0.0453
2015-02-06T00:02:59.892Z,2.8938,73.8175,232.9586,0.317,0.0388,3.5886,66.8652,232.4711,0.2876,0.0563,3.6115,68.2315,232.8352,0.2929,0.0537
2015-02-06T00:03:59.187Z,2.8814,73.3699,232.6457,0.3151,0.0392,3.7842,66.1724,231.9009,0.2858,0.0563,3.2732,66.5241,232.3568,0.2862,0.0492
2015-02-06T00:04:59.581Z,2.7898,72.7992,231.2596,0.3146,0.0402,3.0101,66.7679,230.7959,0.2897,0.0455,2.498,66.469,231.33,0.2871,0.038
2015-02-06T00:05:59.932Z,2.5358,73.1167,230.1998,0.3173,0.0337,3.1444,67.6811,230.5275,0.2934,0.0479,3.5625,65.769,231.3803,0.2841,0.0532
2015-02-06T00:06:59.150Z,2.4558,71.9294,229.351,0.3138,0.0338,3.2614,66.078,230.2756,0.2868,0.0483,2.7848,65.1592,231.8867,0.2814,0.0448
2015-02-06T00:07:59.295Z,2.7603,73.4378,228.8145,0.3204,0.0379,3.0497,66.09,230.4866,0.2874,0.0473,2.9009,66.2642,231.4766,0.286,0.0431
2015-02-06T00:08:59.642Z,2.6891,73.6086,229.4297,0.3208,0.0374,3.1636,66.0804,230.9074,0.2862,0.0483,3.1829,67.1911,231.4486,0.2908,0.0474
2015-02-06T00:09:59.030Z,4.1829,73.8627,230.1174,0.3208,0.0552,2.8789,66.4254,230.556,0.2873,0.0451,64.3175,110.633,232.2583,0.476,0.4273
2015-02-06T00:10:59.257Z,2.8502,73.4327,231.7312,0.3168,0.04,2.7646,66.2385,229.1241,0.2892,0.0426,5.5255,69.8575,232.355,0.3008,0.0605
2015-02-06T00:11:59.513Z,2.8436,73.1801,231.6033,0.3156,0.0399,2.781,67.4442,231.7319,0.2903,0.0409,3.0337,67.4036,231.7749,0.2903,0.0456
2015-02-06T00:12:59.782Z,2.3471,73.9462,232.2847,0.3178,0.0316,3.0552,66.9591,231.9062,0.2887,0.0467,3.1466,66.2496,232.3392,0.2854,0.0474
2015-02-06T00:13:59.032Z,2.93,73.8987,232.2656,0.3183,0.0398,3.244,67.3569,231.5824,0.2904,0.0481,2.9494,65.6609,232.4589,0.2826,0.0457
2015-02-06T00:14:59.210Z,2.4347,73.6868,231.9335,0.318,0.032,2.5836,67.6866,231.2384,0.2924,0.0373,2.9289,67.6549,232.3208,0.2915,0.0429
2015-02-06T00:15:59.659Z,2.5449,74.738,231.5518,0.3227,0.0323,3.2423,65.5264,230.1439,0.2851,0.0492,3.216,66.952,232.4704,0.2877,0.047
2015-02-06T00:16:59.946Z,3.2511,72.54,231.0052,0.3135,0.0442,2.9526,64.5799,230.0487,0.2805,0.0471,3.157,66.9943,233.2101,0.2873,0.0476
2015-02-06T00:17:59.101Z,2.5602,73.0976,231.2003,0.3159,0.0356,2.893,65.4763,230.092,0.2843,0.0443,3.1676,68.0471,233.4916,0.2908,0.0472
2015-02-06T00:18:59.338Z,2.8351,73.6679,231.0781,0.3186,0.0377,3.3138,65.5473,229.9711,0.2854,0.0498,2.6577,66.3479,233.5752,0.2843,0.0399
2015-02-06T00:19:59.733Z,3.0733,73.1592,231.6007,0.3154,0.0415,3.6391,66.9033,230.9872,0.2899,0.0539,31.3378,88.4864,233.7167,0.3784,0.2114
2015-02-06T00:20:59.016Z,4.9729,72.5281,232.7854,0.3116,0.0703,2.583,65.0676,231.4808,0.2812,0.042,38.6101,91.4517,234.2753,0.3901,0.2746
2015-02-06T00:21:59.238Z,5.621,73.8482,232.3303,0.3176,0.0768,2.9241,66.7013,231.1853,0.288,0.0434,2.8687,67.2818,233.8442,0.2874,0.0434
2015-02-06T00:22:59.548Z,5.7554,73.9764,233.0003,0.317,0.0796,2.7876,68.6708,231.5752,0.2966,0.0415,2.6147,66.424,234.3626,0.2831,0.0405
2015-02-06T00:23:59.794Z,5.8851,74.1524,233.3349,0.3177,0.0804,2.0568,67.7264,231.6112,0.2924,0.0318,3.2907,67.3348,234.6149,0.2871,0.0502
2015-02-06T00:24:59.097Z,5.4242,73.2248,232.7183,0.3147,0.074,2.4088,66.41,231.0179,0.2873,0.0351,3.2702,67.773,233.5247,0.2897,0.0477
2015-02-06T00:25:59.418Z,5.6886,73.8635,232.9632,0.3171,0.0782,2.6428,66.9485,231.5546,0.289,0.0396,2.4695,66.909,232.7521,0.2878,0.037
2015-02-06T00:26:59.669Z,5.8466,74.4369,231.8263,0.3214,0.081,2.7137,68.2677,232.8178,0.2933,0.039,2.5424,66.9213,231.1705,0.2893,0.039
2015-02-06T00:27:59.960Z,5.4336,74.6075,230.6105,0.3233,0.0751,2.6893,66.5585,232.9781,0.2854,0.0391,2.7164,65.7855,230.6797,0.2858,0.0415
2015-02-06T00:28:59.306Z,4.4157,73.1274,230.143,0.3172,0.0609,2.3393,67.7846,233.0423,0.2908,0.0353,3.1332,66.6461,230.6142,0.2888,0.0484
2015-02-06T00:29:59.652Z,4.8717,73.8451,231.3751,0.3186,0.0663,2.7934,67.3882,232.6893,0.2892,0.0411,3.0686,66.9332,232.0682,0.288,0.0455
2015-02-06T00:30:59.864Z,3.7576,74.7689,232.1792,0.3219,0.0503,2.9085,67.5074,232.7162,0.2899,0.0433,65.1049,112.8685,232.5419,0.4851,0.4275
2015-02-06T00:31:59.079Z,2.5758,72.677,231.3776,0.314,0.0357,3.3961,66.2111,232.6517,0.2844,0.054,3.0022,66.4591,232.4404,0.2863,0.0461
2015-02-06T00:32:59.421Z,2.728,73.9767,231.9114,0.3195,0.0349,2.9837,66.9493,232.6429,0.2879,0.0448,2.9814,66.2532,232.3379,0.2853,0.0466
2015-02-06T00:33:59.541Z,1.9815,73.7769,232.0057,0.3179,0.0277,3.1731,65.2767,232.6855,0.2804,0.0479,3.0382,65.0552,232.5504,0.2796,0.0466
2015-02-06T00:34:59.688Z,2.1168,73.7002,231.7478,0.3178,0.0289,2.4884,67.4395,232.1114,0.2912,0.0369,3.5214,66.6579,232.3967,0.287,0.0523
2015-02-06T00:35:59.898Z,2.8179,72.0641,231.8035,0.3111,0.0393,2.9483,65.1429,231.3116,0.2817,0.0454,3.3196,64.3208,232.3182,0.2766,0.0558
2015-02-06T00:36:59.290Z,3.1103,72.7517,231.7008,0.3133,0.0428,3.195,65.4278,230.8171,0.2833,0.0507,3.2269,66.7726,232.0731,0.2879,0.0494
2015-02-06T00:37:59.593Z,3.6419,73.2167,232.0854,0.3148,0.0508,2.4498,66.0978,230.4198,0.2866,0.0378,2.8084,67.6611,232.0909,0.2919,0.0408
2015-02-06T00:38:59.851Z,2.6134,74.8078,232.1432,0.3228,0.0354,2.8453,66.9198,230.9391,0.2898,0.0424,3.0126,67.0817,232.3113,0.2887,0.0447
2015-02-06T00:39:59.056Z,2.953,72.9573,232.1094,0.3138,0.0408,2.9954,65.9656,231.5606,0.2843,0.0439,3.1696,68.451,233.3987,0.2934,0.0446
2015-02-06T00:40:59.298Z,3.6737,72.698,232.7237,0.3123,0.051,3.2196,64.9762,232.5025,0.2795,0.0518,64.4859,111.7573,233.698,0.4782,0.4252
2015-02-06T00:41:59.669Z,4.964,74.7374,233.298,0.3199,0.0663,2.6076,66.0203,232.4134,0.2846,0.0398,2.9911,67.5895,233.8516,0.2885,0.0431
2015-02-06T00:42:59.880Z,5.813,74.7174,233.7374,0.3195,0.0788,2.4179,68.1304,232.4722,0.2932,0.036,3.2374,66.7444,234.1482,0.2852,0.0484
2015-02-06T00:43:59.121Z,5.9997,74.4599,233.3103,0.319,0.0812,2.9167,67.1994,231.5273,0.2898,0.0439,2.8683,67.7366,233.1497,0.2908,0.0423
2015-02-06T00:44:59.553Z,5.5385,74.5928,232.537,0.3213,0.0754,2.9855,68.4989,231.1749,0.296,0.0442,3.4089,66.9754,232.5391,0.2878,0.049
2015-02-06T00:45:59.789Z,5.7559,74.8867,232.5163,0.3213,0.0781,2.9311,67.5531,231.1807,0.2926,0.0435,3.223,67.4105,232.2325,0.2903,0.048
2015-02-06T00:46:59.032Z,5.8131,72.8796,232.1932,0.3134,0.0816,2.4249,65.5389,229.851,0.2846,0.0383,3.3271,66.1277,231.5244,0.2859,0.0529
2015-02-06T00:47:59.309Z,5.5092,74.2054,232.3277,0.3192,0.0763,2.8008,66.1337,229.8669,0.2877,0.0404,2.8763,66.8076,231.6691,0.288,0.0427
2015-02-06T00:48:59.550Z,5.7152,73.6409,233.0423,0.3154,0.0787,2.9928,66.6658,230.7704,0.2887,0.045,2.8407,66.6896,231.9825,0.2874,0.0411
2015-02-06T00:49:59.832Z,5.8547,74.2533,232.7399,0.3188,0.0799,2.7591,66.5858,232.2121,0.2865,0.0424,2.6985,67.2754,232.7631,0.2892,0.0408
2015-02-06T00:50:59.079Z,5.4394,74.1696,232.6379,0.319,0.0754,2.7523,66.6787,232.8436,0.2867,0.0458,87.6727,133.5677,232.8004,0.5736,0.4063
2015-02-06T00:51:59.382Z,3.4571,73.5182,233.1145,0.3153,0.0474,2.8262,66.1075,233.1424,0.2834,0.043,95.5985,118.5985,233.0396,0.509,0.7956
2015-02-06T00:52:59.573Z,3.9641,73.6322,233.1078,0.3152,0.0542,3.2127,66.3451,233.2657,0.2842,0.0495,83.1234,107.2043,233.1881,0.4595,0.776
2015-02-06T00:53:59.040Z,3.9592,74.4662,233.4199,0.3188,0.0536,3.0278,68.0866,232.7414,0.2923,0.0435,83.533,106.5824,233.6818,0.4563,0.7848
2015-02-06T00:54:59.274Z,3.4601,73.3065,231.6882,0.3156,0.0474,3.046,65.4708,231.7104,0.2821,0.0466,83.1258,107.0089,233.678,0.4575,0.779
2015-02-06T00:55:59.509Z,3.2459,73.6071,231.6703,0.3175,0.0443,3.221,64.6642,231.4634,0.2792,0.0505,83.1112,106.6101,232.9527,0.4573,0.7802
2015-02-06T00:56:59.722Z,3.3105,74.001,231.6842,0.3199,0.0448,3.0366,68.5898,232.313,0.2955,0.0442,83.3051,107.2962,233.846,0.459,0.7771
2015-02-06T00:57:59.014Z,4.0416,73.4055,232.2576,0.3164,0.0565,2.6947,67.8678,232.1749,0.2916,0.0404,83.6142,106.8791,234.1428,0.4565,0.7826
2015-02-06T00:58:59.575Z,4.0934,73.6548,231.9395,0.3182,0.0564,3.1759,67.4216,231.6778,0.2912,0.0491,83.5516,106.6187,233.6807,0.4557,0.7847
2015-02-06T00:59:59.832Z,3.0174,73.2978,232.5343,0.3146,0.0427,3.2313,66.5296,232.9241,0.2854,0.0482,83.3962,106.5818,233.6685,0.4564,0.7834
2015-02-06T01:00:59.061Z,3.4418,71.084,233.1128,0.3052,0.0507,3.1108,66.2064,232.9089,0.2837,0.0472,100.3333,122.3883,233.283,0.5248,0.8074
2015-02-06T01:01:59.273Z,3.4656,72.6164,232.8465,0.3119,0.0469,3.1102,67.6178,232.6514,0.2909,0.0462,127.6937,150.4393,232.8614,0.6466,0.8266
2015-02-06T01:02:59.479Z,3.6542,73.2307,232.6841,0.315,0.0518,3.0036,65.6537,232.5635,0.2823,0.0455,83.362,106.5575,233.1923,0.4568,0.783
2015-02-06T01:03:59.758Z,2.9897,74.2095,232.8009,0.319,0.0401,3.4019,66.8357,232.7492,0.287,0.0497,83.1656,106.2259,233.0069,0.456,0.7836
2015-02-06T01:04:59.006Z,3.195,72.605,232.0002,0.3127,0.0433,3.079,67.7862,233.4537,0.2901,0.0454,82.3748,105.3826,232.7026,0.4527,0.7812
2015-02-06T01:05:59.225Z,3.5542,73.5374,232.1416,0.3166,0.0486,2.7085,68.0104,232.6532,0.2923,0.0397,82.3665,106.5146,232.268,0.459,0.7741
2015-02-06T01:06:59.848Z,3.184,73.777,231.9203,0.3179,0.0423,3.904,67.551,232.2728,0.2912,0.0573,82.6688,106.5909,232.6397,0.4582,0.7758
2015-02-06T01:07:59.173Z,3.0192,74.1749,231.5127,0.3199,0.0411,2.8668,66.8519,232.0654,0.2882,0.044,82.845,106.6953,232.6904,0.4582,0.7776
2015-02-06T01:08:59.439Z,2.9221,73.4829,232.0468,0.3166,0.0401,3.0518,66.3688,231.9365,0.2865,0.0457,82.2431,106.3275,232.2162,0.4581,0.7745
2015-02-06T01:09:59.704Z,3.0462,74.0835,232.7548,0.3184,0.042,3.3409,66.4318,232.6608,0.2853,0.0521,81.9455,105.117,231.98,0.453,0.7807
2015-02-06T01:10:59.082Z,4.1488,73.793,233.7979,0.3152,0.0566,3.2004,65.6842,233.4487,0.2816,0.0508,82.216,105.2404,232.2844,0.4531,0.7822
2015-02-06T01:11:59.327Z,3.0914,74.0897,233.7956,0.3169,0.0413,3.4057,67.492,233.4536,0.2884,0.051,144.483,167.1477,232.174,0.7209,0.8424
2015-02-06T01:12:59.592Z,2.5812,74.3347,233.2018,0.3183,0.0347,3.7827,67.1003,232.7684,0.2885,0.0564,83.0551,107.1536,232.9747,0.4599,0.7759
2015-02-06T01:13:59.860Z,2.7909,73.4409,233.101,0.3147,0.0366,3.221,66.9363,232.5069,0.2879,0.0481,83.0251,107.3238,233.6677,0.4588,0.7746
2015-02-06T01:14:59.215Z,3.3347,74.1828,233.6632,0.3172,0.0456,3.0782,66.3754,233.0658,0.2847,0.0471,84.1269,107.0398,234.5308,0.4562,0.7879
2015-02-06T01:15:59.471Z,3.6029,73.1695,233.4545,0.3129,0.0488,3.3976,67.4247,232.7146,0.2897,0.0509,83.6459,108.1571,234.3765,0.4616,0.774
2015-02-06T01:16:59.917Z,3.6652,72.0455,233.2014,0.309,0.0517,3.1513,67.1695,232.1657,0.2889,0.0455,83.6388,107.1173,233.9293,0.4573,0.782
2015-02-06T01:17:59.168Z,3.3581,73.9886,232.8024,0.3179,0.0474,3.0462,67.2246,232.7341,0.2892,0.0453,83.5917,107.0547,233.5512,0.4582,0.7819
2015-02-06T01:18:59.468Z,2.6968,73.1393,232.9052,0.3137,0.036,2.95,66.1244,232.8119,0.2843,0.0463,83.1897,108.0533,233.5112,0.4633,0.7718
2015-02-06T01:19:59.713Z,3.692,73.566,233.0726,0.3158,0.0522,3.194,67.0023,232.4767,0.2882,0.0481,83.2854,106.3042,233.7438,0.4552,0.7846
2015-02-06T01:20:59.987Z,3.3461,73.5295,232.069,0.317,0.0454,3.2608,65.3415,231.5615,0.2816,0.0527,83.1455,106.6135,233.6851,0.4563,0.7812
2015-02-06T01:21:59.157Z,3.8402,73.7388,231.7086,0.3182,0.0521,3.0939,68.1943,231.0598,0.2949,0.0456,145.7082,168.1738,232.9747,0.722,0.8448
2015-02-06T01:22:59.381Z,5.3349,74.2027,232.0869,0.3195,0.0732,2.5584,66.838,232.0001,0.2881,0.0389,83.0051,107.5126,233.3909,0.4601,0.7734
2015-02-06T01:23:59.644Z,5.5603,73.6342,232.3767,0.3171,0.0762,2.4829,65.5396,232.4305,0.2815,0.0376,83.4086,106.4863,233.876,0.4549,0.7842
2015-02-06T01:24:59.957Z,4.5348,72.4029,232.2301,0.3114,0.0636,2.6003,66.0065,231.8592,0.2846,0.0408,83.5105,107.1162,233.661,0.4589,0.7813
2015-02-06T01:25:59.230Z,5.3464,73.3324,231.7004,0.3158,0.0747,2.46,66.0816,231.3067,0.2853,0.0378,82.3421,106.1012,232.9611,0.4555,0.777
2015-02-06T01:26:59.438Z,5.2307,73.4862,231.5957,0.3168,0.0711,2.338,67.014,231.1335,0.2901,0.0362,82.4905,106.7537,232.4741,0.4596,0.7736
2015-02-06T01:27:59.751Z,5.328,74.247,230.8537,0.3212,0.0716,2.2416,66.429,232.5256,0.2856,0.033,82.2742,106.4856,232.4015,0.4584,0.7738
2015-02-06T01:28:59.217Z,4.6546,73.6052,230.0383,0.32,0.0647,2.7232,67.3647,232.7576,0.2894,0.0418,82.2788,105.5904,232.3951,0.454,0.7802
2015-02-06T01:29:59.706Z,212.2909,390.9917,231.1093,1.694,0.2023,240.7705,406.2087,232.8815,1.7503,0.189,515.6186,696.1659,233.0022,2.9972,0.8086
2015-02-06T01:30:59.111Z,955.988,1409.0407,230.6086,6.1099,0.6785,1047.3586,1513.2463,230.9049,6.5533,0.6924,1509.7877,2111.123,230.9272,9.1416,0.7158
2015-02-06T01:31:59.424Z,948.2503,1408.2462,230.8362,6.1004,0.6734,1032.0932,1499.6528,230.658,6.502,0.6882,1500.965,2089.4848,230.4599,9.0663,0.7186
2015-02-06T01:32:59.756Z,936.8851,1397.2792,230.7741,6.0543,0.6706,1034.2899,1496.3048,230.62,6.4879,0.6913,1500.8613,2092.4399,230.3773,9.0824,0.7184
2015-02-06T01:33:59.055Z,958.0201,1412.7981,230.8543,6.1194,0.6781,1052.1831,1515.4835,230.6634,6.5702,0.6948,1511.7872,2098.1813,230.5474,9.1006,0.7204
2015-02-06T01:34:59.373Z,975.6911,1432.1206,231.1619,6.195,0.6812,1053.0634,1513.9782,230.2287,6.5757,0.6956,1522.3757,2092.3183,230.1824,9.089,0.7274
2015-02-06T01:35:59.673Z,1019.499,1454.3482,231.1662,6.2912,0.7007,1048.4006,1522.6411,230.064,6.6181,0.6883,1517.3028,2052.0998,228.0961,8.9964,0.7394
2015-02-06T01:36:59.324Z,990.217,1452.0964,230.2556,6.3064,0.6817,1063.2328,1501.3822,229.423,6.5435,0.7081,1562.8269,2114.8029,230.5644,9.1713,0.7389
2015-02-06T01:37:59.564Z,1003.7667,1454.6839,230.4477,6.3122,0.6899,1066.7618,1503.3418,228.5644,6.5771,0.71,1559.0448,2098.2308,229.7191,9.1336,0.7426
2015-02-06T01:38:59.722Z,999.9834,1439.0559,230.0977,6.2544,0.6944,1083.904,1518.3626,228.8697,6.634,0.7137,1560.0276,2106.9677,229.5569,9.1783,0.7402
2015-02-06T01:39:59.143Z,990.6903,1428.2386,229.6418,6.2193,0.6939,1101.1489,1536.8785,230.1772,6.6768,0.7168,1553.9316,2121.7247,230.3131,9.2118,0.7325
2015-02-06T01:40:59.520Z,978.5518,1424.4703,230.1581,6.1889,0.6868,1083.4946,1526.9033,230.509,6.6237,0.7098,1537.2338,2104.8717,230.5377,9.13,0.7304
2015-02-06T01:41:59.778Z,972.9361,1405.4993,229.6619,6.1194,0.6926,1089.257,1534.6422,230.8549,6.6474,0.7101,1524.6203,2098.0423,230.0741,9.1189,0.7268
2015-02-06T01:42:59.028Z,972.0451,1407.2317,229.7901,6.124,0.6918,1093.5648,1545.7126,231.4098,6.6793,0.7074,1521.6315,2106.5926,230.6462,9.1331,0.7221
2015-02-06T01:43:59.151Z,922.1956,1374.1813,230.2869,5.9676,0.6706,1044.104,1514.8501,232.0379,6.5284,0.6893,1467.2481,2067.1339,231.2234,8.94,0.7102
2015-02-06T01:44:59.560Z,927.5114,1382.1218,230.5819,5.9933,0.6709,1034.3401,1505.1092,231.7182,6.4949,0.6873,1461.2649,2047.7424,231.0924,8.8612,0.7128
2015-02-06T01:45:59.939Z,911.5191,1377.0004,229.8499,5.991,0.6623,1015.3907,1466.2153,230.7323,6.3539,0.6928,1481.9092,2054.005,230.8594,8.8973,0.721
2015-02-06T01:46:59.387Z,925.8434,1378.9553,229.9917,5.9946,0.6715,1021.226,1473.806,230.4347,6.3952,0.693,1477.8481,2040.5778,230.0752,8.8692,0.7248
2015-02-06T01:47:59.586Z,941.9814,1383.4351,229.8249,6.019,0.6806,1005.6453,1453.3722,228.9023,6.3489,0.6926,1473.7163,2002.4774,228.6453,8.7583,0.7358
2015-02-06T01:48:59.889Z,946.611,1382.123,229.844,6.0134,0.684,1016.9898,1465.6247,229.1249,6.3963,0.6939,1472.1666,2005.9492,228.5909,8.7749,0.7336
2015-02-06T01:49:59.172Z,942.0372,1400.6803,230.8215,6.068,0.6732,1003.0057,1458.4686,229.1734,6.3642,0.6881,1480.9017,2019.3905,229.9264,8.782,0.7333
2015-02-06T01:50:59.434Z,943.4873,1416.5338,230.8606,6.1354,0.6659,1012.7184,1457.1653,229.1792,6.3584,0.6952,1512.9507,2055.5893,230.8764,8.9029,0.7362
2015-02-06T01:51:59.746Z,935.4163,1413.61,230.8413,6.1239,0.6619,999.5508,1438.9414,228.8597,6.2871,0.6952,1513.6181,2050.9087,230.9507,8.8801,0.7384
2015-02-06T01:52:59.971Z,948.2514,1432.4427,231.1919,6.1958,0.6614,1010.3249,1448.706,228.9322,6.3281,0.6976,1536.005,2075.4547,231.5677,8.962,0.7399
2015-02-06T01:53:59.178Z,941.429,1419.5473,231.2389,6.139,0.663,1014.2445,1461.4069,229.5006,6.3674,0.694,1512.6844,2061.1188,231.6444,8.8973,0.7339
2015-02-06T01:54:59.425Z,967.2279,1431.1721,231.25,6.1886,0.676,1031.3543,1480.2879,229.2218,6.4579,0.697,1518.5751,2058.3551,231.2032,8.902,0.7386
2015-02-06T01:55:59.625Z,960.7538,1426.0902,230.7801,6.1797,0.673,1012.8387,1451.8623,228.3607,6.3574,0.6983,1519.805,2043.8144,230.656,8.8602,0.7439
2015-02-06T01:56:59.904Z,980.0929,1448.9947,231.7156,6.2531,0.6762,1024.8863,1474.9601,229.2157,6.4344,0.6951,1529.8127,2055.9899,230.5881,8.9162,0.7437
2015-02-06T01:57:59.207Z,958.7425,1439.1466,230.8813,6.2333,0.6667,1006.1051,1439.3731,228.5031,6.2991,0.6995,1536.7542,2058.8292,230.8533,8.9182,0.7467
2015-02-06T01:58:59.570Z,971.9771,1436.0498,230.0614,6.2417,0.677,1034.0453,1453.6352,228.0644,6.3734,0.7117,1555.6858,2077.3217,230.724,9.003,0.7492
2015-02-06T01:59:59.726Z,955.2654,1432.1931,231.1667,6.1953,0.6671,1027.5626,1468.4003,229.4094,6.4003,0.6997,1532.3479,2076.5973,231.6137,8.9653,0.7381
