2015-01-16T00:00:59.407Z,2.6237,72.189,231.8288,0.3113,0.0364,3.0654,65.402,231.3796,0.2826,0.0474,3.2364,65.632,232.0229,0.2831,0.0499
2015-01-16T00:01:59.839Z,2.7004,73.5559,232.0718,0.3166,0.0363,2.9223,66.4068,230.8216,0.288,0.0447,2.8971,66.4538,232.5775,0.286,0.0449
2015-01-16T00:02:59.104Z,2.471,73.7504,233.7083,0.3154,0.0337,3.4484,66.9663,230.8999,0.2904,0.0527,3.1324,67.3704,233.061,0.2893,0.0471
2015-01-16T00:03:59.335Z,3.6148,73.6343,234.4288,0.3138,0.0478,2.5192,64.9662,230.0349,0.2821,0.0425,3.5741,68.3326,233.5164,0.2927,0.0518
2015-01-16T00:04:59.609Z,2.7243,73.1484,233.9675,0.3123,0.0371,3.3604,67.7005,232.9487,0.2902,0.0496,3.2463,66.1448,232.7277,0.2847,0.049
2015-01-16T00:05:59.961Z,2.7329,73.7551,233.8191,0.3156,0.0374,3.0558,68.8609,232.7335,0.2955,0.0442,2.968,66.2516,232.7752,0.2848,0.046
2015-01-16T00:06:59.181Z,2.4074,73.5509,233.6271,0.3146,0.0333,3.3711,67.3228,233.0767,0.2894,0.051,3.582,67.6204,233.4403,0.29,0.0529
2015-01-16T00:07:59.481Z,3.4138,75.0721,233.2838,0.3213,0.0457,3.0833,66.6688,233.3632,0.2858,0.0459,2.703,67.7003,233.5579,0.2897,0.0393
2015-01-16T00:08:59.831Z,3.0036,74.9076,232.3108,0.3223,0.0422,2.8139,68.5808,233.285,0.2936,0.0417,3.4267,67.1307,233.3051,0.288,0.0501
2015-01-16T00:09:59.019Z,2.1681,73.9304,231.6703,0.319,0.0288,2.8971,67.5673,232.5161,0.2901,0.0433,3.1039,65.3714,232.9164,0.2811,0.0468
2015-01-16T00:10:59.337Z,2.3852,74.4521,231.8384,0.321,0.0305,3.4822,67.4253,232.4859,0.2903,0.0519,3.1301,67.7602,232.7838,0.2907,0.047
2015-01-16T00:11:59.586Z,2.5227,73.7068,232.7404,0.317,0.0343,2.6946,66.3515,232.6614,0.2851,0.0402,3.3973,65.7324,232.017,0.2836,0.0519
2015-01-16T00:12:59.897Z,3.1779,74.3426,232.8286,0.3192,0.0442,2.8838,66.4502,232.5248,0.2855,0.0449,3.2134,66.2347,232.9022,0.2841,0.0498
2015-01-16T00:13:59.118Z,2.4573,74.2745,233.3492,0.3175,0.0333,3.0615,66.2526,232.6482,0.2851,0.0481,3.318,66.3283,233.9322,0.2834,0.0508
2015-01-16T00:14:59.306Z,2.3653,73.9234,233.422,0.3166,0.0328,3.0426,66.9533,232.6818,0.2875,0.0461,3.4524,67.2897,234.0945,0.287,0.0518
2015-01-16T00:15:59.506Z,2.827,74.019,232.8436,0.318,0.0375,2.9429,67.0291,232.3231,0.2887,0.0425,3.1276,66.4723,234.1147,0.2838,0.0477
2015-01-16T00:16:59.759Z,3.4969,73.7552,233.2458,0.3165,0.0473,3.1418,67.9735,232.5322,0.2923,0.0467,2.9563,67.6146,234.1104,0.2886,0.0436
2015-01-16T00:17:59.971Z,2.6579,73.6982,234.284,0.3144,0.0359,3.4152,66.5862,232.5534,0.2866,0.0503,3.1259,66.9096,233.6904,0.2863,0.0468
2015-01-16T00:18:59.066Z,1.9022,73.6928,234.1119,0.3143,0.0248,3.4414,64.0146,232.8042,0.275,0.0524,2.681,63.6682,233.3869,0.2728,0.0451
2015-01-16T00:19:59.285Z,2.6715,73.8498,234.3456,0.3153,0.0367,3.5659,65.124,232.3547,0.2802,0.0573,3.1653,67.0635,233.262,0.2874,0.0471
2015-01-16T00:20:59.715Z,3.3442,74.0479,234.2693,0.3163,0.0457,3.0142,66.3892,232.517,0.2859,0.046,3.2659,67.152,232.7618,0.2885,0.0493
2015-01-16T00:21:59.898Z,2.3209,74.1171,234.2093,0.3158,0.0302,3.3101,66.6221,231.4757,0.2879,0.051,3.139,66.8211,232.7502,0.2874,0.048
2015-01-16T00:22:59.134Z,2.6161,73.555,233.5549,0.3149,0.0362,3.0677,67.4294,232.2284,0.2901,0.0448,3.4339,67.6107,233.6818,0.2891,0.0523
2015-01-16T00:23:59.367Z,2.7051,74.1071,233.2057,0.3174,0.039,2.8164,66.2384,233.4285,0.2833,0.0446,3.2127,65.7821,234.727,0.28,0.0495
2015-01-16T00:24:59.509Z,2.4807,74.4514,232.8077,0.32,0.033,3.2635,66.3807,233.2085,0.2849,0.0486,3.1997,65.9442,234.4433,0.2813,0.0498
2015-01-16T00:25:59.789Z,2.2625,74.9909,232.7735,0.3223,0.03,2.8711,67.6781,232.8571,0.2907,0.0433,3.2191,66.3826,234.1714,0.2832,0.0492
2015-01-16T00:26:59.153Z,2.5294,73.5217,232.5958,0.3163,0.035,2.7956,66.6417,232.6473,0.2866,0.0421,3.719,66.8991,234.3334,0.2848,0.0551
2015-01-16T00:27:59.337Z,3.3348,73.2567,232.571,0.3147,0.0451,3.5357,67.0212,231.7788,0.2889,0.0528,2.6515,66.7268,234.0749,0.2848,0.0395
2015-01-16T00:28:59.702Z,3.6122,73.5741,232.7189,0.3163,0.0511,3.0269,66.3633,232.3608,0.286,0.0492,3.2532,66.0056,233.8899,0.2824,0.0493
2015-01-16T00:29:59.923Z,2.7993,73.156,232.8188,0.3145,0.0381,3.5566,66.4384,232.6092,0.2856,0.0545,3.052,65.0531,233.8089,0.2781,0.0498
2015-01-16T00:30:59.183Z,2.0966,74.6423,233.1939,0.3203,0.0284,3.2544,68.0754,231.8231,0.2937,0.05,3.1813,67.2083,234.1719,0.2874,0.0469
2015-01-16T00:31:59.649Z,2.874,74.4014,234.0608,0.3179,0.0405,3.5038,66.3359,230.3733,0.288,0.0534,3.2903,67.6566,233.4086,0.29,0.0477
2015-01-16T00:32:59.974Z,3.7137,75.2164,234.0005,0.3212,0.0497,2.8797,66.3579,231.756,0.2865,0.0423,2.9882,65.6744,233.482,0.281,0.0452
2015-01-16T00:33:59.397Z,3.7829,74.4118,234.3634,0.3174,0.0526,2.981,66.2131,232.6038,0.2844,0.047,3.2894,68.5322,233.8772,0.2927,0.0486
2015-01-16T00:34:59.627Z,2.6911,74.4999,234.9166,0.3169,0.0359,2.924,66.1422,232.7959,0.2837,0.0456,3.0448,65.2765,234.0201,0.2791,0.0479
2015-01-16T00:35:59.864Z,2.5987,74.9342,234.8896,0.3189,0.0343,3.0772,67.2628,233.1785,0.2877,0.045,3.2817,67.0161,233.8225,0.2868,0.0474
2015-01-16T00:36:59.189Z,2.4309,73.9376,234.6361,0.3147,0.0327,3.2648,67.3373,232.874,0.2892,0.0488,3.2249,65.7488,233.1081,0.2818,0.05
2015-01-16T00:37:59.604Z,2.9462,74.1646,234.8437,0.3159,0.0404,3.4612,67.0859,233.2516,0.287,0.0518,3.691,66.0819,232.7407,0.2844,0.0554
2015-01-16T00:38:59.823Z,2.8462,73.6144,234.7902,0.3136,0.0385,2.5824,65.7809,232.6419,0.2827,0.0407,2.8337,67.033,233.5545,0.2868,0.0444
2015-01-16T00:39:59.005Z,2.502,73.8388,233.2958,0.3163,0.0346,3.2771,66.2401,232.347,0.2851,0.0486,3.1361,67.0274,232.7438,0.2883,0.047
2015-01-16T00:40:59.268Z,2.5277,72.8948,232.5766,0.3132,0.0366,3.0546,66.8595,232.2331,0.288,0.0475,3.1756,65.3048,232.1941,0.2812,0.049
2015-01-16T00:41:59.461Z,3.3978,74.0842,231.8471,0.319,0.0468,3.1076,67.7662,231.5355,0.2928,0.0461,3.2249,67.5033,233.0495,0.2897,0.0485
2015-01-16T00:42:59.694Z,2.6382,73.5425,231.9753,0.3171,0.0355,2.8004,66.9336,232.3286,0.288,0.0415,3.2127,67.027,234.2227,0.2863,0.0487
2015-01-16T00:43:59.940Z,2.2384,73.9502,232.7585,0.3174,0.0289,3.2185,66.7032,233.2491,0.2855,0.0482,3.73,66.7378,234.2384,0.2847,0.0563
2015-01-16T00:44:59.214Z,2.1047,73.56,232.5759,0.3157,0.0287,3.6643,66.8011,233.6214,0.2866,0.0556,3.3437,65.8351,233.7297,0.2816,0.0532
2015-01-16T00:45:59.388Z,3.8516,72.9802,232.6042,0.3141,0.052,2.9907,66.5241,233.6097,0.2845,0.0455,3.0199,67.1618,233.0185,0.2885,0.0441
2015-01-16T00:46:59.768Z,3.2762,72.9276,231.9164,0.3145,0.0452,3.0296,66.9202,233.6186,0.2864,0.0466,3.0786,66.3923,232.9593,0.285,0.0465
2015-01-16T00:47:59.951Z,2.537,72.7247,231.279,0.3143,0.0356,3.5742,67.6907,233.8053,0.2895,0.0518,2.9948,67.2324,233.1314,0.2884,0.0437
2015-01-16T00:48:59.314Z,2.598,72.9931,231.2541,0.3157,0.0349,3.234,66.3493,234.2262,0.2837,0.0507,3.4008,66.2888,233.4691,0.2844,0.0522
2015-01-16T00:49:59.595Z,3.221,73.2502,232.1159,0.3154,0.0454,3.129,65.5884,233.6492,0.2807,0.0501,3.2842,65.6664,233.2177,0.2816,0.0523
2015-01-16T00:50:59.031Z,3.4008,74.9178,233.3451,0.3214,0.0449,3.2208,68.6093,233.0491,0.2949,0.0478,2.7773,66.2939,233.0753,0.2848,0.0434
2015-01-16T00:51:59.465Z,3.0843,74.7122,232.1887,0.322,0.0427,2.7633,66.5466,232.4437,0.2868,0.0418,3.199,68.0454,233.5229,0.2916,0.0493
2015-01-16T00:52:59.669Z,2.4562,75.2027,233.1474,0.3227,0.0335,3.4307,66.8319,233.0705,0.2866,0.0504,3.3595,66.6674,233.7068,0.2852,0.0529
2015-01-16T00:53:59.003Z,2.4203,73.1736,234.0481,0.3121,0.0318,2.9812,67.7553,234.1054,0.2902,0.0441,2.8137,67.0009,233.6366,0.2867,0.042
2015-01-16T00:54:59.258Z,2.9516,73.561,234.8474,0.313,0.0403,2.8959,67.2645,234.1536,0.2874,0.0441,3.0022,66.1249,231.0066,0.2864,0.0449
2015-01-16T00:55:59.548Z,3.2817,75.1927,232.9098,0.323,0.0458,2.9354,67.566,234.263,0.2885,0.0455,2.7385,65.9111,233.36,0.2825,0.041
2015-01-16T00:56:59.755Z,2.5351,73.942,232.138,0.3192,0.0344,2.8324,67.8371,233.9723,0.2901,0.0424,2.9538,67.6593,233.7544,0.2891,0.0444
2015-01-16T00:57:59.070Z,3.0108,73.2977,232.4036,0.3154,0.0411,3.1167,68.321,234.1002,0.292,0.0451,3.4201,66.5753,233.8271,0.2851,0.05
2015-01-16T00:58:59.247Z,2.5692,73.5056,232.6095,0.3156,0.034,3.7168,67.971,234.1026,0.2909,0.0537,3.0449,67.7,234.1492,0.2892,0.0454
2015-01-16T00:59:59.457Z,2.4031,73.4876,231.9502,0.3167,0.032,3.0225,64.9825,233.2408,0.2786,0.0471,2.6695,66.3329,233.5685,0.2848,0.0419
2015-01-16T01:00:59.789Z,2.3913,71.6698,232.5303,0.3084,0.034,2.9379,66.9826,233.4857,0.2867,0.046,3.3801,65.3895,233.9359,0.2797,0.0495
2015-01-16T01:01:59.080Z,2.444,73.3529,232.1638,0.3157,0.0336,2.9437,67.639,234.0191,0.2891,0.0438,2.734,66.1084,233.079,0.2833,0.0416
2015-01-16T01:02:59.477Z,3.3646,71.9878,232.3543,0.3095,0.047,2.7124,67.1926,233.4879,0.2879,0.0413,73.4368,101.5602,233.0148,0.4358,0.697
2015-01-16T01:03:59.913Z,3.5353,73.8126,233.3614,0.316,0.0477,3.3939,66.9389,233.7413,0.2866,0.0524,84.541,107.6365,234.3534,0.4592,0.787
2015-01-16T01:04:59.193Z,3.1098,74.3778,233.0396,0.3189,0.0417,3.5362,66.6674,233.6688,0.2861,0.0536,85.0079,107.9233,234.921,0.4598,0.789
2015-01-16T01:05:59.482Z,2.8936,73.8295,233.2713,0.317,0.0402,3.4628,67.3412,233.4283,0.2885,0.0513,84.0964,107.5742,234.7392,0.4583,0.7825
2015-01-16T01:06:59.789Z,3.3756,74.0656,233.8989,0.3164,0.0462,3.0618,67.3198,233.3224,0.2886,0.046,84.2273,107.9365,234.3816,0.4608,0.7815
2015-01-16T01:07:59.080Z,4.0388,71.2302,233.5971,0.3044,0.0579,3.0943,64.1433,233.3921,0.2746,0.0519,83.951,106.0279,234.3842,0.4527,0.794
2015-01-16T01:08:59.592Z,3.1772,72.6965,233.7423,0.3102,0.0453,3.393,67.6951,233.4708,0.2899,0.0487,84.2833,106.3102,234.223,0.4543,0.7935
2015-01-16T01:09:59.887Z,2.9395,73.2024,234.4081,0.3123,0.0413,3.7754,67.7408,233.0192,0.291,0.0553,83.9889,106.9998,234.0668,0.4571,0.7859
2015-01-16T01:10:59.143Z,2.1946,74.9882,233.2104,0.3209,0.0287,2.9611,67.1638,232.1538,0.2893,0.0446,83.9004,106.7053,233.9069,0.4559,0.7868
2015-01-16T01:11:59.495Z,3.2798,72.7229,232.6533,0.3125,0.0459,3.0592,65.6858,232.5875,0.2829,0.047,83.5035,105.6166,233.303,0.4525,0.7923
2015-01-16T01:12:59.692Z,3.223,73.7868,233.3101,0.3159,0.0425,2.9323,68.2235,231.3392,0.2948,0.0423,83.7009,107.141,233.9768,0.4579,0.7832
2015-01-16T01:13:59.016Z,2.8807,74.096,233.9497,0.317,0.038,3.6261,66.3983,231.6334,0.2861,0.0553,84.2582,107.9333,235.4289,0.4581,0.7821
2015-01-16T01:14:59.284Z,3.0224,74.3039,233.6728,0.3174,0.0412,3.7117,67.1489,233.4743,0.2878,0.0554,84.1477,107.4563,234.8071,0.458,0.784
2015-01-16T01:15:59.673Z,3.7384,73.9746,233.6273,0.3167,0.0505,2.5699,66.0067,233.7557,0.2831,0.0401,84.1105,106.9654,234.6646,0.4556,0.7874
2015-01-16T01:16:59.395Z,4.2778,73.7101,233.6092,0.3154,0.0579,3.4036,65.4508,233.4967,0.2802,0.0513,84.4381,108.066,234.3342,0.4607,0.7822
2015-01-16T01:17:59.705Z,2.8082,74.4765,233.9795,0.3182,0.0378,3.4187,67.5002,233.571,0.2889,0.0505,83.966,107.2633,234.5434,0.4574,0.7838
2015-01-16T01:18:59.995Z,3.3971,73.0895,233.7916,0.3122,0.0463,3.7971,67.5376,233.4287,0.2895,0.0556,83.9875,106.2713,234.5147,0.4529,0.7919
2015-01-16T01:19:59.257Z,2.8964,74.4746,234.0471,0.3184,0.0387,2.4217,67.3083,233.0737,0.2891,0.0367,83.6623,106.22,233.9921,0.4538,0.7888
2015-01-16T01:20:59.625Z,3.7647,74.8791,234.2335,0.32,0.0488,3.5092,66.437,232.8353,0.2857,0.0538,82.6998,106.4764,233.0473,0.4572,0.778
2015-01-16T01:21:59.962Z,3.3733,73.7725,234.3058,0.3145,0.0482,3.0264,66.6035,232.0846,0.2868,0.0451,82.9697,106.2812,231.8267,0.4585,0.7814
2015-01-16T01:22:59.156Z,2.8341,74.2949,235.8703,0.3149,0.0382,3.3512,65.0232,231.9714,0.2803,0.0518,82.3827,105.0366,232.059,0.4527,0.7851
2015-01-16T01:23:59.407Z,3.1227,73.3269,235.283,0.3115,0.0444,2.5423,66.0666,233.0613,0.2835,0.0413,82.5941,105.1753,232.729,0.4519,0.7878
2015-01-16T01:24:59.731Z,3.5103,75.4254,235.2882,0.3208,0.0454,2.931,67.4443,232.9445,0.2891,0.0439,82.7822,106.1485,232.7922,0.4559,0.781
2015-01-16T01:25:59.946Z,3.6612,74.2213,234.8336,0.3159,0.0501,2.977,66.2434,232.7293,0.2847,0.0459,82.8213,105.9236,232.9666,0.4538,0.7831
2015-01-16T01:26:59.267Z,2.3462,74.4757,235.129,0.3171,0.0303,3.4486,67.3889,233.6779,0.2884,0.0541,83.0282,106.5741,233.1706,0.457,0.7796
2015-01-16T01:27:59.447Z,2.8388,74.0775,234.4045,0.3159,0.0381,2.7445,68.4412,233.75,0.293,0.04,82.3578,106.3705,233.0446,0.4559,0.7742
2015-01-16T01:28:59.813Z,3.3191,72.8047,234.1826,0.3114,0.0459,2.6856,66.5132,233.4015,0.2846,0.0398,82.6987,105.6414,232.6379,0.4541,0.784
2015-01-16T01:29:59.273Z,3.9594,73.3351,233.3483,0.3146,0.0544,2.3977,67.8872,233.5616,0.2908,0.0354,82.7743,106.0256,233.0964,0.4546,0.7819
2015-01-16T01:30:59.679Z,3.8391,73.784,232.1295,0.3183,0.0527,2.9447,66.6929,233.0743,0.2867,0.046,82.001,104.8512,232.2015,0.4509,0.7823
2015-01-16T01:31:59.041Z,2.9816,74.1914,232.5807,0.3186,0.0418,2.8051,66.5511,232.5596,0.2867,0.0424,82.5726,105.8233,232.5062,0.4549,0.7811
2015-01-16T01:32:59.264Z,3.1753,74.0051,233.2524,0.3174,0.0427,3.174,66.2633,232.7434,0.2843,0.0471,82.5008,106.5118,232.2554,0.4586,0.7758
2015-01-16T01:33:59.547Z,2.9102,73.608,234.6567,0.3132,0.0392,3.1892,66.7193,233.9604,0.2846,0.0508,81.8581,104.5685,232.0819,0.4504,0.7845
2015-01-16T01:34:59.756Z,3.7639,73.9772,234.4392,0.3153,0.0524,3.2592,67.866,233.5345,0.2907,0.0488,81.9228,105.149,232.0557,0.4533,0.7802
2015-01-16T01:35:59.021Z,3.3047,75.3311,234.2891,0.3217,0.0443,2.9253,67.935,233.541,0.2906,0.0443,82.5359,105.2531,232.1564,0.454,0.7854
2015-01-16T01:36:59.262Z,2.8812,73.0458,234.6726,0.3114,0.0416,3.2233,67.661,234.0996,0.2893,0.0469,82.102,104.9946,232.0409,0.4525,0.7835
2015-01-16T01:37:59.498Z,2.9351,74.9089,235.6311,0.3176,0.0389,3.0091,66.5777,233.9053,0.2843,0.0445,82.1855,105.2982,231.5977,0.4544,0.7808
2015-01-16T01:38:59.861Z,3.3748,75.9214,235.4704,0.3223,0.0461,3.088,67.6091,233.632,0.2897,0.0453,82.3905,105.0803,231.8249,0.4534,0.7845
2015-01-16T01:39:59.164Z,3.773,74.284,234.891,0.3162,0.051,3.1211,66.7649,233.2402,0.2861,0.0488,82.0425,105.6111,232.3757,0.454,0.7776
2015-01-16T01:40:59.358Z,3.487,74.2821,234.8272,0.3163,0.0482,3.3377,67.7761,233.2542,0.2905,0.0479,82.0827,105.1236,232.02,0.4534,0.7818
2015-01-16T01:41:59.482Z,2.8464,74.5693,234.6208,0.3175,0.0387,3.076,66.4678,232.9758,0.2852,0.0465,82.3814,105.2507,232.1821,0.4534,0.7841
2015-01-16T01:42:59.775Z,3.216,73.6112,233.3108,0.3159,0.0451,3.1348,65.4905,233.0668,0.2811,0.0502,83.0248,105.4882,232.9215,0.4526,0.789
2015-01-16T01:43:59.024Z,3.7879,74.9762,234.2351,0.3203,0.0513,2.6749,66.7231,233.9741,0.2849,0.0419,83.3151,105.5304,233.259,0.4523,0.789
2015-01-16T01:44:59.238Z,3.4143,72.5631,234.0746,0.3098,0.0478,3.2227,67.5732,233.8807,0.289,0.047,83.1236,106.0637,233.4537,0.4545,0.7843
2015-01-16T01:45:59.518Z,3.1488,73.252,233.9289,0.3126,0.0425,3.5427,67.4158,233.606,0.2891,0.0519,82.6751,105.57,233.1462,0.4529,0.7846
2015-01-16T01:46:59.815Z,2.9611,75.0414,234.2214,0.32,0.0398,3.1916,67.9074,234.3497,0.2895,0.046,82.4403,105.8314,232.4536,0.4552,0.7792
2015-01-16T01:47:59.060Z,2.9571,74.3629,234.1036,0.318,0.0383,2.7615,67.2271,234.2837,0.2873,0.041,82.6303,106.5393,232.7275,0.4583,0.7757
2015-01-16T01:48:59.400Z,3.665,73.2185,233.7197,0.3125,0.0501,3.3393,67.132,234.1588,0.2863,0.0537,82.5097,105.4233,232.5583,0.4537,0.7846
2015-01-16T01:49:59.616Z,3.1588,73.9915,233.5443,0.317,0.0436,2.3238,67.9062,233.5152,0.2909,0.0354,82.1632,104.9647,232.2919,0.452,0.7832
2015-01-16T01:50:59.835Z,2.7869,74.4013,232.8146,0.3201,0.0376,2.6844,65.913,233.2085,0.282,0.0422,82.1941,105.4814,232.4174,0.454,0.7802
2015-01-16T01:51:59.069Z,3.1728,72.8827,232.0541,0.314,0.0427,3.0099,66.8853,233.5747,0.2861,0.0452,82.2006,106.1914,232.1756,0.4577,0.7751
2015-01-16T01:52:59.385Z,3.1622,73.1733,231.9642,0.3155,0.0427,3.0585,67.7391,233.1873,0.2904,0.0459,82.1763,105.0509,231.6609,0.4534,0.7826
2015-01-16T01:53:59.834Z,3.5425,74.0812,233.3823,0.3175,0.0487,3.2625,65.4996,233.1935,0.2811,0.0521,82.8725,105.825,233.209,0.4538,0.7837
2015-01-16T01:54:59.064Z,3.0657,73.7897,233.8054,0.3152,0.042,2.7078,67.614,233.1464,0.2902,0.0393,83.0116,106.4728,233.5714,0.456,0.7808
2015-01-16T01:55:59.416Z,3.3382,74.5076,234.1968,0.3182,0.0458,2.7,66.6644,233.2384,0.2858,0.0409,83.7277,107.4556,233.7687,0.4595,0.7802
2015-01-16T01:56:59.728Z,2.9518,74.0677,234.2686,0.3163,0.04,3.3064,65.5837,233.6942,0.2808,0.0505,83.4371,106.5179,233.537,0.4563,0.784
2015-01-16T01:57:59.076Z,3.691,73.5351,234.4074,0.3133,0.0494,2.7182,65.6833,233.7012,0.2816,0.0404,83.3873,106.6653,233.5903,0.4567,0.783
2015-01-16T01:58:59.352Z,3.5175,74.4395,234.5487,0.3173,0.0477,3.1663,66.851,233.7601,0.2855,0.047,83.2922,106.4891,233.7469,0.4557,0.7823
2015-01-16T01:59:59.825Z,3.2711,74.7625,234.2197,0.3191,0.0431,3.3434,67.2132,233.7095,0.2877,0.048,81.9537,104.8876,232.2297,0.4516,0.7823
