2015-02-14T00:00:59.427Z,5.2381,70.3247,231.7009,0.3039,0.0758,2.2594,65.1848,230.2386,0.2827,0.0352,81.6989,103.9413,231.7654,0.4488,0.7882
2015-02-14T00:01:59.807Z,5.4639,74.2466,231.7412,0.3207,0.0742,2.8189,66.2647,230.4711,0.2875,0.0436,80.7807,104.2137,231.2676,0.4508,0.7767
2015-02-14T00:02:59.948Z,5.0111,72.86,231.283,0.3146,0.0705,2.7666,65.2785,230.4878,0.283,0.0422,81.194,103.5451,231.1284,0.4482,0.7845
2015-02-14T00:03:59.867Z,5.2226,72.8489,231.5411,0.3145,0.0728,3.1165,64.112,230.7744,0.278,0.0506,81.8013,104.6375,231.0828,0.4526,0.783
2015-02-14T00:04:59.077Z,5.2729,72.7725,231.5133,0.3145,0.0751,2.4474,65.6907,230.6381,0.2846,0.0377,81.0038,104.1778,230.9885,0.4507,0.7782
2015-02-14T00:05:59.475Z,5.6147,73.9625,231.4674,0.3195,0.0773,2.8867,65.1621,230.5288,0.2828,0.0447,81.079,104.2061,231.1451,0.4509,0.7789
2015-02-14T00:06:59.772Z,5.8016,72.4771,230.9891,0.3131,0.0808,2.6232,64.4631,229.5442,0.2803,0.0419,80.7813,103.6943,230.0416,0.45,0.7805
2015-02-14T00:07:59.794Z,5.276,70.8676,230.6542,0.3073,0.0753,2.3927,65.4748,229.5636,0.2853,0.0402,80.9452,103.1581,229.7252,0.4492,0.7864
2015-02-14T00:08:59.246Z,4.7174,72.2851,230.3589,0.3137,0.067,2.6202,66.9117,230.0546,0.2911,0.0397,80.634,103.9009,230.001,0.4512,0.7779
2015-02-14T00:09:59.444Z,5.0355,73.2152,231.1291,0.3171,0.0699,2.5658,66.0589,230.2552,0.2868,0.0405,81.4923,105.127,231.3649,0.4548,0.7768
2015-02-14T00:10:59.927Z,4.7968,73.4226,230.7143,0.3184,0.0657,2.6659,67.1421,229.7599,0.292,0.0395,81.5102,104.8059,230.9886,0.4539,0.7793
2015-02-14T00:11:59.402Z,4.3821,72.9027,230.9382,0.315,0.0618,2.3984,65.4553,229.64,0.2852,0.0376,80.8873,104.6352,231.0756,0.4527,0.7749
2015-02-14T00:12:59.183Z,5.2886,72.9999,231.4178,0.3156,0.0721,2.9618,66.0431,230.0434,0.2867,0.047,81.5669,104.0836,231.5258,0.4491,0.7846
2015-02-14T00:13:59.497Z,5.9474,72.8207,231.9514,0.3141,0.0832,2.1114,65.1037,227.8654,0.2849,0.0351,82.6308,104.5687,232.704,0.4492,0.7915
2015-02-14T00:14:59.734Z,5.9467,73.1338,232.0938,0.3156,0.0837,2.9026,66.3336,230.0089,0.2881,0.0454,81.6899,104.2988,231.9132,0.4499,0.7838
2015-02-14T00:15:59.098Z,5.2908,73.7254,231.2682,0.3189,0.0729,3.476,66.4402,230.574,0.2882,0.0499,82.3493,104.7818,231.7232,0.4521,0.7874
2015-02-14T00:16:59.289Z,5.6111,71.8946,231.0465,0.3107,0.0796,2.8704,66.2151,230.1292,0.2879,0.0422,81.2305,105.026,231.4685,0.4536,0.7742
2015-02-14T00:17:59.831Z,5.0809,72.723,230.8045,0.3149,0.0696,2.4243,65.7178,230.0192,0.2855,0.0368,80.854,104.7849,231.0312,0.4533,0.7739
2015-02-14T00:18:59.527Z,5.0005,74.3326,230.4077,0.3223,0.0685,2.7529,65.0135,230.2653,0.2823,0.0429,81.3979,104.189,230.7933,0.451,0.7824
2015-02-14T00:19:59.897Z,4.4358,72.6002,231.0266,0.3141,0.061,2.4475,66.2202,230.1805,0.2876,0.0378,81.7041,104.2667,231.7423,0.4497,0.7843
2015-02-14T00:20:59.723Z,4.8388,73.4502,231.1045,0.3176,0.067,2.5684,65.1969,230.3827,0.2826,0.0404,81.7889,104.7832,232.0093,0.4515,0.7822
2015-02-14T00:21:59.144Z,5.58,72.3277,230.7907,0.313,0.079,2.5773,65.9613,229.8602,0.2876,0.0418,81.4402,104.4057,231.3718,0.4518,0.7818
2015-02-14T00:22:59.450Z,5.8888,73.3474,231.0202,0.3169,0.0815,2.7252,64.5601,229.5658,0.2811,0.0443,80.9987,103.9329,230.759,0.4505,0.78
2015-02-14T00:23:59.941Z,4.6965,73.4375,229.622,0.3198,0.0653,2.7142,67.031,230.4241,0.2907,0.0407,81.3897,103.837,231.4262,0.4485,0.7852
2015-02-14T00:24:59.307Z,5.0272,71.9171,230.1251,0.3127,0.0703,2.6072,62.9736,230.842,0.2727,0.0416,82.0367,105.216,232.1401,0.4533,0.7808
2015-02-14T00:25:59.546Z,6.0701,72.6486,230.3363,0.3154,0.0845,2.6467,67.0921,231.2055,0.2899,0.0397,81.5609,105.0584,232.0795,0.4525,0.7771
2015-02-14T00:26:59.016Z,5.3393,72.1294,230.481,0.3129,0.0771,2.7221,65.6858,230.3699,0.2851,0.0447,81.4353,104.1542,231.5741,0.4496,0.7829
2015-02-14T00:27:59.007Z,4.8027,71.7555,231.1765,0.3102,0.0671,2.784,66.1065,229.7252,0.2875,0.0424,81.5003,104.1035,231.4742,0.4497,0.7845
2015-02-14T00:28:59.347Z,6.0077,72.634,231.7945,0.3137,0.0845,3.0589,65.167,229.1299,0.2845,0.0462,81.3968,104.1089,230.8538,0.4512,0.7827
2015-02-14T00:29:59.658Z,5.8684,73.4586,232.2812,0.3164,0.0802,2.6829,66.3021,230.5358,0.2876,0.0408,81.8685,104.9816,231.763,0.453,0.7811
2015-02-14T00:30:59.921Z,5.3022,72.6146,232.5016,0.3119,0.0745,2.5811,64.7353,230.693,0.281,0.0395,81.8908,105.7452,232.057,0.4558,0.7763
2015-02-14T00:31:59.173Z,4.8014,73.2608,231.9912,0.3157,0.0667,2.3186,65.3889,230.5146,0.2838,0.037,81.9353,105.0566,231.5394,0.4538,0.7821
2015-02-14T00:32:59.875Z,4.4975,71.9961,231.8927,0.31,0.0641,2.5649,64.669,230.3547,0.2805,0.0415,82.1397,105.1091,231.6698,0.4537,0.7838
2015-02-14T00:33:59.170Z,5.4659,71.6296,231.7162,0.3093,0.0778,2.383,65.4332,230.6638,0.2837,0.0377,81.8096,104.3399,231.9484,0.4498,0.7854
2015-02-14T00:34:59.415Z,5.5002,72.5007,231.3296,0.3135,0.078,2.4679,64.1055,230.6186,0.2781,0.0396,81.1867,103.6947,232.0492,0.4471,0.784
2015-02-14T00:35:59.865Z,5.2077,74.4802,232.3211,0.3209,0.0718,2.5741,65.9974,230.9728,0.2854,0.0391,82.121,105.2307,232.4229,0.4524,0.7818
2015-02-14T00:36:59.211Z,4.557,72.123,231.5467,0.3117,0.0631,2.7962,64.6192,230.7099,0.2806,0.0438,81.6384,104.0452,231.5471,0.4493,0.7867
2015-02-14T00:37:59.723Z,4.8205,72.3581,231.4708,0.3123,0.0665,2.6409,66.6433,230.4193,0.2888,0.0412,81.2441,104.0227,231.4901,0.4493,0.7826
2015-02-14T00:38:59.997Z,5.126,72.1021,232.3743,0.3099,0.0724,2.625,64.7917,229.4386,0.2825,0.0407,81.0738,104.2988,231.4441,0.4505,0.7787
2015-02-14T00:39:59.430Z,5.5388,71.8513,232.2209,0.3096,0.0789,2.9447,64.7393,230.6061,0.2806,0.0449,81.4571,105.8679,232.1579,0.4556,0.7702
2015-02-14T00:40:59.763Z,5.4569,73.4709,232.7882,0.3157,0.0757,3.0215,66.5145,231.2088,0.2869,0.0452,82.5692,104.987,233.0769,0.4502,0.7869
2015-02-14T00:41:59.511Z,5.156,73.2052,232.9319,0.3144,0.071,2.9844,64.7612,231.1473,0.28,0.046,83.0553,106.157,233.5379,0.4544,0.7841
2015-02-14T00:42:59.369Z,4.9197,72.6287,232.4244,0.3126,0.0693,2.3814,64.6183,231.2024,0.2798,0.0371,82.4797,105.4378,233.2341,0.4519,0.7836
2015-02-14T00:43:59.659Z,5.4768,73.9871,232.7948,0.3176,0.075,3.1432,65.7293,231.062,0.2849,0.0491,82.8454,106.1062,233.1002,0.4553,0.7823
2015-02-14T00:44:59.950Z,5.4699,72.6266,231.6681,0.313,0.0774,2.1552,65.6503,230.4127,0.2845,0.0342,82.3925,105.7482,233.0349,0.4535,0.7807
2015-02-14T00:45:59.241Z,4.9041,72.7229,231.3217,0.3144,0.0681,2.6606,65.7457,230.5414,0.2848,0.0409,82.4213,105.8346,232.9884,0.4544,0.78
2015-02-14T00:46:59.612Z,4.9832,72.1497,230.9975,0.3125,0.0704,2.6958,62.2737,229.7536,0.2711,0.0464,82.099,104.654,232.1856,0.4507,0.7865
2015-02-14T00:47:59.954Z,5.8671,71.2992,230.0299,0.3098,0.0836,2.9265,65.7093,229.642,0.2861,0.0445,80.915,104.2114,230.515,0.4522,0.7774
2015-02-14T00:48:59.691Z,5.5371,71.9248,229.2863,0.3136,0.0788,2.5351,66.0053,228.6332,0.289,0.0406,80.7378,104.5404,230.841,0.4526,0.7729
2015-02-14T00:49:59.904Z,5.4201,72.0252,230.6038,0.3124,0.0755,2.2065,65.3216,229.8171,0.2848,0.0346,81.6979,104.8533,231.5865,0.4529,0.7798
2015-02-14T00:50:59.300Z,4.9442,72.2989,231.4973,0.312,0.0662,2.7396,63.9002,230.653,0.2772,0.0438,81.5303,104.7449,232.4264,0.4507,0.7796
2015-02-14T00:51:59.111Z,4.9753,71.5907,231.4046,0.3092,0.0715,2.5766,65.1881,230.3215,0.283,0.0401,82.2486,104.6081,232.1555,0.4507,0.7868
2015-02-14T00:52:59.692Z,5.3611,72.4642,231.7901,0.3122,0.076,2.5333,65.7729,230.5955,0.2851,0.038,82.2724,104.5696,232.6185,0.4501,0.7882
2015-02-14T00:53:59.071Z,5.7771,73.3712,232.1886,0.3164,0.0802,2.4531,65.7459,230.9312,0.2842,0.0374,82.7169,104.9144,233.2061,0.4504,0.7894
2015-02-14T00:54:59.588Z,4.6835,73.828,232.6607,0.3173,0.0648,2.7986,63.2485,230.3892,0.2746,0.0446,82.4373,105.2691,232.8247,0.4521,0.7837
2015-02-14T00:55:59.864Z,4.7497,71.7988,232.3809,0.3092,0.0672,2.2117,66.1748,230.9767,0.2861,0.0349,82.7949,105.5527,232.7177,0.4537,0.7854
2015-02-14T00:56:59.845Z,4.8051,73.3578,232.3952,0.3153,0.0666,3.3213,65.3996,230.9853,0.2831,0.0518,82.2151,105.1349,232.8788,0.4513,0.783
2015-02-14T00:57:59.076Z,5.4317,71.8678,231.659,0.3102,0.077,2.6239,65.3083,230.6199,0.2831,0.0398,81.9419,105.8679,231.951,0.4562,0.7753
2015-02-14T00:58:59.526Z,6.1586,72.6028,231.3772,0.314,0.085,2.3449,66.7829,230.7379,0.2895,0.0359,81.4079,104.0999,231.1883,0.4497,0.7826
2015-02-14T00:59:59.034Z,5.5067,72.8543,232.8557,0.3133,0.0768,2.6077,64.9059,228.4386,0.2837,0.0402,82.9222,106.2288,233.3791,0.4554,0.7824
