2015-03-05T00:00:59.085Z,5.8856,73.1477,231.5649,0.3156,0.08,-7.6281,65.2701,231.2751,0.2823,-0.1214,91.2998,113.5696,234.3227,0.4844,0.8054
2015-03-05T00:01:59.550Z,7.236,74.1866,232.3864,0.3189,0.0988,-7.7123,67.847,230.6675,0.2944,-0.1165,92.2179,115.478,234.4845,0.4924,0.7991
2015-03-05T00:02:59.079Z,6.5532,75.035,233.2047,0.3217,0.0876,-7.592,67.4161,228.5216,0.295,-0.1149,92.5298,115.7812,235.2326,0.4923,0.7991
2015-03-05T00:03:59.296Z,7.8004,75.0905,233.0543,0.3225,0.105,-7.5747,67.4801,230.0017,0.2935,-0.117,92.7029,116.2151,235.0912,0.4943,0.7988
2015-03-05T00:04:59.667Z,5.7896,74.1945,232.5545,0.3185,0.0786,-7.0234,67.6982,231.7715,0.292,-0.1064,92.0065,114.2487,234.2471,0.4879,0.8059
2015-03-05T00:05:59.904Z,7.3866,74.7848,231.8385,0.3224,0.0984,-7.0953,68.3318,231.8849,0.2946,-0.1059,93.0536,116.6058,235.0059,0.4964,0.798
2015-03-05T00:06:59.295Z,6.7306,73.7409,232.571,0.3168,0.0923,-7.3451,68.9427,232.8518,0.296,-0.11,92.2272,114.9782,235.2849,0.489,0.8029
2015-03-05T00:07:59.717Z,6.8558,73.4509,232.1709,0.3162,0.094,-7.5641,68.7096,233.2221,0.2948,-0.1112,91.7993,114.9646,234.5908,0.4904,0.7987
2015-03-05T00:08:59.205Z,5.9703,73.364,232.1865,0.3165,0.0808,-7.6425,68.2552,232.2287,0.2938,-0.1142,91.2126,113.8843,233.4999,0.4875,0.8013
2015-03-05T00:09:59.492Z,5.7931,73.2865,232.5689,0.3155,0.0811,-7.7,66.6511,231.2771,0.288,-0.119,90.9943,113.3838,233.3513,0.4853,0.8037
2015-03-05T00:10:59.807Z,6.611,75.4215,233.1841,0.3234,0.0892,-7.7499,67.7962,232.2764,0.2918,-0.1162,91.2086,113.7929,233.4893,0.4877,0.8024
2015-03-05T00:11:59.078Z,6.1112,75.23,234.5368,0.3201,0.0816,-7.4263,65.4926,230.5854,0.284,-0.1134,92.3664,116.2873,234.6008,0.496,0.795
2015-03-05T00:12:59.542Z,6.5668,73.6304,234.3108,0.3148,0.0895,-7.8141,67.0286,231.6775,0.2893,-0.1174,92.3484,115.4145,235.5001,0.4909,0.8009
2015-03-05T00:13:59.847Z,5.9376,73.7767,234.0037,0.3151,0.0809,-7.0752,69.1727,233.4712,0.2964,-0.1038,91.9672,114.8,234.3849,0.4899,0.8026
2015-03-05T00:14:59.025Z,7.0118,74.1628,233.8687,0.3172,0.0958,-7.5437,69.2015,233.4282,0.2972,-0.113,91.923,114.5696,234.1967,0.4894,0.802
2015-03-05T00:15:59.309Z,6.0946,73.0364,233.7745,0.3122,0.087,-7.7683,67.6333,233.6537,0.289,-0.1161,91.7882,114.6768,234.3515,0.4897,0.8018
2015-03-05T00:16:59.926Z,6.1371,73.7797,233.953,0.3157,0.0836,-7.6251,67.9618,233.7101,0.2909,-0.1132,92.2788,115.5757,234.2358,0.4932,0.7995
2015-03-05T00:17:59.283Z,6.829,74.6729,233.5462,0.3199,0.0917,-7.7063,68.1698,233.3079,0.292,-0.1148,91.7584,116.0319,234.1502,0.4958,0.7918
2015-03-05T00:18:59.033Z,6.6716,73.3793,233.0145,0.3147,0.0918,-7.8468,67.9776,232.8075,0.2919,-0.1178,92.4656,115.4853,234.6046,0.4924,0.8007
2015-03-05T00:19:59.462Z,6.4812,72.5071,232.1814,0.3125,0.0909,-7.6713,67.3191,231.5649,0.2909,-0.1157,91.1666,113.8703,234.2451,0.486,0.8024
2015-03-05T00:20:59.739Z,6.4832,74.3356,233.3785,0.3186,0.0881,-7.8752,66.2046,233.0959,0.2843,-0.1225,92.7526,115.8903,234.8068,0.494,0.8009
2015-03-05T00:21:59.021Z,6.472,74.5333,234.2222,0.3188,0.0862,-6.9872,69.0098,234.1817,0.2943,-0.1013,92.363,115.4628,235.2729,0.4908,0.8006
2015-03-05T00:22:59.276Z,6.4176,74.8666,234.4697,0.3192,0.0864,-7.8074,68.4443,233.8208,0.2922,-0.116,92.4289,115.8409,235.2621,0.4923,0.7988
2015-03-05T00:23:59.500Z,6.3621,74.1964,232.9074,0.319,0.0875,-7.5823,67.2235,229.9879,0.2928,-0.1135,91.8614,115.0115,234.4286,0.4903,0.7995
2015-03-05T00:24:59.833Z,6.61,73.9695,232.0925,0.3177,0.0902,-7.7148,64.8855,228.2444,0.2844,-0.1209,91.9514,114.6427,234.2154,0.4889,0.8023
2015-03-05T00:25:59.214Z,6.5588,72.9133,231.786,0.3146,0.091,-7.3403,67.5184,230.8836,0.2924,-0.1123,90.5792,113.7399,233.0313,0.488,0.7976
2015-03-05T00:26:59.552Z,6.1863,73.0748,231.6402,0.3157,0.0844,-7.7752,66.7299,231.9876,0.2882,-0.1163,91.5953,113.1945,233.3226,0.4853,0.8099
2015-03-05T00:27:59.775Z,6.528,74.4916,232.0116,0.3209,0.0876,-7.129,66.3703,231.3224,0.2867,-0.1088,90.9913,113.6736,232.9249,0.4876,0.8011
2015-03-05T00:28:59.965Z,5.7367,73.7356,231.1731,0.3189,0.0778,-7.3488,67.8798,230.5095,0.2948,-0.1087,90.7708,113.8242,232.3245,0.4899,0.7988
2015-03-05T00:29:59.711Z,6.6691,73.855,231.7524,0.3184,0.0911,-7.6621,67.3491,228.9532,0.2942,-0.1137,90.1493,113.3391,231.9261,0.4886,0.796
2015-03-05T00:30:59.219Z,6.0563,75.0728,231.4298,0.3246,0.0809,-7.4532,66.195,229.0882,0.2888,-0.1143,90.1932,112.7324,231.4883,0.4869,0.8014
2015-03-05T00:31:59.473Z,6.323,73.3051,230.3223,0.3186,0.0874,-7.0797,66.8813,229.5508,0.2916,-0.1081,89.7298,113.1679,232.2089,0.487,0.794
2015-03-05T00:32:59.603Z,6.7191,73.1573,230.0381,0.3179,0.0913,-7.271,66.0768,229.4071,0.2877,-0.1141,90.763,114.1398,232.148,0.4916,0.7968
2015-03-05T00:33:59.801Z,6.3686,72.7868,230.8149,0.3152,0.0872,-7.9298,66.5477,229.9448,0.2893,-0.1209,90.5257,113.5759,232.4871,0.4883,0.7976
2015-03-05T00:34:59.359Z,7.2121,73.1388,231.8914,0.3154,0.1003,-7.6476,64.5401,227.7511,0.283,-0.1227,91.8979,114.1508,233.8057,0.4879,0.806
2015-03-05T00:35:59.600Z,7.1823,73.9119,232.0102,0.3188,0.098,-7.7063,67.1991,227.8146,0.2952,-0.1162,91.9471,114.1491,233.7643,0.4884,0.8057
2015-03-05T00:36:59.910Z,7.2351,73.9158,231.8066,0.3188,0.0984,-7.9381,67.2255,230.5805,0.2915,-0.1191,90.2547,113.6019,232.4916,0.4888,0.7942
2015-03-05T00:37:59.142Z,6.9518,73.4773,231.7479,0.3168,0.0952,-7.7183,67.152,230.2049,0.2914,-0.1164,89.7256,112.2694,231.6932,0.4849,0.7999
2015-03-05T00:38:59.729Z,6.5338,73.8157,232.2126,0.3176,0.0889,-7.1566,68.6697,230.3902,0.2981,-0.1074,90.502,113.5042,231.994,0.4895,0.7982
2015-03-05T00:39:59.521Z,7.0535,75.9653,231.1346,0.3288,0.0916,-7.3148,67.2248,229.2243,0.2935,-0.1119,89.2251,111.784,231.343,0.4829,0.7995
2015-03-05T00:40:59.810Z,5.9714,71.6213,230.8722,0.3101,0.084,-8.1546,66.3665,229.4357,0.2893,-0.1272,90.307,112.5637,231.83,0.4857,0.8036
2015-03-05T00:41:59.419Z,6.1042,73.6379,230.7286,0.3193,0.0834,-8.0196,67.1443,230.7537,0.291,-0.1244,90.7556,113.5233,233.2899,0.4862,0.7999
2015-03-05T00:42:59.690Z,6.2948,74.5211,231.142,0.3229,0.0853,-7.1434,66.7825,230.3177,0.29,-0.1081,90.9641,114.0801,233.0264,0.4897,0.7971
2015-03-05T00:43:59.248Z,6.3951,72.9817,231.3661,0.3152,0.0897,-7.9176,66.9501,229.9778,0.291,-0.1183,90.6299,113.6623,232.75,0.4884,0.7981
2015-03-05T00:44:59.215Z,5.8322,72.7724,231.3291,0.3144,0.0813,-7.9796,66.9551,230.4048,0.2904,-0.1234,91.2776,112.9005,232.8065,0.4855,0.8096
2015-03-05T00:45:59.650Z,6.5007,74.2338,231.5772,0.3207,0.0903,-7.369,67.3423,230.6551,0.2922,-0.1112,91.1382,113.8788,233.2664,0.4884,0.8011
2015-03-05T00:46:59.955Z,6.0449,73.4609,231.8393,0.317,0.0827,-7.1132,67.1696,231.3264,0.2897,-0.1069,90.861,114.7188,233.2478,0.4922,0.7932
2015-03-05T00:47:59.332Z,6.7222,73.0857,231.316,0.3157,0.0932,-7.5871,67.5796,231.0127,0.2924,-0.1139,91.0939,113.1043,232.8132,0.486,0.8051
2015-03-05T00:48:59.362Z,6.3438,73.4997,231.3488,0.3174,0.0869,-7.8482,67.0054,230.4351,0.2914,-0.1179,90.0943,112.47,231.9844,0.4855,0.802
2015-03-05T00:49:59.551Z,6.0304,72.1588,230.1316,0.3131,0.0843,-7.511,65.7927,230.3632,0.2858,-0.1207,88.7263,111.1255,230.5593,0.4818,0.7999
2015-03-05T00:50:59.769Z,6.2486,72.4848,230.1081,0.3148,0.0855,-7.798,67.4149,229.9896,0.2934,-0.1177,89.0065,111.5853,230.2888,0.4845,0.7978
2015-03-05T00:51:59.042Z,6.8481,72.5149,231.3703,0.3133,0.0958,-7.5583,65.93,227.3863,0.29,-0.1177,90.8566,113.634,232.0546,0.4902,0.8003
2015-03-05T00:52:59.437Z,6.1654,72.7096,231.4115,0.3143,0.0854,-7.7067,68.8907,228.8827,0.3008,-0.1127,90.3091,112.8708,231.8034,0.4874,0.801
2015-03-05T00:53:59.279Z,6.1529,73.7861,231.5581,0.319,0.0836,-7.7307,66.3857,230.4561,0.2878,-0.1187,90.9212,112.7638,231.7829,0.4864,0.8069
2015-03-05T00:54:59.536Z,5.5901,73.7512,231.3093,0.3185,0.0755,-7.3817,66.5379,230.303,0.289,-0.1147,90.0876,112.8439,231.3252,0.4878,0.7993
2015-03-05T00:55:59.787Z,6.2688,73.2687,231.1826,0.3166,0.0863,-7.9305,65.4671,230.2759,0.2847,-0.1223,89.782,112.8559,231.5127,0.4875,0.7965
2015-03-05T00:56:59.457Z,6.2562,74.6628,231.8792,0.3219,0.0837,-7.6548,67.4896,230.4582,0.2928,-0.1139,89.9428,112.4727,231.7732,0.4853,0.8006
2015-03-05T00:57:59.816Z,6.7822,72.9541,230.9158,0.3161,0.0941,-7.7972,66.362,229.2626,0.2893,-0.1208,88.9415,111.5235,230.3301,0.4838,0.7982
2015-03-05T00:58:59.898Z,6.3845,72.7163,231.0621,0.3144,0.0895,-7.9797,66.6584,229.3203,0.2904,-0.1202,89.0376,111.7964,230.5063,0.4851,0.797
2015-03-05T00:59:59.406Z,5.8468,73.9068,230.2004,0.3211,0.0798,-7.6208,65.1084,229.2177,0.2839,-0.1192,88.3979,110.7799,229.8688,0.4818,0.7981
