2015-04-24T00:00:59.655Z,4.7444,71.5312,230.7534,0.31,0.0665,-7.2696,65.9642,231.6486,0.2849,-0.1134,10.7049,67.4749,231.162,0.2915,0.1596
2015-04-24T00:01:59.854Z,5.1159,73.2685,230.4864,0.3175,0.0703,-6.7429,68.1664,232.0551,0.2935,-0.1001,11.1898,69.7243,231.6413,0.3013,0.1601
2015-04-24T00:02:59.288Z,5.6499,74.1443,230.5703,0.3211,0.0771,-7.405,67.6474,231.9782,0.2912,-0.1119,11.0799,66.8892,231.979,0.2884,0.1701
2015-04-24T00:03:59.740Z,5.5485,73.9485,231.7567,0.3195,0.0752,-7.6493,67.2659,232.8238,0.289,-0.1149,11.5548,69.5843,232.7696,0.2987,0.1666
2015-04-24T00:04:59.018Z,5.206,74.4617,232.1842,0.3209,0.0701,-6.9458,69.9407,233.3527,0.2994,-0.0999,11.3247,69.7698,232.9382,0.2993,0.1628
2015-04-24T00:05:59.271Z,4.9298,74.9027,232.0871,0.3234,0.0668,-6.9282,67.8866,232.6301,0.2918,-0.1035,10.904,69.1288,233.4958,0.296,0.1582
2015-04-24T00:06:59.522Z,5.327,75.2663,232.5587,0.324,0.0718,-6.8164,67.3922,232.783,0.2901,-0.1031,11.2462,71.1745,232.6111,0.3062,0.159
2015-04-24T00:07:59.647Z,5.9854,74.1132,231.9654,0.3197,0.0811,-7.7196,67.3355,232.8829,0.2887,-0.1162,11.3149,71.2478,232.6036,0.3064,0.1588
2015-04-24T00:08:59.810Z,5.2467,73.2056,231.7097,0.3156,0.073,-7.5529,67.7866,232.729,0.2915,-0.117,10.981,69.1746,232.3489,0.2975,0.1636
2015-04-24T00:10:59.240Z,5.3259,74.4572,231.9169,0.3212,0.0718,-7.2469,67.8208,232.9355,0.2914,-0.108,11.3152,68.5428,231.9588,0.2956,0.166
2015-04-24T00:11:59.698Z,5.0892,73.907,231.7732,0.3189,0.0701,-6.4591,66.7785,232.6957,0.2868,-0.098,11.2442,69.5896,230.8891,0.3021,0.161
2015-04-24T00:12:59.944Z,5.3608,74.546,232.3064,0.3208,0.0717,-7.3757,67.2966,232.4848,0.2898,-0.11,11.0162,68.982,229.8775,0.2999,0.161
2015-04-24T00:13:59.079Z,5.0571,72.9917,231.5789,0.3147,0.0702,-7.2826,67.6649,232.2785,0.291,-0.1089,11.2124,69.2107,229.8821,0.3016,0.1628
2015-04-24T00:14:59.371Z,5.5871,72.9628,231.1722,0.3153,0.0774,-7.7657,64.1771,231.2649,0.277,-0.1236,11.0227,65.9757,229.814,0.2872,0.1687
2015-04-24T00:15:59.548Z,5.5684,71.6129,232.0429,0.3089,0.0784,-7.2325,64.5454,229.3046,0.2814,-0.1138,11.0602,66.8825,231.0674,0.2892,0.1676
2015-04-24T00:16:59.762Z,5.5388,74.8119,232.414,0.322,0.0746,-7.6121,67.4907,229.4566,0.2941,-0.1155,11.3119,68.9237,230.7227,0.2988,0.1641
2015-04-24T00:17:59.960Z,5.4068,74.8769,232.9895,0.3214,0.0735,-7.5696,68.0809,232.3505,0.2933,-0.1119,11.4498,68.2986,230.6434,0.2965,0.1686
2015-04-24T00:18:59.167Z,5.5031,74.9297,232.4767,0.322,0.0738,-7.2272,66.8021,232.0589,0.288,-0.1093,11.1826,69.3586,231.0884,0.3002,0.1623
2015-04-24T00:19:59.592Z,5.2093,73.1791,232.3292,0.3147,0.0727,-7.4558,68.4415,232.352,0.2946,-0.1089,11.5802,69.7997,230.7746,0.3024,0.1649
2015-04-24T00:20:59.797Z,6.0595,74.2893,232.6072,0.3196,0.0824,-7.2012,66.7577,232.6745,0.2871,-0.1085,11.4097,68.6468,231.1957,0.2971,0.1664
2015-04-24T00:21:59.064Z,5.6743,74.0838,232.3969,0.3192,0.0776,-7.0915,68.8197,232.7335,0.2958,-0.1021,11.2243,70.5324,231.2702,0.3049,0.1608
2015-04-24T00:22:59.388Z,4.836,73.9854,232.2024,0.3184,0.0677,-7.3171,66.8261,232.3298,0.2874,-0.113,11.3671,67.5087,231.1237,0.2922,0.1722
2015-04-24T00:23:59.702Z,5.0724,75.0254,233.3149,0.3215,0.0688,-7.5047,67.0071,232.976,0.2879,-0.114,11.3787,68.0647,231.8515,0.2936,0.1692
2015-04-24T00:24:59.040Z,5.54,74.3531,233.2442,0.3188,0.0731,-6.9331,67.9321,232.3767,0.2921,-0.1049,11.285,68.3052,231.2294,0.2953,0.1654
2015-04-24T00:25:59.400Z,5.8168,73.8759,233.2089,0.3164,0.0807,-7.1641,71.0532,232.7878,0.3049,-0.1029,11.0109,69.1239,232.1662,0.2982,0.1592
2015-04-24T00:26:59.667Z,7.0955,73.2958,232.6041,0.3147,0.0982,-7.6831,68.2775,232.0511,0.294,-0.1137,11.891,69.0805,232.2573,0.2976,0.1725
2015-04-24T00:27:59.967Z,7.1476,75.0932,233.1852,0.3223,0.0965,-8.0699,69.3503,232.8489,0.2977,-0.119,11.1516,69.0678,231.6392,0.2981,0.1616
2015-04-24T00:28:59.141Z,7.2683,75.1596,233.2689,0.3216,0.0981,-7.2458,66.8866,232.6421,0.2872,-0.1104,11.1286,69.0606,231.7361,0.2984,0.1648
2015-04-24T00:29:59.435Z,7.0058,74.9913,233.5233,0.3211,0.0947,-7.561,69.2452,232.849,0.2977,-0.1092,11.3197,69.7269,232.6805,0.2997,0.1632
2015-04-24T00:30:59.638Z,7.1968,75.2076,232.903,0.3225,0.0974,-7.6839,67.8427,232.3985,0.2926,-0.1154,11.3173,68.2459,232.6816,0.2939,0.1658
2015-04-24T00:31:59.855Z,6.7747,74.9911,232.277,0.3231,0.0911,-7.7127,68.1607,231.9265,0.293,-0.1179,11.2524,69.1704,232.5188,0.2981,0.1641
2015-04-24T00:32:59.257Z,5.7396,73.9552,232.3744,0.3183,0.0799,-7.0083,68.6289,232.7081,0.2949,-0.1079,11.3546,69.5986,232.5183,0.2988,0.1641
2015-04-24T00:33:59.526Z,5.5343,74.0225,232.2598,0.319,0.0754,-7.6798,67.0248,232.3846,0.2884,-0.1179,11.3726,68.2873,232.7755,0.2933,0.168
2015-04-24T00:34:59.737Z,4.7087,74.4824,231.6378,0.3214,0.0636,-7.3988,67.6521,232.0771,0.2916,-0.1097,10.8126,68.3903,232.3887,0.2945,0.1589
2015-04-24T00:35:59.045Z,5.4154,75.4687,231.9118,0.3256,0.0724,-7.4793,68.6769,231.7104,0.2961,-0.1112,11.6539,68.5954,232.6809,0.2948,0.1704
2015-04-24T00:36:59.328Z,5.4897,73.8009,232.3281,0.3179,0.0758,-7.0833,65.6778,232.4876,0.2824,-0.1088,10.9086,70.107,232.987,0.3003,0.1571
2015-04-24T00:37:59.637Z,6.1052,74.4763,232.326,0.3204,0.0834,-7.8675,65.6908,232.0895,0.2833,-0.123,11.1099,69.6807,233.107,0.2993,0.1618
2015-04-24T00:38:59.786Z,7.0066,74.1874,232.3945,0.3187,0.0946,-8.1868,67.4516,231.8449,0.2911,-0.1222,10.948,68.8056,232.5301,0.296,0.1578
2015-04-24T00:39:59.044Z,7.399,73.9831,232.1583,0.3188,0.0997,-8.4037,67.2471,231.5917,0.2901,-0.1246,11.31,69.443,232.785,0.2983,0.1636
2015-04-24T00:40:59.524Z,6.7011,75.2078,232.516,0.3233,0.0902,-7.8944,69.1822,232.1737,0.2982,-0.1154,11.0433,68.3899,232.8829,0.2933,0.1626
2015-04-24T00:41:59.954Z,6.9414,74.783,232.4009,0.3214,0.0941,-7.4212,67.3482,231.9858,0.2903,-0.1122,11.2441,70.0685,232.4138,0.3014,0.162
2015-04-24T00:42:59.202Z,6.988,75.0984,232.9106,0.3224,0.0931,-8.4362,68.996,232.3293,0.2967,-0.1229,11.7011,70.9764,232.6139,0.3051,0.1658
2015-04-24T00:43:59.628Z,7.4188,74.0597,233.1705,0.3179,0.1012,-7.5602,69.2653,232.4321,0.2977,-0.1109,10.3341,68.6965,232.8746,0.2949,0.151
2015-04-24T00:44:59.888Z,6.7423,73.6257,232.8397,0.3163,0.0916,-7.2846,66.5726,232.0305,0.287,-0.1098,10.9568,69.3128,232.702,0.2977,0.1589
2015-04-24T00:45:59.163Z,6.2411,75.4267,232.8131,0.3242,0.0821,-7.3996,68.9155,232.1782,0.297,-0.1075,11.1275,69.8804,232.9807,0.3001,0.1597
2015-04-24T00:46:59.437Z,7.4073,74.3983,232.8945,0.3191,0.1008,-7.7651,69.8654,232.7086,0.3001,-0.1115,11.5787,68.9078,233.4427,0.2957,0.1682
2015-04-24T00:47:59.701Z,7.0413,73.9637,233.3448,0.3166,0.0951,-7.6216,68.0726,232.9718,0.2923,-0.1131,11.1233,70.5716,233.2047,0.3023,0.1597
2015-04-24T00:48:59.972Z,6.7732,74.9743,233.647,0.3205,0.09,-7.3166,67.6946,232.9365,0.2911,-0.1105,11.0935,69.6397,233.03,0.2989,0.1601
2015-04-24T00:49:59.454Z,7.2356,74.3418,234.6663,0.3166,0.098,-7.5684,67.6768,231.6484,0.2927,-0.1129,11.5894,70.2458,233.3006,0.301,0.1683
2015-04-24T00:50:59.656Z,7.0759,74.414,233.7888,0.3185,0.0967,-7.5691,67.6442,230.5426,0.2933,-0.1151,11.8536,69.2725,232.763,0.298,0.1708
2015-04-24T00:51:59.906Z,6.962,74.5253,233.5254,0.3189,0.0935,-7.638,67.652,232.958,0.2902,-0.1143,10.9698,68.1613,232.1456,0.2937,0.1624
2015-04-24T00:52:59.081Z,6.8939,73.6673,232.9299,0.3161,0.0943,-7.7839,67.5857,232.925,0.2906,-0.1156,11.2776,68.2159,232.4878,0.2938,0.1667
2015-04-24T00:53:59.300Z,6.5981,74.4085,232.9452,0.3192,0.0899,-7.5552,66.1729,232.9208,0.2845,-0.1152,11.5475,68.3349,232.4048,0.2942,0.1693
2015-04-24T00:54:59.520Z,7.5027,74.8744,233.3192,0.3208,0.1014,-8.2371,68.6371,230.9244,0.2969,-0.122,11.0362,68.888,233.3031,0.2954,0.1614
2015-04-24T00:55:59.681Z,7.0685,74.1927,231.6985,0.3199,0.0964,-8.0996,67.7832,230.3309,0.2944,-0.1216,11.0552,68.7371,233.2934,0.2948,0.1607
2015-04-24T00:56:59.008Z,7.3269,74.606,231.3646,0.3226,0.1004,-7.9956,68.6721,232.007,0.2963,-0.1179,11.7077,70.9017,232.2291,0.3054,0.1667
2015-04-24T00:57:59.261Z,6.5758,74.163,231.3468,0.3201,0.0885,-7.0332,69.3151,233.2783,0.2971,-0.1033,10.8818,67.8077,231.9073,0.2922,0.1611
2015-04-24T00:58:59.542Z,6.3233,72.3849,231.6652,0.3121,0.089,-7.3075,68.119,233.674,0.2914,-0.1099,11.7656,67.0791,232.4,0.2886,0.1791
2015-04-24T00:59:59.725Z,6.5626,74.4791,233.0456,0.3197,0.0887,-7.6993,68.7643,233.4269,0.2947,-0.1135,10.9268,70.1529,232.591,0.3019,0.1564
2015-04-24T01:00:59.105Z,7.0163,72.8954,232.634,0.3131,0.0978,-7.3697,67.5137,232.3354,0.2907,-0.1121,11.4376,68.0172,231.8433,0.2932,0.1703
2015-04-24T01:01:59.428Z,6.9347,74.7595,232.9452,0.3207,0.093,-6.8871,68.1297,232.6179,0.2927,-0.1024,11.3164,68.7562,232.2621,0.2959,0.1653
2015-04-24T01:02:59.657Z,7.1377,73.2662,232.909,0.3145,0.0974,-7.9825,65.8864,229.9843,0.2866,-0.1254,11.3387,66.895,233.0255,0.2871,0.1747
2015-04-24T01:03:59.963Z,6.5312,75.8577,232.4188,0.326,0.0855,-7.5381,66.8168,228.9614,0.2914,-0.1141,11.7053,68.8602,232.6963,0.2956,0.1704
2015-04-24T01:04:59.162Z,7.437,74.7619,231.9543,0.323,0.1004,-7.7327,65.8636,231.2559,0.2844,-0.118,10.9812,68.8878,231.8581,0.2968,0.1592
2015-04-24T01:05:59.518Z,7.8643,74.7682,232.1613,0.3224,0.1056,-7.6899,67.4025,231.9016,0.2905,-0.114,11.099,69.5862,232.2996,0.2998,0.161
2015-04-24T01:06:59.680Z,6.6934,75.188,232.4159,0.3236,0.0907,-7.769,67.4146,231.6352,0.2911,-0.1163,10.6405,70.1378,232.6575,0.3015,0.1524
2015-04-24T01:07:59.915Z,6.6537,75.0354,232.6429,0.3226,0.0898,-7.3235,68.1222,232.1504,0.2931,-0.1103,11.2796,69.2696,233.5524,0.2967,0.1638
2015-04-24T01:08:59.109Z,6.998,74.2611,231.7134,0.3206,0.0942,-7.8732,66.9113,230.905,0.2899,-0.1199,11.5103,69.9328,233.4259,0.2998,0.1652
2015-04-24T01:09:59.683Z,6.8482,75.3023,231.9159,0.3245,0.0924,-7.0908,66.8505,230.6716,0.2896,-0.1064,10.551,69.7352,233.4689,0.2983,0.1516
2015-04-24T01:10:59.848Z,6.976,73.7479,231.6951,0.3186,0.096,-8.0023,68.3729,230.6759,0.2967,-0.1193,11.8158,69.7603,233.4153,0.2985,0.1696
2015-04-24T01:11:59.186Z,6.4533,73.3108,232.0828,0.3159,0.0896,-7.4493,68.7906,231.1237,0.2978,-0.1113,11.0369,67.6336,233.2131,0.2899,0.167
2015-04-24T01:12:59.438Z,5.7646,73.5275,232.4305,0.3165,0.0787,-7.6073,64.9219,229.2324,0.2826,-0.1226,11.6199,67.401,234.282,0.2875,0.1779
2015-04-24T01:13:59.660Z,5.3941,73.5164,232.8892,0.3155,0.0733,-6.8618,66.8491,230.5135,0.2903,-0.1036,11.3768,70.1582,234.7129,0.2986,0.1634
2015-04-24T01:14:59.910Z,5.4579,75.1279,232.9276,0.3223,0.0729,-7.2932,68.5091,232.9655,0.2941,-0.1089,11.516,69.8531,234.0284,0.2986,0.1647
2015-04-24T01:15:59.211Z,5.3821,73.9544,232.7518,0.3171,0.0718,-7.0939,69.0446,232.8242,0.2964,-0.1039,11.365,68.7214,233.7887,0.2942,0.1651
2015-04-24T01:16:59.518Z,5.4017,75.419,232.6126,0.3245,0.072,-7.8743,67.1346,232.4624,0.2886,-0.119,11.6289,70.7901,233.8871,0.3026,0.1651
2015-04-24T01:17:59.695Z,5.5492,74.2257,232.3367,0.3192,0.0752,-6.9992,69.1133,232.6018,0.2969,-0.1033,11.8397,70.2829,233.714,0.301,0.1689
2015-04-24T01:18:59.058Z,5.1317,73.197,230.9388,0.3172,0.0704,-7.1298,67.5033,231.328,0.2917,-0.1069,10.8827,70.2011,232.073,0.3023,0.1561
2015-04-24T01:19:59.275Z,6.1388,73.5424,231.394,0.3174,0.0837,-6.6929,68.7738,231.7655,0.2969,-0.0996,11.3304,69.7729,232.2834,0.3003,0.1625
2015-04-24T01:20:59.507Z,6.6366,74.8269,231.6142,0.323,0.0895,-7.7473,67.4185,231.6266,0.2912,-0.1154,11.3013,69.2835,232.8358,0.2978,0.1633
2015-04-24T01:21:59.774Z,6.687,75.0229,232.0097,0.3235,0.0895,-7.8154,68.714,232.1832,0.2962,-0.1151,11.2227,69.0415,232.9502,0.2963,0.1627
2015-04-24T01:22:59.993Z,7.0737,73.9265,232.4662,0.3178,0.0963,-7.6034,67.7366,232.5864,0.2912,-0.1156,10.7156,68.1009,233.4821,0.2915,0.1591
2015-04-24T01:23:59.190Z,6.9559,73.721,232.3436,0.317,0.0956,-7.5892,66.915,232.477,0.288,-0.116,11.2124,70.036,233.4558,0.3003,0.1606
2015-04-24T01:24:59.435Z,7.2037,75.2649,232.7476,0.3232,0.0967,-7.4751,67.9436,231.9504,0.2932,-0.1108,10.7689,70.7648,232.6889,0.3044,0.1538
2015-04-24T01:25:59.598Z,7.7266,75.1486,233.4567,0.3215,0.1037,-7.9333,68.166,229.9054,0.2963,-0.1197,11.7795,69.8509,233.7736,0.2989,0.1692
2015-04-24T01:26:59.937Z,7.1708,73.851,232.9985,0.3174,0.0999,-7.6892,66.8597,231.0557,0.2898,-0.1163,11.3326,69.1529,233.8759,0.2955,0.166
2015-04-24T01:27:59.196Z,6.7684,74.0081,232.9037,0.3178,0.0921,-7.8354,66.7947,232.9579,0.2872,-0.1189,11.8382,70.296,233.73,0.3009,0.1688
2015-04-24T01:28:59.481Z,7.2752,76.1541,232.4398,0.3282,0.0956,-7.2819,68.7897,232.2615,0.2962,-0.1087,11.6054,69.6986,233.5425,0.2981,0.1662
2015-04-24T01:29:59.747Z,6.5818,75.306,232.5657,0.3234,0.0877,-7.8373,68.0404,231.9148,0.294,-0.1162,11.0429,69.7537,233.6652,0.2984,0.1581
2015-04-24T01:30:59.971Z,7.1201,74.3725,231.9874,0.3201,0.0973,-7.2647,67.4918,231.0433,0.2918,-0.107,11.6322,69.7559,232.9336,0.2992,0.1673
2015-04-24T01:31:59.333Z,7.2941,74.3598,232.993,0.3188,0.0974,-6.7112,68.7789,231.8359,0.2964,-0.0989,11.4469,70.1261,233.6337,0.3003,0.164
2015-04-24T01:32:59.607Z,6.871,74.8313,233.3724,0.3204,0.0929,-7.4252,68.3473,232.2657,0.2943,-0.1102,11.4786,69.1305,234.2501,0.2951,0.1684
2015-04-24T01:33:59.938Z,7.6118,73.8692,233.0541,0.3164,0.1051,-7.8615,67.9222,232.2716,0.2923,-0.119,11.376,69.2788,233.9512,0.2962,0.1652
2015-04-24T01:34:59.233Z,7.014,74.4834,232.904,0.3198,0.0947,-7.6766,68.7519,232.0496,0.2963,-0.1117,11.3404,69.0187,233.8188,0.2954,0.1641
2015-04-24T01:35:59.469Z,6.3157,73.8347,233.2295,0.3162,0.0846,-7.8936,68.5649,232.3824,0.2952,-0.1165,11.2723,69.2226,234.0744,0.2956,0.1631
2015-04-24T01:36:59.768Z,7.0907,75.3881,232.6015,0.3242,0.0965,-7.6513,67.0496,231.7289,0.289,-0.1175,11.6509,69.3888,233.4804,0.2979,0.1678
2015-04-24T01:37:59.050Z,7.6128,75.3347,232.6314,0.3237,0.1017,-7.4107,68.0304,232.0012,0.293,-0.1087,11.276,69.2186,233.6441,0.296,0.1633
2015-04-24T01:38:59.430Z,7.3179,73.9193,232.765,0.3176,0.1009,-7.7839,67.4966,232.2278,0.291,-0.1163,11.3523,70.0163,233.3734,0.3,0.1625
2015-04-24T01:39:59.719Z,6.8977,74.7409,233.3808,0.3204,0.092,-8.1151,66.9385,232.8297,0.2875,-0.1219,11.6162,71.6013,234.1509,0.3054,0.1616
2015-04-24T01:40:59.938Z,6.5736,74.7504,233.249,0.3195,0.0902,-8.1443,67.3212,232.9325,0.2888,-0.1211,11.3173,67.8668,234.498,0.2899,0.1664
2015-04-24T01:41:59.226Z,6.0799,77.0469,233.0571,0.3304,0.0804,-7.3127,68.4183,232.2158,0.2946,-0.1099,11.3691,69.6392,234.2462,0.2971,0.1629
2015-04-24T01:42:59.511Z,5.027,75.0327,233.4693,0.3215,0.0679,-7.7229,68.4817,233.0111,0.2943,-0.1138,11.6565,70.5139,234.3763,0.3008,0.1659
2015-04-24T01:43:59.091Z,5.4777,73.8532,233.8163,0.3158,0.0749,-6.9642,68.3819,233.5273,0.293,-0.1039,11.4827,70.5634,234.5074,0.3007,0.1634
2015-04-24T01:44:59.385Z,6.2127,75.3112,234.36,0.321,0.0829,-7.8318,69.3336,231.6381,0.2995,-0.1137,12.2492,70.3295,235.6512,0.2982,0.1744
2015-04-24T01:45:59.565Z,5.718,75.0824,233.3059,0.3218,0.0775,-7.3574,68.1657,231.4002,0.2951,-0.1085,11.6682,68.9234,233.8916,0.2949,0.1687
2015-04-24T01:46:59.811Z,5.0689,74.5504,231.782,0.3213,0.0674,-7.5014,66.5716,232.228,0.2863,-0.1133,11.4191,68.6362,232.8817,0.2945,0.1662
2015-04-24T01:47:59.983Z,5.4973,74.0252,231.7745,0.3195,0.0736,-7.9326,67.9311,232.5655,0.292,-0.1187,11.3032,69.5482,232.7632,0.2987,0.1634
2015-04-24T01:48:59.275Z,6.0069,74.0551,231.9306,0.3192,0.082,-7.1333,69.0464,232.7883,0.2968,-0.1054,11.6636,68.8266,233.1372,0.2944,0.1712
2015-04-24T01:49:59.562Z,7.2566,74.7557,231.351,0.3235,0.0978,-7.7767,67.5021,232.0757,0.2905,-0.1157,11.6942,68.9476,233.0584,0.2964,0.1697
2015-04-24T01:50:59.728Z,7.2419,74.4232,231.9535,0.3208,0.0973,-7.8414,68.2268,232.5514,0.2933,-0.1167,11.0944,70.8121,233.5673,0.3033,0.1581
2015-04-24T01:52:59.342Z,7.1486,73.6752,232.0002,0.3178,0.0981,-7.9456,65.8973,232.3675,0.2834,-0.1215,11.5748,69.5213,233.7483,0.2976,0.1681
2015-04-24T01:53:59.524Z,7.2536,74.0674,231.8703,0.3192,0.1008,-7.8507,68.0258,232.1073,0.2934,-0.1175,11.3366,69.3393,233.6061,0.2967,0.1639
2015-04-24T01:54:59.791Z,7.3,72.9014,231.7657,0.3145,0.1011,-7.8991,67.4216,232.0266,0.2908,-0.1166,11.2327,69.3815,233.029,0.2978,0.1607
2015-04-24T01:55:59.140Z,7.5853,75.2617,232.0904,0.3238,0.1017,-7.7661,67.5008,231.9294,0.2907,-0.1147,11.2257,70.1754,232.3327,0.3023,0.1599
2015-04-24T01:56:59.379Z,6.4782,72.6396,232.3313,0.3126,0.091,-7.5914,65.17,231.6996,0.2809,-0.121,11.644,67.9899,232.737,0.2915,0.1779
2015-04-24T01:57:59.732Z,5.5476,73.3582,232.5958,0.3155,0.0772,-7.0043,68.9404,233.1415,0.2957,-0.1073,11.0932,68.8807,232.6436,0.2963,0.1628
2015-04-24T01:58:59.043Z,5.7167,74.7157,232.5619,0.3207,0.0779,-7.7463,67.4069,232.9663,0.2896,-0.1143,11.3932,68.241,233.146,0.2928,0.1677
2015-04-24T01:59:59.233Z,5.5269,74.4489,232.0626,0.3204,0.0753,-7.1431,67.5757,233.6141,0.2893,-0.1069,11.2729,70.0575,234.0523,0.2991,0.1611
2015-04-24T02:00:59.647Z,5.2859,72.1474,231.417,0.3116,0.0758,-7.2632,66.4671,233.3395,0.2844,-0.1136,11.6146,66.5048,233.8022,0.2843,0.1769
2015-04-24T02:01:59.901Z,5.4026,73.2154,230.7948,0.3173,0.0746,-7.0599,66.7112,232.7187,0.2867,-0.11,10.7878,69.2777,233.0021,0.2975,0.1574
2015-04-24T02:02:59.106Z,6.8059,75.2398,231.3253,0.3252,0.0906,-6.8209,66.8408,232.5956,0.2876,-0.1036,11.4777,69.7721,233.7043,0.2986,0.1647
2015-04-24T02:03:59.451Z,6.9707,73.4713,232.5708,0.3157,0.0964,-7.8824,68.2754,232.6712,0.2929,-0.1168,11.4188,69.2407,233.7491,0.2963,0.1645
2015-04-24T02:04:59.744Z,6.9084,75.1224,232.8509,0.3225,0.0926,-7.5854,67.4364,231.9743,0.2908,-0.1156,11.5751,70.3229,234.3547,0.3001,0.1634
2015-04-24T02:05:59.891Z,7.1786,74.4054,232.4469,0.3197,0.0975,-8.4316,66.1719,231.8465,0.2849,-0.1274,11.3411,69.3462,233.9388,0.2957,0.164
2015-04-24T02:06:59.020Z,7.0643,75.3064,232.9112,0.3233,0.0957,-7.839,66.0086,232.3106,0.2839,-0.1189,11.1013,69.3182,234.7554,0.2952,0.1603
2015-04-24T02:07:59.241Z,7.2335,74.1279,232.3211,0.3189,0.0984,-7.5348,68.7562,231.6785,0.2962,-0.1108,11.9915,69.9363,234.3022,0.2984,0.1722
2015-04-24T02:08:59.370Z,7.0687,75.08,232.1063,0.3233,0.0943,-7.4947,67.013,231.2948,0.29,-0.1127,10.9877,68.6767,234.0915,0.2937,0.1605
2015-04-24T02:09:59.516Z,7.5284,75.1931,232.4431,0.3233,0.1015,-8.2403,67.1224,232.6843,0.2886,-0.1222,11.8853,68.1316,234.3496,0.2907,0.1757
2015-04-24T02:10:59.748Z,6.7311,75.2181,233.0426,0.3227,0.0896,-8.1808,69.1576,233.341,0.2964,-0.1202,11.533,70.2623,234.5657,0.2996,0.1648
2015-04-24T02:11:59.035Z,6.7249,74.4792,232.9613,0.3192,0.091,-7.68,67.1567,233.1581,0.2881,-0.1198,11.0167,71.2972,233.7834,0.3048,0.158
2015-04-24T02:12:59.240Z,7.3354,74.9123,232.5566,0.3222,0.0977,-7.8642,67.6718,232.5849,0.2908,-0.1168,11.2198,69.8875,234.2511,0.2982,0.1611
2015-04-24T02:13:59.452Z,7.2374,74.5647,232.2101,0.3211,0.0974,-7.7507,68.6586,232.5213,0.2956,-0.1138,11.6627,69.7956,233.9753,0.298,0.1674
2015-04-24T02:14:59.929Z,6.2962,74.9198,232.3463,0.3223,0.0838,-7.716,66.1565,232.5988,0.2846,-0.1163,11.3223,68.8582,233.8948,0.2942,0.1648
2015-04-24T02:15:59.139Z,6.7867,73.9272,232.5418,0.3176,0.0917,-7.5556,66.2008,232.698,0.2849,-0.1189,11.2574,69.0509,234.2412,0.2951,0.166
2015-04-24T02:16:59.360Z,5.0005,75.0569,232.5301,0.3224,0.0673,-8.1648,67.8043,233.0458,0.2909,-0.1199,11.5933,69.1356,233.5327,0.2956,0.1697
2015-04-24T02:17:59.587Z,5.3984,73.6369,232.6197,0.3165,0.0746,-7.4877,68.0532,233.3129,0.2918,-0.1122,11.6185,70.4097,233.5682,0.301,0.1652
2015-04-24T02:18:59.920Z,5.5646,74.1951,232.931,0.3187,0.0759,-7.1587,68.5941,233.9187,0.293,-0.1059,11.4628,69.6965,234.2474,0.2979,0.1653
2015-04-24T02:19:59.104Z,5.5335,74.4567,232.3136,0.3203,0.0742,-7.2539,69.149,233.349,0.2964,-0.107,11.5152,70.1206,233.8316,0.2997,0.1649
2015-04-24T02:20:59.350Z,5.4739,73.7321,231.6484,0.3182,0.0763,-7.6754,68.0413,232.9641,0.2921,-0.1152,11.1045,69.579,233.1701,0.2982,0.1599
2015-04-24T02:21:59.663Z,5.3963,75.0052,231.64,0.3245,0.0726,-7.4131,69.2718,232.8333,0.2975,-0.1097,11.5492,69.5546,233.3256,0.2984,0.167
2015-04-24T02:22:59.961Z,6.7609,73.1895,231.2879,0.3168,0.093,-8.0542,69.3375,232.0701,0.2984,-0.1168,11.2604,69.1974,233.5616,0.296,0.1638
2015-04-24T02:23:59.244Z,6.9632,74.4517,231.538,0.3211,0.0944,-7.7591,66.3412,232.0797,0.2856,-0.1176,11.5658,69.5372,233.8262,0.2972,0.1664
2015-04-24T02:24:59.624Z,6.3082,74.4228,232.0042,0.3207,0.0854,-7.9251,70.1089,232.3929,0.3016,-0.1148,11.4211,69.9795,234.0466,0.2988,0.1641
2015-04-24T02:25:59.981Z,6.8375,76.9675,232.168,0.3312,0.0896,-7.95,68.1737,232.0491,0.2937,-0.1191,11.7723,70.006,233.37,0.3001,0.1677
2015-04-24T02:26:59.197Z,7.3011,74.4647,231.7201,0.3218,0.0986,-7.8089,66.6832,231.7209,0.2874,-0.1178,11.1922,69.906,233.088,0.2997,0.1616
2015-04-24T02:27:59.457Z,7.1538,75.4098,232.2692,0.3246,0.0969,-7.8079,66.5434,232.0899,0.2864,-0.1191,10.7122,69.0293,233.31,0.296,0.1569
2015-04-24T02:28:59.804Z,6.574,75.4959,231.9308,0.3256,0.0881,-7.538,67.7314,231.9877,0.2915,-0.1124,10.8451,67.6412,232.4777,0.291,0.1602
2015-04-24T02:29:59.948Z,7.0658,73.4948,231.5513,0.3171,0.0966,-7.8807,68.1209,231.6348,0.2939,-0.1163,11.7334,69.3052,233.163,0.2979,0.1692
2015-04-24T02:30:59.202Z,343.6745,529.7204,230.5681,2.3045,0.2971,356.7863,562.0191,230.7083,2.4452,0.1624,650.4955,915.9572,231.0803,3.9876,0.6412
2015-04-24T02:31:59.440Z,1110.7326,1507.3234,230.1122,6.5494,0.7368,1174.3483,1625.372,230.2719,7.0586,0.7226,1616.2257,2180.0978,229.2273,9.5104,0.7416
2015-04-24T02:32:59.804Z,1169.9602,1556.5598,229.873,6.7716,0.7516,1247.511,1679.9368,230.0582,7.3021,0.7427,1685.1831,2237.7861,228.9583,9.7736,0.7526
2015-04-24T02:33:59.129Z,1168.3033,1583.8336,230.0653,6.884,0.7387,1224.2743,1627.9149,227.3488,7.1603,0.7518,1741.3999,2268.4303,229.8403,9.8698,0.7684
2015-04-24T02:34:59.388Z,1180.4794,1597.9688,230.2594,6.9397,0.7391,1239.4317,1635.8894,227.1279,7.2023,0.7579,1760.2864,2284.897,230.1302,9.9284,0.7702
2015-04-24T02:35:59.849Z,1211.9414,1585.3859,229.9048,6.8963,0.7647,1306.5129,1733.5248,230.0486,7.535,0.7532,1714.4742,2260.6957,228.7768,9.8814,0.7594
2015-04-24T02:36:59.220Z,1227.5784,1595.1176,229.7322,6.9434,0.7696,1328.9224,1748.1982,229.9956,7.6007,0.76,1736.2298,2278.0582,228.4734,9.9703,0.7607
2015-04-24T02:37:59.456Z,1245.3556,1614.7587,229.7347,7.0285,0.7704,1345.9785,1766.1129,230.5056,7.6617,0.7622,1752.4745,2291.5765,228.6863,10.0203,0.7647
2015-04-24T02:38:59.713Z,1286.5364,1648.3335,230.562,7.1491,0.7794,1358.3245,1799.4292,231.0602,7.7879,0.7548,1745.7181,2275.0567,227.9672,9.9791,0.7663
2015-04-24T02:39:59.871Z,1307.7441,1665.8224,230.2009,7.2368,0.7849,1367.678,1798.1937,230.2501,7.8092,0.7607,1768.7696,2280.1738,227.3684,10.0282,0.7764
2015-04-24T02:40:59.401Z,1301.8231,1682.5207,230.0779,7.3133,0.7741,1375.5837,1784.3207,230.0105,7.7571,0.7713,1819.1823,2335.6969,229.1691,10.1922,0.7795
2015-04-24T02:41:59.703Z,1310.5934,1690.6664,229.5318,7.3655,0.7751,1392.3884,1792.8497,229.7949,7.8018,0.7774,1836.8537,2353.0202,229.3728,10.2584,0.7804
2015-04-24T02:42:59.875Z,1265.1756,1652.8515,230.0491,7.1843,0.7649,1342.2344,1752.7461,229.8762,7.6243,0.7652,1788.3146,2313.0766,229.9262,10.0603,0.7733
2015-04-24T02:43:59.305Z,1248.6542,1642.6631,230.0434,7.1403,0.7595,1316.9183,1719.7869,229.3125,7.4997,0.7656,1781.2823,2297.6073,229.8436,9.9961,0.7758
2015-04-24T02:44:59.455Z,1244.3778,1639.2156,229.7869,7.1335,0.7596,1318.2969,1712.2669,229.2755,7.4679,0.7696,1788.8229,2301.1921,229.6378,10.021,0.7789
2015-04-24T02:45:59.658Z,1244.4142,1653.5499,229.3939,7.2085,0.753,1309.1847,1670.3416,226.7707,7.3652,0.7843,1842.1164,2329.7018,229.6696,10.143,0.7888
2015-04-24T02:46:59.869Z,1257.9264,1678.0164,230.6075,7.2765,0.7501,1312.5031,1691.0399,227.9311,7.4181,0.7759,1845.6115,2345.5822,230.9886,10.1539,0.7872
2015-04-24T02:47:59.143Z,1280.7934,1667.977,230.4776,7.2373,0.7683,1354.8811,1759.8878,230.1456,7.6467,0.7699,1801.0377,2316.0694,229.8672,10.0759,0.7793
2015-04-24T02:48:59.432Z,118.4199,215.0709,232.0038,0.9319,0.1402,114.316,219.1213,232.0332,0.9475,-0.0248,278.2707,365.8558,232.4708,1.5821,0.5534
2015-04-24T02:49:59.673Z,5.547,75.5097,232.0923,0.3251,0.0743,-7.2871,67.1282,232.2416,0.2889,-0.1114,11.8804,68.7468,232.9629,0.2946,0.1743
2015-04-24T02:50:59.903Z,5.6731,73.6702,232.4251,0.3169,0.0782,-6.559,66.9536,232.8041,0.2876,-0.1029,10.8876,70.0947,233.4929,0.3004,0.1593
2015-04-24T02:51:59.270Z,5.5548,74.6146,232.3724,0.3211,0.0756,-6.2349,70.6204,232.2636,0.3046,-0.0898,10.8483,69.0938,233.6306,0.2963,0.1567
2015-04-24T02:52:59.521Z,5.4909,74.5666,232.383,0.3203,0.074,-7.4459,67.2272,232.0327,0.2895,-0.1124,11.4274,70.6852,233.9261,0.302,0.1614
2015-04-24T02:53:59.850Z,5.3876,75.5477,232.347,0.3249,0.0734,-7.0509,69.1553,232.0716,0.298,-0.106,11.097,69.4218,233.8915,0.2966,0.1592
2015-04-24T02:54:59.082Z,5.1449,74.1409,232.025,0.3189,0.0692,-7.115,66.5223,231.9902,0.287,-0.108,10.7586,69.8406,233.6537,0.2993,0.155
2015-04-24T02:55:59.566Z,5.8181,73.5571,231.9884,0.3171,0.0801,-7.5536,66.2309,231.9446,0.2855,-0.1189,11.1947,67.9112,232.7857,0.2916,0.1682
2015-04-24T02:56:59.789Z,5.1022,73.9162,232.009,0.3184,0.0704,-7.023,67.7587,231.7851,0.2922,-0.1043,10.8718,70.7149,232.1934,0.3046,0.1539
2015-04-24T02:57:59.950Z,5.1578,73.8819,232.2327,0.3177,0.0701,-7.1081,67.4279,232.2164,0.2903,-0.1079,11.5915,69.4044,232.8465,0.298,0.1666
2015-04-24T02:58:59.185Z,5.3189,75.0531,232.4741,0.3228,0.0711,-7.1894,68.4698,232.2899,0.2942,-0.1081,11.4069,68.6349,232.9067,0.2949,0.166
2015-04-24T02:59:59.343Z,5.0944,75.3725,232.4974,0.324,0.0689,-7.5788,66.7833,231.9977,0.2874,-0.1162,11.5181,66.7988,233.4427,0.2863,0.1738
2015-04-24T03:00:59.430Z,5.3454,72.6589,232.3601,0.3123,0.0741,-7.0211,64.4124,231.5859,0.2782,-0.1124,11.1807,67.8833,233.6381,0.2899,0.1666
2015-04-24T03:01:59.814Z,5.1338,75.2832,232.0685,0.3244,0.0687,-6.7959,68.8622,231.5563,0.297,-0.1001,10.9822,68.7031,232.7753,0.2951,0.1589
2015-04-24T03:02:59.109Z,5.6867,73.682,230.7654,0.3193,0.0781,-7.3207,67.4624,231.0594,0.2916,-0.111,10.6687,67.4158,231.3072,0.2914,0.1582
2015-04-24T03:03:59.376Z,6.0737,73.8522,230.8642,0.3201,0.0839,-7.0998,67.3017,231.0543,0.2913,-0.11,11.091,68.0348,231.2115,0.2948,0.1635
2015-04-24T03:04:59.717Z,4.7737,74.5475,230.9157,0.323,0.0653,-6.9489,68.4002,232.0488,0.2949,-0.1035,10.5982,68.5803,231.8304,0.2962,0.1552
2015-04-24T03:05:59.155Z,5.2937,73.7778,231.1349,0.3191,0.0723,-7.0667,67.5533,231.4544,0.2919,-0.1074,11.0834,67.718,232.1116,0.2919,0.1676
2015-04-24T03:06:59.468Z,6.6982,75.1799,231.4533,0.3244,0.0905,-7.4381,67.0638,229.2347,0.2927,-0.1124,11.0379,70.5745,233.5931,0.3022,0.1549
2015-04-24T03:07:59.789Z,6.7793,73.916,230.7418,0.3203,0.092,-7.8257,68.927,232.2322,0.2968,-0.1153,11.5788,70.1661,233.3354,0.3007,0.1657
2015-04-24T03:08:59.102Z,6.3977,74.667,229.7723,0.3247,0.086,-7.0686,68.8917,232.0906,0.2968,-0.1047,10.8987,67.4962,232.7594,0.2898,0.1627
2015-04-24T03:09:59.475Z,6.8629,74.0387,230.0296,0.3218,0.0953,-7.4441,65.3618,232.0111,0.2816,-0.1166,11.1255,68.7579,232.3534,0.2959,0.1642
2015-04-24T03:10:59.658Z,6.8213,74.1625,230.9237,0.3211,0.094,-7.0149,66.6673,230.4297,0.289,-0.1053,11.0319,69.57,233.4102,0.2982,0.1602
2015-04-24T03:12:59.462Z,6.7798,74.6352,232.3739,0.3211,0.0915,-6.9729,66.4298,230.0676,0.2886,-0.1056,10.7439,69.9251,233.6066,0.2991,0.1542
2015-04-24T03:13:59.703Z,7.4033,74.6197,232.0366,0.3218,0.1004,-7.64,67.6129,231.4947,0.2917,-0.1143,11.1741,68.7364,232.1611,0.296,0.1629
2015-04-24T03:14:59.922Z,7.0532,74.0709,232.5535,0.3186,0.0967,-7.8804,67.6287,229.3637,0.2949,-0.1191,10.8125,69.9802,232.9282,0.3008,0.1553
2015-04-24T03:15:59.119Z,7.5782,74.9446,232.4363,0.3224,0.1024,-7.661,65.7894,227.0899,0.2893,-0.1174,11.1636,70.0657,233.2767,0.3002,0.1602
2015-04-24T03:16:59.376Z,7.2226,74.4281,232.9229,0.3192,0.099,-7.7866,65.7142,227.3613,0.2893,-0.1182,11.1811,70.4015,233.6534,0.3014,0.1592
2015-04-24T03:17:59.679Z,7.0214,72.3116,233.2493,0.3092,0.0991,-7.7708,66.1547,226.8999,0.2916,-0.1183,11.2676,69.6604,234.3886,0.2966,0.1629
2015-04-24T03:18:59.871Z,7.6636,75.3688,232.7832,0.3234,0.102,-7.4066,65.3557,226.4182,0.2885,-0.114,11.4142,70.7665,234.124,0.3016,0.1608
2015-04-24T03:19:59.025Z,6.8226,74.2084,232.3403,0.3193,0.0926,-7.5424,63.8216,226.8322,0.2819,-0.1208,10.6102,67.8811,233.4885,0.2903,0.1591
2015-04-24T03:20:59.277Z,6.8841,67.5343,231.8552,0.2916,0.1051,-7.4999,60.0637,227.6363,0.2639,-0.1346,11.0532,64.5936,232.6901,0.2774,0.1778
2015-04-24T03:21:59.722Z,6.3033,66.4459,230.4629,0.2882,0.0992,-7.1064,60.6496,228.7633,0.2647,-0.126,11.0926,61.6532,233.3316,0.2641,0.1952
2015-04-24T03:22:59.141Z,5.514,68.88,229.7187,0.3,0.081,-7.2131,60.7474,229.5296,0.2648,-0.1319,10.7971,62.0751,233.2789,0.2662,0.1854
2015-04-24T03:23:59.386Z,5.2304,69.9001,229.9837,0.3041,0.0777,-7.4013,58.3437,230.2108,0.2537,-0.1474,10.745,63.5717,230.4075,0.2759,0.1746
2015-04-24T03:24:59.584Z,5.1601,65.5796,229.069,0.2866,0.0823,-6.868,57.12,232.0687,0.2464,-0.1392,10.966,56.8505,228.2427,0.249,0.2104
2015-04-24T03:25:59.890Z,4.8215,64.7332,227.1918,0.2847,0.0755,-7.2308,58.5157,231.4622,0.2523,-0.1402,10.3353,59.2691,230.9554,0.2569,0.1932
2015-04-24T03:26:59.359Z,6.0841,66.1703,228.5002,0.2897,0.0946,-6.2913,59.1033,231.3693,0.2548,-0.1204,11.0891,58.7709,230.8607,0.2549,0.1998
2015-04-24T03:27:59.617Z,4.8092,65.6363,229.7864,0.2861,0.0779,-7.3746,54.7977,228.4008,0.2402,-0.1574,10.7424,57.8661,231.616,0.2502,0.2014
2015-04-24T03:28:59.891Z,5.2576,64.7608,230.8704,0.2804,0.0821,-7.2657,53.2362,229.4193,0.2323,-0.1627,11.0227,58.3747,232.8986,0.2503,0.2076
2015-04-24T03:29:59.175Z,5.3494,70.1308,231.1771,0.303,0.0773,-7.5916,63.0793,231.5554,0.2723,-0.1252,10.7713,62.4269,232.4774,0.2682,0.1844
2015-04-24T03:30:59.527Z,5.4278,71.6919,230.7132,0.311,0.0768,-6.8326,65.4793,231.9287,0.2825,-0.1089,11.5084,66.2695,231.9136,0.2852,0.1764
2015-04-24T03:31:59.938Z,5.595,73.435,229.8789,0.3198,0.0764,-7.1884,66.9092,228.0613,0.2934,-0.1074,10.9836,68.8793,232.4849,0.2958,0.1609
2015-04-24T03:32:59.199Z,6.9864,74.3578,228.9787,0.3249,0.0938,-7.8096,65.7612,228.5046,0.2878,-0.1204,10.9951,69.8373,232.9641,0.2997,0.1571
2015-04-24T03:33:59.488Z,7.0895,73.3508,228.8198,0.3208,0.0974,-8.0173,66.7964,229.2581,0.2912,-0.1213,11.1433,71.1709,233.0103,0.3055,0.1592
2015-04-24T03:34:59.809Z,7.0601,72.9592,229.0464,0.3182,0.0979,-7.8111,65.9045,229.6246,0.2869,-0.1249,10.9632,67.57,233.2085,0.2898,0.1675
2015-04-24T03:35:59.003Z,6.8884,73.7294,229.816,0.3209,0.0954,-7.4199,65.4093,229.3508,0.2849,-0.117,10.9014,68.7324,232.4901,0.2961,0.1619
2015-04-24T03:36:59.157Z,7.2346,74.4025,230.2799,0.3229,0.0985,-8.413,67.97,229.7405,0.2962,-0.1256,11.1364,69.4223,231.6923,0.2997,0.1613
2015-04-24T03:37:59.405Z,7.7926,73.8522,230.2532,0.3203,0.1066,-7.4954,65.6916,229.2956,0.2864,-0.1168,11.1758,70.1855,233.1846,0.3009,0.1601
2015-04-24T03:38:59.566Z,7.2578,74.9518,229.9932,0.3261,0.0973,-8.0939,65.7251,229.1202,0.2867,-0.1254,10.9793,68.5725,233.0443,0.2946,0.1605
2015-04-24T03:39:59.674Z,7.3908,74.5673,230.1454,0.3242,0.0991,-8.2034,64.8126,228.8075,0.2834,-0.1298,11.2046,66.7405,232.1654,0.2871,0.1704
2015-04-24T03:40:59.937Z,7.2588,74.0562,230.3497,0.3215,0.0987,-7.4467,66.0468,228.8277,0.2886,-0.1154,11.3676,68.2311,231.8678,0.2941,0.1689
2015-04-24T03:41:59.209Z,7.0767,72.984,230.6728,0.3167,0.0978,-7.9272,67.66,228.6606,0.2956,-0.12,10.8942,70.0786,231.2212,0.3031,0.1566
2015-04-24T03:42:59.653Z,5.6468,74.7745,230.1974,0.3246,0.0765,-7.3501,70.0904,228.9996,0.3062,-0.1077,11.142,68.3543,230.2357,0.2971,0.1632
2015-04-24T03:43:59.987Z,4.7417,72.9108,229.2609,0.318,0.0663,-7.3191,67.103,230.7008,0.2902,-0.1116,10.9638,68.8593,229.2773,0.3009,0.1609
2015-04-24T03:44:59.159Z,6.8866,73.9817,229.6902,0.322,0.0943,-7.6726,67.299,230.4929,0.2922,-0.1145,10.8969,68.7245,230.9553,0.298,0.1588
2015-04-24T03:45:59.503Z,7.2367,73.9372,230.1416,0.3209,0.1,-7.6875,66.5518,230.021,0.2889,-0.1145,10.6015,69.8734,231.9102,0.3009,0.1516
2015-04-24T03:46:59.892Z,6.9704,73.1811,230.0598,0.3179,0.0965,-8.2252,65.3324,228.104,0.2862,-0.1269,11.6523,71.3001,232.2303,0.3071,0.1637
2015-04-24T03:47:59.217Z,6.7789,73.4156,229.2147,0.3197,0.0918,-7.2912,67.0557,227.5857,0.2948,-0.1112,10.9556,69.1971,231.428,0.2992,0.1594
2015-04-24T03:48:59.449Z,7.0089,73.5029,229.9268,0.3196,0.0974,-7.6258,67.3868,229.4725,0.2936,-0.1137,10.9827,70.162,231.9285,0.302,0.1575
2015-04-24T03:49:59.711Z,6.9441,74.6078,229.6993,0.325,0.0946,-7.4554,67.5408,231.0126,0.2926,-0.1112,10.6299,68.3568,232.0838,0.2945,0.1589
2015-04-24T03:50:59.046Z,5.2082,73.8189,230.2497,0.321,0.0713,-7.0162,67.01,231.0093,0.2899,-0.1072,11.3332,69.0008,232.4277,0.2971,0.1664
2015-04-24T03:51:59.560Z,5.357,72.1114,230.0765,0.3134,0.0751,-7.1215,67.1154,230.9919,0.2909,-0.107,11.3192,69.7311,232.1618,0.3007,0.1642
2015-04-24T03:52:59.872Z,6.0104,73.9171,230.6823,0.3205,0.0827,-7.5946,67.048,229.0842,0.2926,-0.1157,11.6188,68.2973,232.9916,0.2929,0.1722
2015-04-24T03:53:59.101Z,5.5524,74.3046,231.0837,0.3211,0.0765,-7.4669,67.6469,228.4609,0.2966,-0.1128,11.2272,68.5837,233.3236,0.2939,0.1637
2015-04-24T03:54:59.320Z,4.9877,72.5098,230.8226,0.314,0.0688,-7.3607,65.8373,229.7473,0.2867,-0.1155,10.8158,68.6733,232.6066,0.2952,0.1614
2015-04-24T03:55:59.496Z,5.5718,73.7631,230.8055,0.3198,0.0757,-6.5679,68.302,231.5534,0.2952,-0.0974,11.4975,71.0247,232.2788,0.3059,0.1609
2015-04-24T03:56:59.816Z,5.3656,74.401,230.5413,0.3229,0.0737,-7.1879,67.3581,231.5515,0.2907,-0.1076,11.1874,68.8744,232.4152,0.2965,0.1629
2015-04-24T03:57:59.140Z,5.8529,73.5912,230.6887,0.319,0.0804,-6.8379,68.6747,232.0116,0.2958,-0.1,11.7376,70.3177,232.5999,0.3022,0.1656
2015-04-24T03:58:59.522Z,4.9904,74.0742,230.2987,0.3215,0.0693,-6.907,67.6039,231.5463,0.2921,-0.1043,10.8711,68.7377,232.0341,0.2961,0.1598
2015-04-24T03:59:59.706Z,5.6277,72.9368,230.4889,0.3164,0.077,-7.4432,66.6304,228.6584,0.2913,-0.1113,11.1335,69.6665,232.0686,0.3,0.1609
2015-04-24T04:00:59.117Z,5.5141,72.2541,230.0971,0.3137,0.0756,-6.9507,65.2157,227.1563,0.2869,-0.1064,11.3436,68.227,231.2334,0.2956,0.169
2015-04-24T04:01:59.558Z,5.3205,73.929,229.3645,0.3221,0.0728,-6.4705,68.2686,228.6354,0.2989,-0.0966,11.1301,67.755,230.309,0.2942,0.1643
2015-04-24T04:02:59.939Z,6.0953,74.2604,228.8823,0.3245,0.0819,-7.6143,66.6903,228.2093,0.2918,-0.1162,11.1697,69.2045,229.973,0.3005,0.1625
2015-04-24T04:03:59.142Z,5.2828,75.389,230.0519,0.3276,0.071,-7.6493,67.303,229.3488,0.2932,-0.1156,11.1729,69.1701,231.1568,0.2992,0.1626
2015-04-24T04:04:59.540Z,5.5319,74.323,230.748,0.3218,0.0742,-7.1013,67.7623,230.2762,0.2945,-0.1048,11.4177,68.5871,231.767,0.2958,0.1676
2015-04-24T04:05:59.021Z,5.6305,73.7882,230.9646,0.3192,0.076,-7.5287,66.9901,231.4569,0.2891,-0.1138,10.8845,68.6842,232.1969,0.2962,0.1597
2015-04-24T04:06:59.349Z,5.3338,75.269,231.0042,0.3255,0.0721,-7.3492,67.6477,231.829,0.2922,-0.1097,11.1686,68.0975,232.2348,0.293,0.1635
2015-04-24T04:07:59.646Z,5.6351,74.1321,231.7137,0.3198,0.0759,-7.4396,67.5645,229.9907,0.294,-0.1097,11.7037,70.5967,233.1682,0.303,0.1662
2015-04-24T04:08:59.851Z,5.431,74.6367,231.547,0.3221,0.074,-7.7559,68.5607,231.0237,0.297,-0.1145,11.3901,69.0403,233.3667,0.2962,0.1664
2015-04-24T04:09:59.154Z,5.455,74.072,231.2314,0.3208,0.0732,-6.9909,67.9143,232.2108,0.2924,-0.1082,11.6344,69.4242,233.1411,0.2976,0.1693
2015-04-24T04:10:59.427Z,5.3558,74.5858,231.3915,0.3218,0.0734,-7.1899,68.8705,232.684,0.296,-0.1056,11.5981,69.3144,233.7637,0.2964,0.1671
2015-04-24T04:11:59.671Z,5.4209,74.6079,230.8858,0.3227,0.073,-6.9449,68.4921,232.2301,0.2956,-0.1035,10.8102,69.8193,234.0055,0.2986,0.157
2015-04-24T04:12:59.036Z,5.765,73.6462,231.7669,0.318,0.0782,-6.8512,68.8901,233.105,0.2954,-0.1006,11.5378,70.7118,234.4299,0.3013,0.1626
2015-04-24T04:13:59.316Z,5.772,72.8953,232.1446,0.3138,0.0807,-6.781,68.1003,232.0716,0.2943,-0.1031,11.2389,68.6323,233.4566,0.2935,0.1666
2015-04-24T04:14:59.540Z,5.1905,74.7455,231.9963,0.3224,0.0697,-6.9366,67.3517,231.3857,0.2912,-0.1048,11.5499,68.9597,232.7082,0.2965,0.1677
2015-04-24T04:15:59.793Z,5.7334,75.1424,232.961,0.3229,0.0769,-6.8016,68.9576,229.4463,0.3003,-0.0995,11.0629,69.7188,233.9258,0.2985,0.1584
2015-04-24T04:16:59.974Z,5.9577,74.8473,233.2564,0.321,0.0803,-7.5497,65.6232,228.427,0.287,-0.1155,11.233,69.7473,234.1612,0.2975,0.1621
2015-04-24T04:17:59.266Z,5.6867,74.9399,232.6696,0.3224,0.0756,-7.488,67.8849,230.8494,0.2942,-0.1099,11.1097,72.0037,234.0114,0.3076,0.1564
2015-04-24T04:18:59.396Z,5.5084,74.9027,233.2768,0.3203,0.0747,-7.2207,68.3777,233.3402,0.2931,-0.1065,11.438,69.7597,233.564,0.299,0.163
2015-04-24T04:19:59.583Z,5.5689,74.5736,233.1805,0.3197,0.0747,-7.2217,68.0927,233.9066,0.2916,-0.1089,11.4221,69.306,233.8435,0.2959,0.1649
2015-04-24T04:20:59.839Z,5.7536,73.5379,233.3184,0.3145,0.0784,-7.3184,67.2512,233.3781,0.2881,-0.1114,11.6315,69.7751,234.1949,0.2981,0.1676
2015-04-24T04:21:59.228Z,5.6962,75.4531,233.523,0.323,0.076,-7.5139,68.4777,233.2976,0.2938,-0.1091,10.9771,68.6357,233.5713,0.2934,0.1593
2015-04-24T04:22:59.799Z,5.8748,74.8652,232.5282,0.3217,0.0789,-6.7845,68.937,232.8422,0.2957,-0.1004,11.7726,68.4343,233.0722,0.2943,0.1716
2015-04-24T04:23:59.202Z,5.3586,74.0094,231.3101,0.3198,0.0731,-7.7314,67.2737,232.0198,0.2899,-0.1179,11.6833,71.2416,233.0891,0.3053,0.1648
2015-04-24T04:24:59.456Z,5.3224,75.3068,232.3337,0.324,0.0704,-7.2644,65.5852,230.9646,0.2844,-0.1146,10.8722,69.6019,233.829,0.2979,0.1595
2015-04-24T04:25:59.772Z,6.2737,74.0009,232.9043,0.3176,0.0843,-7.5073,66.8022,228.76,0.2916,-0.1142,11.2363,69.1689,233.1442,0.2973,0.1624
2015-04-24T04:26:59.988Z,5.4778,73.7613,232.6391,0.3174,0.075,-7.3891,66.4642,231.348,0.2868,-0.1124,11.2983,69.0393,231.7747,0.2978,0.1642
2015-04-24T04:27:59.295Z,5.4046,75.7463,232.7226,0.3254,0.0723,-7.4988,67.2591,232.606,0.2894,-0.112,11.4946,67.644,232.7123,0.2909,0.1691
2015-04-24T04:28:59.568Z,4.9487,74.7265,232.4562,0.3213,0.068,-7.4865,67.1847,232.7603,0.2886,-0.1141,11.3896,69.9093,232.9691,0.3003,0.1633
2015-04-24T04:29:59.778Z,5.6512,75.3525,233.9413,0.3214,0.0754,-7.6429,69.4633,233.4467,0.2976,-0.1132,11.4813,68.8627,232.8945,0.2956,0.1668
2015-04-24T04:30:59.101Z,5.9749,75.9819,234.671,0.3236,0.0792,-8.0004,67.359,232.4098,0.2893,-0.1194,11.3921,68.9813,232.6242,0.297,0.1649
2015-04-24T04:31:59.390Z,5.5748,74.8513,234.4153,0.3188,0.0744,-6.9965,68.6962,232.8186,0.2953,-0.1027,11.1748,69.0129,233.2485,0.296,0.1624
2015-04-24T04:32:59.558Z,5.3857,74.8513,232.9197,0.3212,0.0718,-7.2865,68.6365,232.6034,0.2952,-0.1061,11.2558,69.608,233.0149,0.2986,0.1618
2015-04-24T04:33:59.671Z,5.6725,73.7164,232.6762,0.3167,0.0778,-6.7975,64.876,232.0678,0.2798,-0.1076,11.3109,67.7385,232.4711,0.2919,0.1704
2015-04-24T04:34:59.987Z,5.7764,73.5695,232.1293,0.3169,0.0798,-6.6035,67.3368,231.2795,0.2912,-0.0997,11.5902,69.6638,232.2289,0.3005,0.1664
2015-04-24T04:35:59.147Z,5.379,74.8288,231.54,0.3224,0.0718,-7.2563,66.8883,229.4576,0.292,-0.1103,11.0737,70.4301,233.5928,0.3013,0.1584
2015-04-24T04:36:59.383Z,5.5284,73.9173,231.4041,0.3195,0.0755,-7.3264,66.8827,230.093,0.2905,-0.1105,11.5091,69.4347,233.3984,0.298,0.1663
2015-04-24T04:37:59.689Z,5.7821,74.4623,231.2163,0.3216,0.0778,-6.9724,68.7342,231.1426,0.297,-0.1034,10.9376,68.756,232.4197,0.2957,0.1597
2015-04-24T04:38:59.016Z,5.0679,73.3034,231.8244,0.3164,0.0689,-7.133,67.1273,231.1384,0.2904,-0.1104,11.5422,67.4834,232.0239,0.2904,0.1762
2015-04-24T04:39:59.512Z,5.9746,73.6257,231.6003,0.3179,0.0826,-7.1584,67.2372,231.0347,0.2908,-0.1077,11.4125,68.6495,231.502,0.2966,0.1657
2015-04-24T04:40:59.997Z,4.9787,74.2487,233.1524,0.3186,0.0683,-7.0542,68.1517,231.172,0.2948,-0.1055,10.9874,66.3962,229.0585,0.2903,0.1655
2015-04-24T04:41:59.295Z,5.4045,74.6693,233.0603,0.3201,0.0727,-7.5027,67.567,231.3606,0.2926,-0.1119,10.8398,68.9697,231.4198,0.298,0.1587
2015-04-24T04:42:59.075Z,5.3022,74.3936,232.7465,0.3195,0.0725,-6.5148,69.7584,231.0974,0.3016,-0.0982,11.4132,68.1697,231.8057,0.2938,0.171
2015-04-24T04:43:59.318Z,5.7012,74.3837,231.1259,0.3213,0.0773,-7.4744,66.0527,231.2991,0.2853,-0.1184,10.7419,68.0013,231.8404,0.2935,0.1637
2015-04-24T04:44:59.609Z,6.9341,74.0036,230.5936,0.3209,0.096,-7.2437,69.1057,232.394,0.2966,-0.106,11.5448,69.9786,232.0307,0.3016,0.1659
2015-04-24T04:45:59.898Z,6.7966,74.1101,230.3824,0.3214,0.0941,-7.904,67.7112,232.0997,0.2916,-0.1173,11.2388,69.6395,232.2402,0.3002,0.1623
2015-04-24T04:46:59.163Z,6.6117,74.2324,229.9987,0.3224,0.0897,-6.5326,69.5178,230.7717,0.3012,-0.0956,11.2994,68.8504,232.0291,0.2962,0.1661
2015-04-24T04:47:59.484Z,6.9173,73.6411,230.2288,0.3196,0.0946,-7.5241,65.6102,227.7669,0.2877,-0.1154,10.8902,69.0904,232.1086,0.2969,0.1588
2015-04-24T04:48:59.852Z,7.0898,72.8087,230.5836,0.3155,0.0987,-7.4202,66.401,227.2071,0.292,-0.1159,11.2927,68.5075,231.9597,0.2948,0.1669
2015-04-24T04:49:59.152Z,6.4737,74.5708,231.5849,0.3217,0.0883,-7.901,66.8008,229.0991,0.2918,-0.1224,10.8582,67.2408,228.1306,0.2944,0.165
2015-04-24T04:50:59.474Z,7.3522,72.8068,231.1874,0.3148,0.1017,-7.1784,66.1733,228.4659,0.2898,-0.1084,11.0827,67.5574,228.2299,0.2959,0.1643
2015-04-24T04:51:59.853Z,6.5943,72.8827,230.7118,0.3162,0.0925,-7.5373,68.5087,228.8767,0.2985,-0.1133,11.2035,68.426,230.0233,0.2974,0.1643
2015-04-24T04:52:59.244Z,6.6947,73.3321,229.9638,0.3188,0.0944,-7.5251,66.8708,228.7069,0.2926,-0.1123,11.0789,68.7778,231.747,0.2967,0.1617
2015-04-24T04:53:59.742Z,6.7082,73.5891,230.8999,0.319,0.0921,-7.4595,66.3471,229.4993,0.2896,-0.1156,11.4544,68.6344,232.7801,0.2952,0.1687
2015-04-24T04:54:59.969Z,7.5013,74.9951,230.7412,0.3249,0.1013,-7.211,66.6604,229.0239,0.291,-0.1098,11.0695,68.6809,232.2072,0.296,0.1618
2015-04-24T04:55:59.196Z,7.4098,73.3369,230.2644,0.3183,0.1012,-7.6821,66.6844,228.2544,0.2919,-0.1149,11.0878,70.5248,232.2156,0.3039,0.1571
2015-04-24T04:56:59.534Z,6.7374,73.8238,230.5132,0.3198,0.0932,-7.8467,67.4563,228.6185,0.2951,-0.1173,10.9667,69.489,232.2739,0.2991,0.158
2015-04-24T04:57:59.883Z,6.5452,72.8711,230.4501,0.3163,0.0925,-7.4518,65.7938,228.9092,0.2869,-0.1154,11.0775,68.9556,231.8382,0.2971,0.1604
2015-04-24T04:58:59.084Z,6.9858,74.0018,229.5552,0.3224,0.0944,-7.5856,66.1073,228.4886,0.2894,-0.1169,10.9492,69.125,231.6472,0.2984,0.1597
2015-04-24T04:59:59.247Z,7.3166,73.4634,229.7315,0.3199,0.1003,-7.598,66.4851,227.5792,0.2919,-0.1151,11.0048,69.282,232.564,0.2981,0.1579
