2015-05-07T00:00:59.149Z,6.6268,67.5819,233.2589,0.2895,0.0996,-7.5111,61.6855,235.057,0.2627,-0.1236,11.1774,64.5435,235.2438,0.2738,0.1749
2015-05-07T00:01:59.481Z,6.4496,69.0486,231.9126,0.2975,0.0949,-7.5868,64.3499,234.6089,0.2743,-0.1214,11.2171,65.2152,234.5452,0.2785,0.1744
2015-05-07T00:02:59.835Z,6.4775,70.2082,230.7049,0.3043,0.093,-7.4987,62.2167,233.1114,0.2666,-0.1227,11.1248,65.8248,233.302,0.2822,0.1692
2015-05-07T00:03:59.990Z,6.1354,68.7955,230.3903,0.2978,0.0903,-7.6378,61.3443,232.8091,0.2634,-0.127,11.1985,62.8107,233.5399,0.2686,0.1827
2015-05-07T00:04:59.409Z,6.1984,70.0109,230.1717,0.3043,0.0893,-7.1677,61.1349,232.6326,0.2622,-0.1202,11.1464,63.7393,232.9076,0.2734,0.177
2015-05-07T00:05:59.645Z,6.241,69.9303,230.5471,0.3029,0.0899,-6.9915,63.7601,232.0144,0.2751,-0.1119,10.9684,64.4873,232.7168,0.2771,0.1714
2015-05-07T00:06:59.980Z,6.2433,69.847,230.0082,0.3039,0.0886,-7.2222,62.5341,231.8096,0.2693,-0.1161,11.25,65.333,232.7021,0.2807,0.1743
2015-05-07T00:07:59.613Z,6.2408,71.0813,230.777,0.3078,0.089,-7.4849,63.6375,231.8846,0.2747,-0.1172,10.8921,65.522,232.4872,0.2817,0.1684
2015-05-07T00:08:59.170Z,6.1984,69.8219,231.3192,0.3021,0.0916,-7.0034,63.3759,232.4522,0.2729,-0.1138,11.6453,63.9768,232.2028,0.2753,0.1842
2015-05-07T00:09:59.585Z,6.5005,69.1932,230.9588,0.2996,0.0967,-7.2831,62.8033,232.1914,0.27,-0.1166,11.1221,65.1277,231.8854,0.2805,0.171
2015-05-07T00:10:59.127Z,6.4894,69.4922,230.3287,0.3012,0.0938,-7.2453,65.579,231.5302,0.2832,-0.1137,11.0996,64.9496,231.7312,0.2806,0.1714
2015-05-07T00:11:59.411Z,6.9954,70.1312,230.7043,0.3039,0.1,-7.0068,62.2307,231.6313,0.2685,-0.1135,10.3778,64.201,232.1572,0.2763,0.1639
2015-05-07T00:12:59.151Z,6.3758,69.4649,230.9717,0.3004,0.0933,-7.2856,60.0363,231.9477,0.2582,-0.1229,10.9739,63.2232,232.6331,0.2719,0.1752
2015-05-07T00:13:59.265Z,6.2873,69.1166,230.6145,0.2996,0.093,-6.9475,62.3287,231.3784,0.2692,-0.1167,11.11,63.2993,232.1501,0.2726,0.18
2015-05-07T00:14:59.433Z,6.6897,69.6491,230.8327,0.3015,0.0979,-7.4613,60.2605,231.7716,0.2595,-0.1243,11.3154,63.5503,232.9315,0.2734,0.178
2015-05-07T00:15:59.598Z,5.6001,69.9116,230.1552,0.304,0.081,-7.6769,60.1788,231.4264,0.2595,-0.1289,11.3511,62.2487,232.2653,0.2684,0.1827
2015-05-07T00:16:59.911Z,6.0204,70.3247,230.9889,0.3042,0.086,-7.331,62.0333,232.2004,0.2673,-0.1215,11.4066,65.2882,232.9753,0.2807,0.1769
2015-05-07T00:17:59.841Z,5.98,69.7999,230.0931,0.3032,0.0857,-7.1432,62.2676,231.4291,0.2687,-0.116,11.3676,64.6346,232.187,0.2788,0.1755
2015-05-07T00:18:59.545Z,5.9106,69.1392,229.0414,0.3021,0.0854,-7.0066,60.8803,230.914,0.2637,-0.1187,11.4149,64.6051,231.8858,0.2788,0.1808
2015-05-07T00:19:59.896Z,6.2296,67.9035,229.2939,0.2958,0.0926,-6.8683,62.4545,231.1043,0.2701,-0.1105,11.0128,65.4309,231.626,0.2829,0.169
2015-05-07T00:20:59.354Z,6.133,69.1804,230.7666,0.2993,0.0888,-6.8604,65.0629,231.3862,0.2816,-0.1086,11.0351,63.4413,232.1322,0.2733,0.1749
2015-05-07T00:21:59.850Z,6.4851,70.3475,230.7238,0.3048,0.0926,-6.8007,62.6851,230.9821,0.2713,-0.11,11.2388,63.8565,232.1896,0.2751,0.1755
2015-05-07T00:22:59.957Z,6.8138,69.6115,230.9445,0.3015,0.0993,-7.2779,60.9382,231.3064,0.2636,-0.1176,11.4673,62.6814,233.02,0.2693,0.1835
2015-05-07T00:23:59.312Z,6.3232,70.2737,231.3023,0.3036,0.0908,-6.7489,61.985,230.764,0.2684,-0.1113,10.8679,64.1159,233.1316,0.2749,0.173
2015-05-07T00:24:59.085Z,6.2722,69.8129,231.558,0.3007,0.0921,-7.0584,62.2292,228.0433,0.2724,-0.1146,11.0719,65.5164,232.9817,0.281,0.1699
2015-05-07T00:25:59.331Z,4.5233,70.1699,231.7209,0.3029,0.0656,-7.3377,62.7702,229.9291,0.2731,-0.1175,10.9344,63.8568,232.3829,0.2749,0.1724
2015-05-07T00:26:59.825Z,4.4177,70.0143,231.2685,0.3025,0.0642,-6.7,63.8609,231.304,0.2757,-0.1073,11.1965,65.2307,231.713,0.2816,0.1728
2015-05-07T00:27:59.072Z,5.0071,69.7084,231.696,0.3008,0.0727,-7.0984,63.8578,231.5169,0.2762,-0.1112,11.2492,63.9477,232.0177,0.2759,0.1782
2015-05-07T00:28:59.330Z,5.2601,69.1971,231.5842,0.2988,0.0769,-6.5263,61.3357,231.4632,0.2656,-0.1136,11.2095,62.6075,232.0118,0.2692,0.1836
2015-05-07T00:29:59.563Z,4.8354,69.2225,231.266,0.2992,0.0704,-7.0888,62.6597,231.8669,0.2705,-0.1137,11.0295,64.8009,232.0886,0.2787,0.1703
2015-05-07T00:30:59.878Z,6.1308,70.2388,229.7058,0.3053,0.0872,-6.9989,61.9455,231.7746,0.2674,-0.1133,10.5978,64.0504,231.7673,0.2763,0.1663
2015-05-07T00:31:59.281Z,6.4626,69.1703,229.7699,0.3014,0.0944,-7.1873,63.5582,231.7526,0.2741,-0.1139,11.471,64.4247,231.2848,0.279,0.1793
2015-05-07T00:32:59.652Z,6.4413,69.5464,230.5898,0.3013,0.0943,-6.9866,63.0377,232.7816,0.2708,-0.1136,11.3848,63.9949,232.2591,0.2755,0.1808
2015-05-07T00:33:59.079Z,6.0949,68.8868,229.8663,0.2991,0.0901,-7.146,63.455,232.6312,0.2728,-0.1157,11.2524,63.5062,231.7587,0.2739,0.1791
2015-05-07T00:34:59.486Z,6.4386,69.9755,229.3523,0.3055,0.0926,-7.5241,64.4193,232.072,0.2777,-0.1191,10.8387,64.811,231.4796,0.2802,0.1675
2015-05-07T00:35:59.094Z,6.2731,69.3954,229.0588,0.3028,0.091,-7.7036,63.0583,231.8972,0.272,-0.1219,10.9784,65.3694,231.3794,0.2823,0.1686
2015-05-07T00:36:59.366Z,6.0511,69.6397,230.667,0.302,0.0876,-7.3509,63.3854,232.0787,0.2729,-0.1172,11.2932,64.8967,231.4724,0.2802,0.1762
2015-05-07T00:37:59.545Z,5.8835,68.9257,229.7986,0.3005,0.0863,-7.4313,61.0781,231.2666,0.2641,-0.1247,11.2207,64.2499,230.66,0.2787,0.1787
2015-05-07T00:38:59.188Z,5.9367,68.7551,229.5957,0.2993,0.0888,-7.7779,62.1219,230.9588,0.2689,-0.13,11.3519,63.3028,230.3618,0.2747,0.1817
2015-05-07T00:39:59.523Z,5.973,69.2934,229.5799,0.302,0.0885,-6.768,63.5825,230.8684,0.2758,-0.1085,11.4784,63.0511,230.5984,0.2734,0.1814
2015-05-07T00:40:59.193Z,6.5467,69.8917,230.1187,0.3039,0.0959,-6.8739,63.2936,231.3946,0.2734,-0.1114,11.225,62.9129,231.0331,0.2723,0.179
2015-05-07T00:41:59.739Z,5.8687,70.3488,231.2343,0.3043,0.0823,-7.2972,62.8693,231.5199,0.2715,-0.1178,11.4158,65.1554,231.4714,0.2816,0.1768
2015-05-07T00:42:59.150Z,5.7919,69.1279,230.7328,0.2991,0.0846,-7.1869,61.5846,231.4662,0.2658,-0.1231,11.4577,64.103,230.9454,0.2781,0.1854
2015-05-07T00:43:59.414Z,6.6184,69.2378,231.6867,0.299,0.0951,-6.7674,62.2391,231.3343,0.2693,-0.1118,10.87,63.7701,230.8877,0.276,0.1748
2015-05-07T00:44:59.733Z,6.8784,69.7723,232.049,0.3005,0.0995,-7.1222,62.6335,232.0361,0.2701,-0.1145,11.4588,64.2549,231.5182,0.2776,0.1784
2015-05-07T00:45:59.552Z,6.2801,69.6309,231.912,0.2998,0.0898,-7.7567,63.1936,231.7862,0.2722,-0.123,11.0202,64.61,231.1828,0.2793,0.1718
2015-05-07T00:46:59.753Z,6.8475,70.2524,231.5815,0.3035,0.0977,-7.3091,63.9464,231.663,0.2762,-0.1164,11.2773,64.9402,230.7419,0.2815,0.1756
2015-05-07T00:47:59.186Z,6.4913,70.0318,231.6394,0.3022,0.0943,-6.9819,63.0186,231.7953,0.2718,-0.115,11.2591,65.2237,230.7979,0.2822,0.1759
2015-05-07T00:48:59.477Z,6.2201,70.7599,231.513,0.3052,0.0882,-7.5179,62.6724,231.6817,0.2707,-0.1211,11.357,63.9417,232.1543,0.2751,0.1797
2015-05-07T00:49:59.702Z,5.7896,69.8184,230.7923,0.3029,0.0834,-7.6588,62.2931,231.8996,0.2688,-0.1238,11.3945,65.4459,232.2332,0.2814,0.1762
2015-05-07T00:50:59.379Z,5.6216,69.4262,228.999,0.3025,0.0824,-6.8665,63.7262,231.8958,0.2747,-0.1091,11.2232,64.129,231.7574,0.2769,0.1763
2015-05-07T00:51:59.562Z,6.2288,69.4104,228.8743,0.3033,0.0904,-7.1292,62.7109,231.9101,0.2698,-0.116,10.8797,63.8597,231.8481,0.2757,0.1716
2015-05-07T00:52:59.114Z,6.0814,68.7118,228.9377,0.2999,0.0898,-7.6688,63.6428,231.1006,0.275,-0.1222,11.4889,65.357,232.0161,0.2814,0.1759
2015-05-07T00:53:59.428Z,6.2847,69.2166,229.2356,0.3009,0.0923,-7.3052,61.8996,228.6702,0.2701,-0.118,11.0054,65.2504,232.594,0.2805,0.1693
2015-05-07T00:54:59.959Z,5.7321,69.2229,228.9962,0.3021,0.0845,-7.2767,63.3452,231.0158,0.2748,-0.1159,10.8649,64.2804,231.9323,0.277,0.1697
2015-05-07T00:55:59.314Z,6.3608,71.306,229.9294,0.3099,0.0891,-7.0031,64.311,230.5559,0.279,-0.1131,11.2087,62.93,232.3943,0.2709,0.177
2015-05-07T00:56:59.701Z,6.4754,69.3163,230.3754,0.3007,0.0945,-7.7047,61.7821,231.0115,0.2671,-0.1291,11.4901,64.0712,233.2566,0.2747,0.1807
2015-05-07T00:57:59.970Z,6.0027,68.4228,231.0251,0.2954,0.0892,-7.3462,61.2593,231.4027,0.265,-0.1255,11.2753,64.5213,233.3726,0.2764,0.1774
2015-05-07T00:58:59.191Z,6.1992,68.7792,231.1046,0.2974,0.0921,-7.2764,62.4179,232.2519,0.269,-0.1162,11.0339,65.9697,233.193,0.2833,0.1684
2015-05-07T00:59:59.617Z,6.0357,69.2123,230.1766,0.3009,0.0882,-7.0668,63.1693,231.7422,0.2722,-0.1129,11.4666,64.7768,232.2065,0.2793,0.1789
