2015-05-03T00:00:59.214Z,6.0419,67.8363,231.6635,0.2926,0.0907,-7.974,60.2896,228.5292,0.2636,-0.1358,11.3088,62.1195,233.0925,0.2664,0.186
2015-05-03T00:01:59.443Z,6.3698,68.497,230.919,0.2966,0.0942,-7.73,61.582,230.5352,0.2677,-0.1295,11.24,62.8525,231.9088,0.271,0.1836
2015-05-03T00:02:59.857Z,7.2683,71.0137,231.4505,0.3071,0.1036,-7.2113,62.7321,231.2866,0.2711,-0.1159,11.7608,63.5304,232.3007,0.2734,0.1864
2015-05-03T00:03:59.189Z,6.9646,69.1516,231.6516,0.2988,0.1013,-7.5181,61.5063,231.2737,0.2657,-0.1239,12.0487,64.8993,232.3929,0.2794,0.1865
2015-05-03T00:04:59.864Z,6.2346,68.9621,231.8329,0.297,0.0921,-7.7814,63.3513,231.6648,0.2734,-0.124,11.3962,65.1486,232.1817,0.2805,0.1761
2015-05-03T00:05:59.534Z,6.4664,69.6424,231.9876,0.3008,0.0936,-7.8586,63.6595,232.1697,0.2738,-0.127,11.3032,64.2782,232.1507,0.2769,0.1786
2015-05-03T00:06:59.036Z,6.0644,69.4697,231.9962,0.2997,0.0874,-7.9244,60.8922,231.9682,0.2631,-0.1349,11.1318,65.8667,231.9152,0.2833,0.1718
2015-05-03T00:07:59.426Z,6.5743,70.4697,232.1409,0.3034,0.0936,-7.7004,64.0509,231.7182,0.277,-0.1235,11.5968,63.9282,232.1531,0.2754,0.1818
2015-05-03T00:09:59.769Z,6.6829,70.4899,232.4892,0.303,0.0967,-7.6476,62.659,231.3717,0.2705,-0.1246,11.6631,65.2937,232.6187,0.2805,0.1799
2015-05-03T00:10:59.181Z,5.9691,70.4512,232.37,0.3031,0.0863,-7.3311,63.5907,230.8767,0.2752,-0.1178,11.3055,63.4719,232.1856,0.2735,0.1811
2015-05-03T00:11:59.463Z,6.6535,69.3385,232.4602,0.2984,0.0998,-7.591,62.1584,231.0878,0.2687,-0.1247,11.6011,63.4975,232.6509,0.2732,0.1859
2015-05-03T00:12:59.191Z,6.4969,71.0657,232.3352,0.3056,0.0922,-7.62,63.7737,231.7697,0.2753,-0.1234,11.0428,64.1136,232.2026,0.2769,0.1748
2015-05-03T00:13:59.498Z,6.0451,70.7996,232.4833,0.3045,0.0879,-7.2948,64.1108,231.8929,0.2764,-0.1166,11.1287,65.7082,232.3748,0.2828,0.1701
2015-05-03T00:14:59.447Z,6.5253,69.9467,232.4623,0.3004,0.0942,-7.4864,63.1295,232.063,0.2716,-0.1204,11.3386,64.3514,232.6809,0.2764,0.1788
2015-05-03T00:15:59.079Z,5.2927,69.0108,232.1074,0.2977,0.0774,-7.3333,65.1962,232.2438,0.2802,-0.1133,11.1389,65.1966,231.8427,0.281,0.1716
2015-05-03T00:16:59.161Z,5.1385,70.5155,232.2774,0.3033,0.0741,-7.2653,63.3811,232.5763,0.2725,-0.1157,11.8193,63.8213,232.156,0.2751,0.189
2015-05-03T00:17:59.325Z,4.6635,69.908,232.3124,0.3012,0.0673,-7.1256,61.2103,232.8832,0.2627,-0.118,11.546,63.0051,232.2285,0.2718,0.184
2015-05-03T00:18:59.628Z,5.2688,70.8234,232.4415,0.304,0.0752,-7.3599,62.659,232.6098,0.2695,-0.1174,11.7314,64.6663,232.1323,0.2791,0.1852
2015-05-03T00:19:59.985Z,5.2058,71.0421,232.1412,0.3057,0.0745,-7.2597,63.2375,231.9895,0.2729,-0.1163,11.1925,63.294,231.2433,0.2737,0.1773
2015-05-03T00:20:59.408Z,4.6886,70.3892,231.8838,0.303,0.0671,-7.4082,64.2368,231.8726,0.2767,-0.1147,11.2973,63.6617,231.1343,0.2753,0.18
2015-05-03T00:21:59.674Z,4.8292,71.3182,232.0902,0.3073,0.0684,-6.6251,62.7052,232.3101,0.2698,-0.108,11.5731,65.7297,231.4785,0.2841,0.1777
2015-05-03T00:22:59.313Z,4.459,70.9434,231.7168,0.3061,0.0634,-6.9807,62.272,232.129,0.2687,-0.1141,11.6104,65.2098,231.3692,0.2814,0.179
2015-05-03T00:23:59.866Z,5.0355,70.6497,231.988,0.3038,0.0712,-6.9489,62.5196,232.2497,0.2696,-0.113,11.0135,64.9105,231.3385,0.2808,0.1695
2015-05-03T00:24:59.443Z,5.5334,70.8149,232.2779,0.3053,0.0791,-6.7831,64.6542,232.563,0.2781,-0.1071,11.9248,65.6679,231.8964,0.2832,0.1826
2015-05-03T00:25:59.461Z,4.3625,69.8036,232.2142,0.3007,0.0633,-7.1723,62.6993,232.6316,0.2696,-0.121,11.1103,62.9778,231.7102,0.2715,0.1784
2015-05-03T00:26:59.754Z,5.0834,69.7087,232.6783,0.3,0.0737,-7.0347,62.7837,232.2448,0.2704,-0.1162,11.5723,63.9813,231.8959,0.2759,0.1855
2015-05-03T00:27:59.853Z,4.6115,71.0637,232.5213,0.3057,0.0648,-6.9554,63.339,232.5162,0.2722,-0.1102,11.0044,64.6418,231.4937,0.2791,0.1726
2015-05-03T00:28:59.906Z,5.3552,70.7326,232.4689,0.3042,0.0773,-7.2958,63.9963,232.3796,0.2755,-0.1155,11.7794,64.3211,231.2055,0.278,0.1838
2015-05-03T00:29:59.388Z,4.7837,70.8351,232.3456,0.3046,0.0676,-7.0099,62.8791,232.5997,0.2704,-0.1117,10.7668,64.0648,231.1792,0.2777,0.1689
2015-05-03T00:30:59.613Z,4.6342,69.8182,232.0051,0.3003,0.0668,-7.1289,63.0963,232.4635,0.2715,-0.1181,11.3998,62.7322,231.5481,0.2711,0.1856
2015-05-03T00:31:59.071Z,4.7383,69.9791,232.0524,0.3016,0.0694,-7.2669,62.9439,232.6304,0.2704,-0.1183,11.3301,64.3311,231.87,0.2779,0.1811
2015-05-03T00:32:59.343Z,4.7104,69.584,231.8181,0.3001,0.068,-6.8692,62.8218,232.788,0.2697,-0.1102,11.5232,63.7244,231.9735,0.2738,0.1824
2015-05-03T00:33:59.690Z,4.6671,70.4285,232.2066,0.3033,0.0674,-7.3986,62.9875,232.8537,0.2702,-0.1187,11.7297,64.0167,232.3133,0.2751,0.1848
2015-05-03T00:34:59.509Z,5.2633,70.9144,232.374,0.3052,0.0752,-7.3823,64.7691,232.6804,0.2779,-0.1154,11.5568,64.7591,232.0329,0.2789,0.1794
2015-05-03T00:35:59.864Z,5.2802,68.9278,232.5228,0.2966,0.0771,-6.8664,61.8505,232.8332,0.2654,-0.1147,11.7389,64.8993,231.858,0.2797,0.183
2015-05-03T00:36:59.346Z,4.8208,70.5537,232.7568,0.3033,0.0691,-6.725,62.9322,233.3424,0.2699,-0.1066,12.0059,64.8758,232.787,0.2787,0.1859
2015-05-03T00:37:59.442Z,5.2704,70.097,232.242,0.3022,0.0749,-7.2956,62.5809,232.8157,0.2687,-0.1171,11.142,65.9767,232.5777,0.2836,0.1714
2015-05-03T00:38:59.775Z,5.1974,70.6805,232.0847,0.3048,0.0723,-7.0687,63.344,232.0457,0.273,-0.1146,11.4939,65.0848,232.4443,0.2802,0.1775
2015-05-03T00:40:59.611Z,4.9415,69.9258,232.151,0.3009,0.071,-6.8759,62.8578,232.0501,0.2709,-0.1121,11.6423,64.217,232.6403,0.2759,0.1817
2015-05-03T00:41:59.749Z,5.2545,70.1996,232.3251,0.302,0.0757,-7.3352,65.032,232.6713,0.2797,-0.1138,11.4501,64.5869,232.7329,0.277,0.178
2015-05-03T00:42:59.085Z,4.9902,70.7876,232.2419,0.3046,0.0706,-6.8684,63.8154,232.1729,0.2753,-0.1091,11.6899,64.425,232.6969,0.2769,0.1836
2015-05-03T00:43:59.739Z,5.1632,70.4005,232.1433,0.3035,0.0738,-6.6793,64.1527,231.6857,0.2767,-0.1058,11.3955,63.9988,231.4918,0.2764,0.1802
2015-05-03T00:44:59.126Z,5.0148,70.8337,232.3542,0.3048,0.0706,-7.0794,64.0199,231.4718,0.2768,-0.113,11.4186,64.8117,231.4104,0.2804,0.1769
2015-05-03T00:45:59.323Z,5.0971,69.3853,231.6137,0.2996,0.0744,-6.8167,61.3177,231.6282,0.2646,-0.1119,11.3829,63.3921,231.7052,0.2732,0.1808
2015-05-03T00:46:59.822Z,4.7243,70.2416,231.3816,0.3036,0.0672,-7.1721,61.6942,231.6121,0.2663,-0.1193,11.2614,65.3358,232.5461,0.281,0.175
2015-05-03T00:47:59.233Z,6.9883,69.2992,230.6862,0.3003,0.1029,-7.9709,65.3994,228.5358,0.2862,-0.1253,11.9544,64.9751,233.5992,0.2781,0.1858
2015-05-03T00:48:59.318Z,6.5731,69.3946,231.3098,0.2996,0.0964,-8.0654,61.7697,227.8085,0.2715,-0.1298,11.3578,65.6098,233.8356,0.2805,0.1738
2015-05-03T00:49:59.640Z,6.0533,70.3002,230.8284,0.3047,0.0873,-7.4603,62.7578,230.4524,0.2715,-0.1218,11.2405,64.7945,232.4142,0.2786,0.1737
2015-05-03T00:51:59.303Z,6.4196,70.7329,231.3395,0.3053,0.0924,-7.6616,63.9417,230.3614,0.2776,-0.1201,11.5704,63.9257,232.2629,0.2753,0.1824
2015-05-03T00:52:59.942Z,6.5826,70.4514,232.278,0.3036,0.0943,-7.0534,64.9795,230.0724,0.2824,-0.1117,11.8675,63.9562,231.6949,0.2759,0.1872
2015-05-03T00:53:59.337Z,6.4959,69.5584,232.5022,0.2991,0.095,-7.7163,62.3318,230.4674,0.2704,-0.1253,11.5391,65.0759,232.0739,0.2806,0.1791
2015-05-03T00:54:59.880Z,6.2955,69.3264,232.7616,0.2979,0.0925,-7.5264,63.2258,231.2643,0.2737,-0.1239,11.7484,64.5423,232.9737,0.2766,0.183
2015-05-03T00:55:59.360Z,6.5239,70.3963,233.0084,0.3027,0.0926,-7.3984,63.7739,232.4607,0.2743,-0.1181,11.8543,64.8112,233.0442,0.2782,0.1877
2015-05-03T00:56:59.686Z,6.2944,69.3307,232.9652,0.2978,0.0925,-7.5765,64.6713,232.6009,0.2777,-0.1174,11.8659,64.6177,233.3271,0.2774,0.1836
2015-05-03T00:57:59.953Z,6.6312,71.3232,232.893,0.3065,0.0941,-7.3265,63.8763,232.1148,0.2754,-0.1166,11.6213,64.1137,233.3033,0.2745,0.182
2015-05-03T00:58:59.408Z,6.8734,71.202,232.3168,0.3057,0.098,-8.4561,63.092,231.6738,0.2723,-0.1351,11.5039,64.1676,232.9073,0.2756,0.1799
2015-05-03T00:59:59.853Z,5.9308,70.8355,232.3615,0.305,0.084,-7.1554,62.409,231.4361,0.2697,-0.1174,11.4852,64.5457,232.9909,0.2772,0.1803
2015-05-03T01:00:59.493Z,6.7,66.9922,232.9126,0.2877,0.1028,-7.4833,61.5686,231.6716,0.266,-0.1274,11.3382,62.8137,233.0856,0.2696,0.1829
2015-05-03T01:01:59.878Z,5.9767,70.2227,232.7405,0.3015,0.0862,-7.6353,62.2715,231.8159,0.2688,-0.1242,11.4725,65.6618,233.1378,0.2811,0.1759
2015-05-03T01:02:59.183Z,7.1921,71.8502,232.7655,0.3088,0.1004,-7.4857,64.0684,231.8772,0.2763,-0.119,11.4949,64.83,232.8699,0.2785,0.1779
2015-05-03T01:03:59.661Z,6.7379,70.8759,232.9589,0.3042,0.096,-7.9102,63.4204,232.4723,0.2728,-0.1255,11.6728,65.6883,232.8809,0.2823,0.1796
2015-05-03T01:04:59.050Z,7.2286,70.1274,232.9587,0.3,0.1037,-7.5837,63.6444,231.7572,0.2746,-0.1218,11.4862,63.691,233.5211,0.2732,0.1812
2015-05-03T01:05:59.382Z,6.3315,70.1605,233.1432,0.3008,0.0909,-7.7907,62.0956,231.9173,0.2674,-0.1255,11.463,66.6721,233.4673,0.2858,0.1752
2015-05-03T01:06:59.852Z,6.3473,71.2536,233.3759,0.3047,0.0893,-8.0414,63.9289,232.0815,0.2757,-0.1272,11.825,64.6773,233.4939,0.2764,0.1841
2015-05-03T01:07:59.126Z,6.9184,71.1201,233.2569,0.3042,0.0976,-8.08,63.7716,232.0972,0.2748,-0.1294,11.5431,63.5144,233.5118,0.2724,0.1829
2015-05-03T01:08:59.495Z,6.4884,71.7382,233.6029,0.3074,0.0919,-7.2087,62.9807,232.6342,0.2709,-0.1159,11.7644,64.8822,232.9424,0.2782,0.1793
2015-05-03T01:09:59.500Z,6.5095,68.9321,232.9378,0.2956,0.0959,-7.3248,62.6076,232.6013,0.2689,-0.1209,12.1286,63.3311,233.1456,0.2718,0.1952
2015-05-03T01:10:59.872Z,5.9702,70.1832,232.9296,0.301,0.0862,-8.2721,64.4342,232.7433,0.277,-0.1315,11.6372,65.15,233.6499,0.2787,0.1825
2015-05-03T01:11:59.759Z,6.7868,71.577,232.9353,0.3071,0.095,-7.7081,64.2244,232.8626,0.2759,-0.121,12.0382,64.1069,233.9787,0.274,0.1882
2015-05-03T01:12:59.310Z,6.382,68.5006,232.9216,0.2939,0.0957,-7.6363,59.3003,232.8387,0.255,-0.1306,11.7573,63.9091,234.1748,0.2732,0.1853
2015-05-03T01:13:59.631Z,6.8229,70.3779,233.153,0.3023,0.0984,-7.8659,62.3473,232.9367,0.268,-0.1277,11.4426,64.9558,234.1207,0.2775,0.1767
2015-05-03T01:14:59.077Z,6.6617,69.6684,233.1622,0.2984,0.0977,-7.4882,63.6417,233.227,0.2728,-0.1221,12.1731,65.6077,234.3114,0.28,0.1884
2015-05-03T01:15:59.398Z,6.3605,70.2023,233.5965,0.2998,0.0909,-8.1449,61.8715,233.4125,0.2647,-0.1365,11.3752,64.7712,234.5662,0.2758,0.1781
2015-05-03T01:16:59.027Z,6.6987,70.6346,233.4164,0.302,0.0946,-7.9559,64.2671,233.381,0.2751,-0.1259,11.8205,65.1503,234.3423,0.278,0.1834
2015-05-03T01:17:59.795Z,6.4453,71.3947,233.6362,0.305,0.0916,-7.3936,64.2865,233.3059,0.2753,-0.1183,12.2754,64.9361,234.4465,0.2774,0.1901
2015-05-03T01:18:59.034Z,7.0381,70.7333,233.6823,0.3027,0.1003,-7.5264,63.8551,233.2631,0.2736,-0.1189,11.3231,64.7027,234.3929,0.2758,0.1744
2015-05-03T01:19:59.700Z,6.2393,71.7715,233.4025,0.3075,0.0865,-7.3805,63.7666,232.5989,0.2743,-0.1177,11.3368,64.1179,233.7996,0.274,0.1778
2015-05-03T01:20:59.095Z,6.83,69.6072,233.1534,0.2986,0.0982,-7.4347,62.171,232.2849,0.2679,-0.1219,11.3674,64.2104,233.0024,0.2756,0.1794
2015-05-03T01:21:59.455Z,6.8042,71.0389,233.2093,0.3048,0.0965,-7.5286,64.4122,232.242,0.2773,-0.1188,11.2582,64.8403,232.4308,0.2792,0.1743
2015-05-03T01:22:59.989Z,6.861,70.0191,233.2173,0.3003,0.0989,-7.6474,63.4835,232.4287,0.2733,-0.1221,11.3867,64.9158,233.163,0.2787,0.1764
2015-05-03T01:23:59.006Z,6.6448,71.0882,233.2392,0.3051,0.0942,-7.9344,63.1271,232.2449,0.2716,-0.1274,11.6721,63.1818,233.0499,0.2708,0.1861
2015-05-03T01:24:59.288Z,6.2882,71.2826,233.5118,0.3051,0.0888,-7.7205,63.6242,233.0554,0.2728,-0.1227,11.5822,65.4952,233.8243,0.28,0.1772
2015-05-03T01:25:59.713Z,6.9362,70.592,233.1775,0.3032,0.0997,-8.0015,63.6596,233.2805,0.2727,-0.127,11.287,66.2063,233.6781,0.2834,0.1731
2015-05-03T01:26:59.173Z,6.8764,69.8314,233.084,0.3001,0.0984,-7.3747,64.6553,233.0523,0.2777,-0.1184,11.5788,65.1887,233.4651,0.2798,0.1797
2015-05-03T01:27:59.381Z,6.6389,71.8149,232.9571,0.3083,0.092,-7.7555,62.67,233.014,0.2693,-0.1247,11.4796,64.6867,233.7367,0.2771,0.1775
2015-05-03T01:28:59.590Z,6.1315,69.3576,232.9007,0.298,0.0878,-7.6902,64.5656,232.8392,0.2773,-0.1213,11.1743,64.5467,233.1966,0.2769,0.1743
2015-05-03T01:29:59.354Z,6.7832,69.5382,233.0849,0.2986,0.0981,-7.2132,63.6487,232.8453,0.2737,-0.1196,11.9718,62.9641,232.5257,0.2711,0.1958
2015-05-03T01:30:59.237Z,6.8414,70.2987,232.5949,0.3022,0.0988,-7.2156,61.4535,232.7352,0.264,-0.1185,11.5048,63.2727,233.1524,0.2715,0.1825
2015-05-03T01:31:59.404Z,6.9348,70.1763,232.8375,0.3011,0.1001,-7.7231,61.6758,233.1468,0.2644,-0.1248,11.4341,63.8287,233.2623,0.2738,0.1798
2015-05-03T01:32:59.668Z,7.2982,70.3473,232.7434,0.3025,0.1053,-8.0117,62.6108,231.0913,0.2703,-0.1309,11.7692,64.6116,232.9989,0.2774,0.1833
2015-05-03T01:33:59.327Z,7.1991,70.1911,233.4952,0.3004,0.1047,-7.8841,63.1629,229.6658,0.275,-0.1256,11.9396,63.8254,234.1166,0.2728,0.1886
2015-05-03T01:34:59.540Z,7.0802,71.6166,233.1841,0.3076,0.1002,-7.5016,61.7419,231.9599,0.2662,-0.1279,11.3347,64.0408,232.8533,0.2754,0.1812
2015-05-03T01:35:59.329Z,6.7578,70.9577,233.5952,0.3038,0.0958,-8.0944,64.0596,232.7867,0.2752,-0.1268,11.4566,64.7787,232.8008,0.2781,0.178
2015-05-03T01:36:59.530Z,6.5833,69.5986,233.671,0.2979,0.0962,-7.7086,62.619,232.1043,0.2697,-0.1247,11.0821,64.8311,232.7675,0.2784,0.173
2015-05-03T01:37:59.837Z,6.2425,70.2841,233.802,0.3007,0.0901,-7.7397,61.6757,231.877,0.2658,-0.1286,11.5392,64.9676,233.3263,0.2784,0.1795
2015-05-03T01:38:59.857Z,6.4073,70.9609,233.7121,0.3037,0.0915,-7.3247,63.6025,231.838,0.2745,-0.1171,11.5808,65.6541,234.2692,0.2804,0.1779
2015-05-03T01:39:59.421Z,6.3874,69.4918,233.4543,0.2979,0.0918,-7.5815,61.1554,231.9618,0.2635,-0.1296,11.6576,64.2492,233.9763,0.2747,0.1859
2015-05-03T01:40:59.069Z,7.1218,70.1342,233.2874,0.3006,0.1032,-8.084,63.5097,232.4141,0.273,-0.1291,11.4804,66.1539,233.8,0.283,0.1752
2015-05-03T01:41:59.538Z,6.5908,71.0404,232.7776,0.3051,0.0935,-7.391,64.1948,232.086,0.2767,-0.1145,11.5823,65.1897,233.2308,0.2799,0.1802
2015-05-03T01:42:59.488Z,6.4195,70.4465,233.2938,0.3024,0.0918,-7.8043,62.2178,232.0873,0.2676,-0.1254,11.6225,65.2865,233.7473,0.2789,0.1799
2015-05-03T01:43:59.191Z,7.3449,69.8769,233.5202,0.2989,0.1062,-7.6324,62.8381,232.4909,0.2699,-0.1228,11.9006,64.8253,233.7866,0.2773,0.1852
2015-05-03T01:44:59.680Z,6.8743,69.6963,233.4374,0.2986,0.1004,-7.9503,61.1949,232.2122,0.263,-0.1308,11.1004,64.4388,233.7889,0.2755,0.1733
2015-05-03T01:45:59.925Z,6.3787,71.2545,233.4223,0.3051,0.0901,-7.2374,63.6058,232.5397,0.2737,-0.1147,11.5596,64.3464,233.7076,0.2754,0.1801
2015-05-03T01:46:59.256Z,6.3459,70.9897,233.3709,0.3038,0.0891,-7.855,64.0541,233.0046,0.275,-0.1257,11.6713,65.2854,233.4953,0.2803,0.1787
2015-05-03T01:47:59.912Z,6.7564,70.2737,233.3088,0.3007,0.0962,-7.7888,64.376,233.2465,0.2762,-0.1222,11.8762,64.7802,233.6297,0.2773,0.1849
2015-05-03T01:48:59.562Z,6.201,69.4983,233.2174,0.2974,0.0911,-7.9718,62.6421,233.0748,0.2683,-0.1313,11.5361,64.539,233.5402,0.2769,0.1821
2015-05-03T01:49:59.060Z,6.5803,70.5731,233.1681,0.3026,0.0946,-7.7564,63.9612,232.8347,0.2748,-0.1249,11.8748,65.0717,232.7981,0.2796,0.1832
2015-05-03T01:50:59.819Z,6.2086,70.7575,233.0149,0.3035,0.09,-7.7621,64.3832,232.4736,0.2771,-0.1234,11.6026,64.5775,232.5359,0.2778,0.1815
2015-05-03T01:51:59.118Z,7.3536,69.4919,233.181,0.2979,0.1071,-7.8767,62.3138,232.5378,0.2677,-0.127,11.9777,65.6402,233.0034,0.2814,0.1837
2015-05-03T01:52:59.335Z,6.4751,70.5616,232.3495,0.3037,0.0923,-7.6121,64.1247,232.8762,0.2754,-0.1207,12.0518,65.2009,232.8258,0.2803,0.1835
2015-05-03T01:53:59.659Z,6.386,69.3286,232.1614,0.2983,0.0935,-7.9286,63.0845,232.8238,0.2716,-0.1286,10.9451,65.202,232.727,0.2799,0.1704
2015-05-03T01:54:59.904Z,6.2355,68.636,232.433,0.2951,0.0919,-8.1822,62.1491,233.5171,0.2662,-0.1357,12.0992,64.7438,233.1787,0.2775,0.1881
2015-05-03T01:55:59.115Z,6.5351,70.5517,233.0168,0.303,0.0936,-7.5551,63.4069,233.4492,0.2716,-0.1183,11.9566,64.7956,233.4164,0.2778,0.1853
2015-05-03T01:56:59.311Z,6.7158,70.8987,233.1067,0.304,0.0949,-7.9871,63.8418,233.3333,0.2737,-0.1267,12.1509,65.6387,233.4371,0.281,0.1858
2015-05-03T01:57:59.385Z,6.4055,70.9158,233.3518,0.3035,0.0924,-7.2408,64.2857,233.1189,0.2758,-0.1147,11.3892,65.0582,233.5612,0.2782,0.1758
2015-05-03T01:59:59.596Z,6.6446,70.0375,232.5575,0.3012,0.0962,-7.5417,62.2687,233.062,0.2673,-0.1258,11.5562,64.5824,233.524,0.2765,0.182
2015-05-03T02:00:59.582Z,6.7708,67.7397,232.3677,0.2912,0.1029,-7.7665,65.0779,233.648,0.2786,-0.1211,11.5469,63.0909,233.1459,0.2705,0.1862
2015-05-03T02:01:59.876Z,6.7545,71.2068,232.4498,0.3062,0.0951,-7.9491,63.9245,233.8519,0.2731,-0.1252,11.364,65.9107,233.2009,0.2831,0.1722
2015-05-03T02:02:59.710Z,6.4741,70.0103,232.6289,0.3007,0.0944,-8.4526,63.477,233.9676,0.2711,-0.1349,11.5484,65.4781,233.6151,0.2804,0.178
2015-05-03T02:03:59.022Z,6.8426,69.6341,233.4007,0.2984,0.099,-8.0328,64.218,233.8464,0.275,-0.1299,11.6041,64.7394,233.5948,0.2768,0.1834
2015-05-03T02:04:59.574Z,6.3991,70.3977,233.0291,0.3024,0.0916,-7.5952,62.6024,232.9285,0.2685,-0.1236,11.6965,64.1779,233.4442,0.2749,0.1865
2015-05-03T02:05:59.973Z,6.5166,69.5378,232.8599,0.2988,0.0942,-7.9598,62.7376,232.6303,0.2697,-0.1278,11.8697,64.1091,233.2391,0.2745,0.1869
2015-05-03T02:06:59.283Z,6.1107,70.3564,233.1821,0.301,0.0869,-7.5791,63.75,232.4706,0.2742,-0.1221,11.5391,65.2458,233.525,0.2792,0.177
2015-05-03T02:07:59.747Z,6.6138,70.3078,233.5382,0.3009,0.0946,-8.038,63.8974,231.6341,0.2763,-0.126,11.594,63.3873,232.8993,0.2722,0.1835
2015-05-03T02:08:59.991Z,6.7639,70.1109,233.9243,0.2996,0.0976,-7.6171,63.3476,230.0587,0.2753,-0.1234,11.5477,64.9522,233.5403,0.2786,0.1785
2015-05-03T02:09:59.180Z,6.5491,70.2656,233.8687,0.3003,0.0942,-7.2818,61.1842,231.4469,0.2644,-0.1229,11.5328,63.0888,233.2302,0.2707,0.1854
2015-05-03T02:10:59.223Z,6.8604,69.4084,233.6882,0.2969,0.101,-7.6366,62.8268,233.7154,0.2692,-0.124,11.8236,63.4109,232.7021,0.2724,0.1871
2015-05-03T02:11:59.905Z,6.5593,70.9602,233.8361,0.3035,0.0929,-7.6615,63.652,233.7912,0.272,-0.1241,11.8422,64.6814,232.9816,0.2776,0.1843
2015-05-03T02:12:59.585Z,6.9308,70.5082,233.9592,0.3014,0.0979,-7.6848,63.0612,233.9815,0.2696,-0.1252,12.2502,66.9809,233.0756,0.2876,0.1847
2015-05-03T02:13:59.526Z,6.7455,69.2221,233.5089,0.2964,0.0982,-7.574,63.5643,234.5179,0.2711,-0.1253,11.8922,64.5698,233.2495,0.2767,0.1891
2015-05-03T02:14:59.280Z,6.5867,69.8048,232.9421,0.2998,0.0943,-7.5877,62.5413,234.2627,0.2673,-0.1243,11.7789,64.8677,233.3333,0.2778,0.1833
2015-05-03T02:15:59.017Z,5.8378,69.5407,233.0524,0.2982,0.0839,-7.409,64.1504,234.2858,0.2736,-0.117,11.4098,65.5967,233.4823,0.2807,0.1749
2015-05-03T02:16:59.299Z,6.6717,70.1233,232.6589,0.3012,0.096,-7.8814,64.1053,234.0077,0.274,-0.1228,12.0143,64.66,233.2824,0.2767,0.1861
2015-05-03T02:17:59.578Z,6.6943,70.6175,232.4982,0.3036,0.0952,-8.0634,62.3058,233.2101,0.2667,-0.1299,11.4697,64.7425,233.3902,0.277,0.1779
2015-05-03T02:18:59.314Z,6.7399,69.6126,232.3634,0.2988,0.0979,-7.3438,62.8619,232.4211,0.2703,-0.1229,11.7946,63.789,233.1233,0.2736,0.1885
2015-05-03T02:19:59.303Z,6.302,70.9492,231.9679,0.3062,0.0908,-7.569,63.9753,232.2568,0.2749,-0.1201,11.2942,63.7455,232.4298,0.274,0.1768
2015-05-03T02:20:59.026Z,6.5293,70.0576,231.9883,0.3016,0.0957,-7.7506,63.9417,233.3151,0.2742,-0.1232,11.5243,66.986,232.487,0.2884,0.1724
2015-05-03T02:21:59.413Z,6.7628,71.1507,232.3862,0.306,0.0958,-7.3696,64.3941,233.4697,0.2758,-0.1187,11.8083,65.5192,232.9567,0.2812,0.1813
2015-05-03T02:22:59.488Z,7.0808,69.8656,232.198,0.3005,0.1018,-7.9735,63.4233,233.1487,0.2722,-0.1281,11.8447,65.219,232.4425,0.2811,0.1832
2015-05-03T02:23:59.940Z,6.2708,69.7171,232.4405,0.2995,0.0919,-7.293,63.2341,233.5726,0.2707,-0.1211,11.5992,63.1151,232.3769,0.2718,0.1898
2015-05-03T02:24:59.267Z,6.549,70.1767,232.6388,0.3014,0.0948,-7.4076,62.9503,233.9794,0.2689,-0.1192,11.6763,63.9208,232.8456,0.2742,0.1841
2015-05-03T02:25:59.603Z,6.4003,70.9708,232.5016,0.305,0.09,-7.789,62.5821,233.7452,0.2679,-0.1265,11.7672,66.5293,233.2717,0.2851,0.1791
2015-05-03T02:26:59.459Z,6.9089,70.2934,232.5414,0.3022,0.0982,-7.9641,63.3006,233.3904,0.2709,-0.1272,11.8279,64.7428,233.3731,0.2764,0.1826
2015-05-03T02:27:59.362Z,6.5938,69.4088,232.0542,0.2996,0.0966,-8.1671,62.5231,233.5738,0.2676,-0.1315,11.493,65.3159,233.9849,0.2787,0.1768
2015-05-03T02:28:59.551Z,6.838,70.5338,232.5947,0.3029,0.0992,-7.9285,62.7964,233.5489,0.2692,-0.1297,11.2271,65.0147,234.3099,0.2774,0.1746
2015-05-03T02:29:59.080Z,6.5199,71.6979,233.5598,0.3067,0.0913,-7.5207,64.2714,232.8908,0.2762,-0.1199,11.7889,65.0258,233.8307,0.2781,0.182
2015-05-03T02:30:59.231Z,6.2359,71.3835,233.3988,0.3055,0.0874,-8.0816,62.5523,232.667,0.2689,-0.1299,11.7391,63.9685,233.73,0.2734,0.184
2015-05-03T02:31:59.874Z,6.3297,71.1009,233.5201,0.3046,0.0895,-7.9541,62.1429,232.462,0.2668,-0.1284,11.2779,65.9664,233.864,0.2822,0.1724
2015-05-03T02:32:59.344Z,6.8789,71.0302,233.5357,0.3043,0.0984,-7.5476,62.9958,232.5912,0.2712,-0.119,11.2688,64.7948,233.9564,0.2773,0.1748
2015-05-03T02:33:59.593Z,7.0425,68.6905,233.5086,0.2942,0.1042,-7.4363,62.4857,232.5549,0.2686,-0.1229,11.7376,64.1213,234.0088,0.2741,0.1871
2015-05-03T02:34:59.876Z,6.6921,70.6359,233.7641,0.3021,0.0959,-7.3937,62.4525,232.7058,0.2682,-0.1188,12.0867,65.369,234.1824,0.2793,0.1851
2015-05-03T02:35:59.628Z,6.4371,70.8412,233.4587,0.3032,0.0913,-7.171,64.8477,232.4692,0.279,-0.1125,11.0386,64.1423,233.8402,0.274,0.1735
2015-05-03T02:36:59.913Z,6.3559,70.2931,233.544,0.3011,0.0925,-7.6315,63.4034,232.471,0.273,-0.1219,12.2697,65.0759,233.9338,0.2781,0.1895
2015-05-03T02:37:59.871Z,6.924,71.6125,233.5651,0.3066,0.0976,-7.6321,62.7174,232.3711,0.2697,-0.1221,11.5234,64.0133,233.8458,0.2732,0.18
2015-05-03T02:38:59.660Z,6.8638,70.2577,233.716,0.3007,0.0999,-8.0423,61.0099,232.257,0.263,-0.1369,11.8821,63.2606,233.5747,0.2709,0.191
2015-05-03T02:39:59.190Z,6.7571,70.2866,233.6554,0.3008,0.0981,-7.8263,61.8612,231.9736,0.2667,-0.1268,11.2919,63.6922,233.1567,0.2734,0.1789
2015-05-03T02:40:59.567Z,6.9478,70.7456,233.2121,0.3031,0.0987,-7.8435,62.7668,231.683,0.2708,-0.1279,12.0249,64.2504,233.6088,0.2758,0.188
2015-05-03T02:41:59.175Z,6.8571,70.6313,233.39,0.3023,0.0981,-8.3292,63.3163,231.8672,0.273,-0.1343,11.5554,64.4084,233.5426,0.2758,0.1809
2015-05-03T02:42:59.263Z,7.1276,69.8048,233.4576,0.2992,0.1043,-7.5,63.8892,232.7657,0.2745,-0.1184,11.4255,64.799,233.3502,0.2776,0.178
2015-05-03T02:43:59.247Z,6.4422,70.6944,233.4054,0.3024,0.092,-7.6305,62.7323,233.0803,0.2693,-0.1218,11.4395,65.0876,233.3422,0.2791,0.178
2015-05-03T02:44:59.546Z,6.8183,69.3382,233.2011,0.2967,0.099,-7.6052,63.7938,233.2484,0.2733,-0.1202,11.7524,64.0468,233.024,0.2752,0.1878
2015-05-03T02:45:59.805Z,6.7599,70.6164,233.3907,0.3022,0.0959,-8.012,63.4564,233.0095,0.2726,-0.1312,11.676,64.6679,233.2235,0.2767,0.1815
2015-05-03T02:46:59.815Z,6.6022,70.3489,233.3367,0.3013,0.0942,-7.6265,63.5701,233.0533,0.2727,-0.1231,11.2525,63.5867,232.9907,0.2727,0.1793
2015-05-03T02:47:59.214Z,6.1033,69.8487,233.3089,0.2997,0.0881,-7.7603,62.7239,232.9421,0.269,-0.1271,11.7332,65.3458,233.0383,0.2799,0.1812
2015-05-03T02:48:59.263Z,6.4396,70.3409,233.0953,0.3022,0.0949,-8.0523,62.0454,232.7641,0.2662,-0.1331,11.0802,64.9166,232.8379,0.2788,0.1743
2015-05-03T02:49:59.632Z,6.3356,70.4856,232.9395,0.3025,0.0904,-7.6492,65.0916,232.1838,0.2807,-0.1193,11.7265,64.9604,232.6456,0.2792,0.1825
2015-05-03T02:50:59.842Z,6.3941,70.2265,232.8064,0.3013,0.092,-7.5684,61.8838,232.0722,0.2671,-0.124,11.4062,64.8337,232.6429,0.2789,0.1772
2015-05-03T02:51:59.178Z,6.6654,70.0924,232.8239,0.3007,0.0949,-8.2692,63.3167,232.2239,0.273,-0.1319,12.0653,64.9084,232.5651,0.2793,0.1869
2015-05-03T02:52:59.393Z,6.0342,69.2426,232.5643,0.2979,0.0872,-8.1087,62.1666,232.063,0.2678,-0.1303,11.3998,63.9951,232.5196,0.2753,0.1785
2015-05-03T02:53:59.828Z,6.6244,70.6456,232.9656,0.3036,0.0955,-7.5473,61.7348,232.9149,0.2651,-0.1234,11.8222,65.48,233.5812,0.2804,0.1824
2015-05-03T02:54:59.995Z,7.0527,70.5934,232.9699,0.3033,0.1003,-7.8602,62.7902,232.9673,0.2699,-0.1249,11.5936,63.6486,232.6229,0.2736,0.1831
2015-05-03T02:55:59.490Z,7.0064,70.6317,233.185,0.3028,0.0999,-7.5422,62.1748,232.8824,0.2669,-0.1241,11.8491,63.1218,232.7196,0.2714,0.1872
2015-05-03T02:56:59.854Z,6.2629,70.4022,233.5418,0.3016,0.0885,-8.0863,63.6626,232.8568,0.2728,-0.1288,11.6788,64.0022,231.7339,0.2762,0.1852
2015-05-03T02:57:59.332Z,6.3409,69.5023,232.7971,0.2984,0.0924,-7.5358,64.6437,232.416,0.2783,-0.1243,11.8389,64.5292,232.0003,0.2786,0.1867
2015-05-03T02:58:59.639Z,6.4913,69.6388,232.9537,0.2989,0.0935,-7.636,61.4702,232.5408,0.2644,-0.1263,11.3862,62.7655,232.3523,0.2701,0.1851
2015-05-03T02:59:59.881Z,5.1459,70.2677,233.4808,0.3009,0.0743,-7.3708,63.0127,233.021,0.2702,-0.1205,11.4536,63.6434,232.355,0.2737,0.182
2015-05-03T03:00:59.022Z,4.6822,69.084,233.6596,0.2957,0.0697,-6.8312,62.6904,233.0465,0.269,-0.1117,11.604,62.7647,232.314,0.2698,0.1876
2015-05-03T03:01:59.786Z,4.9633,69.4705,233.1458,0.2982,0.0732,-7.4324,62.0212,232.8013,0.2664,-0.1191,11.7014,64.6464,232.1252,0.2785,0.1815
2015-05-03T03:02:59.486Z,5.072,69.7749,233.0857,0.2992,0.0732,-7.0013,63.9709,233.0734,0.2749,-0.1103,11.6902,66.4164,232.317,0.2855,0.1774
2015-05-03T03:03:59.912Z,4.7845,71.2497,232.564,0.3063,0.0677,-6.9388,63.4671,233.9399,0.271,-0.1096,11.8622,64.693,232.6368,0.278,0.1834
2015-05-03T03:04:59.508Z,4.457,69.7851,232.3842,0.3002,0.0648,-7.4889,64.0462,234.3717,0.2733,-0.1189,11.3889,63.4732,233.1252,0.272,0.1798
2015-05-03T03:05:59.617Z,4.7046,69.9328,232.177,0.3008,0.0679,-7.3393,63.6502,234.4239,0.272,-0.1182,11.484,64.8717,233.266,0.2778,0.1789
2015-05-03T03:06:59.293Z,4.8736,70.37,232.9072,0.302,0.0701,-7.4878,63.9627,234.3303,0.2728,-0.1186,11.6678,62.555,233.1674,0.2678,0.1873
2015-05-03T03:07:59.891Z,5.0293,71.2943,233.2742,0.3054,0.0695,-7.1652,64.021,233.9108,0.2735,-0.1149,11.4392,65.126,233.0063,0.2795,0.177
2015-05-03T03:08:59.142Z,5.0559,71.7023,233.1581,0.3077,0.071,-7.5312,63.5584,233.6691,0.2719,-0.1196,11.526,64.4836,232.6839,0.2771,0.1797
2015-05-03T03:09:59.838Z,5.5601,70.7486,233.1087,0.3035,0.0787,-7.2886,64.5048,233.8315,0.2763,-0.1147,11.498,65.607,232.7946,0.2815,0.1775
2015-05-03T03:10:59.387Z,5.3259,70.5399,232.9448,0.3028,0.0757,-7.2206,63.0049,233.6303,0.2694,-0.1136,11.504,65.3434,232.6446,0.2806,0.1767
2015-05-03T03:11:59.229Z,5.5876,70.8874,232.8867,0.3041,0.0797,-7.4648,63.2554,232.8356,0.2711,-0.1199,12.181,65.6468,232.6824,0.2817,0.1853
2015-05-03T03:12:59.686Z,5.3509,69.6024,232.9437,0.2988,0.0772,-7.8726,62.6758,233.0662,0.2687,-0.1261,11.722,64.9468,233.0843,0.2783,0.182
2015-05-03T03:13:59.034Z,5.5782,69.295,232.6919,0.2973,0.0814,-7.3921,63.3422,233.0258,0.2721,-0.1181,11.6533,63.3864,232.9881,0.2723,0.1876
2015-05-03T03:14:59.318Z,4.9191,71.2466,232.6641,0.3058,0.0697,-7.5151,65.1209,233.067,0.279,-0.1157,11.5401,64.6366,233.1312,0.2771,0.1799
2015-05-03T03:15:59.718Z,4.9187,69.9474,232.9578,0.2998,0.0715,-7.2601,64.9283,233.7104,0.278,-0.1129,11.4629,63.4461,232.9957,0.2725,0.1816
2015-05-03T03:16:59.239Z,4.9079,70.0833,233.6278,0.3,0.0706,-7.3972,63.9177,233.819,0.2737,-0.1168,11.8638,64.0046,231.1889,0.2764,0.1863
2015-05-03T03:17:59.693Z,4.8642,70.3293,232.8342,0.3021,0.0688,-7.5033,63.4037,232.7585,0.2722,-0.1221,11.6534,63.4808,230.5801,0.2753,0.1864
2015-05-03T03:18:59.936Z,5.1804,70.137,232.4123,0.3018,0.0741,-7.2585,62.4213,232.0234,0.269,-0.1156,11.7932,64.9513,231.7716,0.2804,0.182
2015-05-03T03:19:59.372Z,5.4671,70.2324,232.8866,0.3022,0.0784,-6.8948,62.6153,232.1914,0.2697,-0.111,11.3291,64.908,232.0271,0.2792,0.1744
2015-05-03T03:20:59.109Z,5.8531,69.3233,232.8079,0.2976,0.0855,-7.4837,61.7426,232.073,0.2663,-0.1224,11.8207,65.5431,232.2122,0.2822,0.1834
2015-05-03T03:21:59.749Z,4.9096,70.2576,232.3488,0.3024,0.07,-7.8572,64.3336,231.973,0.2772,-0.1235,11.8074,63.9284,232.311,0.2749,0.1854
2015-05-03T03:22:59.077Z,4.8782,68.9993,233.0722,0.2963,0.0706,-7.2328,64.1136,232.8993,0.2753,-0.1176,11.9387,65.3956,232.9735,0.2807,0.1856
2015-05-03T03:23:59.397Z,5.1448,69.9771,233.2375,0.2999,0.0743,-7.5448,62.1245,233.2255,0.2659,-0.1253,11.4008,64.0638,233.1388,0.2748,0.183
2015-05-03T03:24:59.644Z,5.267,69.8718,233.3651,0.2992,0.0767,-7.937,63.9335,232.8696,0.2749,-0.1248,11.8634,65.3036,232.913,0.2799,0.1841
2015-05-03T03:25:59.145Z,4.7506,70.377,232.8544,0.3019,0.0681,-7.6293,63.8292,233.1141,0.2738,-0.1204,12.3056,64.1494,233.1401,0.2746,0.1908
2015-05-03T03:26:59.467Z,5.1675,70.2288,232.8207,0.3016,0.0722,-7.787,63.3423,233.2097,0.2715,-0.1251,11.585,65.1687,233.1135,0.2796,0.1795
2015-05-03T03:27:59.776Z,5.4014,68.85,232.6609,0.2954,0.0795,-6.8703,64.2445,233.1273,0.2752,-0.11,11.8349,63.3004,233.3508,0.2708,0.1924
2015-05-03T03:28:59.445Z,5.4156,71.5058,233.6156,0.3059,0.0767,-7.5431,64.4224,233.0064,0.2763,-0.1208,11.3897,63.2177,233.4485,0.2705,0.1832
2015-05-03T03:29:59.737Z,4.8053,71.2541,233.6871,0.3049,0.0678,-6.8037,63.2273,232.8849,0.2711,-0.1093,11.1147,65.076,233.2654,0.2787,0.1721
2015-05-03T03:30:59.814Z,5.4275,70.9364,233.6334,0.3032,0.0757,-7.3634,64.7933,232.8855,0.2781,-0.1155,11.4258,64.1271,232.854,0.2754,0.1808
2015-05-03T03:31:59.365Z,4.7392,71.4989,234.1396,0.3051,0.0664,-7.5853,64.1841,233.1313,0.2753,-0.12,11.3032,63.6348,233.4859,0.2724,0.1782
2015-05-03T03:32:59.804Z,5.2092,71.5796,234.2005,0.306,0.0733,-7.29,62.2643,233.1215,0.2674,-0.1215,11.7108,64.9002,233.5461,0.2778,0.1833
2015-05-03T03:33:59.522Z,4.9141,70.1146,234.146,0.2996,0.0708,-7.3473,64.5884,233.4864,0.2762,-0.1173,11.4052,65.3497,233.535,0.2798,0.1749
2015-05-03T03:34:59.021Z,5.2652,71.5321,234.1466,0.3054,0.0742,-7.1903,64.5693,233.3937,0.2771,-0.1119,11.6979,64.8102,232.9086,0.2786,0.1806
2015-05-03T03:35:59.367Z,5.7821,71.3198,234.328,0.304,0.0826,-7.5824,64.4748,234.0186,0.276,-0.1183,11.9424,63.3982,233.095,0.2717,0.1885
2015-05-03T03:36:59.078Z,5.1637,70.8772,234.3103,0.3028,0.0737,-7.4712,64.8426,234.3736,0.2767,-0.1173,11.4251,65.0967,233.0789,0.2794,0.1779
2015-05-03T03:37:59.408Z,4.6718,70.3018,234.0345,0.3001,0.0674,-7.0905,64.9904,233.7845,0.2782,-0.11,11.6885,65.1448,233.2729,0.2796,0.1804
2015-05-03T03:38:59.734Z,5.0229,71.8298,233.7635,0.3075,0.0704,-7.2593,64.5643,233.2051,0.2766,-0.1144,11.8025,64.8933,232.9592,0.2788,0.183
2015-05-03T03:39:59.600Z,5.2715,70.1158,233.717,0.2998,0.0775,-7.7599,64.7009,233.3467,0.2768,-0.122,11.5575,65.0391,233.0805,0.2793,0.18
2015-05-03T03:40:59.161Z,5.3757,70.3077,234.1703,0.3004,0.0781,-7.8972,63.4563,231.3299,0.274,-0.1266,11.92,63.7213,233.6541,0.2723,0.1873
2015-05-03T03:41:59.902Z,5.3747,71.3865,234.163,0.3046,0.0759,-7.9504,62.7848,230.3574,0.2725,-0.1273,11.4473,65.765,234.4345,0.2807,0.1765
2015-05-03T03:42:59.355Z,5.1204,71.6714,233.5528,0.3064,0.0726,-7.3564,63.3208,233.1782,0.2713,-0.1166,11.9021,65.5834,233.7621,0.2807,0.1829
2015-05-03T03:43:59.246Z,5.1566,70.3465,233.4222,0.3013,0.0744,-7.522,63.0797,233.2492,0.2705,-0.1214,11.9138,64.5921,233.8348,0.2759,0.1845
2015-05-03T03:44:59.980Z,5.1752,70.7812,234.0183,0.3027,0.0758,-7.236,65.4014,233.2703,0.2807,-0.1125,12.0483,64.5359,234.0172,0.2761,0.1883
2015-05-03T03:45:59.253Z,4.8349,70.0643,234.1692,0.2996,0.0701,-6.9511,64.1322,233.4612,0.2744,-0.1098,11.4249,65.455,233.8856,0.28,0.1766
2015-05-03T03:46:59.000Z,5.081,69.6097,233.9799,0.2971,0.0731,-7.587,62.4183,233.0324,0.2681,-0.1207,12.0089,65.1487,233.4406,0.2791,0.1846
2015-05-03T03:47:59.861Z,5.0823,70.4489,233.0561,0.3025,0.0744,-7.43,64.192,232.3059,0.276,-0.1178,11.6065,63.8561,232.6102,0.2746,0.183
2015-05-03T03:48:59.180Z,5.6456,71.2716,233.2642,0.3054,0.0774,-7.2768,63.1369,232.6787,0.2716,-0.1177,11.7923,64.2834,232.9727,0.2757,0.1859
2015-05-03T03:49:59.592Z,4.6881,70.5725,233.2278,0.3022,0.0679,-7.664,64.0398,232.5591,0.2757,-0.1208,11.667,63.8563,232.9831,0.2737,0.1829
2015-05-03T03:50:59.428Z,4.352,71.1162,233.1153,0.3049,0.061,-7.5858,64.3702,232.4549,0.277,-0.1182,12.133,65.0112,233.1612,0.2795,0.1865
2015-05-03T03:51:59.019Z,5.3002,70.59,232.9657,0.3029,0.0757,-7.4124,62.4582,232.5968,0.2688,-0.119,11.6434,64.2968,232.9882,0.2763,0.1819
2015-05-03T03:52:59.620Z,5.6712,70.5205,232.8036,0.3025,0.0815,-7.4825,62.6832,232.7574,0.2695,-0.1211,11.5909,62.8002,232.6979,0.2698,0.188
2015-05-03T03:53:59.874Z,4.8231,71.9305,233.2511,0.308,0.068,-7.2913,63.4996,233.2744,0.2724,-0.1164,11.5032,64.6452,233.4987,0.2771,0.1789
2015-05-03T03:54:59.067Z,5.2921,70.5014,233.7018,0.3011,0.0756,-7.6849,62.1573,232.1971,0.2676,-0.1251,11.8943,65.8786,234.1642,0.2819,0.1846
2015-05-03T03:55:59.023Z,4.9207,70.1242,233.6679,0.2998,0.0725,-7.2682,63.7838,232.8637,0.274,-0.1158,11.6689,64.4454,233.6847,0.2759,0.1811
2015-05-03T03:56:59.104Z,4.7168,71.1793,233.9063,0.3042,0.0656,-7.6296,62.8307,232.8338,0.2696,-0.1223,11.3409,65.4949,233.7952,0.2804,0.1753
2015-05-03T03:57:59.701Z,5.216,71.2125,234.0527,0.3042,0.0732,-7.1399,63.3696,232.1217,0.2732,-0.1187,11.6833,63.0629,233.8679,0.2701,0.1891
2015-05-03T03:58:59.346Z,5.291,71.1912,234.2296,0.3033,0.0764,-7.7551,64.0344,232.4234,0.2757,-0.1236,11.597,65.3113,234.1671,0.2789,0.1793
2015-05-03T03:59:59.671Z,5.1061,70.9738,234.2823,0.303,0.0732,-7.5052,64.1775,233.2542,0.2749,-0.1215,11.641,65.3538,234.0274,0.2792,0.1787
2015-05-03T04:00:59.505Z,5.5109,68.7846,234.06,0.2938,0.0796,-7.525,64.7062,233.7251,0.2769,-0.1176,11.4016,64.0744,233.402,0.2749,0.1777
2015-05-03T04:01:59.566Z,5.1643,69.229,233.69,0.296,0.0751,-7.3793,62.6762,233.0625,0.2697,-0.1223,11.4036,63.5612,233.4852,0.2721,0.1846
2015-05-03T04:02:59.223Z,4.6945,70.2521,234.1497,0.2997,0.068,-7.0053,64.4481,233.5103,0.2756,-0.1124,11.5647,65.3389,234.0456,0.2792,0.1811
2015-05-03T04:03:59.542Z,5.419,71.0376,234.0031,0.3034,0.0767,-7.7031,63.6397,233.3564,0.2725,-0.1231,11.9031,64.5387,233.7569,0.2756,0.1843
2015-05-03T04:04:59.122Z,5.0464,70.7448,233.1516,0.3031,0.0727,-7.1243,63.8238,232.5633,0.2743,-0.1132,11.6179,64.0043,232.7327,0.2748,0.1822
2015-05-03T04:05:59.208Z,5.2187,68.5331,231.7516,0.2956,0.0773,-7.3743,65.2219,231.6923,0.2812,-0.1169,11.4793,63.9103,231.4332,0.2757,0.1787
2015-05-03T04:06:59.870Z,4.4401,70.0665,230.8805,0.3033,0.0636,-7.1392,63.2307,231.8124,0.2728,-0.1141,11.2575,64.5196,231.414,0.2788,0.1754
2015-05-03T04:07:59.223Z,5.112,69.2299,230.8938,0.3,0.0768,-7.1849,61.4672,232.3602,0.2647,-0.1207,11.7866,62.8361,231.1581,0.2713,0.1899
2015-05-03T04:08:59.117Z,5.042,69.2003,230.7013,0.3002,0.0736,-7.387,64.8119,232.244,0.2792,-0.1173,11.6585,65.4814,231.1146,0.2837,0.1795
2015-05-03T04:09:59.509Z,5.0088,70.3016,231.4336,0.3044,0.0725,-7.1159,62.4042,231.6853,0.2692,-0.1147,11.8557,64.1922,231.4978,0.2769,0.1851
2015-05-03T04:10:59.055Z,5.508,70.0633,231.7616,0.3022,0.079,-6.9168,61.8717,231.5099,0.2674,-0.1121,11.2706,64.7299,231.7011,0.2793,0.1759
2015-05-03T04:11:59.327Z,4.7318,70.3168,231.3097,0.304,0.0677,-7.5455,63.9417,230.9128,0.2768,-0.1202,11.4976,64.78,232.1601,0.2791,0.1791
2015-05-03T04:12:59.733Z,5.1192,69.0955,231.7748,0.2977,0.0742,-6.7575,61.5402,230.0888,0.2675,-0.113,11.6954,64.3262,232.3282,0.2775,0.189
2015-05-03T04:13:59.088Z,5.417,69.7116,232.2853,0.2997,0.0781,-7.4844,62.6293,228.7476,0.2737,-0.1209,11.6629,64.1629,232.4096,0.2761,0.183
2015-05-03T04:14:59.837Z,5.0714,69.8391,232.7152,0.3002,0.0734,-7.7257,62.8552,229.151,0.2741,-0.1259,11.5963,64.8258,232.5071,0.2789,0.1813
2015-05-03T04:15:59.754Z,4.4136,70.0049,232.0405,0.3023,0.0636,-6.7423,63.1735,231.0391,0.273,-0.1088,11.4257,62.5513,231.9888,0.2699,0.1845
2015-05-03T04:16:59.131Z,5.0259,70.189,232.2211,0.3024,0.0719,-7.0602,63.3564,230.6319,0.2747,-0.1159,11.6721,64.3794,231.858,0.2783,0.1844
2015-05-03T04:17:59.610Z,4.9175,71.1268,232.1333,0.3057,0.0698,-7.0411,62.6198,229.9524,0.2722,-0.1138,11.1939,64.197,231.473,0.2772,0.1752
2015-05-03T04:18:59.957Z,4.8029,69.6519,231.821,0.3004,0.0696,-7.0555,61.8582,229.5754,0.2688,-0.1134,11.2176,63.7295,231.6735,0.2755,0.1767
2015-05-03T04:19:59.250Z,5.0781,69.5609,231.6347,0.3001,0.074,-7.4161,62.15,229.8966,0.2704,-0.1191,11.4921,65.2383,232.4503,0.2797,0.1766
2015-05-03T04:20:59.545Z,5.1123,70.1262,231.4375,0.3026,0.0734,-7.1408,61.86,229.6332,0.2693,-0.1165,11.6684,64.3134,232.1691,0.2765,0.1824
2015-05-03T04:21:59.448Z,4.7438,70.4492,232.0601,0.3035,0.0662,-6.9684,61.8207,228.2034,0.2712,-0.1135,11.8571,63.8336,232.5257,0.2746,0.1882
2015-05-03T04:22:59.073Z,5.2904,69.8006,233.0863,0.2991,0.0778,-7.0713,60.1844,227.9294,0.2643,-0.1192,11.8953,66.4738,233.264,0.2851,0.1794
2015-05-03T04:23:59.464Z,4.9746,71.6204,233.0505,0.3072,0.0693,-7.1048,61.7802,227.639,0.2715,-0.1173,11.6652,63.9496,233.5445,0.2743,0.1834
2015-05-03T04:24:59.835Z,5.041,71.0579,232.4526,0.3054,0.0711,-7.2109,62.9023,229.6048,0.2735,-0.1159,11.6967,65.6318,232.5052,0.2827,0.1798
2015-05-03T04:25:59.413Z,5.1943,68.8704,232.4929,0.296,0.0763,-7.398,63.5101,229.379,0.2767,-0.1159,11.5001,63.6493,232.0435,0.2743,0.1819
2015-05-03T04:26:59.804Z,5.5564,70.5587,232.742,0.3034,0.0793,-7.0862,60.2909,227.3891,0.2653,-0.1196,11.5471,62.8454,232.2807,0.2704,0.1904
2015-05-03T04:27:59.071Z,5.4983,69.4139,232.6853,0.2982,0.0793,-7.5358,62.0599,229.1823,0.2709,-0.1231,11.586,64.8234,231.8239,0.2799,0.1829
2015-05-03T04:28:59.373Z,4.7712,69.797,232.5847,0.2999,0.0679,-7.5285,62.1953,231.6396,0.2684,-0.123,11.6819,64.6046,230.9559,0.2797,0.1823
2015-05-03T04:29:59.761Z,4.7689,70.945,232.7395,0.3047,0.0677,-7.6404,62.9883,231.7013,0.272,-0.1217,11.5942,65.5528,230.9423,0.2839,0.1788
2015-05-03T04:30:59.796Z,5.0638,70.1724,232.7907,0.3016,0.072,-7.0947,63.0051,231.8384,0.272,-0.1168,10.9965,63.3399,230.9148,0.2744,0.1771
2015-05-03T04:31:59.423Z,4.5829,69.422,232.7533,0.2982,0.0663,-7.474,62.459,231.9199,0.2691,-0.1208,11.0462,63.4859,230.6551,0.2751,0.1789
2015-05-03T04:32:59.715Z,4.7103,71.214,232.8925,0.3054,0.0657,-7.4127,64.2332,232.1855,0.2772,-0.117,11.4479,62.2082,230.4859,0.2693,0.1849
2015-05-03T04:33:59.050Z,5.2648,71.3231,232.9742,0.3054,0.0751,-7.3033,62.4666,229.5956,0.2722,-0.1187,12.0004,65.7613,231.569,0.2845,0.1838
2015-05-03T04:34:59.797Z,5.1828,71.1432,233.1691,0.3052,0.0734,-7.2671,63.7537,229.0995,0.2786,-0.1154,11.5362,63.4662,232.0701,0.2732,0.1814
2015-05-03T04:35:59.133Z,5.2062,69.9342,233.3544,0.3001,0.0751,-7.6926,61.925,229.3983,0.2703,-0.1257,11.0773,65.0961,232.5261,0.2797,0.1712
2015-05-03T04:36:59.433Z,4.8107,70.3903,232.0782,0.3029,0.0695,-7.4574,63.4997,231.7007,0.2743,-0.1199,11.7702,64.7693,231.136,0.2807,0.1833
2015-05-03T04:37:59.056Z,4.6732,70.0752,231.0166,0.3034,0.0672,-6.9666,61.3807,230.4779,0.2663,-0.114,11.6453,64.1692,230.6234,0.2786,0.1832
2015-05-03T04:38:59.649Z,4.7923,69.8593,230.6132,0.3027,0.0688,-7.6421,62.9588,230.2155,0.2732,-0.1234,11.286,64.1946,230.3283,0.2787,0.1773
2015-05-03T04:40:59.552Z,5.1138,69.7464,230.4554,0.3027,0.0745,-7.1597,62.5467,230.473,0.2712,-0.115,11.5114,64.3621,230.382,0.2792,0.1803
2015-05-03T04:41:59.845Z,5.2089,70.6311,230.8213,0.3059,0.0756,-7.2688,61.2381,230.8525,0.2649,-0.1195,11.4245,63.8707,230.6886,0.2775,0.1793
2015-05-03T04:42:59.521Z,4.8801,69.5199,231.2579,0.301,0.0702,-7.7956,61.2952,228.3599,0.2683,-0.1296,11.5193,64.0416,231.5937,0.2763,0.1823
2015-05-03T04:43:59.984Z,5.2176,68.503,231.565,0.2959,0.0778,-7.4357,63.7657,227.7351,0.279,-0.1186,12.1351,64.2574,231.8943,0.2765,0.1886
2015-05-03T04:44:59.417Z,5.3736,69.4064,231.2659,0.3003,0.0778,-7.4873,62.0616,230.2704,0.2699,-0.1224,11.0633,65.9709,231.3734,0.2853,0.1696
2015-05-03T04:45:59.379Z,4.7748,69.4912,230.8208,0.3012,0.0673,-7.211,62.6985,230.0597,0.273,-0.1163,11.139,64.8781,230.8292,0.2809,0.1738
2015-05-03T04:46:59.479Z,4.4197,69.3498,230.3524,0.301,0.064,-7.2944,59.6911,229.873,0.2591,-0.1219,11.1781,62.3354,231.0989,0.2693,0.1802
2015-05-03T04:47:59.566Z,4.4882,71.0008,230.1867,0.3086,0.0637,-7.2095,60.7451,229.8715,0.2641,-0.1189,11.2804,63.1649,230.7846,0.2732,0.18
2015-05-03T04:48:59.959Z,5.1156,69.3741,229.882,0.3016,0.0738,-7.246,64.4659,229.3813,0.2814,-0.1131,11.6574,64.3459,230.7037,0.2788,0.1824
2015-05-03T04:49:59.272Z,5.5086,68.6166,230.3709,0.2979,0.0807,-6.9079,62.5254,228.9847,0.2728,-0.1111,11.5394,64.8216,230.9341,0.2806,0.18
2015-05-03T04:50:59.610Z,4.9825,70.2345,229.7998,0.3054,0.0721,-7.3754,62.9018,228.6674,0.2751,-0.1204,11.2221,62.8821,230.5207,0.2729,0.1799
2015-05-03T04:51:59.265Z,5.1579,68.5581,230.3492,0.298,0.0772,-7.0351,61.6098,229.7307,0.2683,-0.1187,11.7827,63.3366,230.4909,0.2748,0.1926
2015-05-03T04:52:59.873Z,4.5909,69.7858,230.4512,0.3027,0.0659,-7.4123,61.819,229.6637,0.2692,-0.1215,11.5443,64.7987,230.4765,0.2814,0.179
2015-05-03T04:53:59.549Z,5.1819,69.5252,230.7921,0.3008,0.0743,-7.2505,62.4073,227.3085,0.2742,-0.1174,12.2369,64.8792,231.534,0.2799,0.1901
2015-05-03T04:54:59.284Z,6.5469,68.9307,230.9284,0.2986,0.0947,-8.1882,61.1028,226.3351,0.2697,-0.1357,11.7997,66.3626,231.9947,0.286,0.1792
2015-05-03T04:55:59.036Z,6.0075,69.8557,230.7278,0.3029,0.0875,-7.5498,60.4291,229.2914,0.2633,-0.1292,11.4733,63.1851,231.3145,0.2732,0.1834
2015-05-03T04:56:59.644Z,6.5598,69.5312,229.9188,0.3026,0.0965,-7.4549,61.8269,229.099,0.2692,-0.1271,11.0249,62.0246,230.6749,0.269,0.1822
2015-05-03T04:57:59.039Z,6.6288,68.5326,229.5804,0.2982,0.0973,-8.2387,61.5893,228.081,0.2702,-0.1358,11.5871,64.3444,231.3372,0.2783,0.1811
2015-05-03T04:58:59.414Z,6.4517,70.3379,229.5472,0.3063,0.0922,-7.4189,65.0995,228.1333,0.2861,-0.1164,11.278,64.2664,231.176,0.2782,0.1773
2015-05-03T04:59:59.696Z,6.4407,69.9224,229.2374,0.3053,0.0919,-7.6469,63.4185,228.5175,0.2771,-0.1232,11.9436,64.7408,230.9618,0.2801,0.1867
2015-05-03T05:00:59.050Z,6.7946,66.6351,230.7304,0.2886,0.1038,-7.4293,59.274,228.5302,0.2597,-0.1316,11.9019,63.2946,231.9489,0.2726,0.1921
2015-05-03T05:01:59.255Z,6.37,69.7003,230.6234,0.3027,0.0923,-7.5805,63.0177,228.5858,0.2761,-0.1248,11.3964,64.2393,231.5973,0.2771,0.1807
2015-05-03T05:02:59.708Z,6.2774,70.7359,230.9438,0.3068,0.0903,-7.6108,62.4616,228.6953,0.273,-0.1254,11.3966,64.1922,231.7271,0.2773,0.1778
2015-05-03T05:03:59.113Z,6.3802,70.227,230.9253,0.3044,0.0929,-7.8372,62.3664,229.1962,0.2721,-0.1277,11.2454,64.705,230.7308,0.2804,0.1767
2015-05-03T05:04:59.906Z,6.687,69.3651,230.7791,0.3007,0.0972,-7.6458,62.609,229.2275,0.2733,-0.1227,11.496,65.2803,231.4602,0.2825,0.1777
2015-05-03T05:05:59.174Z,5.8811,68.669,230.7038,0.2972,0.0852,-7.2683,61.7779,229.1781,0.2694,-0.1197,11.4884,64.7286,231.9558,0.2791,0.1781
2015-05-03T05:06:59.615Z,6.3452,68.806,230.0661,0.2989,0.0928,-7.9009,63.5328,229.0296,0.2775,-0.1263,11.1537,65.3784,231.6814,0.282,0.1721
2015-05-03T05:08:59.479Z,6.2647,69.5924,229.6055,0.3026,0.0915,-7.4695,62.1581,228.2487,0.2723,-0.1221,11.5467,64.1715,231.2859,0.2778,0.1803
2015-05-03T05:09:59.439Z,6.1616,69.4647,228.7599,0.304,0.0904,-7.6787,61.8763,226.5989,0.2729,-0.126,11.6935,63.3997,232.2638,0.273,0.1844
2015-05-03T05:10:59.211Z,6.0498,68.3933,227.6588,0.3009,0.0902,-7.7112,60.6252,229.5064,0.264,-0.1291,11.9362,63.745,231.4891,0.2754,0.1928
2015-05-03T05:11:59.552Z,6.3021,69.6059,228.4208,0.3051,0.0925,-7.4482,61.749,229.7452,0.269,-0.124,11.3595,63.4315,230.7665,0.2749,0.1823
2015-05-03T05:12:59.862Z,6.432,69.1511,229.1336,0.3014,0.0935,-7.0969,62.3637,229.7278,0.2714,-0.1154,11.5116,65.4068,231.0215,0.283,0.1765
2015-05-03T05:13:59.480Z,6.2191,68.8962,230.1562,0.2991,0.0918,-7.5922,62.309,229.2483,0.2721,-0.123,11.4839,64.8441,230.6197,0.2818,0.178
2015-05-03T05:15:59.246Z,6.3338,69.4343,230.0291,0.3019,0.093,-7.827,62.4326,228.551,0.273,-0.1299,11.3948,63.4187,230.7536,0.2749,0.1832
2015-05-03T05:16:59.706Z,6.7687,68.9135,230.026,0.2998,0.1005,-7.0835,61.1872,228.6962,0.2676,-0.1183,11.3057,63.8005,230.8573,0.2759,0.1815
2015-05-03T05:17:59.008Z,6.2399,70.3339,230.1679,0.3054,0.0903,-7.6132,63.2313,228.6539,0.2763,-0.1231,11.1638,63.277,230.8442,0.2739,0.177
2015-05-03T05:18:59.328Z,5.8163,69.0033,229.6398,0.3002,0.0844,-7.5703,61.6344,227.9938,0.2702,-0.1263,11.5721,64.2165,230.1682,0.279,0.1827
2015-05-03T05:19:59.643Z,6.4535,70.0956,229.5242,0.3053,0.0923,-7.7425,62.2744,228.3604,0.2726,-0.1255,11.6411,63.2753,229.9181,0.2751,0.1844
2015-05-03T05:20:59.972Z,6.5471,68.7008,229.8775,0.2989,0.0961,-7.4117,62.6578,228.0428,0.275,-0.1214,11.3168,63.4055,230.6615,0.2749,0.183
2015-05-03T05:21:59.573Z,6.8464,69.2341,230.0937,0.3007,0.1008,-7.7168,61.1494,227.8008,0.2687,-0.1287,11.5836,63.057,231.0863,0.2729,0.186
2015-05-03T05:22:59.039Z,6.6521,68.8173,230.4507,0.2983,0.0972,-7.7972,62.1949,224.3482,0.2772,-0.1274,11.6748,66.0828,231.924,0.2856,0.1791
2015-05-03T05:23:59.290Z,6.6709,69.3231,230.7774,0.3004,0.0967,-7.7282,61.7004,226.2104,0.2727,-0.1269,11.7437,65.0698,232.3797,0.2799,0.1829
2015-05-03T05:24:59.675Z,5.9422,68.595,230.1452,0.2979,0.0876,-7.4268,60.9422,228.2855,0.267,-0.1224,11.4005,65.0372,231.349,0.2804,0.178
2015-05-03T05:25:59.020Z,6.5161,69.8946,230.2632,0.3036,0.0948,-7.6737,60.8218,228.3891,0.2663,-0.1269,11.6507,63.7156,230.9138,0.2762,0.1844
2015-05-03T05:26:59.500Z,6.4529,69.0849,230.3635,0.2999,0.0954,-7.5916,63.1023,229.066,0.2758,-0.122,11.8415,64.6741,230.1469,0.281,0.1854
2015-05-03T05:27:59.478Z,6.4065,70.1608,230.1588,0.3043,0.0926,-7.2626,62.5188,229.3164,0.2725,-0.1175,11.8835,62.7838,229.6985,0.2724,0.1889
2015-05-03T05:28:59.320Z,6.1877,69.8898,230.3162,0.3033,0.0884,-7.6729,63.1888,229.1097,0.2753,-0.124,11.4364,63.3143,229.407,0.2762,0.1818
2015-05-03T05:29:59.468Z,6.0062,69.1263,230.1688,0.3008,0.0882,-7.3436,61.5732,229.0752,0.2689,-0.122,11.0737,63.692,229.4523,0.277,0.1776
2015-05-03T05:30:59.980Z,6.3413,69.6413,230.1675,0.3027,0.0917,-7.7021,62.3645,228.8168,0.2724,-0.1295,11.9266,63.1583,229.8805,0.2748,0.193
2015-05-03T05:31:59.342Z,6.6046,68.6051,229.5118,0.2989,0.0968,-7.5431,61.9717,229.0022,0.2709,-0.1227,11.3622,63.531,228.4841,0.278,0.1821
2015-05-03T05:32:59.615Z,6.8399,69.6741,230.1364,0.3029,0.0989,-7.4405,62.8792,229.5554,0.2736,-0.1211,11.6856,62.5646,228.2326,0.2744,0.187
2015-05-03T05:33:59.532Z,6.1053,69.3154,230.2262,0.3008,0.087,-7.5314,63.323,229.4647,0.2762,-0.1223,10.9348,62.6347,228.8012,0.2737,0.1737
2015-05-03T05:34:59.921Z,6.7236,71.0149,230.3404,0.3084,0.0959,-7.6744,61.4795,228.8436,0.2688,-0.1268,11.4244,63.4676,229.4369,0.2767,0.1799
2015-05-03T05:35:59.260Z,6.588,69.499,230.2011,0.3013,0.0964,-7.8984,61.3533,228.9266,0.2683,-0.1313,11.4716,63.6557,229.0686,0.2778,0.1833
2015-05-03T05:36:59.939Z,6.9448,70.2143,230.3028,0.3045,0.1001,-7.9693,60.6827,228.6068,0.2652,-0.1307,11.5298,63.6783,229.6876,0.2766,0.183
2015-05-03T05:37:59.303Z,6.26,68.814,229.4119,0.3001,0.0911,-7.7671,62.4942,226.2947,0.2769,-0.1252,11.9409,64.7726,230.818,0.2812,0.1851
2015-05-03T05:38:59.806Z,5.7661,68.5185,227.9835,0.3004,0.0836,-7.8149,61.6133,227.8045,0.2708,-0.129,11.4864,64.4978,230.3367,0.2802,0.1795
2015-05-03T05:39:59.475Z,6.6072,67.6033,228.0638,0.2966,0.0979,-8.2797,61.0324,229.2844,0.2654,-0.137,11.3548,63.3961,229.5652,0.276,0.1808
2015-05-03T05:40:59.800Z,6.3162,69.7701,227.9101,0.306,0.0915,-7.0842,62.0645,229.2551,0.2711,-0.1168,11.2881,61.8035,229.5578,0.2697,0.1852
2015-05-03T05:41:59.758Z,6.323,67.9588,227.5864,0.2988,0.094,-7.7097,63.2673,229.2243,0.2754,-0.1244,11.5955,63.9959,229.3969,0.279,0.1816
2015-05-03T05:42:59.058Z,6.4182,69.7528,229.0574,0.3043,0.0921,-7.2889,60.8658,228.8951,0.2657,-0.1214,11.0757,61.8161,229.5194,0.2697,0.1789
2015-05-03T05:43:59.027Z,6.4653,70.1489,231.374,0.3029,0.0918,-7.7575,60.213,230.5063,0.2615,-0.1286,11.8853,62.993,231.2481,0.2726,0.1896
2015-05-03T05:44:59.682Z,6.945,69.649,232.5286,0.2993,0.102,-7.9502,63.1848,231.0333,0.2736,-0.1288,11.6567,64.9634,232.3209,0.2796,0.1842
2015-05-03T05:45:59.330Z,6.5287,70.3594,232.6939,0.302,0.0937,-7.1892,61.2917,230.6849,0.2657,-0.1253,11.6183,63.076,232.2422,0.2711,0.1882
2015-05-03T05:46:59.894Z,6.9072,69.5987,231.8926,0.2999,0.101,-8.0538,62.4308,230.5154,0.271,-0.1304,11.6599,64.5896,231.9847,0.2784,0.1823
2015-05-03T05:47:59.292Z,6.398,69.7572,232.2449,0.3003,0.0912,-7.5196,62.2059,230.6381,0.2701,-0.1212,12.0508,64.9461,232.3273,0.2802,0.1861
2015-05-03T05:48:59.331Z,5.6251,68.8503,231.8058,0.2964,0.0825,-7.3796,63.7993,230.3997,0.2771,-0.1192,11.8423,64.7636,231.2768,0.2798,0.1835
2015-05-03T05:49:59.717Z,6.6745,70.4987,231.0292,0.3053,0.0965,-7.6599,63.3676,228.8227,0.2774,-0.1238,11.9008,64.4389,230.9951,0.2793,0.1852
2015-05-03T05:50:59.974Z,6.4973,69.6346,231.5035,0.3005,0.0951,-8.5041,61.9547,227.9486,0.2715,-0.138,11.8182,65.1284,231.3939,0.2816,0.1841
2015-05-03T05:51:59.734Z,7.2003,70.3324,231.3747,0.3038,0.1034,-8.0393,60.5057,227.8534,0.2657,-0.1342,11.6654,61.6424,231.1663,0.2669,0.1892
2015-05-03T05:52:59.077Z,5.9682,69.5374,231.0546,0.3007,0.0864,-8.3017,59.9679,229.3658,0.2613,-0.1382,12.143,62.3053,231.7486,0.269,0.195
2015-05-03T05:53:59.078Z,5.9919,68.2915,230.8816,0.2958,0.0897,-7.7865,62.0386,230.6101,0.2687,-0.1276,11.663,64.0152,231.5648,0.2767,0.1841
2015-05-03T05:54:59.359Z,6.6915,69.8248,231.0457,0.3026,0.0963,-8.403,62.6601,230.6935,0.2716,-0.1379,11.469,64.4697,231.9303,0.278,0.1793
2015-05-03T05:55:59.888Z,6.5724,70.19,231.3459,0.3029,0.0949,-7.7259,63.3228,230.6532,0.2739,-0.1271,11.6838,63.66,232.3985,0.2737,0.1848
2015-05-03T05:56:59.865Z,6.4259,70.0167,231.3933,0.3024,0.0922,-7.6132,61.7054,229.82,0.2681,-0.124,11.8567,64.7618,232.5329,0.2781,0.1834
2015-05-03T05:57:59.035Z,5.9804,69.0617,230.8135,0.2999,0.0873,-7.9588,63.058,229.3065,0.2752,-0.1272,11.484,64.7424,231.9744,0.279,0.1766
2015-05-03T05:58:59.363Z,6.7068,69.5483,230.7297,0.3012,0.0962,-7.7668,62.6882,228.9467,0.2734,-0.1261,11.6561,64.657,232.1089,0.2785,0.1811
2015-05-03T05:59:59.967Z,7.1091,68.2347,230.8089,0.2955,0.1058,-8.2657,60.4016,226.2509,0.2671,-0.141,11.5578,64.2145,231.9476,0.2768,0.1845
2015-05-03T06:00:59.070Z,6.6167,67.7326,231.0931,0.2931,0.0994,-8.1071,59.9185,225.5772,0.2651,-0.1382,50.9891,95.8728,231.5227,0.4142,0.3922
2015-05-03T06:01:59.487Z,859.0459,1269.7264,229.7716,5.5316,0.6096,817.8699,1235.1619,226.2003,5.4572,0.5614,1345.3429,1794.6182,228.3747,7.867,0.7579
2015-05-03T06:02:59.463Z,1054.0248,1472.4181,229.955,6.403,0.7162,1013.6969,1470.5926,226.1619,6.5028,0.6896,1539.5782,2028.5272,227.6578,8.9107,0.7589
2015-05-03T06:03:59.794Z,1039.2248,1462.3597,229.8046,6.3631,0.7104,1007.1658,1461.911,226.1106,6.4653,0.6887,1531.7678,2020.9368,227.8483,8.8694,0.7588
2015-05-03T06:04:59.200Z,1041.1729,1457.6879,229.1361,6.3615,0.714,1046.1539,1482.1128,226.4404,6.5447,0.7056,1560.2893,2061.2967,228.2237,9.031,0.7575
2015-05-03T06:05:59.871Z,1036.7112,1425.1247,227.2173,6.2724,0.7277,1104.5731,1520.231,227.4859,6.6817,0.7268,1564.9966,2086.2371,227.9033,9.1542,0.7497
2015-05-03T06:06:59.340Z,1053.6416,1429.7902,227.2633,6.2912,0.7378,1128.6136,1547.9181,227.947,6.7908,0.729,1562.6827,2086.5876,227.4273,9.1747,0.7488
2015-05-03T06:07:59.958Z,1069.3773,1442.228,228.0157,6.3251,0.7404,1138.5271,1573.0591,228.6055,6.8801,0.7235,1556.1084,2079.8455,227.3343,9.1485,0.7487
2015-05-03T06:08:59.249Z,1079.6634,1443.0141,228.0967,6.3265,0.7486,1145.3148,1582.7082,228.399,6.9299,0.7236,1547.5617,2066.2052,226.758,9.1123,0.7497
2015-05-03T06:09:59.381Z,1119.879,1512.4512,229.3557,6.5946,0.7404,1119.7941,1536.7876,224.8696,6.8337,0.7288,1617.6506,2086.5561,226.7434,9.2022,0.7748
2015-05-03T06:10:59.902Z,1119.4918,1528.345,229.6924,6.6537,0.7328,1101.3343,1513.9411,224.2258,6.7518,0.7274,1633.2512,2091.4288,227.1638,9.2059,0.7802
2015-05-03T06:11:59.653Z,1066.1971,1471.343,229.5431,6.4096,0.7249,1069.8397,1500.7198,226.4545,6.6263,0.7126,1567.7104,2049.8791,227.0262,9.0296,0.7644
2015-05-03T06:12:59.834Z,1082.9266,1461.939,229.2574,6.3763,0.7401,1113.6166,1551.3247,227.5553,6.8172,0.7182,1554.1988,2049.0559,226.5277,9.0452,0.7584
2015-05-03T06:13:59.511Z,1077.0365,1476.1673,229.3603,6.4355,0.7298,1088.681,1504.7316,225.5321,6.6712,0.7236,1588.2203,2063.3254,227.1103,9.0848,0.7689
2015-05-03T06:14:59.310Z,1081.4113,1492.6691,229.0742,6.5158,0.7238,1102.6207,1501.6254,224.9737,6.6746,0.7342,1628.3049,2106.2553,228.3049,9.2247,0.7726
2015-05-03T06:15:59.811Z,1067.7121,1481.6657,228.8213,6.4746,0.7207,1107.2763,1493.5307,224.618,6.6489,0.7412,1636.8248,2119.5084,228.6416,9.2698,0.7721
2015-05-03T06:16:59.648Z,1073.987,1484.9467,228.5654,6.4962,0.7228,1115.5192,1496.1761,224.2127,6.6727,0.7457,1645.4096,2122.4031,228.6148,9.2835,0.7752
2015-05-03T06:17:59.329Z,1112.7446,1479.6128,228.872,6.4647,0.7516,1158.1456,1580.8069,227.3604,6.9522,0.7333,1582.2852,2070.4379,226.6111,9.1357,0.7631
2015-05-03T06:18:59.725Z,1132.4677,1489.1922,229.0263,6.502,0.7604,1177.7461,1616.1346,228.6002,7.0693,0.7287,1568.974,2062.405,226.2801,9.1139,0.7606
2015-05-03T06:19:59.056Z,1133.1813,1496.6851,228.4867,6.5503,0.7576,1185.077,1609.0136,228.2181,7.0502,0.7372,1596.4371,2091.4472,227.2717,9.202,0.7633
2015-05-03T06:20:59.681Z,1144.4414,1496.8518,228.0881,6.5624,0.7638,1198.3119,1610.6316,227.414,7.0819,0.7442,1606.5249,2088.2596,225.9212,9.2426,0.7706
2015-05-03T06:21:59.821Z,1132.6306,1532.7708,228.0729,6.7202,0.7383,1159.4312,1531.8449,224.7964,6.814,0.7574,1689.8251,2149.1669,227.5698,9.4439,0.7871
2015-05-03T06:22:59.137Z,1139.9242,1545.8778,227.96,6.7815,0.738,1145.5134,1518.3365,224.5374,6.7618,0.7539,1696.087,2144.5874,227.5532,9.4244,0.7908
2015-05-03T06:23:59.764Z,1192.2857,1573.1199,228.1808,6.894,0.757,1189.4596,1588.4036,226.244,7.0203,0.7496,1681.6821,2133.3956,226.7998,9.4065,0.7889
2015-05-03T06:24:59.245Z,1192.7153,1566.6682,228.5227,6.8557,0.7615,1197.3239,1607.0288,226.5374,7.0939,0.7457,1662.9773,2123.0858,227.2184,9.3436,0.7833
2015-05-03T06:25:59.515Z,1191.9772,1564.0878,229.0254,6.829,0.7623,1205.7776,1623.3641,227.0093,7.1507,0.7424,1654.0744,2123.2719,227.725,9.3239,0.7797
2015-05-03T06:26:59.016Z,1185.9184,1560.794,228.9878,6.8157,0.7598,1215.2843,1622.3035,226.9841,7.1463,0.7493,1669.2574,2142.781,227.7682,9.4074,0.7797
2015-05-03T06:27:59.500Z,1184.7312,1563.8188,228.5133,6.8433,0.7576,1221.7096,1617.3137,227.1388,7.1201,0.7558,1692.9321,2166.5424,227.8911,9.5065,0.7812
2015-05-03T06:28:59.755Z,1186.9759,1587.0634,228.574,6.9423,0.7483,1203.0099,1572.7166,224.8391,6.9951,0.7648,1740.352,2191.4756,228.1226,9.6063,0.7939
2015-05-03T06:29:59.091Z,1193.1206,1586.911,227.8991,6.9632,0.7516,1197.9442,1562.5045,224.2393,6.9683,0.7676,1738.8969,2180.7281,227.84,9.5709,0.7978
2015-05-03T06:30:59.342Z,1212.1051,1609.9724,227.8588,7.0649,0.7527,1220.5801,1581.0757,224.3514,7.0473,0.7717,1772.3026,2215.4132,228.3912,9.6998,0.8001
2015-05-03T06:31:59.792Z,1225.3761,1603.9221,227.8071,7.04,0.7638,1253.1122,1625.097,225.7236,7.1992,0.771,1751.1574,2205.9286,227.6447,9.6901,0.7947
2015-05-03T06:32:59.096Z,1218.2069,1581.4348,227.6725,6.9455,0.7701,1255.176,1652.2679,227.8429,7.2517,0.7593,1696.6663,2165.1212,227.1708,9.5301,0.7843
2015-05-03T06:33:59.433Z,1233.8848,1589.6621,227.9084,6.975,0.7766,1265.5182,1667.2553,227.8133,7.3181,0.7589,1695.4578,2161.2872,226.8457,9.5274,0.7852
2015-05-03T06:34:59.925Z,1233.2048,1589.0149,227.3616,6.9887,0.7759,1276.8242,1662.7321,227.2016,7.3186,0.7681,1718.7981,2182.6628,226.8983,9.6192,0.7887
2015-05-03T06:35:59.111Z,1228.4553,1593.6847,227.2742,7.0125,0.7717,1272.2764,1652.0869,226.8819,7.2814,0.7699,1733.9092,2198.1118,227.5625,9.6591,0.7895
2015-05-03T06:36:59.762Z,1253.2965,1610.4168,228.3846,7.0511,0.7781,1281.0812,1678.053,226.9552,7.3942,0.7632,1720.1823,2179.9248,227.1498,9.5971,0.79
2015-05-03T06:37:59.838Z,1255.6599,1613.8457,228.1542,7.0734,0.7772,1285.1311,1676.4762,226.5161,7.4012,0.7671,1730.3163,2189.5987,227.4852,9.625,0.7909
2015-05-03T06:38:59.067Z,1274.0714,1631.9708,228.2275,7.1508,0.7808,1279.907,1668.9076,225.4363,7.4025,0.767,1739.4989,2180.6828,226.9445,9.609,0.7981
2015-05-03T06:39:59.939Z,1275.9829,1636.0434,228.5788,7.1575,0.7801,1282.496,1661.5714,224.842,7.3897,0.7714,1756.3003,2190.0108,226.2643,9.6787,0.8002
2015-05-03T06:40:59.187Z,1266.9719,1613.1228,227.6594,7.0853,0.7858,1314.139,1694.5944,226.4395,7.4833,0.7757,1747.0181,2201.8412,226.3602,9.7268,0.7942
2015-05-03T06:41:59.657Z,1262.0396,1608.5395,227.176,7.081,0.7842,1332.5597,1709.8822,227.7618,7.5077,0.7799,1755.4656,2225.172,227.0332,9.8012,0.7892
2015-05-03T06:42:59.932Z,1293.5353,1636.787,227.7515,7.1865,0.7894,1325.9952,1716.3618,227.5661,7.5418,0.7725,1749.6147,2199.7984,225.7988,9.7417,0.7949
2015-05-03T06:43:59.808Z,1322.9543,1661.4322,228.6336,7.2667,0.7962,1323.3712,1735.3487,227.7527,7.6194,0.763,1731.4762,2173.8251,225.4459,9.6419,0.7964
2015-05-03T06:44:59.056Z,1307.0567,1656.8776,228.3792,7.2545,0.7889,1324.7414,1721.75,227.3951,7.5707,0.7698,1754.9699,2204.5951,226.651,9.727,0.7972
2015-05-03T06:45:59.588Z,1311.2899,1668.1164,228.5474,7.2991,0.7863,1324.95,1718.919,227.3035,7.5616,0.7708,1771.9462,2221.9135,227.2502,9.7777,0.7981
2015-05-03T06:46:59.937Z,1323.7958,1676.9491,228.4027,7.3421,0.7897,1344.6648,1730.7291,227.1984,7.6178,0.7773,1793.8283,2241.6231,226.9141,9.8788,0.8001
2015-05-03T06:47:59.321Z,1289.4264,1679.1759,228.4107,7.3512,0.7684,1307.836,1657.5801,224.7955,7.3733,0.789,1855.3215,2291.5385,228.1517,10.0435,0.8095
2015-05-03T06:48:59.961Z,1302.691,1698.1448,228.1669,7.4424,0.7675,1319.2417,1664.4884,224.82,7.4037,0.7928,1880.4037,2314.2901,228.4427,10.1301,0.8113
2015-05-03T06:50:59.726Z,1331.7064,1688.427,227.6348,7.417,0.7888,1357.1295,1730.4825,227.0281,7.6218,0.7849,1823.2759,2267.0293,227.2787,9.9746,0.8042
2015-05-03T06:51:59.015Z,1339.6658,1680.4826,227.1505,7.398,0.7972,1370.4293,1743.4218,226.7081,7.6906,0.786,1808.6034,2247.3611,226.189,9.9358,0.8045
2015-05-03T06:52:59.602Z,1349.5594,1692.8581,226.7927,7.4643,0.7983,1389.4137,1750.3909,226.519,7.7274,0.7938,1836.5287,2272.1988,225.8026,10.0628,0.8098
2015-05-03T06:53:59.797Z,1350.2581,1690.6026,227.0266,7.4462,0.7988,1370.68,1739.9098,226.0903,7.6954,0.7882,1819.5537,2245.1765,224.94,9.9803,0.812
2015-05-03T06:54:59.215Z,1388.0408,1737.0625,228.0924,7.6155,0.7997,1361.8392,1723.9085,224.0569,7.6935,0.7899,1856.9969,2251.474,223.6088,10.0689,0.8245
2015-05-03T06:55:59.520Z,1338.3168,1719.6038,228.1845,7.5359,0.7778,1348.231,1688.698,223.958,7.5403,0.7981,1891.8442,2311.966,226.7348,10.1964,0.8189
2015-05-03T06:56:59.535Z,1358.2739,1717.9218,228.6587,7.513,0.7898,1416.1875,1787.9763,227.6173,7.8546,0.7913,1864.4961,2323.4581,227.4763,10.214,0.8011
2015-05-03T06:57:59.961Z,1347.013,1722.8008,228.8329,7.5287,0.7821,1375.622,1741.9578,226.2013,7.6994,0.79,1870.5596,2316.4174,228.2134,10.1498,0.8076
2015-05-03T06:58:59.309Z,1340.4457,1747.8967,229.208,7.6254,0.768,1331.1052,1678.0772,223.556,7.5059,0.7932,1917.8522,2342.3252,229.2774,10.2162,0.8199
2015-05-03T06:59:59.569Z,1324.3893,1731.1873,228.7651,7.567,0.7655,1339.8931,1676.8239,223.8142,7.4917,0.7997,1925.1889,2354.4028,229.4067,10.2631,0.8194
