2015-02-25T00:00:59.258Z,5.1553,70.1293,230.8666,0.3037,0.0759,2.7557,63.5438,229.7754,0.2769,0.0441,2.9097,63.8091,230.9949,0.2761,0.048
2015-02-25T00:01:59.600Z,5.7166,73.5715,230.9847,0.3185,0.0791,2.9538,66.133,228.7491,0.2896,0.0447,2.915,66.2603,230.4272,0.2877,0.0432
2015-02-25T00:02:59.977Z,4.7921,72.7251,230.2285,0.316,0.0665,2.6952,65.2237,226.1465,0.288,0.0408,3.28,67.3304,231.13,0.2913,0.0488
2015-02-25T00:03:59.312Z,5.7756,73.4476,229.8727,0.3197,0.0797,3.0143,66.2289,229.9266,0.2883,0.0452,3.0901,67.025,231.6093,0.2897,0.0469
2015-02-25T00:04:59.554Z,5.5613,73.7177,229.8778,0.3208,0.077,2.7549,66.8173,230.2338,0.2901,0.0412,2.9233,66.974,231.6289,0.2889,0.0436
2015-02-25T00:05:59.767Z,5.6643,72.4723,230.33,0.3142,0.0796,2.7869,64.679,230.1988,0.2807,0.0431,3.1236,66.4048,231.7164,0.2863,0.05
2015-02-25T00:06:59.144Z,6.0189,72.4188,230.9136,0.3138,0.083,2.54,66.2492,230.0854,0.2879,0.0388,2.8989,65.031,231.6393,0.2806,0.0477
2015-02-25T00:07:59.436Z,5.5879,73.2824,231.0499,0.3171,0.0773,2.8445,65.5352,230.4066,0.2844,0.0449,2.6958,66.0369,231.8546,0.2853,0.0404
2015-02-25T00:08:59.720Z,5.5236,74.5697,231.564,0.3221,0.0762,2.4223,65.1457,230.3151,0.2832,0.038,2.8251,65.2692,231.9371,0.2812,0.0429
2015-02-25T00:09:59.919Z,5.3274,72.279,231.2426,0.3123,0.0738,3.0988,66.2757,230.1203,0.288,0.0468,3.4076,66.1845,231.5535,0.2855,0.0523
2015-02-25T00:10:59.158Z,5.6024,72.3778,230.9296,0.3138,0.0796,1.9191,65.2086,230.0338,0.2832,0.0318,3.2078,65.4544,230.9198,0.2834,0.0493
2015-02-25T00:11:59.457Z,6.4041,73.7778,231.0795,0.3193,0.0881,2.686,64.7281,230.4556,0.2809,0.042,3.7505,65.4459,231.5157,0.2825,0.0576
2015-02-25T00:12:59.589Z,5.9193,72.6901,230.5909,0.3157,0.0824,2.6388,66.111,230.0507,0.2874,0.0415,2.9577,66.6511,232.0158,0.2867,0.0449
2015-02-25T00:13:59.916Z,4.6353,73.146,231.649,0.316,0.0645,2.8903,65.9254,230.7932,0.2857,0.0448,2.7379,65.2986,231.03,0.2822,0.0418
2015-02-25T00:14:59.317Z,4.6881,73.1083,231.8986,0.3151,0.0651,2.241,65.589,231.0203,0.2841,0.0343,2.5799,65.3931,231.1679,0.2827,0.0392
2015-02-25T00:15:59.441Z,5.6829,72.4511,231.3102,0.3134,0.0802,1.9997,65.5224,230.8242,0.2838,0.0344,3.0856,65.5675,230.7654,0.2842,0.0493
2015-02-25T00:16:59.670Z,5.4325,74.1163,231.7376,0.3192,0.0749,2.6649,65.7165,230.3309,0.2856,0.0403,2.8065,65.1719,231.3087,0.2818,0.044
2015-02-25T00:17:59.976Z,5.8027,73.7991,231.8776,0.318,0.0799,2.6484,67.1412,230.7218,0.2912,0.039,3.144,66.8824,231.4147,0.289,0.0474
2015-02-25T00:18:59.367Z,4.9308,73.4698,232.0727,0.3164,0.0677,2.5071,66.4174,229.4929,0.2896,0.038,3.0346,67.0531,231.6146,0.2892,0.0453
2015-02-25T00:19:59.691Z,5.0384,74.7785,232.6983,0.3215,0.0684,2.5592,64.8357,227.8786,0.2843,0.038,2.7666,66.9541,232.1818,0.2887,0.0413
2015-02-25T00:20:59.927Z,6.1248,74.5746,231.5189,0.3221,0.0833,2.4108,65.6886,230.3563,0.2852,0.037,3.4809,66.5268,231.2431,0.288,0.0524
2015-02-25T00:21:59.035Z,6.2072,74.1627,231.4836,0.3202,0.085,2.6158,63.7216,230.2146,0.2763,0.0426,2.9699,64.3398,231.031,0.2784,0.0467
2015-02-25T00:22:59.488Z,5.0762,72.8797,230.8603,0.3156,0.0702,2.0091,66.0366,230.2563,0.2865,0.03,3.1788,65.941,228.899,0.2882,0.0489
2015-02-25T00:23:59.671Z,4.6799,73.1363,231.2912,0.3164,0.064,3.1278,65.8452,229.7738,0.2864,0.0456,2.9882,65.4637,229.54,0.2855,0.0446
2015-02-25T00:24:59.851Z,5.6245,73.4298,231.201,0.3173,0.0764,2.0242,66.4978,229.6789,0.2896,0.028,2.6707,65.8475,229.9255,0.2865,0.041
2015-02-25T00:25:59.140Z,5.1694,73.0617,231.3407,0.316,0.0728,2.7185,64.6434,230.0604,0.2812,0.0449,3.4101,65.398,230.7209,0.2836,0.0534
2015-02-25T00:26:59.415Z,5.2162,73.4283,231.3504,0.3178,0.0713,2.204,66.5408,229.9113,0.2891,0.0334,2.7343,65.8891,230.5112,0.2853,0.0418
2015-02-25T00:27:59.804Z,5.173,72.5471,231.5399,0.3129,0.074,2.4315,66.8011,229.5423,0.2909,0.0367,2.8433,66.1571,230.7491,0.2871,0.0442
2015-02-25T00:28:59.104Z,4.7442,72.4966,231.4686,0.3132,0.0659,2.4242,66.0919,229.8252,0.2876,0.0383,2.9311,66.8973,230.6727,0.2899,0.0432
2015-02-25T00:29:59.392Z,5.6385,72.5697,231.0937,0.3143,0.0785,2.3338,65.2662,229.5244,0.2843,0.0356,3.151,65.9101,230.5241,0.2862,0.0477
2015-02-25T00:30:59.650Z,5.8013,70.9685,230.3768,0.3077,0.0845,2.176,64.7674,228.6213,0.2836,0.0356,3.2251,64.8403,230.1497,0.2818,0.0533
2015-02-25T00:31:59.936Z,5.729,73.1464,230.6955,0.3172,0.0793,3.1118,65.4822,228.8312,0.286,0.0477,3.1207,65.1766,230.2501,0.2834,0.049
2015-02-25T00:32:59.289Z,4.0026,73.5316,230.9676,0.3184,0.0559,2.3594,65.2487,229.3139,0.2843,0.0374,2.9327,67.5676,229.8337,0.2946,0.0427
2015-02-25T00:33:59.534Z,5.6435,73.4957,231.5335,0.3176,0.0774,2.9912,66.3405,229.8176,0.2884,0.0464,3.5907,66.1062,231.0596,0.286,0.0538
2015-02-25T00:34:59.874Z,6.1766,72.8682,232.9474,0.3126,0.0858,2.6831,65.5057,231.0797,0.2835,0.0401,2.6112,67.9681,232.3565,0.2919,0.0391
2015-02-25T00:35:59.125Z,5.8064,72.5779,233.0836,0.311,0.0808,3.1512,64.7539,231.7939,0.28,0.0493,3.545,67.3018,233.2291,0.2888,0.0533
2015-02-25T00:36:59.557Z,5.2367,74.1776,232.4896,0.3192,0.0719,2.6065,67.7898,231.0988,0.2936,0.0391,3.2103,65.6931,232.7287,0.2823,0.0491
2015-02-25T00:37:59.121Z,5.1376,73.3105,232.4592,0.3149,0.0702,2.7055,64.967,231.2315,0.2807,0.0416,3.5144,67.3419,232.6271,0.2897,0.0521
2015-02-25T00:38:59.284Z,5.8193,74.2066,232.0618,0.3197,0.0777,2.3845,67.318,231.1385,0.2916,0.0354,3.3914,66.5247,232.276,0.2866,0.0503
2015-02-25T00:39:59.544Z,4.9468,73.6601,231.9601,0.3176,0.0688,2.7827,66.6518,230.7956,0.2888,0.0413,2.82,66.7524,231.8996,0.2877,0.0418
2015-02-25T00:40:59.736Z,6.2822,73.5886,231.6082,0.3174,0.0871,2.5223,65.082,230.1589,0.283,0.0387,2.9537,66.5269,231.1857,0.2878,0.044
2015-02-25T00:41:59.950Z,5.6186,73.4772,231.2036,0.3175,0.0763,2.3741,65.8042,230.0934,0.2859,0.0361,2.9175,66.5137,233.0313,0.286,0.0435
2015-02-25T00:42:59.149Z,5.5502,72.4907,229.4834,0.3157,0.0783,2.5799,64.7065,230.1583,0.281,0.0393,2.672,66.1589,233.4367,0.2833,0.0407
2015-02-25T00:43:59.392Z,5.8885,73.1513,230.2908,0.3173,0.0809,2.5503,67.1723,231.3321,0.2904,0.0395,3.4077,67.3634,233.1112,0.2896,0.0492
2015-02-25T00:44:59.651Z,5.4536,72.1825,230.874,0.3125,0.0764,2.5922,67.7901,231.7898,0.2926,0.0393,2.9544,67.6343,233.138,0.2899,0.0447
2015-02-25T00:45:59.953Z,5.9471,73.8869,231.9689,0.3188,0.082,2.0578,66.171,231.7122,0.2851,0.0341,3.0097,65.7973,233.1944,0.2819,0.048
2015-02-25T00:46:59.315Z,5.7379,74.8459,232.4226,0.3223,0.0768,2.4898,66.5371,231.0563,0.2882,0.0384,2.7843,66.8141,233.2151,0.2869,0.0407
2015-02-25T00:47:59.621Z,5.7047,74.2898,232.4528,0.3192,0.0778,2.5037,64.9365,229.622,0.2832,0.037,2.5964,66.0852,232.9904,0.2835,0.0398
2015-02-25T00:49:59.365Z,5.3932,73.1558,231.7649,0.3158,0.0741,2.5686,65.6639,231.8127,0.283,0.0398,3.3015,68.1216,231.9704,0.2939,0.0481
2015-02-25T00:50:59.726Z,6.0803,72.719,231.8392,0.3139,0.0855,2.4127,64.284,231.565,0.2779,0.0376,3.1023,64.5186,231.5455,0.2787,0.0508
2015-02-25T00:51:59.016Z,5.9289,74.1025,231.3112,0.3204,0.0815,2.7136,66.5454,230.8837,0.2882,0.0407,3.0744,66.356,231.2292,0.2869,0.0449
2015-02-25T00:52:59.289Z,4.7677,73.5317,232.2084,0.3162,0.0661,2.4597,65.0835,229.9407,0.2827,0.0383,2.9634,67.3224,231.1385,0.2905,0.0451
2015-02-25T00:53:59.855Z,5.6199,72.8434,231.8464,0.3145,0.0768,2.5813,66.2585,230.6866,0.2873,0.0401,3.3609,65.5075,231.5723,0.2832,0.0523
2015-02-25T00:54:59.072Z,5.7722,73.6307,231.5616,0.318,0.0798,2.6374,65.8383,231.4969,0.2844,0.0402,2.7315,67.7629,232.4025,0.2912,0.0404
2015-02-25T00:55:59.352Z,5.7898,72.7653,231.7651,0.3142,0.0813,2.465,64.52,230.9052,0.2788,0.0372,3.1828,66.2412,232.58,0.2842,0.0502
2015-02-25T00:56:59.666Z,5.8279,73.3492,231.8956,0.3165,0.0814,2.9435,67.1048,231.2004,0.2898,0.0445,3.4656,66.1644,232.9416,0.2841,0.0526
2015-02-25T00:57:59.862Z,5.3534,74.3481,231.8596,0.3204,0.0724,3.2033,66.9581,231.4954,0.2892,0.0475,2.4571,67.1795,232.8127,0.2884,0.0376
2015-02-25T00:58:59.150Z,6.2561,74.8858,232.8691,0.3213,0.084,2.483,66.7082,232.0918,0.2876,0.0383,2.8169,66.9477,231.2269,0.289,0.0409
2015-02-25T00:59:59.410Z,5.249,73.4641,231.933,0.317,0.0722,2.6142,67.563,231.7818,0.2907,0.038,3.3835,66.4975,232.7404,0.2852,0.0524
2015-02-25T01:00:59.724Z,4.6654,71.8548,231.4155,0.3103,0.0664,2.3745,64.3166,230.6299,0.2789,0.0387,3.1346,66.2628,233.0643,0.2845,0.0493
2015-02-25T01:01:59.056Z,4.4828,72.6012,231.8372,0.3131,0.063,2.492,65.1506,230.9674,0.282,0.0438,3.2217,65.9996,233.268,0.2833,0.0504
2015-02-25T01:02:59.280Z,5.788,72.7945,231.2658,0.3141,0.0803,2.3313,65.4887,229.2779,0.2858,0.0371,3.4147,66.6139,232.3516,0.2867,0.0515
2015-02-25T01:03:59.543Z,5.7499,73.0414,232.0271,0.3147,0.0807,2.7362,65.5375,228.1186,0.2875,0.0407,3.2611,67.5945,233.7424,0.289,0.0492
2015-02-25T01:04:59.726Z,5.0195,72.3765,232.0309,0.3119,0.0701,2.1095,65.5436,230.6479,0.2842,0.0341,3.6509,67.0054,233.8824,0.286,0.0562
2015-02-25T01:05:59.975Z,4.336,71.7364,231.6951,0.3097,0.0601,3.2224,63.9257,230.9677,0.2764,0.0537,3.2881,66.7122,232.8007,0.2868,0.0521
2015-02-25T01:06:59.213Z,5.5561,74.0619,231.6093,0.3198,0.0764,2.3663,67.8281,230.6622,0.2939,0.037,2.973,67.3867,232.1958,0.2906,0.0451
2015-02-25T01:07:59.510Z,5.0652,72.6667,231.731,0.3136,0.069,2.2511,66.8698,231.2833,0.2893,0.0349,3.0787,66.2322,231.9634,0.2857,0.0474
2015-02-25T01:08:59.804Z,5.533,73.0696,231.7951,0.3153,0.0769,2.688,66.7634,231.8746,0.2882,0.041,2.9926,66.561,232.1699,0.2866,0.0441
2015-02-25T01:09:59.231Z,5.4058,73.1861,231.3489,0.3161,0.0738,3.0523,66.7836,230.72,0.2889,0.0454,3.0679,66.7271,231.1758,0.2889,0.0456
2015-02-25T01:10:59.489Z,4.9515,72.0304,231.5469,0.3111,0.07,3.0111,65.8586,230.5597,0.2853,0.0477,3.149,64.8468,230.5408,0.2813,0.0518
2015-02-25T01:11:59.835Z,5.2074,73.8509,232.2152,0.3179,0.0721,2.5038,66.2191,230.6238,0.2874,0.0382,3.035,65.2557,230.9712,0.2826,0.0467
2015-02-25T01:12:59.089Z,6.7121,73.7925,231.5889,0.3185,0.0921,2.4445,65.8392,231.5125,0.2839,0.0384,3.1718,66.0818,230.7966,0.2863,0.0481
2015-02-25T01:13:59.704Z,5.0718,74.4357,231.8917,0.3211,0.0689,3.1379,66.5695,230.8245,0.2886,0.0487,3.188,66.7292,230.4225,0.2898,0.047
2015-02-25T01:14:59.973Z,5.0415,72.2335,232.7497,0.3105,0.0705,2.3465,66.8542,231.1337,0.2895,0.035,3.0302,66.7295,231.8401,0.2878,0.0468
2015-02-25T01:15:59.197Z,5.5474,74.1542,232.4618,0.3192,0.074,2.5024,65.414,230.959,0.2837,0.0396,2.837,66.3071,231.8612,0.2865,0.0433
2015-02-25T01:16:59.409Z,5.5923,72.9545,232.5292,0.3141,0.0786,2.9716,66.0643,230.7613,0.2865,0.0463,3.1144,67.3482,231.89,0.2908,0.0466
2015-02-25T01:17:59.693Z,5.986,73.1539,232.4123,0.3148,0.0825,2.6042,66.661,230.68,0.2891,0.0388,2.9721,66.4248,232.1099,0.2864,0.0462
2015-02-25T01:18:59.928Z,4.2524,73.3114,232.2988,0.3158,0.0581,2.6693,65.5302,230.6591,0.284,0.041,3.0618,66.4445,231.8667,0.2866,0.0467
2015-02-25T01:19:59.346Z,4.894,72.997,232.3336,0.314,0.0674,3.0527,67.3186,230.7497,0.2917,0.0461,2.9519,66.4551,232.0048,0.2863,0.0438
2015-02-25T01:20:59.582Z,5.7216,74.7826,232.0197,0.3221,0.0789,2.4976,68.1991,230.9756,0.2954,0.0357,3.2005,66.1308,232.3153,0.2846,0.0497
2015-02-25T01:21:59.835Z,6.1972,73.9999,232.0199,0.3188,0.0858,2.1479,65.0258,230.526,0.2816,0.0322,2.3196,65.9426,232.1847,0.2839,0.0371
2015-02-25T01:22:59.038Z,5.1971,73.3574,232.008,0.3163,0.072,2.8673,66.0328,231.6346,0.2848,0.0437,2.9926,65.7075,232.4715,0.2826,0.0461
2015-02-25T01:23:59.323Z,5.3407,72.4671,231.8776,0.3134,0.0747,2.5339,66.9126,232.1895,0.2882,0.0392,3.412,66.9628,232.0539,0.2885,0.049
2015-02-25T01:24:59.560Z,5.8082,74.3966,233.5889,0.3186,0.0786,3.1403,66.4542,232.6531,0.2856,0.0464,2.8423,65.7795,233.623,0.2815,0.0446
2015-02-25T01:25:59.761Z,6.0941,73.8446,233.6737,0.3158,0.0835,2.424,66.4655,232.7027,0.2858,0.0357,3.0437,66.8989,232.7134,0.2876,0.0464
2015-02-25T01:26:59.994Z,5.2454,74.3001,233.9173,0.3173,0.0714,2.5111,66.5377,232.794,0.2854,0.0377,3.0604,65.9062,233.5686,0.2823,0.0463
2015-02-25T01:27:59.329Z,4.6606,73.9597,232.6734,0.3176,0.0638,2.9222,66.5864,232.9579,0.2856,0.0434,3.2887,67.457,233.9111,0.2881,0.0498
2015-02-25T01:28:59.819Z,4.7239,73.165,231.4399,0.3161,0.0651,2.4711,66.2851,232.2511,0.2855,0.0413,2.7848,66.9478,233.0533,0.2873,0.0418
2015-02-25T01:29:59.039Z,5.4182,73.2179,231.4441,0.316,0.0739,2.2119,65.2191,232.0089,0.2808,0.0346,3.1869,67.4659,232.737,0.2906,0.048
2015-02-25T01:30:59.346Z,6.133,72.9795,231.289,0.3157,0.0858,2.4826,66.7213,231.5199,0.288,0.0379,2.9604,65.6795,233.0818,0.2815,0.0448
2015-02-25T01:31:59.609Z,5.6978,73.7643,232.1305,0.318,0.0778,2.4093,66.1556,230.7355,0.2867,0.0354,3.3251,68.42,233.4255,0.2934,0.0473
2015-02-25T01:32:59.781Z,5.2565,73.8891,232.0537,0.3186,0.0702,2.8101,65.6935,229.7785,0.2864,0.0426,2.922,66.9485,233.1492,0.2874,0.0441
2015-02-25T01:33:59.939Z,6.2546,72.9043,230.9251,0.3155,0.0872,2.7075,64.7466,229.5608,0.2825,0.0423,2.8893,65.3311,233.2774,0.2799,0.0455
2015-02-25T01:34:59.172Z,5.5758,73.9953,232.3347,0.3179,0.0772,2.7499,67.0194,231.5757,0.29,0.0418,3.091,67.2611,233.1253,0.2887,0.0444
2015-02-25T01:35:59.431Z,5.1841,73.576,232.644,0.3165,0.0719,2.2804,65.3816,231.3213,0.2829,0.0349,2.9396,65.7266,232.8174,0.2825,0.0448
2015-02-25T01:36:59.684Z,5.7735,71.7143,232.4296,0.3087,0.0814,2.1566,64.1055,231.2941,0.2768,0.0353,3.2277,65.4138,232.6924,0.2809,0.05
2015-02-25T01:37:59.092Z,5.6567,74.2636,232.6343,0.3193,0.0784,2.6578,66.8836,232.0683,0.2884,0.0408,3.6109,66.6452,233.095,0.2858,0.054
2015-02-25T01:38:59.321Z,5.8164,74.1304,232.4585,0.3187,0.0774,2.3703,65.7335,231.9371,0.2835,0.0356,3.071,66.0549,233.0802,0.2832,0.0469
2015-02-25T01:39:59.704Z,5.3086,72.7931,232.2646,0.3131,0.0738,2.8856,65.1109,229.8774,0.2837,0.0435,3.2476,66.4031,232.9849,0.2845,0.0497
2015-02-25T01:40:59.961Z,5.9448,73.7747,231.8214,0.3184,0.0812,2.3071,65.844,229.1951,0.2873,0.0341,3.6607,66.9918,232.1787,0.2883,0.0551
2015-02-25T01:41:59.235Z,5.5262,74.0467,231.2956,0.3198,0.0749,2.3885,66.0342,230.1108,0.2873,0.0344,3.244,66.8987,231.8849,0.2885,0.0469
2015-02-25T01:42:59.465Z,5.5208,72.7753,231.1941,0.3147,0.0782,2.5813,65.6817,229.6602,0.2861,0.0405,3.0813,66.2342,232.299,0.2853,0.047
2015-02-25T01:43:59.821Z,5.0846,72.4805,231.1499,0.3134,0.0689,2.1081,66.1838,229.7482,0.2877,0.0318,2.9596,66.9688,232.4187,0.288,0.0434
2015-02-25T01:44:59.126Z,5.2803,73.3963,232.1562,0.3154,0.0709,2.6254,66.1099,231.0154,0.2863,0.039,3.0842,66.5982,233.4176,0.2851,0.0456
2015-02-25T01:45:59.354Z,5.6916,72.574,232.2205,0.3121,0.08,2.5364,66.1801,231.6662,0.2857,0.0398,2.8758,65.9811,233.3953,0.2823,0.0453
2015-02-25T01:46:59.773Z,5.7583,73.8013,231.9321,0.3182,0.0787,2.6032,66.4957,231.9816,0.2865,0.0398,3.1846,66.9486,233.263,0.2866,0.0471
2015-02-25T01:47:59.051Z,4.8259,73.6697,232.1328,0.3173,0.0656,2.4576,66.9811,232.1598,0.2887,0.0383,3.0946,65.8663,233.3031,0.2823,0.0483
2015-02-25T01:48:59.542Z,4.8301,72.0542,232.703,0.309,0.0684,2.6264,66.1086,232.5411,0.2841,0.0412,2.3959,68.0455,233.3844,0.2913,0.0367
2015-02-25T01:49:59.852Z,5.2714,73.473,232.723,0.316,0.0737,2.7384,67.1068,232.5417,0.2889,0.0396,3.0482,65.9911,233.0279,0.2824,0.0478
2015-02-25T01:50:59.113Z,6.0401,73.6344,232.5463,0.3166,0.0827,2.3901,66.762,232.1794,0.2876,0.037,3.2099,65.2266,233.4562,0.2803,0.053
2015-02-25T01:51:59.534Z,5.1291,73.8923,231.9723,0.3182,0.0718,2.6942,65.9541,231.1391,0.2856,0.0403,2.8286,66.2902,232.7176,0.2853,0.0415
2015-02-25T01:52:59.820Z,5.1263,73.5717,232.7976,0.3157,0.0708,2.8021,65.8065,231.0861,0.2842,0.0426,3.1708,66.608,232.6977,0.2858,0.0474
2015-02-25T01:53:59.072Z,5.9203,74.039,233.6057,0.3169,0.0809,3.1766,66.9849,230.8509,0.2903,0.0466,3.1079,67.2782,232.7349,0.2889,0.0463
2015-02-25T01:54:59.316Z,5.9803,74.1876,232.9241,0.3185,0.0809,3.232,65.6704,232.9911,0.2816,0.0521,2.5991,65.9011,233.5602,0.2821,0.042
2015-02-25T01:55:59.611Z,5.8833,72.4938,232.3054,0.3119,0.0831,2.3938,65.998,232.9318,0.2838,0.0379,3.0803,65.5163,233.4268,0.2811,0.0466
2015-02-25T01:56:59.810Z,4.6919,74.0377,232.1005,0.3195,0.0637,2.3445,67.4531,232.5691,0.2908,0.0367,2.68,65.2967,233.0323,0.2799,0.0401
2015-02-25T01:57:59.153Z,4.9759,73.4103,231.8273,0.316,0.0686,2.5748,66.8684,232.3179,0.2877,0.0392,3.2644,67.6183,232.9224,0.2898,0.0488
2015-02-25T01:58:59.364Z,5.444,73.6837,232.1766,0.318,0.0755,2.6268,65.9488,232.5434,0.2838,0.0392,3.4296,68.0536,233.1116,0.2926,0.0505
2015-02-25T01:59:59.615Z,6.2122,73.6727,231.9865,0.3173,0.0842,2.6465,66.2787,232.3402,0.2852,0.0389,3.19,66.3335,232.3242,0.2859,0.047
