2015-01-09T00:00:59.438Z,2.2294,64.0541,233.5537,0.2736,0.035,2.7042,58.6052,232.7502,0.2514,0.0474,3.3176,57.551,232.0731,0.2477,0.0589
2015-01-09T00:01:59.718Z,2.9443,65.9078,232.7399,0.2833,0.0454,3.0216,59.8938,232.3816,0.2573,0.0485,3.1281,60.6949,231.8636,0.262,0.0508
2015-01-09T00:02:59.086Z,4.0212,66.7424,232.6814,0.2869,0.0614,3.3853,59.2423,231.2346,0.257,0.0578,3.2491,60.0226,231.6739,0.2588,0.0556
2015-01-09T00:03:59.355Z,2.5235,65.2176,231.3944,0.2818,0.0402,2.986,58.0471,231.3458,0.2508,0.0547,3.6115,57.9627,230.8886,0.2514,0.0653
2015-01-09T00:04:59.760Z,2.3367,65.756,232.2453,0.2832,0.0341,2.1634,59.9263,231.0799,0.2596,0.035,3.255,60.4992,232.1373,0.2603,0.0548
2015-01-09T00:05:59.961Z,2.4037,66.0753,232.8313,0.2838,0.0364,2.6048,58.4232,231.5852,0.2527,0.0453,3.0182,60.269,232.6246,0.2595,0.0512
2015-01-09T00:06:59.223Z,3.1083,67.3278,232.2451,0.2892,0.0473,2.251,60.3084,231.3906,0.2607,0.0369,3.2049,58.8524,232.3096,0.2538,0.0546
2015-01-09T00:07:59.427Z,3.0108,65.7297,230.6605,0.2848,0.0462,2.6446,57.883,230.8524,0.2509,0.0466,3.0846,58.6431,231.5142,0.2535,0.054
2015-01-09T00:08:59.549Z,2.6495,65.7773,229.9352,0.2863,0.0402,2.717,58.6702,230.794,0.2542,0.0466,3.4049,57.898,231.2307,0.2505,0.0603
2015-01-09T00:09:59.857Z,2.1515,65.2716,230.0022,0.2835,0.0332,2.8511,58.9444,231.1487,0.2549,0.0487,3.5242,58.5208,231.1877,0.253,0.059
2015-01-09T00:10:59.122Z,3.1708,65.9203,231.2074,0.2849,0.0482,2.8129,58.4927,231.1131,0.2532,0.047,2.9714,59.2379,231.6947,0.2558,0.0502
2015-01-09T00:11:59.394Z,2.2767,66.0527,231.4577,0.2846,0.0341,2.8141,58.1879,230.3086,0.2519,0.0475,2.9257,60.05,231.3643,0.2596,0.0507
2015-01-09T00:12:59.686Z,1.9364,66.3349,231.6689,0.2859,0.0291,3.1346,59.6801,230.2924,0.2589,0.0522,3.4598,59.1222,231.3515,0.2558,0.0592
2015-01-09T00:13:59.959Z,2.2621,64.8493,231.2116,0.2803,0.0344,2.9124,59.3735,230.7165,0.2573,0.0512,2.8289,58.9167,230.7725,0.2554,0.0502
2015-01-09T00:14:59.090Z,2.8907,65.3856,231.4051,0.2821,0.0456,3.093,58.6568,230.962,0.2543,0.0528,3.0859,58.9177,231.6637,0.2546,0.0539
2015-01-09T00:15:59.343Z,2.4262,66.6845,231.7842,0.2876,0.0374,2.8309,59.6387,230.9893,0.2579,0.0457,2.8829,60.0134,231.613,0.2593,0.048
2015-01-09T00:16:59.710Z,1.8852,66.1145,231.6452,0.2849,0.0282,3.0205,58.0043,231.4978,0.2508,0.0525,3.2947,59.7637,231.5003,0.258,0.056
2015-01-09T00:17:59.073Z,3.0667,65.4783,231.6423,0.2822,0.0477,2.6551,58.8168,231.7518,0.2543,0.0473,3.3418,59.3864,231.2233,0.2567,0.0567
2015-01-09T00:18:59.503Z,3.1903,65.0971,231.8611,0.2808,0.0493,2.7149,59.3291,231.6746,0.2561,0.0451,3.9632,60.0682,230.9065,0.2601,0.0663
2015-01-09T00:19:59.782Z,2.4922,64.3542,231.0729,0.279,0.0392,3.1138,60.3553,231.2908,0.2611,0.0516,3.1431,59.3351,230.5007,0.2568,0.0533
2015-01-09T00:20:59.046Z,2.3142,65.4884,230.5096,0.2839,0.0361,2.3441,58.4719,231.3102,0.2527,0.04,3.8619,60.3772,230.6348,0.2616,0.0633
2015-01-09T00:21:59.252Z,1.9977,65.8692,230.1134,0.2858,0.0314,2.9848,58.59,230.9804,0.2534,0.0498,3.4244,58.5609,230.1435,0.2542,0.0587
2015-01-09T00:22:59.747Z,3.1371,65.8543,229.9739,0.2858,0.0483,2.8836,58.3847,230.4141,0.2535,0.05,3.5272,59.6354,230.3545,0.259,0.0589
2015-01-09T00:23:59.028Z,2.1693,65.7001,230.4291,0.2851,0.0332,2.6772,59.334,229.2114,0.2588,0.0463,3.4266,59.2609,229.7539,0.2579,0.0592
2015-01-09T00:24:59.163Z,2.1905,64.1723,230.3374,0.2789,0.0356,3.0688,57.977,230.6766,0.2511,0.0532,2.8735,56.3392,229.6285,0.2453,0.0527
2015-01-09T00:25:59.496Z,2.2152,65.0214,230.4656,0.2827,0.0338,3.132,59.2229,231.0931,0.2563,0.0541,56.3922,86.7589,229.8264,0.3771,0.5747
2015-01-09T00:26:59.627Z,3.5234,66.0047,230.0862,0.2871,0.0523,2.4426,59.3332,231.6419,0.2558,0.0414,80.9908,100.0318,230.1627,0.4355,0.8103
2015-01-09T00:27:59.901Z,3.4572,65.241,229.6189,0.2841,0.0528,2.9703,58.331,231.7943,0.2518,0.0512,80.9191,99.7857,229.7518,0.4348,0.8117
2015-01-09T00:28:59.080Z,2.6489,64.273,229.7002,0.2796,0.042,2.9176,57.3992,231.9928,0.2475,0.0533,81.2449,99.9109,229.8712,0.4345,0.8152
2015-01-09T00:29:59.249Z,2.9693,64.9908,229.133,0.2841,0.0457,2.8325,59.2232,231.9837,0.2552,0.0468,81.139,100.1757,230.1983,0.4351,0.8111
2015-01-09T00:30:59.507Z,2.2081,64.6441,230.3127,0.2801,0.0341,2.6443,59.7502,231.7755,0.2581,0.043,80.9307,100.0755,229.5688,0.4359,0.8092
2015-01-09T00:31:59.934Z,2.6282,66.5271,230.5578,0.2885,0.0402,2.7859,58.2522,231.6618,0.2519,0.0481,81.0498,99.8525,229.8874,0.4341,0.8126
2015-01-09T00:32:59.180Z,2.4014,65.1814,229.4932,0.2844,0.0388,3.0728,57.7106,231.5383,0.2493,0.0529,80.539,98.9588,229.5982,0.4308,0.8151
2015-01-09T00:33:59.450Z,2.8611,66.4468,230.7446,0.2881,0.043,2.4116,57.6363,228.8087,0.2519,0.0425,81.0587,99.6058,229.886,0.4332,0.8148
2015-01-09T00:34:59.763Z,2.6257,66.2939,231.3138,0.2864,0.0395,2.9175,57.5876,227.9075,0.253,0.0507,81.2476,100.177,230.7352,0.434,0.8117
2015-01-09T00:35:59.030Z,3.1233,66.2339,231.4702,0.2861,0.0468,2.5282,57.9528,229.5269,0.2527,0.044,81.5296,101.1711,230.8331,0.4386,0.8062
2015-01-09T00:36:59.399Z,2.5053,64.9985,231.5847,0.2805,0.0388,2.5995,58.6281,231.4786,0.2536,0.0438,80.6492,99.1659,230.0066,0.4308,0.8141
2015-01-09T00:37:59.676Z,3.4425,65.0179,231.699,0.2807,0.0546,2.5786,58.2577,231.53,0.2516,0.0448,80.6171,99.144,229.7752,0.4316,0.8143
2015-01-09T00:38:59.936Z,3.1968,64.7632,231.6297,0.2796,0.0499,2.7457,58.7136,231.5835,0.2535,0.0471,80.7104,99.1253,230.0858,0.4304,0.8149
2015-01-09T00:39:59.332Z,3.0639,65.8778,231.568,0.284,0.0469,2.6643,58.3407,231.373,0.2524,0.0469,81.7039,99.7941,230.348,0.4327,0.8199
2015-01-09T00:40:59.485Z,2.3988,66.1942,231.4251,0.286,0.0367,2.9535,58.2767,231.7979,0.2515,0.051,81.4931,100.4545,230.4571,0.4363,0.8125
2015-01-09T00:41:59.777Z,2.8178,65.5149,231.3918,0.2834,0.0438,2.6635,60.0354,231.0147,0.2605,0.0449,81.2577,100.2368,230.0227,0.4356,0.8112
2015-01-09T00:42:59.031Z,3.7373,65.9846,231.1961,0.2856,0.0582,3.156,57.6416,230.8112,0.2502,0.0557,80.9034,99.4797,229.9456,0.4321,0.8144
2015-01-09T00:43:59.392Z,3.1628,65.7815,229.9152,0.2862,0.0479,2.5905,59.8351,230.0932,0.2595,0.0463,81.0374,100.1997,230.2454,0.4354,0.8097
2015-01-09T00:44:59.627Z,2.5409,65.9335,230.7759,0.2858,0.0386,2.8312,57.4597,231.2115,0.2479,0.0496,81.4349,99.5867,230.7609,0.4318,0.8182
2015-01-09T00:45:59.768Z,2.3882,66.4424,231.3498,0.2871,0.0353,2.8268,57.7031,231.9211,0.2488,0.0502,81.4516,99.5345,230.9834,0.431,0.8188
2015-01-09T00:46:59.007Z,3.5766,65.016,231.3499,0.2807,0.0557,2.6533,59.6681,231.4208,0.2586,0.0451,81.5731,100.6228,230.8509,0.4359,0.8114
2015-01-09T00:47:59.629Z,3.3762,66.2234,231.355,0.2858,0.0505,3.0432,59.5059,231.4663,0.2573,0.0499,81.2813,100.5628,230.8988,0.436,0.8098
2015-01-09T00:48:59.053Z,2.6578,66.0314,231.2688,0.2856,0.0401,2.8642,58.8684,231.4977,0.2541,0.0476,81.6429,99.9442,230.8317,0.4326,0.817
2015-01-09T00:49:59.260Z,2.5625,67.1481,231.4429,0.2901,0.0377,3.0053,58.3208,232.021,0.2516,0.0529,81.4385,100.6982,230.6507,0.4368,0.8099
2015-01-09T00:50:59.665Z,2.6966,65.8699,231.3335,0.285,0.0409,3.2436,59.2166,232.1515,0.2558,0.053,81.3201,99.3226,230.6648,0.4311,0.8195
2015-01-09T00:51:59.926Z,3.2898,65.8577,231.0859,0.2854,0.0503,2.8232,59.2154,231.5775,0.2552,0.0471,81.4936,100.3724,230.5205,0.4353,0.8126
2015-01-09T00:52:59.240Z,3.1,66.2352,230.8414,0.2874,0.0466,2.8082,59.1967,231.1343,0.2557,0.0466,80.7169,99.8323,230.0358,0.4341,0.8092
2015-01-09T00:53:59.470Z,2.9791,65.1212,230.094,0.2831,0.0467,2.7401,59.4392,231.3887,0.2568,0.0486,80.4221,98.6444,229.2055,0.4303,0.8167
2015-01-09T00:54:59.631Z,3.292,66.068,230.8097,0.2866,0.0513,2.621,59.2367,231.4281,0.2564,0.0438,80.728,100.4637,229.8447,0.4369,0.8042
2015-01-09T00:55:59.888Z,2.5184,65.4595,231.055,0.2835,0.039,3.3233,59.0505,231.107,0.2559,0.0566,81.1139,100.7715,231.2201,0.4354,0.8061
2015-01-09T00:56:59.310Z,3.5741,65.9681,230.8922,0.286,0.0551,2.0876,59.4513,231.7679,0.2566,0.0353,81.2259,100.1899,231.0637,0.4341,0.8118
2015-01-09T00:57:59.515Z,2.8156,65.9041,230.2627,0.2863,0.044,2.8511,56.9888,231.9626,0.2459,0.0512,81.4608,100.7933,231.1885,0.4354,0.8093
2015-01-09T00:58:59.753Z,2.2367,65.383,230.0041,0.2839,0.0336,2.9038,59.3316,232.0847,0.2555,0.048,82.1372,101.0266,231.3445,0.4372,0.8142
