2015-04-15T00:00:59.734Z,5.2595,46.9098,231.5012,0.2028,0.11,-6.066,36.6053,231.2386,0.1584,-0.1782,10.2108,38.8798,231.4623,0.1685,0.2687
2015-04-15T00:01:59.965Z,4.5152,49.0246,231.7515,0.2119,0.09,-5.8325,35.1631,231.3571,0.1519,-0.1753,10.4867,38.4537,231.7108,0.1662,0.2805
2015-04-15T00:02:59.214Z,6.7278,48.8861,231.0861,0.2116,0.1374,-6.735,34.8157,231.3468,0.1503,-0.2038,10.263,38.1278,231.9371,0.1639,0.2777
2015-04-15T00:03:59.471Z,6.8134,48.0457,231.0416,0.2075,0.1418,-6.9082,34.9191,231.8784,0.1504,-0.2049,10.9984,39.5653,232.5071,0.1697,0.2856
2015-04-15T00:04:59.784Z,7.1002,48.622,231.4512,0.2102,0.1452,-6.95,34.7664,232.4435,0.1504,-0.2143,10.2565,37.8074,233.1334,0.162,0.2788
2015-04-15T00:05:59.053Z,7.4637,48.4944,231.8609,0.2094,0.1554,-7.5101,36.0233,232.6313,0.1548,-0.2158,11.1844,38.2896,233.4826,0.1639,0.2996
2015-04-15T00:06:59.245Z,6.7373,47.6426,232.0213,0.2053,0.1416,-6.5,36.2681,232.4768,0.1566,-0.1846,10.6742,38.1069,233.5527,0.1629,0.2875
2015-04-15T00:07:59.523Z,6.2126,48.4123,231.8862,0.2085,0.1277,-6.4051,35.3098,232.5095,0.1522,-0.1948,10.5041,38.6774,233.4892,0.1659,0.2766
2015-04-15T00:08:59.748Z,7.2938,48.0765,231.7675,0.2076,0.1521,-7.0763,34.0246,232.4155,0.1463,-0.2166,10.7987,37.8434,233.2432,0.1625,0.2942
2015-04-15T00:09:59.959Z,6.714,49.1173,231.9322,0.2118,0.1352,-7.2568,36.376,232.591,0.1562,-0.209,10.4989,38.6458,233.4097,0.1657,0.2781
2015-04-15T00:10:59.175Z,6.6069,48.4303,231.5058,0.2094,0.1362,-6.8225,34.3211,232.0613,0.1483,-0.2067,10.5522,36.191,232.7582,0.1558,0.3027
2015-04-15T00:11:59.342Z,6.168,48.6413,231.8475,0.2097,0.1262,-6.4207,33.7695,232.3757,0.1452,-0.1984,10.6802,37.8937,233.1068,0.1626,0.2848
2015-04-15T00:12:59.494Z,7.0035,48.8742,232.5475,0.2098,0.1421,-6.8486,32.086,233.1462,0.1378,-0.2144,10.8874,35.334,233.7105,0.1512,0.3122
2015-04-15T00:13:59.609Z,5.8091,48.9042,232.9935,0.2095,0.1187,-6.5048,32.9374,233.386,0.1409,-0.2071,10.7545,38.06,233.948,0.1632,0.2899
2015-04-15T00:14:59.947Z,5.2663,48.794,233.142,0.2091,0.1084,-6.4754,35.3056,233.1985,0.1514,-0.1912,10.8059,37.7148,233.8208,0.1614,0.2954
2015-04-15T00:15:59.446Z,5.4166,48.1777,233.2376,0.2066,0.112,-6.4268,37.2954,233.3124,0.16,-0.178,10.6206,38.316,233.6941,0.1642,0.2858
2015-04-15T00:16:59.682Z,4.8528,48.2463,233.314,0.2067,0.1029,-6.0939,34.6187,233.7403,0.1482,-0.1899,10.8251,38.8885,233.8857,0.1668,0.2932
2015-04-15T00:17:59.889Z,5.1381,49.4931,233.2901,0.2118,0.1052,-6.351,35.7762,233.6696,0.1532,-0.1836,10.9569,39.4041,234.0269,0.1684,0.2836
2015-04-15T00:18:59.196Z,6.0073,48.2707,232.6928,0.2074,0.1247,-6.7853,33.8812,232.8369,0.1453,-0.2022,10.1516,36.7711,233.6231,0.1575,0.286
2015-04-15T00:19:59.694Z,6.8786,48.6033,232.6105,0.209,0.1415,-7.1032,35.5564,232.658,0.1524,-0.2103,10.7148,38.3623,233.487,0.1645,0.283
2015-04-15T00:20:59.122Z,6.2552,48.9812,232.3469,0.2104,0.1261,-6.7036,36.1746,232.3376,0.1554,-0.1974,10.4617,38.5284,233.1876,0.1651,0.279
2015-04-15T00:21:59.421Z,6.1925,48.1266,232.3013,0.2076,0.1278,-6.981,33.915,232.4105,0.1465,-0.2097,10.7879,38.5383,233.1842,0.1653,0.2933
2015-04-15T00:22:59.663Z,6.844,49.4443,232.8255,0.2127,0.1391,-7.1614,36.1442,232.8164,0.1554,-0.2067,10.9926,37.2907,233.6042,0.1593,0.2959
2015-04-15T00:23:59.740Z,6.8308,49.3933,231.7951,0.2132,0.1384,-6.9719,32.4741,231.7025,0.1402,-0.2216,10.3557,35.1399,232.377,0.1511,0.2984
2015-04-15T00:25:59.408Z,6.3649,48.5205,232.2963,0.2085,0.1313,-6.6967,33.6537,231.787,0.1451,-0.2048,10.9442,38.3709,233.0588,0.1641,0.2932
2015-04-15T00:26:59.619Z,6.7681,49.0179,231.6479,0.2114,0.1385,-6.8318,35.0056,232.1868,0.1509,-0.2046,11.286,38.5748,233.1136,0.1658,0.2946
2015-04-15T00:27:59.881Z,6.8456,48.5757,231.4775,0.2098,0.1399,-6.8566,33.111,232.5608,0.1427,-0.2166,10.7876,38.0781,233.3949,0.1632,0.2918
2015-04-15T00:28:59.111Z,6.5318,48.2782,231.3512,0.209,0.1347,-6.7266,35.4786,232.4688,0.1528,-0.2018,10.6114,37.1172,233.1016,0.1594,0.291
2015-04-15T00:29:59.389Z,6.5969,48.0692,230.9693,0.2079,0.138,-7.0347,35.9591,231.6996,0.1554,-0.208,10.7247,38.9214,232.633,0.1677,0.2802
2015-04-15T00:30:59.597Z,6.6845,49.0577,232.0099,0.2111,0.1362,-6.9126,36.3756,231.9126,0.1565,-0.2023,10.6997,37.8647,233.2754,0.1627,0.291
2015-04-15T00:31:59.828Z,7.3262,49.2255,231.9858,0.2122,0.1484,-7.3068,32.8341,231.4899,0.1415,-0.2289,10.8405,37.0182,233.1913,0.1586,0.3021
2015-04-15T00:32:59.169Z,6.6436,49.0341,231.87,0.2116,0.1346,-6.7036,33.7354,230.7306,0.1461,-0.2036,10.5824,37.7579,233.0762,0.1619,0.285
2015-04-15T00:33:59.533Z,6.6918,48.4698,231.7336,0.2089,0.1371,-6.9824,34.1505,230.6082,0.1487,-0.2144,10.7067,37.9447,232.8727,0.1622,0.291
2015-04-15T00:34:59.885Z,6.8182,48.4759,231.9036,0.2087,0.1399,-7.0062,34.8275,230.6843,0.1509,-0.2068,11.3534,39.1564,233.1319,0.1681,0.2957
2015-04-15T00:35:59.206Z,6.7478,49.0449,232.3839,0.2108,0.1372,-6.4512,34.2963,230.9637,0.1484,-0.1954,10.5508,39.1502,233.4156,0.1673,0.2807
2015-04-15T00:36:59.525Z,6.9899,48.0346,232.7025,0.2063,0.144,-7.11,35.5559,231.3296,0.1535,-0.2066,10.168,37.0341,233.6591,0.1589,0.2868
2015-04-15T00:37:59.823Z,6.0518,48.2377,232.2845,0.2075,0.1245,-6.6442,33.1447,231.2281,0.1432,-0.2102,10.7104,39.8916,233.131,0.1711,0.2747
2015-04-15T00:38:59.161Z,5.7087,49.3193,232.5341,0.2123,0.1152,-6.4417,35.1771,231.3898,0.1521,-0.1953,10.657,38.0184,232.8194,0.1631,0.2866
2015-04-15T00:39:59.313Z,6.4238,48.374,231.5824,0.2089,0.132,-7.2362,34.9745,230.6169,0.1516,-0.2138,10.8044,37.2937,232.4875,0.1608,0.3015
2015-04-15T00:40:59.705Z,6.8487,49.2078,231.8463,0.212,0.1389,-6.5078,35.4141,230.6643,0.1542,-0.19,10.3664,37.1718,232.7037,0.1596,0.2843
2015-04-15T00:41:59.981Z,6.7802,48.8437,231.9959,0.2104,0.1396,-6.7261,34.5989,231.1778,0.1495,-0.2067,10.7236,38.3491,233.0723,0.1645,0.2833
2015-04-15T00:42:59.301Z,6.5267,48.17,232.4902,0.2074,0.1353,-6.9685,33.4758,231.8244,0.1444,-0.2128,10.9984,38.891,233.5629,0.1664,0.2871
2015-04-15T00:43:59.612Z,6.4197,48.2259,232.3099,0.2079,0.1317,-6.7842,35.4884,231.9811,0.1529,-0.2005,10.6215,36.6617,233.3122,0.1574,0.297
2015-04-15T00:44:59.855Z,6.4398,48.7014,231.9603,0.21,0.1321,-6.3805,33.7913,231.6207,0.1457,-0.2036,10.7159,38.4903,233.1537,0.1653,0.2878
2015-04-15T00:45:59.084Z,6.828,48.858,231.5973,0.2109,0.1393,-7.2181,33.4001,231.8416,0.1438,-0.2233,11.3632,37.817,233.1037,0.1616,0.3034
2015-04-15T00:46:59.181Z,7.2613,48.5634,231.1566,0.2103,0.148,-6.8282,33.5868,232.5321,0.1446,-0.2118,11.0058,36.1318,233.5953,0.1544,0.3118
2015-04-15T00:47:59.498Z,6.9505,47.8188,231.3597,0.2064,0.1451,-6.7853,36.0252,232.6779,0.1545,-0.1964,11.0052,37.7466,233.9445,0.1618,0.2964
2015-04-15T00:48:59.895Z,6.2836,49.0492,231.3522,0.2123,0.1283,-6.9186,36.8033,232.6421,0.1579,-0.199,10.5483,36.8625,233.991,0.1577,0.2912
2015-04-15T00:49:59.176Z,6.7692,48.2527,231.6944,0.2085,0.1412,-7.4729,35.9099,232.6638,0.1538,-0.2149,10.6446,39.1409,233.7092,0.1667,0.2782
2015-04-15T00:50:59.419Z,7.2386,48.1402,231.5205,0.2075,0.1504,-6.9427,34.9235,231.3559,0.1507,-0.2059,11.1948,37.5463,233.098,0.1611,0.3067
2015-04-15T00:51:59.646Z,6.4354,49.6489,231.666,0.2138,0.1301,-6.9031,34.3196,228.5924,0.15,-0.211,10.808,39.1247,233.5803,0.1677,0.2811
2015-04-15T00:52:59.934Z,7.3386,48.3471,231.5222,0.2085,0.1512,-7.0146,35.1019,230.1324,0.1523,-0.2101,10.7744,38.4241,233.23,0.1651,0.2903
2015-04-15T00:53:59.223Z,6.4698,48.73,231.5296,0.2102,0.1329,-7.2448,35.6444,232.3038,0.1533,-0.2123,10.5319,38.3918,233.008,0.1644,0.2786
2015-04-15T00:54:59.407Z,6.7374,48.4014,231.2757,0.2092,0.1387,-7.1312,35.7032,232.0743,0.1535,-0.2058,10.5544,37.1286,232.9255,0.1597,0.2923
2015-04-15T00:55:59.689Z,6.5095,47.6936,231.3522,0.206,0.137,-7.062,34.2779,232.171,0.1476,-0.2151,10.8326,39.9313,232.9943,0.1718,0.2767
2015-04-15T00:56:59.971Z,6.2718,47.9223,230.9598,0.2075,0.1293,-6.9736,35.0225,232.0705,0.1509,-0.2072,10.7645,37.7258,232.7215,0.162,0.2947
2015-04-15T00:57:59.283Z,6.6391,49.2249,231.1497,0.213,0.1372,-6.7964,34.3549,232.6988,0.1476,-0.2079,10.7727,38.3023,232.851,0.1649,0.289
2015-04-15T00:58:59.580Z,6.3737,48.124,231.4856,0.2077,0.1326,-6.4352,35.3304,232.9371,0.1519,-0.1897,11.1587,36.8196,233.0582,0.158,0.3125
2015-04-15T00:59:59.870Z,6.3005,48.283,231.5013,0.2086,0.1285,-6.777,34.6603,233.1874,0.1488,-0.2108,10.5505,38.8138,232.8876,0.1668,0.2796
2015-04-15T01:00:59.071Z,6.8208,46.2596,231.5766,0.1994,0.1519,-6.9844,36.463,232.9477,0.1571,-0.2006,10.4161,38.9793,232.6738,0.1678,0.2712
2015-04-15T01:01:59.273Z,6.8567,48.6092,231.571,0.2101,0.1419,-6.9143,34.7198,232.6007,0.1493,-0.2073,10.3221,36.4301,232.3123,0.156,0.2922
2015-04-15T01:02:59.470Z,6.6644,49.4478,231.2143,0.2134,0.1343,-6.0078,34.6407,232.5078,0.1489,-0.1863,10.4827,37.1043,232.3673,0.1595,0.2879
2015-04-15T01:03:59.840Z,6.4932,48.5918,231.1853,0.2099,0.1335,-7.1947,33.1735,232.8739,0.1421,-0.2239,10.2974,39.184,232.6253,0.168,0.2705
2015-04-15T01:04:59.102Z,6.3539,47.7304,230.8699,0.207,0.1319,-6.546,34.6574,232.6824,0.1494,-0.1964,10.9044,38.4351,232.1978,0.1652,0.2928
2015-04-15T01:05:59.451Z,6.6085,47.8066,230.6717,0.207,0.1366,-7.1272,36.6134,232.5155,0.1577,-0.2058,10.3263,37.1549,232.3128,0.1603,0.288
2015-04-15T01:06:59.651Z,6.5279,48.6981,230.789,0.2109,0.1331,-6.726,35.4409,232.7389,0.1526,-0.201,10.4831,38.3743,232.8804,0.1649,0.2813
2015-04-15T01:07:59.923Z,6.4516,48.7863,230.8925,0.2114,0.132,-7.0151,33.854,232.2753,0.146,-0.2179,10.7086,38.6341,233.4558,0.1653,0.2844
2015-04-15T01:08:59.224Z,4.8316,48.8063,232.2752,0.2101,0.0984,-6.7407,35.7509,232.1734,0.1536,-0.1892,10.7098,37.5631,233.2839,0.1611,0.2928
2015-04-15T01:09:59.381Z,5.0774,48.8093,232.3962,0.2095,0.1036,-6.4742,36.2764,231.8379,0.1571,-0.1825,10.4398,36.8252,233.4401,0.1581,0.296
2015-04-15T01:10:59.652Z,5.5077,49.2964,232.8052,0.2118,0.11,-6.4913,34.5538,231.9631,0.1486,-0.1951,10.6838,37.824,233.512,0.162,0.2865
2015-04-15T01:11:59.948Z,5.3174,47.7985,232.8059,0.2052,0.1111,-6.7052,34.7395,232.0368,0.1497,-0.1933,10.9786,36.5063,233.5491,0.156,0.3085
2015-04-15T01:12:59.167Z,5.4912,48.6626,233.0222,0.209,0.1126,-6.018,34.6216,232.3011,0.149,-0.1879,10.4461,38.7448,234.022,0.1661,0.2767
2015-04-15T01:13:59.449Z,5.5315,48.7388,232.6364,0.2095,0.1127,-6.28,35.3751,231.9913,0.1524,-0.1863,10.4513,36.4763,233.5917,0.1562,0.3011
2015-04-15T01:14:59.712Z,5.3662,50.1934,232.7392,0.2163,0.1052,-6.5681,34.2935,231.48,0.1481,-0.1978,10.5466,38.9705,233.7576,0.1666,0.2823
2015-04-15T01:15:59.926Z,5.3457,47.7222,232.7907,0.2049,0.1111,-5.7476,35.68,232.0264,0.1537,-0.1674,10.6556,37.3198,233.93,0.1592,0.2927
2015-04-15T01:16:59.111Z,5.3672,49.0298,232.5962,0.2112,0.109,-6.8347,33.7549,232.0066,0.1451,-0.21,10.7166,38.2068,234.1537,0.1637,0.2862
2015-04-15T01:17:59.341Z,4.8381,48.6316,231.4008,0.21,0.1001,-6.3808,34.6219,232.4703,0.1493,-0.1899,10.4915,37.0631,233.7099,0.1592,0.2904
2015-04-15T01:18:59.478Z,5.264,48.588,231.1533,0.2102,0.1099,-6.5059,33.934,232.2455,0.1464,-0.2016,10.9367,36.5286,233.1876,0.1565,0.3035
2015-04-15T01:19:59.660Z,5.3781,48.0213,230.9495,0.2078,0.1101,-6.552,33.7268,232.1116,0.1446,-0.2026,10.5854,36.87,232.9286,0.1584,0.2969
2015-04-15T01:20:59.899Z,4.7572,48.746,231.8798,0.2098,0.0991,-6.6079,34.0875,231.6361,0.1466,-0.1992,10.5168,38.4336,232.5148,0.1652,0.2816
2015-04-15T01:21:59.152Z,4.7851,48.0969,232.0075,0.2071,0.0981,-6.4389,34.49,231.5564,0.1488,-0.1919,10.614,36.0136,232.4734,0.1545,0.3043
2015-04-15T01:22:59.423Z,5.88,48.5258,231.6843,0.2093,0.1197,-6.9792,34.6399,231.7478,0.1496,-0.2121,10.5682,38.6229,232.3974,0.166,0.284
2015-04-15T01:23:59.622Z,7.0034,48.8681,231.8798,0.21,0.1413,-6.6237,35.2282,231.7255,0.1516,-0.1942,10.5722,37.8843,232.6036,0.1633,0.2938
2015-04-15T01:24:59.832Z,7.2838,48.4658,232.0567,0.2096,0.149,-7.1943,32.82,232.064,0.1418,-0.2245,10.922,37.5121,232.8601,0.1608,0.2993
2015-04-15T01:25:59.128Z,6.9426,48.6018,232.2631,0.2089,0.142,-7.0233,35.3383,232.6819,0.1516,-0.2067,10.8439,38.4956,233.6158,0.1651,0.2866
2015-04-15T01:26:59.453Z,6.2208,48.1331,232.1363,0.2069,0.1262,-6.6913,35.8045,232.5331,0.1542,-0.1977,10.6958,37.6842,233.5604,0.1613,0.2945
2015-04-15T01:27:59.665Z,7.0015,49.1298,232.328,0.2113,0.1424,-7.4142,33.5025,230.5389,0.1448,-0.2311,10.9737,37.9311,234.2293,0.1616,0.2951
2015-04-15T01:28:59.856Z,6.7725,48.4674,232.2158,0.2088,0.1374,-7.7054,33.5257,229.7503,0.1458,-0.2368,10.9181,38.6763,234.4357,0.1649,0.2911
2015-04-15T01:29:59.128Z,7.0136,48.5096,231.8965,0.2089,0.1438,-6.7417,35.7936,232.3221,0.1537,-0.198,10.7333,38.4381,233.6009,0.1642,0.2926
2015-04-15T01:30:59.381Z,5.9652,47.3772,232.4072,0.204,0.1255,-7.0766,34.1161,232.4872,0.1468,-0.2129,10.6527,38.7241,233.4118,0.1661,0.285
2015-04-15T01:31:59.548Z,4.842,49.5437,232.0396,0.2132,0.0982,-6.5136,31.616,232.1227,0.1362,-0.211,10.5613,35.9405,232.717,0.1543,0.2973
2015-04-15T01:32:59.798Z,5.2853,48.1207,232.3053,0.2067,0.1118,-6.367,36.0351,232.108,0.1549,-0.1812,10.8141,38.0289,233.1305,0.1626,0.2926
2015-04-15T01:33:59.046Z,5.1261,49.7776,231.8849,0.2143,0.1039,-6.5128,34.9268,232.1888,0.1502,-0.1948,10.3657,38.2774,233.2448,0.1639,0.2791
2015-04-15T01:34:59.514Z,5.2744,48.5241,231.8577,0.2089,0.1099,-6.8867,36.626,232.3516,0.1578,-0.1921,10.5914,37.5812,233.3319,0.1604,0.2905
2015-04-15T01:35:59.834Z,5.0543,47.829,232.5286,0.2055,0.1053,-6.4288,35.3568,232.8393,0.1513,-0.1874,10.9496,38.138,233.4017,0.1636,0.2982
2015-04-15T01:36:59.259Z,5.3394,48.5574,231.805,0.2092,0.1097,-6.4757,35.3788,232.2436,0.1523,-0.1928,11.0039,39.4406,233.0562,0.1692,0.2857
2015-04-15T01:37:59.573Z,5.4341,48.9711,231.8114,0.2111,0.1105,-6.3049,35.4093,232.2086,0.1531,-0.1874,10.6351,38.8721,233.2132,0.1664,0.2847
2015-04-15T01:38:59.862Z,4.951,48.3152,231.6823,0.2084,0.1029,-6.41,33.8533,231.8817,0.1462,-0.1963,10.6361,37.3837,232.8777,0.1603,0.2933
2015-04-15T01:39:59.172Z,5.5494,48.1882,231.7187,0.2083,0.1151,-6.8233,34.5746,232.0161,0.1492,-0.2027,11.0927,38.309,232.9009,0.1644,0.2978
2015-04-15T01:40:59.795Z,5.3889,48.5417,232.089,0.2099,0.1105,-6.2778,36.509,232.3543,0.157,-0.1766,10.5421,37.0683,232.9879,0.1597,0.293
2015-04-15T01:41:59.018Z,4.8189,48.3684,232.2357,0.2083,0.1002,-6.2607,33.7858,232.1964,0.1456,-0.1938,11.1362,36.9547,233.2122,0.1588,0.3091
2015-04-15T01:42:59.194Z,4.9575,48.8158,232.4237,0.2107,0.102,-6.528,35.7723,232.2451,0.1545,-0.1911,10.5018,37.2965,233.1491,0.1602,0.2907
2015-04-15T01:43:59.433Z,5.1954,48.7404,232.8052,0.2091,0.1063,-6.4693,33.6419,233.0152,0.1438,-0.1993,10.8078,37.4621,233.2749,0.1605,0.3001
2015-04-15T01:44:59.708Z,6.1991,47.3443,232.7058,0.2039,0.1302,-7.1291,34.4333,233.5026,0.1476,-0.2118,10.7705,37.5884,233.2952,0.1614,0.2948
2015-04-15T01:45:59.072Z,6.7201,49.5243,232.7538,0.213,0.135,-7.2087,35.4007,233.309,0.1518,-0.2154,10.359,38.2678,233.3723,0.1633,0.2843
2015-04-15T01:46:59.310Z,7.2344,48.4927,232.8687,0.2078,0.1478,-6.7019,36.0169,233.1051,0.1544,-0.1979,10.3488,37.767,233.1882,0.1621,0.2856
2015-04-15T01:47:59.479Z,6.7904,48.7858,232.3313,0.2099,0.1384,-6.9227,30.7566,232.674,0.1326,-0.2332,10.998,35.208,232.7751,0.1513,0.319
2015-04-15T01:48:59.715Z,6.5911,48.1936,232.3515,0.2075,0.1359,-7.026,34.2631,232.6059,0.1474,-0.21,10.3646,37.5896,232.7604,0.162,0.2873
2015-04-15T01:49:59.044Z,7.2474,49.404,232.0299,0.2128,0.1469,-6.7353,34.876,232.3878,0.15,-0.2071,10.7572,38.2776,232.5614,0.1644,0.2887
2015-04-15T01:50:59.317Z,6.9882,48.0223,231.3105,0.2077,0.1445,-6.9981,37.0485,231.6568,0.1597,-0.1986,10.3658,38.1914,232.1991,0.1645,0.2791
2015-04-15T01:51:59.571Z,6.7257,48.8786,231.0988,0.2113,0.1359,-7.1461,34.6187,232.0121,0.1496,-0.2104,10.9196,38.7377,232.9485,0.1655,0.288
2015-04-15T01:52:59.759Z,6.944,47.6423,231.2885,0.2063,0.146,-7.1514,35.1621,232.0946,0.1513,-0.2144,10.4746,38.2165,233.5,0.1633,0.2802
2015-04-15T01:53:59.956Z,6.779,48.0575,231.7151,0.2075,0.1421,-6.7266,34.212,232.5604,0.1469,-0.2043,11.0118,38.5752,234.452,0.1643,0.2946
2015-04-15T01:54:59.122Z,6.1039,48.301,231.992,0.2087,0.1262,-7.3902,33.8476,233.0007,0.1454,-0.2242,10.8537,38.9713,234.5332,0.1662,0.2853
2015-04-15T01:55:59.374Z,6.5327,47.8396,232.1284,0.2063,0.1362,-6.849,34.3596,232.5407,0.1481,-0.2048,10.6457,37.597,234.3731,0.1601,0.2864
2015-04-15T01:56:59.928Z,6.6387,48.8063,231.6473,0.2105,0.1361,-7.0216,35.8817,232.2549,0.1547,-0.202,10.5117,39.7566,234.0082,0.17,0.2677
2015-04-15T01:57:59.199Z,7.1314,48.8571,231.7826,0.2106,0.1432,-7.2906,34.9602,232.3707,0.1507,-0.2173,10.7103,37.0746,233.979,0.1586,0.2942
2015-04-15T01:58:59.415Z,6.6707,48.6013,232.0092,0.2089,0.1368,-7.2757,35.7958,232.7803,0.1536,-0.2109,10.8009,37.5826,234.2152,0.1602,0.2948
2015-04-15T01:59:59.727Z,6.6048,49.4656,231.8822,0.2131,0.134,-7.0744,36.6005,232.2093,0.1575,-0.2056,10.7474,38.756,233.9176,0.166,0.2846
2015-04-15T02:00:59.915Z,6.4257,47.7037,233.0126,0.2044,0.1357,-6.4996,34.9008,232.6384,0.1499,-0.1934,11.1426,40.4247,234.5195,0.1721,0.2805
2015-04-15T02:01:59.236Z,6.8659,48.1527,232.9309,0.2063,0.1422,-7.5929,36.9363,232.7967,0.1587,-0.2142,11.2582,39.1004,234.5289,0.1671,0.2917
2015-04-15T02:02:59.476Z,7.1889,49.8213,232.638,0.2139,0.1457,-7.4,35.9664,232.2703,0.1547,-0.2128,10.8577,38.3304,234.1278,0.1635,0.2874
2015-04-15T02:03:59.866Z,6.9599,49.1462,232.578,0.2119,0.1413,-6.8616,35.374,232.0848,0.1518,-0.2035,10.3496,37.7299,234.1375,0.1612,0.281
2015-04-15T02:04:59.289Z,6.6411,48.9919,232.718,0.2108,0.1348,-7.3913,35.2699,232.752,0.1516,-0.2151,11.1349,38.6979,234.1794,0.1653,0.2922
2015-04-15T02:05:59.765Z,5.8371,47.8286,232.9986,0.205,0.1233,-6.7467,37.7283,233.0263,0.1613,-0.1875,11.0823,38.9947,234.1167,0.1665,0.2935
2015-04-15T02:06:59.008Z,4.9188,48.0574,232.9654,0.2062,0.1042,-6.4629,34.4001,233.0522,0.1474,-0.19,10.8978,38.6093,233.6469,0.1654,0.2906
2015-04-15T02:07:59.248Z,5.5292,49.3333,233.1415,0.2114,0.1125,-6.6588,34.6546,233.106,0.1485,-0.2022,11.0948,39.5117,233.5465,0.1692,0.2885
2015-04-15T02:08:59.545Z,5.1105,48.8676,232.7775,0.21,0.1043,-6.5927,35.6152,233.0746,0.1529,-0.1929,10.9835,39.4697,233.0713,0.1697,0.2867
2015-04-15T02:09:59.770Z,4.894,47.6276,232.1249,0.2055,0.1021,-6.3429,35.6407,233.2497,0.1529,-0.1857,10.7636,37.7946,233.2382,0.162,0.2971
2015-04-15T02:10:59.991Z,4.9336,48.4313,231.684,0.209,0.1022,-6.4716,34.7402,232.9627,0.1489,-0.1905,10.7397,38.3318,233.3484,0.1641,0.2882
2015-04-15T02:11:59.357Z,5.1038,49.2907,231.7634,0.2128,0.1026,-6.186,35.3592,232.9186,0.1519,-0.1847,11.0546,38.7786,233.4851,0.1661,0.2898
2015-04-15T02:12:59.475Z,5.516,48.1766,232.3964,0.2076,0.1147,-6.9003,35.3913,232.7524,0.152,-0.1995,11.0252,36.8777,233.8824,0.1578,0.3075
2015-04-15T02:13:59.718Z,6.4573,48.5464,232.9982,0.2085,0.1303,-6.9563,35.898,231.4212,0.1549,-0.1977,10.8074,39.2766,233.5231,0.1681,0.2822
2015-04-15T02:14:59.937Z,6.3133,49.1328,231.9196,0.2117,0.1288,-7.0613,34.9447,230.9003,0.1511,-0.2114,10.6657,37.633,231.8768,0.1622,0.2913
2015-04-15T02:15:59.163Z,6.0263,48.0217,232.0784,0.2066,0.1261,-6.3379,34.5331,231.7137,0.1491,-0.1966,10.2508,35.9133,231.6689,0.1556,0.2937
2015-04-15T02:16:59.527Z,5.938,48.6059,231.6017,0.2101,0.1217,-6.3164,34.4039,231.4792,0.1484,-0.1974,10.7043,39.0492,231.1442,0.1689,0.2811
2015-04-15T02:17:59.955Z,6.1654,47.9219,231.7846,0.2062,0.1292,-7.1145,37.1403,231.4607,0.1609,-0.2019,10.5527,37.8185,231.3492,0.1631,0.2926
2015-04-15T02:18:59.424Z,6.58,48.1042,231.7808,0.2078,0.1369,-6.4762,34.3734,231.5749,0.1487,-0.1999,10.3332,38.5046,231.3827,0.1662,0.2786
2015-04-15T02:19:59.615Z,6.8259,48.997,231.2912,0.2122,0.1385,-6.9129,36.3426,231.3257,0.1571,-0.2013,10.4558,36.5799,231.091,0.1585,0.2941
2015-04-15T02:20:59.875Z,5.7903,49.2174,232.0889,0.2114,0.1163,-6.7369,35.003,232.1591,0.1509,-0.2007,10.6031,38.9485,232.061,0.1678,0.2826
2015-04-15T02:21:59.041Z,5.0516,48.2142,232.241,0.2077,0.1063,-6.3286,34.1768,232.3641,0.1469,-0.1923,10.8278,37.7993,232.3111,0.1627,0.2962
2015-04-15T02:22:59.374Z,5.3982,48.9197,231.9844,0.2108,0.1109,-6.3065,34.9938,232.2168,0.151,-0.1909,10.6034,38.3059,232.0284,0.1651,0.2863
2015-04-15T02:23:59.555Z,6.8603,48.1715,232.2629,0.2069,0.1407,-7.3909,36.4949,232.6944,0.1567,-0.2082,10.8486,37.8737,232.7874,0.1629,0.2923
2015-04-15T02:24:59.916Z,6.4877,49.7574,232.33,0.2143,0.131,-7.0135,35.3781,232.0253,0.1533,-0.2059,10.2949,37.3363,232.2648,0.1607,0.2825
2015-04-15T02:25:59.146Z,6.2413,48.7956,232.3309,0.2093,0.1286,-7.054,34.9326,232.3272,0.1503,-0.2102,40.596,68.5382,232.315,0.2951,0.416
2015-04-15T02:26:59.599Z,828.9133,1202.7643,231.1107,5.2108,0.5841,857.8414,1240.2001,230.5771,5.3867,0.5076,1310.0056,1768.4993,229.6346,7.7159,0.7582
2015-04-15T02:27:59.781Z,1163.6626,1565.9989,230.321,6.7988,0.7428,1223.0601,1657.0291,229.8257,7.2102,0.7373,1691.582,2232.2412,228.9382,9.7507,0.7583
2015-04-15T02:28:59.958Z,1180.0223,1580.6794,230.1456,6.8677,0.7464,1239.8552,1668.5028,229.5051,7.2701,0.7427,1707.904,2242.6559,229.1298,9.7874,0.7612
2015-04-15T02:29:59.212Z,1194.8776,1591.0513,230.3973,6.9055,0.7509,1257.2044,1690.3599,229.9889,7.3494,0.7436,1709.2239,2244.5603,229.0625,9.7993,0.7608
2015-04-15T02:30:59.499Z,1207.0892,1603.6765,230.0404,6.9708,0.7516,1270.6308,1691.4529,229.4824,7.3703,0.7516,1735.4649,2260.882,228.9948,9.8728,0.7687
2015-04-15T02:31:59.671Z,1222.1309,1610.5286,229.5726,7.0151,0.7587,1285.0607,1700.2071,229.1377,7.4198,0.7563,1745.3587,2261.7639,228.5182,9.8972,0.7709
2015-04-15T02:32:59.986Z,1231.918,1623.1778,229.8444,7.0622,0.7599,1297.008,1712.5073,229.4116,7.4643,0.7577,1756.9732,2275.2021,228.7489,9.9459,0.7712
2015-04-15T02:33:59.273Z,1257.7873,1643.8601,229.5405,7.1616,0.765,1313.2778,1721.7033,228.9738,7.5192,0.7626,1780.0186,2282.9537,228.3251,9.9986,0.7794
2015-04-15T02:34:59.589Z,1276.1275,1657.4857,229.6478,7.2178,0.7702,1335.6985,1746.3512,229.0254,7.6249,0.7648,1790.1255,2290.6828,228.2438,10.0357,0.7804
2015-04-15T02:35:59.826Z,1296.4272,1675.6774,229.5494,7.2999,0.7739,1353.4357,1763.8638,229.1351,7.6979,0.7678,1806.089,2303.1537,228.3407,10.0863,0.7839
2015-04-15T02:36:59.116Z,1296.941,1688.2282,230.0192,7.3395,0.7691,1360.8376,1772.1061,229.9028,7.7083,0.7684,1823.0892,2330.2128,229.3708,10.1589,0.781
2015-04-15T02:37:59.427Z,1247.9453,1636.3334,230.2606,7.1069,0.7628,1308.6134,1728.2298,229.7177,7.523,0.7571,1750.2536,2262.8533,229.0701,9.8784,0.7721
2015-04-15T02:38:59.735Z,1230.9047,1620.0429,230.1527,7.0386,0.7598,1292.6749,1707.9633,229.5944,7.4393,0.7572,1735.7111,2246.4684,229.0492,9.807,0.772
2015-04-15T02:39:59.922Z,1238.2718,1623.2308,229.5338,7.0716,0.7624,1302.4677,1703.0229,229.0589,7.4344,0.7648,1755.5108,2254.1414,228.3741,9.8706,0.7797
2015-04-15T02:40:59.194Z,1248.7308,1631.8961,229.641,7.1064,0.7651,1312.9258,1708.2265,228.7145,7.4688,0.769,1767.7706,2262.1977,228.1781,9.9139,0.7806
2015-04-15T02:41:59.528Z,1256.1907,1628.0866,229.1212,7.1057,0.772,1338.5057,1725.9103,228.5058,7.553,0.7757,1778.8778,2271.5572,227.8051,9.9712,0.7812
2015-04-15T02:42:59.857Z,1276.222,1638.6936,229.2133,7.1491,0.7791,1360.3629,1752.0796,228.7975,7.6579,0.7758,1784.3291,2275.9774,227.511,10.0035,0.7826
2015-04-15T02:43:59.079Z,792.737,1035.7655,230.3126,4.5103,0.531,830.5507,1091.6355,230.1037,4.7552,0.4089,1195.8125,1505.4977,229.0125,6.5999,0.8239
2015-04-15T02:44:59.337Z,4.5384,47.924,231.3934,0.207,0.0962,-6.2829,35.8867,230.2156,0.1564,-0.1829,26.3036,52.7913,231.3674,0.2282,0.3659
2015-04-15T02:45:59.630Z,4.9441,48.5259,231.9575,0.209,0.1011,-6.4299,34.8679,227.8683,0.1534,-0.1941,10.6952,38.3575,232.3932,0.1653,0.2847
2015-04-15T02:46:59.806Z,5.6876,47.8199,232.0904,0.2057,0.1169,-5.6235,32.3534,229.1595,0.1415,-0.1826,10.6837,34.529,232.5764,0.148,0.3178
2015-04-15T02:47:59.939Z,5.5519,48.7803,232.2929,0.21,0.1119,-6.4949,31.508,231.3882,0.136,-0.206,10.7249,35.6087,232.5914,0.1531,0.3078
2015-04-15T02:48:59.183Z,4.8087,48.2156,231.75,0.208,0.0997,-6.5207,33.9257,232.1524,0.1463,-0.1977,10.8257,38.7501,231.9797,0.1674,0.2874
2015-04-15T02:49:59.401Z,5.2648,47.7784,231.68,0.2066,0.1092,-6.3704,35.7622,231.7352,0.1541,-0.1859,10.2327,37.5462,232.161,0.1618,0.283
2015-04-15T02:50:59.603Z,5.3565,48.6501,231.6773,0.2093,0.1096,-6.6331,34.3578,231.8024,0.1482,-0.2013,10.9098,39.661,232.6001,0.171,0.2838
2015-04-15T02:51:59.898Z,5.3585,48.0741,231.6492,0.2074,0.1121,-6.3922,32.7079,231.5104,0.1421,-0.2032,10.6799,38.9343,232.6942,0.1665,0.2837
2015-04-15T02:52:59.102Z,5.6636,48.0882,231.3518,0.2081,0.1186,-6.6364,32.7408,231.2663,0.1418,-0.2107,10.6949,38.6283,232.5834,0.1669,0.2833
2015-04-15T02:53:59.290Z,6.6777,48.4692,231.8246,0.2084,0.1355,-6.9146,34.4584,231.3421,0.149,-0.2008,10.4001,37.1618,232.9607,0.1599,0.287
2015-04-15T02:54:59.586Z,6.8207,48.52,231.8621,0.2097,0.1398,-6.4714,33.9484,231.6236,0.1467,-0.2038,10.2823,36.9381,232.3998,0.1588,0.2834
2015-04-15T02:55:59.966Z,6.5382,48.2085,232.0528,0.2074,0.1349,-6.0118,35.7468,231.7162,0.1543,-0.1804,10.5976,36.9165,232.3987,0.1588,0.2949
2015-04-15T02:56:59.181Z,6.4893,49.0812,231.981,0.212,0.1304,-6.8178,35.6387,231.8627,0.1537,-0.2022,10.1051,38.7304,232.5173,0.1669,0.2722
2015-04-15T02:57:59.382Z,6.1157,48.3351,232.1688,0.2085,0.1252,-6.6076,33.1407,232.5977,0.1424,-0.2024,10.8247,38.2205,232.3521,0.1645,0.2895
2015-04-15T02:58:59.664Z,5.0854,48.2164,232.334,0.2079,0.1047,-6.6707,36.17,232.626,0.1553,-0.1896,10.3387,36.0521,232.3922,0.1552,0.2978
2015-04-15T02:59:59.832Z,5.569,48.9541,232.4662,0.2107,0.1122,-6.4056,33.9178,232.412,0.1458,-0.1924,10.6512,37.5738,232.3156,0.162,0.2911
2015-04-15T03:00:59.240Z,5.6431,46.2491,232.3978,0.1992,0.1237,-5.8319,34.4226,231.8491,0.1482,-0.176,10.1731,38.6417,232.2831,0.1659,0.2723
2015-04-15T03:01:59.527Z,5.0866,48.062,231.8138,0.2076,0.1046,-6.4783,35.5123,231.8267,0.1535,-0.1872,10.8004,37.4697,231.7889,0.1615,0.2958
2015-04-15T03:02:59.860Z,4.916,48.4746,231.4256,0.2088,0.1011,-6.5032,34.738,231.9481,0.1498,-0.196,10.492,38.6533,231.7796,0.1667,0.2847
2015-04-15T03:03:59.062Z,4.8318,48.0791,230.9752,0.208,0.1003,-6.0764,33.9318,232.8156,0.1459,-0.187,10.4808,35.9513,232.5773,0.1542,0.2973
2015-04-15T03:04:59.271Z,5.2818,48.8301,229.8929,0.2132,0.1091,-6.4553,33.9914,232.151,0.1469,-0.1978,10.6112,36.7775,232.6067,0.1584,0.2967
2015-04-15T03:05:59.469Z,5.2004,47.8459,229.5608,0.2086,0.1082,-6.381,32.2344,231.5942,0.1393,-0.2041,10.1629,36.1842,231.8691,0.1557,0.2915
2015-04-15T03:06:59.603Z,5.1535,47.8698,230.7142,0.2074,0.1078,-6.543,35.4253,230.8853,0.1536,-0.1913,10.4337,37.557,231.8078,0.1618,0.2869
2015-04-15T03:07:59.829Z,5.5996,48.8088,231.0517,0.2113,0.1147,-6.0025,35.074,230.7408,0.1521,-0.1815,24.8866,52.371,232,0.2259,0.3505
2015-04-15T03:08:59.042Z,664.0312,960.4417,230.0626,4.1793,0.4978,691.6735,987.291,228.7817,4.3315,0.4029,1144.8279,1536.5899,229.7996,6.7019,0.7803
2015-04-15T03:09:59.381Z,1089.3069,1530.3769,230.0457,6.6524,0.7119,1120.7828,1525.4113,226.5194,6.734,0.7342,1679.2037,2183.7372,229.4494,9.5173,0.769
2015-04-15T03:10:59.643Z,1094.0132,1517.9219,229.8763,6.6028,0.721,1142.3073,1563.9123,227.9551,6.8598,0.7308,1648.4289,2166.4138,229.3027,9.4481,0.7613
2015-04-15T03:11:59.063Z,1108.5745,1509.7395,229.631,6.5748,0.7339,1159.6184,1602.9145,229.4003,6.9869,0.7231,1610.2692,2134.6075,228.5692,9.3388,0.754
2015-04-15T03:12:59.236Z,1127.938,1525.3542,229.6689,6.6412,0.7397,1183.5442,1624.2519,229.4816,7.0782,0.7287,1630.016,2153.9552,228.6056,9.422,0.7581
2015-04-15T03:13:59.496Z,1162.9618,1541.5534,230.0882,6.6999,0.7541,1200.3958,1653.0287,229.6506,7.1981,0.7261,1620.2936,2127.3977,226.8109,9.3784,0.7624
2015-04-15T03:14:59.782Z,1156.8162,1541.8099,230.0739,6.7013,0.7501,1218.0781,1666.4926,230.1783,7.24,0.731,1634.3484,2157.5636,228.0404,9.4606,0.7571
2015-04-15T03:15:59.018Z,1143.0692,1542.0277,229.6855,6.7136,0.7408,1215.3477,1647.3984,229.7662,7.1699,0.738,1657.9841,2185.503,229.1939,9.5358,0.759
2015-04-15T03:16:59.399Z,1152.343,1557.7891,229.8911,6.7763,0.7398,1208.7554,1644.2779,229.7561,7.1563,0.7351,1664.3753,2185.973,229.4277,9.5277,0.761
2015-04-15T03:17:59.700Z,1159.2782,1563.1137,229.8322,6.8013,0.7408,1214.5068,1651.9193,229.7607,7.189,0.7346,1666.0489,2186.8254,229.4912,9.5289,0.7606
2015-04-15T03:18:59.028Z,1130.4909,1517.2725,229.8352,6.6016,0.7454,1190.2057,1649.1543,230.7997,7.1451,0.7217,1595.3451,2125.5485,228.5874,9.2974,0.751
2015-04-15T03:19:59.320Z,1125.5383,1494.4743,230.0046,6.4974,0.7531,1159.1774,1636.0147,230.7616,7.09,0.7086,1540.3374,2054.124,226.843,9.0553,0.7492
2015-04-15T03:20:59.710Z,1087.0621,1470.1569,228.8759,6.423,0.7393,1192.951,1630.5692,230.5538,7.0723,0.7318,1582.8491,2129.2124,229.262,9.2877,0.7428
2015-04-15T03:21:59.934Z,1084.3987,1461.2857,229.264,6.374,0.7422,1185.6189,1635.2044,230.9114,7.0811,0.7246,1557.4824,2104.687,229.0008,9.1911,0.7401
2015-04-15T03:22:59.214Z,1097.5882,1471.676,229.4764,6.4134,0.7465,1212.737,1660.4164,231.3116,7.1782,0.73,1577.1898,2131.7724,229.235,9.2994,0.74
2015-04-15T03:23:59.569Z,1091.1078,1472.8476,229.7678,6.4103,0.7408,1192.2174,1642.9622,231.2453,7.1043,0.7257,1570.3626,2119.7743,229.2444,9.2467,0.7402
2015-04-15T03:24:59.798Z,1121.2268,1498.524,229.8704,6.5187,0.7482,1212.2409,1660.2774,230.9402,7.1887,0.7302,1594.4728,2133.3676,229.0106,9.3158,0.7482
2015-04-15T03:25:59.273Z,1122.7861,1514.4639,230.3518,6.5743,0.7418,1183.5726,1627.1435,229.6756,7.0842,0.7274,1603.0745,2122.2443,228.8381,9.2738,0.7552
2015-04-15T03:26:59.447Z,1161.2266,1547.8184,230.841,6.7047,0.7496,1194.2873,1648.4927,229.8212,7.1728,0.7248,1615.64,2119.4973,228.1712,9.2888,0.7627
2015-04-15T03:27:59.798Z,1186.4584,1560.7326,231.0539,6.7547,0.76,1182.3629,1647.3891,229.426,7.18,0.7179,1597.3301,2077.8971,226.4217,9.1773,0.7692
2015-04-15T03:28:59.119Z,1172.9539,1554.0977,231.2668,6.7197,0.7545,1180.0128,1640.6866,229.6651,7.1439,0.7197,1601.8618,2088.9352,226.7936,9.2102,0.7674
2015-04-15T03:29:59.269Z,1170.3894,1547.1392,230.621,6.7082,0.7576,1186.5514,1631.6389,229.0304,7.1238,0.7277,1613.7642,2095.4416,226.5396,9.2498,0.7702
2015-04-15T03:30:59.558Z,1178.2712,1553.0292,230.6204,6.7342,0.7583,1194.0677,1641.3586,229.4063,7.1549,0.7273,1615.6903,2096.6333,226.5463,9.2543,0.7706
2015-04-15T03:31:59.874Z,1174.8064,1526.1221,229.3278,6.6544,0.7697,1230.0261,1668.3496,229.9756,7.2548,0.7372,1606.3301,2097.8567,225.9433,9.2851,0.7658
2015-04-15T03:32:59.086Z,1177.7024,1525.1577,228.9824,6.6606,0.7723,1239.6763,1673.4862,229.9634,7.2766,0.7405,1614.4522,2104.8726,225.7085,9.3255,0.7677
2015-04-15T03:33:59.294Z,1177.9041,1548.9869,229.0937,6.7614,0.7607,1211.9046,1616.533,227.2249,7.1142,0.7497,1659.6291,2123.783,225.7469,9.4079,0.7819
2015-04-15T03:34:59.473Z,1151.3231,1540.365,227.9459,6.7578,0.7476,1218.6423,1588.9669,226.0109,7.0304,0.7672,1711.3113,2186.2614,227.9257,9.5918,0.7817
2015-04-15T03:35:59.776Z,1148.0809,1546.0582,228.3341,6.7708,0.7423,1225.7197,1596.4154,226.5918,7.0459,0.768,1721.2354,2206.7006,228.7249,9.6476,0.7801
2015-04-15T03:36:59.944Z,1162.47,1572.9181,229.6906,6.8478,0.7398,1215.7481,1594.5807,226.311,7.0459,0.7622,1732.8693,2211.7314,228.9614,9.6597,0.7823
2015-04-15T03:37:59.170Z,1169.7223,1576.1665,229.4741,6.8686,0.7419,1223.812,1602.4448,226.4078,7.078,0.7634,1734.2989,2209.9035,228.7336,9.6606,0.7842
2015-04-15T03:38:59.527Z,1224.1218,1601.2427,230.6242,6.9428,0.7643,1221.653,1634.7737,226.7016,7.2112,0.7479,1687.2261,2134.1158,225.6279,9.4586,0.79
2015-04-15T03:39:59.769Z,1225.974,1609.7981,231.0613,6.9671,0.7607,1218.9579,1635.4202,226.992,7.204,0.7456,1693.9553,2141.4878,225.8999,9.4792,0.79
2015-04-15T03:40:59.911Z,1174.4333,1590.9998,230.0939,6.9139,0.7384,1230.0823,1605.0686,226.6068,7.0833,0.7663,1758.6819,2237.867,229.3653,9.7571,0.7867
2015-04-15T03:41:59.048Z,1174.864,1595.1576,229.9785,6.9364,0.7369,1225.2116,1595.1639,226.2214,7.0506,0.7677,1767.512,2242.6331,229.3493,9.7781,0.7894
2015-04-15T03:42:59.382Z,1180.0452,1600.0838,229.5807,6.9696,0.738,1222.7013,1591.2354,226.2133,7.0343,0.7683,1767.8511,2236.8453,229.1147,9.7626,0.7898
2015-04-15T03:43:59.785Z,1171.8162,1586.6673,229.2373,6.9216,0.7388,1245.1496,1611.895,226.9592,7.102,0.7723,1768.1546,2254.6846,229.6837,9.8167,0.7834
2015-04-15T03:44:59.151Z,1189.5582,1603.6542,229.1782,6.9973,0.741,1258.5983,1621.8147,226.6498,7.1547,0.7758,1789.1803,2271.0791,229.8027,9.8827,0.7885
2015-04-15T03:45:59.526Z,1171.3618,1581.1086,228.4018,6.9223,0.7407,1263.3553,1614.9307,226.64,7.1258,0.7823,1788.1108,2275.813,229.6319,9.911,0.7854
2015-04-15T03:46:59.823Z,1187.4679,1593.4365,228.1964,6.9821,0.7449,1282.6244,1630.8904,226.6384,7.196,0.7866,1807.9302,2293.5102,229.6324,9.9874,0.7893
2015-04-15T03:48:59.208Z,1199.7934,1620.3164,229.3098,7.0658,0.7402,1263.1647,1616.7456,226.1871,7.1477,0.7814,1818.1377,2291.5701,229.6709,9.9771,0.7946
2015-04-15T03:49:59.702Z,1215.9788,1616.8407,227.8144,7.0971,0.7522,1255.6611,1591.0141,223.697,7.1124,0.7882,1816.8012,2257.3855,227.5436,9.9204,0.8065
2015-04-15T03:50:59.256Z,1237.5839,1629.6314,227.3447,7.1682,0.7593,1277.827,1610.4151,223.474,7.2063,0.7924,1834.6037,2270.656,227.3344,9.9885,0.8094
2015-04-15T03:51:59.452Z,1223.2067,1638.7351,227.6691,7.1977,0.7464,1242.6927,1566.8738,222.3271,7.0473,0.7928,1850.1992,2277.1278,228.1622,9.9806,0.8121
2015-04-15T03:52:59.693Z,1243.8563,1657.4109,227.3148,7.2903,0.7498,1261.6988,1580.0956,222.3268,7.1075,0.7981,1876.9031,2296.6851,227.9049,10.0772,0.8186
2015-04-15T03:53:59.983Z,1232.8887,1641.7051,227.8423,7.2053,0.7512,1263.6112,1599.1761,224.2188,7.1313,0.79,1843.7872,2282.5744,228.1814,10.0027,0.8064
2015-04-15T03:54:59.122Z,1246.2544,1646.1877,228.0016,7.2199,0.7571,1306.3391,1655.826,226.3175,7.3167,0.7885,1846.1208,2304.9462,228.5576,10.0851,0.8002
2015-04-15T03:55:59.597Z,1248.4309,1647.0408,228.4114,7.2104,0.7582,1286.0727,1642.4217,226.0386,7.2662,0.7826,1823.0273,2274.5636,228.011,9.9756,0.8002
2015-04-15T03:56:59.844Z,1254.8699,1672.1887,228.6273,7.3137,0.7506,1296.8472,1637.3048,225.2052,7.27,0.7917,1878.4644,2328.6745,229.3823,10.1511,0.8072
2015-04-15T03:57:59.036Z,1224.3222,1662.2209,228.9266,7.2609,0.7376,1269.7844,1602.4874,225.1537,7.1172,0.7923,1883.5777,2339.9413,230.3722,10.157,0.8055
2015-04-15T03:58:59.408Z,1249.7813,1678.9826,228.4745,7.3484,0.7449,1296.6092,1624.8579,225.0426,7.2199,0.799,1907.3647,2358.8911,230.0706,10.2522,0.8093
2015-04-15T03:59:59.626Z,1259.2681,1669.918,228.4151,7.3112,0.7544,1290.3742,1641.2427,226.1188,7.258,0.7862,1854.2197,2306.0372,229.2136,10.0604,0.8043
2015-04-15T04:00:59.891Z,1283.6475,1667.7035,228.1639,7.3097,0.7697,1346.1638,1710.5567,228.3666,7.4902,0.7872,1839.9278,2308.2617,228.4588,10.1037,0.798
2015-04-15T04:01:59.125Z,1266.7482,1651.1698,227.9751,7.2426,0.7674,1334.3857,1698.0338,228.2932,7.4376,0.786,1830.6733,2300.3886,228.548,10.0653,0.7974
2015-04-15T04:02:59.348Z,1296.2646,1691.1831,229.353,7.3733,0.7662,1336.609,1708.9981,227.8972,7.498,0.7829,1852.0598,2313.343,228.6704,10.1164,0.8007
2015-04-15T04:03:59.750Z,1277.4413,1694.9049,229.2835,7.392,0.7539,1295.6085,1647.4747,225.7555,7.298,0.7872,1876.8987,2319.8502,229.0058,10.1301,0.81
2015-04-15T04:04:59.155Z,1285.9484,1701.5593,229.0126,7.4299,0.7554,1324.1083,1665.3702,225.3664,7.3894,0.7955,1903.9539,2352.1611,229.4491,10.2514,0.81
2015-04-15T04:05:59.302Z,1280.199,1677.5647,228.3432,7.3462,0.7638,1328.5,1678.9315,226.2659,7.4202,0.7914,1866.9539,2320.2581,228.733,10.1438,0.8037
2015-04-15T04:06:59.601Z,1293.081,1682.8488,228.2225,7.3731,0.7688,1357.7406,1707.6472,226.833,7.5282,0.7954,1876.1817,2334.4357,228.3972,10.2208,0.8031
2015-04-15T04:07:59.978Z,1286.5933,1669.8147,227.9726,7.3246,0.7702,1350.561,1698.7542,226.361,7.5049,0.7954,1862.9787,2319.2103,228.2096,10.1625,0.8019
2015-04-15T04:08:59.289Z,1308.8532,1694.0526,228.006,7.4299,0.7715,1353.5924,1702.9699,225.9284,7.5379,0.7947,1880.8456,2327.3592,228.2734,10.1951,0.8086
2015-04-15T04:09:59.514Z,1299.9993,1713.8506,228.94,7.4859,0.7586,1320.3998,1660.8927,224.4726,7.399,0.7956,1907.2468,2343.727,229.2164,10.2255,0.8139
2015-04-15T04:10:59.863Z,1304.2496,1713.8098,228.821,7.4898,0.7607,1337.564,1668.1443,224.0515,7.4455,0.8018,1921.2817,2360.1319,228.9621,10.3078,0.8133
2015-04-15T04:11:59.066Z,1295.0022,1688.0489,228.3697,7.3917,0.7675,1359.938,1700.8209,225.6047,7.538,0.7989,1890.0214,2341.924,228.1666,10.2638,0.8083
2015-04-15T04:12:59.344Z,1299.4296,1673.4438,228.1431,7.3352,0.7767,1394.0122,1745.4783,227.7031,7.6652,0.7983,1871.3854,2342.3058,227.9613,10.2746,0.7994
2015-04-15T04:13:59.656Z,1285.7883,1658.8561,227.17,7.3017,0.7752,1399.6038,1736.5693,227.4644,7.6343,0.8055,1884.4366,2358.1242,228.1725,10.3341,0.7981
2015-04-15T04:14:59.291Z,1279.1252,1649.1526,226.4267,7.2833,0.7761,1412.1889,1739.7818,227.5836,7.6445,0.8117,1895.2027,2378.2149,228.4978,10.4077,0.7975
2015-04-15T04:15:59.578Z,1284.9701,1650.542,226.2501,7.2948,0.7796,1418.0245,1747.476,227.6631,7.6758,0.8111,1902.0391,2380.7558,228.5772,10.4151,0.7999
2015-04-15T04:16:59.838Z,1270.9125,1646.9283,226.3257,7.2764,0.7723,1394.037,1718.4155,226.8282,7.5751,0.8127,1894.9951,2370.8341,228.8789,10.3581,0.8003
2015-04-15T04:17:59.308Z,1267.8914,1674.5261,226.9131,7.3798,0.7582,1364.2717,1667.3251,224.5589,7.4243,0.8193,1949.982,2408.8147,229.7914,10.4831,0.81
2015-04-15T04:18:59.701Z,1284.2611,1686.8866,227.0073,7.4312,0.7619,1363.2036,1673.9535,224.8924,7.443,0.8145,1941.3497,2396.1845,229.3203,10.4489,0.8093
2015-04-15T04:19:59.024Z,1284.6685,1650.7754,226.4517,7.29,0.7787,1416.4998,1750.3866,228.1001,7.6736,0.8099,1888.9711,2373.4929,228.6148,10.382,0.7951
2015-04-15T04:20:59.250Z,1283.23,1643.2775,226.2285,7.2632,0.7806,1422.4011,1750.0709,227.5453,7.6914,0.8126,1888.4959,2367.2643,227.721,10.3958,0.798
2015-04-15T04:21:59.865Z,1283.1016,1650.203,226.8093,7.276,0.7773,1423.4752,1752.7866,227.5801,7.7016,0.8116,1896.3606,2379.4306,228.3792,10.4185,0.7976
2015-04-15T04:22:59.461Z,1282.0261,1644.891,227.0203,7.2451,0.7799,1436.4568,1771.5401,228.0672,7.767,0.8105,1888.6402,2381.9286,228.6308,10.4185,0.7906
2015-04-15T04:23:59.763Z,1293.8918,1668.4662,227.5584,7.332,0.7762,1418.91,1755.9884,227.2015,7.7282,0.8089,1902.2082,2381.45,228.8626,10.4055,0.7994
2015-04-15T04:24:59.109Z,1293.993,1668.3964,227.6747,7.328,0.7767,1421.6629,1756.0561,227.1809,7.73,0.8099,1906.0025,2387.6561,228.9417,10.4289,0.7997
2015-04-15T04:25:59.403Z,1294.9428,1699.4613,228.0986,7.4501,0.7612,1386.7351,1697.4661,224.6539,7.5563,0.8178,1960.7407,2420.1372,229.6677,10.5373,0.8098
2015-04-15T04:26:59.669Z,1295.4992,1693.2792,227.7629,7.434,0.7648,1399.0871,1713.7478,225.4298,7.6015,0.8173,1953.1824,2418.1943,229.5007,10.5365,0.8088
2015-04-15T04:27:59.001Z,1293.8805,1653.9903,226.3675,7.3078,0.7822,1452.9025,1781.1837,228.2309,7.8043,0.8157,1908.0436,2400.7809,228.5908,10.5024,0.7946
2015-04-15T04:28:59.226Z,1294.8464,1646.786,225.3503,7.3076,0.7864,1464.26,1787.6203,228.5303,7.8221,0.8196,1909.7444,2403.7675,228.4718,10.5211,0.7943
2015-04-15T04:29:59.545Z,631.407,823.7656,225.9521,3.6606,0.432,699.1448,875.6786,229.451,3.8307,0.2878,1030.3693,1282.2514,229.802,5.6072,0.8324
2015-04-15T04:30:59.766Z,4.8624,47.3081,228.6412,0.2066,0.1008,-6.2199,33.8937,230.1277,0.1473,-0.1888,9.9741,37.3031,231.739,0.161,0.2791
2015-04-15T04:31:59.049Z,6.2327,47.6498,228.8167,0.208,0.1301,-6.6403,36.772,229.3422,0.1612,-0.188,9.7424,36.9212,231.472,0.1597,0.2767
2015-04-15T04:32:59.291Z,6.0001,48.6257,228.1216,0.2134,0.1226,-6.213,34.6282,228.9126,0.1509,-0.1882,9.8687,37.8619,230.7066,0.1641,0.2658
2015-04-15T04:33:59.576Z,5.0256,48.1636,229.8703,0.2089,0.1041,-6.073,35.0326,231.05,0.152,-0.1798,10.0913,36.5382,232.3811,0.1573,0.2857
2015-04-15T04:34:59.837Z,4.6237,47.7897,229.7192,0.208,0.0962,-6.3673,32.611,230.9667,0.141,-0.2072,10.8521,38.8895,232.633,0.1667,0.2889
2015-04-15T04:35:59.174Z,5.2762,48.264,229.4443,0.2107,0.1085,-5.927,35.127,227.7102,0.1545,-0.1806,9.6221,36.9099,232.6029,0.1589,0.2712
2015-04-15T04:36:59.403Z,5.4659,47.508,229.2525,0.207,0.1142,-6.4374,32.4882,227.3661,0.1429,-0.2022,10.2708,37.3785,232.726,0.1609,0.2823
2015-04-15T04:37:59.626Z,5.2755,48.6604,229.041,0.2123,0.1077,-6.1368,34.5509,229.647,0.1505,-0.1931,10.4755,38.0258,232.2251,0.1635,0.2832
2015-04-15T04:38:59.085Z,4.7624,48.5582,229.9492,0.2108,0.0967,-6.2182,33.452,228.0018,0.1467,-0.1991,10.1383,39.2178,232.6012,0.1691,0.2649
2015-04-15T04:39:59.400Z,5.1013,48.1013,230.0442,0.2091,0.1065,-6.2977,34.2471,226.1769,0.1512,-0.1988,10.4548,37.8407,233.0365,0.1624,0.288
2015-04-15T04:40:59.752Z,4.9763,48.3564,229.1754,0.2107,0.1039,-6.5259,32.9809,225.9515,0.1459,-0.205,9.9495,37.519,232.4228,0.1611,0.2709
2015-04-15T04:41:59.128Z,5.3051,47.0954,229.071,0.2052,0.1127,-6.328,34.2374,226.473,0.1509,-0.1893,10.4433,37.4853,232.3316,0.1611,0.2863
2015-04-15T04:42:59.420Z,4.8643,47.8286,229.4744,0.2085,0.1005,-6.5307,33.2643,226.7125,0.1467,-0.1993,10.8189,37.6515,232.6679,0.1618,0.2958
2015-04-15T04:43:59.847Z,5.1802,48.8881,229.5816,0.2126,0.1055,-6.6332,33.1647,226.7211,0.1464,-0.207,10.5991,38.5523,232.8842,0.1659,0.2805
2015-04-15T04:44:59.098Z,4.8813,48.1293,231.0956,0.2082,0.1018,-6.4932,34.3787,226.1553,0.1524,-0.1956,10.3267,37.8754,231.1668,0.1638,0.2806
2015-04-15T04:45:59.313Z,5.3784,48.1965,230.978,0.2086,0.111,-6.2985,33.2445,225.7538,0.1478,-0.1935,10.1699,36.7675,232.6253,0.158,0.2815
2015-04-15T04:46:59.527Z,5.7237,48.4428,231.2772,0.2095,0.1171,-6.4668,32.7996,225.2872,0.1457,-0.2005,10.4446,38.5326,232.8336,0.1655,0.2783
2015-04-15T04:47:59.806Z,4.8125,47.7796,231.3073,0.2065,0.0991,-6.2199,32.5951,225.6265,0.1444,-0.199,10.4852,38.1576,232.6964,0.1641,0.2886
2015-04-15T04:48:59.068Z,5.4782,47.5254,231.433,0.2059,0.1149,-6.7076,33.6559,225.6886,0.1492,-0.2096,10.7203,38.189,232.5257,0.1642,0.2919
2015-04-15T04:49:59.295Z,5.6171,47.7248,231.3119,0.2066,0.1171,-6.6203,33.7204,226.8233,0.1488,-0.1968,10.4043,37.3933,232.1568,0.1612,0.2878
2015-04-15T04:50:59.791Z,5.4046,48.2632,230.8818,0.2088,0.1122,-6.7723,32.455,226.1534,0.1437,-0.2189,10.1411,38.2491,232.3175,0.1647,0.2796
2015-04-15T04:51:59.024Z,5.3099,48.4345,230.9297,0.2093,0.1094,-6.3246,35.091,226.5547,0.1547,-0.1935,10.5616,36.4993,233.3154,0.1565,0.3007
2015-04-15T04:52:59.254Z,5.521,48.0501,230.6012,0.2084,0.1157,-6.4449,34.811,225.848,0.1537,-0.1909,10.8658,37.601,232.488,0.1615,0.296
2015-04-15T04:53:59.621Z,6.6629,48.0054,230.7966,0.2084,0.1382,-6.4033,33.7277,225.7461,0.1499,-0.202,10.331,36.5058,232.1071,0.1572,0.2882
2015-04-15T04:54:59.926Z,6.7587,48.7226,231.161,0.2108,0.1357,-6.3157,33.5159,225.3257,0.1487,-0.2,9.8563,38.3501,232.3964,0.1657,0.2701
2015-04-15T04:55:59.203Z,6.8004,49.1868,231.3186,0.2127,0.1388,-6.9792,34.2948,226.1772,0.1513,-0.2144,10.1672,37.9727,233.2648,0.163,0.275
2015-04-15T04:56:59.462Z,6.8763,48.1341,231.5091,0.208,0.1431,-6.8732,33.8782,226.3593,0.1496,-0.2122,10.0681,36.6,234.0933,0.1564,0.2845
2015-04-15T04:57:59.670Z,6.9762,49.4189,231.7963,0.2131,0.142,-6.7579,34.3892,226.3943,0.1519,-0.2069,10.5609,37.8705,234.1601,0.1618,0.2836
2015-04-15T04:58:59.919Z,4.9829,48.471,231.3837,0.2093,0.1026,-6.3736,32.9835,226.1947,0.1458,-0.1998,10.4385,38.2773,233.387,0.1638,0.2822
2015-04-15T04:59:59.189Z,5.2225,48.2502,231.0456,0.2088,0.1073,-6.4812,32.2162,226.7327,0.1421,-0.2089,10.7634,36.6348,233.4183,0.1573,0.3038
2015-04-15T05:00:59.516Z,4.9186,47.4057,230.2813,0.2059,0.1052,-6.1096,34.7296,226.9801,0.1529,-0.1866,10.0935,39.1825,232.6372,0.1682,0.2666
2015-04-15T05:01:59.055Z,5.3529,47.222,229.4483,0.2056,0.1121,-6.1753,35.1371,226.8169,0.1553,-0.1819,10.7292,38.462,232.0979,0.1653,0.2873
2015-04-15T05:02:59.334Z,6.5485,48.0411,229.4113,0.2093,0.1372,-7.1882,33.4354,227.005,0.1475,-0.2233,10.2477,37.1188,232.6426,0.1593,0.284
2015-04-15T05:03:59.563Z,7.1455,47.6376,229.6125,0.2074,0.1499,-6.7284,34.5555,226.2171,0.1525,-0.2075,10.3741,38.1352,231.3809,0.1647,0.2769
2015-04-15T05:04:59.670Z,6.26,48.8813,229.0773,0.2131,0.1258,-6.3347,31.4892,225.6248,0.1387,-0.212,9.9434,35.9747,231.0642,0.1553,0.2864
2015-04-15T05:05:59.932Z,7.6438,48.6586,232.6737,0.2098,0.1564,-7.2284,31.6163,229.559,0.1378,-0.2331,10.587,36.8978,234.8691,0.1571,0.2948
2015-04-15T05:06:59.015Z,7.0613,49.7868,232.7291,0.2137,0.1417,-7.3678,31.3443,230.7706,0.1358,-0.2366,10.0994,36.3319,233.7647,0.1553,0.2831
2015-04-15T05:07:59.252Z,7.5367,49.4108,233.4498,0.2116,0.1516,-7.3277,34.4174,230.8938,0.1489,-0.224,10.5095,38.2702,233.7291,0.1637,0.2819
2015-04-15T05:08:59.619Z,6.6773,48.2836,233.8184,0.2057,0.1382,-6.7618,36.2454,230.9107,0.1565,-0.1909,10.5363,38.2922,233.8965,0.1638,0.2855
2015-04-15T05:09:59.883Z,6.7007,50.0858,234.8776,0.2132,0.1347,-6.9504,36.0513,230.829,0.1562,-0.201,10.4483,39.747,232.9224,0.1708,0.2672
2015-04-15T05:10:59.072Z,7.4838,49.5873,234.9092,0.2113,0.1493,-6.4792,32.458,231.2303,0.1402,-0.2103,10.426,34.9339,232.7125,0.1502,0.3088
2015-04-15T05:11:59.377Z,7.5561,49.4265,233.4738,0.2113,0.1521,-6.7726,33.9761,230.981,0.1473,-0.2132,10.42,36.3678,232.248,0.1566,0.2976
2015-04-15T05:12:59.560Z,6.1778,49.0888,233.448,0.2104,0.1266,-6.6384,34.0162,230.0286,0.1478,-0.2043,9.9281,38.8038,232.4599,0.1671,0.2611
2015-04-15T05:13:59.787Z,5.5457,49.814,234.9476,0.2118,0.1121,-6.313,32.6056,228.5078,0.1426,-0.1973,10.2574,34.2807,232.9398,0.1475,0.2985
2015-04-15T05:14:59.027Z,5.0798,50.1749,234.6964,0.2141,0.1024,-6.6729,32.0014,228.1926,0.1402,-0.2141,10.1094,38.412,232.6846,0.1653,0.272
2015-04-15T05:15:59.200Z,7.1658,48.8249,234.4307,0.2085,0.1465,-7.0545,35.1457,227.5024,0.1545,-0.2044,9.8571,39.1866,232.5425,0.1685,0.2637
2015-04-15T05:16:59.387Z,7.169,48.6667,235.35,0.2064,0.147,-7.0456,35.5527,227.0769,0.1568,-0.2055,10.1104,35.2724,231.2309,0.1524,0.2976
2015-04-15T05:17:59.544Z,5.8867,48.3638,234.9003,0.2063,0.121,-6.5148,33.0954,227.6241,0.1452,-0.2002,10.5837,40.0185,231.7043,0.1726,0.2707
2015-04-15T05:18:59.859Z,5.1859,48.6045,234.6537,0.2066,0.1075,-6.6414,35.1945,230.7052,0.1531,-0.1959,9.8976,36.9832,233.0515,0.1589,0.2784
2015-04-15T05:19:59.068Z,5.1172,48.6414,232.9001,0.2087,0.1059,-6.1384,35.0537,234.1794,0.1497,-0.1852,10.3892,37.1749,231.7646,0.1608,0.2868
2015-04-15T05:20:59.518Z,5.4595,49.6898,232.4549,0.2137,0.1095,-6.316,35.049,234.5343,0.1495,-0.1929,10.0525,38.9032,231.6364,0.1679,0.266
2015-04-15T05:21:59.837Z,7.0251,49.0313,231.5753,0.2118,0.1431,-6.8165,36.082,232.7785,0.1546,-0.1996,10.7616,37.649,231.6689,0.1623,0.2902
2015-04-15T05:22:59.245Z,6.9617,48.1662,230.6918,0.2089,0.1449,-6.6677,36.0347,231.7317,0.1553,-0.1877,10.5503,37.3527,231.6853,0.1607,0.2919
2015-04-15T05:23:59.403Z,6.5243,49.1995,230.5489,0.2134,0.1327,-6.7038,32.7257,230.7116,0.1422,-0.211,10.2104,37.8766,231.6074,0.1641,0.2767
2015-04-15T05:24:59.607Z,6.1144,48.3836,230.5797,0.2098,0.1268,-6.7712,31.2505,230.891,0.1358,-0.2281,10.0721,36.6219,232.3,0.1578,0.2836
2015-04-15T05:25:59.823Z,5.9937,48.1341,230.2952,0.209,0.1263,-7.1591,34.5423,232.8795,0.1492,-0.2136,10.0057,38.3938,231.8626,0.166,0.2698
2015-04-15T05:26:59.093Z,6.7491,48.7058,229.4729,0.2118,0.1387,-7.0214,35.9096,234.1533,0.1526,-0.2064,9.9217,38.7903,232.0506,0.1671,0.2653
2015-04-15T05:27:59.322Z,7.067,47.6986,229.4189,0.2078,0.1469,-6.6049,36.2031,233.6942,0.1544,-0.1915,10.5688,38.1353,231.5274,0.1648,0.2792
2015-04-15T05:28:59.579Z,6.8109,47.7211,229.4875,0.2087,0.1416,-7.296,34.1071,230.725,0.1479,-0.2178,10.2854,37.1632,231.2226,0.161,0.2827
2015-04-15T05:29:59.836Z,6.8882,48.2132,229.9175,0.2097,0.142,-6.8833,32.3073,230.8779,0.1398,-0.217,10.4916,36.4147,232.0644,0.1571,0.2907
2015-04-15T05:30:59.024Z,6.9366,48.7997,230.2082,0.212,0.1413,-6.4292,33.2507,231.643,0.1437,-0.2081,10.1145,37.7245,233.1024,0.1617,0.2793
2015-04-15T05:31:59.487Z,7.0024,47.9783,230.0416,0.2082,0.1468,-6.9008,35.5218,233.812,0.1517,-0.2032,10.3805,38.1755,232.18,0.1645,0.2764
2015-04-15T05:32:59.812Z,6.1299,48.4209,230.7356,0.2098,0.1254,-6.3163,37.1145,234.1389,0.158,-0.1815,10.0885,36.4367,231.3277,0.157,0.2857
2015-04-15T05:33:59.184Z,6.1844,48.7592,231.7319,0.2102,0.1266,-6.431,35.1009,230.8938,0.1517,-0.1964,10.0319,37.2176,230.9654,0.161,0.2797
2015-04-15T05:34:59.478Z,6.82,48.4014,231.3314,0.2089,0.1396,-6.6768,36.4865,229.8521,0.1585,-0.1935,10.7653,37.1241,231.0459,0.1603,0.2993
2015-04-15T05:35:59.674Z,6.229,49.1396,230.4831,0.2132,0.1269,-6.9463,33.3736,229.3768,0.1458,-0.219,10.2843,38.6012,231.6892,0.1666,0.2752
2015-04-15T05:36:59.902Z,6.8813,47.5893,230.1637,0.2066,0.1437,-6.7025,33.2244,229.4447,0.1445,-0.206,10.0634,38.8368,231.6447,0.1678,0.2679
2015-04-15T05:37:59.419Z,5.6767,49.3133,229.7449,0.2146,0.116,-6.5617,34.2101,229.479,0.149,-0.1984,9.9917,37.948,229.36,0.1653,0.2652
2015-04-15T05:38:59.802Z,4.9575,47.0151,230.0392,0.2042,0.1058,-5.8904,34.6985,231.5802,0.1501,-0.1738,9.5428,36.7779,226.5877,0.1624,0.2728
2015-04-15T05:39:59.146Z,4.7519,47.8209,229.9684,0.2079,0.0993,-6.1671,33.2172,231.5951,0.1437,-0.1967,10.2049,37.8024,227.4621,0.1661,0.2746
2015-04-15T05:40:59.397Z,4.8925,48.773,229.2082,0.213,0.1008,-6.8585,34.6088,230.9514,0.1502,-0.2005,9.8902,36.73,227.7866,0.1612,0.2797
2015-04-15T05:41:59.014Z,5.6046,47.495,229.0914,0.2066,0.1182,-6.5856,34.2001,229.6532,0.149,-0.199,10.2729,36.2278,229.0409,0.1581,0.2877
2015-04-15T05:42:59.168Z,6.226,49.0334,229.6991,0.2135,0.1273,-7.2354,32.8013,229.4165,0.1436,-0.2258,9.7416,34.3848,229.2614,0.1501,0.2916
2015-04-15T05:43:59.341Z,7.0273,48.4098,230.7782,0.21,0.1445,-6.9937,34.9862,230.6505,0.1519,-0.2062,10.3667,36.778,228.533,0.1609,0.2864
2015-04-15T05:44:59.599Z,6.8299,48.0184,230.6391,0.2085,0.1418,-6.4466,35.2432,232.0791,0.152,-0.1951,9.7836,36.4745,228.3633,0.1595,0.2765
2015-04-15T05:45:59.804Z,6.2136,49.0698,229.4187,0.2138,0.1265,-6.1655,34.2057,232.8071,0.1469,-0.1945,9.4063,37.1308,227.9684,0.1627,0.2608
2015-04-15T05:46:59.110Z,6.4383,46.7593,228.8524,0.2038,0.1369,-6.6938,35.7661,233.7542,0.1537,-0.1969,10.5891,37.9527,227.9477,0.1664,0.2856
2015-04-15T05:47:59.399Z,6.4835,48.3646,229.0984,0.2115,0.1324,-6.9404,36.7973,231.9355,0.1585,-0.1936,9.7908,37.0823,228.9478,0.1621,0.2714
2015-04-15T05:48:59.644Z,7.1547,48.1751,228.7747,0.2108,0.1493,-6.8978,34.2951,230.0232,0.1487,-0.2112,10.5038,37.4141,229.1504,0.1629,0.2865
2015-04-15T05:49:59.034Z,6.1498,46.9091,228.2308,0.2058,0.1313,-6.8937,35.2478,231.6156,0.1519,-0.1991,10.154,38.3408,230.0397,0.167,0.2732
2015-04-15T05:50:59.332Z,5.3977,48.6517,229.4889,0.2125,0.1097,-5.8604,35.4125,232.6941,0.1524,-0.184,10.1679,37.0787,230.2037,0.1603,0.2829
2015-04-15T05:51:59.817Z,6.3852,48.1147,229.6945,0.2091,0.1316,-7.13,34.3352,231.6331,0.1491,-0.21,10.2975,36.9574,229.6686,0.1604,0.2859
2015-04-15T05:52:59.074Z,6.4276,48.6952,229.9847,0.2112,0.1332,-6.3133,37.1839,232.0701,0.1603,-0.1836,9.8158,35.2704,229.4189,0.154,0.2892
2015-04-15T05:53:59.349Z,6.8903,48.1881,229.8773,0.2101,0.1426,-7.1492,33.5945,230.7365,0.1456,-0.2205,9.9933,37.587,230.1455,0.1632,0.2769
2015-04-15T05:54:59.693Z,6.6808,47.9265,230.202,0.2078,0.1393,-6.9787,36.4975,229.3432,0.1589,-0.204,10.1935,36.8303,230.4425,0.1599,0.2872
2015-04-15T05:55:59.180Z,6.0652,48.8794,230.3613,0.2119,0.1237,-7.0928,34.4817,228.8251,0.1503,-0.2149,10.089,37.6251,230.3465,0.1633,0.274
2015-04-15T05:56:59.345Z,6.8764,47.9386,230.3548,0.2087,0.142,-6.9624,35.3549,228.3308,0.1545,-0.2018,10.3964,38.3988,230.2471,0.1667,0.2776
2015-04-15T05:57:59.643Z,6.4758,48.9356,229.9371,0.2127,0.1344,-6.9419,34.7452,229.0544,0.1516,-0.2144,10.242,37.1073,230.9636,0.1608,0.2846
2015-04-15T05:58:59.943Z,6.7697,47.969,229.6188,0.2085,0.1416,-7.1233,32.951,228.4616,0.1441,-0.2245,10.4753,38.7875,230.9801,0.1675,0.2804
2015-04-15T05:59:59.048Z,6.209,48.451,229.7564,0.2111,0.128,-7.178,31.2721,228.7547,0.1365,-0.2346,10.3733,33.7902,230.8136,0.1457,0.3082
2015-04-15T06:00:59.442Z,5.9759,46.296,229.3298,0.2021,0.1312,-6.3578,35.612,228.3789,0.156,-0.1902,9.9558,37.9437,230.0572,0.1648,0.267
2015-04-15T06:01:59.909Z,5.879,47.3359,227.9713,0.207,0.1241,-6.118,34.3004,231.2781,0.1484,-0.1866,9.96,38.0547,228.7396,0.1656,0.2679
2015-04-15T06:02:59.136Z,6.5064,47.6539,229.2178,0.2079,0.1362,-6.3779,33.5567,230.791,0.1453,-0.1977,10.2902,36.7089,228.2279,0.161,0.2861
2015-04-15T06:03:59.568Z,6.9804,47.9126,229.0864,0.2089,0.1441,-6.817,35.0755,231.3258,0.1513,-0.2013,9.7776,38.2478,229.058,0.1675,0.2663
2015-04-15T06:04:59.924Z,5.3471,46.9407,229.794,0.2043,0.1129,-6.5124,34.3625,228.6786,0.15,-0.1964,10.0768,37.2427,230.3525,0.1608,0.2797
2015-04-15T06:05:59.384Z,5.7617,48.8616,230.4774,0.2118,0.1178,-6.4451,33.4512,227.5292,0.1473,-0.1982,10.4724,38.0717,230.3479,0.1648,0.2801
2015-04-15T06:06:59.893Z,4.7273,48.7578,229.8829,0.2118,0.0974,-6.4879,35.5028,227.9613,0.1558,-0.1883,10.0665,36.6887,229.8602,0.1598,0.2835
2015-04-15T06:07:59.170Z,4.8243,48.286,229.3547,0.2104,0.1004,-6.0151,34.6683,229.561,0.1513,-0.1801,10.2643,37.3417,229.0769,0.1633,0.2817
2015-04-15T06:08:59.416Z,5.0042,48.0434,230.6638,0.208,0.1042,-6.1824,34.5863,229.9818,0.1505,-0.1905,10.0877,35.7982,228.8178,0.1567,0.2948
2015-04-15T06:09:59.678Z,5.0143,47.9926,230.5698,0.2084,0.1037,-6.1946,34.1648,230.5526,0.1485,-0.1833,9.8276,39.9849,229.9246,0.1742,0.2544
2015-04-15T06:10:59.928Z,5.0222,47.651,229.6375,0.2081,0.1063,-6.4456,33.4333,228.974,0.146,-0.1993,9.9604,37.232,230.2685,0.1622,0.2781
2015-04-15T06:11:59.256Z,4.6172,48.8221,230.2776,0.2122,0.0957,-6.1584,35.6357,227.665,0.1564,-0.1838,10.1367,37.9291,229.8096,0.1648,0.2761
2015-04-15T06:12:59.451Z,4.8966,48.366,230.3856,0.2104,0.1011,-6.7235,33.0031,227.967,0.1452,-0.2054,10.4689,37.084,230.7211,0.1603,0.2904
2015-04-15T06:13:59.715Z,4.94,47.428,229.7723,0.2061,0.1033,-6.0683,31.4004,230.9123,0.1361,-0.198,10.484,39.1429,230.3666,0.1693,0.2789
2015-04-15T06:14:59.023Z,4.9369,47.3519,230.1894,0.2059,0.103,-6.2752,34.6919,230.9686,0.151,-0.187,9.8972,38.3628,229.6069,0.1671,0.2707
2015-04-15T06:15:59.211Z,4.4807,48.4441,230.1309,0.2105,0.0924,-5.9218,33.411,230.6303,0.1444,-0.1873,10.1107,38.4022,229.1197,0.1674,0.2718
2015-04-15T06:16:59.477Z,4.8468,47.1753,230.0238,0.2047,0.1041,-6.2488,34.7808,230.2213,0.1511,-0.1827,10.148,37.5953,229.1668,0.1642,0.2808
2015-04-15T06:17:59.680Z,5.1869,48.7691,232.7386,0.2096,0.1066,-6.8347,33.5027,229.157,0.1465,-0.2113,10.0629,38.4084,231.2073,0.1665,0.2687
2015-04-15T06:18:59.923Z,5.7447,48.3007,232.6804,0.2071,0.1208,-6.3495,33.3296,227.7347,0.1458,-0.1979,10.5564,38.1718,231.6948,0.1646,0.2857
2015-04-15T06:19:59.287Z,5.3912,48.0002,233.4502,0.2052,0.1127,-6.1862,35.9068,229.531,0.1561,-0.1818,10.1016,36.265,229.8271,0.158,0.287
2015-04-15T06:20:59.541Z,4.9033,49.5476,232.442,0.2133,0.1001,-6.3966,35.4028,231.2214,0.1529,-0.1809,10.3013,37.8451,228.3403,0.1659,0.2787
2015-04-15T06:21:59.819Z,5.029,48.3649,232.2118,0.2082,0.1027,-6.0152,35.8931,231.5843,0.1546,-0.1759,10.2591,36.4278,228.4657,0.1598,0.293
2015-04-15T06:22:59.026Z,5.1929,48.6478,231.9573,0.2099,0.1049,-5.9312,36.2498,231.6189,0.1561,-0.1732,10.0056,37.8922,228.1057,0.1661,0.2741
2015-04-15T06:23:59.325Z,5.043,49.0707,232.4301,0.2111,0.1038,-5.8867,35.8964,232.7582,0.1541,-0.1733,10.3786,35.6685,227.7974,0.1565,0.3045
2015-04-15T06:24:59.602Z,6.3789,48.9385,231.9373,0.2107,0.1299,-6.819,34.8818,232.8699,0.15,-0.2068,10.2589,35.842,227.9315,0.1576,0.2907
2015-04-15T06:25:59.810Z,6.528,48.6371,232.5795,0.2093,0.1351,-6.7054,34.6341,229.4647,0.1512,-0.2024,10.0866,37.0053,227.6488,0.163,0.2773
2015-04-15T06:26:59.444Z,6.6549,49.1334,232.9171,0.2112,0.1342,-7.1175,34.6608,228.6937,0.1515,-0.2093,10.3773,38.7544,231.0912,0.1679,0.2746
2015-04-15T06:27:59.773Z,7.2625,48.3227,233.6835,0.2066,0.1484,-6.5927,35.1203,231.0079,0.1523,-0.1945,9.9822,37.4888,229.8308,0.1629,0.2784
2015-04-15T06:28:59.977Z,6.5056,49.0637,234.0397,0.2091,0.1337,-6.8305,34.9197,230.3149,0.1514,-0.2058,10.1749,37.5897,229.2826,0.1642,0.2807
2015-04-15T06:29:59.359Z,6.4629,50.0601,232.7468,0.2149,0.1284,-6.3442,33.8471,229.5358,0.1481,-0.1947,9.9921,36.8209,229.8324,0.1602,0.2813
2015-04-15T06:30:59.679Z,6.7723,48.2465,232.4455,0.208,0.14,-6.635,35.1996,229.2841,0.1536,-0.1988,10.337,37.966,229.2573,0.1651,0.2827
2015-04-15T06:31:59.059Z,6.4046,49.5883,231.9454,0.2134,0.1281,-6.5851,34.53,229.2306,0.1509,-0.2023,9.9634,37.9252,228.8322,0.1654,0.2719
2015-04-15T06:32:59.303Z,6.8607,48.269,231.663,0.2084,0.1418,-6.5408,32.9425,228.6634,0.144,-0.207,10.5146,35.98,228.1441,0.158,0.2995
2015-04-15T06:33:59.730Z,6.8244,48.8782,233.7715,0.2093,0.1392,-6.8367,34.0166,227.8159,0.1489,-0.211,10.0074,37.4249,228.0778,0.1637,0.2726
2015-04-15T06:34:59.944Z,7.1343,49.1466,233.6903,0.2109,0.1439,-7.136,33.5505,227.2268,0.1477,-0.2185,10.3158,36.9693,229.7022,0.1607,0.2903
2015-04-15T06:35:59.291Z,6.6598,49.1622,232.7753,0.2108,0.135,-6.2124,34.039,230.0576,0.148,-0.195,9.8964,36.336,228.1441,0.159,0.2833
2015-04-15T06:36:59.381Z,7.231,48.9455,232.4526,0.2108,0.1467,-6.9865,31.7107,231.353,0.1369,-0.2185,10.1651,33.7532,228.0418,0.1476,0.3035
2015-04-15T06:37:59.682Z,6.4118,48.6237,232.2047,0.2092,0.1308,-6.7336,33.6863,231.3982,0.1454,-0.206,10.3519,36.3046,229.0789,0.1587,0.2913
2015-04-15T06:38:59.995Z,6.8619,49.3727,232.0991,0.2129,0.1396,-6.5518,34.5568,228.1131,0.1512,-0.2015,10.4927,37.1958,231.2951,0.1608,0.2893
2015-04-15T06:39:59.193Z,7.2812,48.2834,231.4694,0.2083,0.1498,-7.2028,34.2223,227.4782,0.1504,-0.2129,10.4198,38.6958,233.309,0.1657,0.2827
2015-04-15T06:40:59.451Z,6.7886,49.103,231.4207,0.2119,0.1382,-7.013,34.5638,227.1597,0.1519,-0.211,10.7604,39.2666,232.5484,0.1688,0.2833
2015-04-15T06:41:59.800Z,443.6925,682.4284,231.2573,2.9635,0.3718,429.1202,636.0018,226.6271,2.8184,0.1773,783.2995,1015.7618,230.4481,4.4236,0.7309
2015-04-15T06:42:59.072Z,1107.6115,1558.9581,231.1689,6.7439,0.711,1078.2645,1490.2075,224.5067,6.6377,0.7239,1680.4227,2158.4149,229.1142,9.4205,0.7785
2015-04-15T06:43:59.219Z,1150.4067,1593.701,230.1869,6.9232,0.7221,1140.9009,1524.5946,223.8732,6.8102,0.7483,1750.2496,2220.6641,228.9986,9.6974,0.789
2015-04-15T06:44:59.615Z,1143.5543,1603.1494,230.6136,6.9516,0.7134,1111.9689,1497.2808,223.6349,6.6952,0.7431,1753.9237,2213.2839,229.1508,9.6579,0.7927
2015-04-15T06:45:59.914Z,1156.5064,1624.9438,230.755,7.0418,0.712,1102.0447,1497.8167,224.1509,6.682,0.7364,1752.7682,2205.9006,229.2568,9.622,0.7941
2015-04-15T06:46:59.126Z,1164.5033,1614.0649,229.5425,7.0312,0.7209,1130.7121,1515.4681,224.0398,6.7642,0.7462,1759.1262,2211.3622,228.7509,9.6669,0.796
2015-04-15T06:47:59.499Z,1170.0691,1606.6631,229.812,6.9909,0.7284,1166.26,1556.9637,225.1824,6.9143,0.7488,1751.2563,2221.1688,228.8754,9.7042,0.789
2015-04-15T06:48:59.927Z,1171.1106,1595.3639,229.4173,6.9539,0.7348,1187.9632,1573.4252,225.3931,6.9807,0.7551,1750.7737,2224.1846,228.4694,9.7349,0.788
2015-04-15T06:49:59.241Z,1168.0849,1603.9684,230.4666,6.9592,0.7278,1187.3334,1584.9924,226.1216,7.0092,0.749,1748.5284,2235.876,229.6332,9.7367,0.7822
2015-04-15T06:50:59.499Z,1208.7348,1639.9994,230.9826,7.1,0.7364,1202.5272,1608.248,226.2148,7.1093,0.7473,1761.0343,2234.7094,229.1418,9.7523,0.7886
2015-04-15T06:51:59.808Z,1181.5133,1621.7767,230.4009,7.0382,0.7287,1194.5229,1589.8518,225.9758,7.0352,0.7511,1763.3988,2245.4903,230.3201,9.749,0.7859
2015-04-15T06:52:59.098Z,1141.1138,1573.2546,230.3363,6.8304,0.7255,1149.2564,1552.0662,225.7689,6.8747,0.7407,1701.7639,2180.3139,229.3629,9.5056,0.7809
2015-04-15T06:53:59.336Z,1153.6736,1593.1816,230.3201,6.9172,0.7243,1154.4051,1541.7686,224.7862,6.859,0.7487,1733.9658,2200.2476,229.6352,9.5813,0.7887
2015-04-15T06:54:59.480Z,1151.3362,1584.697,229.9512,6.8911,0.7269,1148.1126,1535.1751,224.5404,6.8372,0.7482,1723.1763,2182.9647,229.1394,9.527,0.7896
2015-04-15T06:55:59.649Z,1175.7187,1604.8584,229.8617,6.9821,0.7326,1165.086,1544.4178,224.246,6.8879,0.7537,1748.8374,2196.9653,228.6609,9.6078,0.7971
2015-04-15T06:56:59.980Z,1209.4289,1633.5764,230.056,7.1003,0.7403,1201.3207,1574.9329,224.2147,7.0238,0.763,1783.2232,2228.0241,228.331,9.7574,0.7999
2015-04-15T06:57:59.229Z,1225.3609,1636.1466,229.9346,7.1155,0.7487,1255.8261,1624.1031,225.088,7.2151,0.7729,1802.7109,2263.9927,228.5318,9.9062,0.7963
2015-04-15T06:58:59.464Z,1231.7245,1648.3698,229.8749,7.171,0.7475,1302.0889,1663.3584,226.263,7.3518,0.7833,1845.0381,2327.3577,230.2041,10.1099,0.7918
2015-04-15T06:59:59.829Z,1253.9391,1675.5976,229.6853,7.2953,0.7487,1327.1966,1672.1766,225.9752,7.3999,0.7935,1896.3675,2372.9963,230.3628,10.3006,0.7994
2015-04-15T07:00:59.533Z,1254.9887,1683.2169,230.6153,7.2986,0.7455,1354.7865,1705.2341,227.1882,7.5058,0.7938,1904.8691,2404.9809,231.6085,10.3838,0.7925
2015-04-15T07:01:59.752Z,953.3051,1279.0992,231.4,5.5365,0.5852,999.342,1276.8858,227.8329,5.6145,0.5199,1487.5579,1860.7833,232.4664,8.0254,0.8176
2015-04-15T07:02:59.047Z,7.1164,49.3558,233.234,0.2117,0.1434,-6.8058,35.6116,228.7574,0.1557,-0.1989,41.2642,68.1617,233.6436,0.2911,0.4158
2015-04-15T07:03:59.268Z,7.1159,49.5543,233.3408,0.2121,0.143,-7.0314,34.1686,229.4044,0.1486,-0.2213,10.7731,36.9857,234.8593,0.157,0.2952
2015-04-15T07:04:59.531Z,6.8351,48.7864,233.7236,0.2081,0.1403,-7.0558,31.8415,229.2413,0.1387,-0.2227,10.2002,34.8557,234.1434,0.1493,0.298
2015-04-15T07:05:59.796Z,5.4296,49.888,233.0368,0.2139,0.1091,-6.454,32.8953,229.073,0.1436,-0.2064,10.4674,39.3203,234.9295,0.167,0.2725
2015-04-15T07:06:59.048Z,5.1448,48.4404,232.0744,0.2085,0.1078,-6.2638,34.217,230.0512,0.1484,-0.1887,11.2953,38.0635,235.3912,0.1619,0.3027
2015-04-15T07:07:59.188Z,5.4917,48.9267,232.0349,0.2111,0.1129,-6.1133,34.2227,229.7582,0.1495,-0.1867,10.303,38.5991,235.951,0.164,0.271
2015-04-15T07:08:59.714Z,5.5847,48.2653,232.3927,0.2077,0.1166,-6.1419,34.5485,229.8552,0.1505,-0.1875,10.5765,39.9007,236.178,0.1697,0.2665
2015-04-15T07:09:59.935Z,5.2629,48.1326,232.8037,0.2068,0.1078,-6.6733,34.601,228.6092,0.1516,-0.2009,10.6963,37.2271,235.8567,0.1575,0.2945
2015-04-15T07:10:59.151Z,4.7158,48.3599,232.8948,0.2079,0.0985,-6.653,34.4936,229.6716,0.1503,-0.1952,10.7626,39.3184,236.3375,0.1663,0.2821
2015-04-15T07:11:59.409Z,5.313,48.7655,233.3267,0.2095,0.1091,-6.869,33.8554,230.432,0.1472,-0.2064,10.7153,39.0364,236.1283,0.1654,0.2784
2015-04-15T07:12:59.707Z,4.9342,47.968,232.9758,0.2052,0.1048,-5.9263,36.5009,233.2051,0.1562,-0.1678,10.4862,38.6751,235.102,0.1648,0.2776
2015-04-15T07:13:59.843Z,4.6427,48.921,233.2067,0.2097,0.0947,-6.036,34.7467,233.0479,0.1488,-0.179,10.8462,38.754,234.1697,0.1656,0.287
2015-04-15T07:14:59.119Z,5.3397,49.71,233.3469,0.2128,0.1083,-6.0848,36.2326,231.7249,0.1563,-0.1771,10.5308,38.7839,234.3414,0.1656,0.2768
2015-04-15T07:15:59.380Z,5.0735,49.1592,233.4775,0.2103,0.1038,-6.5442,33.2708,228.984,0.1457,-0.204,10.6105,38.3331,234.9559,0.1633,0.2836
2015-04-15T07:16:59.511Z,5.153,48.9869,233.5824,0.2099,0.1037,-6.5914,33.7963,229.2557,0.1471,-0.2003,10.5808,37.106,235.2186,0.1577,0.2911
2015-04-15T07:17:59.721Z,7.0902,49.5927,234.4424,0.2118,0.1426,-6.5813,34.4967,229.5674,0.1496,-0.1983,10.1401,39.234,236.1946,0.1663,0.2707
2015-04-15T07:18:59.891Z,6.4336,48.5178,233.3507,0.2075,0.1319,-6.457,32.3723,232.5226,0.1392,-0.2109,10.0427,37.9442,234.3555,0.1626,0.2714
2015-04-15T07:19:59.100Z,6.7018,49.3367,233.0429,0.2117,0.1362,-6.7113,35.1047,231.6671,0.1516,-0.1985,10.4242,37.6774,233.3101,0.1615,0.278
2015-04-15T07:20:59.307Z,7.1062,48.6968,233.0668,0.2089,0.1465,-6.6503,34.5597,231.6498,0.1492,-0.2009,9.9321,37.775,232.788,0.1621,0.2704
2015-04-15T07:21:59.503Z,6.7623,49.0956,233.0191,0.2107,0.1379,-7.0101,34.1063,229.6837,0.1479,-0.2119,10.0355,36.9274,233.3688,0.1585,0.2814
2015-04-15T07:22:59.732Z,7.0446,48.6907,232.8413,0.2091,0.1456,-6.7289,35.5125,228.5354,0.1554,-0.1995,10.2701,38.6475,234.2443,0.1645,0.2758
2015-04-15T07:23:59.120Z,6.8071,49.0736,232.6549,0.211,0.1382,-6.7031,34.5987,228.7012,0.1512,-0.2031,10.4761,37.9127,233.7156,0.1627,0.2807
2015-04-15T07:24:59.402Z,6.559,48.2408,231.7942,0.2085,0.1357,-6.1979,34.4887,230.7121,0.1491,-0.1868,10.583,37.9399,233.6323,0.1626,0.2854
2015-04-15T07:25:59.521Z,4.9709,47.621,232.1588,0.2052,0.1051,-6.1866,34.0791,231.4931,0.1479,-0.1842,10.4851,38.6163,234.4476,0.1646,0.2811
2015-04-15T07:26:59.614Z,4.863,48.8953,232.2455,0.2104,0.0982,-6.0942,30.99,231.6165,0.1337,-0.1979,10.261,34.6753,233.7492,0.1485,0.2978
2015-04-15T07:27:59.859Z,4.8799,48.0053,232.9022,0.2057,0.1013,-5.8916,33.0138,229.1973,0.1434,-0.1863,10.5041,37.7458,232.9034,0.1629,0.2845
2015-04-15T07:28:59.055Z,5.1386,49.0279,231.4778,0.2119,0.1036,-6.4947,35.3064,225.9247,0.1568,-0.1897,10.7929,39.5927,235.7712,0.1674,0.2834
2015-04-15T07:29:59.439Z,4.8062,48.2576,230.6947,0.2092,0.1,-6.4801,35.2505,225.7446,0.1552,-0.1926,9.8609,37.7291,235.2647,0.1602,0.2701
2015-04-15T07:30:59.590Z,5.349,48.1292,230.7678,0.2087,0.11,-6.0048,35.4248,230.026,0.1544,-0.1757,10.5949,37.593,233.9043,0.1603,0.2896
2015-04-15T07:31:59.739Z,4.8353,49.2305,231.2686,0.2123,0.0981,-6.0265,31.3273,231.2792,0.1351,-0.1955,10.2138,35.504,234.0393,0.1522,0.2896
2015-04-15T07:32:59.921Z,4.635,48.3168,231.8748,0.2086,0.0955,-5.7248,33.7425,229.6497,0.1468,-0.1784,9.9391,36.9451,234.3835,0.1574,0.2765
2015-04-15T07:33:59.451Z,5.4331,48.2732,231.9949,0.2081,0.1119,-5.7321,35.4646,230.0094,0.1542,-0.1699,10.1431,37.8406,233.7713,0.1616,0.2798
2015-04-15T07:34:59.277Z,4.8781,49.1821,231.309,0.2124,0.0978,-6.0936,36.2193,229.8426,0.157,-0.1801,10.512,38.9829,232.8801,0.167,0.2796
2015-04-15T07:35:59.475Z,4.7998,48.2113,231.2047,0.2088,0.0996,-6.7322,33.536,227.2385,0.1476,-0.2054,10.6386,38.6946,233.8683,0.1658,0.2815
2015-04-15T07:36:59.714Z,4.8233,48.7473,231.1575,0.2109,0.0992,-6.3912,34.6155,228.0457,0.1521,-0.1902,10.0686,39.0621,234.0884,0.1671,0.2686
2015-04-15T07:38:59.660Z,6.0821,48.3559,231.0558,0.2093,0.1248,-6.524,35.6744,230.5492,0.1546,-0.191,10.3387,38.6165,233.5449,0.1657,0.2796
2015-04-15T07:39:59.958Z,6.7837,48.7235,230.3003,0.2119,0.1385,-6.6951,34.7913,230.039,0.1509,-0.2047,9.9896,37.5268,232.8613,0.1609,0.2734
2015-04-15T07:40:59.143Z,6.634,48.0447,230.6313,0.2082,0.1362,-6.4684,35.4172,230.4467,0.1536,-0.1938,10.1918,37.9153,233.0572,0.1629,0.276
2015-04-15T07:41:59.559Z,6.2835,48.5004,231.0849,0.2105,0.1285,-6.4629,35.6727,230.9858,0.1548,-0.1982,10.5305,36.8877,233.1863,0.1576,0.2932
2015-04-15T07:42:59.891Z,6.6618,48.7655,231.4127,0.2113,0.1348,-6.9912,35.2329,230.247,0.1535,-0.2047,10.3315,38.2103,233.7624,0.1633,0.2785
2015-04-15T07:43:59.199Z,6.6884,48.8843,231.7531,0.2109,0.1364,-6.9779,34.3276,228.8803,0.1497,-0.2111,10.4229,37.2745,234.5683,0.1591,0.2873
2015-04-15T07:44:59.445Z,7.1625,48.711,231.937,0.2099,0.1474,-6.5178,34.5212,229.313,0.1504,-0.2018,10.1752,39.6264,234.55,0.1692,0.2633
2015-04-15T07:45:59.740Z,6.5753,48.4922,232.0847,0.209,0.1346,-7.1511,35.4793,229.0096,0.1546,-0.2108,10.7774,37.7366,234.5347,0.1611,0.2948
2015-04-15T07:46:59.930Z,6.682,49.189,232.0073,0.212,0.1373,-6.5134,34.1458,232.3624,0.1466,-0.199,10.2348,37.2999,234.222,0.1592,0.2795
2015-04-15T07:47:59.187Z,7.0507,48.3517,232.3088,0.2078,0.1453,-6.6677,34.1607,231.8782,0.1474,-0.2033,10.2872,36.4064,233.7228,0.1558,0.2893
2015-04-15T07:48:59.522Z,6.7178,48.3775,232.201,0.2077,0.1397,-6.6499,34.4162,231.6526,0.1486,-0.1991,10.7677,38.5333,233.644,0.165,0.2838
2015-04-15T07:49:59.956Z,6.4674,48.4304,232.1621,0.2086,0.1341,-6.768,34.4696,231.0064,0.1493,-0.2004,10.272,39.4092,233.6238,0.1688,0.2686
2015-04-15T07:50:59.096Z,6.9039,48.8386,231.8118,0.2108,0.1412,-6.812,34.3332,228.3904,0.15,-0.2102,10.4358,37.5101,234.1209,0.1601,0.2891
2015-04-15T07:51:59.237Z,5.0474,49.4976,232.6823,0.2129,0.1011,-6.7589,32.2741,228.8516,0.1405,-0.2087,10.4589,36.2445,234.6985,0.1546,0.2932
2015-04-15T07:52:59.329Z,5.0362,48.8998,232.8358,0.2093,0.1033,-5.6913,30.7093,232.2562,0.1325,-0.1937,9.841,34.7993,234.0765,0.1489,0.2903
2015-04-15T07:53:59.583Z,4.9838,48.7269,232.4321,0.2096,0.1018,-5.9867,32.7476,232.7262,0.1407,-0.1902,10.7287,37.2509,233.8654,0.1593,0.2977
2015-04-15T07:54:59.099Z,4.9082,48.3389,232.0818,0.2079,0.1005,-5.9412,33.157,232.2679,0.1431,-0.1912,10.5487,38.6254,233.6749,0.1655,0.2834
2015-04-15T07:55:59.312Z,6.6116,48.1326,231.412,0.208,0.1368,-6.7119,34.9841,231.0215,0.1512,-0.2052,10.2713,37.4737,233.0487,0.1605,0.2799
2015-04-15T07:56:59.543Z,7.6535,48.7609,232.1058,0.2104,0.1553,-7.5047,34.3913,228.8869,0.1505,-0.2242,9.8875,38.4635,233.8377,0.1646,0.2664
2015-04-15T07:57:59.053Z,7.1337,49.0579,232.1896,0.2116,0.1433,-6.8031,32.0592,229.1284,0.1397,-0.2153,10.3221,36.3392,234.0384,0.1556,0.292
2015-04-15T07:58:59.197Z,6.689,49.6068,232.0278,0.2135,0.1344,-6.9846,32.5245,232.5085,0.1396,-0.2203,10.1167,36.0432,233.598,0.1544,0.2882
2015-04-15T07:59:59.455Z,6.7555,48.6421,231.8676,0.2098,0.1385,-6.6737,34.5549,232.766,0.1483,-0.2015,10.2647,38.3715,233.5866,0.1643,0.2735
2015-04-15T08:00:59.649Z,6.6629,47.4337,231.3746,0.2054,0.1413,-6.0523,37.4356,232.1579,0.161,-0.1663,10.0066,38.1596,233.187,0.1634,0.2646
2015-04-15T08:01:59.873Z,5.7055,48.8556,229.9076,0.2131,0.1164,-6.6521,33.7576,231.7876,0.1462,-0.2073,9.9137,37.673,233.2924,0.1612,0.2703
2015-04-15T08:02:59.550Z,6.7164,49.2203,230.3217,0.2137,0.1359,-6.6098,35.9702,231.791,0.1552,-0.1939,10.2594,38.8458,233.3836,0.1663,0.2718
2015-04-15T08:03:59.774Z,6.9089,47.6191,231.0376,0.2062,0.1449,-7.2184,32.8001,229.9097,0.1426,-0.2238,10.1851,36.9397,234.5309,0.1572,0.2867
2015-04-15T08:04:59.967Z,7.4719,48.4119,232.7885,0.208,0.1534,-7.118,34.9859,230.6004,0.1518,-0.2162,10.5844,37.259,235.5647,0.1577,0.292
2015-04-15T08:05:59.391Z,6.9933,48.3953,234.0293,0.2064,0.1437,-7.505,36.2591,230.7527,0.1569,-0.2131,11.0414,38.5254,235.6949,0.1634,0.2922
2015-04-15T08:06:59.579Z,6.8929,48.5573,233.4373,0.2078,0.1414,-6.5199,33.6843,232.8868,0.1449,-0.1992,10.1075,36.6132,235.4742,0.1554,0.2866
2015-04-15T08:07:59.909Z,6.7636,49.1174,233.6566,0.2099,0.1359,-6.6829,35.9997,233.3396,0.1546,-0.1923,10.5465,38.5754,235.7092,0.1635,0.2837
2015-04-15T08:08:59.156Z,5.9996,49.4382,233.6928,0.2111,0.1221,-6.2759,34.2944,233.797,0.1472,-0.1926,10.1228,39.2756,235.5014,0.1671,0.2687
2015-04-15T08:09:59.357Z,4.9753,48.5418,233.5247,0.2078,0.1023,-5.9742,34.2175,233.1745,0.1462,-0.1804,10.2723,38.2468,235.7104,0.1629,0.2784
2015-04-15T08:10:59.682Z,5.0696,49.6293,233.8068,0.2123,0.103,-6.0596,36.328,231.3534,0.1571,-0.1761,10.3403,39.0143,236.2066,0.1649,0.2798
2015-04-15T08:11:59.944Z,5.3648,49.1024,234.0573,0.2098,0.1096,-6.9509,34.4989,230.5135,0.1497,-0.2093,10.9923,39.3209,236.4445,0.1659,0.2893
2015-04-15T08:12:59.369Z,5.567,49.227,234.2329,0.21,0.1134,-6.1641,35.2847,233.2447,0.1514,-0.1827,10.4209,37.5164,236.3286,0.1587,0.2832
2015-04-15T08:13:59.569Z,5.2024,49.1276,234.7515,0.2095,0.1045,-6.3181,36.6573,234.3884,0.1564,-0.1797,10.1246,39.1924,236.2374,0.1658,0.2722
2015-04-15T08:14:59.679Z,5.0547,49.0896,234.3258,0.2097,0.1024,-5.8434,34.8884,233.6189,0.1496,-0.1755,10.4182,38.5521,235.4556,0.1636,0.2799
2015-04-15T08:16:59.236Z,4.8496,48.5932,231.5749,0.2096,0.0983,-6.0248,35.2591,231.5034,0.1523,-0.178,10.216,37.5297,233.5971,0.1605,0.2815
2015-04-15T08:17:59.362Z,4.7102,49.4641,231.4036,0.2135,0.0934,-6.5521,34.943,229.4769,0.1522,-0.1946,10.4464,36.6943,233.5462,0.1567,0.2911
2015-04-15T08:18:59.880Z,5.3789,48.8054,231.901,0.2099,0.1116,-6.0203,33.3849,228.3674,0.1459,-0.1914,10.1534,35.9984,232.8815,0.1546,0.2871
2015-04-15T08:19:59.071Z,5.05,48.5904,231.5691,0.2099,0.1027,-6.1286,32.7103,230.0714,0.1421,-0.1921,9.9763,36.6139,232.1206,0.1577,0.2829
2015-04-15T08:20:59.319Z,6.5886,48.9492,231.6344,0.2115,0.136,-6.5648,35.1556,231.6138,0.1511,-0.1954,10.4318,39.0487,232.689,0.1679,0.2756
2015-04-15T08:21:59.591Z,6.6009,48.369,232.1317,0.2082,0.1363,-6.1408,34.1712,231.9455,0.1476,-0.189,10.5159,37.9866,234.0624,0.1623,0.2839
2015-04-15T08:22:59.915Z,6.8219,48.8147,231.8775,0.2103,0.1408,-6.8778,37.1319,231.282,0.1602,-0.1945,10.7831,38.0189,234.4133,0.1621,0.2881
2015-04-15T08:23:59.068Z,5.5614,47.9683,232.2161,0.2067,0.1181,-6.3038,33.5761,230.9774,0.1456,-0.193,10.1121,39.2078,234.4421,0.1671,0.2652
2015-04-15T08:24:59.263Z,4.956,48.5003,232.4038,0.2091,0.101,-6.2135,34.5227,231.9074,0.1498,-0.1897,10.2779,38.7382,234.3968,0.1649,0.2784
2015-04-15T08:25:59.721Z,5.0238,49.0907,233.1874,0.21,0.1036,-5.8685,35.4233,231.4934,0.1525,-0.1791,10.4835,39.2086,234.6424,0.1668,0.2804
2015-04-15T08:26:59.261Z,5.6409,48.7466,233.6554,0.2088,0.114,-6.2956,35.8967,228.484,0.1571,-0.1862,10.5436,37.0634,235.1862,0.1576,0.2914
2015-04-15T08:27:59.753Z,5.6995,48.5586,232.7011,0.2087,0.1177,-6.4386,34.1852,229.5597,0.1493,-0.1943,10.2393,37.5073,234.3256,0.1598,0.2798
2015-04-15T08:28:59.960Z,4.6722,48.8199,231.7836,0.2104,0.0978,-5.9936,34.5121,230.7516,0.1499,-0.1799,10.5515,38.7483,232.9382,0.1661,0.2776
2015-04-15T08:29:59.312Z,5.921,48.4475,230.4703,0.2101,0.1226,-6.3024,34.6612,229.8094,0.151,-0.193,10.0322,37.1027,231.734,0.1594,0.2784
2015-04-15T08:30:59.655Z,6.4822,48.5236,230.1984,0.2111,0.1327,-6.5278,33.9084,229.9725,0.1476,-0.201,9.8879,38.4829,232.0109,0.1658,0.2687
2015-04-15T08:31:59.961Z,5.5682,48.3649,230.2497,0.2095,0.117,-6.0685,34.1729,229.612,0.1485,-0.1881,9.8513,38.8204,231.4243,0.1677,0.2609
2015-04-15T08:32:59.219Z,4.4008,48.1624,230.0351,0.2096,0.0913,-6.1691,33.9954,229.7869,0.1479,-0.1912,10.372,37.9133,231.523,0.164,0.2866
2015-04-15T08:33:59.498Z,4.7408,47.8166,230.3052,0.2071,0.0998,-6.3608,34.864,229.5313,0.1526,-0.1808,10.1429,38.8778,231.6307,0.1677,0.27
2015-04-15T08:34:59.790Z,5.0895,48.2159,230.65,0.2088,0.1058,-6.166,33.5695,230.3565,0.1458,-0.1923,10.4137,35.1403,231.842,0.1514,0.3008
2015-04-15T08:35:59.968Z,4.9824,48.1892,229.9241,0.2098,0.1044,-6.5636,31.3111,230.7702,0.1355,-0.2156,10.5013,35.2424,232.2066,0.1519,0.3033
2015-04-15T08:36:59.349Z,5.361,47.9476,230.9343,0.2069,0.1096,-6.4098,34.4849,228.3736,0.1504,-0.1924,10.6727,37.4872,232.6242,0.1612,0.2949
2015-04-15T08:37:59.641Z,5.0008,48.3804,230.9486,0.2092,0.1024,-6.1567,35.3513,227.4973,0.1552,-0.1844,10.4169,37.932,233.6373,0.1621,0.286
2015-04-15T08:38:59.903Z,4.7596,48.3186,229.9142,0.2101,0.0985,-6.2175,32.9548,230.7071,0.143,-0.1975,10.4157,37.4901,232.4843,0.1613,0.2802
2015-04-15T08:39:59.290Z,4.6103,49.2652,230.1464,0.2142,0.0932,-6.0043,33.1824,230.8523,0.1437,-0.1916,10.1618,35.7958,231.6989,0.1542,0.2944
2015-04-15T08:40:59.514Z,4.9082,46.5371,228.5799,0.2036,0.1057,-6.0559,32.0229,231.4459,0.1387,-0.196,10.4609,38.9175,231.3866,0.1681,0.2745
2015-04-15T08:41:59.740Z,4.9547,47.202,227.1429,0.2077,0.1048,-6.3131,36.5008,231.9195,0.1576,-0.1781,9.7898,37.2344,231.0202,0.161,0.2729
2015-04-15T08:42:59.933Z,4.4614,47.7412,227.5595,0.2098,0.0942,-6.0457,34.7602,231.594,0.1499,-0.179,10.0673,37.518,230.7868,0.1626,0.2758
2015-04-15T08:43:59.137Z,4.8893,46.8727,227.546,0.2062,0.1043,-6.406,34.3022,232.0512,0.148,-0.192,10.1457,35.9661,230.8093,0.1558,0.2926
2015-04-15T08:44:59.376Z,6.6829,48.6099,228.8232,0.2125,0.1367,-6.7741,32.7218,231.6575,0.1409,-0.2151,10.3198,37.5246,231.103,0.1629,0.2821
2015-04-15T08:45:59.707Z,5.9221,47.3652,229.2583,0.2065,0.1249,-6.4878,34.7111,231.5847,0.1499,-0.2002,10.4554,38.834,230.3367,0.1682,0.2736
2015-04-15T08:46:59.056Z,5.9136,47.8427,229.0507,0.2087,0.1228,-7.2078,35.7231,231.4123,0.1551,-0.2087,10.5499,38.2642,230.0956,0.1661,0.2878
2015-04-15T08:47:59.176Z,6.0863,48.8712,229.6413,0.2123,0.123,-7.1288,36.5003,231.801,0.1571,-0.2013,10.4311,38.0674,230.6897,0.1652,0.2803
2015-04-15T08:48:59.437Z,7.0562,47.4871,229.2218,0.2073,0.1465,-6.1566,35.3251,230.6858,0.1532,-0.1874,10.1188,37.4396,230.6976,0.162,0.2803
2015-04-15T08:49:59.907Z,7.1097,47.9779,228.6,0.2104,0.1448,-6.5298,34.4475,229.0352,0.1499,-0.2004,10.4655,36.5949,230.1252,0.1589,0.2907
2015-04-15T08:50:59.281Z,6.6132,48.1727,228.8211,0.2108,0.1376,-6.6132,32.8676,225.8528,0.146,-0.2136,10.5598,38.1059,230.1433,0.1658,0.2844
2015-04-15T08:51:59.644Z,6.2649,48.5812,228.9224,0.2121,0.1292,-6.7209,34.9678,226.4041,0.1541,-0.2041,10.381,37.5805,231.0635,0.1626,0.2852
2015-04-15T08:52:59.314Z,6.4916,47.8158,229.1091,0.208,0.1354,-6.5622,35.2726,228.8321,0.1546,-0.1959,10.1308,36.7024,230.2071,0.1588,0.2828
2015-04-15T08:53:59.574Z,5.6123,48.0471,228.895,0.2098,0.1178,-6.876,35.083,228.957,0.1538,-0.2037,10.7668,37.2663,229.6923,0.162,0.2952
2015-04-15T08:54:59.968Z,5.7065,48.2942,228.6726,0.2108,0.1196,-6.4798,36.4311,229.6571,0.1587,-0.1838,10.4833,38.1681,229.74,0.1663,0.2821
2015-04-15T08:55:59.161Z,6.5027,47.289,228.8578,0.2063,0.1359,-6.5163,33.9106,229.433,0.1477,-0.2049,10.6637,37.89,230.1783,0.1642,0.2928
2015-04-15T08:56:59.410Z,6.5113,47.6125,227.8213,0.2088,0.1363,-6.2448,34.2112,228.9021,0.1498,-0.193,10.2008,37.0082,229.7524,0.1613,0.2887
2015-04-15T08:57:59.687Z,6.1732,48.2527,229.0373,0.2113,0.1275,-6.3911,35.5686,229.611,0.1549,-0.1898,9.6627,36.9252,230.1103,0.1607,0.2716
2015-04-15T08:58:59.833Z,5.2667,47.7573,229.675,0.2076,0.1091,-6.2728,35.0738,230.0082,0.1521,-0.1823,10.3221,38.4373,231.0846,0.1664,0.2792
2015-04-15T08:59:59.132Z,6.4589,48.7091,229.4637,0.2118,0.1317,-6.8198,34.8111,229.7055,0.1517,-0.2052,10.1739,37.92,231.3276,0.1637,0.277
2015-04-15T09:00:59.795Z,6.2927,46.9366,229.9024,0.2039,0.1355,-7.1128,34.1348,229.532,0.1487,-0.2102,10.7179,38.4953,231.1507,0.1665,0.2865
2015-04-15T09:01:59.043Z,6.5576,48.7153,229.7931,0.2119,0.1328,-6.9219,33.8716,229.6098,0.148,-0.211,10.0127,39.0803,230.9252,0.1691,0.2638
2015-04-15T09:02:59.366Z,6.4004,47.6279,227.9337,0.2088,0.134,-6.3627,34.3249,228.8191,0.1503,-0.1918,10.3262,37.78,231.792,0.1633,0.2808
2015-04-15T09:03:59.567Z,6.9015,47.7927,227.681,0.2099,0.1458,-6.4584,32.5847,228.6243,0.1422,-0.2125,10.2697,37.064,231.8724,0.1599,0.2898
2015-04-15T09:04:59.787Z,5.596,47.4687,228.2923,0.2081,0.1169,-6.0715,32.8662,229.2209,0.1433,-0.1886,10.088,38.9705,232.1153,0.1675,0.268
2015-04-15T09:05:59.004Z,6.0502,47.7438,228.0139,0.2093,0.1256,-7.4208,34.5753,228.3543,0.1515,-0.2248,10.4161,38.0963,232.1715,0.1642,0.2837
2015-04-15T09:06:59.257Z,7.2666,47.8522,228.971,0.209,0.1518,-7.3075,33.3922,227.0243,0.1473,-0.2297,10.4114,38.3626,230.6653,0.1667,0.2832
2015-04-15T09:07:59.510Z,6.4762,47.5574,228.247,0.2082,0.1363,-6.6377,34.2707,229.7346,0.1499,-0.2047,10.1746,37.5765,232.1827,0.1616,0.2831
2015-04-15T09:08:59.807Z,6.2575,47.1423,227.7345,0.2066,0.1324,-6.6404,33.2038,230.5312,0.144,-0.2113,10.5034,39.6313,232.0954,0.1709,0.273
2015-04-15T09:09:59.088Z,6.6019,47.2653,227.6984,0.2076,0.1407,-6.5356,33.7334,229.0259,0.1471,-0.1987,10.7189,35.7889,231.7732,0.1544,0.3097
2015-04-15T09:10:59.293Z,6.0921,48.2949,227.7029,0.2123,0.1257,-6.7101,33.9157,229.3288,0.1482,-0.2085,10.374,38.4971,231.2292,0.1664,0.2757
2015-04-15T09:11:59.895Z,5.122,47.5798,227.9466,0.2087,0.1074,-6.6854,33.1661,229.0429,0.145,-0.2083,10.4438,37.5799,230.662,0.1625,0.2876
2015-04-15T09:12:59.409Z,4.4952,47.8299,227.8243,0.2104,0.0951,-6.2734,35.1408,229.031,0.1532,-0.1878,10.2564,36.7077,230.3692,0.1597,0.289
2015-04-15T09:13:59.545Z,4.6655,47.6342,228.4093,0.2086,0.0992,-6.5862,34.7196,229.0498,0.1514,-0.1987,10.1762,37.4844,229.9853,0.1627,0.2843
2015-04-15T09:14:59.954Z,6.8529,48.2022,228.3793,0.2112,0.1414,-6.7128,33.8075,229.6311,0.1475,-0.2085,10.1836,36.9198,230.9789,0.1601,0.2833
2015-04-15T09:15:59.459Z,6.0149,47.5686,228.7327,0.2081,0.1262,-6.7226,35.7897,228.9087,0.1566,-0.1981,10.7939,38.6044,231.9933,0.1662,0.288
2015-04-15T09:16:59.844Z,6.1232,47.8576,228.3522,0.2097,0.1277,-7.3823,35.4866,229.3642,0.1551,-0.2142,10.5958,37.3726,231.1481,0.1618,0.287
2015-04-15T09:17:59.070Z,6.6882,47.4902,228.777,0.2079,0.1404,-6.66,33.2957,229.4204,0.1451,-0.2122,10.501,37.5504,231.0967,0.1622,0.2882
2015-04-15T09:18:59.431Z,6.5062,48.1483,229.4748,0.21,0.1353,-7.3058,34.2067,229.2424,0.1493,-0.2142,10.2428,37.7672,229.8711,0.1641,0.2818
2015-04-15T09:19:59.732Z,6.2184,48.0201,230.3593,0.2086,0.129,-7.0848,35.0962,229.7203,0.153,-0.2155,10.5216,38.0093,230.476,0.1648,0.2863
2015-04-15T09:20:59.106Z,6.1014,47.3728,230.4579,0.2051,0.129,-6.6357,35.4776,229.8768,0.154,-0.1978,10.8159,37.0893,230.8717,0.1606,0.3
2015-04-15T09:21:59.820Z,6.2463,47.9076,230.1628,0.2082,0.1305,-6.7648,34.1899,229.4641,0.1491,-0.2074,10.5387,38.8093,230.6328,0.1683,0.2808
2015-04-15T09:23:59.130Z,6.7409,48.1243,230.5425,0.2087,0.1407,-6.8141,34.1103,229.5458,0.1485,-0.2088,10.6288,36.4851,229.7113,0.1591,0.3004
2015-04-15T09:24:59.458Z,6.208,47.8387,230.1081,0.2081,0.1309,-6.8202,34.6467,228.7545,0.1516,-0.2088,10.5842,37.0793,228.9013,0.1618,0.2946
2015-04-15T09:25:59.873Z,5.9042,48.1751,230.5611,0.2091,0.1231,-6.8614,34.4651,229.7527,0.1501,-0.2057,10.5136,38.7208,229.3688,0.1687,0.2769
2015-04-15T09:26:59.248Z,6.5308,47.7238,230.5739,0.2069,0.1356,-6.684,32.4432,229.5667,0.141,-0.2129,10.5574,38.7046,229.4631,0.1683,0.2798
2015-04-15T09:27:59.401Z,6.3252,48.25,230.0052,0.2097,0.1322,-7.0938,34.3467,228.9539,0.1504,-0.2149,10.1498,36.865,229.4961,0.1603,0.2822
2015-04-15T09:28:59.625Z,6.8012,47.9993,229.0587,0.2097,0.1403,-6.3407,34.7146,229.9634,0.1513,-0.1901,10.2751,35.65,229.5081,0.1548,0.2968
2015-04-15T09:29:59.968Z,6.503,47.3529,228.6575,0.2068,0.1365,-6.9545,34.0974,229.6573,0.1482,-0.2121,10.5803,38.2823,229.4112,0.1668,0.2845
2015-04-15T09:30:59.116Z,5.9904,48.2158,228.9999,0.2107,0.122,-6.8779,34.5784,228.3454,0.1519,-0.2096,10.1139,37.6682,229.508,0.1642,0.279
2015-04-15T09:31:59.264Z,6.5041,47.5145,229.7771,0.2067,0.1359,-7.0412,31.5771,227.5153,0.1384,-0.2231,10.884,35.4575,230.208,0.1536,0.3198
2015-04-15T09:32:59.437Z,7.0185,48.2177,229.6209,0.2102,0.1447,-6.7488,32.5118,227.9927,0.1433,-0.2232,10.2604,38.2478,229.568,0.1666,0.2791
2015-04-15T09:33:59.722Z,6.4035,48.7347,231.1208,0.2107,0.1326,-7.0236,36.5011,228.1849,0.1593,-0.1982,10.5402,37.1718,229.0532,0.1624,0.293
2015-04-15T09:34:59.980Z,7.1525,49.3445,232.3998,0.2124,0.1454,-6.337,32.6215,229.4368,0.1422,-0.2069,10.6722,37.1682,230.7184,0.1612,0.2952
2015-04-15T09:35:59.257Z,7.126,48.8553,231.2873,0.2107,0.145,-7.4573,35.0918,229.6313,0.1527,-0.2193,10.6336,39.0032,232.2231,0.1681,0.279
2015-04-15T09:36:59.663Z,6.1625,48.4113,229.7536,0.2109,0.1268,-6.9147,36.0387,228.5935,0.157,-0.2033,10.4066,37.013,230.6214,0.1605,0.293
2015-04-15T09:37:59.832Z,5.7376,46.852,230.0815,0.2038,0.1216,-6.7991,34.4165,228.3064,0.1511,-0.2022,10.3444,37.8166,230.7476,0.1637,0.2885
2015-04-15T09:38:59.359Z,5.2974,48.1307,230.9474,0.2087,0.1104,-6.5004,34.5963,228.6547,0.1511,-0.1864,10.2311,38.7308,231.7584,0.1671,0.2739
2015-04-15T09:39:59.643Z,5.3643,47.9816,230.7789,0.208,0.1111,-6.898,34.5785,228.3417,0.1513,-0.2029,10.5138,36.7903,230.7005,0.1596,0.2926
2015-04-15T09:40:59.919Z,6.522,48.9507,230.9662,0.2121,0.1316,-6.9364,34.1682,228.1334,0.1499,-0.2116,10.2238,37.6747,231.3426,0.163,0.2816
2015-04-15T09:41:59.226Z,6.4313,48.0468,231.3693,0.2076,0.1338,-7.0912,37.0006,228.1138,0.1623,-0.1949,11.0634,38.9559,232.1493,0.1677,0.2884
2015-04-15T09:42:59.631Z,5.0823,48.799,231.4898,0.2109,0.1047,-6.2391,32.7707,228.7866,0.1436,-0.2,10.2069,36.4984,231.9749,0.1574,0.2862
2015-04-15T09:43:59.880Z,5.0514,47.9477,231.0524,0.2073,0.1066,-5.9736,33.6187,227.9934,0.1473,-0.1863,10.2186,38.3672,231.2113,0.1658,0.2793
2015-04-15T09:44:59.090Z,6.3007,49.6482,231.0855,0.2151,0.1272,-6.5882,34.4755,228.2253,0.1512,-0.2024,10.1752,37.9267,230.6309,0.1643,0.2775
2015-04-15T09:45:59.341Z,6.8502,47.911,231.3761,0.207,0.1432,-7.1649,33.2632,226.9432,0.1466,-0.219,10.4379,37.4148,230.5337,0.1621,0.2861
2015-04-15T09:46:59.665Z,7.2871,48.3862,230.9423,0.2097,0.1489,-7.1984,34.1611,224.4845,0.1522,-0.2222,10.4613,36.7225,231.6924,0.1584,0.2927
2015-04-15T09:47:59.932Z,6.9245,49.0277,230.6159,0.2123,0.1393,-6.8691,33.6858,226.5244,0.1487,-0.2123,10.09,38.0674,229.5525,0.1658,0.276
2015-04-15T09:48:59.131Z,6.581,47.5479,231.3232,0.206,0.1367,-6.6284,34.5002,229.1867,0.1506,-0.2026,10.1027,36.6474,228.3043,0.1606,0.2911
2015-04-15T09:49:59.441Z,6.8041,48.894,231.4616,0.2111,0.1381,-6.4636,34.5301,229.4487,0.1512,-0.1976,10.5209,37.1634,228.2992,0.1625,0.2854
2015-04-15T09:50:59.763Z,6.5252,48.6214,230.6045,0.2109,0.1342,-6.872,35.4284,229.1471,0.1547,-0.2079,10.4029,38.5023,228.2547,0.1685,0.2778
2015-04-15T09:51:59.915Z,6.8556,47.7738,230.6227,0.2075,0.142,-6.4108,34.7055,228.9207,0.1515,-0.1942,10.3659,36.3104,228.9805,0.1587,0.2942
2015-04-15T09:52:59.242Z,5.9392,47.4269,230.3707,0.206,0.124,-6.5162,34.6238,230.4301,0.1502,-0.1964,10.8676,38.6678,227.7992,0.1699,0.2898
2015-04-15T09:53:59.494Z,6.0697,47.6675,230.3031,0.2071,0.1275,-6.5067,33.9775,230.4208,0.1476,-0.2012,9.9357,37.2521,227.7733,0.1636,0.2804
2015-04-15T09:54:59.720Z,6.3965,48.0721,231.1098,0.2073,0.132,-6.8551,33.5455,229.4209,0.1463,-0.2142,10.0234,37.1312,227.6456,0.1635,0.2793
2015-04-15T09:55:59.143Z,7.0911,48.9316,232.1671,0.2104,0.1438,-6.7217,33.6461,229.582,0.1467,-0.203,9.4888,37.2326,226.1177,0.1648,0.2622
2015-04-15T09:56:59.482Z,6.7887,48.3279,232.4168,0.2083,0.1397,-6.52,36.3712,229.6158,0.1587,-0.1879,10.2205,36.1355,225.4055,0.1609,0.2911
2015-04-15T09:57:59.035Z,6.4523,48.4517,233.1148,0.2076,0.1342,-6.6659,34.7248,229.9326,0.1512,-0.2046,10.0527,37.0497,226.87,0.1641,0.2808
2015-04-15T09:58:59.337Z,6.9545,49.917,232.228,0.2147,0.1389,-7.0634,35.8009,230.0591,0.1556,-0.2024,10.2291,36.5668,229.8752,0.1585,0.2871
2015-04-15T09:59:59.596Z,6.768,48.2947,232.3991,0.2079,0.1395,-6.4651,34.5785,230.9602,0.1495,-0.1958,10.1482,38.3805,231.0482,0.1661,0.2743
