2015-05-17T00:00:59.598Z,6.5053,71.668,230.692,0.3106,0.0933,-7.4464,65.5699,228.7787,0.287,-0.1159,12.133,69.0867,231.7697,0.2984,0.1772
2015-05-17T00:01:59.430Z,6.2763,74.3185,230.408,0.3223,0.0856,-7.4107,69.3197,229.1333,0.3022,-0.1085,11.9515,69.4387,231.4123,0.3002,0.1726
2015-05-17T00:02:59.831Z,5.7847,73.8596,229.6895,0.3211,0.0793,-7.339,66.6368,228.2688,0.2923,-0.1092,11.3463,69.1765,230.6858,0.3001,0.1649
2015-05-17T00:03:59.121Z,6.4081,74.7298,231.1099,0.3236,0.0857,-7.837,66.7434,230.1478,0.2893,-0.1187,11.5722,70.5209,232.3822,0.3035,0.1646
2015-05-17T00:04:59.480Z,6.8261,74.9155,232.1726,0.3223,0.0916,-7.1212,67.4989,230.7408,0.2923,-0.108,11.4002,70.1818,233.7783,0.3,0.1639
2015-05-17T00:05:59.455Z,6.4823,72.5604,232.0544,0.3122,0.0904,-7.2962,67.5535,229.7321,0.2936,-0.1124,12.2085,69.3212,233.8996,0.2964,0.1791
2015-05-17T00:06:59.809Z,6.6603,74.6399,232.5182,0.3203,0.0905,-7.8713,68.0119,228.0019,0.2985,-0.1198,12.2385,70.4631,234.3185,0.3011,0.1736
2015-05-17T00:07:59.397Z,6.884,74.5178,232.2601,0.3214,0.0928,-7.6112,68.3789,230.8158,0.2961,-0.1134,11.9548,71.3723,233.7799,0.3047,0.1691
2015-05-17T00:08:59.845Z,6.787,74.3007,232.1987,0.3198,0.0934,-7.0627,69.2562,231.1061,0.299,-0.1058,11.8871,69.9148,233.4983,0.2995,0.17
2015-05-17T00:09:59.470Z,6.8513,75.4417,232.2127,0.3249,0.0919,-7.83,66.6962,231.7967,0.2878,-0.1178,11.3708,69.0549,233.374,0.2963,0.1652
2015-05-17T00:10:59.100Z,6.3705,74.4465,232.2789,0.3208,0.0868,-7.8366,64.9297,231.8318,0.2803,-0.124,11.4303,67.1474,233.6146,0.2876,0.1732
2015-05-17T00:11:59.399Z,6.7858,74.957,232.5467,0.3224,0.0912,-7.5802,68.0847,231.9566,0.2934,-0.1126,12.4463,70.5458,234.2423,0.3009,0.1774
2015-05-17T00:12:59.641Z,6.4534,73.8,232.3097,0.318,0.0885,-7.2774,68.798,231.3835,0.2973,-0.1086,11.4886,69.7668,233.7354,0.2986,0.1666
2015-05-17T00:13:59.032Z,6.8097,73.4139,232.3059,0.3158,0.0944,-7.0408,69.6302,231.3793,0.3007,-0.1037,11.9149,70.7551,233.7066,0.3022,0.168
2015-05-17T00:14:59.532Z,6.0543,74.6038,232.871,0.3199,0.0815,-7.5709,69.2821,232.4486,0.2984,-0.1109,11.9536,69.4248,234.123,0.2965,0.173
2015-05-17T00:15:59.929Z,6.5382,74.7137,232.8229,0.3208,0.0892,-7.5982,68.8784,232.3467,0.2966,-0.1129,11.9328,70.164,234.2973,0.2996,0.1724
2015-05-17T00:16:59.351Z,7.1034,75.4049,233.2576,0.3229,0.0948,-7.6779,68.2829,232.8057,0.2932,-0.1173,12.1031,69.1339,234.3579,0.2949,0.1768
2015-05-17T00:17:59.762Z,6.2637,75.2488,233.01,0.3224,0.0848,-7.3945,67.7715,232.3351,0.2915,-0.1101,11.54,70.2749,233.2876,0.3013,0.1635
2015-05-17T00:18:59.176Z,6.2361,75.7969,233.147,0.3246,0.0828,-7.4776,67.535,232.3534,0.2907,-0.1133,11.9314,69.5341,233.275,0.2978,0.1721
2015-05-17T00:19:59.909Z,6.7735,75.1722,233.0687,0.3221,0.0914,-8.0483,68.3166,232.8104,0.2934,-0.1179,11.5771,69.1287,233.3848,0.2963,0.1693
2015-05-17T00:20:59.290Z,6.475,74.2727,232.6549,0.3192,0.0901,-6.9222,66.5329,233.2496,0.2852,-0.1109,11.9337,70.6127,233.8283,0.3018,0.172
2015-05-17T00:21:59.402Z,6.5727,74.4087,232.6318,0.3197,0.0905,-7.4979,68.7893,233.2386,0.2942,-0.1093,11.9573,70.0257,233.8393,0.2999,0.1713
2015-05-17T00:22:59.610Z,6.5802,75.533,232.581,0.3247,0.0878,-7.1284,70.7104,233.1542,0.3031,-0.1039,11.8337,69.552,233.8111,0.2973,0.1699
2015-05-17T00:23:59.928Z,6.7476,73.5462,233.2957,0.3151,0.0926,-7.6275,69.2546,233.957,0.2963,-0.114,12.1944,71.8781,234.4859,0.3069,0.1708
2015-05-17T00:24:59.167Z,6.8743,74.0446,233.8981,0.3166,0.0944,-7.5917,70.1928,234.6188,0.2993,-0.1098,12.0072,72.6244,235.3383,0.3087,0.1658
2015-05-17T00:25:59.732Z,6.6067,72.6523,233.8897,0.3102,0.0948,-7.5242,68.8271,234.4011,0.2941,-0.1143,11.7755,67.9544,235.1095,0.2893,0.1793
2015-05-17T00:26:59.908Z,6.539,74.3879,233.9728,0.3178,0.0878,-8.1009,68.6204,234.5649,0.2927,-0.1195,12.0941,70.906,235.1879,0.301,0.1711
2015-05-17T00:27:59.320Z,6.6193,75.6131,234.2311,0.3231,0.0883,-7.3818,69.8302,235.0483,0.2969,-0.1077,12.3646,71.6071,235.538,0.3033,0.1727
2015-05-17T00:28:59.759Z,6.9196,75.7703,234.0244,0.3233,0.0918,-7.8329,69.2792,234.1735,0.2965,-0.1141,11.7413,70.251,235.5777,0.2982,0.1669
2015-05-17T00:29:59.678Z,6.4349,74.9348,233.8223,0.3204,0.0868,-7.561,68.3136,234.1104,0.2918,-0.1123,12.1722,70.6669,236.0316,0.2988,0.1769
2015-05-17T00:30:59.999Z,5.7141,74.687,233.2566,0.3205,0.0771,-7.4048,70.0371,234.6784,0.2984,-0.1064,12.5073,70.6863,235.5004,0.3005,0.1782
2015-05-17T00:31:59.476Z,4.6788,74.3748,232.9091,0.3197,0.0633,-7.2689,67.0986,235.1168,0.2851,-0.1091,12.0499,67.888,234.2297,0.2896,0.1769
2015-05-17T00:32:59.523Z,4.6093,73.9105,232.6981,0.3177,0.0631,-7.6289,67.8447,235.5032,0.2879,-0.1122,12.0821,68.8267,234.0789,0.294,0.1755
2015-05-17T00:33:59.808Z,5.1713,74.3697,233.02,0.3191,0.0707,-7.2195,68.5693,235.5215,0.291,-0.106,11.5709,68.8186,233.8653,0.2943,0.1708
2015-05-17T00:34:59.711Z,4.9259,73.1674,234.469,0.3116,0.069,-7.0809,68.6998,235.5932,0.2913,-0.1058,12.1023,69.3341,234.0046,0.2968,0.1789
2015-05-17T00:35:59.893Z,4.6586,75.1999,233.9344,0.3214,0.0629,-7.1541,67.2922,234.9158,0.2863,-0.1119,11.7827,67.9267,233.4873,0.291,0.1754
2015-05-17T00:36:59.022Z,5.3464,74.5432,234.2852,0.318,0.0727,-6.9196,69.5091,234.963,0.2959,-0.1,11.8411,70.1339,233.6301,0.301,0.1694
2015-05-17T00:37:59.418Z,5.3227,76.1762,234.8151,0.3243,0.0705,-7.349,70.2925,235.7545,0.2981,-0.1057,11.7763,69.5386,234.7048,0.2959,0.1709
2015-05-17T00:38:59.718Z,5.688,75.9163,233.1139,0.3257,0.0762,-7.6539,70.3276,233.7753,0.3012,-0.1098,11.9118,69.5175,233.803,0.2971,0.1717
2015-05-17T00:39:59.130Z,6.61,74.8828,232.2561,0.3221,0.0893,-7.5158,66.4877,232.8918,0.2853,-0.1174,12.1293,69.0644,233.4091,0.2954,0.1783
2015-05-17T00:40:59.528Z,5.9164,73.8769,231.9312,0.318,0.0826,-7.6257,68.5013,232.9015,0.2944,-0.1132,11.9032,70.596,233.1296,0.3033,0.1752
2015-05-17T00:41:59.704Z,6.3214,73.997,231.7666,0.3191,0.0877,-7.5132,69.334,232.7299,0.298,-0.1095,11.7247,70.5975,232.93,0.3031,0.1671
2015-05-17T00:42:59.023Z,6.282,74.2708,232.1472,0.32,0.0872,-7.728,68.5733,233.188,0.2941,-0.113,11.4829,70.3334,233.7163,0.3007,0.1632
2015-05-17T00:43:59.433Z,6.4475,74.2438,232.8502,0.3184,0.0883,-8.0774,68.7817,230.5585,0.2983,-0.1184,12.1393,71.5928,234.6702,0.3052,0.1705
2015-05-17T00:44:59.696Z,6.3843,74.1464,232.7081,0.3184,0.0874,-7.6446,68.2345,232.0975,0.2938,-0.1146,12.4232,70.3136,234.2904,0.3002,0.1803
2015-05-17T00:45:59.038Z,6.4593,73.5159,231.5771,0.317,0.0872,-7.669,66.96,233.2277,0.287,-0.119,11.9157,68.5081,233.2322,0.2938,0.1808
2015-05-17T00:46:59.434Z,6.3579,75.3586,231.9878,0.3247,0.087,-7.4065,69.4908,233.1674,0.298,-0.1084,11.942,71.1118,233.4725,0.304,0.1687
2015-05-17T00:47:59.957Z,6.4952,74.5991,232.2787,0.3204,0.0882,-7.6262,67.7713,233.1019,0.2904,-0.1129,12.5255,70.98,233.3378,0.3044,0.1763
2015-05-17T00:48:59.500Z,6.014,73.7624,232.5741,0.3174,0.0814,-7.3177,68.2596,233.3705,0.2925,-0.11,11.7437,69.9215,233.2541,0.2999,0.1697
2015-05-17T00:49:59.953Z,6.1223,75.6266,232.5058,0.3254,0.0816,-7.5756,67.9249,233.1181,0.2909,-0.1153,11.829,68.6425,233.2241,0.2943,0.1737
2015-05-17T00:50:59.250Z,6.3868,74.8694,232.6753,0.3218,0.0867,-7.9078,68.3748,233.4491,0.2919,-0.1192,11.7778,70.0578,233.5647,0.2994,0.1706
2015-05-17T00:51:59.517Z,6.3182,73.6967,232.0847,0.3174,0.0843,-7.2279,68.2712,232.7153,0.2933,-0.108,11.9151,69.8681,233.3162,0.2995,0.1698
2015-05-17T00:52:59.144Z,5.9347,74.9714,231.8345,0.3235,0.081,-7.4875,67.7866,232.2471,0.2914,-0.1123,11.699,69.7884,232.9984,0.3001,0.1685
2015-05-17T00:53:59.794Z,6.7923,74.6613,231.9213,0.3217,0.0921,-7.754,67.3171,232.2078,0.2902,-0.114,11.269,70.7687,233.0651,0.3038,0.1613
2015-05-17T00:54:59.336Z,5.945,73.4778,232.0643,0.3166,0.0808,-7.5853,70.203,232.5391,0.302,-0.1101,11.887,70.4362,233.2572,0.3013,0.1684
2015-05-17T00:55:59.776Z,7.2234,74.1721,231.143,0.3212,0.098,-7.3709,69.2437,231.691,0.2988,-0.1084,11.7795,68.5305,232.3848,0.2958,0.1723
2015-05-17T00:56:59.094Z,6.4152,74.3699,231.153,0.3218,0.0877,-7.0561,68.382,231.8966,0.295,-0.1029,12.2087,70.1046,232.4477,0.3017,0.1739
2015-05-17T00:57:59.028Z,6.1697,75.3138,231.0417,0.3256,0.0824,-7.7271,68.9777,231.7626,0.2978,-0.113,11.4149,69.4746,232.2629,0.2991,0.1649
2015-05-17T00:58:59.237Z,6.578,73.7166,231.5264,0.3183,0.0891,-7.5854,68.9749,232.1376,0.2972,-0.1102,12.0717,70.9607,232.776,0.3045,0.1704
2015-05-17T00:59:59.567Z,6.2359,75.1919,231.7836,0.3241,0.0848,-7.0693,67.3323,232.3313,0.29,-0.1097,11.5354,69.5296,232.9457,0.2982,0.1668
