2015-05-26T00:00:59.881Z,6.1842,67.3518,230.9842,0.2919,0.0938,-7.8929,61.1654,232.0976,0.2639,-0.1297,12.5454,64.0267,232.6712,0.275,0.196
2015-05-26T00:01:59.093Z,5.886,69.1719,231.4913,0.2989,0.0859,-7.8862,62.1322,232.7961,0.2666,-0.1337,11.4417,64.724,232.7778,0.2786,0.1806
2015-05-26T00:02:59.404Z,6.8035,69.0564,232.0584,0.2979,0.0989,-7.0868,61.4841,232.2741,0.2645,-0.119,11.8478,62.1611,232.4726,0.2674,0.1992
2015-05-26T00:03:59.741Z,6.6982,68.7674,232.5385,0.2958,0.0978,-8.0029,64.7401,232.8516,0.2777,-0.1246,11.7761,63.4547,233.0646,0.2726,0.1867
2015-05-26T00:04:59.378Z,6.6016,69.7518,232.3434,0.3003,0.0967,-7.4703,62.0598,232.4358,0.2663,-0.1232,12.1527,64.489,233.0482,0.2768,0.1889
2015-05-26T00:05:59.539Z,6.6742,69.3235,232.522,0.298,0.0979,-7.4525,62.4014,232.338,0.269,-0.123,11.2486,64.6702,233.1047,0.2771,0.1748
2015-05-26T00:06:59.736Z,6.4779,69.5166,232.3441,0.2989,0.0932,-7.9905,63.994,232.5554,0.2752,-0.1269,11.773,64.4452,232.9063,0.2765,0.1831
2015-05-26T00:07:59.088Z,6.0777,68.4766,231.7092,0.295,0.0898,-8.6908,62.7987,233.2022,0.269,-0.1392,12.1981,64.2667,232.8298,0.2759,0.1933
2015-05-26T00:08:59.409Z,5.6046,69.6499,233.7749,0.2985,0.0819,-8.0964,63.0923,234.5301,0.2689,-0.1303,11.5545,65.2942,234.1044,0.2788,0.1779
2015-05-26T00:09:59.787Z,6.369,70.2075,233.6436,0.3007,0.0914,-7.9103,63.3886,234.1276,0.2709,-0.1266,12.1592,65.5421,233.5655,0.2807,0.1874
2015-05-26T00:10:59.229Z,6.6683,70.264,233.382,0.3008,0.097,-7.3687,63.0271,233.908,0.2696,-0.1192,11.4551,63.4206,233.3333,0.2721,0.1809
2015-05-26T00:11:59.506Z,5.9446,68.6769,231.9848,0.2953,0.0877,-7.5988,61.3459,232.5552,0.264,-0.1278,12.0478,63.364,232.1302,0.273,0.1949
2015-05-26T00:12:59.179Z,6.3541,68.7216,232.1881,0.2963,0.0932,-7.7466,63.3809,232.8111,0.2725,-0.1232,12.1415,65.0356,232.641,0.2792,0.1886
2015-05-26T00:13:59.408Z,6.0068,68.6092,232.6813,0.2952,0.0869,-7.417,62.3365,233.0203,0.2678,-0.1196,11.9316,65.0145,232.9145,0.2793,0.1825
2015-05-26T00:14:59.815Z,6.6887,69.8197,232.5998,0.3001,0.0968,-7.4878,63.5512,232.979,0.2729,-0.1201,11.2079,64.0762,232.7702,0.2753,0.1759
2015-05-26T00:15:59.022Z,6.9158,70.1645,232.9494,0.3008,0.1001,-8.2201,63.2925,230.4326,0.2747,-0.1302,12.1764,63.3982,233.9008,0.2711,0.1927
2015-05-26T00:16:59.438Z,6.1149,68.7055,232.548,0.2952,0.09,-8.5971,61.2151,230.5999,0.2657,-0.1413,11.8304,63.8947,233.6911,0.2735,0.191
2015-05-26T00:17:59.968Z,6.1002,68.6759,232.4857,0.2953,0.0903,-7.3457,63.2327,232.9801,0.271,-0.1208,11.6078,62.2259,233.3011,0.2671,0.1904
2015-05-26T00:18:59.428Z,6.3401,69.1145,232.0473,0.2975,0.0927,-8.0297,62.2007,232.9384,0.2676,-0.132,12.033,65.0229,232.5797,0.28,0.1867
2015-05-26T00:19:59.776Z,5.8176,68.701,231.837,0.2965,0.0845,-7.9527,62.8243,232.6809,0.2704,-0.1271,11.8203,63.6869,232.4414,0.2738,0.1855
2015-05-26T00:20:59.340Z,6.2207,70.0899,231.6484,0.3022,0.0886,-7.9219,63.3599,232.6476,0.2724,-0.1269,11.8826,64.1859,232.3402,0.2764,0.1869
2015-05-26T00:21:59.656Z,5.9291,69.5965,232.6071,0.2995,0.0852,-7.7045,62.9804,232.6448,0.2708,-0.123,12.1689,64.752,232.4801,0.2785,0.1887
2015-05-26T00:22:59.262Z,6.1278,69.4953,232.5313,0.2992,0.0884,-7.9614,62.9288,232.5508,0.2702,-0.1281,12.2438,64.2722,232.2778,0.276,0.191
2015-05-26T00:23:59.072Z,6.1621,68.2145,232.7031,0.293,0.0916,-7.6957,64.5997,232.2136,0.2779,-0.1203,11.8052,63.4503,230.994,0.2743,0.1865
2015-05-26T00:24:59.411Z,6.1227,69.2154,232.5414,0.2976,0.0907,-7.2254,62.7152,231.9366,0.2709,-0.1175,12.0042,63.9812,230.5233,0.2777,0.1889
2015-05-26T00:25:59.984Z,6.6407,70.3209,232.0995,0.303,0.0946,-7.4001,61.6096,231.6654,0.2649,-0.1221,11.8447,63.9361,231.212,0.2764,0.186
2015-05-26T00:26:59.896Z,6.342,69.5013,232.3735,0.2989,0.0907,-7.3697,61.2698,231.9274,0.2637,-0.1218,11.6224,62.6577,231.8407,0.27,0.1895
2015-05-26T00:27:59.153Z,6.2449,68.8441,232.3733,0.2963,0.0921,-7.9101,62.5978,232.3416,0.2691,-0.1334,11.6547,63.3502,232.2227,0.273,0.1878
2015-05-26T00:28:59.716Z,6.2563,69.4777,232.7133,0.2988,0.0902,-7.7834,64.093,232.2603,0.2758,-0.1227,12.3564,63.7056,232.5123,0.2736,0.1954
2015-05-26T00:29:59.015Z,6.5997,70.58,232.6543,0.3034,0.0932,-7.8826,63.4478,232.6406,0.2728,-0.1281,11.3169,63.9413,232.8504,0.2739,0.1774
2015-05-26T00:30:59.042Z,6.998,69.9129,232.1319,0.3013,0.1011,-7.6391,62.3787,232.1329,0.2693,-0.1268,11.8615,63.4637,232.1901,0.2734,0.192
2015-05-26T00:31:59.314Z,6.5471,68.4945,232.163,0.2957,0.0968,-7.2866,60.8962,231.9925,0.2624,-0.1271,11.9136,63.578,232.006,0.2741,0.189
2015-05-26T00:32:59.537Z,5.5178,70.8024,232.4757,0.304,0.0803,-7.5267,63.387,232.561,0.2723,-0.1203,11.5992,64.6655,232.3032,0.2782,0.1801
2015-05-26T00:33:59.969Z,4.7453,69.7163,232.9008,0.2998,0.0678,-7.7725,63.8389,233.1931,0.2735,-0.1229,11.7878,64.4662,232.6033,0.2769,0.1841
2015-05-26T00:34:59.210Z,4.9889,70.4449,232.7051,0.3027,0.0706,-7.2664,63.1524,233.1054,0.2713,-0.117,12.2472,64.5148,232.4148,0.2781,0.1913
2015-05-26T00:35:59.676Z,4.7672,69.4457,232.5453,0.2989,0.0691,-6.9358,63.0939,232.8555,0.2717,-0.1147,11.71,63.4442,232.0422,0.2736,0.1871
2015-05-26T00:36:59.893Z,4.5916,68.6076,232.5727,0.2951,0.0665,-6.7905,62.224,232.4579,0.2679,-0.1095,11.4581,63.8147,232.0387,0.2751,0.1822
2015-05-26T00:37:59.264Z,5.4256,69.3933,232.1947,0.2986,0.0796,-7.423,63.8557,231.4272,0.2763,-0.1191,11.6352,64.1041,231.9199,0.2761,0.1828
2015-05-26T00:38:59.738Z,4.4359,69.2166,232.5545,0.2981,0.064,-7.2805,62.1509,231.5149,0.2679,-0.1188,11.8329,64.6907,232.2359,0.2781,0.1842
2015-05-26T00:39:59.984Z,4.2833,69.9091,233.1346,0.2995,0.0616,-7.7936,62.4392,231.2054,0.2699,-0.1271,12.1693,64.4968,233.2508,0.2759,0.1904
2015-05-26T00:40:59.288Z,4.5792,70.3856,232.9219,0.3019,0.0656,-7.7644,61.6358,230.1652,0.2676,-0.1275,12.2611,66.0752,233.7788,0.282,0.1865
2015-05-26T00:41:59.024Z,5.2991,70.7374,232.6488,0.3042,0.0755,-7.0011,61.9444,233.1438,0.2654,-0.1162,12.4833,65.4616,233.16,0.2812,0.1937
2015-05-26T00:42:59.383Z,4.8176,69.3158,232.346,0.2985,0.0722,-7.4449,63.4979,233.9697,0.2718,-0.1192,12.123,65.8105,232.6163,0.283,0.1841
2015-05-26T00:43:59.663Z,5.0191,70.7925,233.0213,0.3038,0.0713,-7.537,63.6908,233.4264,0.2736,-0.1213,12.368,65.031,232.1202,0.2804,0.1914
2015-05-26T00:44:59.110Z,5.0261,70.8937,233.5391,0.3038,0.0723,-7.2167,63.151,233.4687,0.2707,-0.1134,12.0551,63.6357,232.3906,0.2738,0.1892
2015-05-26T00:45:59.350Z,5.2463,69.2419,233.5081,0.2966,0.078,-7.4836,62.2474,233.3654,0.2671,-0.1222,12.2297,64.4514,232.4443,0.2771,0.1897
2015-05-26T00:46:59.191Z,5.9229,69.2297,233.411,0.2966,0.0862,-7.5249,63.266,233.3331,0.2704,-0.1203,11.564,63.7466,231.9662,0.2756,0.1818
2015-05-26T00:47:59.803Z,6.1737,70.4273,233.246,0.3023,0.0873,-7.5114,63.2516,233.1124,0.2712,-0.1195,11.2658,64.0112,232.3623,0.2757,0.1779
2015-05-26T00:48:59.060Z,6.8083,69.8112,233.1424,0.299,0.0989,-7.605,63.483,232.8584,0.2726,-0.1216,11.8198,64.5323,232.1648,0.2776,0.1831
2015-05-26T00:49:59.855Z,6.433,70.1536,233.2337,0.301,0.0922,-7.9198,64.8142,233.1785,0.2784,-0.1249,11.9991,65.7251,231.86,0.2828,0.1837
2015-05-26T00:50:59.362Z,6.0903,69.0601,232.8149,0.2965,0.089,-7.7588,64.7977,233.5929,0.2776,-0.1221,11.8836,64.7504,232.123,0.2791,0.1857
2015-05-26T00:51:59.928Z,6.3022,68.4507,232.5964,0.2943,0.0926,-7.6159,63.6132,232.8885,0.2732,-0.1264,11.6559,62.8822,232.6449,0.2702,0.1899
2015-05-26T00:52:59.203Z,6.482,71.0997,233.1724,0.305,0.0916,-7.2091,64.47,233.3236,0.2764,-0.1116,12.0348,63.5673,232.7264,0.2726,0.189
2015-05-26T00:53:59.559Z,6.3568,69.9029,232.5622,0.3005,0.0926,-8.196,64.3855,233.6024,0.2752,-0.1289,12.1105,64.1622,232.6657,0.2754,0.1901
2015-05-26T00:54:59.206Z,5.886,69.6463,232.1241,0.3002,0.0853,-7.6169,63.2611,233.6773,0.2711,-0.123,11.7948,64.2483,233.1709,0.2756,0.1847
2015-05-26T00:55:59.679Z,5.5363,69.0709,231.8382,0.2976,0.0811,-7.8023,63.6302,233.4662,0.2727,-0.1279,11.8343,63.5452,233.3257,0.2723,0.1886
2015-05-26T00:56:59.230Z,6.1546,68.5388,231.7048,0.2956,0.0908,-7.517,63.0186,233.697,0.2703,-0.124,12.0706,63.6526,233.4274,0.2721,0.1986
2015-05-26T00:57:59.639Z,6.8712,70.9718,233.0447,0.3043,0.0965,-7.9868,64.0992,233.676,0.274,-0.126,12.2827,64.3836,233.8686,0.2754,0.1913
2015-05-26T00:58:59.015Z,6.8758,71.0318,233.0923,0.3049,0.0986,-7.7317,64.0486,233.3031,0.2741,-0.1217,12.061,65.2589,234.0093,0.279,0.1863
2015-05-26T00:59:59.803Z,6.3354,69.3915,233.3211,0.2972,0.0917,-7.7887,62.2522,233.2648,0.2675,-0.125,12.0218,65.5098,234.3223,0.2797,0.1845
2015-05-26T01:00:59.184Z,5.9291,68.2064,232.9068,0.2926,0.0883,-7.6503,60.8668,233.0648,0.2612,-0.1277,12.4359,64.0422,234.0897,0.2737,0.1981
2015-05-26T01:01:59.905Z,6.5105,69.471,233.0487,0.2984,0.0954,-7.8691,63.4051,233.2483,0.272,-0.1246,12.0813,65.0754,233.9787,0.2782,0.1862
2015-05-26T01:02:59.206Z,6.5204,70.0509,233.3333,0.3002,0.0942,-8.034,63.7897,233.6779,0.273,-0.1283,12.0828,65.0719,234.3613,0.2777,0.1869
2015-05-26T01:03:59.427Z,6.3324,70.077,233.7891,0.2996,0.091,-8.2999,62.1411,233.9033,0.2653,-0.1336,11.5956,65.0956,234.4004,0.2778,0.1788
2015-05-26T01:04:59.790Z,6.2021,70.0383,233.6957,0.2995,0.0902,-7.3434,62.6898,233.7385,0.2678,-0.1182,12.4391,65.7221,234.7789,0.2797,0.19
2015-05-26T01:05:59.177Z,6.3257,70.6931,233.6639,0.3028,0.0914,-7.2997,62.2011,233.5478,0.2661,-0.1178,12.11,65.5143,234.6296,0.2791,0.1861
2015-05-26T01:06:59.173Z,6.5237,69.7199,233.6767,0.2984,0.0946,-7.5893,62.5958,233.4287,0.2678,-0.121,12.2579,64.0769,234.6371,0.2727,0.1934
2015-05-26T01:07:59.700Z,6.4242,71.4771,234.2592,0.3052,0.0904,-8.3724,62.6015,231.0441,0.2715,-0.1359,11.7063,64.1809,235.0203,0.2724,0.1828
2015-05-26T01:08:59.005Z,6.5824,71.4373,234.1409,0.3047,0.0943,-7.5459,62.3394,230.8116,0.2702,-0.1228,12.2334,65.818,235.5878,0.2793,0.1873
2015-05-26T01:09:59.421Z,6.0525,69.5541,233.6507,0.2978,0.0873,-7.9436,63.7359,233.0627,0.2736,-0.1254,11.5703,65.8493,234.768,0.2809,0.1752
2015-05-26T01:10:59.747Z,6.5707,69.0208,233.7576,0.2958,0.0978,-8.5387,63.6859,233.7248,0.2722,-0.1397,11.8941,63.7539,234.2399,0.2721,0.1934
2015-05-26T01:11:59.124Z,6.4748,70.9608,234.0784,0.3033,0.0929,-7.6523,63.2581,233.7777,0.2709,-0.1248,12.0421,64.7264,234.5496,0.276,0.1901
2015-05-26T01:12:59.509Z,6.4168,70.6355,233.7576,0.3024,0.0916,-8.1629,63.0833,233.7069,0.2699,-0.1291,12.1345,65.3204,234.3744,0.2786,0.1864
2015-05-26T01:13:59.111Z,5.9291,68.8199,233.312,0.295,0.0877,-7.7273,62.8096,233.2732,0.2687,-0.1242,11.8024,65.6911,233.825,0.281,0.1811
2015-05-26T01:14:59.608Z,7.0291,69.6424,232.7648,0.2993,0.1008,-7.8671,63.7002,232.7092,0.2736,-0.1247,12.2211,64.1353,232.9651,0.2758,0.1908
2015-05-26T01:15:59.962Z,7.1017,69.4692,232.6221,0.2986,0.1028,-7.7837,62.9621,232.5191,0.2707,-0.1242,11.9088,63.8661,233.1737,0.2743,0.1913
2015-05-26T01:16:59.269Z,6.2535,69.6665,232.8127,0.2991,0.0892,-7.7113,63.5819,232.7127,0.2733,-0.1218,12.082,65.0678,233.5016,0.279,0.1872
2015-05-26T01:17:59.611Z,5.6571,69.966,233.0055,0.3002,0.0813,-7.576,64.2708,232.1807,0.2774,-0.1189,11.6828,64.7255,234.0353,0.2763,0.18
2015-05-26T01:18:59.236Z,5.6737,70.074,232.9579,0.3002,0.0811,-7.6878,60.9776,230.8909,0.2643,-0.1256,11.9706,65.9441,233.7319,0.2821,0.182
2015-05-26T01:19:59.462Z,6.6753,68.9389,232.5858,0.296,0.0985,-8.1733,62.6625,230.1022,0.2725,-0.1323,12.0932,65.3879,232.6064,0.2811,0.1848
2015-05-26T01:20:59.749Z,6.8553,70.1691,232.3591,0.302,0.0973,-7.4786,61.1409,230.3532,0.2658,-0.1275,11.7771,64.3573,232.088,0.2773,0.1849
2015-05-26T01:21:59.660Z,6.484,68.2238,232.571,0.2931,0.0959,-7.8896,61.8657,231.0101,0.2676,-0.1292,11.8424,64.5299,232.2299,0.2778,0.1847
2015-05-26T01:22:59.116Z,6.3478,68.6586,232.601,0.2951,0.094,-7.8703,65.2878,231.6084,0.2818,-0.124,11.7099,63.7722,232.008,0.2749,0.1842
2015-05-26T01:23:59.361Z,6.7501,68.5003,232.1809,0.2954,0.0991,-7.8066,60.4824,231.3984,0.2616,-0.1334,11.2778,62.5335,231.2238,0.2702,0.1826
2015-05-26T01:24:59.559Z,6.7071,69.5547,231.9731,0.2995,0.0974,-7.3175,62.7529,231.6744,0.2711,-0.1199,11.252,63.5507,231.7567,0.274,0.1784
2015-05-26T01:25:59.775Z,6.0375,68.802,231.9608,0.2965,0.0871,-6.8447,63.0297,231.6968,0.2721,-0.1109,11.3562,64.0465,231.7468,0.2763,0.1827
2015-05-26T01:26:59.448Z,6.7932,70.1484,231.8384,0.3027,0.0984,-7.9759,62.4461,231.4939,0.2699,-0.1289,11.7402,64.3617,231.719,0.2781,0.1843
2015-05-26T01:27:59.854Z,6.912,69.3972,231.1747,0.2998,0.1002,-7.7616,61.3395,231.3623,0.265,-0.1293,11.6736,64.7627,231.4647,0.2797,0.1822
2015-05-26T01:28:59.239Z,6.3903,69.7932,230.7584,0.3023,0.094,-7.8138,62.3988,231.3467,0.2697,-0.1282,11.7061,64.5481,231.5536,0.2784,0.1829
2015-05-26T01:29:59.544Z,6.763,71.2271,231.3449,0.308,0.0949,-7.4534,62.198,231.3656,0.269,-0.1202,11.6158,64.5298,231.9238,0.278,0.1807
2015-05-26T01:30:59.797Z,5.6413,68.8873,231.1132,0.298,0.0846,-7.5814,62.3448,231.3005,0.2693,-0.1286,11.8005,64.6993,231.8357,0.2796,0.1868
2015-05-26T01:31:59.768Z,5.3087,70.6196,231.4944,0.3048,0.0763,-7.612,63.0805,231.5993,0.2723,-0.1229,12.0522,64.3984,231.916,0.2777,0.19
2015-05-26T01:32:59.090Z,4.5224,70.8261,231.5949,0.3057,0.0643,-7.3581,62.815,231.468,0.2711,-0.1169,11.8456,64.1364,231.4614,0.2768,0.1867
2015-05-26T01:33:59.415Z,4.4405,70.3821,231.7564,0.3032,0.0636,-7.6335,62.3187,231.808,0.2687,-0.124,11.694,62.8151,231.4623,0.2714,0.1876
2015-05-26T01:34:59.341Z,4.513,68.9671,231.7598,0.2975,0.0666,-7.6321,64.0766,230.2489,0.278,-0.1213,12.1597,64.5554,231.6748,0.2787,0.1909
2015-05-26T01:35:59.638Z,4.5692,69.114,231.4026,0.2984,0.0667,-7.2905,60.4357,228.6769,0.2647,-0.1253,11.6152,63.083,231.8527,0.2716,0.191
2015-05-26T01:36:59.954Z,4.6432,69.5008,231.396,0.3004,0.067,-6.7362,62.1568,231.7378,0.2679,-0.1141,11.9241,64.1707,230.7926,0.2783,0.1899
2015-05-26T01:37:59.711Z,5.0043,70.1782,232.0856,0.3022,0.0737,-6.9057,62.8221,231.6887,0.271,-0.1123,11.8364,64.3241,230.3061,0.2789,0.1856
2015-05-26T01:38:59.960Z,4.7923,69.2214,232.3884,0.2983,0.0699,-7.103,61.5454,231.804,0.266,-0.1182,12.3246,63.3196,229.8652,0.275,0.1949
2015-05-26T01:39:59.677Z,4.9194,69.3463,232.5002,0.2982,0.0718,-7.0601,62.0954,232.1243,0.2677,-0.1197,11.3304,61.7276,230.08,0.2678,0.191
2015-05-26T01:40:59.970Z,6.3065,70.1609,232.0734,0.3018,0.0914,-7.3784,63.234,231.6224,0.2727,-0.1201,11.8685,64.2014,230.8038,0.2781,0.1855
2015-05-26T01:41:59.352Z,6.2099,69.5327,231.6282,0.3006,0.0887,-7.6307,63.7584,231.5208,0.275,-0.1224,12.0772,63.6661,230.6682,0.2762,0.1901
2015-05-26T01:42:59.648Z,6.458,70.034,232.3999,0.3012,0.0935,-7.2214,63.799,231.5385,0.2755,-0.1154,11.7778,63.2202,231.2627,0.2733,0.1858
2015-05-26T01:43:59.156Z,6.1328,70.0249,232.3473,0.3014,0.0877,-7.5227,63.3264,230.9069,0.2741,-0.1223,12.0142,63.5113,231.4004,0.2748,0.1904
2015-05-26T01:44:59.412Z,6.9879,70.0371,231.7945,0.3029,0.101,-7.4384,61.0469,231.7731,0.2638,-0.1267,11.9103,63.1453,231.0238,0.2737,0.1899
2015-05-26T01:45:59.623Z,6.6334,69.9632,231.5548,0.302,0.0958,-7.628,63.1454,231.5754,0.2727,-0.123,11.41,63.3354,230.8596,0.2746,0.1792
2015-05-26T01:46:59.804Z,6.7983,69.5017,232.3068,0.2997,0.098,-8.0603,61.492,231.7489,0.2657,-0.1321,11.5071,63.8171,230.9527,0.2761,0.1823
2015-05-26T01:47:59.062Z,5.9708,69.9315,232.2767,0.3013,0.0869,-7.7006,62.6476,232.0008,0.27,-0.1239,11.7304,65.2002,231.0644,0.2819,0.1803
2015-05-26T01:48:59.024Z,6.5369,70.5185,232.1776,0.3037,0.0938,-7.8296,63.0995,231.7248,0.2727,-0.1254,11.4565,63.5075,230.9445,0.2751,0.1807
2015-05-26T01:49:59.347Z,6.3557,70.1791,232.1683,0.3028,0.0926,-7.9188,63.3195,231.4983,0.2733,-0.1283,12.2803,64.921,230.8938,0.281,0.1888
2015-05-26T01:50:59.949Z,6.6252,68.5949,231.8309,0.2962,0.0985,-8.247,61.5386,231.5233,0.2657,-0.1402,11.9184,63.5997,230.6838,0.2759,0.1908
2015-05-26T01:51:59.714Z,6.1369,69.0391,231.6691,0.2976,0.0909,-7.6575,63.167,231.3442,0.2731,-0.1232,11.5849,63.3964,230.7508,0.2747,0.1831
2015-05-26T01:52:59.084Z,5.7723,67.9183,230.6907,0.2942,0.0859,-7.5944,62.4446,231.395,0.27,-0.1246,11.9931,64.8394,230.7074,0.2809,0.1847
2015-05-26T01:53:59.407Z,6.3322,68.9545,230.4455,0.2993,0.092,-7.9473,64.088,231.4547,0.2771,-0.1269,11.2519,62.9409,230.5736,0.2727,0.1802
2015-05-26T01:54:59.691Z,6.6325,67.9605,231.2067,0.2933,0.0997,-7.3738,62.1251,232.0859,0.2682,-0.1235,11.7446,63.235,231.2534,0.2737,0.1899
2015-05-26T01:55:59.902Z,6.3008,69.2778,230.5157,0.3005,0.0924,-7.6825,61.311,231.4373,0.2646,-0.127,12.0771,63.7213,231.4778,0.2756,0.1897
2015-05-26T01:56:59.466Z,6.3653,69.9666,231.2448,0.3023,0.0918,-7.777,64.3593,231.1283,0.2777,-0.126,11.9853,62.4843,231.3667,0.2698,0.1927
2015-05-26T01:57:59.071Z,5.9802,69.3591,231.5158,0.2995,0.0876,-8.059,61.9197,231.091,0.2678,-0.1303,12.2162,64.8965,231.7405,0.2799,0.188
2015-05-26T01:58:59.491Z,6.1127,68.7874,231.043,0.2973,0.0911,-7.4814,63.2985,231.0643,0.2735,-0.1213,11.9844,63.7671,231.16,0.2754,0.1888
2015-05-26T01:59:59.790Z,6.4984,68.1162,231.437,0.294,0.0966,-7.7698,61.8392,231.2923,0.2674,-0.1325,12.2695,63.378,231.2781,0.2738,0.1991
