2015-05-20T00:00:59.727Z,4.6441,68.2414,232.8234,0.2933,0.0686,-7.2249,62.3593,231.9598,0.2688,-0.1178,11.6327,62.4701,232.8695,0.2684,0.1876
2015-05-20T00:01:59.056Z,4.8136,69.2104,232.4411,0.2977,0.0692,-7.1802,63.4613,231.3267,0.2743,-0.1189,11.2087,63.0287,232.945,0.2706,0.181
2015-05-20T00:02:59.297Z,4.8371,69.3007,232.2977,0.2986,0.0713,-6.5479,63.6896,231.1367,0.2752,-0.1042,11.0892,63.6933,233.0953,0.2725,0.1733
2015-05-20T00:03:59.556Z,4.8718,70.3905,232.6252,0.3021,0.0702,-7.0318,63.0996,231.5357,0.273,-0.1127,11.3386,64.6633,233.0698,0.2768,0.1753
2015-05-20T00:04:59.853Z,5.2278,69.8229,231.8615,0.3012,0.0762,-6.6783,63.906,231.6967,0.2755,-0.1063,11.231,64.1134,232.0608,0.2761,0.1758
2015-05-20T00:05:59.051Z,4.3398,69.4697,231.9975,0.2991,0.0637,-6.7142,60.9663,232.4544,0.2619,-0.1113,10.9254,63.0909,231.9145,0.2718,0.1744
2015-05-20T00:06:59.355Z,4.4611,70.0284,231.83,0.3026,0.0636,-6.7284,62.9803,232.533,0.271,-0.1098,11.2592,63.4617,231.7797,0.2736,0.1786
2015-05-20T00:07:59.688Z,5.2348,70.0024,232.1208,0.3012,0.0737,-7.3337,62.6429,232.5262,0.2695,-0.1192,11.782,63.7859,232.0656,0.2754,0.1871
2015-05-20T00:08:59.831Z,5.4508,70.0688,231.7247,0.3025,0.0773,-6.8959,62.0334,232.2065,0.2666,-0.1115,11.5248,61.6335,231.6542,0.266,0.1868
2015-05-20T00:09:59.070Z,4.9739,70.5162,231.5546,0.3047,0.07,-6.5867,62.357,231.8767,0.2688,-0.108,11.4324,64.071,231.438,0.2769,0.18
2015-05-20T00:10:59.234Z,4.8841,69.1133,231.7743,0.2979,0.0708,-6.8427,63.8279,232.2997,0.2744,-0.1087,11.3125,64.1622,231.639,0.2768,0.1769
2015-05-20T00:11:59.438Z,4.8598,69.2204,232.2071,0.2979,0.0698,-6.9642,62.5053,232.9246,0.2682,-0.1124,11.446,64.6602,232.62,0.278,0.1786
2015-05-20T00:12:59.677Z,5.069,69.3911,231.3043,0.2989,0.074,-7.334,62.3127,233.29,0.2675,-0.1185,11.82,64.2905,232.666,0.276,0.1837
2015-05-20T00:13:59.961Z,4.7951,70.5229,231.2101,0.3049,0.0695,-6.5991,63.8791,233.4776,0.2735,-0.1037,11.5554,64.0499,232.5565,0.2753,0.1815
2015-05-20T00:14:59.289Z,4.9877,69.5676,231.7906,0.3003,0.0729,-6.9976,63.5097,233.5929,0.2719,-0.1121,11.4831,65.2332,232.4434,0.28,0.1757
2015-05-20T00:15:59.524Z,4.6825,71.029,232.1985,0.3058,0.0673,-6.7153,63.6303,233.3518,0.2726,-0.1047,11.8309,64.1704,232.3354,0.2765,0.1854
2015-05-20T00:16:59.843Z,4.6783,68.6261,232.5498,0.2951,0.0689,-6.8413,62.7909,232.9882,0.2697,-0.1117,11.3133,63.0512,232.0288,0.2715,0.1866
2015-05-20T00:17:59.246Z,5.0499,69.8864,232.4478,0.3006,0.0738,-6.9949,62.5858,232.7429,0.2688,-0.1159,11.5998,64.2752,232.5826,0.276,0.1846
2015-05-20T00:18:59.417Z,4.222,68.9701,232.2663,0.297,0.0611,-6.6486,62.778,232.8444,0.2698,-0.1079,11.5577,63.2448,232.8905,0.2711,0.1829
2015-05-20T00:19:59.670Z,4.6243,70.684,232.1845,0.3044,0.0653,-6.9109,63.7085,232.8369,0.2734,-0.1099,11.6029,63.7857,233.0514,0.2742,0.1821
2015-05-20T00:20:59.851Z,4.4057,69.7668,232.087,0.3008,0.0637,-7.0058,60.5599,232.5859,0.2599,-0.1158,11.4331,62.6334,232.9122,0.2687,0.1851
2015-05-20T00:21:59.918Z,4.1696,70.3048,232.0915,0.3029,0.0598,-6.7437,60.4904,232.6619,0.26,-0.1151,11.649,61.807,232.9688,0.2652,0.192
2015-05-20T00:22:59.086Z,4.8058,69.5832,232.5369,0.299,0.0692,-7.0158,62.8158,233.0548,0.2699,-0.1149,11.5132,64.5787,232.9897,0.2774,0.1804
2015-05-20T00:23:59.253Z,4.5566,70.2836,232.6078,0.3014,0.0662,-7.2232,62.5454,232.8295,0.2688,-0.1166,11.5308,63.2792,233.2213,0.2713,0.1827
2015-05-20T00:24:59.631Z,4.8892,71.1875,232.5884,0.3059,0.0683,-6.8171,63.5484,232.9609,0.2727,-0.1077,11.7689,65.3817,233.3738,0.2805,0.1802
2015-05-20T00:25:59.850Z,4.8251,70.8455,232.4031,0.3044,0.0681,-6.8998,62.2389,232.7355,0.2676,-0.1115,11.5047,65.6388,232.9868,0.2819,0.1773
2015-05-20T00:26:59.081Z,4.7381,69.8053,232.3714,0.3001,0.0677,-6.6504,62.5033,232.608,0.2684,-0.1102,11.3632,62.7996,232.8402,0.2694,0.1853
2015-05-20T00:27:59.359Z,5.0862,69.9632,232.2495,0.3014,0.0738,-6.5464,64.2276,232.6203,0.2762,-0.1044,11.5855,64.5562,232.539,0.2785,0.1796
2015-05-20T00:28:59.580Z,4.3564,69.6312,231.9068,0.3003,0.0623,-6.7155,63.4244,232.454,0.2731,-0.1069,11.2808,63.8377,232.5714,0.2748,0.1764
2015-05-20T00:29:59.680Z,4.5685,70.0903,230.9614,0.3034,0.0663,-6.8187,61.5957,232.5411,0.2646,-0.1099,11.5375,63.3508,232.7777,0.2718,0.1818
2015-05-20T00:30:59.888Z,4.7217,70.3308,231.349,0.304,0.0693,-6.9009,63.1155,232.3051,0.2716,-0.1108,11.7523,63.5924,232.5871,0.2732,0.1861
2015-05-20T00:31:59.186Z,5.1181,68.8971,232.1899,0.2962,0.0762,-6.5764,63.1648,232.6238,0.2717,-0.1036,11.4533,63.9857,232.8803,0.2745,0.1824
2015-05-20T00:32:59.529Z,4.4548,68.6299,231.9972,0.296,0.0639,-6.5785,63.5503,232.7452,0.2732,-0.1085,11.0533,63.5109,232.7943,0.2722,0.1775
2015-05-20T00:33:59.698Z,4.8673,70.537,232.0654,0.3046,0.0696,-7.1684,61.7071,232.6555,0.2652,-0.1193,11.5122,63.4736,232.9737,0.2723,0.182
2015-05-20T00:34:59.912Z,5.0684,70.1107,232.1446,0.3021,0.0718,-7.2775,62.7007,232.6198,0.2693,-0.1178,11.8162,64.2835,232.8663,0.2762,0.184
2015-05-20T00:35:59.075Z,4.4703,68.944,231.6817,0.2971,0.0663,-6.8352,62.1798,232.2344,0.2678,-0.1109,11.3222,64.2371,232.4524,0.276,0.1782
2015-05-20T00:36:59.509Z,4.5666,70.0526,231.9563,0.3013,0.0658,-7.3348,64.0475,232.2431,0.2755,-0.1146,11.7704,65.0745,232.5885,0.2791,0.1821
2015-05-20T00:37:59.663Z,4.6225,69.8505,231.4959,0.3015,0.0666,-6.5233,62.2702,232.2052,0.2678,-0.1076,11.0474,62.8408,232.467,0.2707,0.1807
2015-05-20T00:38:59.108Z,4.8219,70.382,231.3278,0.3042,0.0689,-6.9628,61.9259,231.9699,0.267,-0.1138,11.5863,65.5758,232.4181,0.2819,0.1787
2015-05-20T00:39:59.346Z,4.9154,69.4296,231.4044,0.3003,0.072,-6.7518,62.0219,232.4216,0.2669,-0.1115,11.2326,64.8862,232.692,0.2793,0.173
2015-05-20T00:40:59.502Z,4.4602,69.6581,231.3005,0.3009,0.0647,-6.9198,62.2262,232.7643,0.2673,-0.1122,11.7315,63.1152,232.8196,0.2709,0.1852
2015-05-20T00:41:59.622Z,4.5504,69.7258,230.7198,0.3023,0.0652,-6.9273,60.4,232.7267,0.2595,-0.1173,11.4734,62.656,232.5916,0.2697,0.1869
2015-05-20T00:42:59.791Z,4.9511,70.2527,230.5315,0.3052,0.0714,-6.7659,62.8245,232.506,0.2701,-0.1097,11.0757,63.8292,232.5745,0.2744,0.1748
2015-05-20T00:43:59.094Z,4.9326,69.3996,230.0472,0.3019,0.0722,-7.2407,64.2207,231.6777,0.2771,-0.1143,11.2161,64.086,232.5967,0.2756,0.1739
2015-05-20T00:44:59.365Z,4.6673,69.4489,230.8286,0.3005,0.0681,-6.7313,62.2432,231.3273,0.2689,-0.1091,11.1463,64.522,232.5709,0.2779,0.1736
2015-05-20T00:45:59.660Z,5.007,68.8228,231.5874,0.2968,0.0746,-6.8899,61.2611,231.1903,0.265,-0.1158,11.3349,64.1678,232.4241,0.2761,0.1792
2015-05-20T00:46:59.925Z,4.3795,69.9285,231.9484,0.3015,0.0634,-6.742,63.2229,231.9657,0.2725,-0.108,11.4167,63.3014,232.808,0.2723,0.1813
2015-05-20T00:47:59.274Z,5.1679,69.6037,232.7014,0.2991,0.0746,-7.2712,63.3489,232.8107,0.2726,-0.1149,11.3956,64.0867,233.0803,0.2748,0.1788
2015-05-20T00:48:59.367Z,5.147,70.1689,232.4198,0.302,0.0729,-7.2841,60.7755,233.0177,0.2607,-0.1204,11.2135,62.2805,233.2289,0.2668,0.1801
2015-05-20T00:49:59.618Z,4.851,69.8376,232.4497,0.3004,0.0701,-6.5231,62.5608,233.1618,0.269,-0.1054,11.7104,64.303,232.601,0.2764,0.1837
2015-05-20T00:50:59.875Z,4.9366,70.0713,232.5405,0.3014,0.0716,-6.98,62.4713,232.8425,0.268,-0.1137,11.2532,63.5233,232.2015,0.2732,0.1791
2015-05-20T00:51:59.308Z,5.027,69.7706,232.4685,0.2998,0.0716,-6.9261,62.8504,232.4378,0.2703,-0.111,11.4371,63.8215,231.4927,0.2758,0.1809
2015-05-20T00:52:59.549Z,5.6702,70.1478,232.8334,0.3011,0.0805,-6.8729,62.9274,232.8461,0.2707,-0.1112,11.1638,62.3668,231.3233,0.2698,0.1801
2015-05-20T00:53:59.863Z,5.3621,70.4584,233.2748,0.3023,0.0765,-7.1625,63.6804,233.1011,0.273,-0.113,10.9307,63.4419,230.8581,0.2747,0.1747
2015-05-20T00:54:59.987Z,4.9774,69.6785,233.085,0.2985,0.0717,-6.6914,62.1315,233.1771,0.2664,-0.1085,11.1732,62.2015,231.0624,0.2695,0.1802
2015-05-20T00:55:59.125Z,4.4951,69.0398,232.6028,0.297,0.0664,-7.3789,62.2166,233.4469,0.2669,-0.1211,11.6785,64.5979,232.5282,0.2781,0.1847
2015-05-20T00:56:59.444Z,5.3277,70.7855,232.6932,0.3037,0.077,-7.1022,64.1552,232.9585,0.2758,-0.112,11.2267,64.0761,232.6295,0.2757,0.1773
2015-05-20T00:57:59.725Z,5.1695,70.8967,232.039,0.3054,0.0745,-7.1113,63.193,232.3691,0.2719,-0.1129,11.2505,64.3873,232.4181,0.2773,0.1752
2015-05-20T00:58:59.093Z,4.772,69.6856,231.7518,0.3,0.0703,-6.6489,62.6741,232.0541,0.2699,-0.1076,10.8792,64.2686,232.2718,0.2763,0.1701
2015-05-20T00:59:59.451Z,6.6498,70.5043,231.8978,0.3035,0.0951,-7.3001,62.4633,232.2589,0.2687,-0.1189,11.3729,64.6664,232.5155,0.278,0.177
