2015-02-16T00:00:59.689Z,3.0095,69.973,233.8383,0.2991,0.0442,3.2039,63.1853,233.6387,0.2701,0.0513,3.7324,62.8697,233.5914,0.2691,0.0597
2015-02-16T00:01:59.036Z,2.6474,70.7813,232.8853,0.3036,0.0378,2.8899,65.4131,233.9771,0.2798,0.0435,2.7418,64.8691,233.568,0.2772,0.0425
2015-02-16T00:02:59.287Z,2.7272,71.5248,232.8797,0.3071,0.0378,3.1147,65.7722,233.304,0.2821,0.0488,3.1658,64.3484,233.1704,0.276,0.0495
2015-02-16T00:03:59.576Z,2.4874,72.0278,232.8718,0.3093,0.034,2.7544,64.6735,233.0101,0.2775,0.0438,2.9818,64.7716,233.3496,0.2778,0.0453
2015-02-16T00:04:59.816Z,3.5987,71.7125,232.3936,0.3086,0.0513,3.1336,64.6599,232.8267,0.2775,0.0475,2.8585,64.0922,233.8443,0.2738,0.0453
2015-02-16T00:05:59.989Z,3.5705,71.7544,232.9455,0.3075,0.0503,3.24,62.8659,233.9882,0.2686,0.054,3.387,63.7169,234.6024,0.2716,0.0525
2015-02-16T00:06:59.217Z,3.039,72.0539,233.1701,0.3088,0.0414,2.8711,65.8644,234.6783,0.2802,0.0442,3.0917,65.8527,234.3901,0.281,0.0491
2015-02-16T00:07:59.534Z,2.6986,71.5048,231.1758,0.3096,0.0369,2.7053,63.5438,232.4085,0.2735,0.0419,3.5115,64.4271,232.0744,0.2774,0.0556
2015-02-16T00:08:59.809Z,3.2476,70.0345,231.4349,0.3022,0.0466,3.5218,64.1289,231.851,0.2768,0.0549,2.7866,65.1388,231.4347,0.2816,0.0421
2015-02-16T00:09:59.981Z,2.9811,71.2354,232.582,0.3058,0.0424,2.8477,63.9773,231.5215,0.2761,0.0439,2.9245,64.7247,231.6491,0.2787,0.045
2015-02-16T00:10:59.227Z,2.6518,70.276,232.9306,0.3016,0.0376,2.8226,64.3635,231.1665,0.2792,0.0426,2.9199,63.7437,232.2369,0.2746,0.0457
2015-02-16T00:11:59.414Z,2.7077,71.966,232.1426,0.3098,0.0374,2.8792,62.8044,231.3097,0.2715,0.0475,2.8903,64.2225,233.2074,0.2757,0.0446
2015-02-16T00:12:59.746Z,3.2867,70.2163,232.0986,0.3025,0.0468,3.3428,64.1825,231.8822,0.2762,0.0522,3.2224,64.3235,233.2171,0.2757,0.0504
2015-02-16T00:13:59.101Z,3.925,70.9429,231.4994,0.3064,0.0557,2.797,65.1136,230.8129,0.2823,0.0431,2.8939,64.8699,232.4801,0.2794,0.0459
2015-02-16T00:14:59.322Z,2.8633,70.6488,231.3414,0.3058,0.0402,2.9802,62.9311,230.9704,0.2719,0.049,3.2589,64.2648,232.1866,0.2767,0.0525
2015-02-16T00:15:59.529Z,2.6399,71.332,231.6719,0.3079,0.0377,2.7573,65.1708,231.5265,0.2819,0.0433,2.9767,65.5582,232.4227,0.2818,0.0449
2015-02-16T00:16:59.786Z,2.5384,69.6339,231.0495,0.3014,0.0366,3.3901,64.1511,231.3441,0.2776,0.0523,2.5527,64.5392,231.8546,0.2778,0.0405
2015-02-16T00:17:59.076Z,2.7203,71.1237,230.9806,0.3079,0.039,3.2738,63.8989,231.3985,0.2762,0.0536,3.284,64.9884,232.5867,0.2793,0.0507
2015-02-16T00:18:59.313Z,3.0899,70.8703,230.9163,0.307,0.0439,3.4175,62.7645,230.9863,0.272,0.0533,2.4008,63.9882,232.5834,0.2747,0.0387
2015-02-16T00:19:59.504Z,2.8414,71.3678,230.9327,0.3085,0.0379,2.9418,62.4456,231.2489,0.2699,0.0456,3.0521,64.6778,232.7176,0.2781,0.0478
2015-02-16T00:20:59.869Z,2.5426,70.1076,231.4636,0.3029,0.0364,3.0651,63.7693,231.2068,0.2762,0.0481,2.629,64.4262,233.0767,0.2767,0.0405
2015-02-16T00:21:59.406Z,3.6178,71.6067,232.0546,0.3087,0.0507,2.7585,63.5054,231.3404,0.2747,0.0432,3.0378,64.0888,232.9782,0.2753,0.0486
2015-02-16T00:22:59.765Z,3.1043,70.4012,231.6687,0.304,0.0455,3.4738,64.9866,231.4071,0.2811,0.0555,2.7438,63.3986,232.1105,0.2729,0.0433
2015-02-16T00:23:59.044Z,3.1072,70.989,232.2069,0.3052,0.0434,2.9876,61.6341,228.6762,0.2696,0.0518,3.3072,64.8683,232.8487,0.279,0.0519
2015-02-16T00:24:59.360Z,2.9038,69.9562,231.8431,0.3018,0.0416,2.7703,64.2431,228.1474,0.2819,0.0418,2.8333,64.3116,232.6432,0.2767,0.0437
2015-02-16T00:25:59.694Z,3.0921,69.9448,232.2078,0.3009,0.0442,2.9395,64.0914,228.2577,0.2803,0.0457,2.889,63.9682,233.4317,0.2743,0.0459
2015-02-16T00:26:59.950Z,3.6413,70.7185,231.8696,0.3052,0.0516,3.3915,62.6385,229.8311,0.2725,0.0546,3.2252,64.9673,233.3696,0.2788,0.0487
2015-02-16T00:27:59.394Z,3.7946,70.6697,231.377,0.3058,0.0546,2.6861,64.1093,232.0576,0.276,0.0432,2.9079,63.8198,232.6898,0.2741,0.045
2015-02-16T00:28:59.621Z,2.5959,70.8415,231.0178,0.3065,0.0375,3.0593,64.0123,231.6323,0.2762,0.0465,2.8956,65.1754,232.5384,0.2801,0.0445
2015-02-16T00:29:59.130Z,2.6029,69.4779,230.7523,0.3007,0.0391,2.948,62.8704,231.0384,0.2722,0.0486,2.6448,63.304,232.4672,0.2724,0.0438
2015-02-16T00:30:59.509Z,3.0959,70.8068,230.7927,0.3072,0.045,3.314,64.8963,231.3591,0.2803,0.0515,2.9021,63.9907,232.249,0.2755,0.0458
2015-02-16T00:31:59.793Z,2.9191,71.5188,231.06,0.3093,0.0412,2.8091,64.0982,232.1778,0.2767,0.044,2.5386,64.6552,232.5129,0.2782,0.0393
2015-02-16T00:32:59.060Z,2.5854,70.9311,230.5987,0.3081,0.0368,2.878,65.5803,232.8251,0.2818,0.0427,2.7207,63.5702,232.8177,0.2728,0.0439
2015-02-16T00:33:59.364Z,3.3404,70.7751,230.3499,0.307,0.0467,3.1503,63.7704,231.8199,0.2749,0.0499,3.2366,64.4593,232.0727,0.2776,0.0499
2015-02-16T00:34:59.716Z,3.1499,69.9366,231.2742,0.3025,0.0452,2.936,63.0846,232.101,0.2718,0.0484,2.8796,63.7268,231.2105,0.2754,0.0467
2015-02-16T00:35:59.984Z,3.4724,72.0158,232.2167,0.3101,0.0484,3.2077,64.4742,232.5813,0.2776,0.0508,3.011,63.5565,232.0856,0.2738,0.0471
2015-02-16T00:36:59.231Z,2.8777,70.8462,232.2922,0.3048,0.04,3.1231,64.2616,232.2868,0.2767,0.0489,2.8629,64.1278,231.8384,0.2764,0.0457
2015-02-16T00:37:59.508Z,2.78,71.2585,231.7893,0.3073,0.0381,3.167,65.482,232.2145,0.2819,0.0471,2.6701,64.4757,231.6891,0.278,0.0437
2015-02-16T00:38:59.977Z,3.0278,70.1292,231.0463,0.3034,0.0428,3.3936,64.0255,232.658,0.2748,0.0551,3.199,65.7473,231.6925,0.2837,0.0501
2015-02-16T00:39:59.162Z,2.964,69.4389,230.3773,0.3016,0.0426,3.0329,63.4041,232.7862,0.2724,0.049,2.7229,63.8164,231.886,0.275,0.0441
2015-02-16T00:40:59.284Z,2.939,70.178,229.9933,0.3052,0.0418,3.3823,64.3836,232.9347,0.2767,0.0529,2.9819,63.8749,232.3741,0.2754,0.0465
2015-02-16T00:41:59.581Z,2.4125,70.1332,231.2584,0.3037,0.0336,2.9795,64.4981,232.2959,0.2778,0.0459,2.964,62.6031,232.3141,0.269,0.0471
2015-02-16T00:42:59.907Z,2.947,70.0483,230.7752,0.3037,0.042,2.8598,64.4927,231.3964,0.2786,0.045,3.332,62.7859,231.5228,0.2717,0.0534
2015-02-16T00:43:59.170Z,2.7854,70.2153,230.1042,0.3049,0.0403,3.2224,63.2143,230.6939,0.2736,0.0521,2.8348,62.9002,230.7398,0.2729,0.0492
2015-02-16T00:44:59.509Z,2.7289,70.9111,230.7498,0.3077,0.0378,2.785,63.7457,231.3774,0.2752,0.0453,3.2849,62.9362,230.6809,0.273,0.0529
2015-02-16T00:45:59.807Z,2.8397,70.8514,230.9947,0.3069,0.0401,3.1126,64.3969,232.3869,0.2773,0.0489,2.6575,63.5131,231.39,0.2743,0.0419
2015-02-16T00:46:59.942Z,3.4408,71.0188,231.5877,0.3067,0.0481,2.7274,64.2013,232.9632,0.2757,0.0408,3.4164,64.3911,232.5869,0.2767,0.0531
2015-02-16T00:47:59.204Z,2.7531,71.117,231.8044,0.3068,0.0397,3.0902,64.0704,233.1613,0.274,0.0466,2.6096,62.8328,233.1044,0.2692,0.0419
2015-02-16T00:48:59.464Z,2.5986,70.8645,232.0395,0.3054,0.0364,3.0946,63.7793,232.3724,0.2745,0.0503,2.8737,63.119,232.3462,0.2721,0.0459
2015-02-16T00:49:59.650Z,2.9109,70.9371,233.1201,0.3041,0.0417,2.6234,63.9255,231.5938,0.2761,0.0432,2.8427,63.8289,233.4598,0.2735,0.0446
2015-02-16T00:50:59.913Z,3.833,70.6144,232.689,0.3027,0.0533,3,63.9051,231.2293,0.2763,0.0462,2.9389,63.8981,233.4865,0.2734,0.0452
2015-02-16T00:51:59.240Z,3.7619,71.302,232.7802,0.3063,0.0539,2.8142,63.3838,230.3967,0.2753,0.0452,3.0463,64.9689,234.0096,0.2772,0.0467
2015-02-16T00:52:59.570Z,2.9143,71.1993,232.4196,0.3066,0.0422,2.7738,63.6986,229.6258,0.2775,0.0445,2.6101,64.1418,233.5144,0.2746,0.0408
2015-02-16T00:53:59.895Z,2.6843,70.7253,231.3902,0.3055,0.0383,3.5939,62.7559,230.0105,0.2733,0.0596,2.3778,63.7861,232.341,0.274,0.038
2015-02-16T00:54:59.202Z,3.0809,69.4213,231.2844,0.2996,0.0444,3.0033,62.6333,229.385,0.2732,0.0487,2.7178,62.7941,231.5511,0.2716,0.0452
2015-02-16T00:55:59.483Z,3.3626,70.5252,231.2884,0.3044,0.0477,3.5918,63.5708,230.4955,0.2755,0.0576,3.0358,63.3164,231.9513,0.2733,0.0484
2015-02-16T00:56:59.725Z,3.6782,70.4595,230.7998,0.3047,0.0527,3.162,63.4373,231.1836,0.2744,0.0496,2.412,63.2975,232.4368,0.2722,0.0386
2015-02-16T00:57:59.123Z,2.6916,71.4567,231.0476,0.3091,0.0367,3.2304,64.496,231.3863,0.2786,0.05,3.0839,65.2531,232.5048,0.2807,0.0476
2015-02-16T00:58:59.384Z,2.6743,69.9572,230.8386,0.303,0.038,3.4001,63.2688,231.5075,0.2726,0.057,2.6508,63.5367,232.5582,0.273,0.0432
2015-02-16T00:59:59.565Z,2.5988,69.6418,230.8237,0.302,0.037,3.3221,65.6881,231.7481,0.2832,0.052,2.5653,63.9254,233.1678,0.2742,0.0402
2015-02-16T01:00:59.980Z,3.353,68.2118,230.4787,0.2956,0.051,2.8131,61.3782,230.7934,0.2658,0.0468,2.4297,64.4335,232.5075,0.2773,0.0388
2015-02-16T01:01:59.265Z,3.5832,69.7663,230.5021,0.3023,0.0517,2.7533,64.2239,231.0092,0.2777,0.0444,3.2002,63.9451,232.9724,0.2749,0.0499
2015-02-16T01:02:59.505Z,3.1318,69.1671,229.6616,0.3014,0.0456,2.9408,63.4535,229.7851,0.2762,0.0456,2.854,63.276,231.8592,0.2729,0.0453
2015-02-16T01:03:59.782Z,2.8333,69.76,230.7815,0.3029,0.0403,3.3376,63.8224,230.0642,0.2775,0.0522,67.2265,97.3367,231.8474,0.4197,0.6471
2015-02-16T01:04:59.137Z,3.0699,69.8737,231.4493,0.3019,0.0442,3.2864,62.471,229.2394,0.2726,0.0556,81.9627,103.1282,231.195,0.4462,0.7964
2015-02-16T01:05:59.387Z,2.7526,71.3815,231.6935,0.3078,0.0378,2.7801,63.4635,230.2134,0.2751,0.0463,81.9105,103.8903,231.8699,0.448,0.7895
2015-02-16T01:06:59.722Z,3.1325,70.8819,231.6715,0.3058,0.0448,3.2269,64.5841,231.4386,0.2791,0.0487,82.506,104.0181,232.6132,0.4479,0.7931
2015-02-16T01:07:59.986Z,3.0208,71.2357,231.2568,0.3078,0.0432,3.1763,63.8321,231.0222,0.2764,0.0491,82.0864,103.8974,232.1862,0.4481,0.7902
2015-02-16T01:08:59.344Z,2.9283,70.9599,231.3877,0.3064,0.0426,3.0249,63.5354,229.0162,0.277,0.0483,83.0703,104.6271,233.6537,0.4478,0.7957
2015-02-16T01:09:59.735Z,3.7563,70.7552,231.4628,0.3057,0.0533,2.8946,64.074,231.6957,0.2766,0.0454,82.9343,105.3292,233.3645,0.4511,0.7878
2015-02-16T01:10:59.090Z,3.8754,70.4082,231.3953,0.3042,0.0555,3.3854,64.8669,231.7182,0.2797,0.0525,83.0351,104.411,233.1628,0.448,0.7963
2015-02-16T01:11:59.436Z,2.9212,71.3409,231.1038,0.3087,0.0418,3.1088,64.5455,231.8999,0.278,0.0489,82.4895,104.3936,232.785,0.4485,0.7909
2015-02-16T01:12:59.556Z,3.3569,70.8538,231.1373,0.3068,0.0471,3.0123,62.3943,231.6192,0.2698,0.0484,82.6425,104.0573,232.6957,0.4477,0.7946
2015-02-16T01:13:59.893Z,3.2568,71.2663,230.8862,0.3089,0.0465,3.5791,64.5578,231.4538,0.2786,0.0543,82.3202,103.2834,232.419,0.4437,0.7978
2015-02-16T01:14:59.074Z,3.278,70.3963,230.1514,0.3058,0.0468,3.4771,62.9123,230.6466,0.2727,0.0581,82.2141,103.4103,232.4166,0.4454,0.7954
2015-02-16T01:15:59.369Z,3.1748,70.05,231.0303,0.3032,0.0443,3.0186,63.5695,231.328,0.2745,0.0484,82.4464,103.8254,232.2933,0.4468,0.7949
2015-02-16T01:16:59.512Z,2.7765,69.4807,230.9612,0.3007,0.0397,3.448,64.3378,232.0613,0.2767,0.0539,82.0727,103.8499,232.3241,0.4472,0.7912
2015-02-16T01:17:59.845Z,3.3134,70.5952,230.4998,0.3058,0.0466,3.287,64.3603,232.2598,0.2775,0.0521,82.1548,104.0785,231.866,0.449,0.7899
2015-02-16T01:18:59.119Z,3.2264,69.6331,231.0203,0.3016,0.0458,2.8487,64.3667,232.4047,0.277,0.0422,81.8689,103.7022,231.9531,0.4469,0.7904
2015-02-16T01:19:59.332Z,2.9374,71.4987,230.8981,0.3099,0.0401,3.1644,63.8802,232.4688,0.2753,0.0514,82.0453,103.852,232.0451,0.4478,0.7915
2015-02-16T01:20:59.727Z,3.3429,71.399,232.2024,0.307,0.0467,2.827,65.0035,232.3564,0.2802,0.044,82.3995,104.5371,232.5859,0.4492,0.7886
2015-02-16T01:21:59.054Z,3.633,71.1403,232.1171,0.3066,0.0514,3.0033,64.3913,232.3888,0.2774,0.0468,82.6629,104.3942,233.04,0.448,0.7928
2015-02-16T01:22:59.326Z,3.3536,70.6224,231.0337,0.3055,0.0479,3.0712,64.0474,231.6485,0.277,0.0476,82.3998,103.8762,232.8501,0.4462,0.7942
2015-02-16T01:23:59.600Z,2.8703,69.4399,230.9266,0.3002,0.0407,3.2704,62.0821,231.8724,0.2671,0.0532,82.8964,103.6678,233.0777,0.4438,0.8023
2015-02-16T01:24:59.940Z,3.1175,68.8165,229.6105,0.2995,0.0459,2.6222,64.4198,232.0046,0.2779,0.0408,81.2865,102.1052,231.0153,0.4424,0.797
2015-02-16T01:25:59.201Z,3.1952,71.4918,230.3144,0.3103,0.0446,3.4798,64.5371,231.9004,0.2781,0.0537,81.3747,103.9093,231.7946,0.4481,0.7835
2015-02-16T01:26:59.478Z,3.6721,70.7538,229.9664,0.3074,0.0517,2.7984,63.508,231.2247,0.2747,0.0439,81.5123,103.2492,231.4822,0.4461,0.7896
2015-02-16T01:27:59.834Z,2.9502,70.9486,230.5551,0.3077,0.0419,3.103,64.7166,232.2443,0.279,0.049,82.0933,104.5007,232.2166,0.4503,0.7859
2015-02-16T01:28:59.055Z,2.9614,69.9309,230.6471,0.3034,0.0437,2.807,63.5971,232.3579,0.2738,0.045,81.9149,103.88,231.8742,0.4482,0.7899
2015-02-16T01:29:59.341Z,3.0591,69.2104,230.3933,0.3002,0.0437,3.1388,64.482,232.109,0.2775,0.0486,81.5066,103.6787,231.9075,0.447,0.7875
2015-02-16T01:30:59.585Z,3.7078,70.7488,231.2209,0.306,0.0529,3.153,63.551,232.1386,0.2735,0.0514,81.4692,103.5178,231.9749,0.4461,0.7883
2015-02-16T01:31:59.843Z,3.0818,70.4425,230.8433,0.3046,0.0442,3.0282,63.7807,231.3566,0.2756,0.0463,81.9023,104.6074,231.3033,0.4521,0.784
2015-02-16T01:32:59.120Z,2.8188,71.2757,231.38,0.3078,0.0401,3.0057,64.2006,231.1058,0.2779,0.0492,81.2238,102.7842,231.251,0.4449,0.7907
2015-02-16T01:33:59.337Z,3.5692,70.0741,231.2355,0.3029,0.0507,2.7903,62.4871,230.2373,0.2711,0.0451,80.5593,102.4123,230.3937,0.4443,0.7871
2015-02-16T01:34:59.602Z,2.874,71.0116,231.1173,0.3071,0.0389,3.0171,65.0498,230.811,0.2818,0.0465,80.4773,102.1516,229.8958,0.444,0.7887
2015-02-16T01:35:59.056Z,2.7092,70.813,231.5353,0.3054,0.0382,3.264,63.1944,231.1093,0.273,0.052,81.4232,102.8418,231.4609,0.4442,0.7922
2015-02-16T01:36:59.394Z,3.4196,71.6804,232.3123,0.3086,0.0486,2.8782,64.0268,231.2355,0.2772,0.0452,82.0353,103.6274,232.1936,0.4464,0.7921
2015-02-16T01:37:59.700Z,3.9727,70.0269,231.419,0.3025,0.0568,3.1497,64.0992,232.0021,0.2763,0.0482,82.0601,103.3266,232.3175,0.4445,0.7952
2015-02-16T01:38:59.947Z,3.3953,70.4925,231.6289,0.3041,0.0484,2.9638,62.196,232.5505,0.2671,0.049,82.9936,105.8596,233.1195,0.4537,0.7851
2015-02-16T01:39:59.227Z,3.4521,70.0957,231.6761,0.3023,0.0489,3.3498,66.6969,232.472,0.2864,0.0509,82.8611,104.7417,233.2854,0.4489,0.792
2015-02-16T01:40:59.492Z,3.1689,71.3023,230.7601,0.3085,0.0445,3.3422,64.0507,232.3823,0.2757,0.0537,82.419,104.1313,233.2779,0.4463,0.7925
2015-02-16T01:41:59.770Z,3.0963,71.1854,230.984,0.308,0.044,2.8765,63.3152,232.4241,0.2726,0.0459,83.2259,105.4296,233.3135,0.4521,0.7901
2015-02-16T01:42:59.107Z,3.2876,70.8071,231.0976,0.306,0.0476,3.1993,62.7648,232.399,0.27,0.0524,82.7076,104.9938,233.4843,0.45,0.7884
2015-02-16T01:43:59.578Z,4.47,69.5898,230.7229,0.3021,0.0655,3.3198,63.2663,231.9855,0.2726,0.0525,83.2503,105.734,233.9425,0.4517,0.7892
2015-02-16T01:44:59.814Z,3.1029,69.672,230.2341,0.3029,0.0456,3.0202,63.931,232.1027,0.2762,0.0486,83.0375,103.8916,233.9093,0.4446,0.8001
2015-02-16T01:45:59.032Z,3.1453,70.179,231.142,0.3033,0.045,3.3048,65.0484,232.8713,0.2793,0.0512,83.7782,105.7561,233.7758,0.4518,0.7928
2015-02-16T01:46:59.311Z,2.982,70.6137,232.4524,0.3033,0.0419,3.284,64.8544,233.0992,0.2787,0.0524,83.2114,106.029,233.856,0.4536,0.7863
2015-02-16T01:47:59.700Z,3.9755,70.716,232.4393,0.3046,0.0567,3.1733,65.0037,233.0542,0.2789,0.0482,83.4659,104.7375,233.7869,0.4482,0.7973
2015-02-16T01:48:59.035Z,2.9749,71.104,232.2514,0.3061,0.0414,3.036,64.1612,233.1628,0.2749,0.0507,83.0501,105.0903,233.8362,0.4496,0.7916
2015-02-16T01:49:59.282Z,2.9311,70.5955,232.1913,0.304,0.0413,3.0401,63.9546,232.8576,0.2747,0.0464,82.9402,105.0641,233.7341,0.449,0.7903
2015-02-16T01:50:59.646Z,3.2111,70.8169,231.5884,0.3058,0.0448,3.2798,64.5752,232.8037,0.277,0.05,83.0886,104.9329,233.6266,0.4489,0.792
2015-02-16T01:51:59.969Z,4.0329,69.9954,231.1659,0.3024,0.0573,3.2225,64.2952,232.0545,0.2772,0.0496,83.2501,104.8911,233.2753,0.4497,0.7949
2015-02-16T01:52:59.182Z,3.1576,70.4321,231.3117,0.3043,0.0447,2.8879,63.1296,228.9929,0.2754,0.044,82.897,104.3518,233.3365,0.4469,0.7956
2015-02-16T01:53:59.492Z,2.8221,69.8477,231.328,0.3021,0.0403,2.7514,61.5998,229.0675,0.2687,0.0447,81.8757,101.9798,232.3992,0.4392,0.8055
2015-02-16T01:54:59.761Z,2.839,70.178,232.279,0.3019,0.0398,3.4373,63.4965,230.4764,0.276,0.0547,82.2437,103.7022,232.4459,0.4464,0.7941
2015-02-16T01:55:59.936Z,4.0495,70.4299,231.9887,0.3033,0.0585,2.6934,63.7004,231.0237,0.276,0.0425,82.5595,104.446,232.9948,0.4481,0.7911
2015-02-16T01:56:59.091Z,3.0312,70.6333,231.454,0.305,0.0434,3.4088,64.5586,231.6434,0.2787,0.0531,82.8201,104.9472,232.8339,0.4508,0.7903
2015-02-16T01:57:59.346Z,2.9454,70.9908,231.9364,0.3062,0.041,2.9555,64.1123,231.7988,0.2765,0.0458,81.803,103.4224,231.8229,0.4464,0.7915
2015-02-16T01:58:59.604Z,2.8114,70.6433,231.9754,0.3045,0.0412,3.7501,63.2569,232.4652,0.2721,0.0618,81.8598,103.3927,232.4608,0.4453,0.7931
2015-02-16T01:59:59.027Z,3.949,69.5539,231.0872,0.3012,0.0571,3.1006,62.8106,232.0852,0.2703,0.05,82.3646,104.2232,232.565,0.4477,0.7912
2015-02-16T02:00:59.449Z,4.1451,68.5251,231.911,0.2952,0.063,2.788,63.9215,232.5163,0.2748,0.0445,80.7205,102.0737,229.7711,0.445,0.7923
2015-02-16T02:01:59.807Z,3.3951,70.7149,230.3777,0.3068,0.0479,3.5657,64.5967,231.4071,0.2791,0.0553,81.8227,103.3962,231.4047,0.447,0.7926
2015-02-16T02:02:59.109Z,2.8989,69.7156,229.9627,0.3031,0.0421,3.1356,64.4904,230.9243,0.279,0.0483,81.5231,102.8511,231.2578,0.4448,0.7938
2015-02-16T02:03:59.305Z,2.9264,69.004,231.7331,0.2973,0.0429,3.2745,63.2237,230.0423,0.2749,0.0526,80.789,102.6205,231.0221,0.4442,0.7882
2015-02-16T02:04:59.699Z,2.9136,71.2587,232.162,0.3068,0.0432,3.0491,62.8433,229.4005,0.274,0.0488,81.291,102.6251,230.9137,0.4441,0.793
2015-02-16T02:05:59.949Z,2.7032,70.9749,230.8995,0.3073,0.0374,2.7049,63.9202,230.4685,0.2776,0.0431,82.3319,103.3162,232.6719,0.4434,0.7976
2015-02-16T02:06:59.509Z,2.5573,70.3021,230.7199,0.3049,0.0363,3.2758,64.4207,231.7919,0.2779,0.0503,82.479,104.2738,233.5024,0.4468,0.7923
2015-02-16T02:07:59.765Z,3.2955,70.3427,231.5918,0.304,0.0477,2.7145,63.5849,232.1105,0.2741,0.0422,83.1554,105.064,233.6935,0.4496,0.7923
2015-02-16T02:08:59.081Z,2.9529,69.618,231.4932,0.3004,0.0433,3.2522,63.5752,232.3604,0.2737,0.0544,82.6584,103.3227,233.4903,0.4423,0.8014
2015-02-16T02:09:59.323Z,3.153,71.4875,231.4722,0.3086,0.0451,3.1314,64.9979,232.357,0.2804,0.0496,82.8374,104.5444,233.2438,0.4487,0.7934
2015-02-16T02:10:59.578Z,3.0127,70.6263,231.2843,0.3049,0.0433,3.377,64.588,232.0623,0.2782,0.0522,82.7343,104.829,232.8671,0.4501,0.7896
2015-02-16T02:11:59.857Z,3.5047,70.5973,231.347,0.3049,0.0496,2.8143,63.9347,231.872,0.2759,0.0441,82.0808,103.9699,232.247,0.447,0.7897
2015-02-16T02:12:59.236Z,3.7138,70.4609,231.9172,0.3032,0.0539,3.113,64.8883,231.4416,0.2804,0.0487,81.8989,103.7914,232.4343,0.4471,0.7899
2015-02-16T02:13:59.497Z,3.3119,70.4647,231.6167,0.3048,0.0466,2.9262,63.6989,232.4065,0.2741,0.0464,81.6331,104.6978,231.7947,0.452,0.7812
2015-02-16T02:14:59.721Z,2.8324,71.1845,230.349,0.3086,0.0403,2.984,63.3601,231.9632,0.2728,0.0455,81.5088,103.667,231.1564,0.4483,0.7872
2015-02-16T02:15:59.936Z,3.0427,70.6308,230.8105,0.3056,0.0442,3.0959,65.1216,231.9508,0.2809,0.0479,81.9757,103.8016,232.0032,0.4478,0.7908
2015-02-16T02:16:59.323Z,3.8509,70.5339,232.1028,0.304,0.0556,2.9978,65.5311,232.1297,0.2822,0.0461,82.8741,104.5486,233.4454,0.4478,0.7938
2015-02-16T02:17:59.524Z,3.4965,72.1668,232.6058,0.3102,0.0511,3.4276,64.2379,231.5669,0.2775,0.0544,82.3796,103.3595,232.7348,0.4442,0.7977
2015-02-16T02:18:59.766Z,3.1729,70.9986,232.4004,0.3057,0.0457,3.0396,63.9129,231.0589,0.2769,0.0478,82.6278,104.1358,232.6159,0.4477,0.794
2015-02-16T02:19:59.085Z,3.2586,71.0766,231.8673,0.3064,0.0461,3.1647,63.8502,231.0403,0.2762,0.0496,82.4164,104.3048,232.5339,0.449,0.7909
2015-02-16T02:20:59.291Z,2.9609,70.2423,231.8056,0.3032,0.0419,3.7408,62.9132,231.3164,0.2716,0.0592,82.5513,104.4826,233.2133,0.4478,0.7912
2015-02-16T02:21:59.551Z,3.9691,71.1775,231.9034,0.3068,0.0557,2.6185,64.8571,230.9442,0.281,0.0401,83.4867,105.4434,233.667,0.4513,0.792
2015-02-16T02:22:59.792Z,4.0156,70.5052,231.5986,0.3042,0.0576,3.538,64.1179,230.6046,0.2782,0.0559,82.8766,104.384,233.2621,0.4473,0.7948
2015-02-16T02:23:59.054Z,3.5679,71.0647,231.0701,0.3074,0.0502,3.0152,63.8617,230.2416,0.2774,0.0462,82.0543,104.5193,232.353,0.4504,0.786
2015-02-16T02:24:59.332Z,3.1671,70.8119,230.8343,0.3075,0.0465,2.8665,63.5232,230.6984,0.2752,0.0443,82.0177,104.5802,232.1312,0.4508,0.7853
2015-02-16T02:25:59.598Z,3.1099,71.1282,230.9021,0.3078,0.0445,3.55,63.6384,230.7353,0.2758,0.0568,81.6489,103.9499,232.1809,0.4478,0.7868
2015-02-16T02:26:59.889Z,3.6347,71.9582,231.5777,0.3105,0.0511,2.9491,65.0688,230.4759,0.2821,0.0449,82.5093,104.4329,233.0276,0.4484,0.7915
2015-02-16T02:27:59.212Z,3.3753,70.4937,231.2322,0.3048,0.0481,2.962,63.6891,231.5873,0.2747,0.0467,82.8517,104.5744,233.0422,0.4492,0.7941
2015-02-16T02:28:59.471Z,2.8124,71.4458,231.504,0.3088,0.0393,3.3249,61.7775,232.1231,0.266,0.0557,83.289,104.6475,233.6022,0.448,0.7984
2015-02-16T02:29:59.968Z,2.9229,70.4538,231.5828,0.3036,0.0415,2.8829,65.1765,231.7635,0.2808,0.0445,83.024,105.3084,233.245,0.4517,0.7895
2015-02-16T02:30:59.360Z,2.9393,70.8676,232.6083,0.305,0.0414,3.393,64.3107,232.0717,0.2769,0.0518,83.0337,105.4743,233.265,0.4521,0.7884
2015-02-16T02:31:59.656Z,4.09,71.6958,232.932,0.3078,0.0584,3.2287,64.1582,232.2241,0.276,0.0507,82.9307,104.2331,233.6714,0.4459,0.7965
2015-02-16T02:32:59.973Z,4.1512,69.6191,232.1457,0.2999,0.0598,3.0326,64.8768,231.4848,0.2807,0.0455,82.6216,105.4109,233.2021,0.4522,0.7846
2015-02-16T02:33:59.228Z,2.956,70.1456,232.3131,0.3019,0.0414,3.2911,62.6168,231.5028,0.2708,0.0529,83.3206,105.2422,234.0663,0.45,0.7934
2015-02-16T02:34:59.542Z,3.2623,70.1493,231.8854,0.3018,0.0467,3.3886,64.4257,231.4782,0.2782,0.0533,83.1897,104.6398,234.367,0.4463,0.7957
2015-02-16T02:35:59.904Z,3.0502,70.5397,231.1814,0.3046,0.0443,3.209,63.9542,230.0573,0.2778,0.0515,84.3466,105.9741,234.8873,0.4511,0.7965
2015-02-16T02:36:59.253Z,3.9283,70.7203,231.3468,0.3057,0.0567,3.5688,64.2936,230.1098,0.279,0.0556,83.366,104.7254,233.8711,0.448,0.7957
2015-02-16T02:37:59.705Z,3.5591,69.8277,231.1051,0.3022,0.0496,2.96,63.1496,231.2207,0.273,0.0491,82.6899,104.2852,232.9583,0.448,0.7951
2015-02-16T02:38:59.054Z,2.8688,71.4247,231.2933,0.3089,0.0399,2.7361,63.7264,231.1182,0.2764,0.0426,82.8861,104.9009,233.0062,0.4502,0.7909
2015-02-16T02:39:59.250Z,3.3551,72.222,231.7265,0.3118,0.0457,3.3254,62.9858,231.6534,0.2722,0.0532,83.107,105.4092,233.3076,0.4519,0.7898
2015-02-16T02:40:59.820Z,3.7552,70.7665,231.2939,0.3061,0.0522,2.4383,64.3871,231.4757,0.2785,0.0371,82.322,104.9455,233.1103,0.45,0.7852
2015-02-16T02:41:59.029Z,3.3624,70.2689,231.1694,0.3039,0.0489,3.1902,62.7626,231.2066,0.2718,0.0503,82.5312,104.4006,232.6082,0.449,0.7911
2015-02-16T02:42:59.401Z,3.0193,69.1772,230.4748,0.3,0.0441,2.9057,62.4924,230.4686,0.271,0.0473,82.3075,103.1298,231.9653,0.4448,0.7999
2015-02-16T02:43:59.595Z,2.8345,70.1429,230.0478,0.3051,0.0404,2.6507,61.7102,229.3547,0.2696,0.0427,81.2845,102.6254,231.3443,0.4434,0.7931
2015-02-16T02:44:59.797Z,3.1727,70.4145,231.071,0.3045,0.044,3.5692,63.408,229.0988,0.2774,0.0564,81.3156,103.3668,231.3373,0.4474,0.7869
2015-02-16T02:45:59.985Z,2.9122,70.9871,231.3688,0.3074,0.0416,3.0064,63.2855,229.7705,0.2758,0.049,81.2676,103.1237,231.0865,0.4458,0.7893
2015-02-16T02:46:59.244Z,3.1131,72.078,231.8919,0.3107,0.0438,3.0445,64.6273,230.4439,0.2806,0.0488,81.1647,102.4799,230.692,0.444,0.7934
2015-02-16T02:47:59.481Z,3.5342,70.4045,231.4507,0.3043,0.0511,3.1833,63.079,230.2173,0.2745,0.0503,80.6634,102.979,230.4892,0.4471,0.7847
2015-02-16T02:48:59.821Z,3.8905,69.232,230.3207,0.3002,0.0573,2.9899,61.6265,230.5546,0.2671,0.0464,81.1509,102.9416,230.9114,0.446,0.7897
2015-02-16T02:49:59.080Z,3.246,69.4907,229.2491,0.3026,0.0482,3.5486,65.0726,231.4453,0.2812,0.0542,81.8061,102.8059,231.8926,0.4434,0.7962
2015-02-16T02:50:59.386Z,2.7926,69.3763,228.7787,0.3033,0.042,3.1399,63.7791,231.0421,0.276,0.0501,81.2554,103.0896,231.5727,0.4451,0.7896
2015-02-16T02:51:59.620Z,3.0368,70.1357,229.922,0.3054,0.0438,2.7215,63.7282,230.8097,0.2757,0.0426,81.7786,103.4004,231.8183,0.446,0.7916
2015-02-16T02:52:59.872Z,2.94,70.2251,229.7778,0.3056,0.0418,3.001,63.1731,230.2387,0.274,0.0479,82.0363,103.3043,231.7462,0.4459,0.7955
2015-02-16T02:53:59.048Z,3.0849,70.2944,229.8354,0.306,0.0443,3.1397,62.4144,229.7931,0.2713,0.0511,81.8219,104.1478,231.4904,0.4501,0.7871
2015-02-16T02:54:59.372Z,2.9043,69.5202,230.3242,0.3019,0.0416,2.7016,64.0316,228.9918,0.28,0.0421,81.5919,103.0621,231.5108,0.4449,0.7926
2015-02-16T02:55:59.672Z,3.8591,70.4365,230.3007,0.3055,0.0554,3.1704,62.5285,229.6959,0.2721,0.0509,81.7209,103.3657,231.8573,0.446,0.7915
2015-02-16T02:56:59.988Z,3.9718,70.6928,230.1347,0.3066,0.0568,3.3209,63.1911,230.487,0.2742,0.0539,82.8101,104.5829,232.9936,0.449,0.7932
2015-02-16T02:57:59.191Z,3.1679,69.9325,230.2242,0.304,0.0461,3.0927,62.308,230.8503,0.2694,0.0553,82.72,104.8742,233.0487,0.4493,0.7902
2015-02-16T02:58:59.445Z,2.8065,70.4336,231.1017,0.3047,0.038,2.8972,64.7273,231.1397,0.2795,0.0455,82.2704,104.0625,232.6432,0.4474,0.7907
2015-02-16T02:59:59.699Z,3.7508,70.3284,232.1209,0.3032,0.054,3.6793,63.708,231.7704,0.2749,0.0571,82.2363,104.3707,232.6882,0.4481,0.7898
