2015-05-11T00:00:59.733Z,6.8682,66.6547,231.7202,0.2881,0.1054,-7.4292,61.5143,232.6502,0.2642,-0.1238,11.4741,62.5347,234.0809,0.2671,0.1844
2015-05-11T00:01:59.138Z,6.143,70.7269,232.7913,0.3039,0.0864,-7.7927,63.3696,232.6106,0.2727,-0.1241,11.6157,63.8093,233.9084,0.273,0.183
2015-05-11T00:02:59.320Z,6.532,71.0264,232.8057,0.3048,0.0924,-6.8711,62.2693,232.6442,0.2675,-0.1118,12.0795,65.6,234.518,0.2796,0.1864
2015-05-11T00:03:59.737Z,6.3974,71.93,232.37,0.3091,0.0892,-7.5716,61.5648,232.3425,0.2649,-0.123,11.3599,65.0824,234.1572,0.2778,0.1745
2015-05-11T00:04:59.035Z,6.2587,70.4433,232.1069,0.303,0.0907,-7.4881,62.4432,232.0957,0.2686,-0.1209,11.4736,63.7141,233.9099,0.2717,0.1806
2015-05-11T00:05:59.354Z,6.4141,69.7095,231.9289,0.3003,0.0925,-7.7282,62.7855,231.9949,0.271,-0.1244,11.0546,65.3829,233.5476,0.28,0.1699
2015-05-11T00:06:59.584Z,6.5653,70.1298,232.5075,0.3021,0.094,-7.3132,61.7051,232.4289,0.2655,-0.1247,11.4121,63.9377,234.09,0.2729,0.1819
2015-05-11T00:07:59.880Z,6.1932,70.6698,232.3027,0.3042,0.0889,-8.0072,63.0678,232.4792,0.2712,-0.1285,11.9585,64.8685,234.0559,0.2774,0.1837
2015-05-11T00:08:59.184Z,6.2882,71.0416,232.5151,0.3053,0.0897,-7.345,63.4953,232.1738,0.2737,-0.1161,11.2568,63.8201,233.4634,0.2737,0.1778
2015-05-11T00:09:59.330Z,6.9244,70.6686,233.3012,0.3023,0.0988,-7.3207,63.2778,232.898,0.2719,-0.1167,11.6303,63.6468,231.0485,0.2749,0.1847
2015-05-11T00:10:59.571Z,6.1134,70.5691,233.7541,0.3021,0.0877,-7.7184,62.999,233.5491,0.2703,-0.1232,11.5737,64.4607,233.4181,0.2755,0.1802
2015-05-11T00:11:59.916Z,6.5742,70.7789,233.6274,0.3031,0.094,-7.3829,63.2482,233.3588,0.2712,-0.1185,11.3147,64.337,233.9297,0.2745,0.1755
2015-05-11T00:12:59.429Z,6.185,69.486,232.8968,0.2978,0.0902,-7.5671,63.4086,233.103,0.2721,-0.1194,11.572,64.0528,233.6687,0.2741,0.1803
2015-05-11T00:13:59.677Z,6.6346,71.1618,232.7045,0.3053,0.0958,-7.7528,63.2905,233.0347,0.2716,-0.1245,11.5249,64.6336,234.3824,0.276,0.1797
2015-05-11T00:14:59.853Z,6.4945,70.4152,233.3344,0.3016,0.0934,-7.5569,62.3531,233.6571,0.2667,-0.1213,11.4419,65.6787,234.9498,0.2792,0.1745
2015-05-11T00:15:59.313Z,6.2023,69.7601,232.457,0.2997,0.0894,-7.3126,63.3671,233.3117,0.2718,-0.1163,11.7137,64.2002,234.4683,0.2739,0.1849
2015-05-11T00:16:59.583Z,6.7258,70.138,231.4489,0.3029,0.0962,-7.7171,64.197,233.3868,0.2758,-0.1212,11.317,64.1596,234.6104,0.2736,0.1779
2015-05-11T00:17:59.782Z,6.3763,69.7821,231.9029,0.3012,0.0922,-7.4505,63.2557,233.943,0.2701,-0.1197,11.1088,65.1502,235.0162,0.277,0.1716
2015-05-11T00:18:59.980Z,6.6836,69.5609,231.3187,0.3007,0.0971,-7.232,63.2662,233.6147,0.2705,-0.1168,11.5948,63.7609,234.6721,0.2721,0.1831
2015-05-11T00:19:59.328Z,6.1474,69.5304,231.3557,0.3007,0.0892,-7.6123,62.7152,233.7398,0.2681,-0.1238,11.0846,63.5273,234.714,0.2708,0.1757
2015-05-11T00:20:59.617Z,6.5746,69.824,232.4367,0.3011,0.0952,-7.5426,62.917,232.9486,0.2708,-0.1223,11.6454,65.5716,235.2316,0.2788,0.1802
2015-05-11T00:21:59.849Z,6.88,70.9234,232.468,0.3047,0.0968,-7.6163,62.8491,232.7392,0.2698,-0.1218,11.3838,64.6638,234.8199,0.2758,0.1764
2015-05-11T00:22:59.031Z,6.5469,69.6726,232.3377,0.2999,0.0951,-7.7956,64.0191,233.161,0.2746,-0.1232,11.5516,66.1663,234.6412,0.2818,0.1753
2015-05-11T00:23:59.553Z,6.6874,69.7753,232.4595,0.2999,0.0965,-7.5435,63.9584,233.3225,0.2745,-0.1209,12.0405,64.7937,234.8788,0.2763,0.1867
2015-05-11T00:24:59.847Z,6.2412,69.342,232.6077,0.298,0.0913,-7.1237,64.9059,233.4231,0.2776,-0.1112,11.4332,64.3212,234.9289,0.2738,0.1773
2015-05-11T00:25:59.366Z,6.2014,69.5524,232.331,0.2999,0.0901,-7.4888,63.4571,233.0504,0.2723,-0.1211,11.4603,63.9917,234.6937,0.2726,0.1788
2015-05-11T00:26:59.464Z,6.7565,70.1491,232.2381,0.3018,0.0965,-7.4936,61.0255,232.8132,0.2621,-0.1231,11.3262,62.9612,234.4266,0.2684,0.1803
2015-05-11T00:27:59.610Z,6.3547,70.0752,232.708,0.3007,0.0926,-7.6726,62.614,233.5716,0.2677,-0.1236,11.8984,64.555,234.7155,0.2747,0.1852
2015-05-11T00:28:59.869Z,6.6454,69.8563,232.7809,0.2998,0.0954,-7.8215,62.7912,233.013,0.2699,-0.1249,11.6688,65.4488,234.6096,0.279,0.179
2015-05-11T00:29:59.149Z,6.2401,70.2003,233.2507,0.3002,0.0903,-7.482,62.3476,233.045,0.2671,-0.12,11.6198,64.3229,234.9187,0.2741,0.1812
2015-05-11T00:30:59.444Z,6.3638,70.7157,232.7886,0.3034,0.0915,-7.7695,62.2658,232.6827,0.2675,-0.1262,11.4871,64.6004,234.5725,0.2762,0.1778
2015-05-11T00:31:59.636Z,6.4764,70.7188,232.7957,0.3036,0.0933,-7.2432,62.1474,232.3188,0.2671,-0.1169,11.161,62.9986,233.8349,0.2691,0.1779
2015-05-11T00:32:59.782Z,6.676,69.4776,232.8021,0.2985,0.0973,-7.5965,63.2899,232.751,0.2723,-0.1221,11.9988,63.0834,233.8008,0.2696,0.1897
2015-05-11T00:33:59.025Z,6.1984,70.9836,232.9284,0.3044,0.0888,-7.6939,62.5019,232.876,0.2683,-0.1236,11.656,64.7327,233.8264,0.2765,0.1812
2015-05-11T00:34:59.311Z,6.4995,70.5871,232.7263,0.3037,0.0922,-7.4559,62.6555,233.4752,0.2683,-0.12,11.5988,64.6749,233.5079,0.2775,0.1802
2015-05-11T00:35:59.594Z,6.2535,70.171,232.6682,0.3019,0.0899,-7.4831,63.72,233.5919,0.2727,-0.1179,11.2891,65.0399,234.2001,0.2786,0.1747
2015-05-11T00:36:59.862Z,6.5716,70.0626,233.2149,0.3003,0.0956,-7.6645,62.9226,233.763,0.2689,-0.1235,11.7354,64.9963,234.1001,0.2781,0.1816
2015-05-11T00:37:59.156Z,6.2702,70.3836,232.9699,0.3021,0.0899,-7.5598,63.8148,233.6734,0.2729,-0.1204,11.5981,64.3282,234.0107,0.2741,0.1801
2015-05-11T00:38:59.467Z,6.8314,69.586,232.959,0.2988,0.1009,-7.7538,62.9412,233.879,0.2696,-0.1236,11.8782,64.2062,234.0928,0.2747,0.1855
2015-05-11T00:39:59.639Z,6.4726,69.8209,232.8501,0.2997,0.0933,-7.5401,62.439,233.5696,0.2678,-0.123,11.1885,64.9809,234.0404,0.2774,0.1725
2015-05-11T00:40:59.098Z,5.8668,68.9957,232.9432,0.2961,0.0854,-7.4016,61.1498,233.5206,0.2616,-0.1239,11.6133,64.1384,233.9589,0.2743,0.1859
2015-05-11T00:41:59.348Z,5.7495,69.5385,233.1277,0.2978,0.0835,-7.6747,64.4575,233.6021,0.2767,-0.1216,11.5718,63.9127,234.3393,0.2725,0.1832
2015-05-11T00:42:59.589Z,6.1792,70.8785,233.2054,0.304,0.0885,-7.2364,62.7247,233.5099,0.2685,-0.116,11.3836,66.2518,234.4202,0.2823,0.171
2015-05-11T00:43:59.955Z,6.6333,71.1116,232.9427,0.3051,0.0944,-7.3474,64.3248,234.0559,0.2752,-0.1158,11.5932,64.3881,234.7107,0.2745,0.1798
2015-05-11T00:44:59.197Z,6.3169,69.635,232.3804,0.2996,0.0911,-7.3577,64.0259,233.7846,0.2737,-0.1173,11.6752,65.4046,234.9066,0.2783,0.1792
2015-05-11T00:45:59.677Z,5.9108,68.8099,232.1734,0.296,0.0859,-8.2117,63.8855,233.607,0.2732,-0.1296,11.9274,65.8266,234.9089,0.2801,0.1813
2015-05-11T00:46:59.006Z,5.3626,69.2849,232.1806,0.2984,0.078,-7.4402,61.8613,233.4616,0.2647,-0.1208,11.128,63.984,234.7704,0.2722,0.1779
2015-05-11T00:47:59.203Z,6.4736,70.5489,232.8017,0.3026,0.0914,-7.2987,63.2386,233.6784,0.2697,-0.1153,11.8422,64.7277,234.5603,0.2761,0.1834
2015-05-11T00:48:59.459Z,6.2102,71.0525,233.1712,0.3044,0.0882,-7.3382,62.9887,233.1795,0.2702,-0.1168,11.2462,65.6584,234.422,0.2801,0.174
2015-05-11T00:49:59.653Z,6.9952,70.2068,232.63,0.302,0.1004,-7.8215,63.2669,232.7014,0.2718,-0.1256,11.5252,65.7332,234.0815,0.2803,0.1763
2015-05-11T00:50:59.918Z,6.2523,70.031,232.8948,0.3005,0.0913,-7.7367,62.3344,233.1597,0.2675,-0.1285,11.8487,63.3487,234.5284,0.2699,0.1908
2015-05-11T00:51:59.207Z,6.059,70.604,232.8337,0.303,0.0868,-7.6329,63.4026,233.2796,0.2721,-0.1207,11.941,64.6756,234.5156,0.2757,0.1852
2015-05-11T00:52:59.607Z,6.6578,70.0621,232.6271,0.3007,0.0964,-7.5362,62.4736,233.1376,0.2679,-0.1217,11.7708,64.6635,234.4953,0.2754,0.182
2015-05-11T00:53:59.871Z,6.5335,70.3441,233.3438,0.3012,0.0926,-7.8642,63.026,233.3687,0.27,-0.1253,11.5595,64.0427,233.2564,0.2745,0.182
2015-05-11T00:54:59.157Z,6.8989,69.6304,233.2361,0.2986,0.1006,-7.455,62.2453,233.1058,0.2668,-0.1242,11.4359,64.3692,233.1232,0.2764,0.1802
2015-05-11T00:55:59.479Z,6.314,69.1535,232.3924,0.2976,0.093,-7.7991,64.702,232.3431,0.2784,-0.1233,11.3847,63.3369,232.3466,0.2727,0.1818
2015-05-11T00:56:59.805Z,6.238,69.9618,232.3309,0.3018,0.0893,-7.2474,64.1273,232.2758,0.2762,-0.1146,11.7823,65.0662,232.6962,0.2797,0.1832
2015-05-11T00:57:59.023Z,6.0998,70.9487,232.8108,0.3048,0.0858,-7.2761,62.3502,232.7439,0.268,-0.1177,11.8108,65.2126,233.2677,0.2791,0.1832
2015-05-11T00:58:59.312Z,6.5074,70.6216,233.6285,0.3026,0.0942,-7.4865,63.6897,233.0623,0.2736,-0.1188,11.2116,64.1977,233.6313,0.2743,0.1766
2015-05-11T00:59:59.815Z,6.2867,70.4554,233.4195,0.3022,0.0921,-7.4185,62.473,232.9357,0.2683,-0.1188,11.4396,65.0689,233.1955,0.2796,0.1771
