2015-04-08T00:00:59.079Z,5.1414,46.5886,231.2979,0.2017,0.1104,-7.1058,35.5458,232.7398,0.1532,-0.2058,10.7901,39.0099,231.6383,0.1687,0.2844
2015-04-08T00:01:59.244Z,4.9907,47.8929,232.2356,0.206,0.1034,-6.3597,35.6864,232.1631,0.1535,-0.1821,10.0673,37.4295,231.2012,0.1615,0.2752
2015-04-08T00:02:59.559Z,4.8055,46.5549,231.9266,0.201,0.1043,-6.4946,33.3708,231.7686,0.144,-0.1987,10.1213,37.464,230.6198,0.1623,0.28
2015-04-08T00:03:59.834Z,5.5469,47.6915,232.5454,0.2055,0.1166,-7.0479,36.0235,231.8162,0.1551,-0.2008,9.6529,35.9222,228.5879,0.157,0.284
2015-04-08T00:04:59.979Z,7.5593,47.5764,232.064,0.2046,0.158,-7.6572,35.4815,231.5572,0.1528,-0.2223,10.2632,37.5963,231.5753,0.1626,0.286
2015-04-08T00:05:59.190Z,6.7387,47.5424,232.1871,0.2045,0.1413,-6.9571,34.9518,231.5835,0.1508,-0.2089,10.4581,37.1104,232.1258,0.1599,0.2889
2015-04-08T00:06:59.536Z,7.0129,48.4624,230.7365,0.2091,0.1449,-7.4964,34.756,230.1995,0.1515,-0.2242,10.726,37.9495,230.7755,0.1648,0.2923
2015-04-08T00:07:59.824Z,6.1835,47.9754,231.0022,0.2079,0.1274,-7.2099,36.448,230.6334,0.1581,-0.2044,10.483,36.6508,231.2652,0.1585,0.2948
2015-04-08T00:08:59.125Z,6.8808,48.5754,230.4777,0.2107,0.1407,-6.8648,34.0506,230.813,0.1474,-0.2111,10.8302,38.2553,232.5611,0.1647,0.2882
2015-04-08T00:09:59.352Z,7.4231,48.3244,231.029,0.2091,0.151,-6.9544,36.0046,230.9174,0.1557,-0.2007,10.9386,37.6314,233.126,0.162,0.3012
2015-04-08T00:10:59.723Z,7.2976,48.1007,230.8623,0.2082,0.1521,-7.2332,34.7399,231.1353,0.1499,-0.2173,11.248,38.1208,233.1721,0.1634,0.2969
2015-04-08T00:11:59.020Z,6.956,48.209,230.8249,0.2092,0.1432,-6.4321,33.0798,230.6467,0.1436,-0.2089,10.3364,36.8288,232.6934,0.1589,0.289
2015-04-08T00:12:59.435Z,6.4613,48.0573,231.3947,0.2073,0.1357,-7.1336,34.0568,231.1123,0.1475,-0.2195,10.8214,37.8002,233.172,0.162,0.2901
2015-04-08T00:13:59.580Z,6.9292,47.9396,231.9135,0.2064,0.1456,-7.4952,33.5242,232.0543,0.1444,-0.2299,10.9285,38.7703,233.7148,0.1655,0.2926
2015-04-08T00:14:59.861Z,7.1216,49.1195,232.7609,0.2112,0.1443,-7.1265,35.0404,232.3082,0.1507,-0.2104,10.8563,38.9499,234.1089,0.1667,0.282
2015-04-08T00:15:59.170Z,6.6036,47.9916,232.6417,0.2062,0.137,-7.4082,34.1456,232.2109,0.1468,-0.2226,10.8436,38.8963,233.9377,0.1661,0.2866
2015-04-08T00:16:59.447Z,6.4932,48.3138,232.2319,0.2078,0.1348,-7.333,35.9312,229.0401,0.1567,-0.2191,10.6759,37.9907,233.1419,0.163,0.2859
2015-04-08T00:17:59.724Z,6.9527,48.7958,232.7698,0.2097,0.143,-7.2076,32.866,228.7543,0.1436,-0.2278,10.5568,37.8449,234.0029,0.1615,0.2854
2015-04-08T00:18:59.882Z,7.3507,48.3344,232.5508,0.208,0.1503,-7.0127,35.1402,231.8424,0.1515,-0.2081,10.9527,38.6996,233.6332,0.1653,0.287
2015-04-08T00:19:59.096Z,6.8191,48.5693,232.5941,0.2096,0.1417,-6.8579,32.7951,231.776,0.1417,-0.2188,10.743,39.2302,233.5152,0.1682,0.2837
2015-04-08T00:20:59.523Z,6.6254,48.7818,232.6431,0.2092,0.1364,-7.0224,34.3104,231.8002,0.1482,-0.214,10.4255,38.8714,233.4602,0.1665,0.278
2015-04-08T00:21:59.822Z,6.8246,47.6907,232.6553,0.2051,0.1437,-7.6937,34.4138,232.0186,0.1484,-0.2286,10.5124,38.9028,233.7121,0.1663,0.2801
2015-04-08T00:22:59.308Z,6.8271,48.7293,232.6082,0.2094,0.1391,-6.4912,34.2731,231.6754,0.1474,-0.209,10.3886,36.5374,233.5161,0.1568,0.2907
2015-04-08T00:23:59.532Z,7.4153,48.19,232.5979,0.2075,0.1525,-7.1452,34.4969,232.2544,0.1482,-0.2142,10.87,37.7931,233.7932,0.162,0.2932
2015-04-08T00:24:59.742Z,6.7823,49.0763,233.2521,0.2107,0.1377,-7.0379,35.0055,232.5343,0.1507,-0.2124,10.888,38.1852,234.4121,0.1629,0.2921
2015-04-08T00:25:59.063Z,7.1208,47.9694,232.7607,0.206,0.1468,-6.8582,34.8551,232.3371,0.1502,-0.2099,10.7266,38.1749,234.2083,0.1634,0.292
2015-04-08T00:26:59.326Z,7.3562,48.1062,232.7501,0.2067,0.1518,-7.3526,34.8558,231.7166,0.1508,-0.2178,10.3788,38.9379,234.0613,0.1667,0.2786
2015-04-08T00:27:59.649Z,6.9159,48.9864,233.2424,0.2102,0.1405,-7.1084,35.1486,232.5598,0.1512,-0.2098,10.4473,38.1953,234.8075,0.1627,0.2833
2015-04-08T00:28:59.902Z,7.3452,48.2824,232.9811,0.2069,0.1522,-7.1335,35.1395,232.9747,0.1508,-0.2081,11.2364,39.2792,234.799,0.1674,0.2907
2015-04-08T00:29:59.321Z,7.2993,49.1053,233.1352,0.2104,0.1497,-7.0553,34.6756,232.7377,0.1493,-0.2102,10.7209,39.082,234.3776,0.1669,0.2774
2015-04-08T00:30:59.658Z,7.0634,47.4219,232.7742,0.2036,0.1482,-7.1616,34.2843,232.59,0.1474,-0.2165,10.5957,38.7065,234.2922,0.1652,0.2857
2015-04-08T00:31:59.086Z,7.2129,48.7356,232.6948,0.2095,0.147,-6.9729,36.1211,232.52,0.1553,-0.1992,10.2767,38.0569,234.3811,0.1619,0.2759
2015-04-08T00:32:59.683Z,6.5498,48.2453,232.3334,0.2074,0.1349,-7.3173,35.6071,232.1582,0.1532,-0.2101,10.6312,38.3997,233.5771,0.1648,0.2834
2015-04-08T00:33:59.859Z,7.1714,48.3145,232.6741,0.2075,0.1483,-6.9626,31.6998,232.6416,0.1364,-0.2247,10.7149,37.9273,233.6847,0.1623,0.2884
2015-04-08T00:34:59.036Z,7.3801,48.6893,231.8534,0.21,0.1515,-7.2224,36.482,232.7474,0.1571,-0.2066,10.5525,36.7555,233.7406,0.1572,0.294
2015-04-08T00:35:59.508Z,6.6192,48.8545,231.6452,0.2107,0.1332,-7.0893,36.2057,232.6977,0.1555,-0.2065,10.493,37.8148,233.6045,0.162,0.2825
2015-04-08T00:36:59.696Z,6.266,47.503,231.556,0.2048,0.1321,-6.4379,33.8898,232.743,0.1456,-0.1981,10.8602,38.1577,233.6148,0.1629,0.2901
2015-04-08T00:37:59.943Z,6.4765,47.6386,231.2214,0.2059,0.1352,-7.3491,35.4166,231.7195,0.1526,-0.2133,10.3797,37.0396,232.8309,0.1593,0.2901
2015-04-08T00:38:59.302Z,6.7674,49.4207,231.4271,0.2136,0.1363,-6.8901,36.0781,231.4356,0.1559,-0.2054,10.1569,38.1482,233.7206,0.1634,0.2778
2015-04-08T00:39:59.571Z,6.4344,47.857,231.3259,0.2075,0.1333,-7.113,31.9484,231.1258,0.1385,-0.2254,11.1688,38.3397,233.4995,0.1642,0.2975
2015-04-08T00:40:59.843Z,5.3402,47.7855,231.9761,0.2061,0.1102,-6.859,33.8849,231.6877,0.1461,-0.2075,10.4441,40.1214,233.7912,0.1716,0.2673
2015-04-08T00:41:59.292Z,6.4774,48.0587,231.8383,0.2071,0.1337,-7.0322,34.3381,231.3778,0.1486,-0.2144,81.6019,91.3017,233.3756,0.3908,0.8512
2015-04-08T00:42:59.837Z,6.4302,47.951,232.0058,0.2071,0.1341,-7.3958,37.6725,231.1908,0.1632,-0.2043,91.2301,98.7632,233.3255,0.4228,0.9242
2015-04-08T00:43:59.050Z,7.0183,47.8912,232.4636,0.2063,0.1461,-7.994,34.2933,229.2455,0.1493,-0.2418,92.2583,99.7225,234.5318,0.4254,0.9267
2015-04-08T00:44:59.316Z,7.134,48.7917,232.5024,0.2098,0.1453,-7.0786,32.7815,228.3612,0.1433,-0.2228,92.5592,100.3329,234.7353,0.4273,0.9228
2015-04-08T00:45:59.571Z,6.7256,47.9866,232.3986,0.2063,0.1388,-6.8968,35.4832,231.0893,0.1531,-0.1987,91.4376,99.0601,233.7789,0.4241,0.9245
2015-04-08T00:46:59.816Z,6.3058,49.188,231.746,0.2126,0.1275,-6.8543,36.1599,231.251,0.1566,-0.1992,90.3941,97.8234,233.0223,0.42,0.9247
2015-04-08T00:47:59.125Z,5.8544,48.4069,232.387,0.2088,0.1209,-7.1667,33.169,231.2298,0.143,-0.2211,90.4172,98.1002,232.96,0.4209,0.9223
2015-04-08T00:48:59.412Z,6.9007,48.4843,231.8024,0.2091,0.1413,-7.1991,36.5486,231.5271,0.1579,-0.2019,91.142,98.21,232.9934,0.4219,0.929
2015-04-08T00:49:59.571Z,7.1091,48.465,232.2212,0.208,0.1457,-6.9834,33.4287,232.0441,0.1441,-0.2187,90.9439,99.0207,233.1995,0.4251,0.9186
2015-04-08T00:50:59.870Z,7.0524,48.7009,232.6703,0.2093,0.142,-6.4687,35.1029,232.9216,0.151,-0.1945,90.5665,97.8445,233.2532,0.4191,0.9263
2015-04-08T00:51:59.033Z,7.0302,48.6788,232.8778,0.2093,0.1439,-7.1151,33.9857,233.4377,0.1452,-0.2179,90.7479,98.1196,233.091,0.4206,0.9259
2015-04-08T00:52:59.525Z,6.9399,48.8691,232.669,0.2098,0.1414,-6.8627,35.9618,232.7425,0.1551,-0.198,89.9589,97.3034,232.2481,0.419,0.9245
2015-04-08T00:53:59.646Z,5.3155,48.3264,232.2266,0.208,0.1104,-6.5843,34.106,232.0367,0.1469,-0.1982,89.6284,96.9623,231.7679,0.4186,0.9243
2015-04-08T00:54:59.890Z,5.6653,47.8617,232.6317,0.2055,0.118,-6.7222,34.1933,232.624,0.1476,-0.2003,90.9616,98.8567,232.8638,0.4245,0.9214
2015-04-08T00:55:59.224Z,5.491,47.4711,232.3902,0.2042,0.116,-6.5357,36.1992,232.273,0.1559,-0.1807,90.8317,97.8168,233.2368,0.4188,0.9299
2015-04-08T00:56:59.413Z,5.4998,49.1885,233.0002,0.211,0.1121,-6.7062,32.379,233.0808,0.1389,-0.2132,90.5201,97.9343,233.3074,0.4203,0.9249
2015-04-08T00:57:59.648Z,5.7664,48.5931,233.4873,0.208,0.1186,-6.7321,34.5671,232.9295,0.1485,-0.1998,91.1303,98.4595,233.4182,0.422,0.9268
2015-04-08T00:58:59.981Z,5.9684,47.5315,233.0827,0.2037,0.1262,-6.4482,34.3842,233.0134,0.1474,-0.188,91.2955,98.6545,233.2313,0.4232,0.9268
2015-04-08T00:59:59.299Z,6.8239,48.0851,232.5864,0.2066,0.1426,-6.8817,34.824,232.8072,0.1498,-0.2024,91.0022,98.7217,233.628,0.4223,0.922
2015-04-08T01:00:59.570Z,6.6468,45.6034,232.9307,0.1957,0.1486,-7.5307,35.617,232.4611,0.1529,-0.2127,90.8348,98.4186,233.5454,0.4215,0.9239
2015-04-08T01:01:59.035Z,6.2141,47.407,232.5006,0.2041,0.1286,-6.7774,35.6138,232.5837,0.1532,-0.1991,91.0969,98.4622,233.3176,0.422,0.9263
2015-04-08T01:02:59.332Z,6.4912,47.6896,232.4333,0.2055,0.1352,-6.9527,35.3136,232.4926,0.1516,-0.203,91.1959,98.7874,233.2596,0.4235,0.9244
2015-04-08T01:03:59.681Z,6.0082,48.2298,232.7858,0.2075,0.1241,-7.2834,35.0504,232.7003,0.1507,-0.2044,91.2698,98.6568,233.4814,0.4223,0.926
2015-04-08T01:04:59.057Z,6.1533,46.631,232.5669,0.2004,0.1313,-7.1418,35.5342,232.0793,0.1532,-0.2037,90.6862,98.5399,233.2857,0.4227,0.9212
2015-04-08T01:05:59.561Z,6.5714,47.6537,232.9683,0.2041,0.1373,-6.9466,37.2355,232.0103,0.1604,-0.1948,91.2437,98.3759,233.4659,0.4212,0.9283
2015-04-08T01:06:59.946Z,6.8784,48.2754,232.2612,0.2078,0.1429,-6.7771,34.076,231.4134,0.1479,-0.2062,90.6701,98.2267,233.4693,0.4205,0.9236
2015-04-08T01:07:59.133Z,7.1884,49.0394,232.4773,0.2111,0.1456,-6.9608,34.227,231.4896,0.1478,-0.2138,90.9263,98.0101,233.285,0.42,0.9282
2015-04-08T01:08:59.369Z,6.4148,47.9305,232.824,0.2056,0.1326,-7.2096,34.971,231.6751,0.1507,-0.208,91.1303,98.2155,233.2853,0.4209,0.9281
2015-04-08T01:09:59.655Z,5.7487,48.4388,232.8458,0.2085,0.1179,-6.791,34.6192,231.8102,0.1491,-0.2038,90.8022,98.5643,233.2549,0.423,0.9222
2015-04-08T01:10:59.995Z,6.9592,49.0942,232.8065,0.2105,0.1421,-7.2125,36.2929,231.6737,0.1565,-0.2089,90.8127,98.1718,232.9024,0.4213,0.9261
2015-04-08T01:11:59.447Z,6.5063,48.5404,232.58,0.2089,0.1342,-7.0479,36.3577,231.658,0.1577,-0.2011,90.9584,98.6516,233.1503,0.4228,0.9231
2015-04-08T01:12:59.750Z,6.0991,48.4486,233.5527,0.2076,0.1258,-6.5366,35.9422,229.1822,0.1566,-0.1915,91.3149,98.6632,233.9468,0.4216,0.9263
2015-04-08T01:13:59.072Z,5.9566,48.3991,233.5547,0.2072,0.1216,-7.4413,33.6309,230.3322,0.1463,-0.2264,91.6727,99.1913,234.1871,0.4237,0.9251
2015-04-08T01:14:59.305Z,5.5684,48.012,233.1511,0.2059,0.1168,-6.4873,35.3292,232.3918,0.1519,-0.1889,91.6967,99.1495,234.0563,0.4236,0.9252
2015-04-08T01:15:59.590Z,6.4489,48.4584,233.4358,0.2077,0.1337,-6.7857,35.0601,232.166,0.1511,-0.2021,91.0963,98.6851,233.7475,0.4224,0.9233
2015-04-08T01:16:59.827Z,6.3185,48.5735,233.8453,0.2075,0.1302,-7.2211,35.7611,232.0989,0.154,-0.199,91.5415,99.0011,233.8876,0.4237,0.9254
2015-04-08T01:17:59.034Z,5.8204,48.7544,233.6063,0.2084,0.1178,-6.658,35.1676,231.3435,0.1521,-0.2003,91.1138,98.9579,233.589,0.4242,0.9216
2015-04-08T01:18:59.376Z,6.4287,48.842,233.1615,0.2091,0.1318,-6.9572,34.1032,231.2151,0.1477,-0.2178,90.9887,98.0475,233.848,0.4189,0.9282
2015-04-08T01:19:59.654Z,6.6947,49.4014,232.6312,0.2122,0.1347,-7.1448,35.6215,231.3522,0.154,-0.2102,91.4489,98.9068,234.2233,0.4223,0.9253
2015-04-08T01:20:59.031Z,5.2682,47.3681,233.2308,0.2027,0.1122,-7.0062,34.8517,231.6387,0.1509,-0.2059,91.7664,99.4927,234.5311,0.4242,0.923
2015-04-08T01:21:59.315Z,7.1118,48.7438,232.7713,0.2093,0.1452,-7.318,34.2643,231.5999,0.1476,-0.2212,91.6881,99.3118,234.5889,0.4231,0.9241
2015-04-08T01:22:59.620Z,6.198,48.825,232.5473,0.2096,0.1261,-6.8329,36.2607,231.4268,0.1563,-0.1954,91.4151,98.6325,234.212,0.4212,0.927
2015-04-08T01:23:59.846Z,5.9091,49.0797,232.7836,0.211,0.1188,-6.7518,32.8064,231.5237,0.1419,-0.2127,91.6714,99.0084,234.326,0.4225,0.9269
2015-04-08T01:24:59.213Z,6.1848,47.4258,232.4346,0.2041,0.1322,-6.6932,36.1261,231.57,0.1558,-0.1888,91.5004,99.0121,234.2061,0.423,0.9256
2015-04-08T01:25:59.400Z,6.9232,48.2095,232.0984,0.2077,0.1427,-7.1179,32.8185,231.4603,0.142,-0.2203,91.5081,99.1262,233.5812,0.4245,0.9236
2015-04-08T01:26:59.654Z,5.5985,48.9665,232.8859,0.2104,0.1134,-6.5195,34.6949,231.8318,0.1497,-0.2013,91.0656,98.9909,233.4541,0.4238,0.9204
2015-04-08T01:27:59.953Z,7.0503,48.274,231.4517,0.208,0.1473,-6.7388,36.1459,231.7864,0.1559,-0.196,90.6455,97.929,233.0804,0.4202,0.9262
2015-04-08T01:28:59.201Z,6.7412,48.8316,231.804,0.2109,0.1372,-7.3367,36.9726,232.2849,0.1584,-0.2069,91.3183,99.1735,233.8135,0.4239,0.9211
2015-04-08T01:29:59.497Z,6.406,48.2537,231.2253,0.2089,0.1329,-7.0652,35.1161,231.9629,0.1516,-0.2133,90.8407,98.7171,233.6966,0.4223,0.9205
2015-04-08T01:30:59.978Z,6.7066,47.803,231.3368,0.2065,0.1397,-7.1909,33.8293,231.3191,0.1463,-0.2215,90.6399,98.7987,233.2715,0.4232,0.9182
2015-04-08T01:31:59.207Z,6.4936,48.6484,232.2124,0.2093,0.1327,-6.7693,35.8996,231.1662,0.1554,-0.2004,90.6551,98.6698,233.0297,0.4232,0.9198
2015-04-08T01:32:59.426Z,5.8081,48.1229,231.92,0.2077,0.1222,-6.621,34.4626,230.7241,0.15,-0.1959,90.383,97.5336,232.5405,0.4196,0.9274
2015-04-08T01:33:59.808Z,7.247,49.3261,232.2366,0.2124,0.1472,-6.9486,35.6429,231.5243,0.1538,-0.2073,90.9664,98.2662,233.3078,0.4209,0.9263
2015-04-08T01:34:59.031Z,6.9268,48.2037,231.6336,0.2082,0.1414,-7.2589,35.1194,231.4521,0.1513,-0.2121,90.7088,98.031,233.2644,0.4203,0.9264
2015-04-08T01:35:59.412Z,5.8925,48.2123,231.8863,0.2074,0.1219,-6.9585,35.0481,231.6549,0.1512,-0.2055,90.6077,97.961,233.1327,0.4202,0.9257
2015-04-08T01:36:59.775Z,5.9581,48.7388,231.7473,0.2107,0.1227,-7.0605,35.508,231.2579,0.1537,-0.2012,90.2204,97.2722,232.8581,0.418,0.9281
2015-04-08T01:38:59.249Z,6.7131,48.4936,231.2914,0.2099,0.1391,-7.1581,34.815,230.8932,0.1508,-0.2141,89.5086,96.7512,231.6472,0.4175,0.9258
2015-04-08T01:39:59.715Z,6.2646,48.2818,231.586,0.2084,0.1295,-7.0005,35.6187,231.0708,0.1545,-0.2112,89.9434,97.2484,232.0705,0.4192,0.9254
2015-04-08T01:40:59.925Z,7.3598,47.9967,231.2557,0.207,0.1527,-6.4893,34.6153,230.8889,0.15,-0.1944,89.5779,96.6398,232.0365,0.416,0.9281
2015-04-08T01:41:59.075Z,6.7827,47.6263,230.5739,0.206,0.1414,-7.2653,34.3189,230.8051,0.149,-0.2212,89.8961,97.2271,231.8057,0.4188,0.926
2015-04-08T01:42:59.318Z,5.9779,48.6823,231.6529,0.21,0.1219,-6.9945,35.399,231.7633,0.1524,-0.2031,90.7784,98.06,232.7401,0.421,0.9265
2015-04-08T01:43:59.721Z,6.687,49.0322,231.1807,0.2122,0.1362,-7.1149,33.2862,231.4907,0.1436,-0.2258,90.5297,98.4455,233.112,0.4222,0.9205
2015-04-08T01:44:59.881Z,7.306,47.6311,231.7002,0.2058,0.1522,-7.2258,35.232,231.9256,0.1519,-0.213,90.4518,97.3216,232.2633,0.4196,0.9296
2015-04-08T01:45:59.130Z,5.5946,48.6862,232.3788,0.2092,0.1139,-6.6798,35.262,232.0143,0.152,-0.1958,90.2958,97.7571,232.2721,0.421,0.9245
2015-04-08T01:46:59.491Z,5.1845,48.2017,232.6349,0.2071,0.1077,-6.542,33.5947,232.6222,0.1442,-0.2008,91.1473,98.917,233.7935,0.423,0.9221
2015-04-08T01:47:59.821Z,5.9545,47.8196,232.0756,0.2067,0.1253,-6.6042,36.5395,232.5195,0.1571,-0.1915,91.246,98.3703,233.9284,0.4207,0.9286
2015-04-08T01:48:59.019Z,5.8883,48.1272,231.6867,0.2074,0.1228,-6.9271,34.2274,231.811,0.1473,-0.2098,90.8084,98.4133,233.3051,0.4221,0.9231
2015-04-08T01:49:59.426Z,6.7462,49.1159,231.7466,0.2116,0.1387,-7.3096,34.0424,232.3147,0.1465,-0.2242,91.2533,99.1507,233.7232,0.424,0.9214
2015-04-08T01:50:59.670Z,6.6133,48.4532,232.6467,0.2085,0.1366,-7.3445,35.2598,232.7242,0.1513,-0.2178,91.3514,98.6665,233.9042,0.4223,0.926
2015-04-08T01:51:59.915Z,5.5493,48.2549,233.2226,0.2066,0.113,-6.9827,36.1708,232.4503,0.1554,-0.203,91.5569,99.0641,233.8589,0.4237,0.9256
2015-04-08T01:52:59.288Z,5.9036,47.6041,232.57,0.2042,0.1214,-7.0179,31.3942,232.3379,0.1352,-0.2287,91.7138,99.5126,233.6616,0.426,0.9229
2015-04-08T01:53:59.554Z,6.8143,48.3645,232.2595,0.2088,0.1416,-7.2281,36.7701,231.941,0.1585,-0.2054,90.6088,98.4089,233.3686,0.4214,0.9205
2015-04-08T01:54:59.826Z,6.2809,48.7703,231.9962,0.2102,0.129,-7.212,35.4341,231.9056,0.1531,-0.216,90.2085,97.6876,232.6081,0.4196,0.9237
2015-04-08T01:55:59.278Z,6.5621,47.6136,232.4514,0.2051,0.1352,-6.8861,35.3441,232.9246,0.1518,-0.2079,90.807,98.1892,233.3806,0.4208,0.9251
2015-04-08T01:56:59.508Z,5.9171,48.6396,232.4827,0.2089,0.1223,-7.1601,34.5783,232.369,0.1483,-0.2165,90.6222,98.7225,233.1636,0.4232,0.9189
2015-04-08T01:57:59.665Z,5.3318,48.7076,232.7134,0.2095,0.1096,-6.441,34.5221,232.3889,0.1491,-0.1942,89.9082,97.0133,232.4188,0.4175,0.9273
2015-04-08T01:58:59.882Z,6.0688,48.3963,233.2431,0.2069,0.1262,-6.7368,35.1359,232.1684,0.1511,-0.1993,90.4502,98.043,232.5799,0.4219,0.9232
2015-04-08T01:59:59.148Z,6.9411,48.8696,232.5467,0.2098,0.1421,-7.5512,35.9033,231.9762,0.155,-0.2169,90.585,98.4923,232.7561,0.4232,0.9211
2015-04-08T02:00:59.367Z,6.5345,47.5259,232.6031,0.2045,0.139,-6.8524,34.711,231.4286,0.1502,-0.2067,91.2152,99.1333,233.5582,0.4241,0.9219
2015-04-08T02:01:59.631Z,6.4785,48.189,232.8247,0.2076,0.1342,-7.3351,34.5782,231.4133,0.1491,-0.2191,91.1859,98.5758,233.7964,0.4216,0.9256
2015-04-08T02:02:59.862Z,5.9154,47.8035,232.5142,0.2057,0.1238,-7.1159,36.5514,231.6496,0.1579,-0.1975,91.1663,98.4145,233.431,0.4215,0.9271
2015-04-08T02:03:59.365Z,5.8486,47.7949,232.3931,0.2057,0.1235,-7.1966,36.0957,233.2186,0.1549,-0.2066,92.1048,99.3098,234.5043,0.4235,0.9277
2015-04-08T02:04:59.721Z,6.2556,48.5597,231.5491,0.2099,0.1266,-7.0229,34.9726,232.8604,0.1507,-0.2129,91.3996,98.8936,234.0384,0.4229,0.9244
2015-04-08T02:05:59.943Z,6.4651,48.6767,231.477,0.2102,0.1304,-6.9788,35.0054,232.8079,0.1502,-0.2141,91.3173,99.2377,233.9432,0.4242,0.9213
2015-04-08T02:06:59.414Z,6.934,47.1127,232.0393,0.2028,0.1471,-7.2483,34.9062,233.4388,0.1498,-0.215,92.1384,99.7793,234.5911,0.4257,0.9247
2015-04-08T02:07:59.769Z,6.7035,48.9798,232.3911,0.2108,0.1343,-7.281,34.0123,233.4303,0.146,-0.2233,91.996,99.9654,235.0236,0.4246,0.9211
2015-04-08T02:08:59.006Z,6.9016,48.4234,232.282,0.2089,0.1409,-7.9763,35.1878,233.1583,0.151,-0.2303,91.4072,99.1055,234.4755,0.4231,0.923
2015-04-08T02:09:59.409Z,6.5913,48.2389,233.8084,0.2064,0.1358,-6.9792,35.7748,233.5645,0.1532,-0.2059,92.4107,100.2022,235.2504,0.4255,0.9234
2015-04-08T02:10:59.769Z,6.6608,48.8556,233.2009,0.2097,0.1355,-7.7422,35.2197,232.682,0.1512,-0.2265,91.8941,100.0276,234.829,0.4266,0.9191
2015-04-08T02:11:59.988Z,6.6907,47.6921,233.0454,0.2043,0.1387,-7.1985,33.993,232.0489,0.147,-0.2192,91.7652,99.1549,234.2853,0.4229,0.9254
2015-04-08T02:12:59.289Z,6.5722,48.813,232.9284,0.2096,0.1341,-7.4598,35.1317,232.4756,0.1507,-0.2236,91.3393,99.0271,234.2443,0.4224,0.9232
2015-04-08T02:13:59.532Z,6.5482,48.477,233.3573,0.2075,0.1357,-7.3116,35.5668,232.7188,0.1529,-0.2152,91.4245,99.55,234.3236,0.4251,0.919
2015-04-08T02:14:59.801Z,6.856,48.1257,233.167,0.2066,0.144,-7.3446,34.9052,232.0032,0.1505,-0.2175,91.2713,99.0323,233.9627,0.4236,0.9222
2015-04-08T02:15:59.043Z,6.7827,48.5189,232.9854,0.2083,0.1392,-7.1747,34.1228,231.3244,0.1472,-0.2222,90.5051,97.64,233.4217,0.4183,0.9271
2015-04-08T02:16:59.403Z,5.8579,49.012,233.8131,0.2098,0.1193,-6.5246,34.6252,231.6796,0.1496,-0.1974,90.7319,98.2493,233.3136,0.4212,0.9244
2015-04-08T02:17:59.636Z,5.1807,48.5548,232.9785,0.2077,0.1081,-6.677,36.2291,231.7729,0.1568,-0.1902,90.4356,97.664,232.52,0.4199,0.9264
2015-04-08T02:18:59.906Z,6.6939,48.6998,232.8742,0.2091,0.1375,-7.1361,33.5653,231.8329,0.1445,-0.2265,91.0509,98.9245,233.2189,0.4243,0.9211
2015-04-08T02:19:59.163Z,6.1142,48.2971,233.9771,0.2065,0.1269,-7.4366,36.6548,232.0055,0.1582,-0.2113,90.4539,97.8665,233.2454,0.4192,0.9251
2015-04-08T02:20:59.543Z,6.6093,48.4823,233.9898,0.2073,0.136,-6.6085,34.1578,232.3773,0.1471,-0.2058,91.0777,98.5699,233.2078,0.4227,0.9243
2015-04-08T02:21:59.737Z,6.4212,48.3691,233.6293,0.207,0.1308,-6.9069,34.2,232.28,0.1473,-0.2079,91.1413,98.7764,233.4509,0.4234,0.9231
2015-04-08T02:22:59.037Z,5.9041,48.7747,234.241,0.2081,0.1213,-6.9792,35.5601,232.459,0.1528,-0.1997,90.945,98.601,233.6556,0.4223,0.9226
2015-04-08T02:23:59.305Z,5.9565,48.1123,233.4869,0.2055,0.1224,-6.8532,34.1716,232.0297,0.1473,-0.2037,90.9646,98.1379,233.5167,0.4204,0.9275
2015-04-08T02:24:59.700Z,6.11,48.0878,233.2387,0.2059,0.1249,-6.9558,35.2113,231.148,0.1529,-0.1986,90.7443,98.0789,232.7258,0.4217,0.9258
2015-04-08T02:25:59.024Z,7.3712,48.449,233.264,0.2074,0.1516,-6.8832,34.7732,231.6564,0.1503,-0.213,90.6788,98.3909,233.2956,0.4216,0.9229
2015-04-08T02:26:59.281Z,6.9452,48.5005,233.6595,0.2071,0.1425,-6.8178,35.6446,232.1374,0.1531,-0.1995,91.1487,98.4605,233.5823,0.4218,0.9269
2015-04-08T02:27:59.508Z,6.2124,49.8378,234.0029,0.2133,0.1257,-7.3657,35.5197,232.6344,0.1525,-0.2209,91.7808,99.9974,234.3092,0.427,0.9186
2015-04-08T02:28:59.828Z,6.0247,48.8286,233.6358,0.209,0.1223,-7.0181,35.4242,232.2851,0.1529,-0.2005,91.2991,98.6329,233.9182,0.4219,0.9262
2015-04-08T02:29:59.048Z,6.185,48.6762,233.4782,0.2086,0.1274,-6.5509,33.4832,232.1777,0.1442,-0.2036,91.7657,99.8673,234.2121,0.4263,0.92
2015-04-08T02:30:59.182Z,6.5819,48.6907,232.767,0.2091,0.1334,-7.3441,31.8097,229.6324,0.1386,-0.2307,91.4522,97.8648,233.8347,0.4184,0.9349
2015-04-08T02:31:59.406Z,6.1165,48.3604,232.8645,0.2076,0.1265,-6.948,34.2563,232.3655,0.1471,-0.2079,91.6201,98.1855,233.8188,0.4191,0.9337
2015-04-08T02:32:59.659Z,6.6045,48.5853,231.9852,0.2099,0.1361,-7.1597,33.9791,232.5302,0.1463,-0.2172,90.8803,98.3833,234.0309,0.4205,0.9247
2015-04-08T02:33:59.907Z,6.4693,48.5693,232.832,0.2089,0.132,-6.8787,34.9646,232.6333,0.1504,-0.1945,91.9734,99.5001,233.9027,0.4252,0.9246
2015-04-08T02:34:59.120Z,6.4001,47.746,232.8657,0.2051,0.1342,-7.3441,33.9041,232.132,0.1463,-0.2222,91.0571,98.6567,233.6404,0.4221,0.9239
2015-04-08T02:35:59.436Z,6.1584,48.876,233.0779,0.2096,0.1255,-6.8407,34.0319,232.4603,0.1462,-0.2111,91.4216,98.7179,233.6019,0.4229,0.9277
2015-04-08T02:36:59.795Z,7.104,49.0368,232.9974,0.2099,0.1441,-7.6985,37.441,232.7508,0.1614,-0.2153,91.4393,98.5673,233.821,0.4209,0.9279
2015-04-08T02:37:59.901Z,7.2769,49.4279,233.0909,0.2123,0.1471,-6.742,33.8786,232.256,0.1457,-0.213,91.4953,98.4819,233.7431,0.4208,0.9295
2015-04-08T02:38:59.272Z,5.9767,49.0041,233.0747,0.2108,0.1227,-7.157,34.0743,232.1006,0.1468,-0.2143,91.2874,99.4803,233.7379,0.4259,0.9179
2015-04-08T02:39:59.579Z,5.3446,48.285,233.7155,0.2073,0.1112,-6.4935,36.4151,232.3284,0.1571,-0.1895,91.5793,98.9097,233.9598,0.4228,0.9264
2015-04-08T02:40:59.809Z,7.0812,47.6312,233.7607,0.2035,0.1476,-6.9163,33.2509,230.4731,0.1445,-0.2147,91.4745,98.8236,234.6442,0.4211,0.9266
2015-04-08T02:41:59.091Z,6.3709,49.5588,233.8903,0.2118,0.1286,-7.2526,34.255,229.6338,0.1499,-0.2168,92.378,100.2411,234.766,0.427,0.9224
2015-04-08T02:42:59.346Z,5.5674,48.564,233.0532,0.2087,0.1135,-6.6681,35.3447,231.4345,0.1527,-0.1982,90.4108,97.7543,232.7489,0.42,0.9257
2015-04-08T02:43:59.658Z,6.4027,47.1026,232.3945,0.2026,0.1349,-7.0576,35.1254,231.6566,0.1509,-0.2089,91.2769,98.9,233.2891,0.424,0.9235
2015-04-08T02:44:59.955Z,6.926,48.4782,232.348,0.2086,0.1413,-6.8867,35.363,231.084,0.1526,-0.2057,90.488,98.1268,233.0197,0.4215,0.9233
2015-04-08T02:45:59.310Z,6.9684,48.7312,232.6331,0.209,0.1429,-7.4746,33.9025,231.1597,0.1469,-0.2293,90.8137,98.1661,233.1131,0.4209,0.9261
2015-04-08T02:46:59.554Z,6.9449,48.8558,232.6313,0.2103,0.1422,-7.1727,33.8982,231.5798,0.1464,-0.2224,91.0434,98.5182,233.8554,0.4216,0.9247
2015-04-08T02:47:59.731Z,6.6381,48.25,232.9502,0.2069,0.1382,-7.5587,36.7519,231.367,0.1587,-0.2119,91.6868,98.9271,233.8558,0.4233,0.9271
2015-04-08T02:48:59.985Z,5.6043,47.4654,233.3744,0.2035,0.1182,-7.0331,33.2102,231.598,0.1437,-0.2145,91.5627,99.3113,233.9307,0.4249,0.9229
2015-04-08T02:49:59.244Z,5.5604,47.9936,233.1451,0.2057,0.1178,-6.3503,34.3814,231.5264,0.1483,-0.1979,91.4203,98.9291,233.7099,0.423,0.9248
2015-04-08T02:50:59.631Z,5.633,48.6464,233.4489,0.209,0.1158,-7.0132,35.6285,231.2345,0.1541,-0.202,90.9722,98.3945,233.3031,0.4214,0.9249
2015-04-08T02:51:59.844Z,5.7352,49.0891,234.0322,0.2099,0.1173,-6.8414,33.19,232.0046,0.143,-0.2135,90.8393,98.4462,233.4574,0.4214,0.9235
2015-04-08T02:52:59.228Z,6.0341,48.2962,234.0459,0.2061,0.126,-7.2613,35.3224,232.3317,0.1522,-0.2059,91.0484,98.7699,233.6347,0.422,0.9222
2015-04-08T02:53:59.675Z,6.908,47.8589,233.6411,0.2055,0.1434,-7.31,37.5416,232.0703,0.1621,-0.1975,91.7235,99.2187,233.9573,0.4234,0.9251
2015-04-08T02:55:59.279Z,599.6379,961.127,231.9509,4.1486,0.4834,639.0513,993.8451,228.8321,4.3606,0.4046,1109.1315,1535.9618,231.7252,6.6421,0.77
2015-04-08T02:56:59.640Z,898.1544,1388.9172,232.3657,5.9774,0.6464,953.8538,1423.9141,228.6634,6.2264,0.6698,1491.3759,2084.0911,232.0393,8.982,0.7157
2015-04-08T02:57:59.180Z,944.6635,1394.4804,231.9967,6.0104,0.6776,1025.6092,1508.733,230.6087,6.5422,0.6802,1486.6511,2094.3593,231.3657,9.0528,0.7099
2015-04-08T02:58:59.455Z,938.9678,1390.317,231.6264,6.0024,0.675,1022.3939,1499.3659,230.271,6.5114,0.6818,1487.7552,2089.573,231.2596,9.0358,0.7113
2015-04-08T02:59:59.881Z,944.4638,1388.3901,231.3834,6.0004,0.6803,1045.342,1518.871,230.7887,6.581,0.6884,1495.4966,2103.3483,231.1996,9.0973,0.7107
