2015-04-19T00:00:59.131Z,5.1824,67.9011,233.43,0.2908,0.0787,-7.4032,62.809,232.1074,0.2708,-0.1178,10.9058,65.0355,231.9319,0.2807,0.1697
2015-04-19T00:01:59.472Z,5.162,69.646,233.1292,0.2992,0.0744,-7.4692,62.7085,233.4144,0.2686,-0.1224,10.9154,64.7533,232.1378,0.2792,0.1713
2015-04-19T00:02:59.656Z,4.4876,71.7136,232.9229,0.3078,0.0621,-7.3005,63.877,233.1737,0.2732,-0.1153,11.3002,63.7366,232.0203,0.274,0.1787
2015-04-19T00:03:59.096Z,4.9498,71.0294,232.7851,0.3054,0.0696,-7.0101,64.6179,232.777,0.2776,-0.1081,10.9681,64.9519,232.2984,0.2794,0.1721
2015-04-19T00:04:59.053Z,4.897,69.4311,233.3219,0.2976,0.0713,-7.0854,63.1684,232.6357,0.2714,-0.1135,10.9475,64.0088,232.3649,0.2754,0.1719
2015-04-19T00:05:59.615Z,5.6937,69.6558,233.8627,0.2984,0.0834,-7.8598,62.5889,232.2895,0.2696,-0.1297,11.2543,63.619,233.0817,0.273,0.181
2015-04-19T00:06:59.840Z,5.399,71.5557,233.1351,0.3067,0.0775,-7.3268,63.638,231.6212,0.2742,-0.1163,11.3451,64.4849,232.6244,0.2765,0.1762
2015-04-19T00:07:59.179Z,4.9121,70.5759,232.6191,0.3037,0.0698,-7.2234,62.759,230.8168,0.2721,-0.1174,11.4924,63.8584,232.2238,0.2747,0.1826
2015-04-19T00:08:59.176Z,5.6586,70.9493,231.5653,0.3064,0.0795,-7.4684,62.4143,230.1488,0.2711,-0.1214,11.3157,63.4664,232.9807,0.2718,0.1789
2015-04-19T00:09:59.960Z,5.2403,69.5875,231.2772,0.3008,0.0762,-7.5308,63.5471,230.1791,0.2761,-0.1218,11.2224,64.0863,232.5445,0.2752,0.1773
2015-04-19T00:10:59.584Z,5.5467,68.9176,232.0988,0.2969,0.0807,-7.5938,62.684,231.5878,0.2712,-0.1231,11.2918,66.2428,232.4192,0.285,0.1719
2015-04-19T00:11:59.847Z,6.0699,70.6115,233.0936,0.3027,0.0872,-7.3402,65.4855,232.3686,0.2825,-0.1147,11.3085,63.4185,233.1777,0.2716,0.1791
2015-04-19T00:12:59.257Z,6.9772,71.0927,233.1167,0.305,0.1008,-7.18,62.5398,232.4956,0.269,-0.1171,11.586,65.6253,233.4324,0.2809,0.1764
2015-04-19T00:13:59.813Z,6.5246,71.0004,232.9981,0.3052,0.0927,-7.5512,65.2504,232.5105,0.2804,-0.1179,11.4388,63.4932,233.3489,0.2719,0.1815
2015-04-19T00:14:59.295Z,6.166,68.4932,233.1006,0.2936,0.0903,-7.57,63.5066,232.6711,0.2728,-0.122,11.7252,65.652,233.4499,0.2814,0.1797
2015-04-19T00:15:59.264Z,6.6333,69.398,231.6776,0.2996,0.0957,-7.8608,62.2838,232.4318,0.2678,-0.1271,12.0564,65.6929,232.8163,0.2816,0.1843
2015-04-19T00:16:59.651Z,7.189,69.9522,231.7391,0.3017,0.1043,-7.6513,61.1304,232.3103,0.2635,-0.1289,11.3207,64.3991,233.1875,0.2761,0.18
2015-04-19T00:17:59.020Z,6.8398,70.7512,232.4334,0.3043,0.0984,-7.5181,64.4614,232.2618,0.2774,-0.1166,11.5302,63.8508,230.7837,0.2763,0.1804
2015-04-19T00:18:59.607Z,6.6602,68.8097,230.8247,0.2978,0.0987,-7.9037,63.261,231.6804,0.2734,-0.1275,11.3157,64.6449,232.461,0.2782,0.1757
2015-04-19T00:19:59.226Z,6.1768,68.9661,230.4604,0.299,0.0903,-7.482,63.8229,231.5326,0.2758,-0.1183,11.1941,64.8518,233.6921,0.2781,0.174
2015-04-19T00:20:59.561Z,6.2933,70.3127,232.0149,0.3029,0.0901,-7.287,62.2692,231.5764,0.2692,-0.122,11.6488,64.9464,234.4012,0.2777,0.183
2015-04-19T00:21:59.278Z,6.4022,69.8099,232.9487,0.2996,0.0934,-7.4792,63.1186,232.0568,0.2721,-0.1219,11.7835,64.7419,233.4912,0.2768,0.1834
2015-04-19T00:22:59.778Z,6.8103,70.6964,233.5336,0.3021,0.0978,-7.8642,63.4383,233.5166,0.2722,-0.1272,11.7785,64.6589,233.7415,0.2768,0.1835
2015-04-19T00:23:59.153Z,6.3793,69.9308,233.0132,0.3003,0.0914,-7.621,62.1833,233.0614,0.267,-0.1218,11.8802,66.2611,233.1447,0.2839,0.1794
2015-04-19T00:24:59.859Z,6.7108,69.5372,232.9442,0.2988,0.0979,-7.6777,62.5938,232.9334,0.2689,-0.1237,11.3004,65.6841,232.6607,0.2818,0.1728
2015-04-19T00:25:59.530Z,6.5002,70.4716,232.363,0.3029,0.0919,-8.297,64.0004,232.6046,0.2747,-0.1308,11.2154,64.4623,231.8426,0.2787,0.174
2015-04-19T00:27:59.392Z,6.6315,69.5295,232.0772,0.2993,0.0962,-7.5102,63.5458,232.1166,0.2738,-0.1195,11.453,64.5207,231.4584,0.279,0.1786
2015-04-19T00:28:59.434Z,6.4266,69.9156,231.5492,0.3019,0.0921,-7.6665,64.2633,232.0738,0.277,-0.1209,11.5499,63.8137,229.8514,0.2775,0.181
2015-04-19T00:29:59.169Z,6.8179,68.069,231.2805,0.2938,0.1018,-8.13,61.9275,232.0134,0.2668,-0.1352,11.9821,63.4551,230.011,0.2753,0.191
2015-04-19T00:30:59.825Z,6.7227,69.3901,231.4944,0.2996,0.0984,-7.6902,60.9081,231.0548,0.2635,-0.1325,11.1548,62.9288,230.3699,0.2729,0.1827
2015-04-19T00:31:59.048Z,6.9439,70.6592,231.9451,0.3046,0.0971,-7.4474,62.2478,231.2909,0.2691,-0.1236,11.7542,64.4534,231.9679,0.2786,0.1832
2015-04-19T00:32:59.590Z,6.8315,69.9245,232.0184,0.3011,0.0991,-7.4807,63.6579,231.0016,0.2753,-0.1204,11.3013,64.073,232.4724,0.2753,0.177
2015-04-19T00:33:59.984Z,6.4914,70.7022,232.0866,0.3042,0.0928,-7.5407,63.1858,231.2917,0.273,-0.1208,11.1757,63.1315,231.1702,0.2728,0.1774
2015-04-19T00:34:59.555Z,6.4669,69.4657,231.7612,0.3001,0.0938,-7.7544,63.2956,231.8114,0.2723,-0.1247,11.7056,64.8457,230.4673,0.2812,0.181
2015-04-19T00:35:59.755Z,7.0349,69.8273,232.4296,0.3009,0.1022,-7.5046,60.8154,231.7462,0.2624,-0.1258,11.2951,63.0423,230.4966,0.2732,0.1858
2015-04-19T00:36:59.409Z,7.2077,70.7747,232.2618,0.3049,0.1026,-7.5464,63.477,231.2951,0.2741,-0.122,11.3168,63.2156,230.2528,0.2749,0.1808
2015-04-19T00:37:59.507Z,6.6312,69.5237,232.292,0.2997,0.0967,-7.8305,62.3474,230.8416,0.2697,-0.1267,10.9839,62.6661,229.7492,0.2727,0.1759
2015-04-19T00:38:59.463Z,7.2548,70.1619,232.1176,0.3021,0.1039,-7.8307,61.3853,231.1032,0.2652,-0.1298,10.8784,61.4933,229.0299,0.2683,0.1782
2015-04-19T00:39:59.902Z,6.6391,70.1732,231.6441,0.3027,0.0974,-7.15,63.1093,231.6111,0.272,-0.1154,11.4898,64.1784,229.1507,0.2801,0.18
2015-04-19T00:40:59.255Z,6.8031,69.5478,231.802,0.2998,0.0992,-7.9413,62.4376,231.5114,0.2694,-0.1288,11.2454,63.0569,229.6428,0.2752,0.1787
2015-04-19T00:41:59.816Z,6.2942,70.047,233.4537,0.2998,0.091,-7.6738,63.2245,232.3149,0.2715,-0.1223,11.3749,64.3445,231.8636,0.2777,0.1779
2015-04-19T00:42:59.078Z,6.4404,70.2347,233.4188,0.3008,0.0927,-7.8098,63.3319,232.3692,0.2726,-0.1251,11.792,64.0091,231.8754,0.2757,0.186
2015-04-19T00:43:59.998Z,6.3633,70.3102,233.6293,0.3008,0.0912,-8.0395,63.2908,232.4127,0.2723,-0.1282,11.9389,64.1127,231.8013,0.2767,0.1863
2015-04-19T00:44:59.497Z,4.8708,69.6843,232.8208,0.2997,0.0708,-7.6793,63.9724,233.3952,0.2734,-0.1207,11.2987,63.3631,231.5864,0.2732,0.1796
2015-04-19T00:45:59.134Z,5.3464,69.5168,232.6333,0.2986,0.0768,-6.9391,63.1855,233.7127,0.2707,-0.1131,46.7733,84.9511,231.7526,0.3664,0.4635
2015-04-19T00:46:59.067Z,5.8697,69.8478,231.6806,0.3007,0.0858,-7.4937,61.5834,232.383,0.2651,-0.1223,91.1038,110.7752,232.5324,0.4764,0.8231
2015-04-19T00:47:59.406Z,6.0965,70.3858,231.1901,0.3049,0.0886,-7.6292,63.6632,231.1853,0.2752,-0.1212,90.7935,110.6878,232.2263,0.476,0.8215
2015-04-19T00:48:59.710Z,6.656,70.8899,231.7214,0.3065,0.0946,-7.3076,63.6129,230.4674,0.2762,-0.1176,90.3404,110.1566,232.0767,0.4747,0.8207
2015-04-19T00:49:59.810Z,5.6586,69.3409,232.6256,0.2976,0.082,-7.4062,64.8547,229.8924,0.2819,-0.1168,90.3468,109.8127,231.5086,0.4746,0.8226
2015-04-19T00:50:59.074Z,5.7842,69.3711,232.5616,0.298,0.0839,-7.0837,61.504,230.5563,0.2669,-0.1191,90.4559,110.1638,231.4963,0.476,0.8226
2015-04-19T00:51:59.731Z,6.1424,69.9405,231.7954,0.3013,0.0876,-8.1765,61.7427,231.0634,0.2674,-0.1342,90.5238,110.6298,232.009,0.4764,0.8189
2015-04-19T00:52:59.091Z,6.2906,69.4762,231.9254,0.2996,0.0909,-7.7372,62.7849,231.2676,0.2714,-0.1247,89.9308,110.1148,232.0416,0.4741,0.8179
2015-04-19T00:53:59.557Z,6.3235,70.1865,231.8428,0.3026,0.0901,-7.5953,65.1622,231.254,0.2821,-0.1198,90.5379,110.0114,232.1667,0.474,0.8233
2015-04-19T00:54:59.650Z,6.2257,69.256,231.6253,0.2989,0.092,-7.9608,60.9243,230.9531,0.2638,-0.1346,89.7546,108.6369,231.2593,0.4693,0.8278
2015-04-19T00:55:59.364Z,5.9923,68.9756,231.1914,0.2983,0.088,-7.502,62.5192,230.1324,0.2711,-0.1236,89.6438,108.7746,230.8079,0.4713,0.8249
2015-04-19T00:56:59.779Z,6.649,70.7712,231.5285,0.3058,0.0948,-7.3127,63.8865,230.3287,0.2773,-0.1182,89.5232,109.8384,231.3361,0.4743,0.8155
2015-04-19T00:57:59.151Z,6.4506,69.3743,230.9091,0.3004,0.093,-7.5747,61.3856,228.3366,0.2684,-0.1246,89.2421,109.3103,230.724,0.4737,0.8169
2015-04-19T00:58:59.067Z,5.758,69.5147,232.7422,0.2984,0.0832,-7.5646,59.5927,225.8003,0.264,-0.1297,89.1706,108.2116,230.4232,0.4694,0.8253
2015-04-19T00:59:59.258Z,6.4569,70.5755,233.2402,0.3026,0.0929,-7.6234,58.9674,227.2278,0.2595,-0.1291,89.0943,107.8988,230.5362,0.4678,0.8263
2015-04-19T01:00:59.591Z,6.8597,71.7683,233.1876,0.3077,0.0972,-6.8766,61.4268,228.5602,0.2686,-0.1138,88.8639,108.5909,230.609,0.4715,0.8186
2015-04-19T01:01:59.094Z,6.2107,70.3512,233.245,0.3013,0.0914,-7.5191,62.4112,230.6956,0.2704,-0.125,89.9604,110.0132,231.6146,0.475,0.8182
2015-04-19T01:02:59.756Z,6.5714,70.8309,233.0396,0.3045,0.0949,-8.1465,63.2803,231.0747,0.2738,-0.1296,89.3323,108.6984,231.3085,0.4701,0.8227
2015-04-19T01:03:59.878Z,7.0131,69.157,232.4877,0.2977,0.1014,-7.5329,61.2875,230.8976,0.2662,-0.1227,89.6554,109.6069,231.0404,0.4753,0.8186
2015-04-19T01:04:59.187Z,5.4288,68.6553,232.466,0.2957,0.0799,-7.9032,63.5657,231.3179,0.2748,-0.1253,90.2342,109.7166,232.3587,0.4719,0.8227
2015-04-19T01:05:59.335Z,6.6731,70.153,232.7929,0.3014,0.0969,-7.7227,62.7631,231.7944,0.271,-0.1244,91.1659,111.6016,233.1389,0.4788,0.8171
2015-04-19T01:06:59.807Z,6.8354,69.9077,233.1938,0.2995,0.099,-8.0264,62.6854,231.4854,0.2704,-0.1284,91.4884,110.9837,233.6955,0.4746,0.8248
2015-04-19T01:07:59.017Z,6.5823,70.2858,232.7002,0.302,0.0956,-7.2074,61.7341,230.5812,0.2679,-0.1184,90.4934,111.3616,232.8096,0.4783,0.8139
2015-04-19T01:08:59.526Z,6.4691,70.5784,232.509,0.3035,0.0926,-7.5618,62.4963,230.4647,0.2712,-0.1211,90.0686,110.2771,232.0426,0.4749,0.8178
2015-04-19T01:09:59.134Z,6.0219,68.9449,232.1149,0.2972,0.0888,-7.7508,62.6189,229.8113,0.2724,-0.1253,90.0275,109.8861,231.6315,0.4744,0.8204
2015-04-19T01:10:59.913Z,5.5119,70.0495,232.3783,0.3019,0.0814,-7.0869,61.7001,229.9212,0.2679,-0.1149,89.7644,110.341,231.3476,0.4769,0.814
2015-04-19T01:11:59.579Z,6.3844,69.926,232.7349,0.3001,0.0921,-7.4154,63.2972,230.6061,0.274,-0.1181,89.3091,109.5334,231.2392,0.4736,0.8168
2015-04-19T01:12:59.078Z,5.9513,69.4008,232.3342,0.2982,0.0869,-7.4583,60.9261,229.9587,0.2644,-0.1229,89.7402,109.1006,231.5732,0.4714,0.8229
2015-04-19T01:13:59.438Z,6.4587,69.89,232.1247,0.3005,0.094,-7.3713,61.1899,230.1037,0.2658,-0.1211,90.5509,110.4873,232.6483,0.4746,0.8208
2015-04-19T01:14:59.830Z,6.5976,68.4359,231.6943,0.2952,0.0974,-7.3847,62.8587,229.3265,0.274,-0.1231,89.9515,109.5233,231.8681,0.4726,0.8226
2015-04-19T01:15:59.169Z,5.8433,70.8314,231.8833,0.3052,0.0842,-7.0814,61.4368,229.7939,0.2674,-0.1193,89.6739,110.4116,231.2531,0.4772,0.8133
2015-04-19T01:16:59.674Z,6.0312,69.6424,231.5351,0.3005,0.0876,-7.293,62.0836,230.278,0.2698,-0.1184,89.7913,109.741,231.1027,0.4753,0.8191
2015-04-19T01:17:59.085Z,5.6706,68.7619,231.4089,0.2972,0.0831,-7.5202,61.2728,229.6233,0.2668,-0.1226,89.8586,109.783,230.9597,0.4756,0.8197
2015-04-19T01:18:59.963Z,6.0025,69.9296,231.456,0.3024,0.0875,-7.8027,60.5785,229.6828,0.264,-0.132,90.0793,110.7215,231.393,0.4784,0.8151
2015-04-19T01:19:59.242Z,6.0009,69.7533,230.1918,0.3027,0.0869,-6.8539,62.1215,229.336,0.2707,-0.1135,88.6015,108.5973,229.8804,0.4728,0.8169
2015-04-19T01:20:59.897Z,5.7707,68.9908,230.0845,0.2996,0.0838,-7.3827,61.5058,228.8013,0.269,-0.1221,88.6128,108.7889,229.7935,0.4733,0.8152
2015-04-19T01:21:59.288Z,6.2222,70.5213,231.7656,0.3044,0.0893,-7.5791,61.7453,230.4128,0.2682,-0.1271,88.699,108.7293,229.8286,0.4732,0.8162
2015-04-19T01:22:59.651Z,5.4622,69.4967,232.3341,0.2988,0.079,-7.1317,63.2196,231.481,0.273,-0.1137,88.4907,107.5701,229.6512,0.4682,0.8229
2015-04-19T01:23:59.939Z,5.7549,67.9247,231.0534,0.294,0.0846,-7.4522,61.4693,231.0566,0.2663,-0.1225,88.4481,108.7704,229.6432,0.4738,0.8146
2015-04-19T01:24:59.410Z,6.3651,68.4833,229.7171,0.2982,0.0934,-7.7344,62.7492,230.6486,0.2717,-0.1261,88.3449,107.3818,229.1906,0.4686,0.824
2015-04-19T01:25:59.663Z,6.2679,69.9548,229.7555,0.3043,0.0903,-7.5442,63.4887,230.5789,0.2759,-0.1214,88.121,108.4327,229.096,0.4733,0.8137
2015-04-19T01:26:59.955Z,5.833,69.1303,230.2241,0.3004,0.0852,-7.595,62.9622,230.7697,0.2735,-0.1222,87.7676,106.8508,229.2301,0.4661,0.822
2015-04-19T01:27:59.965Z,5.4726,70.1218,230.9543,0.3038,0.0784,-7.4611,61.7618,230.6373,0.2678,-0.122,87.744,108.788,229.2028,0.4744,0.8076
2015-04-19T01:28:59.536Z,5.884,69.5864,231.3096,0.3003,0.0853,-7.0222,63.3484,229.6311,0.2766,-0.1116,88.5109,109.2231,229.8421,0.4757,0.8118
2015-04-19T01:29:59.780Z,6.0955,68.8548,231.1327,0.2982,0.0896,-7.3082,62.0759,230.7807,0.269,-0.1186,88.2849,107.8398,229.0732,0.4708,0.8199
2015-04-19T01:30:59.634Z,5.9889,69.8615,229.9121,0.3036,0.0867,-7.4802,61.6953,229.4388,0.2682,-0.1211,87.0769,107.1466,228.6513,0.4684,0.8133
2015-04-19T01:31:59.918Z,6.8699,69.3649,231.5073,0.2997,0.1004,-8.0941,62.6598,230.8038,0.2716,-0.1302,89.7138,109.6237,230.7836,0.4757,0.8197
2015-04-19T01:32:59.176Z,6.8453,68.3694,232.3437,0.2946,0.1014,-7.9142,62.3769,232.5039,0.2686,-0.1281,90.1011,110.2816,232.1563,0.4748,0.8179
2015-04-19T01:33:59.065Z,6.1882,69.54,231.715,0.2999,0.0902,-7.7456,64.1137,232.2006,0.2763,-0.1224,90.1433,110.587,231.8223,0.4764,0.8162
2015-04-19T01:34:59.814Z,6.7873,71.8507,232.8153,0.3082,0.0948,-8.18,61.5502,229.1882,0.2679,-0.1348,90.447,110.9797,232.1857,0.478,0.8158
2015-04-19T01:35:59.227Z,6.9039,70.5492,232.585,0.3034,0.0992,-8.1181,62.7201,230.6688,0.2717,-0.1301,89.5702,110.0307,231.1623,0.4759,0.8147
2015-04-19T01:36:59.504Z,5.8814,71.3014,231.9211,0.3073,0.0838,-7.424,62.839,232.2021,0.2709,-0.1193,89.4899,109.5774,231.1858,0.4743,0.8176
2015-04-19T01:37:59.752Z,5.9508,70.2205,231.6853,0.3033,0.0858,-7.591,63.1479,231.9004,0.2721,-0.1229,89.742,109.3909,231.2944,0.4729,0.821
2015-04-19T01:38:59.853Z,6.3024,68.6276,230.9252,0.2975,0.0925,-7.7598,62.5107,231.8165,0.2703,-0.1278,89.777,109.2335,231.3937,0.4718,0.8232
2015-04-19T01:39:59.415Z,5.5507,69.0632,230.6727,0.3,0.0806,-7.371,62.391,231.877,0.2686,-0.1224,88.2513,107.6574,229.4652,0.4684,0.8216
2015-04-19T01:40:59.101Z,6.1134,68.9804,230.5665,0.2995,0.0888,-7.8889,63.4563,232.0341,0.2736,-0.1262,88.1213,107.9543,229.6457,0.4703,0.8176
2015-04-19T01:41:59.701Z,5.8991,70.268,231.9013,0.3029,0.0845,-7.1852,64.5752,232.6679,0.2776,-0.112,89.5219,109.2089,231.4078,0.4723,0.8207
2015-04-19T01:42:59.997Z,6.5142,69.05,231.6511,0.2983,0.0953,-7.4736,61.8838,232.1116,0.2659,-0.1216,89.2193,109.1135,230.7611,0.4728,0.8185
2015-04-19T01:43:59.215Z,6.5288,70.6106,232.3494,0.3037,0.0942,-7.8246,63.227,232.2483,0.2722,-0.1254,89.6643,109.634,231.0991,0.474,0.8188
2015-04-19T01:44:59.452Z,6.7978,70.4814,232.5417,0.3028,0.0976,-7.9398,63.3354,232.3996,0.2723,-0.127,89.3304,109.0363,231.394,0.4716,0.8197
2015-04-19T01:45:59.164Z,6.438,69.7892,233.1647,0.299,0.0932,-7.5198,62.3882,232.8312,0.2677,-0.1213,89.6716,110.3832,231.7347,0.4767,0.8142
2015-04-19T01:46:59.821Z,6.5203,70.09,233.2527,0.3001,0.0923,-7.7551,63.6107,232.8873,0.2735,-0.1239,90.1962,110.1921,231.8304,0.4758,0.8182
2015-04-19T01:47:59.126Z,5.9391,70.5541,234.0153,0.3014,0.0852,-7.6683,64.2174,232.8672,0.2757,-0.1203,89.4899,109.5008,231.3557,0.4727,0.8179
2015-04-19T01:48:59.366Z,6.0898,70.8326,234.32,0.3022,0.0869,-7.5449,62.7616,233.0029,0.2693,-0.1246,89.8859,110.2709,231.7989,0.4758,0.8167
2015-04-19T01:49:59.212Z,6.1147,70.1267,234.5345,0.2992,0.0882,-7.3354,63.0149,228.9605,0.2748,-0.1238,90.2573,109.5779,231.6003,0.4738,0.8245
2015-04-19T01:50:59.517Z,5.5031,69.8688,234.5377,0.2981,0.0788,-6.5793,61.7551,228.9931,0.2698,-0.1079,88.9421,109.414,230.3996,0.4746,0.8136
2015-04-19T01:51:59.220Z,6.7289,69.7689,233.5322,0.2987,0.0971,-7.624,62.9602,232.44,0.2701,-0.1232,89.2311,108.1346,230.2604,0.4697,0.8258
2015-04-19T01:52:59.457Z,6.1026,69.9521,233.047,0.2999,0.0876,-7.6201,63.2816,232.0712,0.2724,-0.1223,88.7415,108.1681,229.767,0.4708,0.8204
2015-04-19T01:53:59.748Z,6.0946,69.5212,232.7034,0.299,0.0893,-7.0786,62.9448,232.1286,0.2716,-0.1198,88.5226,108.198,229.954,0.4709,0.818
2015-04-19T01:54:59.204Z,6.3211,68.6349,231.9329,0.2957,0.0927,-7.3971,62.1693,231.8783,0.2683,-0.1198,89.0779,108.8797,230.1353,0.4729,0.8198
2015-04-19T01:55:59.710Z,6.7553,69.6877,232.3563,0.3001,0.0977,-7.6903,65.0528,232.0839,0.2798,-0.1202,89.249,109.6325,230.7748,0.4752,0.8147
2015-04-19T01:56:59.270Z,6.0916,69.1629,232.6433,0.2972,0.0888,-7.7833,62.3222,232.3286,0.2683,-0.1259,89.5493,109.5774,231.0762,0.4738,0.8182
2015-04-19T01:57:59.362Z,5.7442,70.0654,232.6102,0.3009,0.0826,-7.4643,62.1615,231.7616,0.2678,-0.1207,89.1266,108.6134,230.1699,0.4719,0.8212
2015-04-19T01:58:59.039Z,6.4971,69.5779,232.7002,0.2982,0.0942,-7.7643,62.7558,232.0556,0.2708,-0.1249,89.0386,109.4842,230.9553,0.4738,0.8143
2015-04-19T01:59:59.368Z,6.1103,69.6375,233.0052,0.2987,0.0897,-7.6252,61.3847,231.1795,0.2659,-0.1298,89.106,108.7535,230.4999,0.4718,0.8214
2015-04-19T02:00:59.924Z,6.3158,67.4513,233.2362,0.289,0.093,-7.3046,60.8393,231.0588,0.2634,-0.1234,89.0821,108.4303,230.5,0.4705,0.8228
2015-04-19T02:01:59.489Z,5.982,70.0986,232.6347,0.302,0.085,-7.185,63.7312,231.8612,0.275,-0.1133,89.8707,110.3431,231.6209,0.4759,0.815
2015-04-19T02:02:59.966Z,6.0784,71.0799,232.9989,0.3049,0.085,-7.4015,62.4957,232.0811,0.2693,-0.1198,89.5845,109.7566,231.951,0.4733,0.8173
2015-04-19T02:03:59.198Z,6.2064,70.8606,233.2867,0.3038,0.0888,-7.6854,63.7889,232.3019,0.2744,-0.1212,89.9151,110.2974,232.0587,0.4752,0.8162
2015-04-19T02:04:59.743Z,5.8152,69.6514,232.7488,0.2991,0.0859,-7.6391,62.7473,232.7064,0.2693,-0.1275,90.2998,109.3649,232.3236,0.4712,0.8268
2015-04-19T02:05:59.072Z,5.9973,69.0287,232.9362,0.2963,0.0879,-7.4208,63.0712,232.6779,0.2716,-0.118,90.6791,111.1973,232.3877,0.4788,0.8166
2015-04-19T02:06:59.960Z,6.0112,70.0454,232.8691,0.3001,0.0863,-7.5426,63.1715,232.5924,0.2716,-0.1198,90.1109,110.8246,232.462,0.4763,0.8139
2015-04-19T02:07:59.472Z,5.9942,71.3599,232.2793,0.3071,0.0839,-7.2961,61.6304,232.0653,0.2656,-0.1207,89.6047,110.4507,232.1498,0.4758,0.8124
2015-04-19T02:08:59.110Z,6.689,70.233,232.3313,0.3026,0.0967,-7.2166,62.4604,231.866,0.2697,-0.1205,91.1026,110.151,232.5053,0.4743,0.8278
2015-04-19T02:09:59.104Z,6.0094,69.4879,231.6796,0.3004,0.0882,-7.0486,63.6159,231.6933,0.2744,-0.1126,90.191,110.7336,232.4518,0.4767,0.815
2015-04-19T02:10:59.479Z,6.1334,68.9082,231.0489,0.2979,0.0897,-7.3087,62.1251,231.5664,0.2679,-0.1184,90.3598,110.2861,232.5405,0.4742,0.8196
2015-04-19T02:11:59.152Z,6.3377,69.8868,232.4736,0.3002,0.0928,-7.2387,63.7733,232.3262,0.275,-0.115,90.66,110.7628,232.6177,0.4754,0.8198
2015-04-19T02:12:59.389Z,6.1254,69.4524,231.7056,0.2998,0.0889,-7.9375,63.1288,233.4387,0.2705,-0.1282,91.233,112.3995,232.9263,0.4822,0.8138
2015-04-19T02:13:59.771Z,6.5715,70.0182,232.0159,0.3021,0.0941,-7.357,63.9033,232.9228,0.2747,-0.1185,90.1729,108.9584,231.892,0.4699,0.8287
2015-04-19T02:14:59.488Z,5.7556,69.8111,231.7591,0.3011,0.0841,-7.742,61.4864,232.0367,0.2648,-0.1311,89.0059,108.5183,230.3388,0.4712,0.8211
2015-04-19T02:15:59.896Z,6.6467,69.8421,231.3393,0.3018,0.0958,-7.8651,62.4552,232.0407,0.2688,-0.128,89.1852,109.1808,230.3721,0.4746,0.8182
2015-04-19T02:16:59.206Z,6.2143,69.3342,232.2761,0.2984,0.091,-7.314,63.1768,231.452,0.2733,-0.114,88.6931,109.0558,230.0682,0.4737,0.8142
2015-04-19T02:17:59.879Z,6.3934,69.8816,232.5743,0.3005,0.0936,-7.6222,64.5913,231.3243,0.2796,-0.1183,88.1347,108.2978,229.0133,0.4734,0.8139
2015-04-19T02:18:59.508Z,6.2546,69.4219,232.4001,0.2986,0.0909,-7.7257,61.8067,230.6867,0.2679,-0.127,87.3501,107.2862,228.1526,0.4699,0.8154
2015-04-19T02:19:59.919Z,6.1231,69.5718,232.8019,0.2992,0.0893,-7.422,61.2797,231.142,0.2655,-0.124,87.5697,107.5149,228.5437,0.4703,0.8164
2015-04-19T02:20:59.757Z,6.8082,68.9825,232.0742,0.2971,0.0991,-7.8042,63.1109,231.1791,0.2729,-0.1242,87.9845,107.4323,229.5037,0.4682,0.8198
2015-04-19T02:21:59.071Z,6.2872,69.9271,232.592,0.301,0.0897,-7.8493,62.561,231.4309,0.2702,-0.1267,87.9716,108.5544,229.3203,0.4733,0.8114
2015-04-19T02:22:59.474Z,6.1833,70.6486,232.8777,0.3033,0.088,-7.381,62.7711,231.9595,0.2703,-0.1195,87.69,107.1024,229.1644,0.4673,0.8199
2015-04-19T02:23:59.417Z,6.724,70.1453,233.7743,0.2995,0.0975,-7.524,62.8755,232.7146,0.2704,-0.122,88.4097,107.8812,229.7998,0.4692,0.8202
2015-04-19T02:24:59.624Z,6.7488,70.3265,233.8952,0.3005,0.0976,-7.9141,63.2196,233.2905,0.2713,-0.1273,89.7887,108.8643,230.8765,0.4716,0.8252
2015-04-19T02:25:59.373Z,5.6988,69.7114,232.5477,0.2999,0.0818,-7.2323,63.4502,233.3376,0.2714,-0.1142,89.0809,109.2656,230.7884,0.4732,0.8168
2015-04-19T02:26:59.853Z,6.6617,69.7875,232.7411,0.299,0.0963,-8.0917,64.4983,233.6024,0.2761,-0.1282,89.4233,109.7989,231.2302,0.4749,0.815
2015-04-19T02:27:59.125Z,6.0481,69.97,232.403,0.3004,0.087,-7.7069,64.4975,232.9482,0.2771,-0.1207,89.2961,108.3893,230.5462,0.4702,0.8242
2015-04-19T02:28:59.652Z,5.9467,69.6895,232.6586,0.3001,0.0865,-7.2238,64.454,231.7638,0.2786,-0.1143,87.895,107.882,229.6183,0.4695,0.8158
2015-04-19T02:29:59.910Z,6.619,69.7008,232.7459,0.2998,0.0963,-7.7434,62.6974,231.731,0.2703,-0.1248,88.7169,109.5433,229.6219,0.4773,0.8111
2015-04-19T02:30:59.760Z,6.3863,69.5348,232.8832,0.2982,0.0926,-7.5641,64.4012,232.2421,0.2775,-0.1193,88.9678,108.5355,230.2127,0.4716,0.8207
2015-04-19T02:31:59.112Z,5.8968,70.4614,233.9829,0.3009,0.0837,-7.1188,64.5474,233.0574,0.2768,-0.1134,89.5572,110.2417,231.2729,0.4768,0.8143
2015-04-19T02:32:59.597Z,6.4733,71.1201,234.0473,0.3039,0.0917,-7.3903,65.0123,232.932,0.2792,-0.1165,89.5414,109.5575,231.6345,0.4723,0.8179
2015-04-19T02:33:59.348Z,6.416,69.7854,233.962,0.2982,0.0943,-7.6098,61.639,232.7421,0.2656,-0.1263,89.8211,108.7337,231.2557,0.4704,0.8269
2015-04-19T02:34:59.721Z,6.2128,70.2129,233.5208,0.3008,0.0893,-7.8221,64.4428,232.5438,0.2777,-0.1241,89.3218,109.535,230.8503,0.4745,0.8165
2015-04-19T02:35:59.376Z,6.3171,71.0608,233.6779,0.3038,0.0904,-7.5453,63.4237,232.5376,0.2727,-0.1203,89.691,109.5761,230.9401,0.4751,0.8194
2015-04-19T02:36:59.165Z,5.8977,68.2071,233.4603,0.292,0.0868,-7.1817,63.7957,232.0236,0.2751,-0.1176,89.2641,109.3603,230.6014,0.474,0.8177
2015-04-19T02:37:59.456Z,6.2086,69.7949,232.3977,0.3002,0.0896,-7.9887,62.3704,230.4886,0.2702,-0.1293,89.4351,109.2316,230.7813,0.4732,0.8199
2015-04-19T02:38:59.124Z,6.126,69.5794,231.9408,0.3,0.089,-7.1963,62.2856,229.2408,0.2714,-0.119,89.1053,108.8928,231.137,0.4713,0.8194
2015-04-19T02:39:59.475Z,5.9369,69.7057,232.5531,0.2995,0.086,-7.5759,64.0257,229.4807,0.279,-0.1209,88.6935,108.0746,230.298,0.4693,0.8211
2015-04-19T02:40:59.165Z,6.5581,70.2151,232.7107,0.3013,0.0935,-7.638,61.9304,230.9941,0.2687,-0.1226,89.7445,109.5616,230.8578,0.4743,0.8197
2015-04-19T02:41:59.730Z,6.7283,69.1457,233.002,0.2965,0.098,-7.7911,62.5587,232.1403,0.2689,-0.1262,89.6488,109.8957,231.0215,0.4753,0.8164
2015-04-19T02:42:59.050Z,6.8043,68.8035,232.5702,0.2954,0.0997,-7.7453,63.2843,231.8571,0.2731,-0.1242,89.0406,108.3807,230.5233,0.4707,0.8222
2015-04-19T02:43:59.613Z,5.7555,68.5354,233.4388,0.2937,0.0838,-7.4979,62.1966,232.8371,0.2672,-0.1251,89.2691,109.7264,230.8923,0.4754,0.8155
2015-04-19T02:44:59.039Z,6.487,69.1047,232.8669,0.297,0.0946,-6.9929,63.0318,232.2655,0.2716,-0.113,89.1203,108.3588,230.8464,0.4694,0.8236
2015-04-19T02:45:59.027Z,6.5761,69.4404,231.8688,0.2991,0.0952,-8.0032,64.0548,231.7041,0.2768,-0.1267,89.7123,109.3492,231.331,0.4728,0.8208
2015-04-19T02:46:59.673Z,6.2585,69.6201,232.5698,0.2996,0.0898,-7.6115,63.4146,232.5861,0.273,-0.1221,90.172,110.7457,232.1621,0.4775,0.8153
2015-04-19T02:47:59.881Z,6.3535,69.6437,232.0551,0.2997,0.0909,-7.5533,64.4796,232.2376,0.2775,-0.1219,90.0359,110.0313,231.724,0.4746,0.8185
2015-04-19T02:48:59.231Z,6.2399,67.593,231.9517,0.2916,0.0932,-8.0538,62.5178,231.668,0.2694,-0.134,89.626,109.5203,231.5741,0.473,0.8197
2015-04-19T02:49:59.628Z,6.6667,69.8123,232.554,0.3,0.0956,-7.754,64.059,231.3726,0.2775,-0.1233,89.2773,109.3673,230.4798,0.4744,0.8173
2015-04-19T02:50:59.364Z,6.0452,69.2197,232.9862,0.2977,0.0876,-7.4274,63.0854,230.7967,0.2731,-0.1191,89.1785,108.1399,230.4555,0.4689,0.8253
2015-04-19T02:51:59.736Z,6.6054,71.5121,232.7292,0.3074,0.0936,-7.2511,63.5351,231.5233,0.2746,-0.117,89.6641,109.603,231.3986,0.4738,0.8189
2015-04-19T02:52:59.889Z,5.9667,69.6888,232.5333,0.2996,0.0864,-7.6478,61.3327,231.5731,0.2648,-0.1279,89.5386,109.5716,230.8224,0.4746,0.8184
2015-04-19T02:53:59.470Z,5.5168,70.1732,232.3656,0.3029,0.0782,-7.6326,62.6678,231.7519,0.2705,-0.1225,89.2259,108.9689,230.817,0.4721,0.8199
2015-04-19T02:54:59.133Z,5.4703,69.9139,232.3089,0.3007,0.0788,-7.146,63.9043,232.1523,0.2756,-0.1139,90.016,109.2277,231.7062,0.471,0.8246
2015-04-19T02:55:59.491Z,6.2879,70.0612,231.4052,0.3025,0.0903,-8.086,62.9288,231.5785,0.2712,-0.1293,89.4011,110.0924,230.9743,0.4766,0.8134
2015-04-19T02:56:59.684Z,6.9746,68.8657,231.6929,0.297,0.1041,-8.0008,62.0029,229.4367,0.2702,-0.1296,89.9222,109.1574,231.8252,0.4705,0.8243
2015-04-19T02:57:59.878Z,6.5178,69.9621,232.7134,0.3003,0.0937,-8.204,61.121,229.6537,0.2667,-0.1364,90.4423,109.5919,232.4789,0.4712,0.8256
2015-04-19T02:58:59.864Z,6.7408,69.5223,233.0224,0.2984,0.0976,-7.7464,63.6936,232.0281,0.2743,-0.1234,89.9576,109.3255,231.8086,0.4721,0.824
2015-04-19T02:59:59.243Z,5.957,70.7862,233.0219,0.3032,0.0849,-7.5146,63.502,232.4264,0.2727,-0.1191,89.5277,108.7509,231.2042,0.4709,0.8236
2015-04-19T03:00:59.054Z,6.9364,68.4207,233.3549,0.2936,0.1008,-7.5958,62.3616,231.0469,0.2699,-0.1241,88.1808,106.8249,229.7608,0.465,0.8268
2015-04-19T03:01:59.710Z,6.2598,69.9984,233.0037,0.3005,0.0904,-7.5221,61.1212,231.3251,0.2643,-0.1238,89.4254,109.9773,230.6651,0.4764,0.8138
2015-04-19T03:02:59.880Z,5.4134,70.1246,233.088,0.3009,0.0799,-6.9807,62.2337,231.4131,0.269,-0.1127,88.8219,107.3447,230.0647,0.4664,0.8275
2015-04-19T03:03:59.395Z,5.3063,70.395,234.2333,0.3,0.0757,-7.5598,64.4249,232.5676,0.2763,-0.1217,89.2542,108.889,230.9693,0.4716,0.8213
2015-04-19T03:04:59.045Z,6.4602,71.1784,234.3423,0.3038,0.0911,-7.4488,63.8092,232.6766,0.2743,-0.1188,90.0227,109.3171,231.8554,0.4711,0.8236
2015-04-19T03:05:59.434Z,5.9976,70.3237,233.9632,0.3004,0.0855,-8.0424,63.2765,232.5905,0.2721,-0.1309,90.2611,110.2521,231.9596,0.4753,0.8204
2015-04-19T03:06:59.903Z,6.2291,69.7668,232.6179,0.3001,0.0907,-8.1078,61.9909,233.3444,0.2659,-0.1305,91.0013,112.0501,232.9396,0.4809,0.813
2015-04-19T03:07:59.479Z,5.7568,69.2089,232.2234,0.2976,0.0849,-7.5227,60.1695,233.7092,0.2571,-0.1286,90.9757,110.9767,232.9743,0.4768,0.8211
2015-04-19T03:08:59.832Z,5.6012,69.4342,231.619,0.2992,0.0821,-7.4319,64.3112,233.2387,0.2757,-0.1165,90.2744,109.8348,232.329,0.4727,0.823
2015-04-19T03:09:59.250Z,6.3796,69.9543,231.7532,0.302,0.0924,-8.067,62.3501,232.7954,0.2682,-0.1303,90.7041,110.5111,232.8143,0.4747,0.8216
2015-04-19T03:10:59.081Z,6.8609,69.1336,232.4522,0.2975,0.0989,-7.812,63.4656,232.7765,0.2725,-0.1238,92.1246,112.4252,234.5615,0.4796,0.8204
2015-04-19T03:11:59.536Z,6.5512,71.1093,233.9188,0.3034,0.0931,-8.0504,63.7405,232.9942,0.2733,-0.127,92.4071,112.5904,234.688,0.4793,0.8212
2015-04-19T03:12:59.684Z,5.8663,69.6136,233.1584,0.2992,0.0848,-7.3532,61.8716,232.2112,0.2667,-0.1211,91.4667,111.7537,234.0055,0.4773,0.8196
2015-04-19T03:13:59.146Z,5.8068,69.7676,233.1854,0.2993,0.0831,-7.396,63.656,232.0243,0.275,-0.1189,91.0946,111.8159,233.2044,0.4792,0.8151
2015-04-19T03:14:59.398Z,5.3112,70.3458,233.0496,0.3021,0.0755,-7.3721,63.8777,231.9823,0.2752,-0.115,90.1908,110.0839,232.8342,0.4727,0.8201
2015-04-19T03:15:59.575Z,6.4397,69.3726,233.1213,0.2981,0.0942,-7.2396,62.4857,232.4727,0.2693,-0.1164,91.128,111.5797,233.2092,0.479,0.8171
2015-04-19T03:16:59.879Z,6.4876,69.9218,231.8631,0.3015,0.0936,-7.6334,64.0002,233.053,0.2746,-0.12,90.9943,111.304,232.8175,0.4781,0.8188
2015-04-19T03:17:59.244Z,6.3589,68.9422,231.0433,0.2981,0.0949,-8.0149,62.7766,232.462,0.2704,-0.1332,90.5719,110.3764,232.7533,0.4746,0.8219
2015-04-19T03:18:59.932Z,6.341,69.6097,231.6691,0.2998,0.0922,-8.2533,63.2158,231.5828,0.2728,-0.1348,90.7801,111.0645,232.9183,0.4766,0.8187
2015-04-19T03:19:59.204Z,6.3809,70.3079,232.3997,0.3028,0.0917,-7.5862,64.3249,229.854,0.28,-0.1228,91.9639,111.4266,234.1037,0.4758,0.826
2015-04-19T03:20:59.027Z,7.1749,69.3844,231.5324,0.2999,0.1052,-8.2644,63.8686,231.9151,0.2758,-0.131,92.4468,111.9829,234.4688,0.4778,0.8259
2015-04-19T03:21:59.333Z,6.6522,69.8348,232.1658,0.3005,0.0974,-7.6878,63.3663,233.9305,0.2708,-0.1216,91.4915,111.8126,233.8226,0.478,0.8192
2015-04-19T03:22:59.954Z,6.6539,70.3693,232.7108,0.3023,0.0947,-7.7082,62.3626,234.5422,0.2668,-0.1252,92.2377,111.5849,234.3426,0.4759,0.8279
2015-04-19T03:23:59.407Z,6.6528,69.7881,233.7312,0.2988,0.0962,-8.3051,62.982,232.3872,0.2716,-0.1352,93.5932,114.1152,235.6956,0.4844,0.8216
2015-04-19T03:24:59.125Z,6.1195,70.0593,233.6629,0.2998,0.089,-7.7429,62.2132,231.5562,0.2689,-0.1256,91.1289,111.7865,232.9243,0.4796,0.8162
2015-04-19T03:25:59.397Z,7.0014,70.6455,231.6259,0.3046,0.1008,-7.9999,62.6041,231.4613,0.2703,-0.1295,90.6041,110.7191,232.9562,0.4754,0.8186
2015-04-19T03:26:59.832Z,6.3014,69.416,230.7049,0.3011,0.0924,-7.3899,63.494,232.2083,0.2735,-0.1188,90.8276,110.8354,232.2949,0.4772,0.8205
2015-04-19T03:27:59.885Z,6.4581,69.5238,230.7199,0.3015,0.093,-7.8145,64.6885,232.3027,0.2779,-0.1242,90.1871,109.6592,232.1914,0.4726,0.8226
2015-04-19T03:28:59.338Z,6.3,69.7026,230.5434,0.3021,0.0896,-7.0179,63.2512,232.0409,0.2728,-0.1149,89.8444,110.3188,231.9382,0.4753,0.8149
2015-04-19T03:29:59.246Z,5.5442,68.9214,229.8752,0.3003,0.0803,-7.6786,62.1445,230.6982,0.2693,-0.1244,89.5901,109.6084,231.2091,0.4743,0.8185
2015-04-19T03:30:59.722Z,5.3772,68.7271,230.5045,0.2979,0.0802,-7.6628,63.7934,232.2858,0.2742,-0.1216,89.6368,109.2592,231.2088,0.4726,0.8211
2015-04-19T03:31:59.010Z,6.2664,70.3343,231.1008,0.3041,0.0897,-7.3866,63.797,233.1212,0.2736,-0.1191,90.3906,110.2211,232.9784,0.4732,0.8207
2015-04-19T03:32:59.602Z,6.8168,68.6447,231.8378,0.2962,0.099,-8.0578,62.3675,231.4012,0.2696,-0.133,91.6496,110.2951,233.2684,0.4722,0.8313
2015-04-19T03:33:59.831Z,6.8118,68.4878,232.3663,0.2942,0.1027,-8.1452,62.1132,230.0453,0.2704,-0.1368,90.458,110.6671,232.9108,0.4748,0.8186
2015-04-19T03:34:59.201Z,7.0617,69.6152,231.6679,0.3002,0.1022,-7.8589,64.5698,231.6133,0.2791,-0.1232,90.6578,111.0188,232.2611,0.4778,0.8179
2015-04-19T03:35:59.027Z,6.2673,69.8167,231.4138,0.3018,0.0907,-7.7251,62.1906,232.2863,0.2683,-0.1257,90.0163,109.709,231.5937,0.4738,0.821
2015-04-19T03:36:59.032Z,6.5122,68.842,230.5768,0.298,0.0953,-8.1171,62.5991,231.9452,0.27,-0.129,89.7059,110.3303,231.2581,0.4771,0.8136
2015-04-19T03:37:59.314Z,5.8008,70.1679,230.6185,0.304,0.083,-7.1807,62.1938,231.7544,0.2682,-0.1155,88.8801,109.086,230.3995,0.473,0.8153
2015-04-19T03:38:59.481Z,5.6109,68.0583,230.8341,0.2952,0.084,-7.4727,62.07,231.9257,0.2671,-0.1209,89.4198,109.6058,230.9813,0.4743,0.8163
2015-04-19T03:39:59.481Z,5.9671,70.5601,230.1254,0.3068,0.0849,-7.1235,63.3403,231.2663,0.2738,-0.1142,89.072,108.9743,230.929,0.4716,0.8177
2015-04-19T03:40:59.780Z,5.737,69.851,230.4022,0.3036,0.0823,-7.1885,62.7704,231.1996,0.2718,-0.1142,88.9213,108.9763,230.5382,0.4733,0.8164
2015-04-19T03:41:59.252Z,5.7942,68.9863,230.7988,0.2986,0.0852,-7.1428,62.7976,231.5929,0.2712,-0.1139,89.5346,109.253,231.1556,0.4724,0.8207
2015-04-19T03:42:59.115Z,6.1762,68.8023,230.1676,0.2986,0.0924,-7.463,62.7876,231.2777,0.2719,-0.1204,89.4316,110.0221,230.9532,0.4767,0.8134
2015-04-19T03:43:59.333Z,5.9998,69.4203,229.8919,0.3019,0.0871,-7.6129,61.5366,231.3186,0.2662,-0.1236,89.1604,108.1418,230.6644,0.4685,0.8243
2015-04-19T03:44:59.474Z,6.2626,69.827,229.9046,0.3037,0.091,-7.4146,62.0273,231.3264,0.2682,-0.1199,89.0612,108.2193,230.702,0.4695,0.8237
2015-04-19T03:45:59.057Z,6.4957,70.3292,231.2102,0.3042,0.0926,-7.7651,64.2556,231.1229,0.2781,-0.125,89.813,109.5561,232.081,0.4719,0.8211
2015-04-19T03:46:59.881Z,6.4562,69.8655,232.0452,0.3016,0.0932,-7.9685,63.8402,229.7933,0.2782,-0.1274,91.2707,111.0291,233.1534,0.4765,0.8224
2015-04-19T03:47:59.039Z,5.7036,69.4109,232.153,0.2987,0.0823,-7.3611,64.2879,232.2607,0.277,-0.1171,89.3134,108.9511,231.2471,0.4717,0.8201
2015-04-19T03:48:59.396Z,5.7215,69.6133,232.4453,0.2997,0.0833,-7.1909,63.1175,233.5975,0.2701,-0.1163,89.2668,108.7823,230.7924,0.4719,0.8215
2015-04-19T03:49:59.663Z,6.5931,69.4368,231.3149,0.2999,0.0946,-7.6777,61.2771,232.1581,0.2642,-0.1275,89.2988,109.4357,230.3547,0.4755,0.8175
2015-04-19T03:50:59.710Z,6.4663,69.5298,231.2193,0.3004,0.0915,-7.4026,62.3071,231.9355,0.2687,-0.1203,88.1111,108.3496,229.3408,0.4716,0.814
2015-04-19T03:51:59.220Z,5.9736,69.7969,233.0303,0.2996,0.0866,-7.4695,63.2234,232.4648,0.2718,-0.1196,87.9815,108.3421,229.0251,0.473,0.8134
2015-04-19T03:52:59.503Z,5.5633,68.8436,232.8498,0.2959,0.0827,-7.3593,61.8347,232.5443,0.2666,-0.1229,89.5692,109.282,230.2376,0.4747,0.8214
2015-04-19T03:54:59.544Z,6.2615,70.4246,232.4838,0.3028,0.0901,-7.6955,63.1647,232.2662,0.2716,-0.1236,89.3732,109.3745,230.5105,0.4747,0.8177
2015-04-19T03:55:59.505Z,6.3012,68.2599,232.502,0.2937,0.0928,-7.5738,63.4343,232.0797,0.2731,-0.1218,89.0352,108.9147,230.3061,0.4731,0.8176
2015-04-19T03:56:59.994Z,6.1899,70.5184,232.277,0.3036,0.0886,-6.9478,63.0543,232.079,0.2715,-0.1122,89.8424,109.7276,231.8025,0.4733,0.8197
2015-04-19T03:57:59.423Z,6.4262,68.9943,232.4192,0.2969,0.0936,-7.3948,62.3618,232.6804,0.2678,-0.1238,91.4392,111.5171,232.9492,0.4789,0.8209
2015-04-19T03:58:59.753Z,5.2811,68.9416,232.4059,0.2962,0.0765,-8.2118,64.889,233.644,0.2776,-0.1285,91.511,111.7379,233.5892,0.4789,0.8192
2015-04-19T03:59:59.086Z,6.0764,68.9666,231.2301,0.2986,0.0881,-7.1248,64.6681,232.1851,0.2788,-0.1119,89.7273,109.2619,231.5897,0.4726,0.8218
2015-04-19T04:00:59.445Z,6.3361,66.9511,231.7899,0.289,0.0947,-7.408,62.7566,232.0555,0.2713,-0.1204,90.0543,110.1163,231.0978,0.4768,0.8186
2015-04-19T04:01:59.722Z,6.6455,69.6546,231.032,0.3013,0.096,-7.5942,61.5964,231.3578,0.266,-0.1241,91.0522,111.6589,233.1979,0.4789,0.8156
2015-04-19T04:02:59.938Z,5.2598,68.359,231.1745,0.2957,0.0787,-7.223,60.5273,231.3373,0.2614,-0.1264,90.888,110.8999,233.4195,0.4751,0.8208
2015-04-19T04:03:59.964Z,6.4937,68.8136,231.3518,0.2973,0.0957,-7.4609,61.7471,231.2085,0.2669,-0.1209,91.2482,110.901,233.6874,0.4749,0.8233
2015-04-19T04:04:59.360Z,7.0722,69.9979,231.2603,0.3028,0.1012,-8.0044,63.9428,231.8754,0.2759,-0.1282,91.0414,111.1882,233.3752,0.4764,0.8196
2015-04-19T04:05:59.275Z,5.8168,69.1259,230.8963,0.2998,0.0836,-7.3092,63.84,232.0223,0.2748,-0.1175,90.9016,110.5999,233.4064,0.474,0.8221
2015-04-19T04:06:59.771Z,6.6479,69.8691,231.4853,0.3018,0.0961,-7.444,62.8493,231.578,0.2716,-0.119,90.5402,110.064,232.2316,0.4738,0.8225
2015-04-19T04:08:59.698Z,5.9022,69.9955,233.3739,0.3001,0.0852,-7.7419,62.794,230.0187,0.2728,-0.1248,91.2373,111.2632,233.5365,0.4766,0.8202
2015-04-19T04:09:59.267Z,6.777,69.1564,233.2297,0.2962,0.0984,-7.3148,63.2526,232.3748,0.272,-0.1192,89.8878,109.1075,231.6935,0.4703,0.8241
2015-04-19T04:10:59.997Z,5.9419,69.7571,234.5176,0.2973,0.0868,-7.4673,64.8369,233.3426,0.2777,-0.1171,90.2776,110.3316,231.3818,0.4771,0.8191
2015-04-19T04:11:59.166Z,5.5606,69.7874,233.5892,0.2987,0.0814,-7.1296,61.7491,232.7844,0.2647,-0.1156,89.4788,109.66,231.2967,0.4746,0.8166
2015-04-19T04:12:59.646Z,6.3704,67.8789,232.9605,0.2912,0.0952,-7.7096,63.2084,232.1283,0.2721,-0.1283,89.4612,109.6118,231.4061,0.474,0.8176
2015-04-19T04:13:59.009Z,6.4789,70.4586,232.9761,0.3022,0.0924,-7.8446,63.5016,232.2896,0.2731,-0.1258,89.2839,109.4341,231.1594,0.4737,0.8168
2015-04-19T04:14:59.150Z,6.9163,70.6422,232.798,0.303,0.0977,-7.441,62.9068,232.0722,0.2714,-0.1198,89.2982,109.4389,230.7673,0.4743,0.8166
2015-04-19T04:15:59.610Z,6.7412,68.7679,231.5633,0.2967,0.0984,-7.8647,64.5846,232.0214,0.278,-0.1237,90.5107,110.69,232.6824,0.4757,0.8184
2015-04-19T04:16:59.063Z,6.6886,68.6247,231.3904,0.2963,0.0982,-7.739,61.5042,231.8115,0.2657,-0.1288,89.3788,109.214,231.5235,0.4714,0.8187
2015-04-19T04:17:59.707Z,6.4084,69.5662,231.9686,0.2997,0.0932,-7.3364,63.1998,233.571,0.2709,-0.1168,89.668,109.6978,231.3669,0.4742,0.8181
2015-04-19T04:18:59.005Z,6.2257,70.3673,232.5761,0.3022,0.0894,-7.693,63.1869,233.5256,0.2709,-0.123,89.4309,109.1649,230.8874,0.4723,0.8207
2015-04-19T04:19:59.257Z,6.4656,71.1244,232.2935,0.3068,0.0919,-7.2937,62.9246,232.9598,0.2699,-0.1195,88.7289,108.7313,230.5395,0.472,0.8164
2015-04-19T04:20:59.394Z,6.6858,69.2526,231.9207,0.2988,0.0975,-7.9241,62.5037,233.6407,0.268,-0.1286,90.5466,110.1399,232.2816,0.474,0.8224
2015-04-19T04:21:59.066Z,6.5648,69.1462,232.6518,0.2978,0.0944,-7.3696,63.856,233.7056,0.2732,-0.1196,89.9367,109.4484,231.424,0.4731,0.8226
2015-04-19T04:22:59.085Z,6.6029,70.058,233.3315,0.3005,0.097,-7.7904,62.8698,234.4559,0.2679,-0.124,90.2375,111.3742,232.2477,0.4803,0.8114
2015-04-19T04:23:59.529Z,5.7854,69.6948,233.1407,0.2988,0.0837,-7.3574,66.421,234.9005,0.2829,-0.1132,91.5357,110.8313,233.3578,0.4748,0.8263
2015-04-19T04:24:59.885Z,6.5005,69.2118,232.9389,0.2971,0.0972,-7.8198,63.3658,234.6338,0.2699,-0.1246,91.8121,112.4564,233.7002,0.4812,0.8173
2015-04-19T04:25:59.750Z,6.2826,69.4691,232.4931,0.2989,0.0915,-7.9676,64.4495,234.069,0.2754,-0.1241,90.8278,110.1421,233.1136,0.4723,0.8246
2015-04-19T04:26:59.389Z,6.5593,69.9229,232.7699,0.3007,0.0953,-7.7923,62.5028,233.9178,0.267,-0.1272,92.1124,112.9152,233.6874,0.4834,0.8166
2015-04-19T04:27:59.841Z,6.8768,69.3078,232.7698,0.2978,0.1002,-7.9978,63.3648,234.3243,0.2705,-0.1302,91.7855,112.484,233.836,0.481,0.8176
2015-04-19T04:28:59.292Z,6.1208,70.5988,231.545,0.3048,0.0877,-7.6687,62.35,234.1129,0.2667,-0.1226,91.0787,111.6922,232.9844,0.4794,0.8162
2015-04-19T04:29:59.189Z,5.9158,70.0433,232.7261,0.3006,0.0854,-7.6642,65.7484,233.8444,0.2813,-0.1189,89.8,109.1238,231.4736,0.4711,0.8233
2015-04-19T04:30:59.522Z,6.5087,69.1126,232.5413,0.2971,0.0959,-7.949,62.545,233.9796,0.2678,-0.1295,89.8309,109.9793,231.3007,0.4753,0.8174
2015-04-19T04:31:59.802Z,5.844,69.8042,233.9484,0.2979,0.0853,-7.978,62.6643,234.4435,0.2675,-0.1298,89.1176,109.3377,230.8804,0.4735,0.8163
2015-04-19T04:32:59.125Z,6.2048,70.1998,234.7314,0.2994,0.0891,-7.529,63.8723,234.5034,0.2724,-0.1209,89.1826,110.03,231.1771,0.4763,0.8118
2015-04-19T04:33:59.787Z,6.0227,70.4818,235.1205,0.2996,0.0873,-7.3957,62.4223,233.6933,0.2671,-0.1185,88.922,109.213,230.2985,0.4738,0.8148
2015-04-19T04:34:59.304Z,6.4526,71.5372,235.8352,0.3034,0.0913,-6.981,64.1312,234.4392,0.2736,-0.1111,89.5586,110.1272,230.9548,0.477,0.8141
2015-04-19T04:35:59.831Z,5.8176,71.1923,235.6188,0.3023,0.0831,-7.5458,64.2363,234.8767,0.2733,-0.1209,90.5105,110.7247,232.388,0.4764,0.8182
2015-04-19T04:36:59.640Z,6.1214,70.4781,235.4964,0.2995,0.0891,-7.8303,62.5498,234.6767,0.2668,-0.1293,90.9327,110.8786,232.9508,0.4764,0.8211
2015-04-19T04:37:59.993Z,5.9524,70.1695,235.066,0.2985,0.087,-7.3402,64.3162,234.6122,0.2744,-0.1136,91.6608,111.7584,234.3376,0.4771,0.8212
2015-04-19T04:38:59.315Z,5.652,70.2254,233.6331,0.3004,0.0803,-7.1862,63.4561,233.4147,0.2711,-0.115,90.995,111.3813,232.7362,0.4782,0.8186
2015-04-19T04:39:59.882Z,6.1498,70.0061,234.6623,0.2985,0.0873,-7.8988,63.0646,233.9384,0.2699,-0.1271,89.0778,109.3928,231.3855,0.4732,0.815
2015-04-19T04:40:59.112Z,6.6372,69.745,234.017,0.298,0.0951,-7.9247,63.8589,233.9761,0.273,-0.1256,89.9353,109.6422,231.804,0.4731,0.8212
2015-04-19T04:41:59.735Z,6.1274,69.8293,232.3143,0.3007,0.0907,-7.4161,64.3667,233.9132,0.2753,-0.1203,91.1645,110.5308,233.5233,0.4735,0.8259
2015-04-19T04:42:59.905Z,6.4254,70.7621,232.5927,0.304,0.0927,-7.6752,62.7765,233.3436,0.2693,-0.1225,90.4385,110.08,232.584,0.4735,0.8224
2015-04-19T04:43:59.779Z,6.1729,69.5691,232.7078,0.2988,0.0896,-7.4457,62.7509,233.0574,0.2692,-0.1199,90.0355,109.4453,232.3727,0.4708,0.8233
2015-04-19T04:44:59.126Z,6.3172,70.4938,232.5597,0.3029,0.0901,-7.8431,61.9757,233.1487,0.2656,-0.1263,90.5278,110.0813,232.6862,0.4728,0.823
2015-04-19T04:45:59.974Z,6.3883,70.4584,232.421,0.303,0.0918,-7.3077,63.2915,233.6146,0.271,-0.1163,91.6893,111.2627,234.0305,0.4752,0.825
2015-04-19T04:46:59.282Z,6.4761,69.5329,232.5063,0.299,0.0939,-8.0572,63.3309,233.8156,0.2714,-0.1279,91.6317,112.1553,234.2298,0.479,0.8177
2015-04-19T04:47:59.864Z,6.457,68.6452,233.9159,0.2934,0.0947,-7.8233,62.1789,233.6215,0.2662,-0.129,91.9298,112.3349,234.0379,0.4801,0.8192
2015-04-19T04:48:59.414Z,6.7473,70.3429,234.1801,0.3003,0.0955,-7.584,62.019,232.4696,0.2669,-0.1226,90.2279,110.2612,232.2113,0.4747,0.8198
2015-04-19T04:49:59.384Z,6.1303,69.7278,233.682,0.2987,0.0907,-6.9415,63.9514,231.8249,0.2764,-0.1109,90.0196,109.3603,231.6027,0.4725,0.824
2015-04-19T04:50:59.001Z,5.1102,70.5991,232.4221,0.3039,0.0742,-7.0472,64.6012,231.317,0.2792,-0.1107,89.9042,109.4346,231.5289,0.4722,0.8223
2015-04-19T04:51:59.276Z,5.6404,68.8225,232.737,0.2959,0.0823,-7.706,62.5448,231.3837,0.2701,-0.1252,88.7613,108.3916,229.7401,0.4715,0.8199
2015-04-19T04:52:59.506Z,6.339,69.0184,231.1937,0.2985,0.092,-7.6668,61.9923,229.6522,0.2696,-0.1251,88.0185,108.4383,229.3829,0.4726,0.8125
2015-04-19T04:53:59.084Z,6.189,69.14,230.1803,0.3004,0.0896,-6.8352,62.944,228.9916,0.2748,-0.1122,88.9796,108.822,230.8428,0.4717,0.8187
2015-04-19T04:54:59.896Z,6.3827,68.7023,230.947,0.2968,0.094,-7.4795,62.8353,229.7055,0.2737,-0.1203,89.7636,110.045,231.5315,0.4754,0.8168
2015-04-19T04:55:59.349Z,6.5486,69.3761,231.8636,0.2986,0.0959,-7.8444,62.9433,229.7008,0.2742,-0.1266,89.4808,110.5056,231.3503,0.4779,0.8108
2015-04-19T04:56:59.022Z,6.3342,68.6071,233.1217,0.2943,0.0941,-7.4368,61.8399,230.8472,0.2677,-0.1233,89.3861,109.1412,230.8384,0.473,0.8206
2015-04-19T04:57:59.386Z,6.8661,69.5285,232.9449,0.2987,0.0988,-8.0187,62.6121,231.0091,0.2707,-0.1295,89.3552,109.0242,231.2049,0.4714,0.8202
2015-04-19T04:58:59.883Z,5.545,70.0258,233.2935,0.3001,0.081,-7.0011,64.5787,232.3501,0.2778,-0.1114,89.1149,108.8974,230.341,0.4725,0.819
2015-04-19T04:59:59.246Z,6.1714,69.5104,232.1182,0.2993,0.0887,-7.5004,64.6428,232.8002,0.2779,-0.1191,88.1876,107.8697,229.4772,0.4706,0.8178
2015-04-19T05:00:59.557Z,6.1802,67.7273,232.3476,0.2916,0.0946,-7.6692,61.4515,232.5046,0.2644,-0.1248,87.9409,106.9044,229.0976,0.467,0.8236
2015-04-19T05:01:59.959Z,6.1226,70.2858,231.6742,0.3037,0.0874,-7.8951,61.601,230.1032,0.2673,-0.1312,89.3671,108.7309,231.0599,0.4708,0.8229
2015-04-19T05:02:59.556Z,5.8923,69.3095,230.8846,0.2992,0.0864,-7.787,58.9821,228.2807,0.258,-0.1347,90.8121,108.8777,232.4498,0.4687,0.8341
2015-04-19T05:03:59.778Z,6.1021,68.9077,229.5652,0.3003,0.0891,-7.6067,62.2511,229.6553,0.2709,-0.1243,89.8373,110.4005,232.0942,0.4754,0.8145
2015-04-19T05:04:59.586Z,5.6255,70.5945,231.8156,0.3045,0.0805,-7.272,62.2995,229.671,0.2719,-0.1179,89.3625,109.5991,230.8108,0.4748,0.8159
2015-04-19T05:05:59.255Z,6.0973,69.4044,232.1186,0.2991,0.0881,-6.6087,62.396,230.0588,0.271,-0.1089,113.2534,133.548,230.4526,0.5799,0.836
2015-04-19T05:06:59.540Z,746.8742,1103.052,231.3676,4.7751,0.5467,758.8571,1159.0881,229.8592,5.0491,0.4773,1212.5481,1657.1549,229.6224,7.2183,0.7621
2015-04-19T05:07:59.345Z,1035.723,1451.6818,231.2439,6.2781,0.7132,1069.268,1548.3653,229.8093,6.7374,0.6902,1527.5479,2090.9569,230.2022,9.0822,0.7302
2015-04-19T05:08:59.377Z,1108.0906,1497.4792,230.6574,6.4922,0.7393,1145.2347,1609.9599,229.3572,7.0198,0.711,1582.0793,2124.3402,228.8858,9.2815,0.7445
2015-04-19T05:09:59.013Z,1191.1431,1550.8364,231.6301,6.6949,0.7681,1203.7585,1680.7085,229.2561,7.3313,0.7162,1602.2063,2119.042,226.2801,9.3639,0.7565
2015-04-19T05:10:59.116Z,1200.0433,1551.6443,231.4276,6.7047,0.7737,1209.648,1688.6183,229.4174,7.3596,0.7162,1596.8331,2105.7923,225.561,9.3351,0.7588
2015-04-19T05:11:59.644Z,1222.8267,1578.1321,231.9091,6.8043,0.7749,1210.5869,1700.573,229.6736,7.4046,0.7119,1601.1264,2103.1149,225.5228,9.3253,0.7608
2015-04-19T05:12:59.080Z,1241.4425,1599.3097,232.0173,6.8926,0.7765,1213.4513,1701.3706,229.4289,7.4154,0.7128,1612.7612,2103.6228,225.2064,9.3403,0.7672
2015-04-19T05:13:59.518Z,1263.0591,1613.7471,232.2327,6.9489,0.7819,1219.6209,1711.5571,229.3743,7.4617,0.7124,1612.7959,2089.3261,224.3774,9.3113,0.7716
2015-04-19T05:14:59.926Z,1259.2548,1625.3019,232.686,6.9847,0.7745,1234.6341,1719.3497,229.6138,7.4877,0.7186,1638.6395,2128.6202,226.1211,9.4137,0.77
2015-04-19T05:15:59.181Z,1252.1759,1616.1657,231.5595,6.9793,0.7751,1251.3268,1712.7156,228.8511,7.4838,0.7303,1661.9857,2155.183,226.7294,9.5056,0.7709
2015-04-19T05:16:59.908Z,1250.2795,1616.7226,231.1993,6.993,0.7725,1269.7778,1719.7153,228.9554,7.5108,0.739,1681.3156,2181.1946,227.2342,9.5987,0.7702
2015-04-19T05:17:59.055Z,1255.1834,1615.1209,231.4298,6.9788,0.7773,1254.4169,1715.4772,228.6202,7.5039,0.7307,1654.4676,2143.0318,226.2739,9.4709,0.771
2015-04-19T05:18:59.471Z,1280.4017,1623.7079,231.4834,7.0141,0.789,1269.0141,1741.5441,229.1654,7.5998,0.729,1638.3152,2116.6563,224.6041,9.4239,0.7732
2015-04-19T05:19:59.883Z,1241.6948,1580.9948,230.9099,6.8461,0.7853,1236.7513,1706.4992,228.8747,7.4557,0.7242,1604.0719,2082.7157,224.3264,9.2847,0.7708
2015-04-19T05:20:59.399Z,1181.3537,1529.4637,229.8281,6.6548,0.7724,1204.4525,1654.4798,228.4674,7.2413,0.7284,1585.0648,2073.4331,225.2781,9.2036,0.7636
2015-04-19T05:21:59.277Z,1167.0466,1520.5515,229.5625,6.6238,0.7673,1206.8975,1648.8636,228.7482,7.208,0.7318,1590.7992,2091.0967,226.4082,9.2354,0.7606
2015-04-19T05:22:59.588Z,1146.3224,1504.473,229.2389,6.5623,0.7617,1224.4546,1656.8411,229.2349,7.2272,0.7393,1600.7006,2121.2948,227.568,9.3211,0.7543
2015-04-19T05:23:59.088Z,1102.034,1469.4526,228.8663,6.4203,0.7492,1192.2514,1624.5403,229.1899,7.0882,0.733,1575.0973,2108.5067,228.4331,9.2306,0.7468
2015-04-19T05:24:59.835Z,925.235,1326.708,229.5226,5.7804,0.6967,1016.9927,1498.9271,229.9172,6.519,0.6779,1400.2982,1972.6885,229.167,8.6085,0.7099
2015-04-19T05:25:59.649Z,922.9,1306.0621,230.3362,5.6701,0.7072,965.4052,1486.3318,229.8974,6.4651,0.6496,1323.7661,1874.319,226.7087,8.2672,0.7063
2015-04-19T05:26:59.858Z,963.2916,1356.2753,231.1903,5.866,0.7103,980.1337,1482.3478,228.5072,6.4867,0.661,1384.1646,1905.1587,226.1604,8.4236,0.7269
2015-04-19T05:27:59.203Z,952.6164,1385.9631,232.0652,5.9716,0.6872,974.5812,1450.9956,227.1524,6.388,0.671,1444.5452,1966.4433,228.2816,8.6134,0.7339
2015-04-19T05:28:59.744Z,486.2679,740.8362,231.596,3.2053,0.3999,500.2167,782.569,228.8856,3.4322,0.2922,792.2636,1082.4668,228.921,4.7398,0.7721
2015-04-19T05:29:59.472Z,332.8591,588.1623,231.8149,2.5443,0.3051,336.6931,609.1697,229.7561,2.6583,0.1784,426.731,692.4343,229.6564,3.0229,0.7221
2015-04-19T05:30:59.022Z,6.2369,68.6822,232.3382,0.2958,0.0918,-7.2536,62.3208,230.8062,0.2701,-0.117,138.1844,169.1219,232.0127,0.7291,0.8166
2015-04-19T05:31:59.382Z,533.7491,762.7023,231.4258,3.3089,0.3974,567.9871,853.5424,229.8392,3.7303,0.2926,1064.6633,1363.2068,230.4803,5.9263,0.8196
2015-04-19T05:32:59.067Z,1117.2706,1504.9599,229.9019,6.5464,0.7431,1162.2428,1613.6328,228.5864,7.0592,0.7204,1587.4155,2104.9796,228.3199,9.2188,0.7536
2015-04-19T05:33:59.896Z,1042.5801,1441.0821,231.1447,6.2347,0.7234,1049.4536,1542.7908,228.9467,6.7385,0.68,1468.8221,1986.9311,227.6184,8.7288,0.7389
2015-04-19T05:34:59.299Z,1101.6402,1494.3987,231.4555,6.4567,0.7368,1107.9762,1592.3875,228.9006,6.9568,0.6958,1529.457,2037.4474,227.4481,8.9578,0.7508
2015-04-19T05:35:59.599Z,1052.0797,1465.7489,231.8311,6.3221,0.7178,1038.6708,1526.2986,227.8878,6.6973,0.6803,1489.9471,1992.7709,227.6003,8.7552,0.7478
2015-04-19T05:36:59.048Z,1015.7518,1426.6107,231.1281,6.1725,0.7119,1035.1926,1507.5475,227.323,6.6316,0.6865,1477.1893,1991.6771,228.4547,8.7173,0.7416
2015-04-19T05:37:59.717Z,1002.8919,1402.8468,230.1367,6.0952,0.7143,1064.5448,1517.7391,227.4765,6.6719,0.7016,1485.4105,2012.6014,228.5226,8.8064,0.7386
2015-04-19T05:38:59.033Z,1007.9519,1398.6561,230.3438,6.0722,0.7206,1060.3806,1528.038,228.4803,6.6876,0.6935,1462.5262,1988.4874,227.783,8.7292,0.7358
2015-04-19T05:39:59.690Z,1050.7373,1418.4467,231.2173,6.1347,0.7405,1081.1185,1580.8577,229.7916,6.8796,0.6842,1437.5534,1959.4424,226.5062,8.6504,0.7329
2015-04-19T05:40:59.093Z,1042.3345,1414.7156,231.3956,6.1136,0.7367,1075.9047,1580.8269,230.2707,6.8643,0.6806,1430.9296,1958.8319,226.7651,8.6379,0.7303
2015-04-19T05:41:59.533Z,1014.5521,1407.149,230.4356,6.1061,0.7209,1069.9052,1540.233,229.3178,6.7164,0.694,1470.7534,2001.381,228.099,8.7742,0.7344
2015-04-19T05:42:59.863Z,1023.8023,1423.2394,229.9893,6.1887,0.7199,1061.7271,1520.0622,228.5936,6.6496,0.6986,1489.8946,2003.133,227.8643,8.7911,0.743
2015-04-19T05:43:59.715Z,1047.8715,1425.2107,229.8376,6.2008,0.7351,1075.2682,1550.7018,229.2329,6.7643,0.6936,1465.1521,1973.3519,226.6902,8.7048,0.7415
2015-04-19T05:44:59.744Z,1051.9766,1433.4461,229.9643,6.2331,0.734,1077.8804,1552.6611,229.2393,6.773,0.6941,1475.0799,1986.9448,227.5432,8.7322,0.7414
2015-04-19T05:45:59.180Z,1061.8037,1428.9676,229.0952,6.2372,0.7431,1086.5367,1551.371,228.5644,6.7872,0.7008,1474.5194,1972.6589,226.5308,8.7076,0.7476
2015-04-19T05:46:59.513Z,1077.1639,1438.924,228.3881,6.3006,0.7483,1079.3489,1525.0911,226.5972,6.7292,0.7073,1492.457,1959.4394,225.3648,8.6948,0.7617
2015-04-19T05:47:59.671Z,1062.6147,1449.1303,229.1542,6.324,0.7328,1068.7038,1498.3757,225.6207,6.6411,0.713,1527.377,1996.7353,226.5163,8.8148,0.7647
2015-04-19T05:48:59.070Z,1041.6124,1449.7283,229.4972,6.3174,0.7187,1065.5321,1482.7313,225.3007,6.5809,0.7184,1551.9215,2032.9699,228.0563,8.9143,0.7629
2015-04-19T05:49:59.835Z,1053.9357,1453.2151,229.778,6.324,0.7243,1078.6565,1517.8313,226.8913,6.6887,0.7109,1529.1201,2021.5442,228.0798,8.8633,0.7565
2015-04-19T05:50:59.157Z,1070.199,1426.324,228.9958,6.2283,0.7507,1122.3539,1584.1914,229.1756,6.9124,0.7085,1480.0743,1989.3205,226.6417,8.7773,0.7441
2015-04-19T05:51:59.689Z,1061.1451,1401.9081,227.5053,6.1619,0.757,1153.0063,1589.8789,228.8063,6.9481,0.7248,1495.7937,2009.861,226.4118,8.8765,0.7444
2015-04-19T05:52:59.886Z,1055.2411,1398.0023,227.4162,6.1464,0.7548,1153.9004,1589.4147,228.9843,6.9409,0.7257,1494.4752,2014.9129,226.7277,8.8868,0.7419
2015-04-19T05:53:59.518Z,1038.3958,1377.2994,225.9283,6.0965,0.754,1172.979,1587.6051,229.2262,6.9263,0.7391,1506.4078,2037.087,226.8799,8.9783,0.7393
2015-04-19T05:54:59.897Z,1052.2748,1385.9477,225.7961,6.1382,0.7592,1172.2474,1582.6442,228.2042,6.9349,0.7406,1512.8594,2027.6499,226.5788,8.9488,0.7464
2015-04-19T05:55:59.359Z,1026.3182,1394.3646,225.8271,6.1737,0.7356,1153.8426,1527.6336,226.0325,6.7582,0.7556,1574.1134,2087.0322,228.621,9.1285,0.754
2015-04-19T05:56:59.476Z,1018.4944,1390.6965,225.8067,6.1587,0.7322,1173.4461,1548.2367,227.2527,6.8115,0.758,1577.8267,2112.4355,229.4956,9.2047,0.747
2015-04-19T05:57:59.774Z,1038.4586,1379.6752,226.2179,6.0988,0.7531,1199.1769,1608.8852,229.4457,7.0123,0.7451,1523.3473,2070.2888,228.1749,9.0729,0.7356
2015-04-19T05:58:59.050Z,1060.0658,1393.6936,226.7237,6.147,0.7602,1202.6473,1618.0635,229.3036,7.0561,0.7434,1523.0411,2055.0435,226.9631,9.0545,0.7403
2015-04-19T05:59:59.651Z,1051.632,1394.8123,226.52,6.158,0.7538,1194.6881,1600.2138,229.1642,6.9831,0.7469,1538.869,2070.858,227.5101,9.1019,0.7421
2015-04-19T06:00:59.084Z,1050.2107,1415.8524,227.8223,6.2144,0.7416,1198.1192,1610.1886,230.0147,6.9997,0.7438,1558.3309,2109.3543,229.334,9.1978,0.7392
2015-04-19T06:01:59.296Z,1061.1774,1419.5862,227.5669,6.238,0.7478,1184.9481,1598.4623,229.3825,6.9678,0.7422,1553.4615,2083.6031,228.3779,9.1235,0.7456
2015-04-19T06:03:59.232Z,1078.294,1426.5694,226.0338,6.311,0.7557,1183.0795,1579.2707,228.3049,6.917,0.7484,1566.2621,2067.9201,226.7578,9.1194,0.757
2015-04-19T06:04:59.650Z,1092.9487,1487.2807,228.7748,6.5004,0.7343,1136.8752,1522.1183,225.186,6.7591,0.7467,1626.5047,2096.7258,227.6118,9.2114,0.7758
2015-04-19T06:05:59.422Z,1070.1746,1462.1649,228.1839,6.4078,0.7322,1153.8016,1538.4064,226.1266,6.802,0.7503,1615.2822,2112.613,229.1048,9.2208,0.7644
2015-04-19T06:06:59.670Z,1118.4367,1495.8804,230.5334,6.4892,0.7477,1174.7179,1608.859,228.0651,7.0543,0.7299,1579.9952,2082.3057,228.7659,9.1022,0.7584
2015-04-19T06:07:59.856Z,1114.736,1474.1985,229.6739,6.4185,0.7562,1182.2435,1618.8383,228.4374,7.0863,0.7301,1551.3555,2057.5266,228.0139,9.0235,0.7543
2015-04-19T06:08:59.578Z,1140.8034,1486.6628,228.5766,6.5038,0.7672,1190.5373,1621.7508,228.0063,7.1127,0.7343,1560.2773,2046.4586,226.7052,9.0268,0.7622
2015-04-19T06:09:59.961Z,1131.1198,1484.4299,228.7363,6.4894,0.762,1174.3977,1605.894,228.332,7.0333,0.7313,1558.729,2041.9804,226.5064,9.0149,0.763
2015-04-19T06:10:59.255Z,1149.1943,1489.2172,227.7364,6.5386,0.772,1196.9206,1620.3044,227.903,7.1094,0.7384,1570.108,2046.3423,225.8534,9.0601,0.7677
2015-04-19T06:11:59.618Z,1096.477,1452.0247,225.89,6.428,0.7552,1196.1922,1586.0694,228.0089,6.9556,0.7537,1597.078,2097.8021,228.125,9.1954,0.762
2015-04-19T06:12:59.843Z,1122.0433,1482.6017,226.7313,6.5393,0.7567,1195.3152,1581.4084,227.0429,6.965,0.756,1622.3303,2102.1373,227.0872,9.2561,0.7718
2015-04-19T06:13:59.840Z,1129.896,1491.709,228.057,6.5401,0.7574,1169.7948,1572.2838,226.5857,6.939,0.7436,1599.2742,2066.18,226.1828,9.135,0.7738
2015-04-19T06:14:59.647Z,1185.5317,1533.2454,229.3128,6.6861,0.7731,1176.6102,1605.6865,226.3711,7.0926,0.7329,1586.4016,2031.0321,224.8247,9.0338,0.7809
2015-04-19T06:15:59.094Z,1151.9036,1516.5596,228.8588,6.6267,0.7592,1165.3943,1585.6427,226.4527,7.0013,0.7352,1595.1924,2058.924,226.8339,9.0763,0.774
2015-04-19T06:16:59.333Z,1158.9137,1552.778,229.1451,6.7758,0.7467,1150.4693,1542.3057,224.214,6.8787,0.7462,1658.4547,2098.8023,227.2544,9.2352,0.7893
2015-04-19T06:17:59.463Z,1161.2043,1530.9471,229.832,6.6609,0.7588,1163.248,1584.9732,226.4787,6.9981,0.734,1602.7087,2058.2609,225.8412,9.1132,0.7783
2015-04-19T06:18:59.867Z,1175.4164,1512.162,228.6493,6.6138,0.7769,1215.655,1642.7514,228.3408,7.194,0.7394,1586.6029,2055.7366,224.5539,9.1542,0.7711
2015-04-19T06:19:59.175Z,1184.2239,1536.9516,229.2617,6.7031,0.771,1171.361,1603.6232,226.7036,7.0733,0.7303,1586.4528,2031.0091,224.7784,9.0358,0.7803
2015-04-19T06:20:59.894Z,1151.6597,1525.1449,227.7268,6.6965,0.7545,1184.8918,1564.9211,225.239,6.9478,0.7571,1658.3156,2110.9829,226.4064,9.3231,0.7859
2015-04-19T06:21:59.298Z,1130.8882,1530.473,228.4237,6.7007,0.7389,1162.449,1536.7256,224.814,6.8354,0.7571,1674.2788,2134.0026,228.0112,9.3587,0.7849
2015-04-19T06:22:59.373Z,1171.1845,1527.026,227.8176,6.7029,0.7675,1207.6512,1613.668,227.4963,7.0921,0.748,1624.8398,2089.7563,225.8147,9.2528,0.7773
2015-04-19T06:23:59.676Z,1192.7721,1530.9067,228.9438,6.6867,0.7791,1204.9137,1640.1199,227.8628,7.1971,0.7346,1581.1638,2037.4889,224.4454,9.0772,0.7769
2015-04-19T06:24:59.649Z,1183.1139,1528.9461,228.3721,6.6952,0.774,1222.8616,1640.855,227.8434,7.2017,0.7452,1612.4632,2081.6332,225.675,9.2232,0.7748
2015-04-19T06:25:59.056Z,1196.0167,1533.5083,229.1624,6.6919,0.7799,1206.2742,1641.429,227.8081,7.2057,0.7347,1585.2914,2041.9556,224.1809,9.1084,0.7765
2015-04-19T06:26:59.250Z,1186.3241,1503.3879,227.1387,6.6182,0.789,1252.7212,1670.8244,228.9602,7.2974,0.7494,1587.7466,2060.6407,223.7526,9.2094,0.7713
2015-04-19T06:27:59.623Z,1198.3941,1525.1526,229.0092,6.6599,0.7858,1232.7013,1671.6551,228.8423,7.3044,0.7373,1580.1594,2048.0581,224.0874,9.1398,0.7718
2015-04-19T06:28:59.051Z,1194.0287,1542.2264,229.2478,6.7274,0.7749,1219.4725,1633.4928,226.8063,7.2011,0.7471,1626.5742,2082.7024,224.9842,9.2563,0.7807
2015-04-19T06:29:59.591Z,1164.3211,1551.1329,229.8382,6.749,0.7506,1193.1956,1582.9539,224.8479,7.0399,0.7536,1674.5422,2133.4203,227.4981,9.3774,0.7851
2015-04-19T06:30:59.858Z,1168.3834,1549.7018,229.2677,6.7594,0.7537,1208.9091,1602.5564,226.1401,7.0857,0.7544,1668.5982,2137.5251,227.7002,9.3874,0.7814
2015-04-19T06:31:59.506Z,1176.8611,1538.9708,229.5993,6.7025,0.7643,1234.1017,1651.2942,228.2119,7.2362,0.7471,1633.6634,2118.6158,227.1937,9.3235,0.7707
2015-04-19T06:32:59.192Z,1210.0029,1557.5007,230.3321,6.7615,0.7765,1213.9381,1648.0526,226.8152,7.2661,0.7366,1603.4446,2057.0756,225.1778,9.1347,0.7792
2015-04-19T06:33:59.589Z,1210.3689,1563.3501,230.5526,6.7805,0.7737,1218.3129,1652.7716,226.9792,7.281,0.737,1614.7303,2073.7849,226.1586,9.1689,0.7785
2015-04-19T06:34:59.036Z,1167.4157,1513.1467,229.0267,6.6069,0.7715,1259.8151,1674.6834,229.0099,7.3125,0.7523,1619.9575,2120.3327,226.8622,9.3458,0.7642
2015-04-19T06:35:59.261Z,1167.3699,1498.5182,228.2887,6.5636,0.7791,1277.5936,1691.2128,229.2839,7.3757,0.7552,1609.6691,2114.1781,226.2197,9.3454,0.7612
2015-04-19T06:36:59.598Z,1213.4342,1525.5434,228.9521,6.6632,0.7962,1269.481,1704.5464,229.2013,7.4369,0.7448,1585.9443,2056.4539,223.3499,9.2062,0.7713
2015-04-19T06:37:59.006Z,1158.0108,1538.1713,228.0843,6.7433,0.7533,1229.8975,1596.6906,225.7419,7.0728,0.7701,1703.0154,2174.8466,228.1291,9.5333,0.7834
2015-04-19T06:38:59.647Z,1155.3258,1554.2592,228.8526,6.7911,0.7429,1217.6062,1579.579,224.9514,7.0221,0.7708,1725.657,2196.679,229.3871,9.5759,0.7866
2015-04-19T06:39:59.900Z,1181.6773,1573.0278,229.6248,6.8506,0.7516,1212.152,1587.9567,224.6591,7.068,0.7634,1712.1168,2167.4019,228.1931,9.4981,0.7893
2015-04-19T06:40:59.546Z,1187.8883,1554.7485,228.7962,6.7954,0.764,1234.9679,1613.6949,225.1187,7.1678,0.7653,1686.2675,2140.5102,226.2703,9.4596,0.7876
2015-04-19T06:41:59.034Z,1189.0182,1544.3252,228.4172,6.7605,0.7698,1259.0287,1654.0663,227.7103,7.2636,0.7614,1664.7093,2143.3356,226.79,9.4505,0.777
2015-04-19T06:42:59.525Z,1152.2356,1507.7751,226.7959,6.6478,0.7638,1286.9152,1655.3664,228.2332,7.2529,0.7779,1685.6162,2192.6089,228.1145,9.6118,0.7695
2015-04-19T06:43:59.297Z,1150.5448,1498.8275,225.8082,6.6373,0.7678,1298.0575,1659.5475,228.3006,7.2684,0.7827,1687.2072,2195.2043,228.0755,9.6249,0.769
2015-04-19T06:44:59.400Z,1175.6473,1517.7487,226.408,6.703,0.7744,1286.9202,1656.8718,227.3766,7.2868,0.7771,1680.4063,2163.9371,226.5029,9.5529,0.7764
2015-04-19T06:45:59.699Z,1161.0199,1507.0377,225.6586,6.6777,0.7698,1281.948,1617.7308,224.7336,7.1982,0.7922,1717.5913,2184.9411,225.9876,9.6682,0.7866
2015-04-19T06:46:59.473Z,1160.8112,1506.9771,226.0245,6.6671,0.7707,1285.3969,1620.3988,224.6184,7.2142,0.7934,1722.4456,2191.4947,226.0756,9.6936,0.7864
2015-04-19T06:47:59.003Z,1152.1804,1497.7564,225.7549,6.6344,0.7692,1306.2654,1648.9518,226.323,7.2853,0.7917,1711.4154,2205.4653,227.2965,9.7024,0.7765
2015-04-19T06:48:59.832Z,1148.8887,1493.8582,224.9739,6.6401,0.7691,1313.2174,1654.4796,227.1756,7.2831,0.7941,1712.9996,2216.5966,227.8468,9.7282,0.7727
2015-04-19T06:49:59.082Z,1156.4092,1532.678,225.961,6.7826,0.7544,1270.922,1598.3304,224.7248,7.1119,0.7952,1760.3215,2235.047,228.5051,9.7811,0.7879
2015-04-19T06:50:59.704Z,1183.7857,1570.6317,227.2368,6.9118,0.7536,1240.5298,1575.3764,223.2946,7.0549,0.7874,1766.9926,2212.4104,227.6276,9.7187,0.7989
2015-04-19T06:51:59.592Z,1182.6842,1582.9062,228.0686,6.9404,0.7471,1236.6628,1572.4393,223.0657,7.0489,0.7868,1777.8802,2229.3577,228.9091,9.7384,0.7976
2015-04-19T06:52:59.866Z,1183.1749,1566.9578,227.5592,6.8864,0.7556,1257.7918,1592.7117,223.3317,7.131,0.7898,1768.7173,2222.9458,228.2079,9.7401,0.7968
2015-04-19T06:53:59.176Z,1193.5119,1573.4917,227.555,6.9145,0.7584,1255.851,1592.3181,222.7325,7.1498,0.7892,1765.4431,2210.9607,227.6961,9.7094,0.7984
2015-04-19T06:54:59.935Z,1205.7136,1595.1313,228.3085,6.9864,0.7556,1243.5195,1582.5265,222.4225,7.1146,0.7851,1776.4531,2214.1942,227.803,9.7189,0.8016
2015-04-19T06:55:59.570Z,1199.02,1583.6227,226.7891,6.9821,0.757,1247.8348,1566.9352,221.5746,7.0715,0.7962,1794.171,2223.2497,227.3998,9.7764,0.8067
2015-04-19T06:56:59.979Z,1196.357,1588.915,227.1101,6.996,0.7531,1243.4513,1565.7388,222.2297,7.0458,0.7938,1800.6511,2235.1804,227.7611,9.8134,0.8063
2015-04-19T06:57:59.367Z,1184.7049,1593.7954,229.0356,6.9585,0.7426,1247.4476,1588.958,224.2842,7.0848,0.7852,1791.4781,2252.6271,229.1654,9.8297,0.7955
2015-04-19T06:58:59.164Z,1201.3147,1615.2778,229.9269,7.0249,0.7436,1245.273,1596.4984,224.5024,7.1113,0.7809,1793.4927,2249.5051,229.2001,9.8143,0.7975
2015-04-19T06:59:59.039Z,1207.7251,1607.5839,230.0408,6.9879,0.7509,1257.9311,1622.9958,225.6904,7.1906,0.7752,1771.284,2234.1464,228.8199,9.7631,0.793
2015-04-19T07:00:59.359Z,1207.6189,1604.93,230.5708,6.9603,0.752,1276.2517,1652.987,227.6094,7.2624,0.7724,1760.0972,2241.7164,228.9806,9.7898,0.7851
2015-04-19T07:01:59.331Z,1202.3309,1615.5163,230.2683,7.0156,0.7439,1257.6675,1616.1988,225.5487,7.1645,0.7778,1791.2947,2258.3413,229.5572,9.8372,0.7927
2015-04-19T07:02:59.271Z,1207.1867,1640.596,230.5422,7.1159,0.736,1237.7963,1589.268,224.788,7.0699,0.7791,1820.2368,2278.4898,230.3133,9.893,0.7996
2015-04-19T07:03:59.543Z,1192.3272,1614.3378,229.1773,7.0438,0.7388,1259.8637,1596.6345,224.9213,7.0989,0.7893,1829.8235,2296.999,230.316,9.9736,0.7967
2015-04-19T07:04:59.128Z,1198.1816,1627.0897,228.9142,7.108,0.7367,1250.5088,1577.773,224.1339,7.0388,0.7926,1849.8238,2305.9887,230.3336,10.011,0.8013
2015-04-19T07:05:59.215Z,1194.1432,1614.1053,227.8124,7.0847,0.7395,1259.8739,1577.1727,224.0857,7.0385,0.7991,1853.8405,2307.5342,229.7934,10.0423,0.803
2015-04-19T07:06:59.576Z,1198.4589,1615.4382,228.0721,7.0828,0.7419,1264.8781,1586.6488,224.1192,7.0796,0.7977,1847.1231,2304.113,229.9087,10.0217,0.8014
2015-04-19T07:07:59.653Z,1216.8278,1592.6224,227.728,6.993,0.7641,1311.0851,1658.8463,226.2232,7.3326,0.7904,1786.2204,2259.1902,228.3348,9.894,0.7907
2015-04-19T07:08:59.014Z,1237.8545,1594.6883,227.7423,7.0017,0.7763,1352.8517,1707.775,226.8553,7.5277,0.7918,1782.6465,2265.1943,227.939,9.938,0.7877
2015-04-19T07:09:59.223Z,883.4432,1167.0982,229.33,5.0996,0.5584,919.7797,1176.306,225.2009,5.2347,0.5191,1363.725,1682.1112,228.4504,7.377,0.8226
2015-04-19T07:10:59.436Z,6.1777,74.0079,229.2271,0.3225,0.0838,-7.55,64.9891,227.1293,0.2859,-0.1175,34.4366,85.6387,230.0768,0.372,0.2929
2015-04-19T07:11:59.442Z,7.0623,72.4903,228.51,0.3174,0.0974,-7.3463,67.4254,226.3931,0.2974,-0.1118,11.427,68.8627,231.24,0.2984,0.1676
2015-04-19T07:12:59.711Z,7.0226,73.9586,229.6121,0.3215,0.0963,-7.9598,66.2151,225.7623,0.2933,-0.1219,11.5142,69.9235,231.8595,0.3016,0.1648
2015-04-19T07:13:59.930Z,6.9338,73.868,229.4381,0.3213,0.0941,-8.0741,65.848,226.4832,0.2912,-0.1241,11.3995,69.2418,231.7069,0.2991,0.1656
2015-04-19T07:14:59.982Z,6.2798,72.9721,229.2712,0.3181,0.0854,-7.5943,66.3389,228.5242,0.2903,-0.1171,11.0437,69.1141,232.0878,0.2973,0.1615
2015-04-19T07:15:59.177Z,6.8081,71.6493,229.5551,0.312,0.0962,-7.787,65.7344,230.076,0.286,-0.1226,11.3998,69.4599,232.2351,0.298,0.1646
2015-04-19T07:16:59.738Z,7.3863,73.9421,229.6951,0.3215,0.1007,-7.228,67.7987,230.1518,0.295,-0.1086,11.2248,68.4154,231.5292,0.2955,0.1637
2015-04-19T07:17:59.891Z,6.9847,74.7969,231.0638,0.3229,0.0948,-7.6563,65.9547,229.8836,0.2869,-0.1171,10.89,68.4425,230.0678,0.2985,0.1596
2015-04-19T07:18:59.886Z,6.9129,74.4344,231.4326,0.3212,0.0947,-8.1356,67.3474,227.7963,0.2963,-0.1201,11.53,68.4011,230.4164,0.2965,0.1695
2015-04-19T07:19:59.377Z,7.2967,74.1693,233.0218,0.3182,0.1001,-7.6511,65.3572,227.4438,0.2877,-0.1189,10.8003,69.1759,230.3602,0.3002,0.1612
2015-04-19T07:20:59.652Z,7.4033,74.3586,232.9878,0.3189,0.101,-8.1144,65.98,228.8735,0.2888,-0.124,11.563,69.4151,231.7804,0.2995,0.1685
2015-04-19T07:21:59.097Z,7.4037,74.6657,232.6833,0.321,0.0996,-7.531,69.1383,230.7196,0.2999,-0.1108,11.4963,69.3127,231.2789,0.299,0.1662
2015-04-19T07:22:59.572Z,6.7123,73.7755,231.9786,0.3175,0.0912,-7.8077,67.5047,231.3412,0.2917,-0.1154,10.4192,69.072,232.8222,0.2961,0.151
2015-04-19T07:23:59.077Z,6.8958,74.9508,231.3801,0.324,0.0931,-7.1046,68.607,231.3702,0.2961,-0.1052,11.5494,69.787,232.4567,0.3006,0.1648
2015-04-19T07:24:59.569Z,7.4605,73.8527,231.2163,0.3196,0.1017,-7.5596,69.507,230.1086,0.3022,-0.1113,11.3123,71.6236,233.54,0.307,0.158
2015-04-19T07:25:59.438Z,7.2109,74.6899,231.0439,0.3238,0.0973,-7.9333,66.8877,228.4552,0.2928,-0.123,11.3456,70.2151,234.1833,0.2997,0.1621
2015-04-19T07:26:59.104Z,6.9735,74.6349,231.3737,0.3221,0.093,-8.146,65.2708,229.3792,0.2848,-0.1251,11.0212,71.7912,234.1002,0.3066,0.1538
2015-04-19T07:27:59.892Z,6.1638,73.988,230.7117,0.3203,0.084,-7.6765,68.8149,231.8221,0.297,-0.1146,11.3645,71.7352,233.598,0.3073,0.1585
2015-04-19T07:28:59.214Z,7.0828,73.9608,230.6467,0.3203,0.097,-7.5401,66.5944,232.4594,0.2863,-0.1152,10.8532,70.8744,232.6593,0.3046,0.1539
2015-04-19T07:29:59.980Z,6.8235,73.8118,231.6275,0.3189,0.094,-7.4987,67.2899,232.4524,0.2899,-0.1133,11.3779,70.4282,231.7126,0.3045,0.1613
2015-04-19T07:30:59.985Z,6.6824,74.0164,232.0141,0.3188,0.0918,-7.201,68.3612,232.137,0.2943,-0.109,10.8045,69.0105,230.7227,0.2992,0.1612
2015-04-19T07:31:59.204Z,6.8581,74.6079,232.0866,0.3213,0.0918,-7.8844,65.8043,232.4287,0.2833,-0.1211,11.1837,69.3331,231.2327,0.2996,0.1621
2015-04-19T07:32:59.548Z,6.7504,76.1359,233.0952,0.3268,0.0901,-8.1305,67.0251,229.3779,0.2924,-0.1217,11.0722,68.911,230.9966,0.2986,0.1603
2015-04-19T07:33:59.699Z,7.29,74.3167,231.5516,0.3214,0.099,-7.6103,68.64,228.7633,0.2997,-0.1119,11.2546,69.839,232.5345,0.3007,0.1619
2015-04-19T07:34:59.011Z,6.9568,73.0081,230.0843,0.3172,0.0973,-7.6359,67.8033,230.8929,0.2929,-0.1144,10.7948,68.9168,232.009,0.2974,0.1582
2015-04-19T07:35:59.996Z,6.6067,73.8245,229.7077,0.3213,0.0907,-7.5705,68.4535,231.3538,0.2957,-0.1116,11.6835,70.9114,232.8848,0.3039,0.1655
2015-04-19T07:36:59.698Z,5.1404,73.8364,229.2755,0.3212,0.0712,-7.3808,69.962,231.8692,0.3014,-0.1082,11.4202,69.1957,233.2314,0.2969,0.1654
2015-04-19T07:37:59.815Z,4.8677,74.6384,228.9944,0.3259,0.0658,-7.0754,68.7512,231.2653,0.2971,-0.1046,10.7744,68.3705,232.6973,0.2938,0.1562
2015-04-19T07:38:59.374Z,4.8681,73.8376,229.8046,0.3209,0.0667,-7.4728,67.3686,230.6032,0.2916,-0.1137,10.9107,69.8701,231.7259,0.3017,0.1573
2015-04-19T07:39:59.608Z,5.4904,73.0811,230.4492,0.3171,0.0775,-7.0054,67.0842,230.3232,0.2912,-0.1051,10.6838,69.4197,230.9405,0.3007,0.154
2015-04-19T07:40:59.421Z,5.5325,72.9668,229.8289,0.3176,0.0758,-7.3177,66.7847,228.299,0.2927,-0.1101,11.3459,68.5895,230.6601,0.2981,0.1675
2015-04-19T07:41:59.039Z,5.9413,74.0812,230.4921,0.321,0.081,-7.2394,67.5202,226.7023,0.2979,-0.1082,11.2337,68.4534,230.8381,0.2968,0.1637
2015-04-19T07:42:59.466Z,5.2689,73.5335,230.7992,0.3189,0.0723,-7.079,68.7298,230.074,0.2984,-0.1037,11.5043,68.229,229.3166,0.2976,0.1698
2015-04-19T07:43:59.771Z,5.5718,73.8805,230.502,0.3209,0.076,-7.4837,67.8405,231.1789,0.2933,-0.1111,10.6822,67.9786,228.5448,0.2973,0.1575
2015-04-19T07:44:59.645Z,5.1968,73.0054,229.7265,0.318,0.0714,-6.8052,68.1133,231.3205,0.2946,-0.1026,11.5093,68.7869,230.1969,0.2988,0.1688
2015-04-19T07:45:59.166Z,5.9137,73.0909,229.8368,0.3177,0.0818,-7.1703,66.6813,230.4893,0.2894,-0.1096,11.0163,68.8193,229.8053,0.299,0.1648
2015-04-19T07:46:59.185Z,7.1413,72.7186,229.4849,0.3174,0.0982,-7.3553,65.5862,229.9307,0.2855,-0.1123,11.3505,68.8884,229.3503,0.3005,0.1667
2015-04-19T07:47:59.524Z,7.3811,73.8701,231.2245,0.3196,0.0999,-7.5225,68.2044,230.3737,0.2959,-0.1115,10.4689,67.8191,227.1765,0.2988,0.1557
2015-04-19T07:48:59.025Z,7.1014,74.3323,232.3294,0.3198,0.0958,-7.4488,67.3878,231.2368,0.2913,-0.1123,11.2069,68.0571,227.9257,0.2991,0.1647
2015-04-19T07:49:59.385Z,6.9537,74.274,231.9114,0.3201,0.0945,-7.1673,68.0197,229.8524,0.2959,-0.1067,11.0452,68.2929,229.2498,0.298,0.1604
2015-04-19T07:50:59.658Z,6.8831,74.952,231.8226,0.3229,0.0922,-7.529,65.972,227.7486,0.2901,-0.1165,10.9192,69.5401,230.6138,0.3014,0.156
2015-04-19T07:51:59.274Z,6.1573,75.0752,231.446,0.3248,0.0833,-7.8459,65.5304,227.4322,0.2882,-0.1203,11.0051,69.5095,230.7493,0.3012,0.1591
2015-04-19T07:52:59.646Z,6.7291,75.2146,231.3681,0.3247,0.0898,-7.3876,67.2169,228.6891,0.2942,-0.1113,11.4309,68.9133,230.4192,0.2989,0.166
2015-04-19T07:53:59.205Z,6.9361,74.5249,231.7533,0.321,0.0938,-7.5523,68.4163,228.1573,0.3001,-0.1116,10.5092,68.7377,229.9089,0.2992,0.1536
2015-04-19T07:54:59.377Z,6.333,73.1001,230.0942,0.3176,0.086,-7.7989,66.8484,228.1491,0.293,-0.1177,11.4486,69.552,230.8387,0.3011,0.1642
2015-04-19T07:55:59.476Z,6.5718,74.4465,228.9137,0.3248,0.0879,-7.3626,68.7176,228.0749,0.3007,-0.1088,10.9058,69.1808,230.9503,0.2993,0.1591
2015-04-19T07:56:59.660Z,7.0062,73.5179,229.1556,0.3207,0.0966,-7.7589,66.2826,228.133,0.2904,-0.118,11.1111,67.8947,230.9197,0.2945,0.1643
2015-04-19T07:57:59.365Z,6.5833,74.6679,230.248,0.3241,0.0884,-7.8606,66.7622,227.7864,0.2934,-0.119,11.488,69.839,232.1809,0.3006,0.1653
2015-04-19T07:58:59.847Z,6.7498,73.8593,229.9921,0.3209,0.0928,-7.7463,65.3573,225.4299,0.29,-0.1223,11.184,68.5751,231.7621,0.2957,0.1674
2015-04-19T07:59:59.227Z,6.2457,72.0279,230.316,0.3123,0.0874,-7.6289,65.5146,224.9942,0.2911,-0.1243,11.4008,67.3713,232.2499,0.2903,0.1752
