2015-02-02T00:00:59.103Z,5.0223,70.2904,230.3324,0.304,0.0736,3.1822,63.0554,226.268,0.2787,0.0514,3.103,64.2049,230.8624,0.2783,0.0516
2015-02-02T00:01:59.443Z,5.789,74.4174,230.1697,0.3229,0.079,3.4862,64.4149,229.3088,0.2807,0.0547,3.2518,67.8264,230.3075,0.2948,0.0492
2015-02-02T00:02:59.704Z,4.8355,73.2566,229.8656,0.3178,0.0662,2.4105,65.6889,229.3836,0.2862,0.0379,56.444,105.9188,230.2569,0.4607,0.3864
2015-02-02T00:03:59.922Z,2.6431,72.4909,229.7695,0.3157,0.0355,3.5147,66.3466,229.2882,0.2892,0.0549,8.7491,69.3474,229.9218,0.3016,0.0835
2015-02-02T00:04:59.164Z,2.6139,71.3439,229.3641,0.3108,0.0373,2.6617,64.9674,229.1349,0.2836,0.0431,2.7618,65.7972,229.8583,0.2856,0.0464
2015-02-02T00:05:59.575Z,2.8013,71.6495,229.4929,0.3113,0.039,2.4989,65.1815,228.5841,0.2852,0.039,2.3067,66.1907,229.5827,0.2885,0.0387
2015-02-02T00:06:59.722Z,1.9099,71.6081,229.4266,0.3126,0.0274,2.8125,65.5105,229.2419,0.2858,0.0442,2.3858,65.3379,229.243,0.2856,0.0362
2015-02-02T00:07:59.894Z,2.1547,72.5586,229.956,0.3149,0.0305,3.2627,66.4221,228.4743,0.2911,0.0485,2.8997,65.4129,228.9386,0.2864,0.0443
2015-02-02T00:08:59.101Z,2.2282,72.8019,230.0751,0.3164,0.0298,2.321,65.8304,228.6332,0.2881,0.0357,2.7537,65.5146,229.4599,0.2858,0.0428
2015-02-02T00:09:59.444Z,3.8275,72.3031,230.4243,0.3141,0.053,2.7725,66.4489,229.631,0.2899,0.042,3.438,66.5023,231.1604,0.2876,0.0516
2015-02-02T00:10:59.630Z,2.4611,72.5515,231.2921,0.3136,0.034,3.1677,64.9882,228.4184,0.2847,0.0512,3.2507,66.0465,232.1565,0.2843,0.0521
2015-02-02T00:11:59.894Z,2.8358,73.9838,230.8497,0.3201,0.038,3.1679,66.4911,230.7493,0.2886,0.0512,3.2986,66.469,232.4662,0.2855,0.0504
2015-02-02T00:12:59.135Z,2.1042,73.349,230.4966,0.3181,0.0293,3.2217,66.8387,231.2437,0.289,0.049,25.9987,85.1019,232.3836,0.3662,0.1858
2015-02-02T00:13:59.448Z,3.9113,73.6454,230.6563,0.3192,0.054,3.0608,67.8025,231.2088,0.2934,0.0459,42.8711,96.5852,232.0838,0.4169,0.2949
2015-02-02T00:14:59.705Z,3.6643,73.6256,230.864,0.319,0.0512,3.5199,66.1374,230.8969,0.286,0.0535,3.1137,66.7253,232.7887,0.2867,0.0473
2015-02-02T00:15:59.928Z,2.6937,73.3632,231.3449,0.3171,0.0368,3.1942,66.5343,230.3946,0.2891,0.0487,2.9567,66.8976,232.5633,0.2878,0.0445
2015-02-02T00:16:59.250Z,2.3323,72.5679,231.612,0.3129,0.0333,3.197,65.7957,230.6863,0.2852,0.049,3.1828,65.9541,232.7367,0.2831,0.0482
2015-02-02T00:17:59.470Z,2.8421,73.8079,232.8086,0.3167,0.0393,3.3928,65.0267,229.4742,0.2834,0.0526,2.9552,67.9309,232.3577,0.2922,0.0425
2015-02-02T00:18:59.817Z,2.4096,72.9103,233.1587,0.3116,0.0332,2.5842,66.9822,229.5031,0.2915,0.041,3.1848,67.341,232.7636,0.2897,0.0453
2015-02-02T00:19:59.025Z,2.7686,73.2523,232.6356,0.3148,0.0384,2.6784,65.621,231.0957,0.2842,0.0419,3.7766,67.613,233.2558,0.2898,0.0568
2015-02-02T00:20:59.262Z,2.5557,74.2834,232.7313,0.3186,0.033,3.1867,67.9846,231.79,0.2933,0.0484,2.7707,66.2975,232.8954,0.2845,0.0434
2015-02-02T00:21:59.546Z,3.6226,73.3031,232.6368,0.3154,0.0502,3.1668,67.3322,231.7498,0.2905,0.0465,2.9356,67.1007,232.6895,0.288,0.044
2015-02-02T00:22:59.922Z,3.3355,73.692,232.693,0.317,0.046,2.969,66.8458,231.689,0.2882,0.043,3.4474,65.6027,231.9461,0.2826,0.053
2015-02-02T00:23:59.356Z,4.8693,71.357,232.9,0.3063,0.0686,2.5339,62.742,232.0414,0.2702,0.042,63.5336,108.4166,230.0136,0.4721,0.4396
2015-02-02T00:24:59.612Z,5.8171,74.2844,232.3236,0.3196,0.0784,2.6752,65.4729,231.8182,0.2825,0.0391,3.6913,65.7574,232.2756,0.2835,0.0581
2015-02-02T00:25:59.112Z,6.3617,72.9859,232.8937,0.3132,0.0868,2.5368,65.1651,229.019,0.2842,0.0392,2.9904,66.1012,232.9939,0.2838,0.0498
2015-02-02T00:26:59.388Z,5.8885,74.7108,232.4197,0.3213,0.0789,2.6043,66.3228,229.1821,0.2893,0.0383,2.6342,66.3808,232.7308,0.2849,0.0396
2015-02-02T00:27:59.611Z,5.721,74.1008,231.8005,0.3202,0.0779,2.8097,65.5447,231.0645,0.284,0.0414,3.36,67.7036,231.1892,0.2924,0.0499
2015-02-02T00:28:59.879Z,6.2581,74.8487,232.2126,0.3221,0.0849,2.7097,67.0038,231.3868,0.2891,0.0404,3.1881,66.4768,231.6882,0.2875,0.0473
2015-02-02T00:29:59.152Z,5.5157,73.6912,232.6234,0.3163,0.0756,2.324,66.085,231.4527,0.2857,0.0364,3.0097,66.8886,232.7378,0.2867,0.0449
2015-02-02T00:30:59.484Z,5.1092,73.0914,233.2132,0.3133,0.07,2.2447,67.7726,231.5851,0.2923,0.0336,3.2579,66.6428,232.8507,0.2864,0.0488
2015-02-02T00:31:59.714Z,5.9363,73.1743,232.9241,0.314,0.0822,2.6415,67.387,231.3393,0.2915,0.0403,3.3195,66.4545,232.5695,0.286,0.051
2015-02-02T00:32:59.901Z,5.6933,74.1791,232.4727,0.3188,0.0769,3.0354,67.4263,231.6144,0.2914,0.0442,2.8663,67.5108,232.8562,0.2892,0.0418
2015-02-02T00:33:59.171Z,4.7374,74.0491,232.6738,0.3177,0.0636,2.2939,67.5817,231.985,0.2912,0.0338,117.3897,154.6289,233.0967,0.6626,0.5799
2015-02-02T00:34:59.400Z,4.5589,73.1033,232.4934,0.3147,0.0626,3.2773,65.6374,231.6685,0.2832,0.0507,83.4063,106.1596,233.1887,0.4552,0.7874
2015-02-02T00:35:59.714Z,5.4897,74.1225,231.8709,0.3196,0.0755,2.4581,68.0769,230.5904,0.2956,0.0368,83.1265,106.0211,232.6149,0.4554,0.7837
2015-02-02T00:36:59.843Z,5.1712,72.7189,231.4217,0.3147,0.0724,2.6178,65.4422,231.0445,0.2833,0.0412,82.4552,105.29,232.1976,0.4534,0.7842
2015-02-02T00:37:59.973Z,5.5093,72.9103,230.8571,0.3158,0.0767,2.8142,64.4405,230.5353,0.2796,0.0435,81.7912,103.7156,231.3488,0.4485,0.7892
2015-02-02T00:38:59.080Z,5.4716,74.4343,231.9455,0.3206,0.0743,2.5497,66.8118,231.1538,0.2892,0.0379,82.5537,105.7262,232.5854,0.4548,0.7809
2015-02-02T00:39:59.284Z,5.9945,73.1584,232.2003,0.3152,0.0827,2.6034,66.9678,232.4408,0.2879,0.0382,83.5232,106.4707,233.4776,0.4558,0.7862
2015-02-02T00:40:59.540Z,4.8404,73.2413,231.6988,0.317,0.0662,2.621,65.8392,232.2214,0.2833,0.04,83.4349,107.199,233.9714,0.4578,0.78
2015-02-02T00:41:59.833Z,5.0252,73.3629,231.7079,0.3165,0.0699,2.9597,67.241,232.0477,0.2898,0.0444,83.204,106.1133,233.2773,0.4542,0.7858
2015-02-02T00:42:59.136Z,4.7922,73.0381,232.6137,0.3136,0.0649,2.6414,67.1121,232.1094,0.2898,0.0396,83.0061,106.5953,232.9123,0.4574,0.7803
2015-02-02T00:43:59.430Z,4.8508,74.7493,234.0253,0.3199,0.0653,2.6173,65.7463,232.0676,0.2838,0.0423,127.5309,151.2978,233.4997,0.6475,0.8207
2015-02-02T00:44:59.672Z,4.9937,74.8653,233.6765,0.3203,0.0673,2.3685,65.9805,231.7503,0.2847,0.0363,100.7696,123.4847,233.3281,0.529,0.8021
2015-02-02T00:45:59.915Z,5.4703,74.7155,233.6525,0.3197,0.0742,3.1848,66.0862,230.5372,0.2867,0.0487,82.8851,106.7865,233.0042,0.4577,0.7775
2015-02-02T00:46:59.154Z,5.5796,74.9299,233.3592,0.3208,0.0749,2.1649,66.8124,230.8936,0.2893,0.0339,82.6801,105.5158,232.8772,0.4534,0.7837
2015-02-02T00:47:59.458Z,5.1484,74.7498,231.9164,0.3224,0.0709,2.5088,67.2648,231.0016,0.2909,0.0386,82.9193,106.6665,233.5796,0.4568,0.7771
2015-02-02T00:48:59.651Z,5.163,74.1175,233.2788,0.3178,0.0709,2.7866,66.5129,232.3022,0.2863,0.0423,83.5621,107.8729,234.1601,0.4608,0.7753
2015-02-02T00:49:59.969Z,4.7285,75.5329,233.7349,0.323,0.0635,2.144,67.2546,232.6446,0.2887,0.0334,92.9789,116.699,233.8858,0.4986,0.7892
2015-02-02T00:50:59.217Z,532.384,860.241,232.6897,3.7055,0.4158,563.1125,910.4416,231.7804,3.9379,0.4104,989.9829,1419.501,231.7249,6.1448,0.7628
2015-02-02T00:51:59.394Z,933.9071,1405.2742,232.1976,6.0521,0.6643,963.6134,1470.2876,230.8428,6.3686,0.6553,1437.0921,2020.8094,230.7708,8.7566,0.7106
2015-02-02T00:52:59.587Z,970.2692,1469.0168,232.9432,6.3059,0.6611,984.1308,1464.43,229.0902,6.3919,0.672,1522.0606,2082.5292,232.0022,8.9761,0.7311
2015-02-02T00:53:59.049Z,965.4794,1461.5886,233.4494,6.2609,0.6602,973.6428,1467.3726,229.1397,6.4027,0.6637,1497.1699,2055.3617,231.5418,8.876,0.7283
2015-02-02T00:54:59.296Z,983.8499,1436.0386,232.5361,6.1754,0.685,1031.951,1538.2806,231.2649,6.6516,0.6714,1466.0391,2048.7817,230.8392,8.8752,0.7151
2015-02-02T00:55:59.590Z,987.5004,1434.8431,232.0202,6.1837,0.6882,1037.8816,1529.7076,230.6203,6.6327,0.6787,1479.1818,2049.0889,230.2977,8.8974,0.7214
2015-02-02T00:56:59.817Z,991.0148,1444.1832,231.4051,6.2408,0.6863,1034.1562,1507.176,229.9617,6.5532,0.6861,1504.3078,2056.8508,229.9831,8.9431,0.7317
2015-02-02T00:57:59.202Z,993.3739,1456.1042,231.2747,6.2961,0.6821,1038.0648,1507.8115,230.2733,6.5479,0.6882,1518.6212,2078.4863,231.071,8.9945,0.7304
2015-02-02T00:58:59.471Z,652.1231,985.4812,232.4744,4.2523,0.467,677.8902,1012.6624,231.6177,4.388,0.4634,1026.5606,1401.63,232.7406,6.0469,0.7564
2015-02-02T00:59:59.705Z,198.5918,469.4278,233.6152,2.0165,0.2092,212.636,471.349,232.6266,2.0322,0.1992,308.1773,569.2008,233.7852,2.4427,0.6975
