2015-03-29T00:00:59.420Z,7.2374,48.1518,232.6078,0.207,0.1516,-6.6191,37.9879,230.6981,0.1648,-0.1879,10.6124,39.3652,231.6867,0.1699,0.2786
2015-03-29T00:01:59.845Z,6.5996,49.494,233.1813,0.2121,0.134,-6.0421,34.012,230.9392,0.1476,-0.194,11.0077,39.5136,232.3996,0.1699,0.2848
2015-03-29T00:02:59.085Z,6.7589,48.4842,233.4884,0.2078,0.139,-6.5581,34.4501,231.6383,0.1482,-0.2063,10.8407,38.7232,233.0444,0.1662,0.2868
2015-03-29T00:03:59.973Z,6.4963,48.6084,233.9893,0.2077,0.1351,-7.222,35.4749,231.6579,0.1529,-0.2082,10.1823,38.6585,233.3833,0.166,0.2775
2015-03-29T00:04:59.637Z,4.8507,49.933,233.8554,0.2134,0.0973,-6.8334,35.0182,232.0923,0.1512,-0.2036,11.2219,37.1447,233.6423,0.1595,0.308
2015-03-29T00:05:59.298Z,5.4589,47.9824,233.7697,0.2054,0.1146,-6.4063,33.1094,232.489,0.1427,-0.1998,10.5728,40.2052,233.3498,0.1729,0.2782
2015-03-29T00:06:59.662Z,5.4358,48.5778,233.6337,0.208,0.111,-7.2746,36.9718,232.8698,0.159,-0.2019,10.7063,38.7632,233.5488,0.1656,0.2878
2015-03-29T00:07:59.108Z,5.9016,47.4922,233.0031,0.2038,0.1248,-6.2602,34.2586,232.849,0.1478,-0.1889,10.7347,39.401,233.1889,0.1687,0.2789
2015-03-29T00:08:59.598Z,5.5459,48.6342,233.0947,0.2079,0.1174,-6.6976,34.8877,232.5296,0.1501,-0.2003,11.0764,38.0242,232.8122,0.1628,0.3014
2015-03-29T00:09:59.794Z,6.8792,48.3226,232.6026,0.2078,0.1413,-7.6613,36.9795,232.4927,0.1589,-0.212,11.028,37.5749,233.3132,0.1615,0.2979
2015-03-29T00:10:59.472Z,7.1398,48.6286,232.9712,0.2087,0.146,-6.7713,36.0223,232.8018,0.1545,-0.2055,10.7174,37.9082,233.4875,0.162,0.2925
2015-03-29T00:11:59.808Z,5.2558,47.7124,232.6704,0.2053,0.1102,-6.7286,37.5181,232.7401,0.1611,-0.1864,10.7305,37.7888,232.6966,0.1618,0.2921
2015-03-29T00:12:59.162Z,5.3042,48.5492,231.6091,0.2097,0.1116,-6.3412,32.7497,232.6524,0.1406,-0.2041,11.0914,39.024,232.4212,0.1673,0.2897
2015-03-29T00:13:59.324Z,5.4047,47.2697,231.694,0.2042,0.1135,-6.4593,35.99,232.8453,0.1545,-0.1893,10.5447,36.2124,232.274,0.156,0.3016
2015-03-29T00:14:59.018Z,4.9462,48.8556,230.7608,0.2119,0.1012,-6.829,35.2667,232.6537,0.1514,-0.1969,10.9449,38.2827,231.679,0.1652,0.2946
2015-03-29T00:15:59.707Z,5.0924,48.5921,231.5323,0.2097,0.1033,-6.664,35.5466,232.7859,0.1529,-0.1904,10.3052,38.1014,231.7784,0.1646,0.2815
2015-03-29T00:16:59.305Z,4.939,48.1797,231.6182,0.2079,0.1027,-6.4484,36.8319,233.1502,0.158,-0.1844,11.2993,37.6501,232.1778,0.1621,0.308
2015-03-29T00:17:59.932Z,5.1392,47.3249,231.225,0.2048,0.1084,-6.9659,33.3414,233.1099,0.1432,-0.2116,11.3288,40.4068,232.3584,0.1743,0.2916
2015-03-29T00:18:59.355Z,4.8448,47.8538,231.9466,0.2066,0.1043,-6.3883,35.1106,232.7532,0.1516,-0.1821,10.7668,36.9431,232.3362,0.159,0.3036
2015-03-29T00:19:59.711Z,5.6362,49.1018,232.1384,0.2116,0.1148,-6.6179,35.6244,232.9323,0.1529,-0.2013,10.5209,37.9193,233.0205,0.1625,0.2852
2015-03-29T00:20:59.010Z,4.8107,48.7074,232.3248,0.2091,0.0986,-6.4679,34.1736,232.84,0.1467,-0.1938,10.7309,37.5937,233.3297,0.1617,0.2961
2015-03-29T00:21:59.702Z,5.2886,48.7157,232.4937,0.2091,0.1085,-6.8351,33.9361,232.7627,0.1458,-0.2089,10.3029,38.2239,232.7121,0.164,0.2809
2015-03-29T00:22:59.901Z,6.1174,47.7869,232.4942,0.2053,0.1277,-6.3157,34.3582,232.9678,0.1475,-0.191,10.5915,38.0825,232.4336,0.1638,0.2849
2015-03-29T00:23:59.930Z,5.6766,48.6433,232.5791,0.2093,0.1165,-6.7711,35.777,232.474,0.1538,-0.1977,10.5699,37.177,232.4593,0.1599,0.2943
2015-03-29T00:24:59.298Z,5.4228,48.605,233.1031,0.2089,0.1096,-6.1628,35.8914,232.4844,0.155,-0.179,10.4492,36.6119,232.0006,0.1574,0.2992
2015-03-29T00:25:59.614Z,5.3615,48.7533,232.7681,0.2096,0.1102,-6.6957,35.0018,232.432,0.1509,-0.2005,10.3174,38.524,231.4888,0.1668,0.2799
2015-03-29T00:26:59.866Z,5.2723,48.1674,232.0845,0.2077,0.1104,-6.7988,37.0521,232.7661,0.1592,-0.1923,10.8689,38.3886,232.276,0.1654,0.2914
2015-03-29T00:27:59.252Z,5.3842,46.6898,232.2554,0.201,0.1157,-6.7236,34.393,232.2387,0.1476,-0.2024,10.408,37.3807,232.3103,0.1613,0.2902
2015-03-29T00:28:59.613Z,5.2789,49.1804,232.3404,0.212,0.106,-6.9314,35.5968,231.9308,0.1537,-0.2014,10.767,38.7145,232.8977,0.1658,0.2911
2015-03-29T00:29:59.854Z,5.595,48.6761,232.878,0.2092,0.1136,-6.9472,35.3638,230.011,0.1539,-0.2077,11.0955,39.4357,233.8212,0.1685,0.2887
2015-03-29T00:30:59.828Z,5.4304,47.9597,232.5009,0.2067,0.1139,-6.8938,35.601,230.6542,0.1542,-0.2051,10.8282,38.1559,233.163,0.1632,0.2952
2015-03-29T00:31:59.329Z,5.9103,48.6152,232.7792,0.2088,0.1216,-6.5587,38.7378,232.86,0.1662,-0.1769,10.7921,38.1778,232.2083,0.1642,0.2919
2015-03-29T00:32:59.465Z,5.4591,47.9615,232.6021,0.2063,0.1151,-6.5278,36.1803,232.7085,0.1551,-0.188,10.668,39.1904,232.1655,0.1687,0.2828
2015-03-29T00:33:59.770Z,5.1574,48.18,232.9014,0.2062,0.1062,-6.7218,32.0408,232.5259,0.1379,-0.2133,11.0546,38.3049,232.429,0.1654,0.2958
2015-03-29T00:34:59.016Z,5.2166,49.5624,233.1268,0.2124,0.1053,-6.8073,34.7212,232.5127,0.1497,-0.205,10.7778,38.3779,232.2022,0.1649,0.2893
2015-03-29T00:35:59.652Z,5.5607,48.7591,233.1515,0.2088,0.1151,-6.5309,36.9682,231.7838,0.159,-0.188,10.8564,38.4966,232.2011,0.1658,0.2907
2015-03-29T00:36:59.089Z,6.2831,47.5199,231.5992,0.205,0.1319,-6.7629,36.8794,231.7784,0.1588,-0.1879,10.8477,39.1916,231.4089,0.1696,0.2858
2015-03-29T00:37:59.477Z,5.9754,49.0766,231.3655,0.2121,0.1219,-7.0226,35.3748,232.6357,0.1522,-0.2101,10.3114,37.4396,231.1913,0.1616,0.2848
2015-03-29T00:38:59.689Z,6.4644,48.3704,231.3291,0.2097,0.1363,-6.8208,36.1278,232.5605,0.1554,-0.2043,10.4122,37.1799,230.9877,0.1609,0.2857
2015-03-29T00:39:59.260Z,6.829,48.4063,232.1655,0.2082,0.1419,-7.0803,34.7223,231.6847,0.1509,-0.2129,11.0148,38.7558,231.6273,0.1673,0.2865
2015-03-29T00:40:59.715Z,6.7505,48.2122,233.167,0.2067,0.1411,-7.2421,35.0379,229.9937,0.1521,-0.213,10.8854,39.2674,231.9944,0.1692,0.2838
2015-03-29T00:41:59.199Z,6.3686,48.4741,233.1416,0.2077,0.1318,-6.7178,35.1573,230.9602,0.152,-0.204,11.1167,38.8991,231.551,0.168,0.2933
2015-03-29T00:42:59.568Z,7.2688,49.0517,233.1841,0.2103,0.1468,-6.6222,37.7243,233.3938,0.1614,-0.1927,10.9045,37.2927,231.2615,0.1612,0.2991
2015-03-29T00:43:59.971Z,7.0636,48.4809,232.9303,0.208,0.1454,-7.6526,36.5649,231.9401,0.1576,-0.2205,11.2734,39.9967,231.7148,0.1722,0.2938
2015-03-29T00:44:59.320Z,6.6021,49.0909,233.1182,0.2109,0.1338,-6.8488,34.8039,230.7591,0.1514,-0.2122,10.9511,36.5931,233.2246,0.1571,0.3041
2015-03-29T00:45:59.568Z,6.0446,48.3301,232.7445,0.2078,0.1241,-6.8624,35.6429,233.5136,0.1523,-0.2047,10.4552,37.7743,232.493,0.1622,0.283
2015-03-29T00:46:59.655Z,5.5627,47.681,232.7826,0.2044,0.1171,-6.8251,35.7976,233.6955,0.1536,-0.1951,10.872,38.2325,232.4185,0.1647,0.2964
2015-03-29T00:48:59.124Z,5.403,49.2923,232.569,0.2122,0.1091,-6.6001,35.1476,233.186,0.1508,-0.1965,10.7254,36.9249,232.2044,0.1585,0.298
2015-03-29T00:49:59.493Z,5.7375,48.9604,232.6803,0.2108,0.1167,-6.5809,39.1676,233.5359,0.1675,-0.1795,10.6723,36.4631,232.0962,0.1573,0.302
2015-03-29T00:50:59.087Z,5.5747,47.3914,232.2488,0.2044,0.1184,-6.3066,36.1201,233.1326,0.1549,-0.186,10.6177,38.528,231.6694,0.1662,0.2843
2015-03-29T00:51:59.749Z,5.3265,47.8086,232.6709,0.2058,0.1108,-7.2415,38.2486,233.5029,0.1637,-0.1965,10.6107,38.2952,231.7387,0.1654,0.2859
2015-03-29T00:52:59.228Z,4.8805,49.0176,232.5421,0.2108,0.0991,-6.4537,36.9629,233.2646,0.1586,-0.1834,10.7799,38.3265,231.7379,0.1653,0.2912
2015-03-29T00:53:59.763Z,5.3784,47.6727,232.9867,0.2038,0.1135,-6.8019,35.2099,233.0429,0.1514,-0.2033,10.644,38.5665,232.0914,0.167,0.2889
2015-03-29T00:54:59.761Z,5.581,48.3393,232.9567,0.2076,0.1174,-7.119,37.2181,233.0487,0.1596,-0.2011,10.7005,38.4043,231.4803,0.166,0.2862
2015-03-29T00:55:59.340Z,5.4613,48.1022,233.5133,0.2062,0.1147,-6.6421,35.9033,233.1284,0.1542,-0.1923,10.8732,38.5384,232.0197,0.1655,0.2903
2015-03-29T00:56:59.792Z,5.5809,48.7405,233.2862,0.209,0.1129,-6.5749,34.8792,232.9326,0.1499,-0.1981,10.2905,39.9289,231.7575,0.1721,0.273
2015-03-29T00:57:59.577Z,5.4229,49.0944,233.0915,0.2104,0.1119,-6.5003,36.6125,232.8991,0.1574,-0.1843,10.6005,38.6475,232.0433,0.1664,0.2829
2015-03-29T00:58:59.687Z,5.5963,48.9296,233.2148,0.2101,0.1151,-6.6551,35.4749,232.9973,0.1516,-0.198,10.6533,38.7347,232.274,0.1662,0.2914
2015-03-29T00:59:59.960Z,4.9125,48.7605,233.4198,0.2085,0.1,-6.7401,35.4667,233.1323,0.1519,-0.1995,10.4621,38.9365,232.1685,0.1682,0.2765
2015-03-29T01:00:59.331Z,5.302,47.7821,233.4683,0.2043,0.1117,-7.8628,36.895,233.2992,0.1577,-0.2174,10.8722,39.7139,231.9597,0.1713,0.2799
2015-03-29T01:01:59.131Z,5.4865,48.1266,232.9505,0.206,0.1142,-6.576,34.6858,232.8338,0.1495,-0.2,10.4824,38.4314,231.439,0.1657,0.2819
2015-03-29T01:02:59.711Z,5.3024,49.3237,232.4181,0.2123,0.1079,-6.514,35.1676,232.4232,0.1505,-0.1984,10.1185,39.3746,231.1256,0.1702,0.27
2015-03-29T01:03:59.047Z,4.9353,48.4527,232.4689,0.2089,0.103,-6.7938,34.9692,232.0757,0.1509,-0.1989,10.5724,36.9223,231.2249,0.1597,0.2994
2015-03-29T01:04:59.986Z,4.9732,47.3389,232.3427,0.2037,0.1064,-6.7132,35.5893,231.9882,0.1532,-0.1961,10.7971,38.2241,230.9992,0.1652,0.2928
2015-03-29T01:05:59.388Z,5.0834,49.2048,231.5066,0.2121,0.1029,-6.5582,35.2317,231.0247,0.1528,-0.1951,10.6783,37.9521,230.3216,0.1644,0.2881
2015-03-29T01:06:59.800Z,5.5797,47.1268,231.8878,0.2035,0.1163,-6.4389,33.8533,231.5227,0.1463,-0.1967,10.8443,38.5239,231.1274,0.1666,0.2903
2015-03-29T01:07:59.589Z,4.586,48.4623,231.9459,0.2083,0.0964,-6.269,34.5874,231.1804,0.1497,-0.1909,10.3779,36.7252,231.0298,0.1591,0.2903
2015-03-29T01:08:59.098Z,4.9622,49.1377,231.7718,0.2114,0.1014,-6.8467,37.7331,231.0898,0.1628,-0.1894,10.3976,38.8612,231.132,0.1683,0.2814
2015-03-29T01:09:59.126Z,4.7792,48.3709,231.3079,0.209,0.099,-6.7025,33.2649,232.1347,0.1429,-0.2074,10.3071,39.3463,232.083,0.1691,0.2731
2015-03-29T01:10:59.573Z,5.3224,48.5443,232.3388,0.209,0.1114,-6.6743,35.6964,233.0844,0.1533,-0.1964,10.7278,38.069,233.0682,0.1637,0.2884
2015-03-29T01:11:59.326Z,5.6792,48.4433,233.4195,0.2079,0.1166,-6.4763,35.6863,232.9045,0.1534,-0.1914,11.3376,39.2964,234.0562,0.1676,0.2989
2015-03-29T01:12:59.567Z,5.2964,48.5223,234.8262,0.206,0.1084,-7.4729,35.9479,230.8113,0.1557,-0.2147,10.8243,38.6864,235.126,0.1648,0.2903
2015-03-29T01:13:59.813Z,6.1179,49.0218,235.1211,0.2086,0.1243,-7.4098,36.7634,233.6275,0.1578,-0.2126,10.3192,38.972,235.1045,0.1662,0.28
2015-03-29T01:14:59.288Z,6.4887,48.4196,232.7274,0.208,0.1331,-7.2852,37.8054,231.8853,0.163,-0.2021,11.1627,38.5381,232.7727,0.166,0.2989
2015-03-29T01:15:59.781Z,6.1597,48.8378,232.8377,0.2095,0.1267,-6.6623,37.1116,231.464,0.16,-0.1909,10.6952,37.8985,232.2937,0.1629,0.2946
2015-03-29T01:16:59.116Z,4.964,49.7186,232.6199,0.2138,0.1,-6.4042,36.3957,231.8032,0.1571,-0.1899,10.866,37.483,231.8728,0.1619,0.2956
2015-03-29T01:17:59.729Z,5.034,48.9664,232.8964,0.2102,0.1037,-6.7047,35.8511,232.0661,0.1542,-0.1912,10.7532,38.1143,232.1616,0.1641,0.2925
2015-03-29T01:18:59.109Z,5.497,47.7516,232.7979,0.2051,0.1147,-6.5133,37.1014,232.0066,0.16,-0.1864,10.8701,37.8194,231.9337,0.1638,0.3009
2015-03-29T01:19:59.378Z,5.6831,48.7913,232.8552,0.2095,0.117,-6.8667,34.2505,231.4623,0.1479,-0.2086,11.1756,38.4113,231.6219,0.1653,0.2977
2015-03-29T01:20:59.691Z,5.2423,48.0966,232.8132,0.2065,0.1086,-7.1682,36.3269,231.7753,0.1569,-0.198,11.2757,37.7801,232.0356,0.163,0.3049
2015-03-29T01:21:59.053Z,5.4328,48.9447,232.3942,0.2109,0.1092,-6.2181,36.279,231.4323,0.1567,-0.1899,10.4216,37.4432,231.6921,0.1618,0.297
2015-03-29T01:22:59.958Z,5.2237,48.4878,232.4651,0.2085,0.1098,-7.0886,34.5279,231.9884,0.1489,-0.2125,11.1125,37.3087,232.1266,0.1607,0.3054
2015-03-29T01:23:59.680Z,6.236,49.1308,231.4364,0.2126,0.1267,-7.0068,38.2321,231.661,0.1648,-0.1889,10.2446,36.8398,231.9746,0.1596,0.2895
2015-03-29T01:24:59.685Z,6.4207,48.3408,231.8596,0.2087,0.1335,-7.1213,32.4256,228.8337,0.1416,-0.2285,10.8004,39.6038,232.6515,0.1704,0.2798
2015-03-29T01:25:59.958Z,5.4871,47.3643,231.8482,0.204,0.1158,-6.9587,35.1095,230.1315,0.1524,-0.2018,10.927,39.1981,231.8925,0.1687,0.2922
2015-03-29T01:26:59.354Z,6.1913,49.5819,232.0774,0.2136,0.1267,-6.4612,34.6717,232.117,0.1494,-0.2019,10.9187,36.7322,231.6641,0.1582,0.3011
2015-03-29T01:27:59.578Z,6.5067,47.9713,231.8871,0.2071,0.1362,-7.398,36.2707,232.1664,0.156,-0.2115,11.0118,37.8589,232.0407,0.163,0.2975
2015-03-29T01:28:59.865Z,6.8463,47.9185,231.2049,0.2072,0.1432,-7.9966,35.0134,231.6828,0.1511,-0.229,10.7379,39.0287,231.702,0.1689,0.2799
2015-03-29T01:29:59.210Z,6.8746,48.7056,231.5178,0.2107,0.1416,-6.8196,35.3414,231.1582,0.153,-0.2063,11.061,38.9408,232.1038,0.1672,0.292
2015-03-29T01:30:59.168Z,6.8321,49.3355,231.8743,0.2124,0.141,-6.8501,36.1996,231.4381,0.1565,-0.2062,10.9807,38.0216,232.711,0.1633,0.2914
2015-03-29T01:31:59.642Z,6.8791,48.3042,231.5186,0.209,0.1426,-6.8619,35.1096,231.2802,0.1518,-0.2055,10.8571,38.7219,233.3814,0.1665,0.2926
2015-03-29T01:32:59.196Z,5.7398,48.5854,231.94,0.2092,0.1192,-6.4453,35.2142,231.1252,0.1524,-0.1918,10.5683,38.8083,233.386,0.1667,0.2782
2015-03-29T01:33:59.103Z,5.067,48.5687,232.1579,0.2093,0.1048,-6.9044,35.7807,231.6414,0.1542,-0.2023,10.9656,38.8722,233.686,0.1667,0.2911
2015-03-29T01:34:59.911Z,5.2175,48.4468,232.2595,0.2088,0.1064,-6.8593,37.251,232.3985,0.1607,-0.1867,10.653,38.7555,233.6533,0.1659,0.2909
2015-03-29T01:35:59.994Z,5.3307,48.1802,233.0129,0.2067,0.111,-6.689,37.7978,232.2349,0.163,-0.1865,11.0429,38.5902,232.6668,0.1657,0.2975
2015-03-29T01:36:59.144Z,6.2964,49.6559,232.8799,0.213,0.1258,-7.1643,34.1602,232.0903,0.1474,-0.2132,10.4703,38.045,232.9428,0.1636,0.2882
2015-03-29T01:37:59.036Z,6.8874,48.5459,232.438,0.2091,0.1384,-7.0084,35.1696,232.0763,0.1512,-0.2121,10.8296,38.0779,233.708,0.1627,0.2946
2015-03-29T01:38:59.678Z,6.9171,48.7108,232.3554,0.2097,0.1412,-7.1948,34.8264,231.9579,0.15,-0.2208,10.6332,39.391,233.4677,0.1685,0.2813
2015-03-29T01:39:59.226Z,6.8287,49.0286,232.1077,0.211,0.139,-7.1832,36.1684,231.9696,0.156,-0.2069,11.4018,39.3747,233.4156,0.169,0.3008
2015-03-29T01:40:59.728Z,6.9162,49.3598,233.3625,0.2115,0.1383,-7.2866,36.4907,233.1829,0.1562,-0.2101,10.7164,36.5313,234.1932,0.1564,0.3033
2015-03-29T01:41:59.429Z,6.7869,49.1889,233.211,0.2104,0.1362,-6.8544,36.3862,233.1683,0.156,-0.2063,11.1334,37.4743,233.9467,0.1601,0.3061
2015-03-29T01:42:59.614Z,6.4029,49.0716,233.0681,0.2107,0.1316,-7.1889,36.0409,233.8743,0.1543,-0.2069,10.9275,39.8271,233.9633,0.1701,0.2834
2015-03-29T01:43:59.011Z,5.7733,48.3392,232.7751,0.2073,0.1188,-6.9136,37.4356,233.8813,0.1606,-0.1972,10.9124,37.4313,233.5778,0.1598,0.3017
2015-03-29T01:44:59.123Z,5.4645,48.447,232.8027,0.2075,0.1141,-6.6385,36.523,234.1587,0.1562,-0.1897,11.0502,39.2462,233.8426,0.1683,0.2917
2015-03-29T01:45:59.519Z,5.3821,49.1632,232.8951,0.2116,0.1104,-6.8896,35.6514,234.2519,0.1521,-0.1999,11.2941,38.3837,233.774,0.164,0.3026
2015-03-29T01:46:59.887Z,5.2789,48.4068,233.4671,0.2067,0.1077,-6.8471,36.9509,234.3504,0.1571,-0.1938,10.9446,39.2757,234.1317,0.1678,0.2883
2015-03-29T01:47:59.113Z,5.1322,48.5953,233.284,0.2081,0.1065,-7.0349,36.3511,234.0779,0.1552,-0.2006,10.5508,38.8689,233.8631,0.1664,0.2846
2015-03-29T01:48:59.572Z,5.3198,48.3125,232.3925,0.2079,0.1103,-6.6477,34.6915,233.0248,0.1489,-0.2,10.9341,38.6797,232.9186,0.1661,0.2941
2015-03-29T01:49:59.807Z,6.6157,48.9316,231.6557,0.2114,0.1357,-7.0296,35.1891,231.8659,0.1518,-0.214,10.9543,38.1753,231.7508,0.1651,0.2949
2015-03-29T01:50:59.008Z,6.5304,48.5697,231.7107,0.2096,0.1326,-7.5432,36.7474,231.5032,0.1591,-0.2109,10.6792,38.2292,232.231,0.165,0.2893
2015-03-29T01:51:59.291Z,5.0626,49.0813,231.718,0.2116,0.1043,-6.2877,34.9602,232.6074,0.1501,-0.1893,11.0158,38.7186,232.2811,0.1673,0.2989
2015-03-29T01:52:59.862Z,5.4102,48.0338,231.2358,0.2075,0.1138,-6.9985,33.7947,232.7823,0.1446,-0.2124,11.1268,38.0751,231.9401,0.1641,0.302
2015-03-29T01:53:59.909Z,5.1063,48.8245,231.0859,0.2111,0.1048,-6.5902,36.5563,233.0613,0.1569,-0.1881,10.3271,38.286,232.0155,0.1646,0.282
2015-03-29T01:54:59.512Z,5.8586,48.0468,231.6451,0.2071,0.121,-6.7888,35.1493,231.3424,0.1516,-0.2056,11.5596,38.8547,232.9766,0.167,0.3064
2015-03-29T01:55:59.587Z,5.8127,47.1558,232.631,0.2031,0.1237,-6.758,31.0744,230.3821,0.1353,-0.2231,10.5329,39.1367,233.1249,0.1673,0.2785
2015-03-29T01:56:59.251Z,7.0637,48.9897,231.8618,0.2114,0.1429,-7.6002,36.783,232.5733,0.1579,-0.2127,10.9304,39.8891,232.1177,0.1722,0.2833
2015-03-29T01:57:59.539Z,7.0022,49.0077,231.7875,0.2114,0.1421,-7.3145,34.148,232.6099,0.1466,-0.2241,10.9882,37.5992,232.3328,0.1615,0.2954
2015-03-29T01:58:59.833Z,6.9269,48.2102,231.704,0.2082,0.1414,-7.539,35.807,232.1089,0.154,-0.2193,11.3256,40.0096,232.5252,0.1724,0.29
2015-03-29T01:59:59.239Z,6.3118,49.0294,231.3431,0.2119,0.1291,-7.3916,37.5736,230.95,0.1624,-0.2087,10.86,37.0159,231.74,0.1601,0.3001
