2015-04-04T00:00:59.959Z,7.2463,50.2909,232.7682,0.2161,0.1475,-6.9943,37.2749,231.9934,0.161,-0.1964,10.6078,42.6712,234.6985,0.1822,0.2482
2015-04-04T00:01:59.310Z,6.9933,50.6121,233.2615,0.2167,0.139,-6.9478,37.5716,232.2452,0.1615,-0.19,10.5292,41.7238,234.8965,0.1775,0.2583
2015-04-04T00:02:59.987Z,6.4199,49.9757,233.3876,0.214,0.1274,-6.6557,37.5137,232.35,0.1611,-0.1883,10.7804,40.2523,235.0613,0.1716,0.2784
2015-04-04T00:03:59.378Z,6.9294,50.5649,233.776,0.2161,0.1357,-7.3704,39.1379,233.2113,0.168,-0.1907,10.3621,39.7308,235.3469,0.1691,0.27
2015-04-04T00:04:59.660Z,7.117,50.646,234.1932,0.2166,0.1398,-6.5332,38.2788,233.1211,0.1645,-0.1808,10.4952,41.0191,235.0181,0.1738,0.2615
2015-04-04T00:05:59.162Z,6.9027,51.0401,234.1633,0.2174,0.1344,-6.5397,35.9969,233.1927,0.1542,-0.1934,10.2404,41.3128,234.7621,0.176,0.2569
2015-04-04T00:06:59.720Z,5.6024,50.4315,233.6022,0.2155,0.1099,-6.077,38.665,232.1693,0.1666,-0.1609,10.5157,40.0672,233.5504,0.1715,0.2689
2015-04-04T00:07:59.952Z,5.4671,51.0802,233.5534,0.2184,0.106,-6.2969,35.5504,231.6615,0.1534,-0.1882,10.5184,41.7214,232.8119,0.1795,0.2649
2015-04-04T00:08:59.178Z,5.4321,50.4381,234.616,0.2148,0.1097,-6.7794,37.2839,233.0136,0.1606,-0.1866,10.9276,40.7178,232.9664,0.1749,0.2673
2015-04-04T00:09:59.509Z,6.9883,50.4824,234.9424,0.2148,0.1388,-6.5168,39.2601,232.7368,0.1685,-0.177,10.5146,39.2299,233.2384,0.1684,0.2783
2015-04-04T00:10:59.749Z,5.0801,50.4816,234.23,0.2159,0.0997,-7.0532,35.3978,233.1799,0.1519,-0.2044,10.6893,40.6725,234.5092,0.1733,0.2671
2015-04-04T00:11:59.963Z,5.0553,50.1164,231.1552,0.2169,0.1002,-5.8814,37.301,231.5716,0.1609,-0.1696,10.1832,40.8751,232.788,0.1756,0.2595
2015-04-04T00:12:59.433Z,6.3193,49.8634,231.7112,0.2154,0.1273,-6.3916,37.0927,228.5908,0.1624,-0.1824,10.6222,41.4148,233.8161,0.1774,0.2643
2015-04-04T00:13:59.695Z,5.8919,49.3604,231.4598,0.2131,0.1183,-6.6829,37.1135,229.6361,0.1617,-0.187,10.2685,41.3151,233.4852,0.1771,0.2563
2015-04-04T00:14:59.659Z,6.1041,50.1116,232.4268,0.2153,0.1223,-6.3124,35.4552,231.0362,0.1537,-0.1833,10.23,42.1773,233.94,0.1803,0.2517
2015-04-04T00:15:59.137Z,5.4962,49.765,232.916,0.2137,0.1118,-6.6931,37.6078,231.0156,0.1629,-0.1833,44.2213,65.7667,233.8427,0.2812,0.5312
2015-04-04T00:16:59.426Z,6.894,51.1798,232.1585,0.2207,0.134,-6.5848,36.1567,230.1205,0.157,-0.1893,91.5377,99.4996,233.5337,0.4265,0.9212
2015-04-04T00:17:59.839Z,6.1725,50.8601,232.5902,0.2187,0.1179,-7.1889,37.1482,230.6479,0.1611,-0.1954,91.4131,100.0444,233.7392,0.4277,0.9146
2015-04-04T00:18:59.062Z,6.2188,49.7382,232.7698,0.2137,0.1233,-6.6956,36.2192,230.8988,0.1567,-0.1874,91.8711,99.9728,234.039,0.4272,0.9194
2015-04-04T00:19:59.099Z,5.1416,49.9855,233.2124,0.214,0.1034,-6.7541,38.4935,229.0436,0.1679,-0.1796,91.4134,99.8791,234.5188,0.4256,0.9155
2015-04-04T00:20:59.409Z,6.5405,51.0384,232.7096,0.2193,0.1276,-6.5234,37.0642,227.732,0.1624,-0.1834,92.4632,101.0398,234.8966,0.4298,0.916
2015-04-04T00:21:59.953Z,6.0566,50.599,232.0513,0.2183,0.1183,-6.4459,37.2254,228.476,0.1625,-0.1883,91.8782,101.0917,234.5213,0.4313,0.9101
2015-04-04T00:22:59.123Z,5.7397,48.8111,232.0384,0.2103,0.1172,-6.7106,35.7227,228.7199,0.1561,-0.1958,91.6589,100.318,234.6374,0.4278,0.914
2015-04-04T00:23:59.509Z,6.4152,49.8273,232.2851,0.2151,0.1268,-6.6254,34.2499,228.0237,0.1507,-0.201,91.6159,100.7821,234.8338,0.4295,0.9104
2015-04-04T00:24:59.283Z,6.121,51.5234,233.3276,0.2208,0.1179,-6.3543,36.4392,227.7566,0.16,-0.1843,92.0541,100.0842,234.9314,0.4265,0.9201
2015-04-04T00:25:59.542Z,6.3315,51.574,233.378,0.2211,0.1215,-6.3893,36.6024,227.87,0.1609,-0.1879,92.3308,101.0609,234.931,0.4299,0.9142
2015-04-04T00:26:59.763Z,6.7553,50.9325,232.4898,0.219,0.1307,-6.8921,37.9936,229.9347,0.1658,-0.1892,91.5822,100.063,234.1522,0.4271,0.9163
2015-04-04T00:27:59.255Z,6.5316,51.0091,232.7699,0.2187,0.1301,-6.5563,36.9517,230.102,0.1606,-0.1859,91.8006,100.4612,234.4969,0.4281,0.9146
2015-04-04T00:28:59.988Z,4.9227,49.7485,232.8607,0.2136,0.099,-6.9097,38.611,230.9755,0.1672,-0.1783,90.7201,99.1046,233.9237,0.4235,0.9161
2015-04-04T00:29:59.301Z,6.0087,51.3611,232.6272,0.2203,0.1169,-6.7179,37.3843,230.8702,0.1614,-0.1872,91.3238,100.0988,233.3676,0.4288,0.9134
2015-04-04T00:30:59.534Z,6.5368,49.7451,232.6836,0.2137,0.1301,-6.5997,38.3833,230.731,0.1664,-0.1787,90.6716,98.8121,233.3058,0.423,0.9192
2015-04-04T00:31:59.782Z,6.0025,50.0521,232.6135,0.2148,0.1205,-6.2657,35.9524,230.6207,0.1558,-0.1811,91.7215,100.1859,233.7476,0.429,0.916
2015-04-04T00:32:59.485Z,5.9353,50.1495,232.1579,0.2165,0.1174,-6.4969,38.2923,230.8414,0.1658,-0.1768,90.498,98.9831,233.4844,0.4238,0.9147
2015-04-04T00:33:59.834Z,6.797,50.1034,232.362,0.2155,0.1356,-7.1501,36.6521,230.5812,0.1582,-0.2019,92.106,100.3619,233.839,0.4289,0.918
2015-04-04T00:34:59.003Z,5.6488,51.0912,232.6406,0.2193,0.1109,-6.443,37.3636,230.8671,0.1614,-0.1816,90.6249,98.468,233.2003,0.4221,0.9203
2015-04-04T00:35:59.275Z,5.8045,48.6531,232.7767,0.209,0.119,-6.5966,38.1499,230.1585,0.1658,-0.1786,91.284,99.7964,233.7187,0.4269,0.9157
2015-04-04T00:36:59.573Z,6.9366,50.7126,232.411,0.2179,0.1354,-6.2274,35.9616,229.2805,0.1565,-0.18,90.5442,98.5452,233.1859,0.4227,0.9196
2015-04-04T00:37:59.113Z,5.737,49.9563,232.8747,0.2137,0.1127,-6.2282,38.2024,230.5084,0.1657,-0.1738,90.9984,99.6602,233.7683,0.4258,0.9137
2015-04-04T00:38:59.454Z,6.782,50.8163,233.0392,0.2185,0.1324,-6.4432,37.8258,230.9818,0.1638,-0.1749,91.4485,100.3999,234.3511,0.4281,0.9122
2015-04-04T00:39:59.978Z,6.3225,50.452,233.252,0.2161,0.1245,-6.837,36.5162,231.3391,0.1582,-0.193,91.2014,99.827,233.9215,0.4268,0.9142
2015-04-04T00:40:59.250Z,5.9016,50.5539,233.2567,0.2168,0.1177,-6.561,39.5669,230.5039,0.1716,-0.1716,91.612,100.1971,234.456,0.4278,0.9153
2015-04-04T00:41:59.610Z,6.5748,50.0854,233.083,0.2148,0.1296,-6.7036,34.0535,228.8779,0.1491,-0.2035,92.8234,100.3279,235.3963,0.4264,0.9259
2015-04-04T00:42:59.138Z,6.5911,50.5361,232.571,0.2172,0.1297,-6.7726,33.2829,230.4732,0.1446,-0.2077,92.1568,99.4263,235.132,0.4232,0.9272
2015-04-04T00:43:59.425Z,5.9705,50.0177,232.4164,0.215,0.118,-6.4791,38.77,231.7088,0.1674,-0.1778,91.3764,100.0152,234.1747,0.4275,0.914
2015-04-04T00:44:59.739Z,6.2609,50.0013,232.6957,0.2147,0.1248,-6.7697,37.4118,231.6627,0.1608,-0.1882,91.6834,100.3063,234.1768,0.4286,0.9152
2015-04-04T00:45:59.943Z,5.4929,50.0425,233.0487,0.2143,0.1082,-6.7025,36.9481,232.0488,0.1588,-0.1892,91.4419,99.5362,233.9097,0.4256,0.9197
2015-04-04T00:46:59.242Z,6.0359,51.2619,232.9668,0.2204,0.1157,-6.6089,36.5881,231.1002,0.1579,-0.1884,90.5961,99.133,233.6724,0.4239,0.9142
2015-04-04T00:47:59.442Z,5.8337,49.0088,232.5078,0.2101,0.1188,-6.9054,37.4293,230.8588,0.1622,-0.1877,91.1667,98.7711,233.8552,0.4223,0.9237
2015-04-04T00:48:59.747Z,7.4632,50.6327,232.9513,0.2174,0.1458,-6.8423,37.9823,231.5803,0.1639,-0.1852,90.872,98.9393,234.0261,0.4233,0.9187
2015-04-04T00:49:59.356Z,5.7602,50.675,233.9792,0.2162,0.1137,-6.9227,38.148,232.4982,0.1641,-0.1908,91.5413,99.7273,234.5466,0.425,0.9191
2015-04-04T00:50:59.675Z,6.7775,50.4584,233.7226,0.2155,0.134,-7.3872,36.5502,232.4587,0.1574,-0.2084,91.7515,100.2692,234.6511,0.4274,0.9159
2015-04-04T00:51:59.942Z,6.2366,50.9503,233.6309,0.2178,0.122,-6.392,37.3559,232.2699,0.1609,-0.184,90.9211,99.9451,233.8624,0.4271,0.9114
2015-04-04T00:52:59.723Z,5.5249,50.6227,234.0737,0.2162,0.108,-6.2079,35.9384,232.3455,0.1544,-0.1821,91.2024,99.5674,233.7512,0.4256,0.9168
2015-04-04T00:53:59.235Z,6.3786,49.486,233.6993,0.2117,0.1269,-7.6056,35.7478,232.6066,0.154,-0.2163,90.97,99.9568,233.8255,0.4277,0.9107
2015-04-04T00:54:59.412Z,5.6773,50.1629,234.2405,0.2139,0.1123,-6.3959,37.4185,233.1337,0.1609,-0.1799,91.4909,100.4032,234.2069,0.4289,0.9124
2015-04-04T00:55:59.768Z,5.9155,50.6346,233.8386,0.2165,0.1181,-6.4004,39.1831,232.7696,0.1686,-0.1751,91.5643,99.8391,233.4662,0.4273,0.9189
2015-04-04T00:56:59.018Z,6.0559,50.046,233.0921,0.2144,0.1212,-6.7678,37.0816,231.5417,0.1604,-0.1882,91.3131,99.6041,233.2711,0.4273,0.9173
2015-04-04T00:57:59.335Z,6.6673,50.7876,233.3263,0.2173,0.1311,-7.0807,35.6972,231.0929,0.1542,-0.2032,90.7804,98.2974,233.6373,0.4208,0.9239
2015-04-04T00:58:59.445Z,7.4784,50.4725,233.8549,0.2159,0.1485,-6.9515,33.1529,232.1756,0.1422,-0.212,91.257,98.0926,234.34,0.4186,0.9309
2015-04-04T00:59:59.710Z,6.4582,51.2111,234.0442,0.219,0.1231,-7.0675,35.106,232.2186,0.1508,-0.2073,91.1257,99.9057,233.6844,0.4276,0.913
2015-04-04T01:00:59.924Z,5.7763,48.9232,233.8147,0.2093,0.1177,-6.723,38.7163,231.3314,0.1671,-0.1792,89.3671,97.6865,232.1676,0.4205,0.9153
2015-04-04T01:01:59.450Z,7.2504,50.5009,232.7575,0.2171,0.1433,-6.9629,35.442,231.3548,0.1535,-0.2015,90.0342,98.2611,232.403,0.4229,0.9171
2015-04-04T01:02:59.718Z,5.1826,50.0621,233.3266,0.2145,0.1031,-6.5044,38.5784,231.6568,0.1666,-0.1719,90.6882,98.7337,233.0552,0.4241,0.9195
2015-04-04T01:04:59.610Z,6.6851,50.1073,233.572,0.2148,0.1336,-6.5695,37.3725,231.6531,0.1614,-0.1866,89.7493,98.2998,231.9187,0.4236,0.9137
2015-04-04T01:05:59.810Z,5.7728,49.4837,233.768,0.2113,0.1175,-6.6559,36.5738,231.214,0.158,-0.1922,91.6161,99.5857,234.2127,0.4247,0.9212
2015-04-04T01:06:59.031Z,5.7353,49.4085,233.3199,0.2118,0.1151,-6.3167,34.2227,230.6933,0.1478,-0.197,91.3162,98.9328,233.8562,0.4228,0.923
2015-04-04T01:07:59.815Z,7.0952,48.3715,232.7563,0.2075,0.1468,-6.9167,33.6705,230.2879,0.1464,-0.2128,91.1626,98.9434,233.6503,0.4233,0.9223
2015-04-04T01:08:59.551Z,6.7436,48.811,232.9681,0.2092,0.139,-6.6041,34.847,230.5658,0.1516,-0.2048,90.9293,98.8689,233.7393,0.4225,0.9199
2015-04-04T01:09:59.738Z,6.7091,47.7356,232.85,0.2051,0.1397,-6.9413,34.3121,231.1757,0.1484,-0.2125,91.3635,98.8889,233.9134,0.4223,0.9251
2015-04-04T01:10:59.923Z,6.8154,49.044,232.7769,0.2109,0.1384,-7.0767,35.4995,231.0254,0.1538,-0.2093,91.3176,99.1549,234.0111,0.4234,0.9211
2015-04-04T01:11:59.273Z,6.013,49.172,232.5251,0.2114,0.1208,-6.3406,35.4854,230.8751,0.1538,-0.1922,91.419,99.3446,233.8846,0.4242,0.9213
2015-04-04T01:12:59.576Z,5.8175,47.5401,232.0418,0.2045,0.1225,-6.2712,33.8513,230.5761,0.146,-0.1937,91.4214,99.3752,233.8041,0.4247,0.9209
2015-04-04T01:13:59.622Z,6.3501,48.2017,232.0839,0.2076,0.1303,-6.888,34.5808,230.2326,0.1506,-0.2152,91.6952,99.9122,233.8688,0.4277,0.9187
2015-04-04T01:14:59.812Z,6.0559,48.139,231.1068,0.2082,0.1263,-6.6814,34.8354,229.3399,0.1522,-0.1971,90.6185,98.4749,233.3897,0.422,0.9214
2015-04-04T01:15:59.009Z,6.3354,48.2572,230.3346,0.2092,0.1306,-6.4746,32.8391,229.983,0.1426,-0.2087,91.041,98.2328,233.5345,0.4202,0.9275
2015-04-04T01:16:59.325Z,6.7345,47.8387,230.0955,0.2076,0.141,-6.4822,33.6271,230.1705,0.1464,-0.2046,90.6526,98.5929,232.9589,0.4235,0.9202
2015-04-04T01:17:59.564Z,7.1426,48.3527,230.4957,0.2097,0.1477,-7.0093,35.2849,229.7598,0.1538,-0.2041,90.7164,98.0493,233.0466,0.421,0.9256
2015-04-04T01:18:59.246Z,6.5092,48.6523,231.7143,0.2101,0.134,-6.6396,37.0828,231.1763,0.1598,-0.1907,90.8857,98.1919,233.6926,0.4202,0.9264
2015-04-04T01:19:59.242Z,6.6074,48.758,232.5589,0.2099,0.1341,-6.9342,34.061,231.2813,0.1476,-0.2114,90.4864,98.6673,233.531,0.4229,0.9176
2015-04-04T01:20:59.564Z,5.9215,49.2127,232.5792,0.2117,0.1203,-5.7917,33.6089,230.5888,0.1455,-0.1772,90.5666,98.0705,233.1254,0.421,0.9245
2015-04-04T01:21:59.833Z,6.733,48.6279,232.2399,0.2092,0.1387,-7.4881,34.8768,230.5621,0.1513,-0.2232,90.7919,98.3852,233.0931,0.4221,0.9234
2015-04-04T01:22:59.278Z,6.4237,49.5033,232.6063,0.2127,0.1308,-6.401,36.2052,230.7337,0.1572,-0.1901,90.3891,97.7077,233.2469,0.4187,0.9257
2015-04-04T01:23:59.771Z,6.7003,48.1192,232.635,0.2068,0.1375,-6.5611,34.324,230.7171,0.1486,-0.1945,90.5462,98.0148,232.9613,0.4208,0.9246
2015-04-04T01:24:59.111Z,6.5312,48.0108,232.4729,0.2064,0.1354,-6.8134,34.4932,230.4823,0.1497,-0.2076,90.3582,97.7587,232.976,0.4194,0.9254
2015-04-04T01:25:59.518Z,5.3243,49.0307,232.6807,0.2105,0.1085,-6.3426,35.2001,230.4337,0.1526,-0.1878,90.4743,97.79,233.2869,0.4192,0.926
2015-04-04T01:27:59.068Z,5.4589,48.0557,232.3029,0.2067,0.1133,-6.4715,33.8154,229.9753,0.1473,-0.1957,91.0135,98.1435,233.2843,0.4205,0.9279
2015-04-04T01:28:59.317Z,6.4095,49.1389,231.6623,0.2122,0.1287,-6.7373,35.8695,229.8849,0.1564,-0.1951,90.6189,98.439,233.7066,0.4213,0.9216
2015-04-04T01:29:59.618Z,6.9869,48.3233,231.4895,0.2091,0.1433,-7.6062,35.1712,230.3847,0.1529,-0.2232,90.661,98.2545,233.709,0.4205,0.9231
2015-04-04T01:30:59.940Z,6.8065,48.5214,231.5867,0.2096,0.1401,-7.0062,36.0877,230.1256,0.1568,-0.208,90.3192,97.6514,233.3135,0.4185,0.9253
2015-04-04T01:31:59.193Z,5.6033,48.6363,232.6599,0.2091,0.1157,-6.4322,37.6323,230.6421,0.1634,-0.1781,91.7717,99.4348,233.772,0.4254,0.9239
2015-04-04T01:32:59.475Z,6.5138,48.6588,232.7937,0.2089,0.1345,-6.6029,34.4934,230.9654,0.1495,-0.2012,91.4079,99.7011,234.3092,0.4253,0.9177
2015-04-04T01:33:59.800Z,6.3092,48.3773,232.8324,0.2083,0.1329,-6.7589,34.3239,230.6067,0.1488,-0.2058,91.5918,98.5153,234.2604,0.4203,0.9307
2015-04-04T01:34:59.017Z,6.6191,48.933,232.9154,0.21,0.1343,-6.6662,34.8739,230.467,0.1518,-0.2021,91.8726,99.7418,234.5376,0.4248,0.9223
2015-04-04T01:35:59.621Z,6.748,47.9281,232.1764,0.2067,0.1391,-6.9416,35.2793,230.7458,0.1531,-0.2013,91.7669,99.1014,234.3819,0.4229,0.9267
2015-04-04T01:36:59.971Z,6.7562,47.6778,231.9649,0.2053,0.142,-6.6012,33.8795,230.5962,0.1472,-0.2048,91.0024,98.4866,233.71,0.4214,0.9247
2015-04-04T01:37:59.316Z,6.824,48.8983,231.6774,0.2107,0.1397,-6.7667,34.5813,230.2416,0.1497,-0.205,90.6649,98.7599,233.2662,0.4237,0.919
2015-04-04T01:38:59.567Z,6.513,48.8541,231.7559,0.2103,0.1323,-6.7757,34.5852,230.292,0.1505,-0.2035,90.1727,97.9164,232.8642,0.4202,0.9215
2015-04-04T01:39:59.099Z,5.5102,49.2958,232.9021,0.2114,0.1117,-6.3424,34.6046,230.6198,0.1506,-0.1931,90.7519,98.3027,233.3988,0.4212,0.924
2015-04-04T01:40:59.103Z,5.1685,47.6485,232.8014,0.2046,0.1105,-6.5545,33.4018,231.1332,0.1444,-0.2,91.1971,99.1411,233.8819,0.4236,0.9207
2015-04-04T01:41:59.731Z,5.6332,48.3903,232.7076,0.2075,0.1159,-7.0254,34.5716,231.1498,0.149,-0.2077,91.1185,98.7378,233.6695,0.4226,0.9239
2015-04-04T01:42:59.094Z,6.7932,49.3777,231.797,0.2129,0.1367,-6.666,34.7457,231.0133,0.15,-0.2008,90.6749,98.0684,233.2384,0.4196,0.9254
2015-04-04T01:43:59.406Z,6.1869,48.021,231.7256,0.2069,0.1281,-7.0119,34.1811,231.1268,0.1481,-0.2111,91.31,99.2458,233.477,0.4252,0.9212
2015-04-04T01:44:59.801Z,6.2693,48.4202,232.1687,0.2086,0.1292,-7.2293,32.6168,231.6257,0.1407,-0.2316,91.7998,99.5285,234.0108,0.4257,0.923
2015-04-04T01:45:59.114Z,6.7789,49.0393,232.2691,0.2112,0.1372,-6.5566,36.6473,232.1342,0.158,-0.1924,91.4214,98.9441,233.9623,0.4231,0.9253
2015-04-04T01:46:59.411Z,5.4211,49.2537,232.5554,0.2119,0.1098,-6.2616,34.5457,231.629,0.1496,-0.1942,91.3536,98.5905,233.7063,0.4218,0.927
2015-04-04T01:47:59.684Z,6.0579,48.5577,231.71,0.2099,0.1227,-7.072,33.0765,231.0579,0.1432,-0.2204,90.5473,98.3188,233.3043,0.4219,0.922
2015-04-04T01:48:59.184Z,6.2311,49.4097,231.8002,0.2134,0.1267,-6.9921,34.608,231.4517,0.1498,-0.2179,91.2162,99.306,233.6892,0.4251,0.9189
2015-04-04T01:49:59.362Z,7.1042,48.4503,232.4342,0.2084,0.1463,-7.0829,33.7882,231.0012,0.1463,-0.2159,91.3734,98.5377,233.7687,0.4216,0.9276
2015-04-04T01:50:59.674Z,6.1893,48.8704,232.9447,0.2104,0.1258,-6.9067,34.914,228.6838,0.1525,-0.2087,92.2156,99.8018,234.4874,0.4251,0.9244
2015-04-04T01:51:59.580Z,6.4777,48.4082,232.5849,0.2082,0.1333,-7.0904,33.743,229.2022,0.1469,-0.2168,91.0304,99.2663,233.8208,0.4242,0.9179
2015-04-04T01:52:59.115Z,6.5232,48.2241,231.8111,0.2086,0.137,-6.8742,37.099,230.8724,0.1609,-0.193,90.7471,97.9227,232.7671,0.4204,0.9278
2015-04-04T01:53:59.346Z,6.6608,49.127,231.4375,0.2123,0.134,-6.8769,35.5238,230.6729,0.1542,-0.2087,90.5511,98.0833,232.5816,0.4221,0.9242
2015-04-04T01:54:59.743Z,6.2335,48.3246,232.1988,0.2082,0.1285,-5.9107,35.8125,231.2123,0.1549,-0.1787,90.2597,98.0239,232.5842,0.4222,0.9216
2015-04-04T01:55:59.084Z,4.854,47.5643,232.5597,0.2043,0.1034,-6.2872,34.3492,231.5092,0.1479,-0.1913,89.7458,97.6321,232.9279,0.4193,0.9194
2015-04-04T01:56:59.460Z,5.8595,49.1064,232.3947,0.2114,0.118,-5.7482,35.4922,231.2399,0.1536,-0.1757,90.5266,98.2977,232.806,0.4221,0.9214
2015-04-04T01:57:59.892Z,6.0914,47.814,232.3083,0.2063,0.127,-6.333,35.0375,231.0673,0.1514,-0.1882,90.2433,97.9335,232.9593,0.4208,0.9216
2015-04-04T01:58:59.241Z,6.2839,48.6546,232.6122,0.2092,0.1298,-6.3957,34.5294,231.6909,0.1491,-0.1973,91.279,98.8894,233.5447,0.4234,0.9235
2015-04-04T01:59:59.504Z,5.5728,48.8259,233.056,0.2095,0.114,-6.7321,35.4575,231.4813,0.153,-0.1966,89.9125,97.5848,233.1183,0.4186,0.9221
2015-04-04T02:00:59.806Z,5.2071,46.8665,233.4621,0.201,0.1111,-6.8757,38.9705,230.9874,0.169,-0.1849,90.0735,97.4964,232.0224,0.4199,0.9244
2015-04-04T02:01:59.216Z,5.6532,48.9424,233.5664,0.2094,0.1161,-6.696,33.2127,231.3013,0.1437,-0.21,90.5051,97.6741,232.6584,0.4194,0.9271
2015-04-04T02:02:59.484Z,5.2609,48.6257,233.8913,0.2078,0.1076,-6.5836,35.4487,231.3963,0.153,-0.191,90.2068,97.8545,232.6675,0.421,0.9221
2015-04-04T02:03:59.823Z,5.6537,48.5705,234.0566,0.2076,0.115,-6.8895,32.5857,231.6904,0.1402,-0.2148,90.0793,97.63,232.8433,0.4193,0.9238
2015-04-04T02:04:59.904Z,7.2274,48.4076,233.5308,0.2074,0.1493,-6.916,32.3173,231.7784,0.1393,-0.22,91.126,97.2409,233.15,0.4164,0.9378
2015-04-04T02:05:59.877Z,6.2367,49.2831,234.1723,0.2105,0.1253,-6.5969,34.2264,232.1079,0.1476,-0.2043,91.0432,98.9535,234.0095,0.423,0.9214
2015-04-04T02:06:59.985Z,5.977,49.3869,233.4499,0.2118,0.121,-6.3703,29.3542,231.7442,0.1268,-0.2212,90.2355,96.5338,233.1918,0.4142,0.9354
2015-04-04T02:07:59.257Z,5.3527,48.6051,233.1061,0.2083,0.1102,-6.1006,31.5229,230.6507,0.1365,-0.1978,91.2246,97.6312,232.7934,0.4194,0.9348
2015-04-04T02:08:59.489Z,5.7426,50.0928,233.2501,0.2147,0.1145,-6.5683,35.1905,230.967,0.1523,-0.1945,90.5893,98.1782,233.3602,0.4207,0.9237
2015-04-04T02:09:59.712Z,5.5264,48.176,233.1547,0.2074,0.1141,-6.2179,33.7605,231.0088,0.1465,-0.1951,90.8391,98.2108,233.1952,0.4211,0.9254
2015-04-04T02:10:59.003Z,5.3948,48.4796,233.2148,0.2073,0.1106,-6.5494,36.5816,230.6016,0.1586,-0.1841,91.2839,98.4826,233.9007,0.4213,0.9277
2015-04-04T02:11:59.364Z,5.9685,49.0348,232.7789,0.2107,0.1226,-6.2947,35.2425,230.5956,0.1526,-0.1869,91.2259,99.1798,233.5547,0.4245,0.9209
2015-04-04T02:12:59.600Z,6.811,48.2827,232.5127,0.2076,0.1411,-6.6336,34.8458,230.6634,0.1512,-0.2076,90.8279,98.6346,233.5989,0.4218,0.9218
2015-04-04T02:13:59.071Z,6.6549,47.4299,232.7101,0.2037,0.1369,-7.09,35.5957,230.8992,0.1541,-0.2061,90.62,98.3679,233.338,0.422,0.9216
2015-04-04T02:14:59.478Z,6.676,49.5612,230.7771,0.2149,0.1355,-6.7484,35.7172,230.8475,0.1543,-0.2018,89.5949,97.3873,232.3852,0.4187,0.9199
2015-04-04T02:15:59.093Z,6.502,48.0256,231.1162,0.2077,0.1346,-6.1653,34.8167,231.0466,0.1506,-0.1886,90.3077,98.1109,232.5193,0.4217,0.9216
2015-04-04T02:16:59.560Z,5.464,49.0087,231.3442,0.2122,0.1147,-6.8328,34.1623,231.0874,0.1485,-0.2042,90.6672,98.3488,232.701,0.4229,0.9223
2015-04-04T02:17:59.849Z,4.8544,47.1946,231.0849,0.2038,0.1031,-6.2949,34.1182,230.5586,0.1477,-0.1864,89.4009,97.5579,232.0657,0.4198,0.9173
2015-04-04T02:18:59.068Z,5.49,47.8987,232.5446,0.206,0.1142,-6.5263,31.0428,231.1291,0.1346,-0.216,90.2599,96.5087,232.6369,0.4149,0.9356
2015-04-04T02:19:59.176Z,6.9929,48.9851,231.6258,0.2116,0.1426,-7.0342,32.0923,230.9395,0.1381,-0.2241,90.5379,96.4312,232.793,0.4137,0.9398
2015-04-04T02:20:59.392Z,6.1229,48.8745,232.202,0.2099,0.1253,-6.6152,34.1099,231.192,0.1476,-0.207,90.77,98.5281,232.8891,0.4234,0.9216
2015-04-04T02:21:59.101Z,6.2861,48.9333,232.4302,0.211,0.1256,-6.9878,35.9031,231.1383,0.1551,-0.203,90.8502,98.5561,232.9529,0.4229,0.9223
2015-04-04T02:22:59.180Z,6.4875,48.2309,232.17,0.2079,0.1348,-6.87,36.3009,231.2163,0.1568,-0.1978,90.5086,98.2836,232.9551,0.4219,0.9219
2015-04-04T02:23:59.433Z,5.5686,48.3297,232.1672,0.2079,0.1155,-5.8738,34.7521,230.8128,0.1503,-0.1834,90.14,97.1049,232.3191,0.4186,0.9293
2015-04-04T02:24:59.624Z,7.1096,48.1399,231.5155,0.2077,0.1462,-7.0268,33.0877,228.1696,0.1454,-0.2174,90.1321,97.7143,232.222,0.4204,0.9235
2015-04-04T02:25:59.826Z,6.2911,48.3187,231.9926,0.2073,0.1302,-6.3196,34.4354,227.8234,0.1514,-0.1953,90.9757,98.7869,232.9026,0.4245,0.9216
2015-04-04T02:26:59.181Z,6.0426,48.6208,231.5376,0.2101,0.1248,-6.879,34.313,230.2847,0.1491,-0.2109,89.1397,96.5869,231.9781,0.416,0.924
2015-04-04T02:27:59.598Z,5.4243,48.1924,230.6301,0.2084,0.1123,-6.8002,35.7559,229.6699,0.1557,-0.1949,89.4895,96.9164,231.2358,0.4193,0.924
2015-04-04T02:28:59.218Z,6.1037,48.2833,230.7113,0.2091,0.1273,-6.5719,35.0067,229.9248,0.152,-0.1989,89.7152,97.3823,231.6619,0.4203,0.9217
2015-04-04T02:29:59.707Z,6.1983,47.3182,231.1175,0.2048,0.1314,-6.6645,32.6916,230.2558,0.1417,-0.2128,90.6595,98.3065,232.0607,0.4232,0.9229
2015-04-04T02:30:59.936Z,5.2216,48.8584,232.0923,0.2107,0.1058,-6.5323,33.5315,230.0965,0.1454,-0.1992,90.087,97.5176,232.2162,0.4202,0.9245
2015-04-04T02:31:59.960Z,5.4931,48.1968,232.0675,0.208,0.1131,-6.7423,34.0876,230.0296,0.1478,-0.2021,89.7112,97.1713,232.8066,0.4173,0.9241
2015-04-04T02:32:59.442Z,5.4393,47.6542,232.0384,0.2053,0.1148,-5.9137,32.2316,230.5087,0.1403,-0.1972,91.2491,99.0732,233.1749,0.425,0.9221
2015-04-04T02:33:59.827Z,5.3732,49.0655,232.5956,0.2112,0.1093,-6.8597,35.3338,230.7474,0.1536,-0.1985,90.7088,98.4312,233.0035,0.4225,0.9223
2015-04-04T02:34:59.439Z,5.5486,47.659,232.7487,0.2053,0.1167,-6.518,34.3943,230.5536,0.1497,-0.2003,91.1857,98.8586,233.4756,0.4234,0.9232
2015-04-04T02:35:59.155Z,6.1641,47.9713,233.3422,0.206,0.1293,-6.674,37.2513,231.0944,0.1616,-0.1897,90.9284,98.1034,233.7293,0.4194,0.9272
2015-04-04T02:36:59.362Z,5.4996,48.6855,233.162,0.2089,0.1159,-5.8988,32.4748,230.5954,0.1402,-0.1898,91.0643,98.6833,233.6241,0.4224,0.9226
2015-04-04T02:37:59.631Z,5.2971,48.225,232.5677,0.207,0.1112,-6.8488,35.2101,229.8173,0.1532,-0.2001,90.112,97.5126,232.3672,0.4193,0.9248
2015-04-04T02:38:59.957Z,6.0013,49.7304,232.8538,0.214,0.1207,-6.6373,35.3095,230.3737,0.1535,-0.2001,90.7501,98.1538,232.8887,0.4219,0.9249
2015-04-04T02:39:59.335Z,5.7272,49.0602,233.0271,0.2107,0.1156,-6.7684,35.7076,230.4423,0.1549,-0.1947,90.5477,98.3326,233.3154,0.4217,0.9218
2015-04-04T02:40:59.644Z,5.4998,48.2946,232.5945,0.2075,0.114,-6.5434,33.7541,230.9567,0.146,-0.2015,90.4138,98.1062,233.5749,0.4191,0.9223
2015-04-04T02:41:59.950Z,6.3034,48.4328,232.4916,0.2082,0.1288,-6.2395,34.8439,230.7715,0.1509,-0.1907,90.8932,98.2655,233.3402,0.4208,0.9259
2015-04-04T02:42:59.849Z,5.5642,48.2082,232.8846,0.2069,0.1141,-6.4448,34.741,230.8455,0.1505,-0.1937,90.5912,98.1488,233.0976,0.4208,0.9233
2015-04-04T02:43:59.288Z,5.5263,48.6026,232.6463,0.2086,0.1146,-6.2928,33.1026,231.22,0.1432,-0.1974,90.361,98.6691,233.1557,0.4234,0.916
2015-04-04T02:44:59.733Z,5.563,48.9253,232.7713,0.2107,0.1136,-6.0152,35.8344,230.8953,0.1551,-0.1778,90.9108,98.2241,233.07,0.4216,0.9263
2015-04-04T02:46:59.403Z,6.2601,48.3962,231.1448,0.2097,0.1288,-6.6865,34.3032,230.7209,0.1487,-0.2052,91.3252,98.9046,233.5957,0.4234,0.9245
2015-04-04T02:47:59.144Z,6.5199,48.0091,230.8171,0.2078,0.1345,-6.9484,33.283,229.7634,0.1448,-0.2152,90.8299,98.0344,232.57,0.4215,0.9279
2015-04-04T02:48:59.377Z,6.4236,48.412,231.2252,0.209,0.1332,-6.4812,32.4563,230.0402,0.1405,-0.2045,90.6851,98.8787,233.4632,0.4235,0.9178
2015-04-04T02:49:59.769Z,6.9889,48.0309,231.2636,0.2076,0.1453,-7.3675,34.5114,230.0898,0.1498,-0.2152,91.0565,98.7437,233.3829,0.4232,0.9232
2015-04-04T02:50:59.236Z,6.9654,48.4497,230.9652,0.2099,0.1436,-7.0906,34.6622,230.1887,0.1508,-0.217,90.2086,97.2913,232.9228,0.4177,0.9283
2015-04-04T02:51:59.385Z,6.3086,48.6737,230.7919,0.2113,0.1288,-6.4499,35.1742,230.2986,0.153,-0.1936,90.4131,98.0582,232.782,0.4214,0.9223
2015-04-04T02:52:59.655Z,6.0947,48.2003,231.2156,0.2085,0.1278,-6.2363,35.7866,230.3136,0.1555,-0.1862,90.6163,97.9863,233.1525,0.4203,0.9252
2015-04-04T02:53:59.398Z,5.8344,48.0381,230.9449,0.2085,0.1209,-6.4849,34.5212,230.3229,0.1498,-0.1896,90.8395,99.0887,232.9634,0.4248,0.9184
2015-04-04T02:54:59.760Z,5.8641,48.4179,231.3113,0.2092,0.1207,-6.7702,34.9931,230.3333,0.1518,-0.1999,91.1313,98.2616,233.269,0.4212,0.9287
2015-04-04T02:55:59.059Z,4.9364,48.0327,230.9947,0.2072,0.1043,-6.2168,35.2712,230.6967,0.1536,-0.1816,91.1249,99.2541,233.9383,0.4244,0.9187
2015-04-04T02:56:59.374Z,5.3126,48.6196,230.7167,0.2105,0.1078,-6.5213,34.97,230.6865,0.1514,-0.1938,91.0485,98.8252,233.9454,0.4222,0.922
2015-04-04T02:57:59.728Z,5.474,47.7173,230.2151,0.2073,0.1139,-6.4186,30.5675,229.7062,0.1335,-0.2127,90.5539,96.4728,233.335,0.4133,0.9393
2015-04-04T02:58:59.690Z,7.0564,48.449,230.3658,0.2104,0.1454,-7.0408,34.293,230.3901,0.1484,-0.2123,91.3766,98.7864,234.0101,0.4221,0.9258
2015-04-04T02:59:59.018Z,6.1344,48.8419,231.0746,0.2111,0.1262,-6.8736,35.069,231.0816,0.1519,-0.2052,91.5593,99.5684,234.346,0.4249,0.9206
