2015-01-26T00:00:59.430Z,1113.4418,1519.1136,230.6139,6.5876,0.7329,1225.3632,1653.4789,231.3426,7.147,0.7409,1636.0233,2170.9038,230.042,9.4371,0.7522
2015-01-26T00:01:59.654Z,1134.286,1536.3696,231.0389,6.65,0.7386,1231.9621,1672.8732,231.4126,7.2288,0.7363,1634.5201,2166.3508,229.809,9.4267,0.7544
2015-01-26T00:02:59.778Z,1118.2947,1528.2439,230.6173,6.6266,0.7315,1217.0171,1648.0529,230.9885,7.1348,0.739,1639.4958,2168.9179,229.9946,9.4303,0.7552
2015-01-26T00:03:59.065Z,1133.471,1546.6407,230.3926,6.7134,0.7322,1214.4733,1632.7518,230.004,7.0985,0.7433,1664.2113,2176.2915,229.7333,9.4726,0.7636
2015-01-26T00:04:59.433Z,1132.5981,1538.1068,229.6542,6.6969,0.7362,1199.7454,1612.9887,229.2712,7.0349,0.7438,1653.688,2151.4879,229.0388,9.3933,0.7696
2015-01-26T00:05:59.689Z,1145.3427,1517.8961,228.4018,6.6457,0.7543,1234.5718,1645.7608,229.777,7.1619,0.7503,1637.3738,2133.6937,227.2654,9.3883,0.7694
2015-01-26T00:06:59.008Z,1126.2393,1508.7415,228.6194,6.5989,0.7458,1225.5415,1633.4398,229.7874,7.1088,0.7508,1639.498,2142.9461,227.9382,9.4011,0.7655
2015-01-26T00:07:59.530Z,1134.0724,1523.5664,228.6477,6.6633,0.7445,1225.0662,1631.7805,229.6629,7.1052,0.7502,1655.0976,2156.7487,228.5179,9.4377,0.7686
2015-01-26T00:08:59.765Z,1117.6659,1514.0916,228.3506,6.6301,0.7386,1216.3687,1616.8249,229.659,7.0397,0.752,1655.7341,2160.2088,228.8013,9.4414,0.7669
2015-01-26T00:09:59.049Z,1127.0964,1523.2939,228.7977,6.6584,0.7398,1224.4214,1627.0408,229.6007,7.0863,0.7524,1663.4863,2168.3863,228.9815,9.4692,0.7684
2015-01-26T00:10:59.218Z,1119.0143,1524.9406,229.8474,6.6342,0.7334,1222.2549,1638.9338,230.3708,7.1146,0.7463,1650.5196,2173.8307,230.1167,9.4466,0.7584
2015-01-26T00:11:59.709Z,1114.9551,1522.4403,229.9297,6.6214,0.7321,1239.7836,1658.8011,231.3654,7.1696,0.7476,1656.9766,2195.4886,230.775,9.5132,0.7548
2015-01-26T00:12:59.991Z,1111.4106,1512.7914,229.7373,6.585,0.7348,1236.6742,1653.7511,231.052,7.1573,0.7481,1649.3796,2185.0769,230.3823,9.4842,0.7551
2015-01-26T00:13:59.281Z,1114.1508,1502.9311,229.0181,6.5622,0.741,1252.3946,1664.7276,231.0655,7.2038,0.7521,1646.5436,2181.8971,229.8784,9.4912,0.7543
2015-01-26T00:14:59.487Z,1117.9744,1508.2699,228.6313,6.5966,0.7412,1231.8243,1639.563,229.9707,7.1297,0.7511,1648.0889,2165.3487,229.4148,9.4387,0.7603
2015-01-26T00:15:59.675Z,1149.0844,1524.5854,228.6065,6.669,0.7539,1252.2721,1658.8718,229.5111,7.2275,0.7548,1654.0692,2156.6273,228.1993,9.45,0.7672
2015-01-26T00:16:59.900Z,1187.8577,1596.9669,230.4416,6.9298,0.7443,1253.9401,1662.0274,228.7928,7.2634,0.755,1722.394,2214.7609,229.7989,9.6373,0.7784
2015-01-26T00:17:59.187Z,1211.9564,1657.4884,231.6145,7.1557,0.7309,1240.7185,1631.4827,227.0757,7.1844,0.7599,1796.2057,2268.977,230.9857,9.8227,0.7912
2015-01-26T00:18:59.472Z,1223.1399,1642.2333,231.3914,7.098,0.7387,1280.5869,1676.985,229.0263,7.323,0.7556,1779.3593,2263.0256,230.588,9.814,0.7873
2015-01-26T00:19:59.668Z,4.9954,74.4858,232.4022,0.3204,0.0679,3.106,67.7505,231.3918,0.2927,0.0454,114.1488,163.1573,232.8959,0.7019,0.4431
2015-01-26T00:20:59.915Z,5.9707,74.9129,232.2858,0.3223,0.0813,2.589,67.6765,231.9832,0.2912,0.0385,3.2618,66.9804,233.3149,0.2869,0.0474
2015-01-26T00:21:59.203Z,5.9833,72.674,232.0421,0.3139,0.0829,1.9507,67.8287,232.0763,0.2922,0.0303,3.2444,68.1646,233.2668,0.2921,0.0481
2015-01-26T00:22:59.530Z,4.9638,74.2801,232.4584,0.3191,0.0679,2.3928,67.8611,233.1073,0.2909,0.036,3.1863,68.7407,233.3863,0.2949,0.0473
2015-01-26T00:23:59.820Z,4.6627,72.6455,232.4713,0.3126,0.0651,2.7369,65.8232,232.6171,0.2824,0.0412,3.0823,67.4859,233.0185,0.2892,0.0486
2015-01-26T00:24:59.088Z,5.1952,72.8366,231.8304,0.314,0.0709,2.5988,66.5626,231.8429,0.2874,0.0388,2.7919,66.8062,232.5552,0.2874,0.0429
2015-01-26T00:25:59.365Z,5.5997,73.4297,230.6979,0.3186,0.0769,2.429,67.4168,231.0654,0.292,0.037,3.146,67.2554,232.6699,0.2889,0.0476
2015-01-26T00:26:59.610Z,5.4108,73.8122,231.3873,0.3186,0.0735,2.7357,66.2275,231.3385,0.2859,0.0403,3.1132,66.8727,233.1202,0.2869,0.0479
2015-01-26T00:27:59.951Z,4.9065,74.7842,232.6575,0.3217,0.0662,2.6089,67.1984,229.8812,0.2916,0.0399,3.0318,67.8465,234.1404,0.2898,0.0435
2015-01-26T00:28:59.260Z,5.2553,74.3976,232.8049,0.3196,0.0707,2.2033,68.0041,232.5881,0.2928,0.0328,4.1764,68.2984,233.8884,0.2918,0.06
2015-01-26T00:29:59.640Z,5.3796,74.5945,232.2874,0.3213,0.0738,3.0104,68.5158,232.9697,0.2936,0.0452,2.948,66.5875,233.9574,0.2849,0.0436
2015-01-26T00:30:59.859Z,5.721,73.2211,231.8161,0.3162,0.08,2.4712,68.5818,232.3541,0.2954,0.0367,3.0711,69.0518,233.2568,0.2959,0.0457
2015-01-26T00:31:59.199Z,5.7526,73.7358,231.5388,0.3188,0.079,2.4867,66.4581,232.1547,0.2861,0.0367,3.0903,65.502,233.0649,0.2809,0.0482
2015-01-26T00:32:59.429Z,5.8063,72.8107,231.7195,0.314,0.0819,2.628,65.4257,232.3595,0.2821,0.0413,3.6663,66.72,233.4197,0.2859,0.0558
2015-01-26T00:33:59.596Z,5.8241,73.6752,231.8554,0.3175,0.0808,2.1751,65.6013,232.0437,0.2827,0.0369,2.9492,66.3834,233.2881,0.2838,0.046
2015-01-26T00:34:59.891Z,5.4041,73.4875,231.3218,0.3174,0.0751,2.4251,68.3148,231.946,0.2946,0.0362,2.6877,67.2775,233.3478,0.2881,0.0402
2015-01-26T00:35:59.342Z,4.6533,73.183,230.2412,0.3177,0.0643,2.7311,67.0599,230.9191,0.2903,0.0413,2.827,66.4208,233.5367,0.285,0.0434
2015-01-26T00:36:59.749Z,5.3732,74.5952,230.9979,0.3233,0.0741,2.4055,67.2321,231.5522,0.2907,0.0357,3.6047,67.1273,233.3173,0.2882,0.0522
2015-01-26T00:38:59.253Z,5.9345,74.598,232.1605,0.3212,0.081,2.3646,67.2524,231.9827,0.2902,0.0359,2.9941,68.0807,233.9616,0.291,0.0446
2015-01-26T00:39:59.496Z,5.11,73.6821,231.7876,0.318,0.0703,2.711,66.3589,231.098,0.2871,0.0414,2.5651,66.3771,232.9885,0.2852,0.0398
2015-01-26T00:40:59.746Z,4.4902,74.2768,232.913,0.3187,0.06,2.5845,67.3797,231.7193,0.2914,0.0388,2.8282,66.2675,232.6647,0.2845,0.0434
2015-01-26T00:41:59.948Z,5.5365,73.1654,232.8248,0.3141,0.078,2.3774,67.306,231.9811,0.2897,0.0355,3.3645,68.3685,232.9974,0.2934,0.0492
2015-01-26T00:42:59.126Z,5.6545,73.834,231.8835,0.3182,0.0774,2.4715,67.647,231.2709,0.2927,0.0339,3.0862,68.1854,232.681,0.2937,0.0457
2015-01-26T00:43:59.508Z,5.8203,74.0976,232.4376,0.3184,0.0795,2.4299,66.0951,229.8613,0.2874,0.0377,3.013,67.3451,233.8761,0.288,0.045
2015-01-26T00:44:59.830Z,5.1129,72.9766,232.6084,0.3136,0.0725,2.3897,64.8646,229.0163,0.2832,0.0403,3.2491,66.9498,233.4415,0.2867,0.0512
2015-01-26T00:45:59.173Z,4.858,73.3204,232.4346,0.3153,0.0691,2.6459,66.1571,229.6843,0.2876,0.0412,2.9734,66.3164,231.7421,0.2864,0.0449
2015-01-26T00:46:59.426Z,6.0787,74.9578,232.6651,0.3225,0.0822,2.0793,67.369,230.6374,0.2924,0.0301,3.5083,67.3771,232.1785,0.2903,0.0522
2015-01-26T00:47:59.683Z,5.7814,73.7459,231.3724,0.3188,0.08,2.6303,65.9936,230.6344,0.2862,0.0404,3.2801,66.7401,232.4182,0.2869,0.0491
2015-01-26T00:48:59.909Z,5.3109,72.7721,231.8999,0.314,0.0755,2.6789,65.6167,230.7575,0.2847,0.042,3.3613,66.8745,233.0067,0.2867,0.0503
2015-01-26T00:49:59.173Z,5.4657,75.3118,232.4153,0.324,0.0728,2.265,68.2852,231.3191,0.2951,0.033,3.8646,68.1084,233.3513,0.292,0.0564
2015-01-26T00:50:59.465Z,6.1502,73.4857,232.7878,0.3158,0.0859,2.2786,67.9976,231.5221,0.2935,0.0337,3.4238,66.6788,233.1797,0.2859,0.0507
2015-01-26T00:51:59.769Z,5.2667,71.4263,231.873,0.3077,0.0774,2.4954,63.6183,230.6471,0.2759,0.0397,3.5482,64.4311,232.4837,0.2774,0.0564
2015-01-26T00:52:59.049Z,5.1437,73.0989,232.5783,0.314,0.0721,2.8893,66.5006,231.5503,0.2873,0.0441,3.126,66.0891,232.9931,0.2838,0.0481
2015-01-26T00:53:59.277Z,5.6741,73.586,232.7338,0.3156,0.0787,2.8654,66.7465,231.9044,0.2878,0.0447,3.8408,66.8936,232.2832,0.2882,0.0599
2015-01-26T00:54:59.585Z,5.8355,74.5482,232.2568,0.3208,0.0797,2.9238,67.9684,232.1768,0.2926,0.0446,3.1802,66.7447,231.5292,0.2886,0.047
2015-01-26T00:55:59.935Z,4.3967,72.4196,232.0888,0.3126,0.0624,2.951,66.2377,231.3338,0.2862,0.0466,3.1399,65.2121,231.074,0.2823,0.0474
2015-01-26T00:56:59.170Z,5.3222,74.422,232.6103,0.3201,0.0721,2.4978,66.518,231.4083,0.2876,0.0356,2.8736,65.4131,231.4697,0.2827,0.045
2015-01-26T00:57:59.426Z,5.7346,74.8313,232.5715,0.3224,0.0769,2.5781,68.1633,232.0585,0.2936,0.0374,2.9655,66.0938,231.6236,0.2846,0.0438
2015-01-26T00:58:59.704Z,6.0078,73.4309,233.361,0.3146,0.082,3.1467,67.7143,232.4929,0.2911,0.0477,3.5333,65.9495,232.1154,0.2836,0.0527
2015-01-26T00:59:59.020Z,5.0909,73.0776,233.4914,0.3129,0.0707,2.393,66.4522,229.8817,0.2893,0.035,2.7701,67.2551,233.8574,0.2881,0.0408
