2015-01-11T00:00:59.804Z,4.1208,64.7616,232.489,0.2787,0.0664,2.0346,58.3648,233.1275,0.2504,0.0338,82.6945,100.9042,232.4201,0.434,0.8209
2015-01-11T00:01:59.064Z,4.2471,67.952,232.7068,0.2921,0.0636,2.8601,59.5006,233.4477,0.2544,0.0489,82.5119,102.2428,232.716,0.439,0.8089
2015-01-11T00:02:59.578Z,4.6727,66.1478,232.1518,0.2848,0.0703,2.1857,59.21,233.01,0.2538,0.0355,82.1609,101.5066,232.4105,0.4367,0.8104
2015-01-11T00:03:59.897Z,5.199,66.5024,232.032,0.2861,0.0791,2.5024,59.8255,232.2017,0.2572,0.0412,82.2868,101.4379,231.9446,0.4374,0.813
2015-01-11T00:04:59.055Z,4.7842,65.4084,231.8288,0.2818,0.0738,2.3846,59.004,231.7221,0.2545,0.0417,81.9988,100.6589,231.3835,0.4349,0.8162
2015-01-11T00:05:59.291Z,5.0177,66.0258,230.9633,0.2859,0.0766,2.1925,59.1013,231.4992,0.2558,0.038,81.6939,100.3834,231.2504,0.4341,0.8152
2015-01-11T00:06:59.845Z,5.0675,65.0759,231.8047,0.2799,0.0803,2.287,58.3095,231.5325,0.2523,0.0399,82.1249,100.483,232.0044,0.4332,0.8185
2015-01-11T00:07:59.369Z,5.2403,66.0469,231.6325,0.2853,0.0804,2.1629,59.3682,231.4631,0.2565,0.0357,82.2519,101.3052,231.9095,0.437,0.8132
2015-01-11T00:08:59.603Z,4.4724,64.464,231.0729,0.2789,0.07,2.1598,56.6804,231.0458,0.2457,0.0379,82.3568,101.6781,231.664,0.4389,0.8108
2015-01-11T00:09:59.849Z,4.8205,64.6964,230.7291,0.2798,0.0758,2.6229,58.5715,230.7522,0.2536,0.0449,81.4203,99.962,231.4903,0.4312,0.8148
2015-01-11T00:10:59.322Z,5.0989,65.9223,231.0891,0.2861,0.0783,2.2897,58.9688,230.486,0.2559,0.0373,81.2282,100.5561,231.0771,0.4356,0.8091
2015-01-11T00:11:59.645Z,4.8163,65.8885,231.3896,0.2852,0.073,2.412,59.6912,230.3917,0.2585,0.0414,81.2209,100.2318,230.7937,0.4343,0.8113
2015-01-11T00:12:59.012Z,5.15,66.0679,231.2063,0.2857,0.0792,2.4436,58.1239,229.7377,0.253,0.0432,81.4603,100.7567,230.3801,0.4371,0.81
2015-01-11T00:13:59.200Z,5.5525,65.6716,230.9779,0.284,0.0846,2.401,57.8533,229.4566,0.2524,0.0419,80.5143,98.3029,230.0313,0.4273,0.819
2015-01-11T00:14:59.489Z,5.3075,65.23,231.8182,0.2815,0.0856,2.7186,57.4948,228.3146,0.2516,0.0484,80.438,98.9432,229.5691,0.4316,0.8141
2015-01-11T00:15:59.756Z,4.8705,65.3567,232.1669,0.2811,0.0748,2.3892,57.1762,225.7735,0.2532,0.0412,80.8201,100.6398,230.5503,0.437,0.8045
2015-01-11T00:16:59.194Z,5.5188,65.7481,230.9742,0.2843,0.0843,1.9487,58.7667,227.1215,0.2586,0.0321,81.4622,100.1678,231.2816,0.4336,0.8148
2015-01-11T00:17:59.162Z,5.2161,65.2646,230.1676,0.2838,0.0812,2.7257,58.572,230.1962,0.254,0.046,81.6111,100.7803,230.7779,0.4372,0.811
2015-01-11T00:18:59.651Z,4.7163,65.4104,230.4268,0.2842,0.0748,2.7848,58.9339,231.1018,0.2551,0.044,80.8759,99.57,230.4867,0.4318,0.8132
2015-01-11T00:19:59.010Z,5.106,65.1212,230.1173,0.283,0.0804,2.1814,60.4617,231.3792,0.2611,0.0353,81.644,100.5674,230.4823,0.4362,0.8123
2015-01-11T00:20:59.476Z,5.1974,66.2501,231.0191,0.2864,0.0795,2.5371,60.5879,230.8899,0.2628,0.042,81.4965,100.6751,230.7318,0.4371,0.8108
2015-01-11T00:21:59.010Z,5.0413,64.8089,231.5108,0.2793,0.0781,2.6726,59.9101,231.3456,0.259,0.0443,81.4879,100.9392,231.1882,0.4369,0.8088
2015-01-11T00:22:59.281Z,5.3165,64.8095,230.9038,0.2805,0.0827,2.0746,59.1616,230.9963,0.2562,0.0344,80.9378,99.7296,230.6133,0.4324,0.8124
2015-01-11T00:23:59.637Z,5.2054,65.5365,230.5112,0.2838,0.0814,2.1896,60.27,230.5674,0.2609,0.0347,80.3272,99.0359,229.9683,0.4303,0.8118
2015-01-11T00:24:59.482Z,5.0256,65.8596,230.3814,0.2861,0.0781,2.1772,58.0371,229.6341,0.2524,0.0382,79.7378,98.8484,229.18,0.4319,0.8077
2015-01-11T00:25:59.898Z,5.4847,65.8952,230.4536,0.2861,0.0838,2.14,58.3507,229.3492,0.2541,0.0372,80.5523,99.9475,229.2289,0.4357,0.8068
2015-01-11T00:26:59.545Z,4.8172,66.0353,229.5322,0.2874,0.0757,2.5003,61.206,231.1176,0.2653,0.0414,80.7363,99.7979,230.2398,0.4336,0.8096
2015-01-11T00:27:59.259Z,4.9719,64.0401,229.3065,0.2795,0.0789,2.5334,59.2896,231.547,0.2567,0.0414,81.6778,100.4405,230.3218,0.4362,0.8141
2015-01-11T00:28:59.651Z,5.4584,65.6826,230.1397,0.2853,0.0849,2.5152,58.8099,232.0026,0.2537,0.0408,81.1905,100.352,230.7985,0.434,0.8109
2015-01-11T00:29:59.641Z,4.9532,65.599,230.7714,0.2837,0.0767,2.8996,59.8856,231.8702,0.2578,0.0469,81.3982,99.9471,230.8958,0.4327,0.8151
2015-01-11T00:30:59.964Z,5.2071,65.2616,231.1113,0.2824,0.0797,2.9709,60.0284,232.1915,0.2584,0.0473,81.747,101.1396,231.4252,0.4362,0.8092
2015-01-11T00:31:59.473Z,5.2262,65.4894,231.1649,0.2829,0.0818,2.9661,58.1507,231.9297,0.2508,0.0512,81.7447,100.6048,231.0641,0.4354,0.8127
2015-01-11T00:32:59.597Z,4.6416,66.1341,230.8553,0.2866,0.0724,2.633,60.1402,231.6076,0.2595,0.0427,81.547,100.6823,230.9827,0.4362,0.8107
2015-01-11T00:33:59.263Z,4.5782,64.5659,230.9591,0.2794,0.0721,2.2597,59.8978,230.8227,0.2599,0.0376,81.5174,100.014,231.1444,0.4322,0.8154
2015-01-11T00:34:59.569Z,5.0607,63.704,229.5963,0.2773,0.0813,2.1535,58.9772,230.1575,0.2571,0.0362,81.8197,100.5718,231.4986,0.4352,0.815
2015-01-11T00:35:59.795Z,5.1895,65.6377,229.3971,0.2858,0.0805,2.8085,59.5327,230.9588,0.2573,0.0468,81.3901,100.3307,231.4697,0.4335,0.8118
2015-01-11T00:36:59.755Z,4.7427,64.422,231.1386,0.2788,0.0737,2.6193,57.9284,232.1569,0.2497,0.0455,81.8564,100.672,231.3262,0.4348,0.814
2015-01-11T00:37:59.154Z,4.8054,64.8724,231.2347,0.2807,0.0771,2.3084,59.4364,231.3034,0.2571,0.0379,81.8069,100.9601,230.9257,0.437,0.8108
2015-01-11T00:38:59.723Z,4.5203,66.835,231.4476,0.2885,0.0687,2.5466,59.3893,231.2886,0.2567,0.0423,81.4674,100.134,230.99,0.4341,0.8149
2015-01-11T00:39:59.384Z,5.1598,65.0982,230.919,0.2811,0.0809,2.1272,57.3682,230.6551,0.2487,0.0387,81.1196,100.1266,230.4651,0.4343,0.811
2015-01-11T00:40:59.069Z,5.07,66.4787,230.569,0.2884,0.0774,2.0827,58.5435,230.8641,0.2536,0.0356,81.2168,100.4871,230.7409,0.4348,0.8092
2015-01-11T00:41:59.275Z,5.2132,65.5212,231.1609,0.2834,0.0825,2.4985,58.9512,231.1471,0.2552,0.0426,81.7676,100.0531,231.0267,0.4331,0.8179
2015-01-11T00:42:59.653Z,4.0137,64.536,230.9501,0.28,0.0636,2.6667,57.7244,230.6941,0.2502,0.0464,81.7908,100.6129,230.9465,0.4355,0.8141
2015-01-11T00:43:59.554Z,5.2003,66.8612,230.771,0.29,0.0789,2.2195,58.9115,230.5709,0.2554,0.0367,81.4288,100.4533,230.6953,0.4355,0.8121
2015-01-11T00:44:59.997Z,5.1199,65.5755,230.6312,0.2839,0.0784,2.8455,59.5284,231.148,0.2574,0.0479,80.7973,100.0086,230.1307,0.4343,0.8088
2015-01-11T00:45:59.345Z,5.0086,65.883,231.2996,0.285,0.0774,2.5002,60.9279,231.6643,0.2629,0.0416,80.9848,100.2327,230.7283,0.4341,0.8089
2015-01-11T00:46:59.850Z,4.2382,66.1944,232.2559,0.2853,0.0645,2.6863,58.3392,232.3805,0.251,0.0475,80.3884,99.3096,229.3259,0.4334,0.8102
2015-01-11T00:47:59.665Z,4.2711,66.1618,231.6568,0.2855,0.0657,2.5097,59.6381,232.212,0.2569,0.0422,81.9234,100.868,231.5832,0.4355,0.8132
2015-01-11T00:48:59.137Z,5.3003,65.2152,231.4006,0.282,0.0817,2.6604,58.1886,232.0957,0.2511,0.0469,81.8148,100.54,231.456,0.4351,0.8143
2015-01-11T00:49:59.513Z,5.4729,67.3474,231.2659,0.2913,0.0814,2.7503,59.2555,232.1186,0.2554,0.0472,81.4938,100.661,231.5455,0.4342,0.8113
2015-01-11T00:50:59.992Z,4.3939,66.0422,231.1787,0.2855,0.0658,2.0704,59.0045,232.2979,0.2539,0.0368,81.7168,99.9976,231.7216,0.4321,0.8179
2015-01-11T00:51:59.104Z,5.2309,65.1889,230.3425,0.2828,0.0813,2.4481,59.611,232.6692,0.2563,0.0412,82.3925,101.8067,232.1521,0.4385,0.8106
2015-01-11T00:52:59.362Z,5.3232,65.3334,230.637,0.2833,0.0822,2.247,59.4071,230.2953,0.2577,0.0371,82.5131,102.0087,232.1289,0.4396,0.8104
2015-01-11T00:53:59.104Z,4.5793,64.1762,230.6495,0.2786,0.0725,2.2645,57.569,228.4865,0.2519,0.0382,82.356,101.7802,232.3822,0.4378,0.81
2015-01-11T00:54:59.451Z,4.7943,65.8664,231.048,0.2848,0.0738,2.5329,57.8053,230.3216,0.2513,0.0433,81.9219,100.374,231.4101,0.4338,0.8171
2015-01-11T00:55:59.553Z,4.304,64.813,231.0885,0.2805,0.0669,20.8754,103.9731,231.3203,0.4518,0.0509,194.8887,228.531,230.739,0.9905,0.8525
2015-01-11T00:56:59.836Z,1003.8698,1425.1502,230.3928,6.1854,0.7041,1081.5686,1530.3093,230.2247,6.6474,0.7063,1534.2947,2091.8891,229.3768,9.1193,0.734
2015-01-11T00:57:59.898Z,1049.9084,1470.2234,230.6336,6.3753,0.7133,1129.1974,1567.5831,230.2562,6.8082,0.72,1588.8378,2138.4112,229.7551,9.3069,0.7414
2015-01-11T00:58:59.577Z,1151.5844,1554.8634,230.9163,6.7333,0.7404,1237.714,1668.289,230.1828,7.2475,0.7413,1683.0026,2223.3916,229.7656,9.6766,0.758
2015-01-11T00:59:59.626Z,1160.7938,1569.4481,231.036,6.7929,0.7399,1250.3224,1676.1138,230.0706,7.2848,0.7464,1700.8633,2238.9823,230.1518,9.7282,0.7592
