2015-01-24T00:00:59.534Z,5.3341,66.6622,232.5453,0.2868,0.0814,2.6801,60.8558,231.2084,0.2632,0.0429,3.1832,62.5392,234.2916,0.267,0.0505
2015-01-24T00:01:59.854Z,5.8218,69.0341,231.4786,0.2986,0.0852,2.7046,63.7154,230.8746,0.2757,0.041,3.5209,63.4442,233.7666,0.2714,0.0551
2015-01-24T00:02:59.545Z,5.7171,68.21,231.1692,0.2946,0.0863,2.8944,61.5464,230.1134,0.2672,0.0462,3.5977,63.2291,233.129,0.2711,0.0563
2015-01-24T00:03:59.842Z,5.8374,68.7229,230.0897,0.2989,0.0854,2.0758,61.0926,228.7917,0.2667,0.0358,3.561,61.9477,232.153,0.2672,0.0577
2015-01-24T00:04:59.276Z,5.6304,68.3312,229.8487,0.2972,0.0828,2.23,60.7578,228.8916,0.2658,0.0361,2.5784,60.9469,231.9791,0.2629,0.0447
2015-01-24T00:05:59.469Z,5.9075,68.0648,229.362,0.2969,0.0879,2.429,59.5058,228.5832,0.2603,0.0413,3.6702,61.1176,232.9211,0.2625,0.0612
2015-01-24T00:06:59.005Z,4.743,68.9116,229.3349,0.2999,0.0683,2.4662,61.9049,228.2299,0.2716,0.0404,3.4239,60.7067,232.7354,0.2607,0.0572
2015-01-24T00:07:59.758Z,4.5021,67.3022,230.5305,0.2921,0.0685,1.9075,60.5641,228.9493,0.2648,0.0327,3.0843,60.9816,232.9077,0.2625,0.0507
2015-01-24T00:08:59.982Z,5.5727,68.3669,231.2827,0.2952,0.0835,2.3693,60.6242,229.7127,0.264,0.0408,3.8709,62.1412,233.019,0.2667,0.062
2015-01-24T00:09:59.225Z,5.6554,70.1791,230.6907,0.304,0.0824,2.3052,60.9149,229.2258,0.2659,0.0379,3.6201,63.672,232.2493,0.274,0.0578
2015-01-24T00:10:59.525Z,5.4358,68.9345,231.0751,0.2985,0.0798,2.9881,60.6067,229.6884,0.2637,0.0478,3.4193,62.4696,232.6801,0.2685,0.0564
2015-01-24T00:11:59.910Z,4.3571,69.068,231.1169,0.2986,0.0634,2.277,60.9082,229.9333,0.2654,0.0373,2.9533,62.5655,232.5393,0.2692,0.0469
2015-01-24T00:12:59.349Z,4.6916,68.0027,231.3004,0.2942,0.0709,2.7612,61.3793,230.1397,0.2669,0.0444,3.5847,61.0833,232.9259,0.2619,0.0617
2015-01-24T00:13:59.582Z,5.4639,69.7409,230.8792,0.3024,0.0785,2.5438,60.0932,229.4782,0.2615,0.044,3.1314,62.1353,232.4492,0.2673,0.0496
2015-01-24T00:14:59.880Z,5.2192,68.5624,229.8863,0.2979,0.0776,2.8605,61.5919,229.7042,0.268,0.0485,3.2541,63.3479,232.2427,0.2734,0.0502
2015-01-24T00:15:59.555Z,5.1858,68.6199,228.8851,0.2998,0.075,2.5013,60.8699,230.3381,0.2642,0.0413,3.497,62.2541,231.0414,0.2692,0.0558
2015-01-24T00:16:59.310Z,4.44,66.0375,228.0934,0.2892,0.0688,2.4813,61.2687,230.0724,0.2668,0.0396,3.2138,62.7065,230.9023,0.2711,0.0518
2015-01-24T00:17:59.542Z,5.7866,69.0456,229.5377,0.3004,0.0855,2.2397,62.7327,231.0779,0.2715,0.0358,3.0107,63.158,232.8233,0.2713,0.0491
2015-01-24T00:18:59.856Z,5.8901,69.1279,231.0677,0.2992,0.086,3.1584,62.0516,231.5885,0.2684,0.0502,3.526,62.8969,234.2989,0.2685,0.0579
2015-01-24T00:19:59.190Z,5.7314,68.6226,231.0962,0.2967,0.0843,2.6438,61.5538,231.808,0.2659,0.0434,3.3067,62.7421,234.5214,0.2673,0.0524
2015-01-24T00:20:59.565Z,4.4411,67.5715,231.0836,0.2925,0.0664,2.732,62.0443,231.3726,0.2676,0.0474,3.294,63.3045,234.0684,0.2709,0.0532
2015-01-24T00:21:59.340Z,4.9082,68.5418,230.8483,0.2967,0.0712,2.397,61.9664,231.0927,0.268,0.0397,3.2828,62.1703,233.3991,0.2666,0.0533
2015-01-24T00:22:59.697Z,5.3628,68.3982,230.714,0.2962,0.0789,2.5095,60.3449,230.7898,0.2614,0.0426,3.1605,62.5947,233.2547,0.2683,0.0533
2015-01-24T00:23:59.961Z,5.1981,68.73,231.1867,0.2973,0.0762,2.2757,61.1932,231.0037,0.2651,0.0388,3.2733,61.8259,233.4663,0.2647,0.0555
2015-01-24T00:24:59.249Z,5.2909,68.5651,229.8831,0.2986,0.0777,2.7246,61.5216,229.3384,0.268,0.0439,2.7961,62.3002,232.2862,0.2683,0.0452
2015-01-24T00:25:59.629Z,4.5352,68.0086,229.6999,0.2965,0.0679,2.761,60.648,228.4779,0.2649,0.0448,3.1421,61.7292,231.8874,0.2666,0.0529
2015-01-24T00:26:59.839Z,4.4288,68.7387,231.5375,0.2969,0.0656,2.4509,62.0019,227.9948,0.2714,0.0396,3.1312,62.9013,232.5646,0.2702,0.0489
2015-01-24T00:27:59.133Z,5.678,68.4956,231.5591,0.2958,0.0827,2.5876,61.0684,227.8208,0.2682,0.0428,2.9501,60.8438,232.537,0.2613,0.0474
2015-01-24T00:28:59.405Z,5.2658,67.9582,231.393,0.2938,0.0805,2.4499,60.503,229.6437,0.264,0.04,2.9152,62.732,233.0993,0.2691,0.0478
2015-01-24T00:29:59.770Z,5.4279,69.561,231.6756,0.3003,0.0782,2.9156,62.0119,230.0825,0.2691,0.047,3.323,63.1342,233.7659,0.2701,0.0527
2015-01-24T00:30:59.064Z,5.1999,69.0383,231.4812,0.2983,0.0756,2.5333,62.3088,230.6814,0.2697,0.0381,3.5558,62.7203,233.4278,0.2687,0.0577
2015-01-24T00:31:59.757Z,4.6777,68.9598,231.9336,0.2974,0.0688,2.4752,60.2477,231.2225,0.2603,0.0402,2.9565,63.0898,233.7596,0.2701,0.0464
2015-01-24T00:32:59.010Z,6.001,68.4902,230.7777,0.2969,0.0884,1.8948,61.2917,231.9126,0.2642,0.0309,3.2037,62.0209,233.7014,0.2656,0.0531
2015-01-24T00:33:59.357Z,5.3693,68.5137,230.5264,0.2975,0.0796,3.1285,62.8404,231.8364,0.2709,0.0497,3.1712,62.43,233.8309,0.2669,0.0514
2015-01-24T00:34:59.712Z,5.7366,68.2547,230.1678,0.2965,0.0845,2.1429,62.4687,231.5017,0.269,0.035,3.0948,62.1082,233.5192,0.2663,0.0493
2015-01-24T00:35:59.084Z,4.2249,68.1263,229.7479,0.2963,0.0627,2.7617,60.2689,231.125,0.2608,0.0459,3.2562,63.5039,233.1209,0.2724,0.0511
2015-01-24T00:36:59.475Z,4.5573,68.258,230.184,0.2959,0.0678,2.7458,60.3495,229.6376,0.2627,0.0446,3.3152,62.6471,231.9327,0.2703,0.052
2015-01-24T00:37:59.692Z,5.9378,69.2138,230.4871,0.2999,0.0873,2.4919,59.5331,229.7264,0.2586,0.042,3.4467,60.8095,231.7037,0.2624,0.0574
2015-01-24T00:38:59.970Z,5.0758,69.197,230.0061,0.3009,0.0748,2.2498,60.3712,230.9483,0.2611,0.0387,3.2834,63.2524,232.333,0.2726,0.0515
2015-01-24T00:39:59.560Z,5.7316,68.8213,230.188,0.2992,0.0847,2.2034,60.5246,230.771,0.2624,0.036,3.7341,63.1296,232.9739,0.2708,0.0591
2015-01-24T00:40:59.836Z,4.3603,69.6536,230.0299,0.3029,0.0641,2.5898,61.9215,230.9134,0.2682,0.0411,3.2518,63.5871,232.4973,0.2734,0.0499
2015-01-24T00:41:59.223Z,4.7944,67.574,230.3688,0.293,0.0726,2.4592,61.2904,230.9971,0.2657,0.0408,3.2264,62.3502,232.4129,0.2681,0.051
2015-01-24T00:42:59.716Z,5.0779,68.2335,230.3507,0.296,0.0766,2.6024,58.9774,230.5046,0.256,0.0454,2.758,59.7017,232.2484,0.2574,0.0498
2015-01-24T00:43:59.007Z,5.2567,69.5083,230.9244,0.3009,0.0771,2.2889,62.1244,230.8083,0.269,0.0382,3.0316,62.5388,232.7241,0.2689,0.0489
2015-01-24T00:44:59.247Z,5.7031,68.5077,231.489,0.2962,0.0852,2.4942,61.8778,230.6511,0.2681,0.0399,3.1116,63.4867,232.5252,0.2734,0.0499
2015-01-24T00:45:59.718Z,4.8658,68.4653,231.4195,0.2958,0.0716,2.3232,61.9055,230.4445,0.2689,0.0379,3.39,62.056,232.4353,0.2671,0.0548
2015-01-24T00:46:59.084Z,4.3707,70.6001,230.8329,0.3056,0.0629,2.79,62.9751,230.6398,0.2732,0.0433,3.1893,61.5982,233.685,0.2636,0.0518
2015-01-24T00:47:59.049Z,5.6614,68.3622,231.148,0.2958,0.0852,2.5226,61.1017,230.786,0.2648,0.0394,3.7081,63.2909,234.117,0.2699,0.0601
2015-01-24T00:48:59.508Z,5.1234,68.5618,231.7351,0.2961,0.0763,2.0527,61.5321,231.679,0.265,0.0335,3.0011,62.4455,233.9836,0.2674,0.0482
2015-01-24T00:49:59.784Z,5.3937,67.6884,231.4887,0.2925,0.0803,2.6184,63.227,230.8825,0.2741,0.0407,3.7641,62.1926,233.4222,0.2663,0.0597
2015-01-24T00:50:59.071Z,4.8533,68.9241,230.555,0.2984,0.0714,3.0698,62.9642,230.9414,0.273,0.049,3.425,60.8417,232.836,0.2616,0.0577
2015-01-24T00:51:59.367Z,5.1976,69.2933,231.0235,0.2998,0.0764,1.8678,62.2324,232.4709,0.2673,0.0302,2.9098,62.4739,233.2746,0.2682,0.049
2015-01-24T00:52:59.625Z,5.4209,68.9491,231.8782,0.2974,0.0791,2.5698,61.3208,232.9775,0.2635,0.0425,3.2789,62.3374,233.9595,0.266,0.0541
2015-01-24T00:53:59.026Z,5.3627,70.4427,231.6812,0.3044,0.0769,2.2709,60.9178,232.4088,0.2623,0.0364,3.4216,62.1874,233.6599,0.2666,0.055
2015-01-24T00:54:59.615Z,4.5149,68.0324,231.3207,0.2938,0.0664,2.4307,62.2062,232.1149,0.2684,0.0396,3.3782,62.3423,233.3764,0.2668,0.0535
2015-01-24T00:55:59.041Z,5.6497,68.8081,230.7754,0.2983,0.0841,2.512,61.9606,231.6138,0.2672,0.0402,3.2661,61.1249,232.7899,0.2628,0.0529
2015-01-24T00:56:59.371Z,5.6708,69.7912,230.1214,0.3033,0.0823,2.0067,60.5934,231.9389,0.2611,0.032,3.3091,61.9363,232.1741,0.2666,0.0529
2015-01-24T00:57:59.573Z,5.126,68.3777,230.5032,0.2965,0.0755,2.2999,60.172,230.907,0.2607,0.0387,2.8097,61.1079,231.0011,0.2647,0.0493
2015-01-24T00:58:59.920Z,4.2699,69.0297,231.6226,0.2981,0.0622,2.4911,62.2253,229.9605,0.2709,0.0388,3.4791,63.4331,232.1057,0.273,0.0546
2015-01-24T00:59:59.303Z,4.85,68.9962,232.0914,0.297,0.071,2.2023,59.9043,229.5299,0.2617,0.0364,2.9426,63.192,232.7484,0.2713,0.048
