2015-03-16T00:00:59.297Z,6.7567,66.3258,230.5132,0.288,0.1028,-7.5503,62.259,231.0106,0.2698,-0.1227,11.8002,63.5908,233.6178,0.2721,0.1876
2015-03-16T00:01:59.463Z,7.1542,69.0868,229.566,0.3005,0.1031,-7.7175,62.3696,229.85,0.271,-0.1271,11.2477,62.1264,232.738,0.2667,0.1832
2015-03-16T00:02:59.646Z,7.3031,68.5182,229.8991,0.2977,0.1073,-7.2923,60.4335,227.3102,0.2658,-0.123,11.2514,64.5179,232.9741,0.2762,0.1754
2015-03-16T00:03:59.998Z,7.4491,68.0361,231.0057,0.2942,0.1104,-7.7734,62.4711,231.2074,0.2701,-0.126,12.0647,63.3946,233.0846,0.2722,0.1916
2015-03-16T00:04:59.483Z,6.8081,69.6763,232.531,0.2994,0.0992,-8.1497,62.9008,231.2776,0.2721,-0.1309,11.0796,62.7483,233.2692,0.2692,0.1782
2015-03-16T00:05:59.977Z,7.1254,68.2868,231.9664,0.2944,0.1056,-7.8978,61.5499,231.4058,0.2656,-0.13,11.3421,64.6345,232.6822,0.2781,0.1765
2015-03-16T00:06:59.267Z,6.7237,69.7167,232.526,0.2994,0.0968,-8.2086,63.0177,231.3142,0.272,-0.1311,10.545,63.8518,233.3441,0.2737,0.1662
2015-03-16T00:07:59.525Z,7.04,69.2877,232.4654,0.2985,0.1033,-7.7648,60.5732,231.0498,0.2625,-0.131,11.8603,64.1734,233.2184,0.2748,0.189
2015-03-16T00:08:59.840Z,6.876,68.5373,232.2286,0.2951,0.1026,-7.6991,62.5739,231.434,0.2702,-0.1257,11.3434,63.6404,233.2102,0.273,0.1808
2015-03-16T00:09:59.181Z,6.7969,68.9652,232.458,0.2966,0.0993,-8.1889,62.4357,231.4456,0.2698,-0.1318,11.5909,63.3246,233.38,0.2716,0.1851
2015-03-16T00:10:59.503Z,6.9552,70.4795,232.6972,0.3028,0.0989,-7.7645,61.758,231.5364,0.2667,-0.1265,11.4433,65.5352,234.2433,0.2801,0.1758
2015-03-16T00:11:59.810Z,7.1341,69.0005,232.1295,0.2967,0.1049,-7.4736,62.8603,231.1288,0.272,-0.1205,11.5012,64.6525,233.9495,0.2759,0.1792
2015-03-16T00:12:59.975Z,7.0496,68.0987,231.6934,0.2942,0.1042,-7.92,61.2538,230.194,0.2664,-0.1307,11.5782,63.9595,232.9018,0.2746,0.1822
2015-03-16T00:13:59.256Z,6.7851,70.0932,231.4432,0.3029,0.0977,-7.6543,61.722,230.5064,0.2686,-0.126,11.2373,64.9077,233.1658,0.2781,0.1729
2015-03-16T00:14:59.583Z,7.1246,69.6056,231.7109,0.3005,0.1042,-7.8959,61.3843,230.7529,0.266,-0.1301,11.7022,64.1642,232.9835,0.2753,0.1842
2015-03-16T00:15:59.812Z,7.1072,69.354,231.7579,0.2991,0.1042,-7.8247,60.9852,231.2405,0.2643,-0.13,11.4216,62.9334,233.0258,0.27,0.182
2015-03-16T00:16:59.023Z,6.8155,69.0494,231.962,0.2976,0.0998,-7.5991,61.8809,231.2636,0.2678,-0.1224,11.2557,64.7174,233.4842,0.2774,0.1761
2015-03-16T00:17:59.299Z,7.4988,69.6888,232.3096,0.3,0.1092,-7.912,61.4064,230.9768,0.2655,-0.133,10.9235,63.3709,233.593,0.2713,0.174
2015-03-16T00:18:59.623Z,7.1182,69.8716,231.4303,0.3019,0.1027,-7.8364,62.6489,230.447,0.2722,-0.1274,11.3181,62.4934,233.0345,0.268,0.1811
2015-03-16T00:19:59.848Z,7.3141,68.7972,231.4342,0.2963,0.1077,-7.8509,61.7317,230.6468,0.2676,-0.1283,11.6604,63.5113,233.5986,0.2717,0.1847
2015-03-16T00:20:59.246Z,6.5293,68.92,231.5688,0.297,0.0946,-7.9087,62.6199,230.6796,0.2714,-0.1293,11.6869,63.3991,233.6463,0.271,0.1857
2015-03-16T00:21:59.639Z,7.0685,69.3457,230.973,0.2998,0.1036,-7.7314,61.9758,230.3505,0.2692,-0.1278,11.4522,65.0342,233.4351,0.279,0.176
2015-03-16T00:22:59.922Z,7.2029,69.2592,230.91,0.3002,0.1051,-7.9266,60.6429,230.25,0.2635,-0.1332,11.1127,63.9625,232.9392,0.2741,0.174
2015-03-16T00:23:59.153Z,7.1382,69.5127,230.5825,0.3013,0.1037,-7.6019,61.671,230.6507,0.2676,-0.1244,11.3179,63.5167,232.8511,0.273,0.1789
2015-03-16T00:24:59.430Z,6.7278,67.8159,231.1712,0.2936,0.1007,-8.4063,60.4139,231.1654,0.2613,-0.14,11.5503,64.0886,233.4188,0.2739,0.181
2015-03-16T00:25:59.678Z,7.2162,69.9896,231.4119,0.3025,0.1032,-8.0376,64.3241,231.2878,0.2782,-0.1267,11.6847,64.3168,233.4603,0.2754,0.1822
2015-03-16T00:26:59.934Z,6.9113,68.3109,231.221,0.2953,0.1022,-7.2887,61.1775,231.0265,0.2649,-0.1213,11.176,63.6938,233.569,0.2726,0.1764
2015-03-16T00:27:59.099Z,7.0493,69.6998,231.7137,0.3004,0.1022,-7.8459,62.8519,231.0733,0.2719,-0.1272,11.4223,62.8517,233.9939,0.2686,0.1828
2015-03-16T00:28:59.660Z,6.66,69.7343,231.9186,0.3008,0.0963,-7.4432,61.1025,230.8623,0.2649,-0.1238,11.3798,65.1438,234.0554,0.2787,0.1755
2015-03-16T00:29:59.003Z,6.9864,69.5154,232.3403,0.2993,0.1022,-7.8508,61.9553,228.2456,0.2713,-0.1276,11.3726,64.4074,234.4594,0.2751,0.1771
2015-03-16T00:30:59.241Z,6.7124,70.0241,232.5956,0.3008,0.0967,-7.2199,61.8009,230.9508,0.2676,-0.1182,11.2184,63.2,232.5711,0.2725,0.1787
2015-03-16T00:31:59.557Z,5.7727,69.3482,232.1626,0.2986,0.0833,-7.0249,62.4638,230.987,0.2701,-0.1142,11.2133,63.4832,231.9519,0.2735,0.1782
2015-03-16T00:32:59.769Z,5.859,70.416,232.1473,0.3032,0.0841,-6.8705,62.5405,230.3035,0.2717,-0.1132,11.1126,62.3686,231.2655,0.2699,0.1787
2015-03-16T00:33:59.976Z,6.088,70.1902,232.8288,0.3013,0.0875,-7.2534,62.1305,230.5478,0.2691,-0.1178,11.3434,63.8221,231.3686,0.276,0.1779
2015-03-16T00:34:59.109Z,5.5213,68.7479,231.8336,0.2962,0.0808,-7.3143,61.5754,231.3141,0.2659,-0.1211,11.6492,63.6986,232.9086,0.2731,0.1846
2015-03-16T00:35:59.434Z,5.8437,68.7637,230.8197,0.2982,0.0857,-7.6255,61.9705,230.9049,0.2686,-0.1237,11.71,64.7433,232.6191,0.2785,0.1821
2015-03-16T00:36:59.753Z,5.3096,69.4758,230.4389,0.3015,0.0758,-7.5388,62.3318,230.5462,0.2705,-0.1216,11.5319,64.7397,232.3805,0.278,0.1782
2015-03-16T00:37:59.023Z,5.1021,67.9732,229.965,0.2951,0.076,-7.2046,61.5636,229.944,0.268,-0.1204,11.0539,62.1261,232.1966,0.2672,0.1817
2015-03-16T00:38:59.307Z,5.2885,69.7127,231.6341,0.3011,0.0753,-7.4214,62.5716,230.3521,0.2715,-0.1212,11.3905,62.9547,232.7512,0.2702,0.1817
2015-03-16T00:39:59.503Z,5.8459,69.5881,231.6245,0.2997,0.0864,-7.2864,62.2309,230.9302,0.2702,-0.1184,10.9903,63.2616,233.0955,0.2711,0.1757
2015-03-16T00:40:59.763Z,5.6619,69.1726,231.9331,0.2982,0.0835,-7.5804,61.4131,230.2723,0.2671,-0.1245,11.016,64.4122,233.0743,0.2764,0.1726
2015-03-16T00:41:59.981Z,5.5474,68.9036,231.426,0.2976,0.0825,-7.2134,62.8874,230.3757,0.2734,-0.1145,11.1848,62.5997,233.107,0.2684,0.1797
2015-03-16T00:42:59.408Z,5.7465,68.0182,231.2662,0.2934,0.0864,-6.9519,60.8253,230.2314,0.2637,-0.1146,11.2538,64.4791,232.4926,0.2771,0.1748
2015-03-16T00:43:59.791Z,5.7274,68.992,231.9205,0.2976,0.0842,-7.141,61.3746,231.0033,0.2662,-0.1166,11.5616,61.7855,233.4985,0.2643,0.1873
2015-03-16T00:44:59.167Z,5.6109,69.0703,231.8273,0.2983,0.0827,-7.5111,63.9583,231.5832,0.2764,-0.1197,11.3677,62.5738,233.8452,0.2672,0.1824
2015-03-16T00:45:59.453Z,5.6227,68.8559,232.3513,0.2966,0.0811,-7.2433,62.2552,232.3357,0.2678,-0.1168,11.4799,62.6353,234.2642,0.2673,0.183
2015-03-16T00:46:59.737Z,5.4166,69.0737,232.4498,0.297,0.0808,-6.9554,62.8197,232.6254,0.2697,-0.1135,11.5459,63.296,234.6909,0.2698,0.1836
2015-03-16T00:47:59.045Z,5.3824,68.2451,232.5062,0.2937,0.0783,-7.3352,61.8667,232.5356,0.2664,-0.1222,11.5902,64.2356,234.8822,0.2734,0.184
2015-03-16T00:48:59.374Z,5.4251,69.2605,233.1553,0.2977,0.0785,-7.2533,63.7851,232.8301,0.2738,-0.114,11.1175,64.0918,234.5888,0.2733,0.1749
2015-03-16T00:49:59.721Z,5.8589,67.7887,233.1565,0.2909,0.0883,-7.3352,61.4048,232.8678,0.2641,-0.1228,11.6242,64.7801,234.4716,0.2762,0.1797
2015-03-16T00:50:59.872Z,5.1263,69.8656,233.2757,0.2997,0.074,-7.3919,62.5109,232.411,0.269,-0.1209,11.471,64.5559,234.1496,0.2756,0.178
2015-03-16T00:51:59.153Z,5.6596,69.0592,232.7879,0.2964,0.0856,-7.3282,61.916,232.3318,0.2667,-0.1231,11.567,63.1891,233.8507,0.2701,0.183
2015-03-16T00:52:59.357Z,5.7493,69.2151,233.2482,0.2963,0.0854,-7.5378,60.689,232.3214,0.261,-0.1282,11.1614,63.1112,233.9902,0.2701,0.1809
2015-03-16T00:53:59.776Z,5.8864,68.5247,232.1531,0.2956,0.0875,-6.7337,60.5537,231.1414,0.262,-0.1144,11.297,64.8302,233.3291,0.2781,0.1774
2015-03-16T00:54:59.067Z,5.9742,68.1941,232.7492,0.2936,0.0878,-7.0922,60.75,231.9454,0.262,-0.118,11.1979,64.0674,233.7309,0.2746,0.1756
2015-03-16T00:55:59.322Z,5.4617,68.8851,233.1808,0.2953,0.0801,-7.2318,62.0876,231.7039,0.268,-0.119,11.2343,64.4365,234.0061,0.275,0.177
2015-03-16T00:56:59.580Z,5.4914,70.132,233.0137,0.301,0.0789,-7.5626,61.7242,231.5887,0.2669,-0.1244,10.7949,64.4958,233.4725,0.276,0.1686
2015-03-16T00:57:59.857Z,5.7034,69.6392,232.6707,0.2995,0.0836,-7.5348,62.0958,231.6795,0.2679,-0.1213,11.1123,62.9774,232.512,0.2712,0.1797
2015-03-16T00:58:59.219Z,5.8928,70.3774,232.6089,0.3026,0.083,-6.8901,61.9688,231.376,0.2677,-0.1123,11.1491,62.8552,232.3623,0.2702,0.1787
2015-03-16T00:59:59.457Z,5.6058,69.8216,231.8595,0.3009,0.0816,-7.2022,61.0492,230.7764,0.2647,-0.1203,11.3715,63.2643,231.5782,0.2732,0.1815
