2015-05-29T00:00:59.353Z,5.0525,70.8951,232.7172,0.3042,0.0736,-7.6585,64.8053,232.4452,0.2779,-0.1204,12.1778,66.5193,231.223,0.2873,0.1857
2015-05-29T00:01:59.490Z,4.727,74.5519,232.6584,0.3207,0.0635,-7.8437,65.5574,232.8989,0.2811,-0.122,12.346,66.3958,231.5166,0.2866,0.1869
2015-05-29T00:02:59.602Z,4.4831,73.4731,232.5741,0.3158,0.0611,-7.8629,65.9103,233.0625,0.2831,-0.1193,12.1502,65.9177,231.5544,0.2847,0.1849
2015-05-29T00:03:59.790Z,5.2136,73.1503,232.9348,0.314,0.0711,-7.1047,66.9799,233.016,0.2873,-0.1092,12.4424,68.5516,231.12,0.2968,0.182
2015-05-29T00:04:59.021Z,4.9736,73.0002,231.8171,0.3149,0.0678,-7.1048,67.0317,232.601,0.2883,-0.106,11.9114,67.8901,230.5737,0.2943,0.1762
2015-05-29T00:05:59.318Z,5.1959,73.0402,230.6789,0.3166,0.0723,-7.3069,66.2693,232.4735,0.2843,-0.1152,12.1633,66.9319,230.2854,0.2904,0.1866
2015-05-29T00:06:59.592Z,4.7505,72.6012,230.99,0.3142,0.0667,-7.8031,66.9404,233.0669,0.2869,-0.1207,11.7349,68.6098,230.8654,0.2964,0.1711
2015-05-29T00:07:59.837Z,4.709,62.2837,230.8007,0.2696,0.0792,-6.987,53.4226,232.9821,0.2295,-0.1565,11.9627,54.187,230.5215,0.2355,0.2469
2015-05-29T00:08:59.032Z,4.4111,54.8598,230.2264,0.2383,0.0846,-6.7792,41.0011,232.3107,0.1766,-0.2081,11.4866,48.0443,231.2103,0.2077,0.2691
2015-05-29T00:09:59.492Z,4.9482,56.4412,230.893,0.2442,0.0951,-7.2336,46.8463,229.6391,0.2041,-0.1887,11.0402,45.1414,231.6847,0.1952,0.2875
2015-05-29T00:10:59.831Z,5.1273,54.0377,231.4042,0.2335,0.099,-7.4902,43.47,228.3483,0.1901,-0.2132,11.7459,45.6795,232.5392,0.196,0.2937
2015-05-29T00:11:59.144Z,4.3554,52.9363,231.0873,0.2298,0.0868,-6.6293,46.969,231.3957,0.204,-0.1697,11.9863,45.786,231.6976,0.1976,0.296
2015-05-29T00:12:59.571Z,4.3859,56.4799,230.5995,0.2452,0.0821,-6.6296,44.7296,231.5191,0.1937,-0.1909,11.2633,45.0242,231.3357,0.1948,0.2955
2015-05-29T00:13:59.115Z,4.9608,57.5271,230.787,0.2491,0.0906,-6.8914,41.3576,231.6619,0.1792,-0.2181,11.5906,46.3484,231.634,0.2006,0.2972
2015-05-29T00:14:59.368Z,6.3198,60.251,230.929,0.2613,0.1101,-7.4912,48.6725,232.108,0.2098,-0.1918,11.7563,52.961,232.1752,0.2283,0.2602
2015-05-29T00:15:59.564Z,6.0109,63.1577,231.3105,0.2731,0.1003,-7.9623,54.1534,231.9029,0.2336,-0.1609,12.0396,56.8403,232.4355,0.2448,0.2358
2015-05-29T00:16:59.851Z,5.7278,61.4505,231.2476,0.2657,0.1002,-7.7899,53.5638,232.2441,0.2305,-0.1677,11.4653,55.4784,232.4671,0.2388,0.237
2015-05-29T00:17:59.179Z,6.417,73.0048,231.5794,0.3151,0.0881,-8.5179,63.5967,232.5633,0.2734,-0.14,12.2641,67.3624,232.6211,0.2894,0.1868
2015-05-29T00:18:59.500Z,5.6923,74.5346,231.828,0.3214,0.0778,-7.8803,68.8418,232.5517,0.2957,-0.1133,11.696,69.1701,232.4671,0.298,0.1713
2015-05-29T00:19:59.765Z,7.0219,74.6275,232.1586,0.3212,0.0953,-7.8899,66.1324,231.6696,0.2847,-0.1232,12.3296,68.2165,233.0077,0.2926,0.1821
2015-05-29T00:20:59.179Z,6.0663,72.6082,231.9757,0.3129,0.0848,-8.2286,66.9196,231.0722,0.2893,-0.1283,11.7119,65.7212,232.7346,0.2827,0.1881
2015-05-29T00:21:59.341Z,5.678,70.7448,232.0235,0.3049,0.0819,-7.5377,63.984,231.6093,0.2763,-0.1231,12.21,67.0477,232.604,0.2882,0.1878
2015-05-29T00:22:59.601Z,4.313,57.6919,232.0866,0.2485,0.0769,-7.0002,47.923,231.4559,0.2069,-0.1799,11.8244,50.6799,232.0926,0.2182,0.2622
2015-05-29T00:23:59.929Z,4.9924,67.3412,231.7409,0.2899,0.076,-6.7659,60.7674,231.5828,0.2628,-0.1258,11.7564,62.4145,231.1225,0.2703,0.2003
2015-05-29T00:24:59.270Z,6.0229,72.1766,231.5442,0.3118,0.0834,-8.0533,67.0773,231.4166,0.2897,-0.1207,12.1173,68.0408,231.0458,0.2941,0.1778
2015-05-29T00:25:59.736Z,6.4989,72.4252,231.5274,0.3126,0.0914,-8.0495,67.0752,231.4833,0.2901,-0.124,12.0515,68.4419,231.2371,0.296,0.1791
2015-05-29T00:26:59.011Z,6.0481,74.0122,232.0833,0.3192,0.0838,-8.1702,67.843,231.9207,0.292,-0.1212,12.2237,68.6882,232.0644,0.2961,0.1779
2015-05-29T00:27:59.182Z,6.8534,73.5422,232.4893,0.3166,0.0942,-8.0225,66.3236,230.3034,0.2879,-0.1236,11.7976,69.5013,233.0926,0.298,0.1711
2015-05-29T00:28:59.497Z,6.6743,74.5969,232.3001,0.3209,0.091,-7.9298,66.6273,229.4942,0.2899,-0.1222,12.4267,69.0574,233.2397,0.2962,0.1808
2015-05-29T00:29:59.959Z,6.4498,73.6161,232.1329,0.3173,0.0889,-8.2033,67.5767,232.2163,0.2914,-0.1236,11.8018,68.8366,232.5455,0.296,0.1747
2015-05-29T00:30:59.533Z,6.2083,72.2158,231.7576,0.3116,0.087,-8.2577,66.4706,231.834,0.2867,-0.1256,11.8217,68.1576,232.2831,0.2932,0.1752
2015-05-29T00:31:59.026Z,6.2182,73.6383,231.332,0.3177,0.0847,-7.9593,66.7838,231.8226,0.2873,-0.1219,11.8401,68.8604,232.1099,0.297,0.1726
2015-05-29T00:32:59.247Z,5.9641,74.6223,231.5842,0.3219,0.0815,-7.542,66.0289,231.7231,0.2855,-0.1155,12.0876,69.5893,232.1467,0.2996,0.1738
2015-05-29T00:33:59.686Z,4.931,74.0038,232.2077,0.3183,0.0666,-7.4695,66.7255,232.254,0.2882,-0.1139,12.08,67.6667,231.8087,0.292,0.1774
2015-05-29T00:34:59.892Z,4.9833,75.4809,232.1358,0.3251,0.0667,-7.4156,68.6021,231.7882,0.2956,-0.1109,12.1481,68.5168,231.3168,0.296,0.1789
2015-05-29T00:35:59.263Z,5.6552,73.6096,231.9177,0.317,0.0778,-7.6396,66.6446,231.9468,0.2878,-0.118,11.5819,68.2377,231.0783,0.2953,0.171
2015-05-29T00:36:59.704Z,5.1005,74.2224,232.1929,0.32,0.0689,-7.5099,68.4191,232.0499,0.2949,-0.1107,12.4568,67.7018,231.1579,0.2928,0.184
2015-05-29T00:37:59.960Z,4.9311,73.3562,232.4224,0.3156,0.0685,-7.2122,68.8482,232.5711,0.2962,-0.1063,11.9056,68.0558,231.3863,0.2944,0.1759
2015-05-29T00:38:59.211Z,5.3301,73.2092,231.9692,0.3153,0.0734,-8.4923,66.0979,232.1103,0.2853,-0.1313,12.0908,69.3188,231.4508,0.2992,0.1759
2015-05-29T00:39:59.530Z,5.1913,74.3655,231.9949,0.3199,0.0695,-7.8176,66.0433,232.1829,0.2849,-0.1198,12.3099,67.3997,231.2024,0.2916,0.1831
2015-05-29T00:40:59.739Z,5.6981,74.0829,231.1886,0.3205,0.0778,-7.7843,68.0091,232.4889,0.2926,-0.1174,12.3162,68.4452,231.638,0.2949,0.1808
2015-05-29T00:41:59.064Z,5.267,73.6623,230.9489,0.319,0.0721,-7.7153,67.5104,232.7171,0.2901,-0.1143,12.2483,69.9784,231.862,0.3014,0.1766
2015-05-29T00:42:59.358Z,5.2017,74.15,230.473,0.3222,0.0705,-7.5772,67.6867,232.8738,0.2903,-0.1139,11.7998,70.5385,231.8936,0.3039,0.1687
2015-05-29T00:43:59.692Z,4.4109,73.5562,231.6095,0.3178,0.0599,-6.8935,68.1614,232.8433,0.2933,-0.1043,12.0956,68.5371,232.0632,0.2955,0.1769
2015-05-29T00:44:59.092Z,5.0736,73.8842,232.3463,0.3183,0.0699,-7.7934,67.4394,232.482,0.2903,-0.1179,11.7609,69.2874,232.0188,0.2992,0.1728
2015-05-29T00:45:59.330Z,5.0896,73.5209,232.2586,0.3168,0.0689,-7.2534,66.3598,232.587,0.2853,-0.114,12.292,68.6205,232.1642,0.2957,0.1829
2015-05-29T00:46:59.663Z,5.2607,74.2098,232.1853,0.3193,0.0725,-7.393,67.7551,232.3184,0.2918,-0.1105,11.8086,68.2634,232.0568,0.2941,0.1735
2015-05-29T00:47:59.969Z,5.0504,74.2744,232.2357,0.3197,0.0704,-7.6531,66.909,232.3765,0.2881,-0.1148,12.4916,69.0095,231.7402,0.2977,0.1812
2015-05-29T00:48:59.197Z,4.8738,74.0779,232.0233,0.3191,0.0663,-7.3957,67.145,232.0653,0.2891,-0.1123,11.8187,68.6417,231.4936,0.2963,0.1726
2015-05-29T00:49:59.437Z,4.8164,74.8122,232.4848,0.322,0.0659,-7.5819,67.153,232.3936,0.2891,-0.1147,12.3423,69.1692,231.9073,0.2988,0.1787
2015-05-29T00:50:59.631Z,5.5246,73.4391,232.4803,0.3164,0.0757,-6.9302,67.7744,232.3449,0.2918,-0.1042,11.9335,67.7063,231.933,0.2921,0.177
2015-05-29T00:51:59.913Z,5.1118,74.0542,232.1775,0.3191,0.0695,-7.2254,67.4076,232.3411,0.29,-0.106,12.3782,70.0015,232.4497,0.3011,0.179
2015-05-29T00:52:59.223Z,4.3887,73.3013,231.9782,0.3157,0.0598,-7.1189,67.7014,232.6523,0.2909,-0.1069,12.4202,69.6029,232.5309,0.2997,0.1786
2015-05-29T00:53:59.447Z,5.1784,74.8145,231.8479,0.3224,0.0695,-7.8971,67.898,232.5321,0.2921,-0.1181,11.9355,67.4833,232.6936,0.2905,0.1779
2015-05-29T00:54:59.704Z,4.71,73.6225,232.039,0.3167,0.0665,-7.328,67.1113,232.7565,0.2886,-0.1115,11.9749,69.4911,232.5742,0.2992,0.1751
2015-05-29T00:55:59.024Z,5.402,73.3192,231.8521,0.316,0.0737,-7.6374,67.1679,232.706,0.2888,-0.1144,12.6066,69.7619,232.5484,0.3003,0.1827
2015-05-29T00:56:59.411Z,6.1582,74.0373,231.4129,0.32,0.0837,-8.0471,67.5404,232.5592,0.2903,-0.1203,12.7743,68.4764,232.5283,0.2942,0.1862
2015-05-29T00:57:59.691Z,6.2969,74.4034,231.0651,0.3215,0.0853,-8.013,67.9304,232.4246,0.2921,-0.1195,11.7022,69.0299,232.4624,0.2974,0.1695
2015-05-29T00:58:59.990Z,6.536,73.6515,230.9015,0.3188,0.0896,-7.4551,66.8077,232.4372,0.2875,-0.1123,11.9371,69.9782,232.3699,0.3013,0.1712
2015-05-29T00:59:59.198Z,6.0274,71.6449,230.9348,0.3101,0.0858,-7.7212,66.0512,232.4935,0.2843,-0.122,11.819,67.1571,232.2798,0.2892,0.1809
