2015-05-10T00:00:59.013Z,6.4564,68.7796,230.4811,0.2984,0.0946,-7.1399,60.4673,231.3136,0.2609,-0.119,10.819,61.7678,232.4,0.2657,0.1771
2015-05-10T00:01:59.728Z,6.2584,69.9964,230.3914,0.304,0.0904,-7.6421,63.823,231.0236,0.276,-0.1223,11.2838,65.3216,232.2453,0.2812,0.1732
2015-05-10T00:02:59.668Z,6.6745,69.5876,230.8164,0.3011,0.0965,-7.2655,62.348,230.8584,0.2701,-0.1175,11.4104,64.0344,232.3287,0.2756,0.1797
2015-05-10T00:03:59.106Z,6.1526,70.6793,231.9359,0.3046,0.0868,-7.42,62.6124,231.7032,0.2701,-0.1191,11.1492,65.6243,232.6474,0.2826,0.1712
2015-05-10T00:04:59.842Z,6.4908,69.0184,232.4027,0.2967,0.0978,-6.9546,62.9778,232.2042,0.2721,-0.1138,11.3386,64.2999,232.4213,0.2767,0.18
2015-05-10T00:05:59.179Z,6.098,70.7001,232.6918,0.304,0.0867,-6.7258,63.666,232.336,0.2742,-0.1077,10.911,65.1908,232.2571,0.2808,0.1676
2015-05-10T00:06:59.017Z,6.1593,69.1709,232.4704,0.2971,0.09,-7.1565,62.2902,232.5392,0.2681,-0.1171,11.2022,65.5597,232.6673,0.2819,0.1723
2015-05-10T00:07:59.605Z,6.358,69.481,232.4343,0.2989,0.0918,-7.0702,63.0324,232.6031,0.271,-0.1143,10.9834,65.6025,233.1162,0.2818,0.1676
2015-05-10T00:08:59.894Z,6.8098,68.9359,232.3416,0.2963,0.099,-6.826,62.981,232.3872,0.2713,-0.1104,11.2515,63.3607,232.8173,0.2724,0.1793
2015-05-10T00:09:59.389Z,5.9918,69.9577,232.4428,0.301,0.0876,-7.899,62.591,232.5437,0.2694,-0.1304,11.4328,66.4814,232.9616,0.2857,0.1761
2015-05-10T00:10:59.776Z,6.4143,70.5604,232.3104,0.3038,0.0916,-7.5834,63.3927,232.5369,0.2725,-0.1227,11.1618,64.3445,232.762,0.2765,0.1742
2015-05-10T00:11:59.609Z,6.1124,70.658,232.5562,0.3037,0.0867,-7.1387,63.6698,232.7145,0.2735,-0.1142,11.4011,64.6137,233.3385,0.2769,0.1766
2015-05-10T00:12:59.952Z,6.5782,69.6231,232.3321,0.2995,0.0952,-7.688,64.5115,232.5776,0.2775,-0.1192,11.3834,64.9399,233.2619,0.2782,0.1762
2015-05-10T00:13:59.356Z,6.2376,70.4397,232.0418,0.3033,0.0897,-7.7581,61.6638,232.2607,0.2658,-0.1262,11.5356,65.5315,233.1598,0.2811,0.1787
2015-05-10T00:14:59.881Z,6.3101,69.861,232.0114,0.3009,0.0905,-7.4973,65.5046,232.4064,0.2818,-0.1171,11.4612,63.4696,233.1242,0.2723,0.1803
2015-05-10T00:15:59.685Z,5.9737,71.0079,231.817,0.306,0.0859,-7.2121,63.6288,232.4714,0.274,-0.1168,11.5327,64.8642,232.9597,0.2782,0.1792
2015-05-10T00:16:59.756Z,6.069,69.693,231.7776,0.2999,0.0878,-7.3568,62.6523,232.1273,0.2696,-0.1177,11.5822,64.0571,233.0309,0.2752,0.1818
2015-05-10T00:17:59.088Z,6.2863,69.3344,231.6236,0.2993,0.0911,-7.3838,63.3183,232.2022,0.2722,-0.1186,11.3559,64.1744,232.6027,0.2761,0.1778
2015-05-10T00:18:59.478Z,6.5677,70.1632,231.5187,0.303,0.0967,-6.9866,62.7579,232.2056,0.2708,-0.1159,11.6988,64.3755,232.648,0.2769,0.184
2015-05-10T00:19:59.581Z,6.6399,70.1622,231.7375,0.3028,0.0961,-7.1328,62.915,232.9739,0.2701,-0.1146,11.3305,63.3948,233.0325,0.2726,0.1826
2015-05-10T00:20:59.011Z,6.132,68.2716,231.2364,0.2948,0.0911,-7.4081,62.8123,232.5769,0.2701,-0.1193,11.2874,64.8283,232.0117,0.2793,0.1754
2015-05-10T00:21:59.644Z,6.7007,69.8622,230.7442,0.3024,0.097,-7.2682,64.2352,232.2142,0.2773,-0.1158,11.1354,63.3374,231.291,0.2737,0.1769
2015-05-10T00:22:59.813Z,6.5423,70.2907,230.6432,0.3046,0.0937,-7.3827,60.9816,231.9571,0.2628,-0.1223,10.996,62.7125,231.2363,0.2713,0.176
2015-05-10T00:23:59.170Z,6.5057,71.1963,231.0572,0.3078,0.0929,-7.0504,62.2524,232.2457,0.2679,-0.1149,11.286,65.3473,231.3842,0.2826,0.1743
2015-05-10T00:24:59.003Z,6.8057,70.335,231.9992,0.3033,0.0967,-7.2468,63.1646,231.8467,0.2728,-0.1154,10.8132,64.6414,231.2962,0.2793,0.1681
2015-05-10T00:25:59.203Z,6.5653,70.2998,231.9152,0.3031,0.0943,-7.4066,63.1662,231.8269,0.2729,-0.1189,10.9732,64.3347,231.0641,0.2781,0.1722
2015-05-10T00:26:59.385Z,6.3128,70.5429,231.7301,0.3046,0.0897,-6.8915,63.1071,231.1436,0.2734,-0.1117,11.1295,64.1665,231.1866,0.2776,0.1746
2015-05-10T00:27:59.072Z,6.5003,70.169,232.2358,0.3018,0.0924,-6.8822,63.654,230.7387,0.2759,-0.1114,11.321,63.9727,231.8352,0.2762,0.1787
2015-05-10T00:28:59.264Z,6.3481,69.0866,232.2685,0.2977,0.0927,-7.5109,61.1138,230.923,0.2642,-0.1231,10.9738,64.0448,231.9982,0.2764,0.1736
2015-05-10T00:29:59.568Z,6.567,69.8385,231.9913,0.3008,0.0941,-7.7533,62.4538,231.1216,0.2704,-0.1243,11.7846,64.9789,231.5529,0.2804,0.1815
2015-05-10T00:30:59.544Z,6.5052,69.6173,231.2774,0.3014,0.0937,-7.7613,62.5769,231.4975,0.2702,-0.1254,11.1876,63.9424,230.8584,0.2769,0.1752
2015-05-10T00:31:59.874Z,6.254,70.7109,231.2793,0.3051,0.0886,-7.1575,63.3547,231.2848,0.2736,-0.1137,10.8884,62.5426,230.5278,0.2711,0.1738
2015-05-10T00:32:59.428Z,6.221,69.9671,231.3872,0.3017,0.0901,-7.7913,63.5808,230.9612,0.2756,-0.1248,10.8359,64.2072,229.3756,0.2804,0.1704
2015-05-10T00:33:59.812Z,6.4424,69.5524,231.1759,0.3004,0.0936,-7.7257,60.5825,230.2992,0.2628,-0.1314,11.1238,63.0914,228.6698,0.2757,0.1816
2015-05-10T00:34:59.200Z,5.9319,69.8798,231.7192,0.3012,0.0843,-6.2727,65.0044,230.4531,0.2818,-0.1012,11.2508,61.8619,228.2726,0.2712,0.1831
2015-05-10T00:35:59.239Z,6.432,69.2719,231.9378,0.2986,0.0952,-7.4868,63.3896,231.1532,0.274,-0.1205,10.8633,64.0886,229.4669,0.2797,0.1722
2015-05-10T00:36:59.761Z,6.5031,70.7934,231.2567,0.3065,0.0934,-7.2895,63.2255,231.6642,0.2727,-0.1166,11.1303,63.8687,230.1616,0.277,0.1749
2015-05-10T00:37:59.302Z,6.2822,70.3833,231.8704,0.3033,0.0902,-7.2149,63.0936,231.9565,0.2722,-0.1158,11.1678,64.296,231.3299,0.2777,0.1741
2015-05-10T00:38:59.968Z,6.571,70.4289,232.0598,0.3038,0.0945,-7.4238,62.8578,231.9116,0.2712,-0.1167,11.3337,63.9503,231.5668,0.2758,0.1775
2015-05-10T00:39:59.205Z,6.2756,69.482,232.4453,0.2989,0.0914,-7.0978,63.1022,232.1763,0.272,-0.1138,11.2269,64.3134,232.0898,0.2774,0.1766
2015-05-10T00:40:59.362Z,6.0554,69.9141,231.6781,0.302,0.0875,-6.8615,62.8236,231.6846,0.2713,-0.1123,11.1596,63.9189,231.782,0.2755,0.1757
2015-05-10T00:41:59.525Z,6.4951,70.3971,231.6066,0.304,0.0932,-7.1224,61.4862,231.1145,0.266,-0.1164,11.1763,64.7136,231.6269,0.2792,0.1732
2015-05-10T00:42:59.847Z,5.8861,69.5736,232.3953,0.2999,0.0855,-7.4058,61.6723,231.6418,0.2662,-0.1201,11.4988,65.9216,232.2445,0.2834,0.1752
2015-05-10T00:43:59.745Z,6.1934,69.9955,232.0002,0.3018,0.089,-7.2673,64.427,231.2441,0.2781,-0.119,11.0997,62.936,231.6563,0.272,0.181
2015-05-10T00:44:59.137Z,6.3835,69.8516,231.2831,0.302,0.0922,-7.1127,63.6622,230.6467,0.2762,-0.1122,11.5407,66.1735,231.504,0.2858,0.1734
2015-05-10T00:45:59.639Z,6.3101,69.5966,231.4121,0.3007,0.0913,-7.5796,63.7842,230.8595,0.2763,-0.1199,11.491,65.4365,231.3851,0.2823,0.1767
2015-05-10T00:46:59.916Z,6.8804,69.976,232.1076,0.3014,0.0987,-7.5437,64.3392,231.2042,0.2785,-0.1188,11.4286,64.508,232.1454,0.2784,0.1784
2015-05-10T00:47:59.789Z,5.6531,69.8397,232.5305,0.2998,0.0812,-7.2327,61.7674,229.0977,0.2703,-0.1184,11.6991,65.7308,233.0769,0.2819,0.1775
2015-05-10T00:48:59.143Z,7.1543,70.2846,232.7838,0.3019,0.1027,-7.5479,61.7557,228.1597,0.2706,-0.1243,11.849,64.9893,233.6606,0.2772,0.1827
2015-05-10T00:49:59.325Z,6.6596,71.2313,232.4236,0.3065,0.0937,-7.5111,64.2779,230.8374,0.2784,-0.1189,11.4544,63.9919,232.5011,0.2754,0.1793
2015-05-10T00:50:59.689Z,6.0559,71.3457,232.0875,0.3071,0.0853,-7.2286,61.8374,231.5357,0.267,-0.1176,10.581,63.8121,232.0801,0.2749,0.1666
2015-05-10T00:51:59.060Z,6.3681,69.7957,231.74,0.3015,0.092,-7.4731,63.4108,232.1296,0.2731,-0.1189,11.8079,64.3609,231.688,0.2781,0.1857
2015-05-10T00:52:59.859Z,5.8848,68.5934,231.7275,0.2957,0.0875,-6.8774,63.448,231.9439,0.2733,-0.1117,11.4183,64.7449,231.3717,0.28,0.1763
2015-05-10T00:53:59.571Z,6.4654,70.276,231.4979,0.3038,0.0928,-7.1382,62.5343,231.8868,0.2697,-0.1164,11.3846,62.7796,231.2294,0.2716,0.187
2015-05-10T00:54:59.913Z,6.1196,70.0721,231.6203,0.302,0.0892,-7.0247,63.5408,232.1434,0.2734,-0.1116,11.2092,64.1352,231.3896,0.2768,0.1756
2015-05-10T00:55:59.602Z,5.8173,70.6769,231.9673,0.3049,0.0824,-7.4024,64.3392,232.4533,0.2764,-0.1176,11.5599,64.7102,231.7487,0.2789,0.1792
2015-05-10T00:56:59.139Z,5.889,70.4209,231.6648,0.304,0.0848,-7.3694,63.1237,231.9602,0.2719,-0.1178,11.4697,64.6399,232.0499,0.2787,0.1771
2015-05-10T00:57:59.699Z,7.022,69.869,231.599,0.3021,0.1016,-7.0198,64.6549,231.5902,0.2789,-0.11,11.0292,63.7609,231.9212,0.2749,0.1764
2015-05-10T00:58:59.218Z,6.4501,69.6181,232.2907,0.2996,0.0941,-7.0607,62.2542,231.7443,0.2687,-0.115,11.6156,64.8277,232.018,0.2793,0.1829
2015-05-10T00:59:59.233Z,6.3518,70.9685,232.101,0.3056,0.0893,-7.0692,63.4729,231.7832,0.2737,-0.1133,11.3598,62.7454,231.9251,0.2705,0.1804
2015-05-10T01:00:59.437Z,6.2392,68.4813,232.7223,0.2946,0.0924,-7.2745,59.9193,231.9677,0.2584,-0.1226,11.5269,62.4792,232.154,0.2692,0.1848
2015-05-10T01:01:59.693Z,6.6584,70.1166,232.9722,0.3007,0.0967,-7.3907,64.3381,232.7268,0.2767,-0.1177,11.7378,64.4554,231.6821,0.2785,0.1833
2015-05-10T01:02:59.270Z,6.7888,70.8236,232.0024,0.3049,0.0968,-7.0858,61.3764,232.8582,0.2633,-0.1191,10.9002,63.5133,230.9593,0.2747,0.1755
2015-05-10T01:03:59.236Z,5.969,70.4043,231.7886,0.3036,0.0859,-6.9686,64.6342,232.4722,0.2787,-0.1101,11.0327,63.9437,230.6432,0.2776,0.1743
2015-05-10T01:04:59.640Z,6.0077,69.0758,231.7726,0.2984,0.0879,-7.1029,66.0996,232.5368,0.2847,-0.1097,11.2801,64.3088,230.7433,0.2787,0.1758
2015-05-10T01:05:59.528Z,5.9164,69.9004,232.1027,0.3005,0.0851,-7.5997,63.1518,231.9815,0.2721,-0.1209,11.3463,64.9022,230.6951,0.2812,0.176
2015-05-10T01:06:59.859Z,6.7871,69.9424,232.6187,0.3003,0.0967,-7.3089,63.0524,231.8098,0.2723,-0.1182,11.5633,64.8913,231.513,0.2799,0.1802
2015-05-10T01:07:59.093Z,6.47,70.8021,232.3793,0.3043,0.0921,-7.4704,63.0189,231.3758,0.2721,-0.1197,11.2189,64.9524,230.9711,0.2808,0.1738
2015-05-10T01:08:59.089Z,6.0531,69.9115,232.8148,0.3,0.0879,-8.2398,62.4486,231.7064,0.2688,-0.1337,11.3898,62.5597,229.8755,0.272,0.1835
2015-05-10T01:09:59.446Z,5.8989,71.3012,232.6586,0.3063,0.0831,-7.7122,62.6562,231.7692,0.2708,-0.1257,11.4749,62.8162,229.8787,0.2733,0.1826
2015-05-10T01:10:59.261Z,6.4079,70.3929,232.8193,0.3022,0.0913,-7.1564,62.6912,232.5037,0.2693,-0.1154,11.2511,61.956,231.46,0.2677,0.182
2015-05-10T01:11:59.613Z,6.6225,71.5875,232.904,0.3074,0.0926,-7.4876,63.9222,232.4429,0.2748,-0.117,11.6054,64.088,231.833,0.276,0.1811
2015-05-10T01:12:59.448Z,6.3487,70.3798,232.2121,0.3033,0.0915,-7.382,64.2634,232.0073,0.2773,-0.1191,11.318,63.7203,231.2719,0.2756,0.1807
2015-05-10T01:13:59.800Z,6.0684,68.5626,232.0796,0.2958,0.0909,-7.1401,59.568,231.6403,0.2566,-0.1207,11.0371,63.1303,231.297,0.2732,0.1774
2015-05-10T01:14:59.220Z,6.4631,69.7256,232.2654,0.3004,0.0943,-7.4478,66.0663,231.8009,0.2848,-0.1178,11.3332,62.683,231.3281,0.2714,0.1819
2015-05-10T01:15:59.529Z,6.3683,70.163,231.2943,0.3028,0.0922,-7.2996,63.288,231.512,0.2736,-0.1171,11.3288,64.319,230.9486,0.2789,0.1764
2015-05-10T01:16:59.893Z,6.722,69.8848,231.7826,0.3014,0.0978,-7.4995,62.6322,231.4338,0.2708,-0.1193,11.4101,64.6308,230.6762,0.2803,0.1773
2015-05-10T01:17:59.372Z,6.1502,70.5627,232.0258,0.304,0.0881,-7.3041,62.6427,230.2727,0.272,-0.1186,11.4739,62.2876,231.439,0.2692,0.1853
2015-05-10T01:18:59.790Z,6.6251,70.9912,232.1698,0.3058,0.0952,-7.4067,62.4798,228.3564,0.2735,-0.1209,11.844,63.5763,231.6555,0.2743,0.1902
2015-05-10T01:19:59.629Z,5.9878,68.7777,231.1145,0.2977,0.0884,-7.7847,64.2949,230.7992,0.2786,-0.1231,11.7001,63.8904,231.2585,0.276,0.1832
2015-05-10T01:20:59.086Z,6.2579,69.4324,231.0889,0.3007,0.091,-7.2549,64.4446,231.0829,0.2784,-0.115,10.7946,62.623,231.6649,0.2703,0.1738
2015-05-10T01:21:59.419Z,6.5525,69.3171,231.2873,0.2997,0.0954,-7.2419,62.9746,231.4033,0.2721,-0.1148,11.4143,64.5968,231.9052,0.2787,0.1782
2015-05-10T01:22:59.601Z,6.312,68.5638,231.8495,0.2957,0.0945,-7.4179,61.2202,231.9918,0.2638,-0.1227,11.5952,64.7716,232.4609,0.2791,0.1811
2015-05-10T01:23:59.991Z,5.9453,69.8533,232.2178,0.3005,0.0851,-7.9053,63.7699,232.6579,0.2743,-0.1247,11.7736,65.2196,233.2886,0.2796,0.1814
2015-05-10T01:24:59.268Z,6.0124,69.4492,231.7832,0.2996,0.0863,-7.5701,65.065,232.2374,0.2803,-0.1168,11.4534,65.6497,232.6484,0.2822,0.1759
2015-05-10T01:25:59.574Z,6.3592,69.4435,231.6051,0.2998,0.0931,-7.2103,63.0823,231.5781,0.2723,-0.1155,11.3865,65.2678,232.7255,0.2804,0.1757
2015-05-10T01:26:59.794Z,6.606,69.4319,231.2004,0.3001,0.0968,-7.2578,63.4616,231.5898,0.2743,-0.1159,11.3565,63.6268,232.6799,0.2732,0.1796
2015-05-10T01:27:59.696Z,6.6214,69.814,231.5354,0.3019,0.0956,-7.6959,63.4258,231.8048,0.2732,-0.1255,11.5099,63.4668,233.1978,0.2725,0.1824
2015-05-10T01:28:59.127Z,6.4509,69.5487,231.649,0.3003,0.0941,-7.4778,63.2297,231.7599,0.2731,-0.1203,11.2267,63.292,233.4471,0.2708,0.1759
2015-05-10T01:29:59.591Z,5.8488,70.2802,231.9713,0.3032,0.0845,-7.1315,64.2205,231.7725,0.2771,-0.1129,11.3476,66.2393,233.5814,0.2837,0.1723
2015-05-10T01:30:59.254Z,6.6206,69.135,231.467,0.2983,0.0967,-7.7878,62.8056,231.3363,0.2716,-0.1264,11.4917,64.4948,232.7779,0.2769,0.1792
2015-05-10T01:31:59.781Z,5.9564,70.1137,231.6179,0.3023,0.0865,-7.4826,63.808,231.5305,0.2759,-0.1204,11.26,65.3918,233.0148,0.2802,0.1737
2015-05-10T01:32:59.505Z,6.4922,69.6026,231.4711,0.3007,0.0956,-7.3956,62.2503,231.9792,0.268,-0.1201,11.7893,66.205,232.7049,0.2849,0.1778
2015-05-10T01:33:59.349Z,6.5766,70.0463,231.7181,0.3025,0.0955,-7.2844,63.4658,231.9611,0.2736,-0.1158,11.2807,64.9985,232.7193,0.2795,0.1738
2015-05-10T01:34:59.610Z,7.154,70.1574,231.6726,0.3022,0.1023,-7.3542,63.5879,231.5724,0.2745,-0.1185,11.4641,65.1369,232.6363,0.2798,0.1765
2015-05-10T01:35:59.248Z,6.3957,69.8457,231.3341,0.3023,0.0927,-7.2944,63.7434,231.4277,0.2752,-0.1155,11.1702,65.582,232.3631,0.2822,0.1719
2015-05-10T01:36:59.675Z,5.9115,70.6462,231.7193,0.3051,0.0846,-6.4829,63.6222,231.8386,0.2743,-0.1063,11.3691,64.2795,232.6167,0.2764,0.177
2015-05-10T01:37:59.005Z,6.3307,68.7181,231.1113,0.297,0.0943,-7.3777,60.7018,231.9078,0.2621,-0.1249,11.3079,63.2287,232.4571,0.2722,0.1798
2015-05-10T01:38:59.147Z,6.5844,70.1892,231.3037,0.3035,0.094,-7.1646,60.5281,231.6743,0.2612,-0.1167,11.1135,63.3487,232.5816,0.2725,0.1756
2015-05-10T01:39:59.673Z,6.9571,70.1024,231.0543,0.3034,0.1006,-7.3027,62.356,230.6794,0.2707,-0.1181,11.8806,62.1036,232.403,0.2668,0.1903
2015-05-10T01:40:59.320Z,6.018,70.4948,231.2104,0.3048,0.0859,-7.4118,63.2662,230.687,0.2743,-0.1183,11.3093,63.8185,232.061,0.2749,0.1776
2015-05-10T01:41:59.053Z,6.2226,69.7733,231.0681,0.3016,0.0896,-7.3332,61.3769,230.5779,0.2665,-0.1213,10.9457,64.7012,231.9537,0.2789,0.1697
2015-05-10T01:42:59.819Z,6.1526,69.5689,230.8365,0.3014,0.0885,-7.0235,62.9021,230.8404,0.2724,-0.1137,11.1695,64.0343,231.8285,0.276,0.1747
2015-05-10T01:43:59.549Z,6.7074,70.574,231.4737,0.3047,0.0957,-7.4648,63.0146,231.8581,0.2717,-0.1203,11.592,66.3542,232.8357,0.2851,0.175
2015-05-10T01:44:59.735Z,6.6531,69.8808,231.0887,0.3027,0.0955,-7.5234,62.7165,231.3948,0.2713,-0.1226,11.4119,65.2462,231.9918,0.2812,0.1762
2015-05-10T01:45:59.043Z,6.2106,70.1148,231.5617,0.3026,0.0894,-7.9182,61.8909,231.9494,0.2668,-0.1283,11.198,63.997,232.7056,0.275,0.1747
2015-05-10T01:46:59.282Z,6.3126,70.1964,231.6922,0.3026,0.0901,-7.615,63.9948,232.1641,0.2758,-0.1203,11.4482,64.2549,232.6984,0.2759,0.1773
2015-05-10T01:47:59.650Z,6.3488,71.411,231.6884,0.3079,0.0886,-7.5779,63.2402,232.0441,0.2721,-0.1214,12.1571,64.7522,232.819,0.2777,0.1889
2015-05-10T01:48:59.310Z,6.4069,69.5386,231.9372,0.3001,0.0931,-7.5957,62.832,232.4443,0.27,-0.1226,11.0921,66.044,233.1061,0.2834,0.1701
2015-05-10T01:49:59.063Z,5.8749,70.827,232.1852,0.3055,0.0832,-7.5577,62.009,232.7148,0.2663,-0.1236,11.2591,64.1202,233.3129,0.2746,0.1751
2015-05-10T01:50:59.107Z,6.7304,70.922,232.2188,0.3057,0.0957,-7.7153,61.7626,232.8713,0.2649,-0.1253,11.3762,62.4832,233.4871,0.2676,0.1837
2015-05-10T01:51:59.685Z,6.6393,69.9983,231.8427,0.3022,0.0965,-7.1304,62.7598,232.4313,0.2698,-0.1178,11.5271,64.0923,233.1985,0.2747,0.1846
2015-05-10T01:52:59.224Z,6.5121,70.218,231.9631,0.3028,0.0947,-7.7032,62.7332,232.3433,0.2703,-0.1282,11.4138,64.5683,232.9992,0.2774,0.1801
2015-05-10T01:53:59.403Z,5.9853,69.3891,231.7063,0.2987,0.0869,-6.9979,63.4922,232.5084,0.2731,-0.1124,10.9319,64.0002,232.8201,0.2749,0.171
2015-05-10T01:54:59.919Z,6.0185,69.9103,231.5376,0.302,0.087,-7.777,64.4386,232.4028,0.2772,-0.121,11.1364,64.5484,232.4035,0.2772,0.1743
2015-05-10T01:55:59.318Z,6.4938,69.7491,231.2053,0.3018,0.0944,-7.2116,63.3503,233.5619,0.2718,-0.1133,10.9596,65.2326,233.4488,0.2793,0.1693
2015-05-10T01:56:59.505Z,6.4629,69.1647,231.542,0.2978,0.0937,-7.8642,62.894,233.2263,0.2698,-0.1257,11.2685,63.0069,232.8766,0.2708,0.1802
2015-05-10T01:57:59.108Z,5.9941,69.7168,231.1767,0.3019,0.0862,-7.6636,63.9797,233.0594,0.2753,-0.1197,11.5574,63.845,232.2266,0.2749,0.1801
2015-05-10T01:58:59.028Z,5.9431,69.5925,231.7921,0.3001,0.0866,-7.7966,64.9219,232.8901,0.2792,-0.1218,11.2163,64.7488,232.3495,0.2784,0.1746
2015-05-10T01:59:59.536Z,6.3643,70.4483,233.0146,0.3025,0.0922,-7.3945,64.8183,232.7999,0.2785,-0.1163,11.6208,64.4979,232.3455,0.2778,0.1798
