2015-03-30T00:00:59.512Z,5.4888,46.9502,232.6162,0.2022,0.1167,-7.232,35.8391,227.3542,0.1574,-0.2089,11.1023,40.1441,232.479,0.173,0.2878
2015-03-30T00:01:59.948Z,5.5679,47.41,231.2984,0.2048,0.1174,-6.64,34.0565,231.4814,0.1466,-0.199,10.7005,36.4004,232.3193,0.156,0.303
2015-03-30T00:02:59.215Z,5.3104,47.7532,230.6883,0.2071,0.1107,-6.7826,34.2202,231.033,0.1481,-0.1993,10.4604,37.5438,232.0877,0.162,0.2911
2015-03-30T00:03:59.427Z,5.2851,48.3445,230.477,0.2101,0.1077,-6.3736,34.8708,231.1022,0.1505,-0.19,10.8497,37.4019,231.7203,0.1619,0.3011
2015-03-30T00:04:59.744Z,4.8328,48.3327,231.5512,0.2091,0.0993,-6.6579,31.6498,231.359,0.1374,-0.219,10.9964,37.9822,232.7282,0.1629,0.2973
2015-03-30T00:05:59.979Z,5.6975,47.7859,231.8345,0.2063,0.1187,-6.7516,34.0124,231.091,0.1473,-0.2042,10.5488,37.6723,232.3432,0.1613,0.2856
2015-03-30T00:06:59.288Z,6.1911,48.1034,231.9544,0.2072,0.1274,-6.5629,36.9501,231.1876,0.1597,-0.1879,10.6152,37.7527,232.0427,0.1629,0.2889
2015-03-30T00:07:59.766Z,4.7578,48.2788,232.0124,0.2078,0.0991,-6.796,34.7165,231.1507,0.1505,-0.2037,10.9191,37.7528,231.8932,0.1629,0.2986
2015-03-30T00:08:59.963Z,5.3847,48.5205,232.0874,0.2088,0.1108,-6.4014,32.8121,231.0812,0.1419,-0.2025,10.7077,35.0568,231.6082,0.1518,0.3119
2015-03-30T00:09:59.059Z,4.8356,48.3964,231.2344,0.2092,0.1,-6.591,31.6543,230.4471,0.1376,-0.2108,10.6779,33.8851,231.0309,0.1469,0.3207
2015-03-30T00:10:59.231Z,6.4971,47.8785,231.6756,0.2068,0.1363,-6.8107,34.2059,230.2297,0.1488,-0.2114,10.2899,37.4462,230.8988,0.1619,0.282
2015-03-30T00:11:59.443Z,6.6171,48.169,231.7451,0.2079,0.137,-6.9735,34.4946,231.2498,0.1495,-0.2063,10.7216,36.7155,231.8171,0.1586,0.2991
2015-03-30T00:12:59.645Z,6.5389,48.3322,231.9671,0.2088,0.1334,-7.4164,33.7355,231.3696,0.1457,-0.2308,10.7695,37.9334,232.1375,0.1631,0.2962
2015-03-30T00:13:59.896Z,4.8636,47.9314,232.3064,0.2062,0.1025,-6.4552,34.8066,231.5095,0.1502,-0.1904,10.6285,37.8853,232.5949,0.1628,0.2915
2015-03-30T00:14:59.292Z,5.0304,48.4321,231.9821,0.2091,0.1045,-6.3991,35.6687,231.0661,0.1546,-0.1873,10.6962,37.7185,232.4216,0.1624,0.2956
2015-03-30T00:15:59.746Z,5.1758,48.386,231.1196,0.2093,0.1074,-6.2292,34.9184,229.81,0.1517,-0.188,11.2296,38.8986,232.937,0.1671,0.2979
2015-03-30T00:16:59.856Z,5.0437,48.2574,231.7824,0.209,0.1038,-6.8234,32.0753,228.5505,0.1403,-0.2199,11.0351,35.2515,233.156,0.1508,0.3233
2015-03-30T00:17:59.066Z,4.7964,49.2687,231.3914,0.2131,0.096,-6.4999,35.0491,231.7052,0.1516,-0.1954,10.5467,38.4572,232.3563,0.1657,0.2834
2015-03-30T00:18:59.306Z,5.2864,48.0053,231.6338,0.2069,0.1096,-6.6605,32.7889,231.8392,0.1408,-0.2067,10.6196,38.2073,232.5737,0.1647,0.2871
2015-03-30T00:19:59.879Z,5.4671,47.7227,230.6818,0.2066,0.1149,-6.3134,33.6049,230.8378,0.1457,-0.1933,10.2827,38.226,231.6263,0.1647,0.2803
2015-03-30T00:20:59.111Z,5.0482,47.9616,231.1918,0.2071,0.1058,-6.4429,34.2659,231.4829,0.1481,-0.1933,10.2668,38.8949,231.6141,0.168,0.2747
2015-03-30T00:21:59.313Z,4.8809,48.1738,231.8663,0.2078,0.1014,-6.801,36.4534,232.3481,0.1571,-0.1934,10.7557,36.9937,232.3838,0.1593,0.2971
2015-03-30T00:22:59.562Z,4.9811,48.0186,231.314,0.2078,0.1046,-6.5535,35.4586,231.4829,0.1531,-0.1951,10.9476,38.1322,231.3553,0.1649,0.2959
2015-03-30T00:23:59.793Z,5.6395,48.878,231.5017,0.2109,0.1167,-6.7393,37.8621,231.5273,0.1632,-0.1887,10.52,36.2091,231.0797,0.1573,0.2971
2015-03-30T00:24:59.316Z,5.0999,47.9772,231.2747,0.2073,0.1061,-6.2857,34.2704,231.4472,0.1483,-0.1917,10.972,36.8482,231.1117,0.1599,0.3062
2015-03-30T00:25:59.613Z,4.9575,49.3434,231.6653,0.2133,0.1018,-6.9785,35.7441,231.4589,0.1543,-0.2058,10.3729,37.989,231.1196,0.1646,0.2842
2015-03-30T00:26:59.994Z,5.385,48.717,231.6455,0.2103,0.1098,-6.5221,34.7538,231.2825,0.1501,-0.1965,10.9441,38.0189,231.2683,0.1641,0.3033
2015-03-30T00:27:59.344Z,5.5234,48.3513,232.4957,0.2079,0.1134,-5.9749,34.3913,231.9149,0.1482,-0.1813,10.7917,36.376,231.8028,0.1566,0.3069
2015-03-30T00:28:59.646Z,5.2337,48.993,232.1409,0.2108,0.1077,-6.2071,35.4933,232.0036,0.1529,-0.1831,10.441,38.36,231.7979,0.1648,0.2808
2015-03-30T00:29:59.867Z,5.0988,48.7912,231.5692,0.2104,0.1038,-6.4476,32.4851,231.274,0.1399,-0.2035,10.5857,35.8395,231.2697,0.1552,0.3035
2015-03-30T00:30:59.076Z,4.9826,48.7858,231.5741,0.2107,0.1009,-6.5506,32.4389,231.6093,0.1401,-0.2114,10.3694,36.5302,231.3636,0.1576,0.2904
2015-03-30T00:31:59.221Z,5.22,48.2892,232.3408,0.2075,0.1064,-6.4779,35.1057,232.648,0.1509,-0.1909,10.7416,37.7218,232.1932,0.1623,0.299
2015-03-30T00:32:59.493Z,5.3421,48.6855,232.2127,0.2097,0.1096,-6.03,35.0999,232.5995,0.1508,-0.1853,10.7079,37.2177,232.4329,0.1602,0.2969
2015-03-30T00:33:59.651Z,4.8454,48.3523,231.4043,0.209,0.1005,-6.9723,33.7563,231.9705,0.1452,-0.2087,10.6317,36.5574,232.2989,0.1574,0.2988
2015-03-30T00:34:59.987Z,5.9118,48.0692,230.6359,0.2088,0.1227,-6.4999,34.7959,232.6818,0.1493,-0.1902,10.6824,38.2737,232.6935,0.1642,0.2845
2015-03-30T00:35:59.205Z,5.2508,47.56,230.9309,0.2063,0.1102,-6.095,35.447,233.2832,0.1519,-0.1859,10.2727,37.8266,232.9624,0.1623,0.2831
2015-03-30T00:36:59.347Z,4.966,48.2319,231.002,0.209,0.1026,-6.5532,34.158,232.9704,0.1465,-0.2007,10.982,36.8922,232.7418,0.1579,0.303
2015-03-30T00:37:59.561Z,5.6112,48.5025,232.4446,0.2089,0.1148,-6.7619,34.9198,232.3667,0.1504,-0.1975,10.6067,37.0848,232.1576,0.1595,0.2977
2015-03-30T00:38:59.011Z,6.5997,48.5599,232.9836,0.2086,0.1366,-7.1129,34.4242,231.9447,0.149,-0.216,10.8362,37.423,232.6066,0.1608,0.2987
2015-03-30T00:39:59.414Z,6.1896,48.8052,232.4315,0.2096,0.1266,-7.0457,33.5808,230.8707,0.1455,-0.2212,10.4757,37.0724,232.2777,0.1596,0.2898
2015-03-30T00:40:59.850Z,5.0684,48.2738,232.8304,0.2079,0.1034,-6.7018,33.8235,230.8009,0.1466,-0.206,10.358,39.589,232.5796,0.1698,0.2737
2015-03-30T00:41:59.145Z,5.8045,49.4039,233.471,0.2115,0.1167,-6.7071,33.8815,229.1453,0.1478,-0.2074,11.358,37.808,234.0754,0.1616,0.3102
2015-03-30T00:42:59.546Z,5.4005,48.3328,233.2953,0.2073,0.113,-6.6787,35.9451,231.2064,0.1558,-0.1991,10.9149,37.4909,233.6237,0.1607,0.297
2015-03-30T00:43:59.916Z,4.9866,48.3211,232.8885,0.2077,0.1055,-6.5814,35.3397,231.6365,0.153,-0.1974,10.688,37.3481,233.5451,0.1598,0.2981
2015-03-30T00:44:59.263Z,5.3614,47.7288,232.919,0.205,0.1106,-6.6297,35.0927,231.8214,0.1512,-0.1931,11.0007,39.1632,233.7166,0.1678,0.2921
2015-03-30T00:45:59.525Z,5.4798,49.0085,232.6062,0.211,0.1126,-6.3567,36.21,231.8416,0.1563,-0.1885,11.1154,38.5757,233.4817,0.1649,0.2958
2015-03-30T00:46:59.759Z,6.1615,48.2227,232.7529,0.2068,0.1292,-6.774,34.8704,231.8155,0.1499,-0.204,10.8976,39.0725,233.6769,0.1669,0.2911
2015-03-30T00:47:59.094Z,7.131,48.8619,232.4658,0.2101,0.1446,-7.1503,35.0322,231.825,0.1513,-0.2161,10.7299,38.988,233.6426,0.1676,0.2854
2015-03-30T00:48:59.411Z,6.872,48.1836,232.0579,0.2077,0.1423,-6.9732,34.721,231.4856,0.1499,-0.2026,10.507,39.0441,233.6292,0.1673,0.2737
2015-03-30T00:49:59.805Z,7.1841,47.7362,231.9121,0.2061,0.1493,-6.7835,34.5598,230.4241,0.1505,-0.2034,10.4655,36.9863,232.7307,0.1588,0.286
2015-03-30T00:50:59.127Z,7.2,48.5356,231.6263,0.2096,0.1472,-7.1254,33.8401,230.2243,0.1474,-0.2189,10.6414,38.3148,232.5809,0.1652,0.2876
2015-03-30T00:51:59.346Z,5.3055,49.0934,232.9471,0.2105,0.108,-6.1944,34.7788,231.5426,0.1502,-0.1909,10.7407,37.8056,230.5041,0.1643,0.2879
2015-03-30T00:52:59.605Z,5.0674,48.077,232.3449,0.2075,0.1042,-6.9723,34.7987,231.2015,0.1507,-0.2027,10.3266,38.6108,232.3095,0.1658,0.2837
2015-03-30T00:53:59.000Z,5.4894,48.0966,232.34,0.2068,0.1147,-6.0852,34.4587,231.1366,0.1493,-0.185,10.9028,37.8079,232.5442,0.163,0.2953
2015-03-30T00:54:59.223Z,5.3775,48.1293,232.334,0.2071,0.1116,-5.8927,34.6208,231.3226,0.1499,-0.1778,10.4174,38.4349,232.6741,0.1653,0.2814
2015-03-30T00:55:59.476Z,4.8159,48.7201,232.3755,0.2095,0.0995,-6.4351,34.7575,231.0979,0.1507,-0.19,10.3723,37.8736,232.469,0.1632,0.2834
2015-03-30T00:56:59.788Z,5.6279,49.2775,232.5142,0.212,0.1129,-6.7305,34.5982,231.3947,0.1495,-0.2033,10.9177,38.7246,232.7587,0.1664,0.2898
2015-03-30T00:57:59.168Z,4.9371,48.1054,232.6361,0.2063,0.1019,-6.2381,35.8499,231.6046,0.1548,-0.1834,10.7357,38.122,232.4111,0.1643,0.2909
2015-03-30T00:58:59.455Z,5.0114,47.5811,233.1171,0.2035,0.1059,-6.9951,31.9954,232.0981,0.1376,-0.222,11.0447,37.809,233.1863,0.1618,0.2993
2015-03-30T00:59:59.731Z,5.406,48.4877,232.6188,0.2086,0.1117,-6.6628,35.51,231.7358,0.1527,-0.1979,10.772,38.9563,232.7228,0.1674,0.2867
