2015-02-05T00:00:59.707Z,102.4723,191.6543,228.8783,0.8407,0.1211,107.2215,196.9301,231.5223,0.8548,0.1061,245.6797,313.1432,233.1222,1.3508,0.8183
2015-02-05T00:01:59.975Z,369.5276,705.8554,228.5672,3.0983,0.3451,457.5053,784.4221,229.6713,3.4221,0.373,514.9083,951.0438,231.7461,4.1124,0.6422
2015-02-05T00:02:59.152Z,3.585,67.8164,230.0318,0.295,0.054,2.9281,60.3641,229.6696,0.2628,0.0524,254.9947,295.922,231.6736,1.2796,0.8391
2015-02-05T00:03:59.551Z,862.4032,1249.2088,229.702,5.4454,0.5603,867.2134,1185.5434,224.9022,5.2806,0.5767,1426.6499,1807.2791,229.6541,7.8788,0.8072
2015-02-05T00:04:59.801Z,1135.9091,1568.94,229.6006,6.8334,0.7244,1183.3238,1585.7411,226.1423,7.0121,0.746,1700.4291,2202.7709,230.1362,9.5712,0.7719
2015-02-05T00:05:59.180Z,1099.41,1522.5238,229.5593,6.6324,0.7218,1186.0725,1608.6165,228.2434,7.0475,0.7376,1644.3082,2182.6393,230.8451,9.4543,0.7538
2015-02-05T00:06:59.474Z,1097.8109,1519.4663,229.8763,6.6102,0.7222,1208.5592,1636.3564,229.5691,7.1274,0.7382,1644.2944,2201.2249,231.5417,9.5069,0.7468
2015-02-05T00:07:59.645Z,1028.2415,1459.4618,229.8288,6.3496,0.7046,1151.4089,1590.4467,230.58,6.8975,0.7233,1575.214,2149.9063,231.8643,9.272,0.7315
2015-02-05T00:08:59.975Z,1016.6133,1446.7623,229.8917,6.2931,0.7029,1130.5346,1577.145,230.632,6.8383,0.717,1552.459,2124.5474,231.564,9.1746,0.7308
2015-02-05T00:09:59.864Z,1035.9637,1457.7736,230.508,6.3238,0.7108,1150.6601,1608.4892,231.2588,6.9547,0.7151,1551.3739,2127.4759,231.473,9.1911,0.7292
2015-02-05T00:10:59.262Z,1084.9863,1491.1399,230.2477,6.4761,0.7275,1201.8224,1651.6316,231.0293,7.1484,0.7276,1587.8308,2153.2411,231.0864,9.3176,0.7376
2015-02-05T00:11:59.889Z,1075.901,1479.8937,229.4395,6.4499,0.7275,1196.673,1632.0442,230.5742,7.0781,0.7325,1595.6393,2151.8331,230.594,9.3314,0.7407
2015-02-05T00:12:59.114Z,1080.4103,1475.3176,228.7333,6.4497,0.7323,1201.1308,1628.2013,230.4365,7.066,0.7373,1598.6919,2146.2887,229.8787,9.3362,0.7444
2015-02-05T00:13:59.595Z,1123.9416,1521.6538,228.732,6.6524,0.739,1220.2809,1623.3299,228.394,7.1068,0.7525,1663.8073,2177.2386,229.1873,9.4997,0.7652
2015-02-05T00:14:59.047Z,1104.1797,1528.2097,228.6411,6.6839,0.7225,1196.4084,1576.4759,226.8255,6.9499,0.7591,1700.0757,2206.9255,230.3584,9.5801,0.7702
2015-02-05T00:15:59.346Z,1067.0693,1459.326,227.7,6.4087,0.7311,1218.2963,1627.3289,230.5801,7.0576,0.7489,1612.0708,2169.7717,230.3784,9.4177,0.7438
2015-02-05T00:16:59.676Z,1091.5442,1490.6434,228.9819,6.5092,0.7323,1217.7444,1644.6919,231.2103,7.1134,0.7406,1618.2008,2169.3948,230.293,9.4201,0.7458
2015-02-05T00:17:59.015Z,1156.9303,1543.6098,229.0844,6.7385,0.749,1273.9458,1695.1939,231.0722,7.3364,0.7515,1671.2984,2207.93,229.8175,9.6072,0.757
2015-02-05T00:18:59.226Z,1168.0257,1565.6637,229.1531,6.8321,0.7463,1271.3779,1685.8662,230.3699,7.3178,0.7542,1697.2852,2226.1303,230.3957,9.662,0.7613
2015-02-05T00:19:59.619Z,1136.1387,1548.2721,230.2906,6.7233,0.7336,1221.6559,1648.0027,230.3154,7.1559,0.7413,1663.2143,2188.668,230.1084,9.5112,0.7599
2015-02-05T00:20:59.881Z,1129.4278,1543.9276,230.9538,6.6851,0.7314,1234.665,1669.5359,231.3468,7.2166,0.7396,1656.0054,2201.5398,230.8286,9.5371,0.7519
2015-02-05T00:21:59.226Z,1179.4809,1587.5451,230.8802,6.8766,0.7428,1288.726,1712.1553,231.2599,7.4032,0.7533,1717.3674,2254.8019,230.7243,9.7732,0.762
2015-02-05T00:22:59.382Z,1020.8556,1373.7642,230.8038,5.9606,0.6456,1111.4528,1470.2569,231.2502,6.3662,0.649,1554.2214,2010.0117,230.5964,8.7269,0.79
2015-02-05T00:23:59.679Z,2.606,68.9911,231.9389,0.2976,0.0389,2.8984,61.6252,232.9809,0.2648,0.0488,47.1004,93.6003,232.8303,0.402,0.3283
2015-02-05T00:24:59.888Z,2.7732,67.5736,231.5509,0.2918,0.0422,2.8715,61.9486,232.3553,0.2665,0.0463,3.3709,60.6187,232.2559,0.2611,0.0573
2015-02-05T00:25:59.662Z,3.0355,69.6741,232.2921,0.2999,0.0455,2.4814,62.3113,233.0755,0.2676,0.0408,3.0203,62.5687,233.1307,0.2686,0.0474
2015-02-05T00:26:59.881Z,2.7736,69.7726,233.0466,0.2997,0.04,2.6034,62.2873,232.3287,0.2681,0.0425,3.1967,62.5455,233.2971,0.2682,0.0512
2015-02-05T00:27:59.091Z,2.5414,68.6627,233.0449,0.2946,0.037,2.4743,60.9404,232.365,0.2621,0.043,2.957,61.5879,233.4302,0.264,0.0513
2015-02-05T00:28:59.738Z,3.2752,69.6889,233.3245,0.2987,0.0465,2.6891,60.9788,229.7896,0.2655,0.0435,3.2252,63.1246,234.1488,0.2691,0.053
2015-02-05T00:29:59.652Z,3.4315,69.6059,233.3696,0.2986,0.0491,2.4916,62.5438,230.6566,0.2715,0.0398,3.4248,61.7345,233.8371,0.2637,0.0555
2015-02-05T00:30:59.797Z,2.5338,68.9374,231.3653,0.2979,0.0366,2.8687,60.1812,232.17,0.259,0.047,2.8726,62.3492,233.5367,0.267,0.0466
2015-02-05T00:31:59.408Z,2.6682,68.8202,230.9205,0.2978,0.0402,3.0438,62.292,231.6219,0.2688,0.0471,3.3735,62.9938,233.0324,0.2707,0.0554
2015-02-05T00:32:59.843Z,3.2165,68.1975,230.9031,0.2951,0.0459,3.3922,60.9042,231.1466,0.2631,0.0538,64.9342,109.2075,232.5392,0.4697,0.4382
2015-02-05T00:33:59.217Z,3.4029,68.2287,231.2866,0.2947,0.0504,2.7642,62.2379,230.6986,0.2701,0.0447,2.9383,62.1897,231.5562,0.2681,0.0474
2015-02-05T00:34:59.556Z,2.2221,69.0991,231.0696,0.2992,0.0312,2.8785,61.7815,230.7529,0.268,0.0454,3.4635,62.0041,231.368,0.2678,0.0571
2015-02-05T00:35:59.930Z,2.1973,68.3367,231.7327,0.2953,0.0315,3.0022,61.6326,231.4918,0.2662,0.0492,3.1482,62.5584,232.7555,0.2685,0.0513
2015-02-05T00:36:59.232Z,2.8958,68.2006,232.459,0.2931,0.0433,3.1528,61.1842,231.8134,0.2639,0.0539,2.7728,62.0961,233.3342,0.2659,0.0442
2015-02-05T00:37:59.573Z,3.4621,69.3056,232.6245,0.2982,0.0513,2.8068,63.4582,232.1021,0.2732,0.047,3.0381,60.7918,233.3257,0.2601,0.0499
2015-02-05T00:38:59.949Z,3.2855,68.8979,232.0245,0.2968,0.0471,3.4091,62.4799,232.3211,0.269,0.056,2.8686,62.7751,233.7605,0.2685,0.047
2015-02-05T00:39:59.309Z,3.0523,70.1677,231.2546,0.3033,0.0436,3.0829,61.0994,232.0718,0.2638,0.052,2.9458,62.6297,233.9031,0.2681,0.0508
2015-02-05T00:40:59.655Z,2.3578,69.4635,231.0602,0.3009,0.0342,3.3438,62.7831,231.9703,0.2703,0.0543,2.639,61.7391,234.0629,0.2636,0.0434
2015-02-05T00:41:59.165Z,2.1941,69.2396,231.7808,0.2987,0.0329,2.4758,61.6667,231.4958,0.2663,0.0412,3.2194,60.9164,234.0119,0.2602,0.053
2015-02-05T00:42:59.606Z,4.0221,68.7937,231.9223,0.2965,0.0586,2.6534,61.7671,231.1379,0.2677,0.0416,64.2178,109.2045,233.8392,0.4668,0.4302
2015-02-05T00:43:59.146Z,3.3484,68.5949,231.2776,0.2967,0.0493,2.9077,63.0628,230.7338,0.2734,0.0458,3.9477,63.2742,234.463,0.2694,0.056
2015-02-05T00:44:59.063Z,2.8401,68.5943,231.2162,0.2967,0.0409,2.9351,60.4252,230.5878,0.2622,0.0508,2.8416,62.9043,234.6102,0.268,0.046
2015-02-05T00:45:59.396Z,2.6021,68.7951,231.5409,0.2967,0.0374,3.3247,62.9952,231.1355,0.2723,0.0537,3.2307,62.5646,234.1344,0.2671,0.0529
2015-02-05T00:46:59.933Z,2.8175,68.8568,232.3784,0.2959,0.0415,3.192,59.733,232.075,0.2572,0.0514,3.1195,63.0766,234.2026,0.2691,0.0504
2015-02-05T00:47:59.247Z,2.3367,68.6906,232.744,0.2946,0.033,3.5111,63.174,232.3011,0.2717,0.0561,2.9437,62.6052,234.3002,0.2679,0.0477
2015-02-05T00:48:59.652Z,2.502,70.3367,232.7609,0.3022,0.0358,3.0664,61.6078,232.5032,0.2647,0.0492,3.4946,62.4178,234.3148,0.2667,0.0566
2015-02-05T00:49:59.991Z,2.5612,69.4833,232.7508,0.2985,0.0365,3.469,62.5972,231.9622,0.2698,0.0539,3.1001,62.7218,233.5474,0.2687,0.049
2015-02-05T00:50:59.648Z,3.1992,68.0007,232.5383,0.2928,0.0458,2.9071,61.2417,231.7617,0.2643,0.0484,2.8626,62.4893,233.3659,0.2676,0.0456
2015-02-05T00:51:59.465Z,3.1827,67.3631,231.2767,0.2905,0.047,2.3329,60.5686,231.6689,0.261,0.0405,2.756,62.6857,233.3281,0.2681,0.0456
2015-02-05T00:52:59.957Z,2.7098,68.0497,230.8966,0.2948,0.0407,3.3834,61.5991,230.8818,0.267,0.0557,32.1746,84.656,233.2326,0.3632,0.2296
2015-02-05T00:53:59.200Z,4.9986,68.6188,230.0553,0.2982,0.0743,2.5499,62.4037,230.1766,0.2709,0.0432,36.6574,89.0627,233.9161,0.3816,0.2579
2015-02-05T00:54:59.533Z,5.613,68.5973,230.7186,0.2971,0.0818,2.5599,60.9063,229.5177,0.2654,0.0426,3.3291,63.143,233.7841,0.2696,0.0521
2015-02-05T00:55:59.686Z,5.7047,68.6932,230.8603,0.2977,0.0847,2.6185,60.0677,230.8879,0.2597,0.0441,2.9914,62.0335,233.5945,0.2655,0.0487
2015-02-05T00:56:59.120Z,6.1599,68.9257,231.6286,0.298,0.0901,2.2018,62.9844,232.1558,0.2713,0.0352,3.5618,62.8693,233.7516,0.2688,0.0581
2015-02-05T00:57:59.622Z,5.5229,68.9993,232.9068,0.2966,0.0809,2.548,60.8556,231.4595,0.2629,0.0422,3.3629,63.0263,234.6803,0.2691,0.0537
2015-02-05T00:58:59.974Z,5.1107,67.7242,232.9897,0.2909,0.0778,2.4075,60.7826,229.7717,0.2642,0.0393,3.232,64.4515,235.1604,0.2739,0.0486
2015-02-05T00:59:59.326Z,4.6444,70.6994,233.2134,0.303,0.0654,2.422,63.2051,232.3099,0.272,0.0376,3.3004,62.0454,234.543,0.2641,0.0537
