2015-04-28T00:00:59.517Z,5.0222,67.5353,231.9995,0.2911,0.0744,-6.4438,63.664,234.1403,0.2716,-0.1025,11.2031,63.588,232.6211,0.2736,0.1776
2015-04-28T00:01:59.845Z,5.0505,70.6356,232.5937,0.3037,0.0718,-7.232,65.1298,233.7299,0.2793,-0.1127,12.0176,63.7607,232.9812,0.2737,0.1895
2015-04-28T00:02:59.041Z,5.1412,69.4323,233.8776,0.2967,0.0754,-7.8504,62.2091,233.4601,0.267,-0.1287,11.4087,64.3188,232.5771,0.2761,0.1799
2015-04-28T00:03:59.564Z,5.6393,70.5121,233.9705,0.3012,0.082,-7.1221,61.7613,233.4697,0.2648,-0.1202,11.4787,62.5549,231.7784,0.27,0.1866
2015-04-28T00:04:59.956Z,5.0712,69.9176,233.8585,0.2988,0.0733,-6.9896,65.3954,233.8457,0.2797,-0.1089,11.8167,64.2833,231.3847,0.278,0.1834
2015-04-28T00:05:59.152Z,5.3323,69.5351,234.5199,0.2963,0.078,-7.0118,63.6702,234.3393,0.2713,-0.1123,11.5628,64.0577,231.2341,0.2772,0.1819
2015-04-28T00:06:59.473Z,5.3635,71.3953,234.8541,0.304,0.0753,-7.3431,63.1222,234.4109,0.2692,-0.1196,11.0647,65.2292,231.4486,0.2816,0.17
2015-04-28T00:07:59.497Z,5.1278,69.9414,234.1484,0.2987,0.0731,-7.3301,64.6087,234.019,0.2763,-0.1146,11.2073,64.3159,231.5601,0.2777,0.1763
2015-04-28T00:08:59.892Z,4.8013,70.8318,233.4765,0.3033,0.0684,-7.1384,63.452,233.7924,0.2715,-0.113,11.5555,63.8624,232.2684,0.2744,0.1819
2015-04-28T00:09:59.292Z,5.1239,70.9256,233.2796,0.3042,0.0721,-7.4401,62.036,234.0003,0.2648,-0.121,11.5286,64.3653,232.075,0.277,0.1803
2015-04-28T00:10:59.011Z,4.7659,69.6355,233.2049,0.2978,0.0688,-7.2895,63.9212,233.9466,0.2731,-0.1155,11.6011,64.2813,231.919,0.277,0.1814
2015-04-28T00:11:59.236Z,5.3025,70.2044,233.3793,0.3011,0.076,-7.4026,64.6466,233.8288,0.2765,-0.1175,11.7269,65.9871,231.8627,0.2847,0.1793
2015-04-28T00:12:59.652Z,5.2226,69.6781,233.1674,0.299,0.0753,-7.6154,62.7493,233.7038,0.2687,-0.1273,11.7221,64.5345,232.1679,0.2782,0.1833
2015-04-28T00:13:59.319Z,5.0303,68.2516,232.7441,0.2931,0.0744,-6.9392,61.211,233.7899,0.2618,-0.1178,11.0157,63.6816,233.2287,0.2731,0.1792
2015-04-28T00:14:59.539Z,4.6932,69.6779,233.0973,0.2989,0.0695,-7.1692,63.2185,234.0977,0.2702,-0.1159,11.8911,64.9444,233.2246,0.2786,0.1843
2015-04-28T00:15:59.841Z,5.4324,69.8705,233.3151,0.2993,0.0778,-7.1097,63.4835,234.1735,0.2712,-0.1137,12.0924,64.7434,234.0102,0.2764,0.1876
2015-04-28T00:16:59.251Z,5.14,70.983,233.8197,0.3036,0.0731,-7.7127,63.3342,234.3657,0.2702,-0.1231,11.9803,64.3432,234.3411,0.2749,0.1871
2015-04-28T00:17:59.410Z,4.7455,69.0329,233.4596,0.296,0.071,-6.6398,64.9246,234.2557,0.2771,-0.1062,11.8459,64.5238,234.1281,0.2755,0.1886
2015-04-28T00:18:59.806Z,5.2321,70.7351,233.4726,0.3028,0.0745,-7.1822,64.194,234.1351,0.2739,-0.1134,11.8538,65.5082,234.1213,0.28,0.1826
2015-04-28T00:19:59.445Z,4.9997,70.3056,234.0182,0.3003,0.072,-7.214,64.1932,234.5752,0.2737,-0.1139,11.6228,65.9731,234.4529,0.2811,0.1787
2015-04-28T00:20:59.654Z,5.4009,70.5151,233.7032,0.302,0.0765,-6.9754,63.1302,234.1282,0.2698,-0.1128,11.9183,65.2666,234.3115,0.2786,0.1837
2015-04-28T00:21:59.922Z,5.5711,69.3315,233.8089,0.2967,0.0825,-7.3378,63.4858,234.3256,0.2713,-0.1188,11.7993,65.2498,234.358,0.2786,0.1819
2015-04-28T00:22:59.184Z,4.8242,69.9277,233.354,0.3,0.0708,-7.1422,63.6283,233.926,0.272,-0.1137,11.7772,65.1083,234.2288,0.2774,0.1827
2015-04-28T00:23:59.590Z,4.8274,70.6418,233.4003,0.3023,0.0689,-7.3181,66.0281,234.333,0.2821,-0.1123,11.4876,64.2482,234.4156,0.2737,0.1793
2015-04-28T00:24:59.761Z,5.122,69.7015,232.8709,0.2992,0.0737,-7.7379,63.5319,233.9887,0.2715,-0.1226,11.8366,64.5808,234.2831,0.2757,0.1838
2015-04-28T00:25:59.428Z,5.6714,70.5664,233.4884,0.3023,0.0812,-7.3905,62.8423,234.4363,0.268,-0.119,11.7602,64.3608,234.6659,0.2743,0.1844
2015-04-28T00:26:59.891Z,5.3013,70.8674,233.0526,0.3038,0.0747,-7.8462,63.8831,233.9322,0.2733,-0.1235,12.1412,65.8338,234.2292,0.281,0.1859
2015-04-28T00:27:59.166Z,4.9711,70.1929,233.1654,0.3006,0.0723,-7.3317,62.268,234.3503,0.2656,-0.1233,11.7393,63.6591,233.9038,0.2717,0.1898
2015-04-28T00:28:59.387Z,5.1715,69.8459,234.0975,0.2977,0.0772,-7.0463,61.3217,234.5122,0.2614,-0.1189,11.5116,61.025,231.3562,0.2638,0.1929
2015-04-28T00:29:59.233Z,5.0443,70.4393,233.979,0.3013,0.0728,-7.3761,62.3703,234.2776,0.2667,-0.1192,11.2778,62.8696,233.554,0.2692,0.1812
2015-04-28T00:30:59.576Z,4.9153,69.2367,233.3121,0.2967,0.0713,-7.06,62.1855,234.5762,0.2652,-0.1139,11.1942,65.0134,234.0329,0.2786,0.1739
2015-04-28T00:31:59.850Z,5.3738,71.0715,234.2405,0.3027,0.0764,-7.0601,63.9299,234.4337,0.2727,-0.1133,12.0005,65.6036,234.3505,0.28,0.1837
2015-04-28T00:32:59.326Z,5.6258,69.5602,234.1126,0.2967,0.0804,-7.0931,63.6338,234.2338,0.2716,-0.1177,11.9792,63.793,234.4914,0.2726,0.1906
2015-04-28T00:33:59.692Z,5.6349,68.8689,233.1325,0.2951,0.0838,-7.2865,62.7068,233.3808,0.2693,-0.118,11.6797,64.2837,233.4228,0.2754,0.1835
2015-04-28T00:34:59.590Z,5.3643,69.5441,233.2578,0.2981,0.078,-6.9683,63.9149,234.1099,0.2728,-0.1094,11.2982,63.6771,233.4987,0.2723,0.1776
2015-04-28T00:35:59.952Z,5.3416,69.444,233.1125,0.2978,0.0786,-7.6053,63.3,233.8076,0.2709,-0.1214,11.9346,64.2543,233.3058,0.2758,0.1879
2015-04-28T00:36:59.215Z,5.2308,70.0683,232.6922,0.3011,0.0736,-7.3951,63.2277,233.2847,0.2712,-0.1191,11.759,64.0646,232.753,0.2752,0.1893
2015-04-28T00:37:59.762Z,4.9976,70.4522,232.4522,0.3032,0.0716,-7.5176,62.1593,232.7507,0.2676,-0.1242,10.9641,62.7763,231.9778,0.2704,0.1774
2015-04-28T00:38:59.106Z,5.7103,70.5663,232.9247,0.3032,0.0829,-7.2721,63.2522,232.6079,0.2721,-0.1179,11.474,63.5976,232.7922,0.2736,0.1809
2015-04-28T00:39:59.867Z,5.3761,69.3643,232.7245,0.2985,0.0782,-6.947,64.4705,232.0776,0.278,-0.1102,11.6168,64.3422,231.5859,0.2779,0.1818
2015-04-28T00:40:59.140Z,5.3998,70.5433,232.3263,0.3034,0.0773,-7.1594,62.3154,231.1611,0.2696,-0.1164,11.8099,65.3207,231.9606,0.2819,0.1828
2015-04-28T00:41:59.404Z,4.7676,69.3559,232.079,0.2985,0.0682,-7.1234,63.0572,230.9353,0.273,-0.1153,11.254,63.6668,232.1643,0.2742,0.1778
2015-04-28T00:42:59.846Z,5.4159,70.3411,232.0321,0.3031,0.0778,-7.3712,61.9324,231.1062,0.2679,-0.1236,11.9614,64.6833,232.6232,0.278,0.1866
2015-04-28T00:43:59.510Z,5.1263,69.6422,231.7346,0.3001,0.0737,-7.4929,62.449,231.6095,0.2698,-0.1202,11.6727,64.8255,233.019,0.2777,0.1816
2015-04-28T00:44:59.982Z,4.9567,69.4284,232.3068,0.2989,0.0716,-7.5025,63.0379,232.856,0.2711,-0.1187,11.739,65.1382,233.061,0.2796,0.1811
2015-04-28T00:45:59.187Z,5.0011,69.6526,232.4321,0.2998,0.0734,-6.9643,63.6496,233.684,0.2724,-0.112,11.745,64.9787,233.0639,0.2787,0.1816
2015-04-28T00:46:59.930Z,5.4709,70.7335,232.6837,0.3038,0.0771,-7.4135,62.87,233.6038,0.269,-0.1193,11.7103,63.9374,233.195,0.2742,0.1835
2015-04-28T00:47:59.109Z,4.5996,69.4726,232.2577,0.2993,0.0676,-7.1822,62.4029,233.5966,0.2672,-0.1181,11.7928,63.4902,233.1764,0.2722,0.1872
2015-04-28T00:48:59.496Z,5.2259,70.7165,232.294,0.3041,0.0744,-7.4502,63.1245,233.5745,0.2702,-0.1197,11.8192,64.5125,233.0946,0.2767,0.1836
2015-04-28T00:49:59.040Z,4.6682,69.3609,232.344,0.2987,0.0689,-7.693,62.6923,233.5849,0.2689,-0.122,11.7602,63.0933,233.0973,0.2707,0.1883
2015-04-28T00:50:59.410Z,5.3508,70.1746,232.2396,0.3021,0.0783,-7.7952,64.8555,233.4638,0.2777,-0.1216,11.7293,64.96,233.0104,0.2792,0.1816
2015-04-28T00:51:59.817Z,4.8097,70.3374,232.5638,0.3026,0.0689,-7.989,63.7626,233.1053,0.2736,-0.126,12.0192,63.967,233.806,0.2742,0.1865
2015-04-28T00:52:59.320Z,5.3581,69.5153,232.4741,0.2988,0.0791,-7.1777,62.0358,233.2969,0.2658,-0.1193,11.5011,62.8304,233.6513,0.2697,0.1861
2015-04-28T00:53:59.609Z,4.8973,70.3403,232.0383,0.3028,0.071,-7.3665,63.4566,232.9364,0.2725,-0.1177,12.0045,64.119,233.2172,0.2751,0.1892
2015-04-28T00:54:59.158Z,5.0182,70.2222,232.0892,0.3028,0.0717,-7.4829,63.4562,233.1194,0.2727,-0.1192,11.686,65.4492,233.7354,0.2802,0.1793
2015-04-28T00:55:59.473Z,5.1316,68.6601,232.2562,0.2955,0.0753,-7.5753,62.2502,233.6979,0.2662,-0.1234,11.8557,65.4995,234.3427,0.2791,0.1825
2015-04-28T00:56:59.867Z,5.1993,70.6836,232.3173,0.3043,0.075,-7.6465,62.5808,230.9393,0.2708,-0.1243,12.0597,63.7422,234.8526,0.2714,0.1891
2015-04-28T00:57:59.115Z,5.6847,70.196,232.8717,0.3019,0.0822,-7.6108,62.1266,232.3023,0.2674,-0.1267,11.8651,64.732,234.7989,0.2758,0.1884
2015-04-28T00:58:59.447Z,5.2214,70.53,232.911,0.3029,0.0753,-7.2273,63.5824,233.8815,0.2722,-0.1158,11.8131,65.1433,234.169,0.2789,0.1815
2015-04-28T00:59:59.813Z,5.4461,70.7061,232.8836,0.303,0.077,-7.5026,65.2913,233.648,0.2796,-0.1163,11.6174,64.4493,233.5874,0.276,0.1815
