2015-04-26T00:00:59.611Z,6.8379,67.6792,232.3924,0.2913,0.1029,-7.1824,61.1148,232.4756,0.2626,-0.121,10.8541,62.6667,232.4383,0.2694,0.1742
2015-04-26T00:01:59.012Z,5.8367,68.9292,231.4858,0.298,0.085,-7.9182,61.9882,232.335,0.2673,-0.1307,11.3352,65.0431,231.9942,0.2801,0.1752
2015-04-26T00:02:59.273Z,6.8574,68.9225,231.3363,0.2977,0.1013,-7.8074,62.8311,231.8525,0.2708,-0.1268,11.6664,63.9391,231.4511,0.2763,0.1835
2015-04-26T00:03:59.790Z,6.6347,68.789,231.6353,0.2973,0.0974,-7.8676,61.9353,231.624,0.2676,-0.1287,10.8898,63.3101,231.0071,0.2739,0.1724
2015-04-26T00:04:59.948Z,6.9507,69.2122,231.4573,0.2991,0.1029,-7.713,63.2751,231.7446,0.2724,-0.1242,10.6441,62.5099,231.3514,0.2701,0.1766
2015-04-26T00:05:59.455Z,6.9166,68.4804,232.0604,0.295,0.1012,-7.9003,62.7029,232.1118,0.2701,-0.1288,11.9227,65.0712,231.5432,0.2814,0.1843
2015-04-26T00:06:59.352Z,6.2647,69.929,231.9215,0.3021,0.0908,-7.3288,61.1041,231.7632,0.2637,-0.1209,11.4043,63.706,231.8062,0.2748,0.1803
2015-04-26T00:07:59.696Z,6.592,70.1326,231.478,0.3032,0.0968,-6.8582,62.5765,231.0347,0.2708,-0.1113,11.3863,63.3546,232.0543,0.2735,0.1801
2015-04-26T00:08:59.430Z,6.8338,70.3613,231.836,0.3031,0.0975,-7.5896,63.7502,230.9488,0.2756,-0.1193,12.0452,63.5357,232.7686,0.2727,0.1895
2015-04-26T00:09:59.331Z,6.2848,69.1543,231.4935,0.2989,0.0904,-7.2035,61.5149,231.3942,0.2659,-0.121,11.4854,62.8765,232.294,0.2712,0.1824
2015-04-26T00:11:59.740Z,6.3052,70.3647,231.1268,0.3042,0.0901,-7.6429,62.9919,232.0287,0.2716,-0.1239,11.5193,64.0166,232.2983,0.2756,0.1805
2015-04-26T00:12:59.107Z,6.6167,69.5687,231.3578,0.3,0.0973,-7.6848,64.1052,232.5373,0.2753,-0.1231,11.6784,64.7296,233.2854,0.2777,0.18
2015-04-26T00:13:59.347Z,6.5969,68.7368,230.9076,0.2977,0.0978,-7.3377,63.2397,231.9474,0.2726,-0.1188,11.3562,64.5723,233.1021,0.2769,0.1792
2015-04-26T00:14:59.597Z,6.7979,70.3215,231.4283,0.3036,0.0983,-7.3524,64.252,232.0985,0.2766,-0.1174,11.607,63.6353,233.5653,0.2726,0.1832
2015-04-26T00:16:59.334Z,6.4291,70.0539,231.9381,0.302,0.0923,-7.8791,62.4673,231.2327,0.2703,-0.1276,11.383,64.4433,234.1171,0.275,0.1783
2015-04-26T00:17:59.060Z,6.9878,70.1668,232.1265,0.3021,0.0997,-7.5695,61.9092,229.6608,0.269,-0.1234,11.2869,63.7843,234.5987,0.2716,0.1791
2015-04-26T00:18:59.282Z,6.4585,69.0871,231.9244,0.2973,0.0958,-7.7766,61.1819,231.9609,0.2636,-0.1293,11.9615,66.3612,234.2463,0.2833,0.1829
2015-04-26T00:19:59.810Z,6.9318,70.403,232.1443,0.3027,0.0991,-7.576,62.4926,231.9461,0.2696,-0.1232,11.5302,66.3557,234.41,0.2832,0.1754
2015-04-26T00:20:59.085Z,6.1112,70.451,232.2973,0.3029,0.0868,-7.4089,63.4867,232.3931,0.2731,-0.1178,11.9631,65.3304,234.3173,0.279,0.1838
2015-04-26T00:21:59.470Z,6.0455,69.6141,232.5008,0.2989,0.0876,-8.2716,65.3384,232.7314,0.2807,-0.1304,11.8048,65.1969,234.3401,0.2786,0.1822
2015-04-26T00:22:59.151Z,6.6049,69.8662,232.6062,0.3001,0.0951,-7.877,63.7683,232.3901,0.2742,-0.1249,11.3046,63.9324,234.3938,0.2723,0.1777
2015-04-26T00:23:59.585Z,6.5605,70.6983,232.4995,0.3041,0.0943,-7.5574,63.0883,231.8197,0.2721,-0.1217,11.5163,64.1777,234.418,0.2741,0.181
2015-04-26T00:24:59.551Z,6.3384,69.8438,232.2678,0.3002,0.0919,-7.4491,64.9231,231.589,0.2804,-0.1174,11.4874,64.2751,234.2296,0.2747,0.1792
2015-04-26T00:25:59.132Z,6.358,69.9607,230.9394,0.3027,0.091,-7.1422,62.7079,231.3862,0.2711,-0.1151,11.6537,62.334,232.8456,0.268,0.1873
2015-04-26T00:26:59.364Z,6.8611,68.481,230.6905,0.2971,0.103,-7.4433,64.0001,231.6496,0.2762,-0.1197,11.7122,64.0446,232.6548,0.2751,0.1839
2015-04-26T00:27:59.678Z,6.7071,68.6229,230.0921,0.2981,0.0985,-7.9085,61.8882,231.2826,0.268,-0.1299,11.5192,64.3645,232.0784,0.2774,0.1798
2015-04-26T00:28:59.735Z,6.594,69.1334,230.489,0.2997,0.0959,-7.9869,63.4074,231.5078,0.2731,-0.1299,11.8023,64.0487,232.4089,0.2757,0.184
2015-04-26T00:29:59.429Z,6.6843,69.2983,230.8817,0.3007,0.0978,-7.4083,62.5791,231.7297,0.2698,-0.1206,11.8558,65.6429,232.8754,0.2821,0.1814
2015-04-26T00:30:59.116Z,6.1399,69.0656,230.2926,0.2997,0.0898,-7.7249,62.8249,231.4845,0.2712,-0.1242,11.4692,65.0026,232.5951,0.28,0.178
2015-04-26T00:31:59.542Z,6.8781,69.3437,230.4648,0.3002,0.1012,-7.0589,62.913,231.0671,0.2726,-0.1146,11.0775,63.7069,232.5314,0.2741,0.1758
2015-04-26T00:32:59.965Z,6.3333,70.4742,230.3301,0.3061,0.0902,-7.1486,62.9537,231.0283,0.2726,-0.1139,11.0063,64.4636,232.0508,0.2778,0.1714
2015-04-26T00:33:59.695Z,6.7484,69.7003,230.6326,0.3023,0.0978,-7.5682,60.8132,231.2487,0.2633,-0.1332,10.9322,62.6711,232.2846,0.2694,0.1794
2015-04-26T00:34:59.641Z,6.342,69.4185,230.3662,0.3011,0.0919,-7.3696,63.5527,230.8638,0.2753,-0.1179,11.6957,63.688,231.9889,0.2745,0.1851
2015-04-26T00:35:59.344Z,6.4927,71.6366,230.2351,0.311,0.0911,-7.6573,61.9519,230.6745,0.2682,-0.1237,11.2221,62.5043,232.0535,0.2695,0.181
2015-04-26T00:36:59.450Z,6.7405,69.4473,229.7724,0.3022,0.0973,-7.3907,62.5488,230.5738,0.271,-0.1208,10.9665,64.5636,231.8158,0.2787,0.1718
2015-04-26T00:37:59.882Z,6.2447,69.6659,230.2997,0.3022,0.0902,-7.4336,62.4377,231.013,0.2701,-0.1225,11.3434,63.3163,232.1765,0.2726,0.1793
2015-04-26T00:38:59.264Z,6.0097,68.9082,230.3424,0.2987,0.0888,-7.561,63.1459,231.5094,0.2727,-0.1231,11.0834,63.1308,232.2271,0.2716,0.1799
2015-04-26T00:39:59.703Z,6.4915,68.8849,230.1162,0.2991,0.0946,-7.7366,61.3414,231.521,0.265,-0.1272,11.1776,63.7887,231.6335,0.2752,0.1789
2015-04-26T00:40:59.935Z,6.9789,68.7037,230.0685,0.2986,0.1029,-7.7947,62.8858,230.7295,0.2719,-0.1265,11.3658,63.2509,230.2931,0.2747,0.1809
2015-04-26T00:41:59.696Z,6.5455,70.329,230.7511,0.3047,0.0937,-7.2675,64.8492,231.5415,0.28,-0.1152,11.2497,62.9266,230.8801,0.2725,0.1792
2015-04-26T00:42:59.944Z,6.1077,68.9216,230.7256,0.2982,0.0885,-7.8013,63.812,231.6455,0.2755,-0.1242,11.6143,62.7248,230.6984,0.2724,0.1857
2015-04-26T00:43:59.232Z,6.6086,69.8767,230.4952,0.3039,0.0936,-7.6491,62.3943,231.2522,0.2701,-0.1241,11.1977,64.1822,230.4429,0.2781,0.1752
2015-04-26T00:44:59.573Z,6.608,69.4051,230.5796,0.3015,0.0949,-7.425,62.703,231.2757,0.2712,-0.1204,11.3652,63.6868,230.151,0.2768,0.1792
2015-04-26T00:45:59.230Z,6.8028,69.3428,230.4213,0.3012,0.1009,-7.689,63.2503,230.9201,0.274,-0.1249,11.3363,62.1709,230.1961,0.2699,0.1834
2015-04-26T00:46:59.581Z,6.5716,67.7353,230.7551,0.2934,0.0977,-6.9438,62.628,230.6815,0.2721,-0.1154,11.0034,63.0625,230.5712,0.2729,0.1754
2015-04-26T00:47:59.949Z,6.3426,69.4049,230.852,0.3009,0.0939,-7.6088,61.1796,230.4241,0.2652,-0.1283,11.3109,63.8226,230.5295,0.2773,0.1807
2015-04-26T00:48:59.145Z,6.8988,67.9402,230.5684,0.2947,0.1044,-7.9599,59.9369,230.2238,0.2594,-0.1382,11.6808,62.4438,230.2698,0.2712,0.1915
2015-04-26T00:49:59.821Z,6.5342,69.3355,231.023,0.3,0.0955,-8.0415,63.3041,230.2645,0.2747,-0.1276,11.5393,64.3702,229.125,0.2815,0.1801
2015-04-26T00:50:59.324Z,6.8174,70.4685,231.1767,0.3046,0.0968,-7.4582,63.2967,230.1186,0.2748,-0.1201,10.732,62.432,227.9811,0.2747,0.1729
2015-04-26T00:51:59.517Z,6.6502,69.2864,231.0445,0.2998,0.0957,-7.5377,61.958,230.606,0.2682,-0.1247,11.7031,64.9151,230.5567,0.2815,0.1799
2015-04-26T00:52:59.495Z,7.1078,69.6247,231.0748,0.3008,0.1022,-7.9964,61.8495,230.4645,0.2677,-0.1305,11.4204,63.3915,230.7119,0.2748,0.1816
2015-04-26T00:53:59.893Z,5.5475,68.8477,230.8219,0.2984,0.0812,-7.5262,60.3244,230.1903,0.2624,-0.1269,11.1052,63.4748,230.4402,0.2751,0.1763
2015-04-26T00:54:59.966Z,6.8662,59.0751,230.9505,0.2556,0.124,-7.3202,48.4911,230.8058,0.2101,-0.1825,11.4191,46.024,231.3157,0.1991,0.2878
2015-04-26T00:55:59.724Z,5.9248,50.7831,230.2689,0.2207,0.1248,-6.9881,39.4376,230.8243,0.1708,-0.2199,10.6095,40.5375,231.9626,0.1747,0.3095
2015-04-26T00:56:59.511Z,6.5732,51.2698,230.903,0.2219,0.1329,-7.0962,36.4767,231.3443,0.1578,-0.2382,11.0917,38.0024,232.6028,0.1636,0.3401
2015-04-26T00:57:59.797Z,6.808,52.8338,231.3345,0.228,0.1362,-7.0037,43.5548,229.6245,0.1899,-0.1987,10.9924,46.161,233.4026,0.1976,0.2777
2015-04-26T00:58:59.932Z,7.0809,49.0295,230.6373,0.2123,0.1489,-6.5419,32.6108,230.2186,0.1415,-0.2436,10.99,33.4855,233.1044,0.1437,0.3786
2015-04-26T00:59:59.107Z,6.1859,51.2698,230.5853,0.2223,0.1276,-6.7313,34.2504,232.0803,0.1474,-0.2376,11.2377,34.673,232.5626,0.1492,0.3698
2015-04-26T01:00:59.834Z,6.5164,47.2429,229.9512,0.2057,0.146,-6.755,38.6029,230.8825,0.1671,-0.2168,11.5304,40.412,231.5005,0.175,0.3254
2015-04-26T01:01:59.530Z,5.9988,48.7602,230.3614,0.2118,0.128,-6.5788,36.1532,231.1657,0.1569,-0.2202,11.2203,39.1563,231.0227,0.1693,0.3268
2015-04-26T01:02:59.037Z,6.5954,50.0289,231.0294,0.2168,0.1387,-7.2734,36.1548,230.8789,0.1568,-0.2317,11.1821,38.8083,230.4147,0.1687,0.3384
2015-04-26T01:03:59.546Z,6.3164,53.8693,231.5666,0.2323,0.1254,-6.7555,40.2985,230.8751,0.1742,-0.2137,10.6153,39.0749,229.4274,0.1707,0.3176
2015-04-26T01:04:59.068Z,6.847,57.5503,231.5386,0.2481,0.1226,-7.0358,44.1014,230.6656,0.1914,-0.1904,11.0334,46.7618,229.0793,0.2038,0.2644
2015-04-26T01:05:59.483Z,7.0305,67.9979,230.7344,0.2945,0.1044,-7.8645,59.0002,230.2949,0.2562,-0.1362,10.6402,60.1636,229.352,0.2621,0.1784
2015-04-26T01:06:59.724Z,7.3343,70.6967,231.1786,0.3053,0.1052,-7.6812,62.3722,230.9886,0.2697,-0.1264,11.0616,63.344,230.6328,0.2747,0.1762
2015-04-26T01:07:59.459Z,7.0304,70.4987,232.2799,0.3031,0.0999,-7.2594,61.8222,232.0687,0.2661,-0.1213,11.611,63.5797,231.6987,0.2746,0.1833
2015-04-26T01:09:59.405Z,6.4667,70.0713,232.9024,0.3007,0.0936,-7.6158,63.9607,232.7633,0.2749,-0.1226,11.6645,64.3702,232.5911,0.2764,0.1831
2015-04-26T01:10:59.191Z,7.1492,70.1714,232.6497,0.3017,0.1021,-8.4946,63.1218,232.674,0.2713,-0.136,11.7064,64.5762,232.3554,0.2784,0.1823
2015-04-26T01:11:59.568Z,6.7815,70.9176,232.6414,0.3042,0.0963,-7.5016,64.3636,232.6501,0.2765,-0.1179,11.4947,65.1138,232.5159,0.2799,0.1772
2015-04-26T01:12:59.758Z,7.2119,69.8436,232.5215,0.3002,0.1043,-7.9864,61.4363,232.7445,0.2642,-0.132,11.3962,62.3778,232.5511,0.2682,0.186
2015-04-26T01:13:59.164Z,6.4974,69.9871,232.4188,0.3013,0.0938,-8.0056,60.0734,232.7146,0.2582,-0.1339,11.6943,62.5671,232.6774,0.2688,0.1874
2015-04-26T01:14:59.724Z,6.0807,70.8437,232.3,0.3052,0.0867,-7.6342,63.9752,232.698,0.2747,-0.1212,11.1152,64.4771,232.8922,0.2766,0.1728
2015-04-26T01:15:59.191Z,4.9301,69.4413,232.3382,0.2984,0.0701,-8.4077,64.469,232.7574,0.2776,-0.1339,11.5124,64.8442,232.417,0.2789,0.1777
2015-04-26T01:16:59.370Z,4.6332,69.7593,232.2436,0.2998,0.0666,-6.9471,64.2855,232.6905,0.276,-0.1084,11.3569,64.8253,232.386,0.2791,0.1763
2015-04-26T01:17:59.104Z,5.5912,69.806,232.5429,0.3003,0.0804,-6.9833,64.4087,232.6496,0.2767,-0.1096,11.2941,62.7697,232.4779,0.2703,0.1835
2015-04-26T01:18:59.386Z,4.6795,69.4884,232.3708,0.2987,0.067,-7.23,63.0151,232.3458,0.2714,-0.1179,11.5273,63.6689,231.6737,0.2746,0.1836
2015-04-26T01:19:59.925Z,4.9948,69.9609,232.3882,0.3009,0.0723,-7.2304,62.0098,231.8007,0.267,-0.1188,11.401,64.312,230.4913,0.2793,0.1795
2015-04-26T01:20:59.982Z,4.8193,69.7431,232.1669,0.3009,0.0702,-7.3286,64.5615,232.0584,0.2785,-0.1145,11.3458,63.0304,230.7533,0.273,0.1811
2015-04-26T01:21:59.215Z,5.2626,69.5025,232.14,0.2991,0.0755,-7.8146,60.3642,231.982,0.2604,-0.13,11.2648,62.3119,230.5534,0.2703,0.1827
2015-04-26T01:22:59.360Z,4.6934,70.007,232.6051,0.301,0.0675,-7.4009,62.2039,232.1696,0.2679,-0.124,11.1357,59.4032,230.3376,0.2579,0.1918
2015-04-26T01:23:59.532Z,5.3253,70.3113,232.7585,0.3019,0.0757,-7.1582,63.412,232.4935,0.2729,-0.1131,11.5454,64.7681,230.6187,0.2808,0.1793
2015-04-26T01:24:59.118Z,5.5334,70.0812,232.9954,0.3009,0.0794,-7.3844,64.8472,232.4279,0.279,-0.1163,11.1979,63.3573,230.5237,0.2748,0.1766
2015-04-26T01:25:59.672Z,6.4066,69.4711,232.8564,0.2983,0.0932,-6.9048,62.5438,232.4939,0.2689,-0.1114,11.4472,64.6584,231.7028,0.2789,0.1779
2015-04-26T01:26:59.965Z,6.9231,70.1936,232.4971,0.3023,0.0999,-7.6337,63.9545,232.5743,0.2749,-0.1196,11.8242,62.4467,231.8746,0.2687,0.1907
2015-04-26T01:27:59.553Z,6.9257,69.8471,232.3183,0.3003,0.1012,-7.7062,62.4146,232.4406,0.2682,-0.129,11.3967,61.878,231.7247,0.2672,0.1892
2015-04-26T01:28:59.571Z,6.6904,69.2146,232.6365,0.2977,0.098,-7.1767,63.2458,232.418,0.2721,-0.1165,11.6989,64.0222,232.0966,0.2756,0.1843
2015-04-26T01:29:59.571Z,6.8864,69.1593,231.9851,0.2986,0.1013,-8.2468,64.0651,232.4779,0.2756,-0.13,11.6509,63.4201,231.2189,0.2745,0.1837
2015-04-26T01:30:59.777Z,6.7623,70.2074,232.2721,0.3024,0.0975,-7.4838,62.6948,232.8742,0.2684,-0.1203,11.466,63.8303,231.9789,0.2754,0.1796
2015-04-26T01:31:59.955Z,6.7582,71.1612,232.3021,0.3059,0.0951,-7.6696,63.0413,232.7292,0.2708,-0.1229,11.2147,63.6359,231.9733,0.274,0.1756
2015-04-26T01:32:59.587Z,6.6539,68.5612,231.9617,0.2959,0.1001,-8.1929,62.3944,232.1712,0.2694,-0.1386,11.8304,63.5756,231.6422,0.2741,0.1886
2015-04-26T01:33:59.268Z,6.2398,70.1577,232.4866,0.3019,0.091,-7.9064,62.2311,232.1489,0.2684,-0.1295,11.4153,63.8659,232.2633,0.2748,0.1835
2015-04-26T01:34:59.583Z,6.7085,70.6565,232.601,0.3043,0.0946,-7.5942,63.9251,231.8999,0.2759,-0.1209,11.388,64.3678,232.1437,0.2777,0.1774
2015-04-26T01:35:59.888Z,6.5998,69.9493,232.6357,0.3003,0.0961,-7.4422,63.3138,232.4518,0.2728,-0.1214,11.7863,65.2443,232.1117,0.2811,0.1815
2015-04-26T01:36:59.284Z,6.7794,70.5258,232.3757,0.303,0.0976,-7.6783,63.7027,232.5475,0.2743,-0.1225,11.6557,65.5704,231.8225,0.2827,0.179
2015-04-26T01:37:59.951Z,6.4024,69.1518,232.5933,0.2974,0.0942,-7.7189,61.1135,232.6497,0.2633,-0.129,10.7711,61.9649,232.0742,0.267,0.1777
2015-04-26T01:38:59.105Z,6.9288,72.1736,232.1364,0.3109,0.0954,-8.0394,60.8389,232.4457,0.2617,-0.1313,11.7208,61.9254,232.9991,0.2656,0.1889
2015-04-26T01:39:59.331Z,6.4838,70.5703,232.3282,0.3038,0.0932,-7.7475,62.9224,232.4709,0.271,-0.1264,11.8804,65.0335,232.8825,0.279,0.184
2015-04-26T01:40:59.547Z,6.4866,70.1302,232.5142,0.3017,0.093,-7.6454,65.0183,232.4142,0.2804,-0.1215,11.837,64.2396,233.2559,0.2753,0.184
2015-04-26T01:41:59.886Z,6.5224,69.7642,232.6712,0.2993,0.0952,-8.4232,62.1863,232.4046,0.2677,-0.1389,11.0874,65.8632,233.4889,0.2823,0.1699
2015-04-26T01:42:59.059Z,6.9362,70.2928,232.2346,0.3027,0.1013,-7.6004,62.6424,232.3054,0.2694,-0.1243,11.469,63.9028,232.8634,0.2742,0.1797
2015-04-26T01:43:59.447Z,6.9962,69.5679,231.81,0.3005,0.1008,-7.848,64.7585,232.4255,0.2782,-0.1227,11.5507,65.4595,232.2084,0.2816,0.1779
2015-04-26T01:44:59.140Z,6.9842,69.7311,232.4166,0.2993,0.1007,-7.2042,63.8813,232.6333,0.2749,-0.1149,11.712,63.9612,232.294,0.2755,0.1833
2015-04-26T01:45:59.999Z,6.6686,69.3654,232.6913,0.2979,0.0975,-7.8985,61.4504,232.6912,0.2638,-0.1293,11.5922,63.595,232.5209,0.2735,0.1838
2015-04-26T01:46:59.387Z,6.2733,71.2856,232.8136,0.3061,0.088,-7.6504,66.2999,233.1627,0.2846,-0.1188,11.5267,64.1837,232.8588,0.2757,0.1804
2015-04-26T01:47:59.894Z,6.3934,69.7815,232.4611,0.3003,0.0936,-8.2551,60.1984,232.8109,0.2587,-0.1395,11.4462,61.8327,232.6379,0.2663,0.1873
2015-04-26T01:48:59.147Z,6.8493,70.2686,231.8309,0.3029,0.0981,-7.7671,63.123,231.7061,0.2724,-0.1261,11.4929,63.415,231.2912,0.2739,0.1813
2015-04-26T01:49:59.506Z,6.4685,69.8203,231.7258,0.3012,0.0936,-7.9923,62.844,231.6513,0.2711,-0.1286,11.63,64.6319,231.2573,0.28,0.1799
2015-04-26T01:50:59.456Z,6.7863,71.6999,231.8588,0.3092,0.0951,-7.7801,61.7232,231.6045,0.2666,-0.127,11.5792,64.5103,231.4248,0.2786,0.18
2015-04-26T01:51:59.822Z,6.4637,69.809,231.5087,0.3011,0.094,-7.2097,62.9223,231.3257,0.2722,-0.1186,11.4226,62.8711,231.3799,0.2713,0.1853
2015-04-26T01:52:59.182Z,7.0327,69.5032,231.5454,0.3,0.1017,-7.6207,62.931,231.7006,0.2713,-0.1243,11.1503,63.2319,232.1176,0.2724,0.1789
2015-04-26T01:53:59.802Z,7.1917,70.3782,231.3283,0.3038,0.1009,-7.621,63.788,231.5662,0.2754,-0.121,11.6191,64.4974,231.9821,0.278,0.1815
2015-04-26T01:54:59.770Z,6.8519,70.1826,231.1089,0.3034,0.0984,-7.4243,62.3593,230.9774,0.2698,-0.1207,11.1625,64.3685,232.3249,0.2767,0.174
2015-04-26T01:55:59.940Z,6.7262,69.2997,230.652,0.3003,0.0984,-7.7945,62.0812,230.5908,0.269,-0.1266,11.2177,64.427,232.431,0.2768,0.1747
2015-04-26T01:56:59.228Z,6.907,68.0826,230.9896,0.2947,0.1038,-8.0337,59.9933,231.0562,0.2593,-0.1381,11.0702,62.8188,233.2051,0.2697,0.1799
2015-04-26T01:57:59.370Z,7.2845,70.1537,229.6995,0.3052,0.1044,-7.7254,62.1021,231.5674,0.2679,-0.1257,11.0563,62.9395,233.0853,0.2693,0.1755
2015-04-26T01:58:59.811Z,6.1002,69.1438,229.582,0.3011,0.0902,-7.8712,63.7979,231.3234,0.2761,-0.1261,11.6454,63.4187,233.0248,0.2725,0.1858
2015-04-26T01:59:59.012Z,6.6559,69.7219,230.2471,0.3027,0.098,-7.7666,62.8277,231.4899,0.2711,-0.126,11.6581,64.0363,232.7473,0.2752,0.1828
