2015-03-07T00:00:59.859Z,6.3793,71.9285,232.4818,0.3092,0.0901,-7.004,66.6596,231.5214,0.2881,-0.1089,90.7268,113.9069,233.7219,0.488,0.7974
2015-03-07T00:01:59.134Z,6.3169,74.4338,231.549,0.3213,0.0873,-7.4069,68.3267,232.8161,0.2935,-0.112,91.3718,114.1897,234.559,0.4865,0.8006
2015-03-07T00:02:59.486Z,6.8022,72.7523,231.1963,0.3143,0.0961,-7.8042,67.5659,232.3682,0.2911,-0.1196,91.4292,114.9466,234.0627,0.4905,0.7962
2015-03-07T00:03:59.280Z,5.504,73.6443,231.6401,0.3179,0.0757,-7.8086,68.9408,232.4352,0.2964,-0.1147,90.4056,113.3409,233.2844,0.4863,0.7982
2015-03-07T00:04:59.585Z,6.5443,74.7703,232.3501,0.322,0.0881,-7.2224,67.7769,230.28,0.2938,-0.1085,91.8453,114.5975,234.6284,0.4882,0.8011
2015-03-07T00:05:59.669Z,5.8057,73.6009,231.4691,0.3179,0.0811,-7.4652,66.7371,230.013,0.2903,-0.1134,92.3878,115.1589,234.9342,0.4899,0.8026
2015-03-07T00:06:59.978Z,6.398,75.5601,231.501,0.3264,0.0852,-7.1124,67.2928,232.4599,0.2899,-0.1055,91.9179,114.7798,234.127,0.49,0.8016
2015-03-07T00:07:59.087Z,6.4896,73.092,231.8434,0.3155,0.0897,-6.4901,66.3017,232.6648,0.2846,-0.1019,91.531,114.3236,233.8346,0.4891,0.8015
2015-03-07T00:08:59.503Z,7.8284,74.2199,231.7935,0.3198,0.1065,-7.1356,69.6379,231.7014,0.3007,-0.1038,91.4619,114.2326,233.6957,0.4887,0.8021
2015-03-07T00:09:59.781Z,7.6696,74.5288,231.0263,0.3228,0.1054,-7.2779,67.9932,230.6949,0.2949,-0.109,91.6348,113.7402,233.7205,0.4873,0.8059
2015-03-07T00:10:59.029Z,6.5563,74.4763,231.1467,0.3222,0.0882,-7.0749,67.2049,230.8121,0.2915,-0.1058,91.668,115.3933,234.1626,0.4933,0.7958
2015-03-07T00:11:59.725Z,6.5495,75.1966,231.5818,0.3245,0.0878,-8.1286,67.2951,232.5338,0.2896,-0.122,91.4964,114.1073,234.7645,0.4862,0.8024
2015-03-07T00:12:59.519Z,7.3163,74.2967,231.7714,0.3208,0.0998,-6.5979,66.7274,231.9763,0.2881,-0.1037,91.9527,115.7523,234.4801,0.4942,0.7956
2015-03-07T00:13:59.922Z,6.8746,73.7231,232.092,0.3179,0.0934,-7.2851,68.82,232.1247,0.296,-0.1089,91.6482,114.5968,234.343,0.4896,0.8002
2015-03-07T00:14:59.131Z,6.6584,73.9356,233.3839,0.3159,0.0923,-7.664,66.5433,231.9206,0.2866,-0.1183,91.4808,113.8586,234.108,0.4858,0.8039
2015-03-07T00:15:59.522Z,6.9353,75.4347,233.6864,0.323,0.0922,-6.9963,67.0985,230.0398,0.2916,-0.1069,92.1009,114.6495,235.0103,0.4881,0.8042
2015-03-07T00:16:59.981Z,6.1841,74.3136,234.4687,0.3168,0.0832,-7.9871,65.9317,230.1525,0.2867,-0.1223,92.1799,115.9838,235.6887,0.4923,0.7955
2015-03-07T00:17:59.875Z,6.658,73.3247,233.0989,0.3142,0.092,-7.1709,67.9659,231.5579,0.2934,-0.1093,91.5244,114.9154,233.8691,0.4912,0.7977
2015-03-07T00:18:59.193Z,6.9802,74.857,231.4752,0.3232,0.0941,-7.6371,67.5631,230.4467,0.2931,-0.1134,89.9358,112.9108,232.3694,0.4859,0.7971
2015-03-07T00:19:59.815Z,5.8464,73.4635,231.1691,0.3177,0.0801,-7.1073,66.2334,230.072,0.2887,-0.1091,89.882,113.5078,232.4182,0.488,0.793
2015-03-07T00:20:59.834Z,6.8102,74.3715,231.1927,0.3211,0.0926,-7.847,67.6375,230.0835,0.2942,-0.1169,90.237,112.0649,232.7631,0.4805,0.8056
2015-03-07T00:21:59.153Z,6.8981,73.5603,232.0871,0.3172,0.0948,-7.7352,67.649,231.1496,0.2925,-0.114,90.7954,113.6075,232.646,0.4879,0.7993
2015-03-07T00:22:59.405Z,6.8629,73.5582,232.3855,0.3164,0.0947,-7.3349,65.6845,231.2095,0.2845,-0.113,90.9542,113.4464,232.7547,0.4874,0.8024
2015-03-07T00:23:59.897Z,5.8185,74.7211,232.1912,0.3221,0.0796,-7.4066,67.3771,231.1857,0.2916,-0.1101,90.097,113.1468,232.1852,0.487,0.7971
2015-03-07T00:24:59.650Z,6.5257,73.8657,232.4452,0.3181,0.089,-7.6685,65.9965,231.6402,0.2851,-0.1184,90.2693,113.2551,232.6025,0.4874,0.7976
2015-03-07T00:25:59.803Z,6.261,74.7002,232.3122,0.3213,0.0842,-7.24,67.7605,231.1664,0.2931,-0.1085,90.0331,113.8393,232.3554,0.4899,0.7913
2015-03-07T00:26:59.129Z,6.3164,74.0654,232.471,0.3186,0.0877,-7.5039,68.2548,231.7902,0.2939,-0.1109,90.7373,113.9838,232.9039,0.4892,0.7974
2015-03-07T00:27:59.457Z,7.1292,73.5932,232.1127,0.3171,0.0991,-7.8252,66.418,231.439,0.2869,-0.1207,90.0354,113.496,232.6421,0.4877,0.7945
2015-03-07T00:28:59.928Z,6.7172,74.0549,232.2023,0.3187,0.0918,-7.7814,65.6686,232.1095,0.2833,-0.1178,90.6612,112.1466,233.8053,0.4799,0.8089
2015-03-07T00:29:59.147Z,6.8951,74.5448,231.3403,0.3216,0.0929,-7.8972,65.9783,232.2171,0.2843,-0.1197,90.9461,113.979,233.1671,0.4888,0.7993
2015-03-07T00:30:59.592Z,6.0377,74.673,232.355,0.3213,0.0832,-7.6437,66.9363,232.6683,0.2879,-0.1128,90.8809,113.6659,234.2007,0.4846,0.8003
2015-03-07T00:31:59.851Z,7.1466,74.5786,232.2615,0.3211,0.0962,-7.4967,68.7846,232.7636,0.2951,-0.1102,92.3948,116.0457,234.7605,0.4941,0.7964
2015-03-07T00:32:59.169Z,6.5603,73.3703,232.4874,0.3158,0.0908,-7.5454,67.0796,232.7753,0.2878,-0.1138,91.7274,115.6118,234.9154,0.4921,0.794
2015-03-07T00:33:59.198Z,5.8882,75.6377,233.0766,0.3243,0.0795,-8.0119,67.7976,233.3431,0.2902,-0.1219,92.199,115.292,235.2738,0.4905,0.8
2015-03-07T00:34:59.445Z,6.7018,74.4578,233.349,0.3188,0.0919,-7.591,67.2618,233.5792,0.2879,-0.1165,92.1315,114.6931,234.904,0.4884,0.8043
2015-03-07T00:35:59.934Z,6.6203,73.7561,233.2108,0.3163,0.0902,-7.3535,68.4728,232.9051,0.2943,-0.112,92.0734,115.2986,234.8912,0.4912,0.7992
2015-03-07T00:36:59.650Z,7.2492,74.2741,233.5329,0.3178,0.0974,-7.7723,69.064,230.4081,0.2996,-0.1131,92.9617,116.1277,236.079,0.492,0.8016
2015-03-07T00:37:59.956Z,6.1143,75.0668,233.1287,0.3215,0.0811,-7.3945,68.623,232.7286,0.2952,-0.1102,91.8586,115.4886,234.6379,0.492,0.7967
2015-03-07T00:38:59.265Z,6.2471,75.6431,233.1871,0.3239,0.0827,-7.4851,69.3549,233.0193,0.2976,-0.1088,91.7008,113.6179,234.0676,0.4854,0.808
2015-03-07T00:39:59.469Z,5.8718,75.0865,232.9562,0.3223,0.0785,-7.7232,67.5179,233.3096,0.2889,-0.1159,90.6664,114.1588,233.1618,0.4891,0.7947
2015-03-07T00:40:59.740Z,7.2876,73.8378,233.2007,0.3165,0.0976,-8.0442,68.778,233.1984,0.2954,-0.1189,92.061,115.0385,234.5053,0.4908,0.801
2015-03-07T00:41:59.422Z,5.9977,75.54,233.2592,0.3236,0.0786,-7.3882,66.5623,233.2509,0.2851,-0.1124,92.3621,114.5477,234.5456,0.4884,0.8071
2015-03-07T00:42:59.703Z,7.1043,74.5611,232.4593,0.3207,0.0963,-8.0702,69.2508,233.6068,0.2966,-0.1177,91.7628,115.1111,234.3443,0.4914,0.798
2015-03-07T00:43:59.941Z,6.3331,75.48,232.5,0.3244,0.0855,-7.2313,67.7601,233.6618,0.2896,-0.109,91.5047,114.7752,234.0852,0.4904,0.7987
2015-03-07T00:44:59.575Z,6.7058,72.6722,232.4229,0.3127,0.0937,-7.5832,66.3746,233.7217,0.2841,-0.1147,90.8668,114.2846,234.2183,0.4878,0.7958
2015-03-07T00:45:59.891Z,6.0804,73.8297,232.912,0.3171,0.083,-7.6841,69.9991,233.9662,0.299,-0.1138,91.971,114.6161,234.3727,0.4887,0.8024
2015-03-07T00:46:59.158Z,6.3253,75.2853,232.3976,0.3239,0.0849,-7.1737,68.6585,234.2488,0.2928,-0.1045,91.6009,114.5816,234.1054,0.4893,0.7997
2015-03-07T00:47:59.763Z,6.0432,73.1757,231.4462,0.3158,0.0826,-7.9196,67.3651,233.7546,0.2882,-0.1184,91.0924,114.1283,234.0039,0.4877,0.7995
2015-03-07T00:48:59.422Z,6.6029,73.4331,231.6896,0.3169,0.0909,-7.4457,66.3068,234.0616,0.2837,-0.1159,91.7724,113.3706,233.9747,0.4844,0.8106
2015-03-07T00:49:59.701Z,6.0605,74.0088,232.1326,0.3187,0.0829,-7.2945,67.99,232.7872,0.2922,-0.1098,90.4759,113.8534,233.1136,0.4883,0.7951
2015-03-07T00:50:59.161Z,5.8357,73.7568,232.033,0.3179,0.0798,-7.2496,68.0947,233.4342,0.2916,-0.1097,90.998,114.1061,233.1344,0.4894,0.7986
2015-03-07T00:51:59.668Z,5.9784,73.3279,231.9654,0.3165,0.0824,-7.8838,67.363,234.2916,0.2878,-0.1179,91.7771,115.3602,234.0593,0.4926,0.7963
2015-03-07T00:52:59.246Z,5.7845,74.0751,232.1866,0.3188,0.0797,-6.6604,66.0837,235.024,0.2815,-0.1049,91.7249,114.1985,234.1969,0.4878,0.804
2015-03-07T00:53:59.553Z,5.6854,73.9709,232.6341,0.3179,0.0785,-7.5752,69.1343,234.4842,0.295,-0.1109,91.7521,114.0575,234.3191,0.4868,0.8049
2015-03-07T00:54:59.067Z,7.3622,74.0939,232.0478,0.3192,0.1004,-7.5179,67.6317,233.8739,0.2892,-0.1127,92.7217,116.0529,235.0499,0.4934,0.8003
2015-03-07T00:55:59.439Z,6.6535,74.2316,231.9038,0.3203,0.0899,-7.3634,67.7059,232.7316,0.2914,-0.1104,92.3288,115.2898,234.9604,0.491,0.8021
2015-03-07T00:56:59.509Z,6.7848,73.4971,232.2758,0.3164,0.0958,-7.6732,67.5949,232.9231,0.2905,-0.1142,92.3162,115.2125,235.0505,0.4901,0.8016
2015-03-07T00:57:59.705Z,7.276,73.6835,232.093,0.3174,0.0986,-8.0786,66.1144,232.8087,0.2838,-0.1271,91.7211,114.4886,234.7797,0.4876,0.8032
2015-03-07T00:58:59.005Z,6.4966,74.4057,232.5391,0.3206,0.089,-7.8254,68.5118,233.2908,0.2933,-0.1147,91.8656,114.8628,234.7148,0.4896,0.801
2015-03-07T00:59:59.502Z,6.56,74.6148,233.7168,0.3188,0.0877,-7.4511,67.6852,232.2948,0.2918,-0.1119,91.8676,115.0373,234.5441,0.49,0.7988
