2015-04-20T00:00:59.253Z,7.0249,68.0217,234.4168,0.2906,0.1068,-7.4363,61.8559,233.9523,0.264,-0.1274,11.4666,63.6263,233.8932,0.2722,0.1839
2015-04-20T00:01:59.587Z,6.4767,68.6827,234.0707,0.2929,0.0948,-7.3674,61.8863,233.0407,0.2649,-0.126,11.2112,63.2969,233.9878,0.2704,0.1826
2015-04-20T00:02:59.825Z,6.6404,72.0642,233.2217,0.3093,0.0921,-7.7689,64.3021,232.0374,0.2765,-0.1234,11.1996,64.1427,233.1047,0.2753,0.1746
2015-04-20T00:03:59.943Z,7.1492,69.9974,233.2969,0.2999,0.1035,-7.8358,61.7527,232.4589,0.2658,-0.1278,12.103,65.9581,233.648,0.2821,0.1842
2015-04-20T00:04:59.228Z,6.93,70.6842,233.0729,0.3031,0.099,-7.6084,62.6488,232.7588,0.2689,-0.1226,11.5554,64.6417,233.7215,0.2763,0.1791
2015-04-20T00:05:59.453Z,6.6153,70.9313,232.811,0.3043,0.093,-7.6647,62.446,233.697,0.2668,-0.1246,11.6625,62.9072,233.9654,0.2687,0.1853
2015-04-20T00:06:59.781Z,6.7257,69.4833,232.1999,0.2996,0.0977,-7.6008,61.4144,233.568,0.2633,-0.1231,11.4085,64.4902,233.6047,0.2765,0.1758
2015-04-20T00:07:59.138Z,7.0686,70.5789,232.7197,0.3029,0.1001,-7.653,62.5803,234.0004,0.2678,-0.1252,11.4874,65.8394,233.813,0.2811,0.1759
2015-04-20T00:08:59.310Z,6.9825,69.2733,232.4676,0.2979,0.0999,-7.8815,63.2522,233.9137,0.2701,-0.126,11.5124,65.4068,233.7571,0.2803,0.177
2015-04-20T00:09:59.535Z,6.3485,69.1991,231.681,0.2984,0.092,-8.1454,62.9577,232.9156,0.27,-0.1292,11.0778,63.9153,232.7733,0.2744,0.1738
2015-04-20T00:10:59.703Z,7.1392,71.0245,233.6088,0.304,0.101,-7.7557,63.3484,233.5354,0.2715,-0.1257,11.2274,63.877,233.5073,0.2738,0.1758
2015-04-20T00:11:59.012Z,6.0601,70.3961,233.4146,0.3016,0.0873,-7.5506,64.0196,233.458,0.2747,-0.1189,11.3466,65.8306,233.3181,0.2821,0.1753
2015-04-20T00:12:59.400Z,6.8689,69.9607,232.8211,0.3009,0.0996,-7.8801,62.4158,233.4034,0.2674,-0.127,11.7335,65.9012,233.8016,0.2813,0.1788
2015-04-20T00:13:59.659Z,7.4371,70.3446,232.9204,0.3018,0.1073,-7.5893,63.4555,233.4484,0.2715,-0.1225,11.6757,65.7121,233.617,0.2811,0.1797
2015-04-20T00:14:59.939Z,7.0301,69.5974,231.9993,0.2998,0.1011,-7.4784,63.3169,232.3249,0.2719,-0.1203,11.181,64.386,233.1875,0.2762,0.174
2015-04-20T00:15:59.200Z,6.5427,68.6821,231.3794,0.2973,0.0959,-7.6954,62.6041,231.7674,0.2704,-0.126,11.2453,62.7044,233.1619,0.2686,0.1808
2015-04-20T00:16:59.455Z,6.0147,69.2862,231.9571,0.2984,0.0885,-7.4011,62.7964,232.3407,0.2705,-0.1215,11.0085,63.1403,233.6441,0.2701,0.1744
2015-04-20T00:17:59.902Z,6.9329,70.0857,231.8503,0.3022,0.1014,-7.7455,64.9088,232.5112,0.2793,-0.1238,11.6347,64.2138,233.3933,0.2752,0.1813
2015-04-20T00:18:59.253Z,6.9556,69.9882,232.3278,0.3007,0.099,-7.5663,62.5501,233.0159,0.2681,-0.1232,11.7661,63.9702,233.9832,0.2732,0.1842
2015-04-20T00:19:59.471Z,7.2027,70.5698,232.4288,0.304,0.1029,-7.84,64.041,233.0555,0.2743,-0.1231,11.25,64.5081,234.1711,0.2756,0.1762
2015-04-20T00:20:59.755Z,7.2279,69.3248,232.4298,0.2986,0.1058,-7.6005,63.3816,233.1204,0.2724,-0.1208,12.1944,64.6568,234.5187,0.2759,0.1895
2015-04-20T00:21:59.129Z,6.6767,69.9382,232.374,0.3014,0.0957,-7.6416,64.3304,233.3922,0.2757,-0.1198,11.3902,64.5368,234.2414,0.2756,0.1771
2015-04-20T00:22:59.380Z,6.8474,69.4722,232.0738,0.2992,0.099,-7.7874,63.527,233.0103,0.273,-0.1223,11.5146,64.7091,233.9045,0.2765,0.1782
2015-04-20T00:23:59.592Z,6.4893,68.9542,231.0997,0.2985,0.0945,-7.3673,62.654,232.2628,0.2697,-0.1184,11.2973,63.8872,233.1421,0.274,0.178
2015-04-20T00:24:59.734Z,6.9476,68.7968,230.6571,0.298,0.1032,-7.3857,62.566,231.796,0.27,-0.1224,11.6191,65.7884,232.7475,0.2826,0.1768
2015-04-20T00:25:59.942Z,6.82,69.2952,230.9213,0.3,0.098,-8.2845,61.4863,231.554,0.2659,-0.1364,11.5293,63.3922,232.8685,0.2723,0.1869
2015-04-20T00:26:59.283Z,6.3234,69.9472,230.7683,0.303,0.0894,-7.4437,62.0742,231.0027,0.2684,-0.1211,11.754,64.3072,232.578,0.2764,0.1831
2015-04-20T00:27:59.593Z,6.4074,69.1081,230.6591,0.299,0.0945,-7.5534,62.3825,230.8049,0.27,-0.1211,11.3429,64.2729,232.4597,0.2766,0.1774
2015-04-20T00:28:59.973Z,6.7526,69.7023,231.0699,0.3015,0.098,-7.2823,62.7236,231.4272,0.2714,-0.1167,11.4203,64.5868,232.357,0.2782,0.1785
2015-04-20T00:29:59.295Z,6.9368,68.6352,231.184,0.2963,0.1011,-7.5028,62.4386,231.6586,0.2694,-0.1204,11.4149,63.5094,232.1589,0.2737,0.18
2015-04-20T00:30:59.537Z,5.1219,68.5654,231.0478,0.2965,0.0751,-7.2129,63.3534,231.7162,0.2738,-0.1144,11.4962,65.1567,231.827,0.2807,0.1781
2015-04-20T00:31:59.756Z,5.0179,70.3535,231.4067,0.3041,0.0709,-7.1524,63.5212,232.0884,0.2731,-0.1145,11.6331,63.9138,232.472,0.2745,0.1832
2015-04-20T00:32:59.983Z,5.2607,68.9697,231.0826,0.2989,0.0766,-7.5425,61.9983,231.7561,0.2676,-0.1226,12.2515,64.6035,232.1671,0.2779,0.1916
2015-04-20T00:33:59.266Z,5.0576,70.3817,231.0987,0.3047,0.0731,-6.991,63.0066,232.1318,0.2716,-0.1134,10.8168,64.0892,232.1732,0.2756,0.1693
2015-04-20T00:34:59.593Z,5.2346,68.3399,231.1727,0.2963,0.0781,-7.2098,62.2149,232.0159,0.2686,-0.1171,11.0769,62.0057,231.9641,0.2674,0.1788
2015-04-20T00:35:59.818Z,5.0932,68.5607,230.3452,0.2974,0.0742,-7.0879,62.6719,232.1774,0.2697,-0.1156,11.7941,64.8374,231.8447,0.2788,0.1813
2015-04-20T00:36:59.048Z,5.3402,69.0611,230.0309,0.3001,0.0778,-7.6878,62.5921,232.4662,0.2693,-0.1223,11.1063,63.8958,232.5231,0.2749,0.1743
2015-04-20T00:37:59.426Z,5.2649,69.2493,230.2744,0.3003,0.0749,-7.2632,62.259,231.3255,0.2693,-0.1193,10.9566,62.8944,232.4018,0.2703,0.1751
2015-04-20T00:38:59.685Z,5.0177,68.6672,230.4871,0.2982,0.075,-7.1278,62.7835,231.2365,0.2712,-0.1135,10.8916,63.8863,232.2651,0.2749,0.1729
2015-04-20T00:39:59.037Z,5.567,70.2731,230.5981,0.3049,0.0803,-7.0522,62.1011,230.5967,0.2699,-0.115,11.6467,64.8409,232.0122,0.28,0.179
2015-04-20T00:40:59.367Z,5.2143,68.7833,230.3736,0.2987,0.0764,-7.6046,62.6248,230.5365,0.2718,-0.1235,11.1127,64.0467,231.9531,0.2766,0.1741
2015-04-20T00:41:59.583Z,5.0766,68.4529,229.8691,0.2971,0.077,-7.0062,63.1434,230.8332,0.2737,-0.1131,11.0895,64.4426,231.7065,0.2779,0.1735
2015-04-20T00:43:59.583Z,5.317,68.7248,230.5336,0.298,0.0774,-7.2794,62.8701,231.0796,0.2719,-0.1176,11.2874,63.6892,231.0979,0.2755,0.1785
2015-04-20T00:44:59.952Z,5.0587,69.6985,230.2733,0.3027,0.0726,-7.1813,62.1771,231.2802,0.2691,-0.1158,11.3775,63.2607,231.4666,0.2736,0.1799
2015-04-20T00:45:59.172Z,5.3499,68.5889,230.5879,0.2971,0.0773,-7.6702,61.5558,232.0107,0.2654,-0.1266,11.1367,63.4587,231.8066,0.2738,0.1773
2015-04-20T00:46:59.445Z,5.5454,68.1823,230.4591,0.296,0.0821,-7.1843,62.8315,231.7355,0.2711,-0.1167,11.1432,65.4742,231.5668,0.2828,0.1708
2015-04-20T00:47:59.625Z,5.2479,68.496,231.4154,0.296,0.0771,-7.5036,63.4588,232.2175,0.273,-0.1197,11.1653,63.2955,232.3901,0.2718,0.1769
2015-04-20T00:48:59.792Z,5.2622,70.3227,231.2019,0.304,0.0763,-7.4904,62.0436,231.8868,0.2676,-0.1222,11.6084,64.6811,232.0722,0.2789,0.1793
2015-04-20T00:49:59.061Z,5.7206,69.9724,231.5327,0.3017,0.0811,-7.3254,63.0889,231.938,0.2713,-0.1188,11.5057,62.989,231.8898,0.2712,0.1848
2015-04-20T00:50:59.331Z,5.8541,70.4502,231.5608,0.3045,0.0841,-7.6658,61.9209,228.493,0.2708,-0.1247,11.2315,64.9435,233.0779,0.279,0.1736
2015-04-20T00:51:59.555Z,5.468,68.2178,231.1658,0.2949,0.0814,-7.4033,61.416,227.4288,0.2703,-0.1225,11.4633,63.946,232.5949,0.2743,0.1802
2015-04-20T00:52:59.821Z,5.3549,69.3532,230.2501,0.3014,0.078,-7.0116,61.498,230.179,0.2676,-0.1166,11.1942,62.5565,231.4787,0.2704,0.1788
2015-04-20T00:53:59.029Z,5.3073,69.3174,230.0297,0.3014,0.0769,-7.1111,63.1064,230.8562,0.273,-0.1153,11.1333,65.487,231.0193,0.2837,0.1697
2015-04-20T00:54:59.429Z,5.3107,69.6674,230.5331,0.3022,0.0775,-7.403,62.95,231.4647,0.2714,-0.1173,11.4218,63.871,231.3871,0.2764,0.1792
2015-04-20T00:55:59.716Z,5.1303,68.5775,230.7967,0.2967,0.076,-7.2295,62.3796,231.9526,0.2686,-0.1197,11.4221,62.8411,231.7002,0.2711,0.1877
2015-04-20T00:57:59.349Z,5.1039,69.8997,231.6224,0.3014,0.0741,-7.3425,63.2701,232.6468,0.2722,-0.1173,11.5422,63.4644,232.5397,0.2731,0.1828
2015-04-20T00:58:59.480Z,4.5943,69.741,230.5973,0.3029,0.0659,-7.4187,62.5267,233.1893,0.2678,-0.1192,11.0073,63.2901,232.3769,0.2721,0.1753
2015-04-20T00:59:59.679Z,4.7331,69.6636,230.601,0.3018,0.0693,-7.8452,63.6382,233.3677,0.2724,-0.1252,12.0458,65.5401,232.2941,0.282,0.1854
