2015-01-07T00:00:59.085Z,5.3572,69.2053,231.5318,0.2983,0.0797,2.8996,62.6216,232.3889,0.269,0.0462,82.1382,102.4347,231.6567,0.4427,0.8028
2015-01-07T00:01:59.266Z,5.4745,70.5336,231.2675,0.3049,0.0783,2.5592,63.6975,232.1907,0.2743,0.0402,81.8893,102.8968,231.6611,0.4442,0.7958
2015-01-07T00:02:59.573Z,4.9325,70.8275,231.8422,0.3056,0.0698,2.3403,61.9145,232.4551,0.2664,0.0384,81.8295,102.6647,231.646,0.4425,0.7978
2015-01-07T00:03:59.008Z,5.0872,70.4046,231.7244,0.3037,0.0722,2.3326,62.7657,232.0937,0.2709,0.039,81.323,102.7668,231.6604,0.4437,0.7919
2015-01-07T00:04:59.253Z,5.6222,70.099,231.8044,0.3026,0.0815,2.4388,62.5007,231.2447,0.2704,0.0395,81.4678,103.3942,231.4216,0.4468,0.7886
2015-01-07T00:05:59.613Z,5.1329,69.772,231.1468,0.3018,0.0752,2.3116,63.5223,230.7828,0.2748,0.0358,81.1408,103.1671,231.12,0.4464,0.7864
2015-01-07T00:06:59.966Z,4.878,69.0732,230.5593,0.2997,0.0718,2.5953,65.1253,230.9511,0.282,0.0407,82.1712,103.6755,231.3959,0.4475,0.7934
2015-01-07T00:07:59.359Z,4.7323,70.5113,231.3287,0.3047,0.0689,2.5327,64.6417,232.2451,0.2782,0.0406,81.4481,103.1104,231.0629,0.4466,0.7904
2015-01-07T00:08:59.651Z,5.2224,69.8763,231.0681,0.3029,0.0755,2.8323,62.3704,231.9754,0.2689,0.0464,81.1865,102.9353,230.9086,0.4464,0.7899
2015-01-07T00:09:59.898Z,5.6889,70.4898,231.4254,0.3046,0.082,2.4049,63.2185,232.0933,0.2722,0.0368,81.8244,102.7425,231.0277,0.4448,0.7973
2015-01-07T00:10:59.566Z,4.6226,70.4901,231.9064,0.3033,0.066,2.4597,62.8689,232.0058,0.2713,0.039,81.4658,103.7641,231.3251,0.4482,0.7863
2015-01-07T00:11:59.869Z,4.8112,70.6234,231.4551,0.3054,0.0682,2.7254,62.6235,232.1609,0.27,0.0431,81.8969,103.6054,231.8208,0.4468,0.7909
2015-01-07T00:12:59.158Z,5.3838,69.9646,231.4523,0.3021,0.0777,2.428,64.7,232.4181,0.2787,0.0369,82.4423,104.5721,232.0386,0.4506,0.7889
2015-01-07T00:13:59.538Z,5.6958,70.0649,231.3601,0.3026,0.0821,2.6755,63.1308,232.6098,0.2711,0.0438,82.3765,103.9927,231.9155,0.4487,0.7933
2015-01-07T00:14:59.405Z,5.4254,69.6468,231.6942,0.3001,0.0793,2.68,64.6149,232.5664,0.2775,0.0427,82.1193,103.4743,231.8157,0.446,0.7938
2015-01-07T00:15:59.734Z,5.3139,71.2203,231.3161,0.3075,0.0762,2.6843,64.5303,231.8443,0.2786,0.041,81.2475,103.2701,230.9132,0.4472,0.7882
2015-01-07T00:16:59.966Z,5.4967,70.1571,230.7353,0.304,0.0789,2.2487,63.0255,232.3335,0.2714,0.036,80.7515,102.8035,230.7609,0.4457,0.7866
2015-01-07T00:17:59.266Z,5.3738,70.1342,231.4616,0.303,0.0774,2.7571,65.3018,233.1967,0.2799,0.0418,81.8372,103.9721,231.8693,0.4489,0.7881
2015-01-07T00:18:59.687Z,5.2248,69.4467,230.983,0.3004,0.0766,2.8135,64.881,233.6107,0.2778,0.0436,82.2459,103.597,232.0627,0.4466,0.7955
2015-01-07T00:19:59.148Z,5.3993,70.7306,230.5402,0.3067,0.0764,2.6039,64.7469,233.535,0.2772,0.0393,82.0949,103.667,232.0618,0.4466,0.7924
2015-01-07T00:20:59.338Z,4.9327,69.8601,230.5403,0.303,0.0716,2.374,63.2409,233.4686,0.2711,0.0386,82.3561,104.526,232.3232,0.4498,0.7884
2015-01-07T00:21:59.780Z,4.9316,70.3727,230.9387,0.3046,0.0707,2.3086,63.1448,233.4691,0.2707,0.0373,81.9278,102.9335,231.8131,0.4443,0.7971
2015-01-07T00:22:59.125Z,5.026,70.6759,232.6236,0.3038,0.0723,2.5638,64.558,233.1854,0.2766,0.0384,81.7602,102.7333,231.8792,0.4428,0.7958
2015-01-07T00:23:59.457Z,5.1687,70.8908,232.3618,0.3043,0.0716,2.1222,63.7392,232.7659,0.2737,0.0341,81.9908,103.8985,231.9568,0.448,0.7904
2015-01-07T00:24:59.913Z,5.2825,71.2668,232.4652,0.3064,0.0765,2.6264,63.1902,229.5124,0.2756,0.0405,82.0602,103.2071,231.8764,0.4452,0.7968
2015-01-07T00:25:59.514Z,4.9038,70.8847,232.0597,0.3056,0.0699,2.176,63.5951,231.49,0.2746,0.0349,81.5815,102.6935,231.0569,0.444,0.7946
2015-01-07T00:26:59.887Z,4.1332,69.0715,230.3973,0.2995,0.0592,2.3409,64.7782,232.834,0.278,0.0382,80.6045,102.0746,229.8052,0.4438,0.7905
2015-01-07T00:27:59.929Z,5.2025,69.4999,231.7273,0.2995,0.0758,2.3351,63.718,233.4742,0.2725,0.0366,81.6718,102.8146,231.2311,0.4445,0.7947
2015-01-07T00:28:59.381Z,5.5009,70.1823,231.8569,0.3027,0.078,2.7103,63.6327,233.7236,0.2714,0.0411,81.7073,102.8814,231.6437,0.4442,0.7953
2015-01-07T00:29:59.817Z,5.2726,69.9786,232.5788,0.3003,0.0758,2.7417,63.6592,232.772,0.2734,0.0438,81.7421,103.4862,231.6325,0.4468,0.7921
2015-01-07T00:30:59.300Z,4.2896,71.1366,232.8842,0.3058,0.0606,2.6054,64.3289,232.2442,0.2779,0.041,81.8538,103.6662,231.4082,0.4479,0.7896
2015-01-07T00:31:59.516Z,5.2599,70.6653,232.5724,0.304,0.0767,2.8878,64.0265,232.7038,0.2751,0.0453,82.3074,104.1389,231.4574,0.4499,0.7911
2015-01-07T00:32:59.835Z,5.0796,71.7078,232.7214,0.3082,0.072,2.7148,64.7879,233.0804,0.2784,0.0388,81.9151,104.02,231.6005,0.4489,0.7886
2015-01-07T00:33:59.565Z,5.1805,68.6284,232.9512,0.2942,0.0786,2.5974,64.1432,233.3653,0.2748,0.0421,82.289,103.9855,231.914,0.448,0.7929
2015-01-07T00:34:59.816Z,4.5403,70.263,232.2198,0.3029,0.0652,2.7226,63.7173,232.6316,0.2745,0.0443,82.0753,103.7186,231.2252,0.4482,0.7925
2015-01-07T00:35:59.748Z,4.8502,70.1916,231.9522,0.3025,0.0692,2.7336,63.8263,232.4426,0.2745,0.0423,81.7752,103.9821,230.9843,0.4505,0.788
2015-01-07T00:36:59.914Z,5.0686,70.4154,232.2131,0.3033,0.0738,2.9576,63.9313,231.0051,0.2764,0.0462,81.2749,102.8786,230.5601,0.4455,0.7916
2015-01-07T00:37:59.660Z,4.8709,71.6463,232.301,0.3084,0.0696,2.1614,64.1158,232.1746,0.2757,0.0338,82.0167,104.0167,231.7743,0.4486,0.7902
2015-01-07T00:38:59.984Z,4.3393,71.2634,232.6266,0.3059,0.0616,2.3759,63.5726,232.201,0.2736,0.0409,81.8589,103.1022,231.7746,0.4449,0.7954
2015-01-07T00:39:59.294Z,4.5271,70.8267,232.612,0.3041,0.0644,2.6612,62.9383,232.4118,0.2712,0.0407,81.9109,102.6856,231.4999,0.4431,0.7986
2015-01-07T00:40:59.003Z,5.2293,71.0201,233.0778,0.3046,0.074,2.5071,63.7456,232.9281,0.2736,0.0384,80.9751,103.1695,230.673,0.4474,0.7862
2015-01-07T00:41:59.310Z,5.2084,70.0352,232.6607,0.301,0.0759,2.6218,64.0196,232.7488,0.2743,0.0399,81.808,102.8621,231.1202,0.4451,0.7958
2015-01-07T00:42:59.841Z,4.5825,70.5245,232.5096,0.303,0.0661,2.7447,64.0484,232.8708,0.2754,0.044,82.5333,104.3428,231.944,0.45,0.7914
2015-01-07T00:43:59.115Z,4.6233,70.4304,232.8562,0.3026,0.0654,2.616,63.9911,232.6284,0.2753,0.0408,82.3893,103.623,232.067,0.4471,0.7964
2015-01-07T00:44:59.259Z,5.0652,69.7467,232.8574,0.2991,0.0735,2.0599,64.2324,232.4192,0.2768,0.034,81.8525,103.1432,231.5314,0.4454,0.7949
2015-01-07T00:45:59.517Z,4.9338,71.3729,232.9797,0.3064,0.0699,2.5919,63.8031,231.7519,0.2755,0.0411,82.0707,104.3641,231.5705,0.451,0.7868
2015-01-07T00:46:59.786Z,5.0089,70.9145,233.5624,0.303,0.071,2.7858,63.2658,229.9589,0.2746,0.0434,81.7815,103.5795,231.3763,0.4477,0.7902
2015-01-07T00:47:59.321Z,5.6891,70.2823,233.6372,0.3008,0.0826,2.2357,62.5534,229.5358,0.272,0.036,83.0107,104.8028,233.1631,0.4492,0.7924
2015-01-07T00:48:59.677Z,5.4301,70.0255,233.3743,0.2996,0.0797,2.4565,63.3948,232.3163,0.2731,0.0382,82.1642,102.7738,232.1277,0.4421,0.8
2015-01-07T00:49:59.373Z,5.6262,71.4463,233.298,0.3063,0.0786,2.3846,64.1915,232.5532,0.2758,0.0377,81.6068,103.8404,231.7447,0.4487,0.7867
2015-01-07T00:50:59.770Z,5.1213,70.6199,232.7014,0.3031,0.0748,2.5185,64.5548,232.5121,0.2778,0.0402,81.8849,103.4243,232.007,0.446,0.7925
2015-01-07T00:51:59.173Z,4.8984,71.2201,232.7359,0.3056,0.0692,2.6507,65.2536,232.2727,0.2809,0.0421,81.9588,103.9864,232.0739,0.4479,0.7891
2015-01-07T00:52:59.458Z,5.0062,70.4161,233.0295,0.3023,0.0716,2.4986,63.7371,232.166,0.2749,0.0402,82.054,103.6746,232.264,0.4466,0.7922
2015-01-07T00:53:59.777Z,5.0466,70.7547,232.9474,0.3035,0.0722,2.3466,62.8659,232.068,0.271,0.0366,81.8186,102.8302,231.7013,0.4441,0.796
2015-01-07T00:54:59.118Z,4.9759,70.4447,231.8896,0.3037,0.0731,3.0241,64.2088,232.1306,0.2771,0.0477,82.0804,102.8383,231.7242,0.4434,0.7998
2015-01-07T00:55:59.761Z,5.1916,71.002,232.0268,0.3062,0.0739,2.653,63.3745,231.7952,0.2739,0.0432,82.0257,103.4442,231.7776,0.446,0.7936
2015-01-07T00:56:59.071Z,5.446,70.4842,231.1609,0.3049,0.0773,2.873,65.5049,231.5417,0.2832,0.0436,82.4672,104.1223,232.3629,0.4482,0.793
2015-01-07T00:57:59.481Z,5.0853,70.3368,231.9651,0.3029,0.0724,2.446,65.8893,232.9648,0.2826,0.0358,82.9118,104.5903,232.6653,0.4493,0.7936
2015-01-07T00:58:59.020Z,4.6293,70.4997,232.2801,0.3035,0.067,3.02,64.6804,232.7416,0.2774,0.0467,82.8663,104.0162,232.6548,0.4469,0.7971
2015-01-07T00:59:59.276Z,5.6805,70.9502,232.5195,0.3056,0.0797,3.0195,63.834,232.9713,0.2738,0.0469,82.5892,103.0388,232.6337,0.4431,0.8018
