2015-05-31T00:00:59.291Z,6.2888,71.5132,231.9279,0.3082,0.0896,-7.6305,68.3069,232.5226,0.2935,-0.1145,12.4278,67.8609,234.5338,0.29,0.1853
2015-05-31T00:01:59.823Z,6.267,74.2323,231.5208,0.3211,0.0854,-7.6483,68.8115,232.6047,0.296,-0.1139,12.3004,69.6329,234.3428,0.2973,0.1771
2015-05-31T00:02:59.870Z,6.5854,74.4237,232.3152,0.3199,0.0877,-7.2633,67.465,232.3739,0.2902,-0.1108,11.8991,70.9889,233.8888,0.3038,0.169
2015-05-31T00:03:59.024Z,6.5646,75.3596,233.0292,0.3234,0.0892,-7.3781,67.7172,231.5041,0.2927,-0.1107,12.3776,69.6703,233.9038,0.2977,0.1798
2015-05-31T00:04:59.785Z,6.739,74.5553,233.276,0.3193,0.0907,-7.5323,67.148,231.489,0.2898,-0.1142,12.1858,70.452,233.9552,0.3009,0.1746
2015-05-31T00:05:59.450Z,6.3458,75.3833,233.0095,0.324,0.0858,-7.8504,66.9091,231.3636,0.2888,-0.1186,11.8688,70.2076,233.696,0.3008,0.1705
2015-05-31T00:06:59.861Z,6.1373,74.9803,232.967,0.3214,0.0822,-7.6138,67.8521,231.44,0.2936,-0.113,12.4046,69.0396,233.6569,0.2951,0.1803
2015-05-31T00:07:59.895Z,6.1931,74.0026,232.9907,0.3177,0.0852,-8.0733,67.5097,231.97,0.291,-0.1213,12.2304,69.1314,233.6141,0.2956,0.1802
2015-05-31T00:08:59.522Z,6.4886,74.4591,232.6776,0.3204,0.0872,-7.2884,68.1436,232.1459,0.2936,-0.111,12.0287,69.6408,233.6681,0.2978,0.1752
2015-05-31T00:09:59.636Z,6.3346,73.6679,232.2148,0.3175,0.0873,-7.5639,68.6772,232.5689,0.2961,-0.1142,12.109,68.991,233.2324,0.296,0.1777
2015-05-31T00:10:59.113Z,6.0236,75.0426,232.1001,0.3237,0.081,-7.6334,68.365,232.6576,0.2934,-0.1133,12.5966,69.282,233.3634,0.2964,0.1821
2015-05-31T00:11:59.194Z,6.8566,74.6885,232.5246,0.3204,0.0924,-7.8988,66.0334,232.9446,0.2834,-0.1188,12.5374,68.2224,233.5099,0.2923,0.1836
2015-05-31T00:12:59.534Z,6.3089,74.2569,232.924,0.3186,0.0855,-7.6747,66.2336,232.9124,0.2841,-0.1177,12.0911,67.1245,233.4921,0.2873,0.1803
2015-05-31T00:13:59.841Z,5.2039,72.707,232.6241,0.3129,0.0718,-7.5404,65.8952,233.331,0.2824,-0.1212,12.1432,68.0358,233.5055,0.2912,0.1812
2015-05-31T00:14:59.357Z,5.6409,74.6939,232.4153,0.3211,0.0762,-7.4179,69.7832,233.3619,0.2987,-0.1088,11.9526,69.6302,233.8159,0.2978,0.1721
2015-05-31T00:15:59.830Z,4.9013,73.9646,232.3389,0.3185,0.0667,-7.258,68.9264,232.9577,0.2964,-0.1077,12.4949,68.4263,233.7703,0.2927,0.1832
2015-05-31T00:16:59.247Z,5.1701,74.6393,231.9663,0.3216,0.0692,-7.7619,68.4189,232.6232,0.2936,-0.1145,12.2552,69.5866,233.6942,0.2974,0.1762
2015-05-31T00:17:59.684Z,5.3527,74.6218,231.9119,0.3215,0.0727,-7.3729,68.8474,232.7156,0.2955,-0.1077,11.8911,67.5888,233.2015,0.2897,0.1811
2015-05-31T00:18:59.982Z,4.8385,73.6805,231.4332,0.318,0.0652,-7.8891,67.9516,233.2907,0.2911,-0.1187,11.5775,69.3699,233.4184,0.297,0.1692
2015-05-31T00:19:59.297Z,6.0811,72.9706,232.004,0.3146,0.0852,-8.0298,68.8194,233.1182,0.2954,-0.1176,12.0139,69.9873,233.0974,0.3006,0.1728
2015-05-31T00:20:59.819Z,6.2609,75.4881,232.7216,0.3245,0.0838,-7.5063,67.3136,232.4982,0.2897,-0.1126,12.2247,68.7282,232.3229,0.2963,0.1791
2015-05-31T00:21:59.962Z,6.3855,73.8788,231.8942,0.3184,0.0874,-8.2898,66.9036,232.6247,0.2874,-0.1259,11.8111,67.3344,232.2167,0.2896,0.1759
2015-05-31T00:22:59.342Z,6.3956,74.3138,231.6426,0.321,0.0863,-7.7183,68.891,232.5813,0.2961,-0.1157,11.2707,68.7799,231.1236,0.2972,0.1646
2015-05-31T00:23:59.337Z,6.3304,73.9818,231.4014,0.3189,0.0866,-7.5535,68.3986,232.5465,0.2945,-0.1119,11.8797,68.8132,231.4384,0.2977,0.1736
2015-05-31T00:24:59.934Z,6.3028,74.2462,231.4611,0.3207,0.0852,-8.0097,69.9649,232.8836,0.3005,-0.116,12.2374,69.2784,232.6126,0.2979,0.1765
2015-05-31T00:25:59.404Z,6.3796,75.1413,232.5201,0.3233,0.0851,-7.4299,67.6527,232.3371,0.2911,-0.1101,11.7029,69.4434,232.8658,0.2978,0.1702
2015-05-31T00:26:59.018Z,6.5458,73.8024,232.6902,0.3169,0.0885,-8.1333,67.2575,232.2743,0.2895,-0.1221,12.1175,69.1664,233.1249,0.2973,0.1749
2015-05-31T00:27:59.233Z,6.5551,74.242,232.8491,0.3192,0.09,-7.9468,65.5335,231.977,0.2829,-0.1219,12.1364,70.5367,233.9385,0.3015,0.1723
2015-05-31T00:28:59.744Z,6.4425,74.5851,232.4597,0.3211,0.0872,-7.8683,69.2353,231.9152,0.2983,-0.1165,11.5362,69.1549,233.4587,0.2965,0.1686
2015-05-31T00:29:59.369Z,5.1016,73.2421,232.8029,0.3146,0.0696,-7.9246,67.0712,232.1936,0.2883,-0.1189,12.2099,69.2021,233.3943,0.2962,0.1778
2015-05-31T00:30:59.495Z,5.3004,74.8191,233.2315,0.3204,0.0711,-7.6551,65.8249,231.3267,0.2845,-0.1176,11.9438,70.5822,233.8239,0.3016,0.1692
2015-05-31T00:31:59.904Z,6.3267,74.2262,233.0448,0.3183,0.0852,-7.7797,67.1257,229.4402,0.2928,-0.1169,12.2804,70.6691,234.8006,0.3006,0.1747
2015-05-31T00:32:59.618Z,6.3204,74.517,233.2113,0.3199,0.0866,-7.9217,67.69,230.2668,0.2943,-0.1179,12.6753,71.0013,234.8219,0.3021,0.1788
2015-05-31T00:33:59.622Z,6.1274,72.487,233.1618,0.3108,0.0863,-8.1323,66.6733,232.5555,0.2867,-0.1265,11.9258,69.759,233.9933,0.2982,0.1747
2015-05-31T00:34:59.041Z,6.1327,75.4233,232.93,0.3237,0.0826,-7.6874,66.7699,232.5917,0.2872,-0.1148,12.1152,69.9214,233.9204,0.2987,0.1737
2015-05-31T00:35:59.174Z,6.4482,74.386,232.7948,0.3197,0.0875,-7.8514,68.5583,232.718,0.2946,-0.1154,12.2282,69.8375,233.7058,0.2986,0.176
2015-05-31T00:36:59.475Z,6.3396,74.5648,232.8188,0.32,0.0852,-7.8605,69.0046,232.933,0.2965,-0.1151,12.3752,70.6081,233.9532,0.3015,0.1756
2015-05-31T00:37:59.920Z,6.6579,73.7148,232.5489,0.3168,0.0904,-7.6042,70.0271,233.0078,0.3005,-0.112,11.8233,69.3759,233.8979,0.2966,0.1705
2015-05-31T00:38:59.003Z,6.2967,74.1226,232.8028,0.3182,0.0844,-8.2144,67.7,232.8701,0.2908,-0.124,12.2958,68.6878,233.7263,0.2938,0.1787
2015-05-31T00:39:59.553Z,6.412,73.6742,232.7149,0.3162,0.0867,-8.0073,69.7261,232.7959,0.2993,-0.1165,12.1771,70.0039,233.5828,0.2999,0.1726
2015-05-31T00:40:59.820Z,6.0288,73.1636,232.4031,0.3144,0.083,-7.5766,67.0518,232.8579,0.2884,-0.1157,12.5618,69.467,233.3715,0.2969,0.1814
2015-05-31T00:41:59.448Z,6.6147,73.8004,232.3197,0.3177,0.0901,-7.8977,67.7186,233.1655,0.2908,-0.1171,12.1327,70.5036,233.3765,0.3025,0.1718
2015-05-31T00:42:59.330Z,6.0829,74.1333,232.3327,0.3192,0.0824,-8.2524,68.6187,233.0251,0.2948,-0.1221,12.3716,68.2911,233.2926,0.2921,0.1808
2015-05-31T00:43:59.806Z,6.031,73.9614,232.136,0.3184,0.0825,-7.7326,67.0477,233.0203,0.2873,-0.1157,12.7627,70.374,232.979,0.3018,0.1813
2015-05-31T00:44:59.193Z,6.2266,74.532,232.2851,0.3208,0.0851,-8.7493,68.3957,233.2146,0.2933,-0.1303,12.1691,70.3072,233.0949,0.3022,0.1734
2015-05-31T00:45:59.977Z,6.2613,74.508,232.1859,0.3208,0.0858,-7.4532,68.0461,232.9071,0.2924,-0.1115,12.3524,69.7203,232.5754,0.2998,0.1776
2015-05-31T00:46:59.422Z,5.9048,73.9276,232.6078,0.3177,0.0821,-7.429,68.1891,233.2042,0.2924,-0.1107,12.3407,69.7039,232.8023,0.299,0.1783
2015-05-31T00:47:59.850Z,6.2584,73.773,232.9423,0.3165,0.0861,-7.8333,68.81,233.5727,0.2947,-0.12,12.039,67.6489,232.8285,0.2903,0.179
2015-05-31T00:48:59.272Z,6.2139,74.0759,232.7997,0.318,0.0862,-7.9711,69.3737,233.4606,0.2972,-0.1182,11.5832,68.0094,232.6959,0.2926,0.1761
2015-05-31T00:49:59.014Z,6.7387,74.9034,233.0214,0.3213,0.0921,-8.0755,68.616,233.4114,0.2942,-0.1197,12.0884,69.267,232.7531,0.2979,0.1749
2015-05-31T00:50:59.924Z,6.2793,73.8368,232.8895,0.3167,0.0857,-7.8813,68.4886,233.28,0.2939,-0.1178,12.1803,69.508,232.5459,0.2986,0.1754
2015-05-31T00:51:59.434Z,4.9161,73.6628,232.273,0.3167,0.0672,-7.454,67.8916,233.7322,0.2902,-0.1111,12.2827,70.0649,232.5638,0.3008,0.1752
2015-05-31T00:52:59.786Z,5.092,73.5758,231.9187,0.3171,0.0707,-7.4065,68.4239,233.9885,0.2922,-0.1118,12.1343,69.7791,232.6554,0.3001,0.1762
2015-05-31T00:53:59.256Z,5.1564,74.2224,231.8952,0.3202,0.0696,-7.2597,68.219,234.0174,0.2914,-0.1084,12.3594,68.7257,232.585,0.2952,0.1807
2015-05-31T00:54:59.815Z,5.4726,74.0937,232.0513,0.3188,0.0739,-7.8452,67.6061,233.8018,0.2893,-0.1182,11.9791,68.0824,232.6022,0.2929,0.1764
2015-05-31T00:55:59.147Z,4.9413,75.0487,233.0732,0.3224,0.066,-7.5657,68.8678,233.7807,0.2947,-0.1107,12.5359,68.9389,232.6093,0.2964,0.1832
2015-05-31T00:56:59.848Z,5.2509,74.8679,232.773,0.3215,0.0691,-7.4153,68.3051,233.4573,0.2923,-0.1091,11.6162,69.7933,232.6955,0.2996,0.1671
2015-05-31T00:57:59.655Z,5.1508,73.1141,232.8288,0.3138,0.0706,-7.4189,67.6307,233.0906,0.2909,-0.114,12.2378,69.8172,233.5957,0.2992,0.1784
2015-05-31T00:58:59.113Z,5.2844,74.3133,232.5623,0.3196,0.0727,-7.6496,69.7257,232.8226,0.2994,-0.1102,11.84,69.3028,233.5414,0.2969,0.17
2015-05-31T00:59:59.457Z,4.7784,75.0953,232.458,0.3232,0.0646,-7.2815,67.6996,231.8363,0.2918,-0.109,11.6558,69.4552,233.595,0.297,0.1696
