2015-02-04T00:01:59.246Z,3.077,73.0752,233.4024,0.3133,0.0429,3.3666,66.0064,231.9957,0.2846,0.0504,34.5899,89.8405,232.4888,0.3865,0.2451
2015-02-04T00:02:59.569Z,3.2896,73.5093,232.4395,0.3164,0.0444,2.8026,66.346,231.918,0.2857,0.0449,3.4691,66.4447,232.5237,0.2859,0.0544
2015-02-04T00:04:59.343Z,3.2036,73.4151,232.4385,0.3157,0.0442,3.3002,65.5457,230.3173,0.2846,0.0493,3.373,66.4977,232.8879,0.2853,0.0508
2015-02-04T00:05:59.635Z,2.2888,74.5638,233.3147,0.32,0.0305,3.2678,65.8379,229.8782,0.2865,0.0498,3.05,67.6459,232.6401,0.2912,0.0445
2015-02-04T00:06:59.984Z,2.5089,74.4751,234.1871,0.318,0.0334,3.2987,65.2411,229.8146,0.284,0.0485,2.9653,67.4041,232.7167,0.2897,0.0454
2015-02-04T00:07:59.269Z,3.5342,73.0938,233.2789,0.3134,0.0509,3.2894,66.0922,230.1648,0.2871,0.05,3.5878,66.6209,232.5117,0.2862,0.0539
2015-02-04T00:08:59.494Z,2.9482,74.5412,232.9309,0.32,0.0397,3.2642,63.9787,230.2591,0.2781,0.051,3.3768,66.7564,232.5725,0.2866,0.0507
2015-02-04T00:09:59.680Z,2.8084,74.2243,232.6355,0.3187,0.0404,3.2502,65.5904,231.0308,0.2843,0.0503,3.4799,66.7518,233.2423,0.2866,0.0529
2015-02-04T00:10:59.748Z,3.1412,73.1236,231.9236,0.3148,0.0442,3.0026,65.2195,231.4204,0.2818,0.0459,3.4044,65.9788,233.5334,0.2833,0.0514
2015-02-04T00:11:59.042Z,3.341,72.7674,232.2249,0.3132,0.0469,2.8794,65.7129,231.1952,0.2838,0.0464,33.9897,90.8251,233.7761,0.3884,0.2358
2015-02-04T00:12:59.328Z,4.6065,72.6679,232.021,0.313,0.0653,2.2699,66.9174,231.252,0.289,0.0363,34.7052,89.193,233.7808,0.382,0.2384
2015-02-04T00:13:59.616Z,5.6432,75.1882,232.7805,0.3226,0.0763,3.2222,67.3874,230.9974,0.2923,0.0492,2.8909,67.2107,233.3886,0.2884,0.0418
2015-02-04T00:14:59.757Z,5.6992,73.1836,233.014,0.3141,0.0796,2.6383,66.2447,231.1003,0.2866,0.0399,3.0039,66.6397,233.2776,0.2858,0.0455
2015-02-04T00:15:59.972Z,5.7198,74.6367,234.243,0.3186,0.0777,2.8925,66.3612,230.9882,0.287,0.0448,2.6018,65.9877,231.654,0.2851,0.0405
2015-02-04T00:16:59.300Z,5.4427,74.8519,234.5148,0.3191,0.073,3.1326,67.5108,231.1649,0.2913,0.045,2.882,66.3697,231.9554,0.2861,0.0427
2015-02-04T00:17:59.606Z,6.047,73.6795,233.6279,0.3156,0.0838,2.2504,64.4658,232.5863,0.2776,0.036,3.2595,66.0274,234.1492,0.2825,0.0515
2015-02-04T00:18:59.805Z,5.8554,74.423,233.9998,0.318,0.0795,2.6976,65.983,233.37,0.2821,0.0409,2.5563,67.703,234.5652,0.2884,0.0377
2015-02-04T00:19:59.045Z,5.9313,75.0496,234.0758,0.3206,0.0803,2.8066,67.5566,233.9809,0.2884,0.0411,2.6597,66.5401,234.59,0.2837,0.0411
2015-02-04T00:20:59.252Z,5.1911,74.2248,233.5277,0.3179,0.0698,2.7136,66.9765,233.7851,0.287,0.0413,3.2403,66.7054,234.4713,0.2846,0.0495
2015-02-04T00:21:59.573Z,4.1718,74.807,233.9997,0.3196,0.0544,2.418,67.8723,233.3333,0.2908,0.0359,2.5903,67.7907,234.5366,0.289,0.0384
2015-02-04T00:22:59.830Z,4.3907,74.3897,233.502,0.3183,0.0599,2.586,66.8014,233.167,0.2871,0.0384,145.0246,168.6609,234.0564,0.7202,0.8354
2015-02-04T00:23:59.023Z,2.8276,73.2001,232.8506,0.314,0.0379,3.1473,66.6882,232.19,0.287,0.0491,83.4902,106.0028,233.2975,0.4544,0.7889
2015-02-04T00:24:59.217Z,3.2193,73.457,232.727,0.3153,0.0431,3.1223,67.4397,231.7237,0.2909,0.0474,83.5657,106.3379,232.8665,0.4563,0.7865
2015-02-04T00:25:59.638Z,3.6686,73.2152,230.9623,0.3173,0.0502,2.9755,66.784,232.4161,0.2874,0.0445,82.1755,106.088,232.271,0.4571,0.7752
2015-02-04T00:26:59.935Z,3.7454,73.5121,230.4425,0.319,0.0514,3.398,66.7847,232.2719,0.2876,0.0514,81.4646,104.3462,231.3057,0.451,0.7809
2015-02-04T00:27:59.138Z,3.0651,71.7613,229.5862,0.3127,0.0432,2.8658,64.8321,232.3174,0.2797,0.0443,81.9151,105.0757,231.7051,0.4539,0.7813
2015-02-04T00:28:59.480Z,2.9871,72.1977,230.0728,0.314,0.0413,2.6725,67.3153,232.5801,0.2895,0.0397,82.8228,105.7177,232.5025,0.4547,0.7839
2015-02-04T00:29:59.710Z,3.2765,74.3914,231.3947,0.3212,0.0436,2.9231,67.046,232.4068,0.2887,0.0447,82.7081,105.0974,232.4774,0.4521,0.7871
2015-02-04T00:30:59.901Z,3.0043,73.817,231.1524,0.3193,0.0414,3.2425,67.4981,232.1682,0.291,0.0469,82.4937,106.8616,232.3764,0.4595,0.7733
2015-02-04T00:31:59.101Z,3.0888,72.8642,231.2376,0.3149,0.0432,2.8782,65.7732,232.1933,0.2833,0.0449,82.6814,105.9264,232.4153,0.4561,0.782
2015-02-04T00:32:59.292Z,4.0153,73.1959,231.26,0.3167,0.0557,3.2243,67.8959,232.4455,0.2924,0.0464,142.0162,164.3069,231.8765,0.7091,0.8431
2015-02-04T00:33:59.555Z,4.5267,73.2673,231.5277,0.3156,0.0631,2.5507,67.5951,231.8913,0.2914,0.0385,82.3289,106.1335,231.7881,0.4576,0.7764
2015-02-04T00:34:59.998Z,4.4808,72.8272,231.691,0.3145,0.0621,2.0913,65.1568,231.1567,0.2824,0.0323,82.0421,104.901,231.8861,0.4527,0.7822
2015-02-04T00:35:59.155Z,5.709,73.341,230.4264,0.3183,0.0797,2.6676,66.2916,231.3854,0.2866,0.041,81.5463,104.6912,231.1504,0.4527,0.7794
2015-02-04T00:36:59.440Z,5.2388,71.6905,229.6614,0.312,0.073,2.6722,66.6868,231.6982,0.2877,0.0402,81.3895,105.4898,230.6551,0.4569,0.7725
2015-02-04T00:37:59.591Z,5.4255,73.5211,230.3516,0.3187,0.0744,2.4185,66.6499,232.0375,0.2873,0.0355,81.6563,104.6663,231.303,0.452,0.781
2015-02-04T00:38:59.970Z,4.523,73.892,231.6889,0.3191,0.0611,2.6204,67.2277,232.8627,0.2884,0.0386,82.3671,105.732,232.2417,0.4553,0.7796
2015-02-04T00:39:59.214Z,5.384,73.5019,231.8458,0.3172,0.0739,2.4291,65.529,232.4727,0.2813,0.0387,81.8317,106.4219,231.8683,0.4588,0.7706
2015-02-04T00:40:59.459Z,5.4941,74.2177,231.5252,0.3204,0.0755,2.6388,66.526,232.3457,0.2866,0.0405,81.825,105.7289,231.8574,0.4559,0.775
2015-02-04T00:41:59.658Z,6.1986,73.3378,232.2576,0.3159,0.0848,2.778,65.594,231.6769,0.2827,0.0444,82.2656,104.8405,231.9987,0.4516,0.7854
2015-02-04T00:42:59.932Z,4.9866,73.5621,232.0126,0.3171,0.0686,2.8329,67.178,231.751,0.2893,0.0431,136.4731,159.3843,232.0582,0.6869,0.8326
2015-02-04T00:43:59.112Z,5.5157,74.6479,232.1883,0.3216,0.0759,2.4137,67.4121,232.0124,0.2903,0.0356,89.7926,112.9919,232.3531,0.4859,0.7886
2015-02-04T00:44:59.312Z,5.0938,74.1693,232.0489,0.3199,0.0696,2.6368,67.1711,231.3063,0.2907,0.039,81.7796,105.628,231.8703,0.4559,0.7751
2015-02-04T00:45:59.426Z,5.4081,73.1256,230.0295,0.3175,0.0758,2.5837,65.0475,230.7924,0.2822,0.0387,81.7874,104.2785,231.3603,0.4504,0.7845
2015-02-04T00:46:59.553Z,5.1395,73.1207,229.5636,0.3187,0.0705,2.4946,64.4486,230.6113,0.2792,0.0383,81.4262,104.8116,231.1898,0.4533,0.7776
2015-02-04T00:47:59.798Z,4.9969,73.2252,230.4937,0.3176,0.069,2.6419,66.7364,231.517,0.2888,0.0407,81.8384,104.7907,231.7547,0.4519,0.7818
2015-02-04T00:48:59.990Z,5.6615,73.9881,231.4078,0.3199,0.0784,2.7878,66.9646,232.5374,0.2878,0.0409,81.8807,105.3227,231.7893,0.4542,0.7786
2015-02-04T00:49:59.233Z,5.1811,73.9382,231.0552,0.3198,0.0711,2.6634,67.5722,231.499,0.2923,0.0399,81.4109,104.7593,231.2527,0.4534,0.7784
2015-02-04T00:50:59.465Z,5.4738,74.0803,230.7501,0.3215,0.0748,2.7105,67.0449,231.3848,0.2897,0.0377,81.5825,105.364,231.3234,0.4559,0.7746
2015-02-04T00:51:59.734Z,5.3825,73.9034,232.0854,0.3181,0.0746,2.8763,64.7698,231.4792,0.28,0.0438,82.4364,105.8997,232.2144,0.456,0.7793
2015-02-04T00:52:59.184Z,5.1499,73.2912,231.5895,0.3167,0.0707,2.3938,65.8708,231.303,0.2845,0.0373,102.6418,126.0282,231.7563,0.5436,0.799
2015-02-04T00:53:59.405Z,3.4684,73.897,231.7847,0.3185,0.0468,3.0395,66.3335,232.0062,0.2855,0.0453,121.9507,144.2126,232.1569,0.6209,0.8236
2015-02-04T00:54:59.650Z,3.3248,73.6302,231.5543,0.3174,0.046,3.2087,66.7765,231.3515,0.2887,0.0486,81.9021,105.0138,231.8693,0.4527,0.7807
2015-02-04T00:55:59.947Z,3.5418,74.1403,231.2842,0.3207,0.0475,3.1948,66.8173,231.0797,0.289,0.0483,81.7834,104.4483,232.2052,0.4501,0.7835
2015-02-04T00:56:59.127Z,3.6127,73.5769,231.0375,0.3184,0.0499,3.1181,65.637,230.7848,0.2849,0.0472,82.3969,106.2519,232.5746,0.4565,0.7761
2015-02-04T00:57:59.487Z,3.3285,72.8416,231.9876,0.3137,0.045,2.9632,67.0239,231.6377,0.2891,0.0453,83.2565,106.7896,232.9387,0.4582,0.7805
2015-02-04T00:58:59.643Z,2.9131,74.1654,232.5852,0.3189,0.0378,2.8071,65.7267,232.6957,0.2823,0.0434,82.7829,106.7688,232.9865,0.458,0.7764
2015-02-04T00:59:59.999Z,3.0268,74.6204,232.9141,0.3202,0.0397,2.8836,67.1759,232.4367,0.289,0.0435,82.0591,104.8186,232.3249,0.4516,0.7836
2015-02-04T01:00:59.176Z,3.5749,71.0411,232.2376,0.3054,0.0516,3.2369,64.8126,232.1363,0.2789,0.051,83.0974,106.0185,232.902,0.4555,0.7855
2015-02-04T01:01:59.519Z,3.3917,73.1293,232.2029,0.3154,0.0466,3.4889,66.4759,232.4158,0.2861,0.0537,82.2507,105.3805,232.6261,0.4528,0.7805
2015-02-04T01:02:59.953Z,3.1477,74.6959,232.0723,0.3223,0.0433,2.931,66.3048,231.9949,0.2859,0.0438,82.268,105.412,232.2688,0.4536,0.7816
2015-02-04T01:03:59.140Z,2.9422,73.7349,231.8299,0.3181,0.0392,2.7882,67.564,232.1141,0.291,0.0411,144.6116,167.2109,232.1549,0.7201,0.8437
2015-02-04T01:04:59.574Z,2.9173,73.4055,231.7446,0.3162,0.0402,3.6537,66.931,231.3296,0.2887,0.0543,81.9179,105.0853,231.8624,0.4534,0.7807
2015-02-04T01:05:59.947Z,4.0647,73.8647,231.8183,0.319,0.0557,3.0376,65.8696,230.8655,0.2851,0.0453,81.593,105.4298,231.5748,0.4555,0.7751
2015-02-04T01:06:59.169Z,3.5006,74.1233,232.6624,0.3183,0.0481,3.0378,64.9264,230.176,0.282,0.0471,82.2934,105.1106,231.9726,0.4522,0.7832
2015-02-04T01:07:59.399Z,2.7297,74.1659,233.3891,0.3173,0.0389,3.4776,65.3299,231.4823,0.2827,0.0546,82.6585,105.744,232.8766,0.454,0.7823
2015-02-04T01:08:59.605Z,3.0371,74.1866,232.8248,0.3188,0.0422,2.6231,67.2612,232.4344,0.2893,0.0392,83.0167,105.9282,233.4374,0.4536,0.7843
2015-02-04T01:09:59.905Z,3.6042,74.0543,231.7115,0.3197,0.0499,3.0745,67.1595,232.6671,0.2887,0.0467,82.9782,106.8301,233.1999,0.4577,0.7775
2015-02-04T01:10:59.084Z,3.0516,72.9263,231.842,0.3147,0.0419,3.3719,68.0428,232.9229,0.2916,0.049,82.9331,106.3931,233.3852,0.4553,0.7806
2015-02-04T01:11:59.228Z,3.1175,74.3807,231.7157,0.3213,0.0425,3.0964,66.4082,233.042,0.2852,0.049,83.1659,106.2032,233.4978,0.4548,0.7825
2015-02-04T01:12:59.455Z,3.0214,73.2409,232.7966,0.3147,0.0419,2.7993,65.3251,232.6515,0.2809,0.0458,82.862,105.729,233.0887,0.4534,0.7849
2015-02-04T01:13:59.726Z,4.4308,73.1381,233.0854,0.3136,0.0618,3.311,66.137,232.4998,0.2842,0.051,143.5669,166.0618,232.7974,0.7131,0.8431
2015-02-04T01:14:59.297Z,4.7143,73.1572,232.8878,0.3143,0.0652,2.3809,67.7866,231.8636,0.2927,0.037,82.6502,105.9947,232.2728,0.4559,0.7796
2015-02-04T01:15:59.566Z,5.334,75.0462,233.6704,0.3209,0.071,2.7797,66.8352,231.871,0.2885,0.0413,82.8427,107.282,232.8379,0.4604,0.7735
2015-02-04T01:16:59.729Z,5.3776,73.4151,233.489,0.3143,0.0756,2.6966,66.039,231.5333,0.2852,0.0409,82.3002,106.3009,232.648,0.4569,0.7751
2015-02-04T01:17:59.908Z,5.3209,74.8122,233.5609,0.3204,0.0712,2.413,67.7332,232.2156,0.2916,0.0358,83.1458,106.0564,233.1464,0.4546,0.7846
2015-02-04T01:18:59.156Z,5.0999,74.057,233.4619,0.317,0.0687,2.2493,67.7266,233.2511,0.2906,0.0336,83.6658,106.9442,234.0218,0.4571,0.7822
2015-02-04T01:19:59.423Z,4.7834,73.9996,233.4232,0.3173,0.0664,2.9536,65.6715,233.3163,0.281,0.0464,83.4632,107.1251,234.1197,0.457,0.7795
2015-02-04T01:20:59.843Z,5.5959,74.3087,233.632,0.3185,0.0771,2.6277,66.8332,233.2014,0.2865,0.0397,83.5886,107.3923,234.2095,0.4585,0.7782
2015-02-04T01:21:59.211Z,5.73,74.5009,233.275,0.3193,0.0776,2.2094,66.4527,233.0598,0.285,0.0342,83.6854,106.3333,234.2878,0.454,0.787
2015-02-04T01:22:59.472Z,5.6697,73.3963,233.0421,0.3143,0.078,2.7333,66.7245,232.7451,0.2864,0.0413,83.3693,106.348,233.5533,0.4554,0.7856
2015-02-04T01:23:59.790Z,4.5202,72.8235,232.8576,0.3125,0.0632,2.5725,66.7437,232.6129,0.287,0.0396,127.9923,151.5598,233.8349,0.6484,0.8218
2015-02-04T01:24:59.130Z,3.3862,75.124,231.9381,0.3238,0.0464,2.7152,67.7117,231.6728,0.2925,0.0393,100.5942,123.5907,233.418,0.5298,0.7985
2015-02-04T01:25:59.384Z,3.3283,74.361,231.5521,0.3211,0.0455,3.4687,65.8482,231.5992,0.2846,0.0522,82.7302,106.7805,232.9965,0.4585,0.7761
2015-02-04T01:26:59.582Z,3.022,73.6299,231.1675,0.3187,0.0414,3.0922,67.7712,232.4096,0.2913,0.0456,82.2807,105.7516,232.1555,0.4558,0.7784
2015-02-04T01:27:59.802Z,2.6364,72.9051,232.3536,0.3137,0.0352,3.0589,67.3129,233.1726,0.2888,0.0457,83.2988,106.9605,233.1079,0.4587,0.7802
2015-02-04T01:28:59.975Z,3.4491,72.7003,232.913,0.3122,0.0473,3.3801,67.4993,232.9512,0.2897,0.0497,82.9179,106.1776,233.5237,0.4546,0.7818
2015-02-04T01:29:59.254Z,3.4685,73.5979,233.4708,0.3149,0.0476,3.1702,68.1298,233.3399,0.2921,0.047,83.8013,106.7184,233.9709,0.4561,0.7853
2015-02-04T01:30:59.502Z,2.8253,72.8401,232.6058,0.3129,0.0382,3.4607,68.0535,232.8821,0.2926,0.0495,83.4784,107.2952,233.603,0.4598,0.7786
2015-02-04T01:31:59.038Z,2.9581,73.1777,232.105,0.315,0.039,3.2401,67.743,232.7041,0.2908,0.0504,82.7336,105.5048,233.3546,0.4518,0.7849
2015-02-04T01:32:59.259Z,3.6712,74.5104,233.3304,0.3196,0.0497,2.8067,66.8443,232.8171,0.287,0.0442,83.622,106.5254,233.7352,0.4557,0.7874
2015-02-04T01:33:59.570Z,3.3296,73.7913,232.9089,0.3172,0.0447,2.8239,66.7252,232.4014,0.2865,0.0426,94.1459,117.8858,233.3048,0.505,0.79
2015-02-04T01:34:59.877Z,3.6575,73.4492,232.5467,0.3157,0.0501,3.0514,67.3608,232.0015,0.2901,0.0456,131.9979,154.8471,232.7795,0.6664,0.8307
2015-02-04T01:35:59.281Z,2.9528,74.0578,232.572,0.3179,0.04,2.7873,66.8952,232.6328,0.2878,0.0404,82.9138,106.9534,232.9221,0.4589,0.7762
2015-02-04T01:36:59.455Z,3.3537,72.6365,231.9267,0.3133,0.0468,2.7688,65.6502,232.1158,0.2824,0.0448,82.1607,105.3254,231.9726,0.4541,0.7815
2015-02-04T01:37:59.679Z,2.9793,73.4623,232.254,0.316,0.0416,3.2232,66.2902,232.2162,0.2856,0.0488,81.9491,106.0009,231.787,0.4575,0.7742
2015-02-04T01:38:59.826Z,3.3017,73.9059,233.6157,0.3165,0.0449,3.2383,66.3116,232.7804,0.2852,0.0495,82.9234,106.233,233.5776,0.4552,0.7808
2015-02-04T01:39:59.235Z,3.6981,73.395,233.2016,0.3143,0.0503,3.111,66.7019,232.7154,0.287,0.0477,82.6768,106.1578,233.1991,0.4554,0.7804
2015-02-04T01:40:59.448Z,3.0555,73.3615,232.1185,0.3164,0.0421,3.3674,66.8912,232.6941,0.2871,0.0511,83.2211,106.8387,233.3452,0.4579,0.7798
2015-02-04T01:41:59.668Z,2.9622,73.1622,232.3398,0.3146,0.0398,2.5378,66.0452,233.2297,0.2833,0.0404,83.3166,106.0395,233.6607,0.4537,0.7865
2015-02-04T01:42:59.163Z,3.4797,72.9151,233.1476,0.3127,0.0496,2.9801,67.7804,233.999,0.2894,0.0423,83.3916,107.0681,234.0473,0.4571,0.78
2015-02-04T01:43:59.568Z,3.6121,73.928,233.6379,0.317,0.0487,3.7968,67.8722,233.2345,0.2907,0.0575,83.2775,105.9517,233.6497,0.4533,0.7872
2015-02-04T01:44:59.876Z,214.0911,376.5454,232.6464,1.6219,0.1934,242.1243,436.658,231.8773,1.8926,0.1869,527.6029,696.0205,231.8951,3.0179,0.8293
2015-02-04T01:45:59.108Z,1026.5625,1481.4809,231.4257,6.4017,0.6932,1079.0656,1531.6957,230.3099,6.6503,0.7044,1583.283,2143.909,230.3052,9.3084,0.7384
2015-02-04T01:46:59.316Z,1084.9008,1551.2453,230.4866,6.7301,0.6994,1138.8647,1537.0573,227.76,6.7486,0.7406,1714.5951,2243.2149,230.8107,9.7184,0.7631
2015-02-04T01:47:59.643Z,1129.5534,1584.4163,230.5594,6.872,0.7127,1180.6091,1568.8728,227.0648,6.909,0.7527,1754.9182,2267.0569,230.0108,9.8553,0.7741
2015-02-04T01:48:59.838Z,1140.9187,1565.9788,231.8797,6.7532,0.7286,1210.8429,1656.5469,230.8857,7.1751,0.7311,1670.8467,2218.0331,229.6793,9.6566,0.7527
2015-02-04T01:49:59.329Z,1144.5139,1571.5042,231.8087,6.7798,0.7289,1220.0278,1666.3713,231.1911,7.2074,0.732,1678.7767,2228.6812,229.6537,9.7047,0.7521
2015-02-04T01:50:59.588Z,1155.2096,1596.623,232.3833,6.8708,0.7237,1218.942,1667.6966,231.5083,7.2041,0.7307,1698.0336,2244.3979,230.1104,9.7532,0.7571
2015-02-04T01:51:59.846Z,1165.2151,1601.9577,232.4041,6.8937,0.7273,1226.5893,1676.4714,231.6626,7.2362,0.7313,1698.7068,2241.87,229.9081,9.7514,0.7588
2015-02-04T01:52:59.177Z,1183.7036,1611.303,232.5784,6.9276,0.7347,1235.85,1692.1107,231.5937,7.3061,0.7302,1699.1689,2236.5272,229.7348,9.7351,0.76
2015-02-04T01:53:59.455Z,1189.2443,1616.4746,232.6763,6.947,0.7353,1242.2973,1698.9308,231.5516,7.3363,0.7316,1699.1609,2234.9402,229.7597,9.7269,0.7606
2015-02-04T01:54:59.696Z,1210.9324,1626.359,232.0113,7.0097,0.7446,1264.2467,1710.2227,230.9462,7.4052,0.739,1717.7192,2240.3368,229.0148,9.782,0.7681
2015-02-04T01:55:59.795Z,606.0073,845.5154,232.6202,3.641,0.403,618.4696,872.4968,230.8953,3.7867,0.3848,895.9625,1158.9113,230.3977,5.0638,0.7954
2015-02-04T01:56:59.961Z,327.3709,659.2898,231.8543,2.8519,0.2938,362.6472,665.6251,230.5408,2.8946,0.3089,453.7651,783.5043,231.1738,3.3966,0.6818
2015-02-04T01:57:59.215Z,70.8518,178.8663,232.6264,0.772,0.1062,68.315,166.1758,231.225,0.721,0.0849,190.2528,263.3201,231.7992,1.1392,0.7949
2015-02-04T01:58:59.559Z,408.1666,617.9062,233.6784,2.656,0.2978,432.407,643.5288,232.1183,2.7897,0.2841,896.0918,1135.939,230.9922,4.9314,0.8292
2015-02-04T01:59:59.810Z,1156.4834,1580.9794,231.9307,6.8163,0.7312,1235.1982,1681.474,230.406,7.2977,0.7347,1681.5549,2224.3031,229.8996,9.675,0.7567
