2015-04-25T00:00:59.653Z,6.4683,70.7808,230.2888,0.307,0.0926,-7.3109,64.7391,228.6921,0.2824,-0.1164,11.4849,68.0797,231.8172,0.2935,0.1699
2015-04-25T00:01:59.024Z,6.9416,74.871,230.347,0.3247,0.0948,-7.4924,66.6044,226.1662,0.2952,-0.1149,11.6116,69.6824,231.7956,0.3009,0.1654
2015-04-25T00:02:59.228Z,6.2572,73.5162,230.6351,0.3189,0.0855,-7.9878,66.8012,227.3998,0.2935,-0.1208,11.354,69.6108,231.5245,0.3007,0.1629
2015-04-25T00:03:59.535Z,6.1887,73.4399,231.7203,0.3167,0.0854,-8.0319,65.698,230.5418,0.2854,-0.1246,11.3487,67.9986,229.1402,0.2973,0.1702
2015-04-25T00:04:59.065Z,6.5561,72.5261,231.042,0.3136,0.0918,-7.2699,66.6308,230.69,0.2887,-0.1147,11.9784,68.4101,231.3457,0.296,0.1782
2015-04-25T00:05:59.377Z,6.4508,73.621,230.7966,0.3189,0.0884,-7.933,66.3557,230.4199,0.2881,-0.1214,11.454,68.689,231.7459,0.2965,0.1674
2015-04-25T00:06:59.683Z,7.1986,74.1236,230.9867,0.3209,0.0978,-7.6589,67.6163,230.3297,0.2938,-0.1147,11.3153,69.3643,231.7122,0.2999,0.162
2015-04-25T00:07:59.875Z,6.93,74.6164,231.3614,0.3226,0.0936,-7.6221,67.8462,230.686,0.2942,-0.1145,11.4322,69.4048,231.7732,0.299,0.1653
2015-04-25T00:08:59.474Z,6.4713,73.0413,231.4926,0.3149,0.0882,-7.5553,65.4331,231.5051,0.2826,-0.1192,11.4164,67.4852,231.6391,0.2911,0.1723
2015-04-25T00:09:59.837Z,6.698,74.9384,231.5059,0.3234,0.0911,-7.7479,67.0957,230.9331,0.2908,-0.1155,11.2391,68.4695,230.8685,0.296,0.163
2015-04-25T00:10:59.107Z,7.5081,74.8281,231.7542,0.3231,0.101,-7.6361,67.6813,231.2248,0.2924,-0.1156,11.7344,68.5249,231.1121,0.2963,0.1739
2015-04-25T00:11:59.475Z,7.0699,74.8693,231.4209,0.3235,0.0945,-7.6887,67.3367,230.8051,0.2924,-0.1155,11.2685,68.7501,230.9715,0.298,0.164
2015-04-25T00:12:59.164Z,6.4787,73.6817,231.8158,0.3172,0.0881,-7.3642,66.4312,230.5352,0.2883,-0.1131,11.0847,70.1279,231.2857,0.3028,0.1589
2015-04-25T00:13:59.580Z,6.917,74.1699,232.0968,0.3196,0.0945,-7.9796,66.9708,230.9348,0.2902,-0.127,10.7589,67.8954,231.4064,0.2928,0.1616
2015-04-25T00:14:59.881Z,6.6811,74.4807,232.7686,0.3205,0.0896,-7.3024,67.054,231.6773,0.2899,-0.1121,11.0984,68.2413,231.8434,0.2943,0.1663
2015-04-25T00:15:59.649Z,6.6314,74.4003,232.0708,0.3204,0.0908,-7.7875,68.1779,231.04,0.2952,-0.1164,11.6162,68.148,231.0624,0.2949,0.1708
2015-04-25T00:16:59.808Z,6.9699,74.6504,231.9454,0.3222,0.0935,-7.5559,67.2125,231.3378,0.2909,-0.1157,11.6356,69.7118,231.0729,0.3018,0.1678
2015-04-25T00:17:59.318Z,6.6597,73.8737,232.5104,0.3174,0.0899,-7.9942,68.7202,232.314,0.2954,-0.1173,10.9901,69.1193,231.7514,0.2982,0.1604
2015-04-25T00:19:59.860Z,6.8609,73.5899,232.2385,0.3166,0.0949,-7.8275,67.3842,232.403,0.2898,-0.1193,11.7045,68.4085,231.8309,0.295,0.1723
2015-04-25T00:20:59.251Z,6.7182,74.8956,232.3828,0.3222,0.0909,-7.7251,67.4153,232.3079,0.2899,-0.1168,11.4872,68.5848,231.2719,0.2967,0.1671
2015-04-25T00:21:59.485Z,6.901,74.1035,232.2576,0.3191,0.0931,-8.0319,67.8991,232.2525,0.2922,-0.1189,11.5959,68.6933,231.246,0.2969,0.1701
2015-04-25T00:22:59.055Z,85.344,183.8843,232.1733,0.7947,0.1362,79.4744,194.1558,232.5452,0.8384,-0.0469,254.991,394.7191,230.9817,1.7212,0.4948
2015-04-25T00:23:59.717Z,1116.6777,1484.8943,230.2071,6.451,0.7517,1160.766,1635.1622,230.1806,7.1043,0.71,1560.9067,2113.6659,227.3383,9.2973,0.7377
2015-04-25T00:24:59.967Z,1203.7168,1588.7065,230.771,6.8843,0.7585,1215.1107,1658.4498,228.3765,7.2616,0.7329,1683.7227,2199.3312,227.8853,9.6514,0.7656
2015-04-25T00:25:59.286Z,1197.9911,1595.2586,230.9345,6.9076,0.7508,1214.5132,1645.7856,227.8833,7.2219,0.7383,1703.1714,2216.7615,228.3957,9.7057,0.768
2015-04-25T00:26:59.544Z,1218.5409,1587.4217,230.1707,6.8966,0.7676,1266.9593,1711.6723,230.1296,7.4378,0.7404,1685.1773,2215.8167,227.885,9.7231,0.7608
2015-04-25T00:27:59.789Z,1244.9709,1610.0316,230.2258,6.9931,0.7728,1288.597,1731.011,229.9623,7.5273,0.744,1705.0886,2228.0679,227.864,9.7782,0.7656
2015-04-25T00:28:59.146Z,1253.2865,1620.5455,230.5781,7.0275,0.7728,1311.8962,1755.1196,230.5074,7.6142,0.7479,1717.5789,2251.4761,228.5363,9.8515,0.7617
2015-04-25T00:29:59.327Z,1261.5727,1629.5888,230.4632,7.0712,0.774,1328.5143,1769.4159,230.7847,7.6667,0.7504,1731.5363,2267.2894,228.7549,9.9116,0.7633
2015-04-25T00:30:59.490Z,1282.4683,1644.5707,229.9864,7.1501,0.7792,1345.4148,1778.498,230.1727,7.7267,0.7571,1751.0603,2276.3207,228.3758,9.9675,0.7698
2015-04-25T00:31:59.824Z,1297.8192,1659.5891,230.2587,7.2076,0.7811,1362.805,1796.964,230.503,7.7959,0.7588,1762.0704,2287.2841,228.4262,10.0128,0.77
2015-04-25T00:32:59.644Z,1315.9351,1673.8266,229.9568,7.2784,0.786,1381.6006,1813.3568,230.4815,7.8677,0.7618,1779.2992,2298.8618,228.413,10.0639,0.7743
2015-04-25T00:33:59.223Z,1330.149,1686.3422,229.8735,7.3353,0.7885,1403.0116,1831.718,230.7598,7.9369,0.7661,1794.7555,2314.2965,228.5818,10.1245,0.7758
2015-04-25T00:34:59.566Z,1290.5629,1656.242,229.9067,7.204,0.779,1354.8074,1785.5476,230.8474,7.7346,0.7589,1760.743,2282.9197,229.041,9.9673,0.7728
2015-04-25T00:35:59.501Z,1265.6904,1632.3532,229.7267,7.1058,0.7756,1324.3458,1749.9686,230.3679,7.5964,0.7567,1736.4903,2252.3236,228.6103,9.8521,0.7702
2015-04-25T00:36:59.939Z,1266.7589,1628.6378,229.551,7.0947,0.7782,1335.211,1753.9014,230.2071,7.6187,0.7609,1741.4423,2256.8583,228.5046,9.8763,0.7709
2015-04-25T00:37:59.468Z,1270.7546,1628.5979,229.4706,7.0974,0.78,1340.874,1760.5461,230.1263,7.6502,0.7613,1739.9048,2255.3202,228.537,9.8685,0.7704
2015-04-25T00:38:59.773Z,1277.9538,1630.1337,229.5502,7.1011,0.7837,1363.3413,1781.2998,230.2739,7.7356,0.7657,1742.457,2262.4644,228.4989,9.9017,0.77
2015-04-25T00:39:59.740Z,1286.1563,1635.0482,228.9481,7.1418,0.7863,1386.2955,1790.3681,230.2482,7.7758,0.7739,1772.4207,2289.3755,228.3613,10.0252,0.7729
2015-04-25T00:40:59.049Z,633.0594,835.8819,228.548,3.6714,0.4272,684.5176,914.5164,231.2722,3.9714,0.3209,993.4678,1264.2247,229.5215,5.5401,0.8078
2015-04-25T00:41:59.705Z,7.1984,73.0338,229.3474,0.3187,0.0975,-7.5218,67.2652,232.1858,0.2896,-0.1126,12.0654,68.9088,230.9617,0.2982,0.1697
2015-04-25T00:42:59.626Z,7.0499,74.1653,229.9179,0.3224,0.097,-8.0449,66.4309,232.0946,0.2856,-0.1234,10.8576,68.6984,231.014,0.2964,0.1574
2015-04-25T00:43:59.773Z,6.4699,73.9844,230.1865,0.3214,0.0895,-7.7991,66.9258,232.6087,0.288,-0.1225,11.3491,69.7707,232.368,0.3007,0.1671
2015-04-25T00:44:59.041Z,6.4757,73.3418,230.7061,0.3181,0.0889,-7.3722,67.2789,232.2399,0.29,-0.1114,11.0446,69.5579,232.3039,0.2993,0.1588
2015-04-25T00:45:59.254Z,6.8214,73.3984,231.3888,0.3169,0.0929,-7.2447,66.4153,232.0807,0.286,-0.1109,11.3916,67.6721,232.1485,0.2913,0.1705
2015-04-25T00:46:59.553Z,6.6552,73.6376,230.9959,0.3183,0.0912,-7.7704,67.2224,231.6647,0.2904,-0.1172,11.5209,70.5083,231.7707,0.3039,0.1641
2015-04-25T00:47:59.858Z,6.4335,73.4386,230.721,0.3188,0.0902,-7.2345,65.7326,230.6705,0.2848,-0.1125,11.3309,68.4543,231.1459,0.296,0.1684
2015-04-25T00:48:59.193Z,7.3597,73.5423,230.3183,0.3194,0.0997,-7.5006,68.0499,230.8409,0.295,-0.1113,11.187,68.6753,231.193,0.2966,0.1623
2015-04-25T00:49:59.539Z,7.2016,74.3311,229.8895,0.3231,0.0992,-7.5411,67.1299,230.863,0.2901,-0.1155,10.4719,68.0865,231.2689,0.2951,0.1559
2015-04-25T00:50:59.743Z,6.765,73.215,230.285,0.3178,0.0937,-7.2595,66.976,231.3675,0.2896,-0.1085,11.1696,69.1187,231.8217,0.2977,0.1618
2015-04-25T00:51:59.203Z,6.4764,73.5171,230.3401,0.3188,0.0888,-7.5448,66.9612,231.8556,0.2893,-0.1127,11.735,70.0076,232.1634,0.3019,0.1693
2015-04-25T00:52:59.532Z,6.7687,73.7925,230.4191,0.3199,0.0925,-7.661,67.538,231.8324,0.2914,-0.1144,11.2142,69.1886,231.9498,0.2986,0.1615
2015-04-25T00:53:59.996Z,6.8926,73.6487,230.8891,0.3185,0.0947,-7.4732,67.5017,231.7165,0.2913,-0.111,10.9279,67.6801,231.6147,0.2923,0.1604
2015-04-25T00:54:59.557Z,6.5208,74.6468,231.3819,0.3227,0.0866,-7.4697,68.7524,231.8547,0.2967,-0.1108,10.7646,68.285,231.4326,0.2952,0.1584
2015-04-25T00:55:59.866Z,6.7607,74.1911,231.7537,0.3203,0.0925,-7.8571,67.3171,231.7925,0.2904,-0.1181,10.9974,69.4082,231.4412,0.3,0.16
2015-04-25T00:56:59.085Z,6.7314,74.2687,232.0311,0.3202,0.0923,-6.9049,67.4858,232.2866,0.2908,-0.1051,11.163,70.0736,232.1643,0.3017,0.1599
2015-04-25T00:57:59.863Z,6.7271,74.7247,231.4057,0.3225,0.0911,-7.6148,67.1368,231.9324,0.29,-0.1139,11.6122,69.868,231.8651,0.3014,0.1668
2015-04-25T00:58:59.666Z,7.1169,72.9151,231.8646,0.3144,0.0982,-7.3554,66.2768,232.1995,0.2853,-0.1148,11.6059,68.548,232.5411,0.2952,0.1698
2015-04-25T00:59:59.904Z,6.9181,74.9201,232.4355,0.3223,0.093,-7.3048,68.5611,231.8033,0.2952,-0.1068,11.1523,68.5775,233.2685,0.2938,0.1635
