2015-01-17T00:00:59.333Z,2.2514,69.8382,229.8798,0.3037,0.0314,2.6915,65.2349,229.4093,0.2847,0.0414,3.0636,66.0392,231.1419,0.2864,0.0471
2015-01-17T00:01:59.079Z,2.1022,71.4737,230.2598,0.3107,0.0293,2.7074,65.2744,230.4891,0.2828,0.0429,2.2791,67.1434,231.5596,0.29,0.0332
2015-01-17T00:02:59.362Z,2.3838,72.9299,229.74,0.3168,0.0327,2.9579,65.6479,230.614,0.285,0.0435,3.3909,65.9518,230.5058,0.2865,0.0517
2015-01-17T00:03:59.673Z,2.4575,72.1414,227.8516,0.3167,0.0337,2.9016,67.7953,230.8881,0.2934,0.0437,3.0843,66.5365,230.2891,0.2889,0.0467
2015-01-17T00:04:59.302Z,2.0986,71.9778,228.9068,0.3139,0.0287,3.3601,67.4513,230.0712,0.2934,0.049,3.2632,64.3103,230.1422,0.2798,0.0518
2015-01-17T00:05:59.701Z,4.0072,73.0901,230.0408,0.3173,0.0555,3.3253,66.5957,230.1498,0.2895,0.049,3.2086,65.777,230.3249,0.286,0.0502
2015-01-17T00:06:59.075Z,2.8561,72.8024,229.6712,0.3171,0.039,3.1901,66.0219,229.4274,0.288,0.0471,3.131,65.3969,230.8678,0.2828,0.048
2015-01-17T00:07:59.454Z,2.1466,70.4551,229.1934,0.3071,0.0325,2.6467,63.7605,229.0824,0.2779,0.0419,3.6308,63.8235,231.2852,0.276,0.0573
2015-01-17T00:08:59.013Z,2.3057,69.5456,227.1951,0.3061,0.0326,3.2332,64.3216,228.9412,0.2808,0.0532,3.2421,65.7432,232.1452,0.2831,0.0504
2015-01-17T00:09:59.760Z,3.0101,72.8104,229.2408,0.318,0.0413,3.1478,66.2811,229.1734,0.289,0.0479,3.2672,64.7629,232.1836,0.279,0.0499
2015-01-17T00:10:59.755Z,2.7369,73.5675,230.2759,0.3193,0.0362,3.1937,66.546,229.4634,0.29,0.0479,3.9333,65.946,232.8575,0.2836,0.0592
2015-01-17T00:11:59.263Z,2.7962,73.2053,230.6352,0.3174,0.0379,2.9763,66.1409,229.518,0.2883,0.0446,3.1194,66.4166,232.657,0.2854,0.0462
2015-01-17T00:12:59.548Z,2.4463,73.1362,229.371,0.3187,0.033,2.8663,65.1215,229.9152,0.2836,0.0434,3.1854,66.8718,233.0086,0.287,0.0465
2015-01-17T00:13:59.779Z,2.7649,72.523,229.9269,0.3157,0.0379,3.2442,64.6299,228.9015,0.2822,0.0509,2.629,68.3354,232.8593,0.2935,0.0387
2015-01-17T00:14:59.164Z,2.9533,73.3892,230.0142,0.3192,0.0391,3.3064,65.0872,228.5762,0.2846,0.0504,3.2536,66.2253,232.6459,0.2843,0.0497
2015-01-17T00:15:59.395Z,2.7035,72.3664,229.8056,0.3149,0.0359,1.9584,63.9736,228.1637,0.28,0.0302,3.2827,67.0123,232.2529,0.2881,0.0489
2015-01-17T00:16:59.658Z,2.6354,72.7598,230.0429,0.3163,0.0364,3.606,65.2007,227.6285,0.2863,0.0554,3.0757,67.0074,231.793,0.2889,0.0455
2015-01-17T00:17:59.966Z,3.0562,70.4314,227.3601,0.3095,0.0433,2.503,64.9068,227.8178,0.2852,0.0391,3.2933,66.5062,231.1211,0.2878,0.0522
2015-01-17T00:18:59.186Z,2.2709,72.7197,227.7483,0.3194,0.0332,3.0297,65.3682,227.8152,0.2867,0.0458,3.4913,65.9521,229.8374,0.2871,0.0532
2015-01-17T00:19:59.458Z,2.5867,71.1846,228.2711,0.3122,0.0379,3.2625,66.1069,228.0788,0.2899,0.0489,2.3998,66.6526,230.8632,0.2886,0.0374
2015-01-17T00:20:59.713Z,2.5497,72.2269,228.9903,0.3154,0.0341,3.14,66.0107,228.1482,0.289,0.0475,3.2458,66.5771,231.7623,0.2873,0.0492
2015-01-17T00:21:59.162Z,3.6813,72.6223,230.0598,0.3153,0.0509,3.0927,66.1347,228.1076,0.29,0.0463,3.3458,66.0651,231.5422,0.2852,0.0524
2015-01-17T00:22:59.545Z,2.3639,71.9887,228.863,0.3146,0.0321,3.0985,64.2208,228.7332,0.2801,0.0503,2.8478,64.9785,231.7484,0.2807,0.0462
2015-01-17T00:23:59.882Z,1.6363,72.9026,229.7052,0.3177,0.0223,3.1816,63.8027,228.7276,0.2789,0.0487,3.1035,64.7555,231.4087,0.2801,0.0476
2015-01-17T00:24:59.182Z,2.3122,72.7119,229.8271,0.3164,0.0316,2.8949,64.4396,228.5582,0.2819,0.0456,2.9723,65.7679,231.1717,0.2846,0.0458
2015-01-17T00:25:59.379Z,3.5581,73.5921,231.677,0.3175,0.0474,3.1677,65.9785,230.479,0.2864,0.0473,3.2892,66.3102,233.2405,0.2844,0.0502
2015-01-17T00:26:59.737Z,3.1461,71.8891,231.8745,0.3097,0.0434,3.4151,65.6724,230.1678,0.2853,0.0511,3.2759,67.7337,233.905,0.2899,0.0487
2015-01-17T00:27:59.786Z,2.2343,72.3482,231.7079,0.312,0.0316,3.0118,66.213,230.1467,0.2876,0.0481,3.2392,65.5277,233.8162,0.2807,0.0508
2015-01-17T00:28:59.103Z,2.7141,73.5509,232.308,0.317,0.0379,3.3259,66.4847,230.0322,0.2893,0.0516,3.2159,66.8346,232.6551,0.287,0.0473
2015-01-17T00:29:59.432Z,2.8779,71.8623,233.3568,0.3076,0.0407,2.891,67.5037,230.4448,0.2932,0.0441,2.8804,65.6455,233.0466,0.2824,0.0446
2015-01-17T00:30:59.767Z,2.2746,73.2328,232.9566,0.3141,0.031,3.7075,65.4177,231.6379,0.2826,0.0566,3.141,66.0377,233.3803,0.2829,0.0475
2015-01-17T00:31:59.949Z,2.5338,73.7525,232.5743,0.3167,0.0338,3.6321,66.5484,231.2946,0.2877,0.0553,3.4167,66.8649,233.6096,0.2862,0.0516
2015-01-17T00:32:59.220Z,2.382,72.988,232.9557,0.3137,0.0326,2.8978,65.5059,231.0559,0.283,0.0447,3.6051,67.1449,234.0678,0.2872,0.0563
2015-01-17T00:33:59.985Z,2.9412,73.7633,231.8361,0.3175,0.0403,2.7138,67.285,231.615,0.2908,0.0403,3.2216,66.5185,233.2252,0.285,0.0476
2015-01-17T00:34:59.482Z,3.183,74.9234,232.2446,0.3222,0.0421,2.7968,66.4734,232.3663,0.2857,0.0397,3.1098,66.6776,233.0533,0.2856,0.0472
2015-01-17T00:35:59.808Z,2.4295,73.4832,232.0602,0.3157,0.0338,3.1943,66.4146,232.2816,0.286,0.048,2.694,65.8982,233.2609,0.2822,0.0399
2015-01-17T00:36:59.051Z,2.4967,72.4904,231.0538,0.3133,0.0337,3.1203,66.0527,232.4322,0.2838,0.0478,3.5031,68.2496,233.8396,0.2918,0.0521
2015-01-17T00:37:59.416Z,2.7943,71.7736,230.9798,0.3107,0.0397,2.571,66.2349,231.9227,0.2853,0.0414,2.9355,66.5923,233.6405,0.2846,0.0463
2015-01-17T00:38:59.028Z,3.5424,72.2921,231.3248,0.3122,0.0497,3.0688,65.7869,230.5702,0.2854,0.0468,2.9259,65.2223,232.8063,0.2802,0.0464
2015-01-17T00:39:59.260Z,2.5,72.7348,232.2947,0.3129,0.0323,3.2092,66.0968,230.509,0.2863,0.0491,3.0519,68.1058,232.8013,0.2926,0.046
2015-01-17T00:40:59.475Z,1.7457,73.3111,232.8584,0.3148,0.0238,3.4224,67.1672,231.7993,0.2905,0.0504,3.0482,66.8452,233.8343,0.2861,0.046
2015-01-17T00:41:59.170Z,3.1726,73.7004,232.6851,0.3167,0.0433,3.6499,67.0487,230.2387,0.2911,0.0554,3.5779,66.9227,234.501,0.2854,0.0536
2015-01-17T00:42:59.699Z,4.5062,74.4673,233.064,0.3195,0.0623,3.5047,66.7793,229.3528,0.2909,0.0526,2.7588,68.2165,234.819,0.2909,0.0409
2015-01-17T00:43:59.316Z,3.3762,74.3536,233.2713,0.3183,0.0463,3.12,66.052,232.515,0.2841,0.0467,3.9162,67.6258,234.5349,0.2882,0.0588
2015-01-17T00:44:59.688Z,2.8592,73.6271,232.7017,0.3164,0.038,3.5149,66.3224,232.9553,0.2847,0.0537,3.0345,68.0522,234.2985,0.2908,0.043
2015-01-17T00:45:59.322Z,2.3,74.4983,232.246,0.3208,0.0311,3.057,66.9012,232.4227,0.2879,0.0481,3.0744,66.9992,233.699,0.2862,0.0463
2015-01-17T00:46:59.699Z,2.7835,72.8634,232.034,0.3138,0.0376,2.879,66.5564,232.5669,0.2866,0.0446,3.2844,66.3581,233.4799,0.2836,0.0501
2015-01-17T00:47:59.077Z,3.3777,73.1648,232.3676,0.3149,0.0463,3.0796,65.5848,232.291,0.2823,0.0468,13.8357,75.4063,233.4692,0.3232,0.1127
2015-01-17T00:48:59.071Z,641.6673,949.1678,230.7843,4.1258,0.4636,688.8406,989.2757,230.5331,4.3066,0.4686,1111.0986,1514.7794,231.5426,6.5616,0.759
2015-01-17T00:49:59.297Z,1123.4241,1549.3049,230.1682,6.7312,0.7247,1194.6963,1620.8844,229.9861,7.0479,0.7369,1678.5169,2223.9197,230.7743,9.6364,0.7551
2015-01-17T00:50:59.810Z,1179.2364,1589.3446,232.1375,6.8465,0.7416,1219.2031,1686.4082,231.6009,7.2819,0.7231,1657.1451,2193.7019,229.3679,9.5631,0.7556
2015-01-17T00:51:59.793Z,1169.7362,1582.7569,232.0997,6.8187,0.7387,1234.7891,1695.0704,231.7165,7.3152,0.7291,1665.7753,2213.0102,229.9599,9.6229,0.7533
2015-01-17T00:52:59.167Z,1165.8892,1587.6543,232.1362,6.8388,0.7337,1258.6265,1710.1669,232.2147,7.3645,0.7362,1689.4663,2251.7989,231.2097,9.7387,0.7499
2015-01-17T00:53:59.438Z,1188.5752,1595.234,232.1081,6.8728,0.7453,1278.9423,1730.8299,231.892,7.4642,0.7391,1693.5127,2243.4984,230.1031,9.7497,0.7547
2015-01-17T00:54:59.138Z,1190.5384,1593.2043,231.8147,6.8722,0.7473,1304.9765,1745.5064,231.9573,7.5247,0.7479,1709.5096,2265.4946,230.3916,9.8324,0.7547
2015-01-17T00:55:59.487Z,1206.8001,1610.7607,231.5363,6.957,0.7484,1310.2967,1747.1422,231.7862,7.5374,0.75,1729.3842,2276.6602,230.4884,9.8778,0.7598
2015-01-17T00:56:59.791Z,1216.8592,1614.4908,231.4054,6.9762,0.7542,1318.3541,1758.5331,231.6989,7.5902,0.7492,1725.4006,2270.4272,230.2996,9.8587,0.7598
2015-01-17T00:57:59.371Z,1225.804,1608.9203,230.2828,6.9864,0.7618,1357.7976,1780.4809,231.5215,7.6906,0.7629,1747.363,2293.2789,230.08,9.967,0.7615
2015-01-17T00:58:59.582Z,1229.3396,1616.5094,229.6293,7.0396,0.7601,1364.5383,1770.34,231.0166,7.6628,0.77,1774.1778,2313.7683,230.3801,10.0431,0.7666
2015-01-17T00:59:59.455Z,1153.4184,1548.4589,229.3525,6.7518,0.7448,1279.1985,1688.8115,230.4955,7.3265,0.7573,1694.8685,2233.6836,230.1372,9.7058,0.7587
