2015-06-01T00:00:59.946Z,6.4224,67.4861,231.4782,0.2918,0.0957,-8.4822,62.2772,232.1426,0.2687,-0.137,11.7825,63.022,232.2537,0.2713,0.191
2015-06-01T00:01:59.149Z,6.5691,70.0638,231.1021,0.3036,0.0924,-7.7366,62.3853,231.7887,0.2693,-0.1262,11.266,64.3401,232.4355,0.277,0.1756
2015-06-01T00:02:59.588Z,5.365,69.2889,231.2341,0.2997,0.0775,-7.6176,62.6911,231.4345,0.2708,-0.1279,11.2301,63.0543,232.6411,0.2713,0.1829
2015-06-01T00:03:59.776Z,6.1419,68.8905,231.7105,0.2968,0.0911,-7.3329,61.5351,231.7885,0.2654,-0.1208,11.8687,65.186,232.947,0.28,0.1843
2015-06-01T00:04:59.066Z,6.6077,70.0324,231.4026,0.3024,0.096,-7.1341,62.3751,232.0331,0.2687,-0.1151,11.8326,63.3599,232.4634,0.2727,0.1869
2015-06-01T00:05:59.328Z,6.8018,68.84,231.2115,0.2978,0.1008,-7.8973,62.761,230.9988,0.2714,-0.1275,11.7708,64.7433,232.386,0.279,0.1833
2015-06-01T00:06:59.753Z,6.451,69.1849,231.6343,0.2991,0.0952,-8.358,61.7736,228.9437,0.2699,-0.1371,12.2776,63.61,232.9007,0.2726,0.1938
2015-06-01T00:07:59.138Z,5.8661,68.4266,231.1967,0.2962,0.086,-7.9109,62.5309,230.6821,0.271,-0.1291,11.7977,63.1887,232.2442,0.2721,0.1854
2015-06-01T00:08:59.540Z,6.4357,67.6533,230.8633,0.2935,0.0975,-7.6956,62.6599,231.7745,0.2702,-0.1267,11.5931,64.1331,232.0191,0.2759,0.1818
2015-06-01T00:09:59.832Z,6.2231,69.4731,230.5079,0.301,0.0902,-8.1074,61.4031,231.9147,0.2645,-0.1326,11.7646,64.0538,231.9656,0.2757,0.1845
2015-06-01T00:10:59.093Z,6.2848,69.3422,230.4639,0.3006,0.0922,-7.6352,61.4214,231.8419,0.2649,-0.1259,11.7093,65.2793,231.9684,0.2816,0.1807
2015-06-01T00:11:59.386Z,6.4019,67.7966,229.8957,0.2953,0.0954,-7.8397,61.4382,231.5984,0.2651,-0.1298,11.6251,62.6155,231.4134,0.2708,0.1866
2015-06-01T00:12:59.628Z,6.2984,67.3562,229.7426,0.2933,0.0928,-7.9334,60.6428,231.6062,0.2611,-0.1333,11.994,63.2227,231.5395,0.2728,0.1923
2015-06-01T00:13:59.914Z,6.0103,68.837,229.3334,0.3002,0.0879,-7.9398,63.0982,231.6241,0.2722,-0.1271,11.7702,64.2758,231.4187,0.2775,0.1835
2015-06-01T00:14:59.133Z,6.6008,69.2618,229.8249,0.3014,0.0961,-8.182,61.8053,232.3066,0.2654,-0.132,12.075,63.7789,231.5318,0.2753,0.1907
2015-06-01T00:15:59.369Z,6.1612,68.3063,230.5853,0.2969,0.0913,-8.1196,62.5682,232.0364,0.2702,-0.1316,11.3114,63.2269,231.5724,0.2729,0.1808
2015-06-01T00:16:59.699Z,6.1976,69.0521,229.9391,0.3,0.091,-7.8989,64.1884,231.6044,0.2769,-0.1248,11.6033,65.0991,231.494,0.2815,0.1792
2015-06-01T00:17:59.124Z,5.7561,68.8252,230.4789,0.2983,0.085,-7.2094,61.4879,230.8727,0.2662,-0.1238,11.3829,60.5411,231.7566,0.2611,0.1948
2015-06-01T00:18:59.342Z,6.5571,68.6846,230.1557,0.2986,0.0965,-8.0147,62.5938,230.7122,0.272,-0.1316,11.7163,62.9214,231.2111,0.2722,0.1875
2015-06-01T00:19:59.629Z,6.4211,69.6319,230.6137,0.3019,0.0925,-7.8686,63.0327,230.8482,0.2732,-0.1238,11.4685,63.9309,231.1603,0.2763,0.1802
2015-06-01T00:20:59.821Z,6.4809,70.556,230.7669,0.3053,0.092,-7.8268,61.4118,230.9769,0.2659,-0.1277,11.7668,63.9487,231.1342,0.2768,0.1854
2015-06-01T00:21:59.104Z,6.3116,70.2616,230.6306,0.3049,0.0906,-7.9812,63.9083,230.8932,0.277,-0.1254,11.828,62.2062,230.538,0.2701,0.1906
2015-06-01T00:22:59.336Z,6.5291,69.1175,230.4891,0.2996,0.0958,-8.0746,62.2877,230.917,0.2703,-0.1336,11.8388,63.762,230.5973,0.2759,0.1882
2015-06-01T00:23:59.552Z,6.0405,69.3667,230.0471,0.3015,0.0867,-7.8685,63.1181,230.3596,0.274,-0.1273,11.6912,62.6408,230.1623,0.272,0.1879
2015-06-01T00:24:59.771Z,6.6933,68.6122,230.0205,0.2986,0.0983,-7.5309,61.2659,230.3425,0.2657,-0.1233,11.7399,64.2546,230.2082,0.2796,0.1825
2015-06-01T00:25:59.147Z,6.1842,69.2744,230.1945,0.3006,0.0915,-8.0645,61.2727,230.2769,0.2658,-0.1329,11.6307,63.2702,230.2285,0.2749,0.1864
2015-06-01T00:26:59.447Z,6.0847,68.4724,230.7071,0.2967,0.0914,-7.4972,60.9542,230.837,0.2637,-0.1267,11.4575,62.159,230.6691,0.2696,0.1876
2015-06-01T00:27:59.902Z,6.2925,69.4169,230.7067,0.3005,0.0931,-7.8923,62.5599,230.9221,0.2708,-0.1295,11.5171,63.1825,230.5244,0.274,0.1855
2015-06-01T00:28:59.161Z,5.9944,68.965,230.8026,0.299,0.0872,-7.5331,61.9409,230.8032,0.2686,-0.1253,11.657,63.4904,230.6202,0.2751,0.1857
2015-06-01T00:29:59.471Z,6.5262,68.7505,230.8191,0.2977,0.0967,-7.7705,62.4034,231.0842,0.2701,-0.126,11.1859,63.1309,230.9307,0.2734,0.1778
2015-06-01T00:30:59.842Z,6.4549,69.4736,230.5466,0.3015,0.0923,-7.8252,63.065,230.792,0.2734,-0.1252,11.5292,63.7595,230.6637,0.2764,0.1827
2015-06-01T00:31:59.047Z,6.0198,67.8768,230.4656,0.2941,0.091,-7.7679,61.7623,230.7911,0.2679,-0.1312,11.6092,62.7628,230.6768,0.2716,0.1902
2015-06-01T00:32:59.301Z,6.5763,69.7249,230.5388,0.3026,0.0942,-7.5362,60.9305,230.8298,0.2636,-0.1268,12.0802,64.7503,230.3986,0.281,0.1871
2015-06-01T00:33:59.569Z,5.7533,69.9558,230.6247,0.3032,0.083,-7.4576,62.6037,230.8737,0.271,-0.1203,11.5965,64.0671,230.2979,0.2785,0.1827
2015-06-01T00:34:59.876Z,6.4807,68.8237,230.8643,0.2983,0.0943,-7.8705,61.9837,230.979,0.2683,-0.1298,11.5637,63.7783,230.2134,0.2773,0.1811
2015-06-01T00:35:59.179Z,6.3284,69.621,230.5527,0.3019,0.0912,-7.9974,62.5481,230.663,0.271,-0.1294,11.5373,62.7225,229.7882,0.2733,0.1853
2015-06-01T00:36:59.296Z,5.982,69.2879,230.8049,0.3001,0.087,-8.1172,59.7258,228.9577,0.2609,-0.1359,11.6121,62.2284,230.7058,0.2699,0.1865
2015-06-01T00:37:59.429Z,6.2147,67.92,229.9326,0.2958,0.0921,-8.022,59.7413,228.5901,0.2613,-0.1344,11.8831,63.8154,232.0527,0.2748,0.1873
2015-06-01T00:38:59.583Z,6.2337,68.3011,229.406,0.2977,0.0918,-7.7831,60.7381,230.7982,0.2632,-0.1297,11.5755,63.109,231.4107,0.2729,0.1846
2015-06-01T00:39:59.825Z,6.5034,68.6789,229.8322,0.2993,0.0947,-7.9047,61.842,230.9832,0.2679,-0.1299,11.6398,62.9774,231.809,0.272,0.1866
2015-06-01T00:40:59.069Z,6.6283,68.1657,229.9493,0.2968,0.099,-7.8348,61.5749,230.5403,0.2672,-0.1308,11.8991,63.3728,231.6182,0.2738,0.1892
2015-06-01T00:41:59.264Z,5.6665,68.0792,230.3631,0.2956,0.0847,-8.0167,61.4181,230.1043,0.2662,-0.136,11.7389,61.8436,231.1334,0.2677,0.1948
2015-06-01T00:42:59.584Z,6.0087,68.6349,230.5668,0.2971,0.0887,-7.1815,60.9887,231.0066,0.2637,-0.1208,12.0902,64.3364,231.3164,0.2784,0.189
2015-06-01T00:43:59.879Z,6.3397,69.3595,230.578,0.3011,0.0931,-7.5412,63.236,231.0625,0.2736,-0.1209,11.5887,62.2467,231.4152,0.2682,0.1878
2015-06-01T00:44:59.994Z,6.3837,69.8065,230.4722,0.3029,0.0918,-7.9095,62.0519,230.9886,0.2685,-0.1288,12.128,64.0855,231.1376,0.2771,0.1887
2015-06-01T00:45:59.198Z,5.7843,68.298,230.4422,0.2957,0.0847,-8.0401,62.7111,230.9697,0.2717,-0.129,11.6364,64.5706,231.04,0.2791,0.1828
2015-06-01T00:46:59.787Z,6.3391,69.7733,230.5098,0.3025,0.0936,-7.1575,60.9428,231.1165,0.2633,-0.121,11.9111,61.2591,230.8329,0.2657,0.1974
2015-06-01T00:47:59.107Z,6.0424,69.294,230.6178,0.3006,0.0879,-8.1391,62.3544,231.0478,0.27,-0.1306,11.3511,64.606,230.6453,0.2802,0.1767
2015-06-01T00:48:59.455Z,5.9362,69.0657,230.3446,0.2998,0.0866,-7.4815,62.7689,230.8442,0.2715,-0.1216,11.8495,62.7589,230.4225,0.2724,0.191
2015-06-01T00:49:59.775Z,6.3215,68.832,230.4378,0.2986,0.0935,-7.5013,63.2267,230.897,0.2738,-0.1199,11.7873,64.7052,230.7212,0.2807,0.1814
2015-06-01T00:50:59.098Z,6.2821,68.5427,230.4118,0.297,0.0929,-7.6304,63.2091,230.9319,0.274,-0.1221,11.252,64.1518,230.7881,0.2776,0.1759
2015-06-01T00:51:59.496Z,5.7918,68.5722,230.3251,0.2974,0.0874,-7.574,62.4803,230.9449,0.2703,-0.1263,11.6982,64.3174,230.5241,0.2791,0.187
2015-06-01T00:52:59.694Z,6.0597,68.9613,230.3502,0.2992,0.0881,-7.9178,60.3748,230.7208,0.2611,-0.1316,11.8212,62.6014,230.5864,0.2714,0.1926
2015-06-01T00:53:59.915Z,6.2229,70.0201,230.5023,0.304,0.0879,-7.6889,62.4836,230.6044,0.2713,-0.1247,11.348,63.38,230.7948,0.2745,0.181
2015-06-01T00:54:59.133Z,5.8502,68.9303,230.5922,0.2983,0.0868,-7.7769,62.114,230.5111,0.2696,-0.1261,11.7944,63.5663,230.5738,0.2754,0.1872
2015-06-01T00:55:59.508Z,5.9934,69.8273,230.7667,0.3023,0.0879,-7.4454,62.8909,230.7147,0.2729,-0.1225,11.8721,62.2008,230.5713,0.2695,0.1944
2015-06-01T00:57:59.225Z,6.3547,68.9438,231.1064,0.2984,0.0937,-7.5777,61.6598,230.9504,0.2668,-0.1255,11.6042,64.1264,230.8143,0.2776,0.183
2015-06-01T00:58:59.585Z,6.6395,70.253,231.1386,0.304,0.0962,-7.4562,63.1958,230.6443,0.2741,-0.1202,11.9956,64.6008,230.5911,0.2802,0.1878
2015-06-01T00:59:59.865Z,6.2388,69.1399,231.1652,0.2986,0.0897,-7.7321,62.8234,230.9565,0.2725,-0.125,11.6693,64.8139,230.8741,0.2805,0.1828
2015-06-01T01:00:59.413Z,5.9002,68.3009,230.746,0.2959,0.0861,-6.9842,61.4999,230.5338,0.2664,-0.1162,11.6811,63.593,230.6412,0.2757,0.1858
2015-06-01T01:01:59.575Z,6.3152,69.3797,230.803,0.3004,0.0916,-7.4196,61.3822,230.9482,0.2654,-0.1238,11.818,62.1133,230.898,0.2692,0.1949
2015-06-01T01:02:59.725Z,6.4124,70.1688,231.5252,0.3035,0.0926,-7.5342,62.3153,231.359,0.2692,-0.121,11.7246,64.0505,231.3899,0.2769,0.183
2015-06-01T01:03:59.048Z,6.9392,70.4927,231.4887,0.3039,0.0977,-7.9352,61.6208,231.3583,0.2668,-0.1296,11.9388,65.7456,231.2826,0.2841,0.1834
2015-06-01T01:04:59.280Z,6.4234,70.6242,231.5064,0.3051,0.0905,-7.6748,64.2319,231.3902,0.2775,-0.1236,11.7022,63.3867,231.4386,0.2738,0.1852
2015-06-01T01:05:59.484Z,6.7068,69.3505,231.0746,0.3003,0.0979,-7.7065,62.1337,231.5391,0.2684,-0.1263,11.823,63.5274,231.1255,0.2751,0.1914
2015-06-01T01:06:59.764Z,6.4933,70.5024,230.9027,0.3048,0.0943,-7.9597,63.6713,231.042,0.2759,-0.1269,11.209,63.2187,230.6649,0.274,0.1791
2015-06-01T01:07:59.976Z,6.3281,68.5085,231.1532,0.2962,0.0932,-7.3307,62.6907,231.0868,0.271,-0.1203,11.582,63.7063,230.6884,0.2763,0.1827
2015-06-01T01:08:59.149Z,6.1817,69.1609,231.4369,0.2989,0.0907,-7.2366,62.5506,231.4259,0.271,-0.1188,11.5456,63.6439,229.9074,0.2766,0.1822
2015-06-01T01:09:59.308Z,6.2619,70.7058,231.9759,0.3048,0.0901,-7.9362,63.2711,231.359,0.2733,-0.1271,11.2968,64.4712,229.189,0.2813,0.1777
2015-06-01T01:10:59.583Z,6.6111,70.2198,231.7184,0.3029,0.0955,-7.923,63.9823,231.2505,0.2769,-0.1241,11.9887,63.8069,231.313,0.276,0.1896
2015-06-01T01:11:59.879Z,6.201,69.7974,231.5866,0.3015,0.0903,-7.658,62.0386,231.6163,0.2676,-0.1285,11.9022,64.2385,231.1942,0.2771,0.1893
2015-06-01T01:12:59.156Z,5.9286,70.8141,231.2724,0.3054,0.0839,-7.7941,63.6831,231.3194,0.2754,-0.1252,12.1663,64.5783,231.2763,0.279,0.1892
2015-06-01T01:13:59.330Z,6.4654,69.4498,231.5477,0.3001,0.093,-8.1124,60.854,229.212,0.2654,-0.1325,11.992,64.0364,231.8864,0.276,0.1895
2015-06-01T01:14:59.653Z,6.1632,69.1137,231.8929,0.2976,0.0929,-8.0145,62.1097,228.5605,0.2713,-0.1305,11.4323,62.7925,232.1077,0.2707,0.1831
2015-06-01T01:15:59.943Z,6.3882,69.3633,231.5283,0.2999,0.0937,-7.8096,62.4089,231.505,0.2697,-0.128,11.5446,63.236,231.6554,0.2732,0.1833
2015-06-01T01:16:59.449Z,6.3227,69.0402,231.2875,0.2981,0.0916,-8.1138,64.2209,231.4388,0.2775,-0.1296,12.0516,63.4122,231.2775,0.2735,0.1913
2015-06-01T01:17:59.644Z,6.8818,69.0907,231.4813,0.298,0.1008,-7.9411,62.792,231.3759,0.2713,-0.1273,12.2658,63.5765,231.554,0.2747,0.1949
2015-06-01T01:18:59.872Z,6.3364,69.4292,231.3395,0.3001,0.0937,-7.7345,63.1159,230.9419,0.2736,-0.1237,11.4763,63.5034,231.3986,0.2751,0.1834
2015-06-01T01:19:59.183Z,6.1668,69.4379,230.9946,0.3003,0.0871,-7.3773,62.808,231.3723,0.2716,-0.1197,11.9229,63.1167,230.9873,0.2734,0.1901
2015-06-01T01:20:59.441Z,6.5803,70.2553,231.2311,0.3041,0.0942,-7.5141,63.4814,231.3524,0.2743,-0.1198,11.8497,63.6788,231.2685,0.2755,0.1885
2015-06-01T01:21:59.720Z,6.3122,69.5749,231.2122,0.301,0.0924,-7.7611,62.7552,231.2993,0.2714,-0.1265,11.8904,64.1791,231.5065,0.2767,0.1871
2015-06-01T01:22:59.023Z,6.3123,69.5799,231.388,0.3006,0.0922,-7.1596,61.36,231.3302,0.2651,-0.1186,11.6469,63.6118,231.4276,0.2751,0.1854
2015-06-01T01:23:59.315Z,6.6413,69.688,231.6011,0.3009,0.0952,-7.1027,62.7081,231.7184,0.2705,-0.1174,11.4498,63.8208,231.5956,0.2752,0.1809
2015-06-01T01:24:59.711Z,5.906,69.7019,231.6023,0.3011,0.0844,-7.7167,62.9146,231.8093,0.2718,-0.124,12.072,63.8602,231.6199,0.2752,0.1899
2015-06-01T01:25:59.984Z,6.5695,68.8514,231.3766,0.2972,0.0954,-7.5452,62.6461,231.4843,0.2708,-0.1285,11.7237,64.4995,231.4828,0.2791,0.1838
2015-06-01T01:26:59.212Z,6.2756,68.8671,231.4997,0.2978,0.0916,-7.6117,61.0649,231.202,0.264,-0.1317,11.3716,63.1476,231.5832,0.2732,0.1848
2015-06-01T01:27:59.547Z,6.3705,69.7229,231.8484,0.3008,0.0934,-7.372,62.8556,231.0847,0.2725,-0.1188,11.9764,64.3712,232.1422,0.2775,0.1869
2015-06-01T01:28:59.883Z,6.4603,68.1851,231.5082,0.2941,0.0957,-7.4916,61.1547,230.8255,0.2653,-0.1253,12.1665,63.2933,231.868,0.2729,0.193
2015-06-01T01:29:59.106Z,6.2924,69.9799,231.5636,0.3014,0.09,-7.0892,62.527,230.8246,0.2712,-0.1152,11.8303,64.0553,231.8539,0.2762,0.185
2015-06-01T01:30:59.296Z,6.1612,69.8321,231.5548,0.3019,0.0892,-7.7789,61.0293,231.0648,0.2644,-0.1314,11.951,64.1288,231.6504,0.2767,0.191
2015-06-01T01:31:59.722Z,6.1712,69.3155,231.5837,0.2995,0.0908,-7.32,61.6457,231.3835,0.2661,-0.1204,12.1949,63.5621,231.6126,0.2741,0.1928
2015-06-01T01:32:59.026Z,6.2306,70.3807,231.4488,0.3039,0.088,-7.9844,62.4484,231.1144,0.2699,-0.1296,11.56,63.348,231.3283,0.2734,0.1849
2015-06-01T01:33:59.271Z,6.2882,69.6854,230.7241,0.3021,0.0905,-8.0157,62.5065,231.1856,0.2705,-0.129,12.3699,63.5463,231.0247,0.2751,0.1955
2015-06-01T01:34:59.485Z,6.0841,68.2831,230.4687,0.296,0.0898,-7.8514,62.0368,231.3356,0.268,-0.1256,11.4962,62.7099,230.9398,0.2716,0.1845
2015-06-01T01:35:59.686Z,5.9807,68.0553,230.6666,0.2949,0.0901,-7.4934,61.9726,231.509,0.2679,-0.1245,11.6287,63.757,230.741,0.2764,0.1857
2015-06-01T01:36:59.070Z,4.6972,68.7447,230.5417,0.2982,0.0683,-6.7608,61.5409,231.8204,0.2658,-0.1144,11.7058,63.7856,230.3776,0.2767,0.1824
2015-06-01T01:37:59.317Z,5.3618,69.7543,229.999,0.3027,0.077,-7.4938,62.6661,232.1308,0.2695,-0.1208,11.9082,62.164,230.8685,0.2695,0.1934
2015-06-01T01:38:59.529Z,4.3613,70.2205,230.6214,0.3048,0.0622,-7.3597,62.5943,231.9849,0.2707,-0.1193,11.3688,63.3068,230.8054,0.2741,0.1798
2015-06-01T01:39:59.801Z,4.4587,69.3404,230.9377,0.3004,0.0656,-7.4504,62.4133,232.2716,0.268,-0.1232,11.9297,63.3214,231.2459,0.2736,0.1915
2015-06-01T01:40:59.124Z,4.8467,69.7662,231.1633,0.3019,0.0698,-7.5396,62.304,232.1853,0.2679,-0.1229,11.8122,64.0108,231.1179,0.2764,0.1849
2015-06-01T01:41:59.485Z,4.8167,69.9645,232.0459,0.3013,0.0703,-6.7611,63.8239,231.8932,0.2753,-0.1074,11.4851,62.756,231.0716,0.2717,0.1833
2015-06-01T01:42:59.688Z,4.623,68.6754,232.0434,0.2959,0.0689,-7.5349,62.8832,230.8076,0.272,-0.1224,11.8156,63.0396,230.3286,0.2737,0.1888
2015-06-01T01:43:59.805Z,4.6755,69.3003,232.3162,0.2973,0.067,-7.417,62.4336,231.192,0.2697,-0.1205,11.3103,63.2464,229.972,0.2753,0.1805
2015-06-01T01:44:59.985Z,4.9011,67.9473,231.9338,0.2931,0.0731,-7.5286,61.7611,231.5513,0.2673,-0.1245,11.988,62.9325,230.8165,0.2729,0.1955
2015-06-01T01:45:59.298Z,4.6952,69.5879,232.1512,0.2996,0.0676,-7.27,61.7924,230.6207,0.2678,-0.1181,11.2521,64.0824,232.064,0.2756,0.1786
2015-06-01T01:46:59.566Z,4.5163,69.2733,231.7671,0.2986,0.0659,-7.3633,62.8458,230.6962,0.2723,-0.1185,12.3446,64.1682,231.8292,0.2771,0.1925
2015-06-01T01:47:59.859Z,4.7117,70.5263,231.8228,0.3036,0.067,-7.5254,62.2441,230.7554,0.2693,-0.1221,11.8149,64.5446,231.9204,0.278,0.1849
2015-06-01T01:48:59.096Z,5.2926,69.0022,232.1041,0.2974,0.0768,-7.2701,60.7674,230.3618,0.2633,-0.1198,11.6048,62.8821,232.4576,0.2702,0.185
2015-06-01T01:49:59.409Z,5.0998,70.2408,232.8203,0.3019,0.0722,-7.1129,61.1346,229.5148,0.2663,-0.1178,11.6258,64.6992,233.7556,0.2771,0.1804
2015-06-01T01:50:59.612Z,4.9151,69.6445,232.177,0.2997,0.0711,-7.301,61.4324,230.577,0.2668,-0.1208,12.2789,64.2034,232.8821,0.2756,0.1937
2015-06-01T01:51:59.889Z,5.0645,69.7983,231.8949,0.3007,0.0732,-7.3261,62.0203,232.271,0.2671,-0.1199,11.6621,64.3151,232.1442,0.2765,0.1825
2015-06-01T01:52:59.149Z,4.5233,69.7757,231.7635,0.3006,0.0647,-6.9354,63.1152,232.0713,0.2722,-0.1113,11.6301,64.3803,231.4504,0.2781,0.1837
2015-06-01T01:53:59.523Z,4.6458,69.9726,232.1088,0.3014,0.0654,-6.8626,63.9323,232.111,0.2754,-0.1103,11.7286,64.1402,231.2558,0.278,0.183
2015-06-01T01:54:59.946Z,5.4425,69.6281,232.529,0.2993,0.08,-7.2381,62.8915,231.9679,0.2713,-0.1171,11.7114,63.6981,232.0613,0.2745,0.1843
2015-06-01T01:55:59.303Z,5.0388,69.3068,232.6341,0.2984,0.0751,-7.1747,61.3447,232.1446,0.2644,-0.1198,11.3674,63.3383,232.0939,0.2728,0.1821
2015-06-01T01:56:59.577Z,4.8834,69.4128,232.5876,0.2983,0.0716,-7.0048,62.2642,232.3205,0.268,-0.1159,11.959,64.6129,231.7974,0.2787,0.1868
2015-06-01T01:57:59.838Z,4.6422,69.2442,232.863,0.297,0.0659,-7.2221,63.4495,232.6104,0.2727,-0.117,11.9048,63.8315,232.2271,0.2747,0.1867
2015-06-01T01:58:59.032Z,5.033,69.9746,232.719,0.3004,0.0729,-7.0663,60.8966,232.2742,0.2622,-0.1176,12.0164,65.4116,231.9473,0.282,0.1842
2015-06-01T01:59:59.209Z,4.9679,69.4859,232.1641,0.2995,0.0718,-6.8676,62.4408,232.0745,0.2697,-0.1135,11.9942,63.6681,231.5167,0.2745,0.1924
