2015-05-02T00:00:59.314Z,4.6211,71.0643,230.5997,0.3078,0.0676,-7.1452,64.8444,233.5548,0.2779,-0.1158,12.3387,67.791,232.1978,0.2921,0.1843
2015-05-02T00:01:59.410Z,4.4441,73.4544,230.4455,0.3191,0.0614,-7.729,68.2688,233.6956,0.2921,-0.1141,11.2979,68.2422,232.3551,0.2933,0.1673
2015-05-02T00:02:59.668Z,6.7318,73.2578,231.5196,0.3163,0.0934,-7.4493,67.4173,233.0037,0.2893,-0.1126,11.6257,68.4232,232.8976,0.2936,0.1712
2015-05-02T00:03:59.968Z,6.1986,73.3854,231.5879,0.3171,0.0846,-7.8987,69.1064,233.1016,0.2969,-0.1165,12.1463,69.998,232.88,0.3002,0.1744
2015-05-02T00:04:59.281Z,5.5173,74.7534,232.0568,0.3219,0.0726,-7.2468,67.8094,233.0819,0.2909,-0.1084,11.1677,69.9189,233.2547,0.2996,0.1598
2015-05-02T00:05:59.761Z,5.2489,75.2683,231.8457,0.3246,0.0707,-7.4921,69.118,233.353,0.2964,-0.1092,11.421,67.3059,232.9422,0.2889,0.1712
2015-05-02T00:06:59.034Z,4.7629,73.5982,231.0998,0.3181,0.0662,-7.3976,65.44,232.9459,0.2811,-0.1148,11.3324,70.2573,232.784,0.3019,0.1651
2015-05-02T00:07:59.560Z,4.6442,74.8621,231.6371,0.323,0.0633,-6.5911,69.9086,233.5543,0.2999,-0.0959,11.0373,70.0533,233.0791,0.3002,0.158
2015-05-02T00:08:59.048Z,6.1977,74.3148,232.063,0.3199,0.0837,-7.6857,68.5776,232.5899,0.2948,-0.1133,11.7911,69.5984,233.6909,0.2978,0.1681
2015-05-02T00:09:59.230Z,6.5822,75.1987,232.0479,0.3236,0.0877,-7.7082,69.2012,232.7876,0.2968,-0.1134,11.675,69.0601,233.7693,0.2957,0.1696
2015-05-02T00:10:59.469Z,6.7073,74.2004,233.0062,0.3181,0.0924,-7.6364,67.561,233.6854,0.289,-0.1168,11.3634,69.4856,234.4901,0.2963,0.1664
2015-05-02T00:11:59.316Z,6.3575,73.5868,232.9211,0.3163,0.0884,-7.3233,67.2943,234.2687,0.2871,-0.1136,11.8532,67.4826,234.3731,0.2881,0.1814
2015-05-02T00:12:59.673Z,4.7633,74.9242,232.4837,0.322,0.064,-7.2789,69.2778,235.0886,0.2948,-0.1057,11.6407,69.7766,234.1881,0.2982,0.1674
2015-05-02T00:13:59.218Z,4.2148,74.5786,232.2181,0.3207,0.0569,-7.1541,68.0541,234.5041,0.2906,-0.1063,11.3063,69.905,234.209,0.2986,0.1636
2015-05-02T00:14:59.006Z,4.9795,74.1125,231.5552,0.3199,0.0676,-7.0049,68.6905,233.9323,0.2936,-0.1037,11.7386,71.4765,233.7744,0.3062,0.1638
2015-05-02T00:15:59.466Z,6.2931,72.5795,231.0384,0.3143,0.0874,-7.58,68.3935,233.6427,0.2922,-0.1147,11.6895,69.0673,233.8078,0.2952,0.1726
2015-05-02T00:16:59.733Z,6.5228,73.2255,231.9675,0.316,0.0922,-7.6126,67.7576,232.9866,0.291,-0.1136,11.8121,68.863,233.6835,0.2953,0.1722
2015-05-02T00:17:59.209Z,6.547,74.9643,232.5616,0.322,0.0882,-7.8104,69.1097,232.6597,0.2973,-0.1141,11.8789,70.4199,233.7027,0.3013,0.1697
2015-05-02T00:18:59.904Z,6.6523,74.4889,232.4864,0.3201,0.0902,-7.3908,68.6014,232.8571,0.2942,-0.1093,11.7952,69.6372,233.7433,0.2977,0.1716
2015-05-02T00:19:59.178Z,6.1184,74.0986,232.2538,0.3186,0.0832,-7.6742,70.2836,232.5009,0.3023,-0.1096,12.1374,69.4666,233.3483,0.2976,0.1743
2015-05-02T00:20:59.514Z,6.6568,73.5904,231.8192,0.3169,0.0913,-7.7203,66.2346,232.8305,0.2848,-0.1201,11.6227,69.6921,233.8275,0.2985,0.1699
2015-05-02T00:21:59.762Z,6.6642,74.2286,232.144,0.3195,0.0902,-7.4104,68.2264,233.396,0.2921,-0.1103,12.024,69.8024,234.4867,0.2973,0.174
2015-05-02T00:22:59.200Z,6.6201,73.5305,231.9444,0.3173,0.0913,-7.6958,67.5968,232.982,0.29,-0.1162,12.2697,69.324,234.482,0.2957,0.1788
2015-05-02T00:23:59.780Z,6.2011,75.6151,231.7695,0.3265,0.0834,-7.4513,68.2954,232.7164,0.2935,-0.1114,12.0729,70.0369,233.7811,0.2999,0.174
2015-05-02T00:24:59.263Z,6.2652,74.234,231.7066,0.3198,0.0844,-7.3764,67.8374,232.6946,0.2913,-0.1081,11.0974,68.9098,233.6602,0.2948,0.163
2015-05-02T00:25:59.526Z,5.1982,74.1257,231.9435,0.3196,0.0724,-6.7266,68.6923,233.2932,0.2948,-0.0992,12.1697,69.6699,233.3315,0.2986,0.1752
2015-05-02T00:26:59.840Z,4.5433,74.8244,232.5126,0.3216,0.0604,-7.506,67.88,234.199,0.2896,-0.1105,11.599,70.1416,233.3398,0.3004,0.166
2015-05-02T00:27:59.157Z,5.0073,74.5637,233.4243,0.3201,0.0671,-7.3862,68.9354,234.5786,0.2938,-0.1088,11.932,68.8468,233.9722,0.294,0.173
2015-05-02T00:28:59.894Z,5.4035,75.243,234.3078,0.321,0.0723,-7.4768,69.0496,234.8464,0.2942,-0.1091,11.9851,68.9976,234.4309,0.2941,0.1747
2015-05-02T00:29:59.254Z,5.3489,73.1533,234.1408,0.3126,0.0742,-6.8384,69.0651,234.93,0.2939,-0.1012,12.0621,68.8358,234.3517,0.2936,0.1762
2015-05-02T00:30:59.404Z,4.6803,74.8255,232.61,0.3213,0.0651,-6.882,68.0575,233.9897,0.2911,-0.1021,12.0281,70.0563,233.4607,0.3008,0.1747
2015-05-02T00:31:59.070Z,5.8854,74.773,231.3431,0.3235,0.0793,-7.8666,68.9607,233.0334,0.296,-0.1148,11.6234,69.9582,233.0101,0.2998,0.1657
2015-05-02T00:32:59.363Z,6.5678,75.3854,231.7984,0.3248,0.0868,-7.5566,68.8388,233.8063,0.2943,-0.1127,11.9802,70.7202,233.4662,0.3033,0.1702
2015-05-02T00:33:59.532Z,6.6503,74.1498,232.5354,0.3192,0.0904,-7.3255,68.8771,233.3818,0.2953,-0.1097,11.417,70.0952,233.3442,0.2998,0.1646
2015-05-02T00:34:59.830Z,6.3109,73.5146,232.6634,0.316,0.0874,-7.6407,69.156,232.6749,0.2966,-0.1122,11.3824,69.6965,232.737,0.2997,0.1651
2015-05-02T00:35:59.210Z,6.2326,73.4947,232.6913,0.3159,0.0863,-7.3568,67.7869,232.5139,0.2911,-0.112,11.7143,68.8669,232.7738,0.296,0.1724
2015-05-02T00:36:59.414Z,6.3809,74.4178,232.4415,0.3203,0.0869,-7.5944,66.6067,232.173,0.2868,-0.1177,11.709,69.3959,232.671,0.2981,0.1708
2015-05-02T00:37:59.492Z,6.2626,74.9514,233.0189,0.322,0.0849,-8.1626,68.0512,232.5325,0.293,-0.1218,11.6382,70.2715,232.7876,0.3022,0.1667
2015-05-02T00:38:59.647Z,6.503,75.6544,232.878,0.3253,0.087,-7.5023,68.4207,232.1982,0.2948,-0.1112,11.8853,69.6168,232.6452,0.2992,0.1726
2015-05-02T00:39:59.117Z,7.0596,74.2341,232.1878,0.3193,0.0947,-7.2379,67.5526,231.3508,0.2914,-0.1079,11.6949,69.775,231.808,0.3012,0.1696
2015-05-02T00:40:59.518Z,6.2754,73.3711,231.2177,0.3168,0.0871,-7.7784,66.7925,232.3077,0.2877,-0.1187,11.5208,68.9065,231.2853,0.2979,0.1708
2015-05-02T00:41:59.918Z,6.4153,74.2504,231.526,0.3202,0.0887,-6.9792,66.5812,232.4795,0.2865,-0.1075,11.6667,68.6047,231.721,0.2963,0.1732
2015-05-02T00:42:59.277Z,6.5404,74.4279,232.0927,0.3206,0.088,-7.8833,68.1812,232.672,0.2932,-0.1163,11.7851,68.9686,231.6619,0.2977,0.1717
2015-05-02T00:43:59.435Z,6.5858,73.6838,232.5401,0.3169,0.0903,-7.4519,67.3025,232.9207,0.2895,-0.1111,11.2877,68.7947,232.6334,0.2955,0.1655
2015-05-02T00:44:59.790Z,6.1388,73.818,232.2062,0.3175,0.0846,-7.5062,66.8802,232.4827,0.2873,-0.1164,12.1471,69.1127,232.1783,0.2976,0.1773
2015-05-02T00:45:59.002Z,6.1753,73.4726,232.5153,0.3157,0.0863,-7.6291,66.4107,232.5935,0.2853,-0.1181,11.4929,68.4473,232.1948,0.2945,0.1746
2015-05-02T00:46:59.349Z,6.6639,74.0337,232.7107,0.3178,0.0918,-7.5373,67.488,233.032,0.2897,-0.1125,11.9583,69.711,232.4929,0.2998,0.1717
2015-05-02T00:47:59.576Z,6.0981,75.1184,232.3175,0.3236,0.0812,-7.0755,68.4703,232.9891,0.294,-0.1076,11.7573,70.6874,232.972,0.3036,0.1682
2015-05-02T00:48:59.877Z,6.9939,75.0227,232.271,0.3234,0.0934,-8.0004,67.3477,232.8624,0.2895,-0.1197,11.3995,69.8818,233.142,0.2995,0.1634
2015-05-02T00:49:59.589Z,5.624,75.0274,232.2084,0.323,0.0758,-7.4422,67.0081,232.5406,0.2882,-0.1118,11.2446,69.3951,232.8631,0.2979,0.162
2015-05-02T00:50:59.769Z,5.0013,73.3695,232.5002,0.3155,0.0701,-6.9404,66.1741,232.5513,0.2848,-0.109,11.7458,67.5636,231.7753,0.2916,0.1792
2015-05-02T00:51:59.995Z,4.9535,75.1407,232.7834,0.3228,0.0662,-7.2023,67.5254,233.0446,0.2893,-0.1084,11.4342,69.6821,231.2801,0.3011,0.1662
2015-05-02T00:52:59.350Z,4.7921,74.6643,232.4327,0.3208,0.0644,-7.7269,69.6689,233.4058,0.2988,-0.1107,11.5917,69.4037,232.7052,0.2981,0.1672
2015-05-02T00:53:59.774Z,5.5597,73.7926,232.4543,0.3175,0.0751,-6.9068,69.9865,233.4804,0.2998,-0.1001,11.7799,69.3073,232.9238,0.2977,0.1699
2015-05-02T00:54:59.932Z,5.4192,74.0738,232.0938,0.3191,0.0738,-7.5003,68.343,232.9253,0.2932,-0.1105,11.5436,68.8944,232.5347,0.2968,0.1681
2015-05-02T00:55:59.410Z,4.6857,74.4673,232.0654,0.3207,0.0634,-7.2009,66.8736,232.6964,0.2874,-0.1103,11.9906,69.8274,232.2343,0.301,0.176
2015-05-02T00:56:59.845Z,4.8616,73.8212,232.3358,0.3177,0.0677,-7.8495,67.2776,233.3122,0.2879,-0.1162,11.9722,70.0549,232.4973,0.3012,0.1709
2015-05-02T00:57:59.012Z,6.8102,74.0941,232.1298,0.3187,0.0931,-7.5514,68.1178,233.2184,0.2924,-0.1142,11.9024,69.6762,232.6542,0.2997,0.1716
2015-05-02T00:58:59.895Z,6.2953,73.3824,232.2135,0.3158,0.0875,-7.488,68.4561,232.8862,0.2935,-0.1103,11.5875,70.136,232.6896,0.3012,0.165
2015-05-02T00:59:59.154Z,6.4324,73.6778,231.6168,0.3179,0.0877,-7.5707,67.9163,232.5633,0.2924,-0.1126,11.6052,69.7451,232.27,0.3006,0.166
2015-05-02T01:00:59.435Z,6.6885,72.2577,231.77,0.3116,0.0951,-7.3727,66.4975,232.3573,0.2864,-0.1155,11.9312,66.9568,231.9497,0.288,0.1822
2015-05-02T01:01:59.096Z,5.989,74.83,232.0734,0.3229,0.0806,-7.2839,67.6378,232.8628,0.2909,-0.1087,11.6127,68.6894,232.4473,0.2957,0.1704
2015-05-02T01:02:59.652Z,6.2039,74.021,231.9446,0.3184,0.0836,-7.297,68.8539,232.8413,0.2961,-0.1079,12.1348,69.5145,231.7692,0.3002,0.174
2015-05-02T01:03:59.562Z,5.3879,75.1349,231.0768,0.3257,0.0731,-7.5864,67.6826,231.7409,0.2923,-0.1147,11.416,68.8453,230.8467,0.2982,0.1653
2015-05-02T01:04:59.872Z,4.5949,73.6538,230.8221,0.3191,0.0634,-7.0966,67.4636,232.047,0.2901,-0.1069,11.5458,67.7137,230.4046,0.2936,0.1718
2015-05-02T01:05:59.339Z,4.4544,73.9237,230.6702,0.3208,0.0623,-7.0007,66.5688,231.6018,0.2877,-0.1092,11.2646,67.1892,230.946,0.2917,0.1737
2015-05-02T01:06:59.345Z,5.0765,73.27,230.7244,0.3175,0.0691,-7.0764,67.1141,231.5999,0.2898,-0.1075,11.9253,69.6524,231.2307,0.3015,0.172
2015-05-02T01:07:59.558Z,3.9552,74.4884,230.7467,0.323,0.0532,-7.0416,68.1949,231.8169,0.2938,-0.1038,11.3018,68.393,231.3664,0.2958,0.1657
2015-05-02T01:08:59.383Z,4.9133,75.2355,231.0875,0.3252,0.0648,-7.0393,67.5389,231.8988,0.2923,-0.1067,11.6673,68.6074,231.3922,0.2969,0.1714
2015-05-02T01:09:59.681Z,4.6881,74.1771,231.1742,0.3209,0.0638,-6.6012,67.8178,231.769,0.2925,-0.1037,11.6546,67.5612,231.5733,0.2918,0.1743
2015-05-02T01:10:59.114Z,5.4771,73.4874,231.4056,0.3174,0.0746,-7.3623,68.3339,231.745,0.2944,-0.1101,12.3257,68.086,231.8184,0.2942,0.1847
2015-05-02T01:11:59.111Z,5.0431,74.2179,231.568,0.3197,0.0684,-7.0181,68.9297,231.738,0.2977,-0.1047,11.3745,68.2263,232.0316,0.294,0.1665
2015-05-02T01:12:59.363Z,5.1308,74.14,231.3222,0.3207,0.0697,-7.4824,68.6888,231.4376,0.2972,-0.1087,11.6611,68.3724,231.7583,0.2945,0.1709
2015-05-02T01:13:59.900Z,4.6704,73.9651,231.3759,0.3199,0.0637,-7.4823,69.7496,231.4453,0.301,-0.1091,12.2123,67.9687,231.1371,0.2938,0.1802
2015-05-02T01:14:59.641Z,5.0226,74.8047,231.4682,0.3233,0.0676,-7.299,67.3826,231.6525,0.2908,-0.1088,12.1255,68.3733,231.8288,0.2953,0.1776
2015-05-02T01:15:59.040Z,5.0982,73.1793,231.3992,0.316,0.0704,-7.1046,68.3418,231.7422,0.2947,-0.1068,12.0329,68.0628,231.7444,0.2932,0.1783
2015-05-02T01:16:59.363Z,5.149,74.4654,231.8433,0.3218,0.0696,-7.7884,69.7156,232.1031,0.3007,-0.1137,11.7646,69.6632,231.2488,0.3011,0.1691
2015-05-02T01:17:59.162Z,5.2158,74.3854,231.9034,0.3208,0.0703,-7.2032,68.522,232.8589,0.2943,-0.1054,11.9544,69.6529,231.536,0.3007,0.1722
2015-05-02T01:18:59.391Z,4.484,73.2034,230.7041,0.3171,0.0608,-6.8785,67.9996,233.4358,0.2919,-0.1019,11.6309,69.0271,231.5355,0.298,0.1696
2015-05-02T01:19:59.697Z,5.1645,74.0133,230.5021,0.321,0.0699,-7.4708,67.7998,233.2576,0.2901,-0.1132,11.6891,68.6925,231.6049,0.2963,0.1733
2015-05-02T01:20:59.941Z,5.7846,73.2189,230.2062,0.3178,0.0787,-7.3611,67.4468,232.7665,0.2898,-0.1114,11.816,69.0582,231.6095,0.2977,0.1748
2015-05-02T01:21:59.307Z,4.9325,73.631,230.6416,0.319,0.0678,-7.3199,68.8542,233.1936,0.2955,-0.1072,11.4148,68.4926,231.6324,0.2957,0.166
2015-05-02T01:22:59.339Z,4.5749,73.4566,231.6919,0.3173,0.0623,-6.9888,69.4882,233.6069,0.2974,-0.1001,11.6565,68.9673,232.038,0.2975,0.1705
2015-05-02T01:23:59.685Z,4.7307,74.8766,231.9466,0.3226,0.063,-7.496,68.9965,233.4273,0.2955,-0.1091,11.6014,69.5475,231.5955,0.3002,0.167
2015-05-02T01:24:59.065Z,4.9062,74.1882,232.4026,0.3193,0.0669,-6.8558,67.4093,233.1394,0.2886,-0.1022,12.0263,68.2944,232.1544,0.2939,0.1774
2015-05-02T01:25:59.101Z,5.1591,73.8207,232.1531,0.3179,0.0701,-7.2737,67.1455,233.2458,0.2876,-0.1123,11.8754,68.836,232.4749,0.2957,0.1747
2015-05-02T01:26:59.321Z,5.0698,74.0169,231.8949,0.3192,0.0674,-7.3979,67.9096,232.7321,0.2914,-0.1103,11.5622,69.0345,230.0848,0.3004,0.1685
2015-05-02T01:27:59.549Z,4.7687,74.886,231.7182,0.3225,0.0646,-7.6165,67.6635,232.7944,0.2903,-0.1123,11.7612,68.1353,230.8434,0.2956,0.1719
2015-05-02T01:28:59.432Z,4.3633,73.0202,231.2542,0.3154,0.0616,-7.053,68.727,232.6412,0.2956,-0.1048,11.8525,69.7381,231.4067,0.3015,0.1708
2015-05-02T01:29:59.420Z,5.1953,74.3004,231.9144,0.3204,0.0713,-6.8652,66.4864,232.6421,0.2856,-0.108,12.2037,68.0024,231.5688,0.2936,0.1827
2015-05-02T01:30:59.588Z,4.8693,74.3818,232.4269,0.3204,0.0659,-7.2281,68.2696,233.3277,0.2927,-0.1069,12.2148,69.3934,232.0822,0.2989,0.1765
2015-05-02T01:31:59.034Z,4.8632,74.4807,232.7533,0.3193,0.0649,-7.5174,67.9362,233.5031,0.2908,-0.1127,12.3567,70.465,232.6726,0.3027,0.1773
2015-05-02T01:32:59.626Z,4.64,73.301,232.6127,0.3153,0.064,-7.1534,68.2896,233.2818,0.2932,-0.1061,11.6522,68.6946,232.7037,0.2951,0.1707
2015-05-02T01:33:59.032Z,4.8249,75.5572,232.5562,0.325,0.0646,-7.6721,67.2193,233.2749,0.2881,-0.115,11.6689,69.6936,233.0653,0.2989,0.1684
2015-05-02T01:34:59.282Z,5.2056,74.0068,232.528,0.3179,0.0722,-7.2991,67.1054,233.1112,0.2877,-0.1129,12.0236,67.7646,232.4664,0.2913,0.1831
2015-05-02T01:35:59.484Z,4.6684,74.4016,232.923,0.3201,0.0639,-7.5975,67.6974,233.4352,0.2897,-0.1137,11.7528,69.1083,232.724,0.2967,0.1698
2015-05-02T01:36:59.885Z,5.3425,74.9402,233.0135,0.3215,0.0721,-7.2392,68.9292,233.1348,0.2955,-0.1076,12.0232,69.4944,232.9951,0.2984,0.1737
2015-05-02T01:37:59.430Z,4.758,73.7041,233.0602,0.3157,0.0656,-7.1522,67.9628,233.2328,0.2913,-0.1068,11.802,70.6339,232.7267,0.303,0.1676
2015-05-02T01:38:59.709Z,5.3661,74.9525,232.7134,0.322,0.0698,-7.585,67.579,232.9799,0.2903,-0.1116,50.5287,100.5298,232.1952,0.4328,0.3718
2015-05-02T01:39:59.058Z,916.8895,1281.6377,231.4023,5.5426,0.6265,964.9916,1418.9249,231.1611,6.146,0.5833,1425.7745,1925.2956,229.605,8.3909,0.7492
2015-05-02T01:40:59.570Z,1186.6455,1585.8734,231.2587,6.8575,0.7482,1236.8465,1692.3849,230.9235,7.3281,0.7303,1684.7432,2232.5449,229.4255,9.7305,0.7546
2015-05-02T01:41:59.806Z,1194.0776,1591.3347,231.1547,6.8843,0.7502,1254.426,1701.3738,230.7147,7.3743,0.7377,1700.3207,2246.1836,229.7563,9.7761,0.7582
2015-05-02T01:42:59.984Z,1210.2955,1600.2879,231.1527,6.923,0.7572,1290.2162,1734.5972,231.0271,7.5081,0.7437,1713.7894,2263.5013,229.7413,9.8522,0.7584
2015-05-02T01:43:59.811Z,1227.1639,1614.0606,231.1809,6.982,0.7598,1317.379,1761.1323,231.5118,7.6071,0.7473,1728.5128,2281.5694,229.8771,9.9246,0.7591
2015-05-02T01:44:59.908Z,1238.1843,1621.8713,231.0081,7.02,0.7633,1346.5578,1780.7536,231.4828,7.6931,0.756,1750.5543,2306.1173,229.9535,10.0283,0.7596
2015-05-02T01:45:59.209Z,1266.6278,1643.4629,230.7794,7.1206,0.7705,1371.4893,1805.0115,231.5694,7.7945,0.7597,1767.7657,2313.023,229.6231,10.073,0.7637
2015-05-02T01:46:59.790Z,1282.6417,1658.8352,231.1178,7.1775,0.7727,1383.3274,1818.6164,231.7867,7.846,0.7604,1780.7804,2324.5492,229.972,10.1078,0.7669
2015-05-02T01:47:59.379Z,1292.2102,1666.1052,230.7109,7.2215,0.7759,1394.9724,1822.8226,231.4763,7.8748,0.7649,1791.3923,2328.4617,229.7523,10.1347,0.7697
2015-05-02T01:48:59.296Z,1326.6093,1693.1462,230.4248,7.3481,0.7835,1431.9658,1853.0244,231.2328,8.0133,0.7725,1821.3965,2350.566,229.5624,10.2391,0.7752
2015-05-02T01:49:59.525Z,1313.1104,1683.9317,230.7693,7.2967,0.7796,1405.9993,1836.7656,231.3075,7.941,0.7653,1794.7963,2325.1843,229.7102,10.1219,0.772
2015-05-02T01:50:59.647Z,1287.2211,1654.2491,230.9174,7.1636,0.7786,1369.4014,1804.0847,230.9703,7.8106,0.7596,1757.1564,2285.3322,229.3637,9.9636,0.7688
2015-05-02T01:51:59.095Z,1279.1947,1652.5568,230.7385,7.1617,0.7736,1357.2569,1785.7728,231.0738,7.7285,0.7603,1758.3015,2280.0419,229.3095,9.9428,0.77
2015-05-02T01:52:59.420Z,1286.801,1656.0282,230.5287,7.183,0.7783,1368.8924,1793.0154,231.1298,7.7573,0.7632,1768.864,2286.4636,229.1788,9.9771,0.7724
2015-05-02T01:53:59.650Z,1307.6167,1675.4842,230.5854,7.2665,0.7801,1391.3297,1813.1939,231.1776,7.843,0.7683,1794.0122,2310.0266,229.3042,10.0735,0.7787
2015-05-02T01:54:59.430Z,1308.7685,1671.057,230.651,7.245,0.7823,1400.4684,1821.2966,231.0202,7.8839,0.7691,1781.0105,2298.9744,228.9831,10.0394,0.774
2015-05-02T01:55:59.157Z,325.1122,466.1536,231.9278,2.0201,0.2491,337.3292,497.8449,232.0881,2.1489,0.1038,547.7697,704.1604,231.8231,3.059,0.6518
2015-05-02T01:56:59.447Z,6.8621,74.5513,232.3248,0.3205,0.0932,-7.86,68.9977,232.284,0.2971,-0.1164,12.0803,68.59,233.0048,0.2938,0.1765
2015-05-02T01:57:59.641Z,6.7388,75.1909,232.6368,0.3231,0.0886,-7.6311,68.744,232.0584,0.2963,-0.1141,11.9578,69.9458,233.5018,0.2997,0.1718
2015-05-02T01:58:59.032Z,6.5516,74.9159,232.7488,0.3224,0.0874,-7.8203,68.6446,231.9201,0.2961,-0.115,12.0139,68.9727,233.4449,0.2956,0.1746
2015-05-02T01:59:59.568Z,6.2733,74.3141,232.6546,0.3196,0.0857,-7.6855,65.8979,232.1311,0.2836,-0.1187,12.0955,68.6423,233.2235,0.2941,0.1775
2015-05-02T02:00:59.880Z,6.6238,72.0569,232.8584,0.31,0.0923,-8.0454,66.2619,232.3487,0.2845,-0.1213,12.0801,68.3941,233.3237,0.2926,0.179
2015-05-02T02:01:59.252Z,6.485,75.5812,232.7694,0.3249,0.0872,-7.6979,68.5699,232.3647,0.2957,-0.1131,11.8407,70.4561,233.7381,0.3017,0.1677
2015-05-02T02:02:59.552Z,6.7152,74.3339,232.6802,0.3195,0.0918,-7.8565,68.7897,232.8573,0.295,-0.1176,11.8948,69.4189,234.2148,0.2963,0.1746
2015-05-02T02:03:59.974Z,6.6581,74.9159,232.8949,0.322,0.0908,-7.6889,66.8055,232.5189,0.2873,-0.1165,11.6446,70.0091,234.1738,0.2993,0.1678
2015-05-02T02:04:59.245Z,7.2228,74.3454,233.1457,0.3182,0.0992,-7.6134,66.3512,230.9469,0.2874,-0.1168,11.8309,69.5157,234.4922,0.2964,0.1717
2015-05-02T02:05:59.504Z,7.2592,75.713,233.4331,0.3241,0.0968,-8.3402,67.2158,229.9816,0.2921,-0.1266,11.7652,70.5569,234.9075,0.3004,0.1689
2015-05-02T02:06:59.821Z,7.1995,74.3016,232.9038,0.3192,0.0976,-7.9103,68.3749,232.4454,0.2938,-0.1174,12.3463,68.8099,234.0921,0.2935,0.1807
2015-05-02T02:07:59.453Z,7.1233,74.2433,233.3734,0.318,0.0964,-7.8473,68.1092,232.9127,0.2921,-0.1168,12.3103,68.8964,233.9173,0.2941,0.1818
2015-05-02T02:08:59.790Z,6.7026,74.5129,233.2563,0.319,0.0913,-7.63,68.4766,232.829,0.2937,-0.1119,11.8801,70.1089,233.6511,0.2996,0.1719
2015-05-02T02:09:59.029Z,6.7052,74.5292,233.1689,0.3201,0.0912,-8.0689,68.521,233.6857,0.2933,-0.1184,12.3466,69.6552,233.4132,0.2982,0.1783
2015-05-02T02:10:59.602Z,5.3765,74.7471,233.4328,0.3205,0.0728,-6.6828,69.4428,233.961,0.2971,-0.0995,11.4711,69.1127,233.1037,0.2959,0.1668
2015-05-02T02:11:59.752Z,5.0073,74.2189,232.6841,0.3191,0.0681,-7.4149,67.8762,233.4796,0.2908,-0.1093,11.631,70.2365,233.0131,0.3014,0.1665
2015-05-02T02:12:59.309Z,4.8979,74.6946,232.6757,0.3211,0.065,-7.6463,69.101,233.3291,0.2962,-0.1118,12.4077,68.9652,232.724,0.2967,0.1766
2015-05-02T02:13:59.635Z,5.3508,75.0748,233.183,0.3218,0.0718,-7.5742,67.0028,233.6633,0.2866,-0.1155,11.9678,68.9614,232.7558,0.2967,0.1752
2015-05-02T02:14:59.186Z,5.259,72.9468,233.0529,0.3129,0.0747,-6.5523,67.0064,233.5473,0.2868,-0.1016,10.6316,69.7461,232.5577,0.2994,0.1564
2015-05-02T02:15:59.457Z,6.9407,75.3191,233.2584,0.3229,0.0933,-7.528,68.3536,233.1752,0.2932,-0.1099,11.5038,69.8025,232.8226,0.2998,0.1638
2015-05-02T02:16:59.821Z,6.8762,75.3665,233.1778,0.3228,0.092,-7.673,69.0414,233.1767,0.2962,-0.1139,11.3377,69.8593,232.9758,0.3003,0.1639
2015-05-02T02:17:59.200Z,6.6701,73.9439,232.6793,0.3176,0.0908,-7.7058,67.3386,232.916,0.2888,-0.1153,11.8938,68.9433,232.8866,0.2961,0.1744
2015-05-02T02:18:59.612Z,6.4299,74.8204,232.7141,0.3213,0.0857,-7.4301,67.2379,232.4815,0.2892,-0.1121,11.5014,68.9726,232.9478,0.2959,0.1685
2015-05-02T02:19:59.949Z,7.0629,75.1241,232.9009,0.3226,0.0941,-7.6448,68.3842,232.7951,0.2944,-0.1135,11.5704,68.9995,233.3619,0.2958,0.1707
2015-05-02T02:20:59.252Z,6.5427,74.4298,232.7933,0.3201,0.0894,-7.6878,68.4034,232.7262,0.2937,-0.1154,11.9198,69.2158,233.7691,0.2961,0.1729
2015-05-02T02:21:59.506Z,6.8496,74.5165,232.8199,0.3193,0.093,-7.9678,67.3487,232.531,0.2899,-0.1198,11.3797,71.0843,233.3286,0.3049,0.1628
2015-05-02T02:22:59.874Z,6.7916,74.1134,233.2152,0.3177,0.0909,-7.583,68.8757,232.9932,0.2955,-0.1121,11.1527,68.6935,232.8721,0.2956,0.1627
2015-05-02T02:23:59.614Z,6.2775,74.3378,232.2311,0.3196,0.0852,-7.7407,67.8973,233.8366,0.2903,-0.1147,11.4782,70.2876,232.8184,0.302,0.1636
2015-05-02T02:24:59.009Z,6.5702,75.9276,231.8738,0.3273,0.088,-7.4546,67.074,233.6686,0.287,-0.1168,11.3686,69.1612,232.5048,0.2974,0.1677
2015-05-02T02:25:59.214Z,4.837,74.3133,232.1392,0.3197,0.0657,-7.0558,68.4799,234.2324,0.2925,-0.1038,11.6831,69.4857,232.4407,0.2993,0.1698
2015-05-02T02:26:59.554Z,5.0656,73.8853,232.116,0.3187,0.0691,-7.4158,68.6802,234.263,0.2933,-0.1088,11.3915,69.9359,233.0767,0.2999,0.1645
2015-05-02T02:27:59.242Z,4.8604,73.8844,232.6867,0.3184,0.0658,-7.158,68.2825,234.5333,0.2911,-0.1049,11.6701,70.5408,233.2373,0.3029,0.1656
2015-05-02T02:28:59.530Z,5.3037,75.2912,233.6274,0.3223,0.0699,-8.0158,68.7398,234.4899,0.2932,-0.1163,11.992,71.1899,233.3304,0.3053,0.1681
2015-05-02T02:29:59.914Z,4.5297,76.0202,233.3752,0.3254,0.0602,-7.6515,68.3279,233.6512,0.2927,-0.1137,11.2238,68.2758,233.3965,0.2922,0.1641
2015-05-02T02:30:59.244Z,5.3324,75.2429,233.1332,0.3234,0.0718,-7.1942,70.002,233.1413,0.3003,-0.1046,11.3206,68.7692,233.0397,0.2953,0.1661
2015-05-02T02:31:59.394Z,5.444,74.7158,233.4308,0.3203,0.0745,-7.6345,68.1909,233.2577,0.2922,-0.1145,11.7341,70.8798,233.506,0.3035,0.166
2015-05-02T02:32:59.326Z,5.6547,75.2662,233.4378,0.3222,0.0758,-7.0238,67.5857,233.5367,0.2897,-0.106,12.1042,70.2637,233.2152,0.3018,0.1719
2015-05-02T02:33:59.584Z,4.837,75.2485,233.3352,0.3224,0.0638,-7.489,67.9807,233.6901,0.2909,-0.1143,11.3265,69.0899,233.2159,0.2966,0.1673
2015-05-02T02:34:59.064Z,4.6993,75.0993,233.4123,0.3212,0.0624,-7.2488,69.2336,233.56,0.2967,-0.1046,11.7527,68.2528,232.6788,0.2934,0.1734
2015-05-02T02:35:59.744Z,5.0809,74.6787,233.2504,0.3198,0.0686,-7.532,68.7659,233.6867,0.2938,-0.1113,11.7447,68.3347,233.2474,0.2926,0.1721
2015-05-02T02:36:59.375Z,5.0008,74.2984,233.5262,0.318,0.0677,-7.0054,69.082,234.1586,0.2954,-0.1037,11.0368,69.3056,232.9897,0.2971,0.1604
2015-05-02T02:37:59.939Z,5.9297,74.6807,233.7786,0.3193,0.0793,-7.6027,69.3397,234.1835,0.2958,-0.1124,11.6467,69.5075,233.0504,0.2983,0.1676
2015-05-02T02:38:59.568Z,5.3741,75.0438,233.5981,0.3212,0.0718,-7.6886,68.9851,234.0186,0.2949,-0.1137,11.8742,69.2877,232.8803,0.2974,0.174
2015-05-02T02:39:59.831Z,5.4512,74.9801,233.2871,0.3218,0.0726,-7.504,69.4089,233.6418,0.2974,-0.1092,11.7738,69.6124,232.4832,0.299,0.1697
2015-05-02T02:40:59.675Z,4.8665,75.2574,233.3076,0.3223,0.064,-7.6546,67.9716,233.44,0.2913,-0.113,11.8663,69.4653,232.3131,0.2991,0.1724
2015-05-02T02:41:59.635Z,4.9933,75.2809,233.2624,0.3225,0.0663,-7.1893,68.3445,233.4736,0.2926,-0.1073,11.5995,67.7138,232.7727,0.2909,0.1723
2015-05-02T02:42:59.885Z,5.4603,74.5104,233.1087,0.3195,0.0727,-7.4107,68.2551,233.2577,0.2927,-0.1096,11.426,69.3626,232.9866,0.2975,0.1662
2015-05-02T02:43:59.340Z,5.7617,72.9534,233.0168,0.3129,0.0803,-7.715,65.9598,233.0953,0.2828,-0.1194,12.036,70.5006,233.1218,0.3027,0.1739
2015-05-02T02:44:59.664Z,6.6355,74.5604,233.0216,0.3196,0.0892,-7.3688,67.7252,233.0167,0.2908,-0.1117,11.7507,71.1321,233.8338,0.3038,0.1671
2015-05-02T02:45:59.898Z,6.7846,74.0132,233.3001,0.3168,0.0912,-7.8399,67.1399,233.0329,0.2875,-0.1163,12.1704,71.1001,234.2567,0.3034,0.1711
2015-05-02T02:46:59.238Z,6.5583,74.4627,233.2363,0.3194,0.0897,-8.0749,67.773,232.3884,0.2913,-0.1198,12.2447,70.9426,234.7799,0.3023,0.1726
2015-05-02T02:47:59.456Z,6.8391,75.2223,233.472,0.322,0.0911,-7.6267,69.2091,232.81,0.297,-0.1124,12.0689,71.068,235.2078,0.3019,0.1719
2015-05-02T02:48:59.682Z,6.0096,74.0099,233.2882,0.3174,0.0815,-7.9255,68.2954,232.6749,0.2935,-0.1159,11.9288,69.628,234.4784,0.297,0.1737
2015-05-02T02:49:59.299Z,5.5801,75.9261,234.2214,0.3242,0.0737,-7.5261,67.826,231.1629,0.2939,-0.1137,12.2264,70.072,234.6179,0.2991,0.1736
2015-05-02T02:50:59.752Z,5.3553,74.684,234.2593,0.319,0.0734,-7.1174,68.0443,230.5766,0.2946,-0.108,11.6301,70.3416,235.0873,0.299,0.1668
2015-05-02T02:51:59.948Z,5.2353,75.4238,233.7679,0.3232,0.0709,-7.1682,68.4838,232.9018,0.294,-0.1063,11.7095,69.6101,234.544,0.2968,0.1695
2015-05-02T02:52:59.466Z,5.009,75.3943,233.8187,0.3221,0.0674,-6.9811,69.2627,233.2848,0.296,-0.1038,11.5353,69.889,234.2256,0.2989,0.1669
2015-05-02T02:53:59.432Z,4.9897,75.0695,234.1734,0.3201,0.0675,-7.0062,68.4413,233.2668,0.2935,-0.1022,11.4889,71.2549,234.2424,0.3038,0.163
2015-05-02T02:54:59.830Z,4.5904,75.019,234.0575,0.3204,0.0627,-7.4241,67.8872,232.9276,0.2917,-0.1096,11.6436,69.6407,234.2484,0.2974,0.1689
2015-05-02T02:55:59.096Z,5.1059,74.6647,234.4116,0.3187,0.068,-7.3546,69.6311,233.3859,0.2987,-0.1104,11.9089,70.88,234.241,0.3029,0.1694
2015-05-02T02:56:59.902Z,5.1876,74.2725,234.2603,0.3166,0.0708,-7.0491,69.1415,233.5952,0.296,-0.1032,11.8514,69.8471,233.8114,0.2986,0.1712
2015-05-02T02:57:59.317Z,5.571,75.1687,233.8343,0.3212,0.0756,-6.9967,65.5396,233.1001,0.2813,-0.1092,11.9818,68.4046,233.4611,0.2934,0.1802
2015-05-02T02:58:59.099Z,5.3276,74.2697,233.8581,0.3172,0.0731,-7.392,67.6241,232.7174,0.2903,-0.1133,11.9347,68.6903,233.811,0.2936,0.1758
2015-05-02T02:59:59.596Z,5.1739,75.1808,233.6588,0.3217,0.0695,-6.9149,68.2761,232.3693,0.2938,-0.102,12.036,70.0777,233.4863,0.3008,0.1732
2015-05-02T03:00:59.259Z,4.9691,73.0326,233.1784,0.313,0.0684,-7.4703,66.554,231.9957,0.287,-0.1148,11.7251,68.8922,232.8193,0.2967,0.1734
2015-05-02T03:01:59.827Z,5.3078,73.5677,232.9153,0.3155,0.0726,-7.2695,67.5305,232.5626,0.2903,-0.1089,12.09,70.0976,232.7778,0.3009,0.1745
2015-05-02T03:02:59.088Z,5.2238,74.0547,232.6997,0.3179,0.0712,-7.0017,69.2136,232.3811,0.2982,-0.1019,11.7511,69.0277,232.6797,0.2961,0.1719
2015-05-02T03:03:59.329Z,5.0137,73.9109,232.3704,0.3178,0.0687,-7.6713,66.4155,231.671,0.2865,-0.1165,11.6031,67.8429,231.3745,0.293,0.171
2015-05-02T03:04:59.808Z,5.3829,75.2222,232.6138,0.323,0.0718,-7.7059,66.5385,231.7902,0.287,-0.1193,11.6703,68.3807,231.5053,0.2955,0.1725
2015-05-02T03:05:59.463Z,5.0122,72.0883,232.1584,0.3104,0.0709,-6.9778,66.7208,232.0389,0.2877,-0.1058,12.3126,67.938,232.0143,0.2929,0.1828
2015-05-02T03:06:59.887Z,4.9978,74.48,231.7918,0.3209,0.0666,-7.5933,68.4124,231.8859,0.2948,-0.1146,11.7548,69.5417,231.576,0.3007,0.1682
2015-05-02T03:07:59.290Z,6.5899,74.3674,231.1426,0.3212,0.0889,-7.6789,67.1518,232.0518,0.2893,-0.1202,11.4446,67.3347,232.5546,0.2894,0.1709
2015-05-02T03:08:59.633Z,7.0311,73.481,231.4485,0.3178,0.0954,-7.4475,65.9202,232.1038,0.2844,-0.1179,12.3095,69.0376,233.1318,0.2957,0.1862
2015-05-02T03:09:59.369Z,6.3308,73.5266,231.3389,0.3179,0.0864,-7.8324,67.7559,232.0521,0.2919,-0.1167,12.188,68.9489,233.194,0.2953,0.1767
2015-05-02T03:10:59.956Z,6.3457,73.989,231.4195,0.3199,0.0865,-8.2505,67.9089,232.2625,0.2923,-0.1224,11.7445,69.5751,233.3334,0.2974,0.1705
2015-05-02T03:11:59.342Z,6.3494,73.6708,231.8733,0.318,0.0866,-7.966,68.2109,231.8167,0.2946,-0.1173,11.8334,67.2376,233.0032,0.2887,0.1768
2015-05-02T03:12:59.157Z,6.5474,74.6296,232.437,0.3212,0.0888,-7.7277,65.9954,231.6377,0.2847,-0.1177,11.7433,70.5093,233.2242,0.3028,0.1704
2015-05-02T03:13:59.450Z,6.7315,73.2334,231.5928,0.3161,0.0933,-7.6477,67.6558,231.9186,0.2915,-0.1128,11.8202,69.825,233.2763,0.2988,0.1708
2015-05-02T03:14:59.085Z,6.2358,73.6263,231.6057,0.3176,0.0846,-8.1261,68.5983,231.8771,0.296,-0.1204,11.9394,69.2429,232.6156,0.2976,0.1734
2015-05-02T03:15:59.699Z,6.1757,74.2697,231.6089,0.3204,0.084,-7.7888,69.0567,232.3254,0.2972,-0.1173,11.5126,69.2845,232.0308,0.2985,0.1655
2015-05-02T03:16:59.873Z,6.7793,74.4143,232.4634,0.3203,0.0937,-7.8725,67.9722,232.2124,0.2927,-0.1178,11.8667,68.7285,232.0593,0.2958,0.1718
2015-05-02T03:17:59.204Z,6.7017,73.7666,232.5694,0.3169,0.0912,-8.3204,67.4894,232.5176,0.2908,-0.1258,12.2121,69.083,232.0144,0.2973,0.1771
2015-05-02T03:18:59.687Z,6.3687,73.1048,232.4575,0.3145,0.0885,-7.3084,68.247,232.4553,0.2934,-0.1122,11.4759,68.9947,232.3239,0.297,0.1702
2015-05-02T03:19:59.070Z,6.69,74.4418,232.3197,0.3198,0.0911,-7.5789,68.4827,232.4581,0.2943,-0.1118,11.7117,69.3183,232.1859,0.2993,0.1706
2015-05-02T03:20:59.469Z,6.8443,75.307,232.564,0.323,0.0918,-7.7834,68.3568,231.882,0.2947,-0.116,11.8212,69.0121,232.5764,0.2965,0.1722
2015-05-02T03:21:59.757Z,7.2546,74.4791,232.3697,0.3202,0.0986,-7.9685,68.1778,231.3063,0.2947,-0.1181,11.8548,70.6531,233.7184,0.3021,0.1691
2015-05-02T03:22:59.937Z,6.8235,73.6787,232.6358,0.3165,0.0955,-7.5053,67.3087,231.2168,0.2912,-0.112,11.8864,69.4698,234.1046,0.2967,0.1717
2015-05-02T03:23:59.084Z,6.596,74.6382,232.6848,0.3204,0.0888,-8.2152,67.4273,231.3735,0.2915,-0.1233,11.9731,70.7475,234.0739,0.3025,0.1694
2015-05-02T03:24:59.307Z,7.1661,74.7014,232.35,0.3211,0.0973,-7.4614,67.3551,232.0685,0.2896,-0.1124,11.6425,68.6417,233.3375,0.2945,0.1709
2015-05-02T03:25:59.685Z,6.9478,73.2754,232.2025,0.3154,0.0955,-7.8369,68.4382,232.7885,0.2938,-0.1156,11.8042,69.3466,233.4624,0.2967,0.1703
2015-05-02T03:26:59.003Z,6.4851,74.8693,232.1994,0.3222,0.0877,-7.8659,68.3482,232.5546,0.2938,-0.1183,11.6061,70.5404,233.1678,0.3026,0.1651
2015-05-02T03:27:59.291Z,6.7705,74.172,232.2037,0.319,0.0932,-7.7435,66.854,232.1375,0.2878,-0.1178,11.6245,69.7423,232.6077,0.2997,0.1691
2015-05-02T03:28:59.771Z,6.3796,75.2066,232.0445,0.3242,0.0861,-7.6427,67.2428,232.1825,0.2898,-0.1151,11.621,69.1834,232.6191,0.2974,0.168
2015-05-02T03:29:59.572Z,6.4978,74.9155,232.1097,0.3222,0.0873,-7.5324,68.9791,232.1166,0.2969,-0.1133,11.6488,69.7419,232.5873,0.3,0.1699
2015-05-02T03:30:59.785Z,6.3631,74.3992,231.7753,0.3204,0.0865,-8.1284,68.3945,231.8616,0.2954,-0.1181,11.7615,70.4077,232.3412,0.3026,0.1682
2015-05-02T03:31:59.031Z,6.975,74.0642,232.13,0.3193,0.0963,-8.0584,67.853,232.449,0.2919,-0.1204,11.8163,70.5337,233.068,0.3023,0.1683
2015-05-02T03:32:59.241Z,6.6292,73.8107,230.8643,0.3199,0.0913,-7.4314,69.0121,232.3611,0.2969,-0.1082,12.1825,69.6884,232.9851,0.2989,0.1752
2015-05-02T03:33:59.546Z,6.3077,73.5009,230.2663,0.3191,0.087,-7.8895,67.6589,232.1,0.2913,-0.1199,11.9367,69.1384,232.6057,0.2973,0.1756
2015-05-02T03:34:59.797Z,6.3243,73.8667,230.3016,0.3204,0.0871,-7.7622,67.314,231.7505,0.2899,-0.1172,12.1526,69.2901,232.7727,0.2975,0.1748
2015-05-02T03:35:59.081Z,6.169,73.8943,230.014,0.3208,0.0843,-7.7372,67.7926,231.4887,0.2929,-0.1142,11.486,69.3019,232.2236,0.299,0.1651
2015-05-02T03:36:59.491Z,6.4831,73.8886,230.7407,0.32,0.0892,-7.4192,68.6523,231.2212,0.2974,-0.1108,11.9963,70.0414,232.5098,0.301,0.1732
2015-05-02T03:37:59.808Z,4.9203,75.868,232.0945,0.327,0.0652,-7.8998,66.814,230.6247,0.2893,-0.1212,11.5256,69.386,232.6616,0.2984,0.1667
2015-05-02T03:38:59.989Z,4.9403,74.1239,232.0224,0.3191,0.0658,-6.86,68.5929,230.4986,0.2975,-0.1011,11.3783,68.9142,232.6429,0.2961,0.166
2015-05-02T03:39:59.695Z,5.2008,74.4802,232.121,0.3203,0.0697,-6.6929,68.0983,230.9403,0.2949,-0.0992,11.5692,69.1531,231.7878,0.2981,0.1707
2015-05-02T03:40:59.049Z,5.8472,74.3868,232.346,0.3196,0.0791,-7.0556,66.8632,230.9206,0.2898,-0.106,11.8773,68.1892,231.8216,0.2944,0.1767
2015-05-02T03:41:59.391Z,4.7179,73.8943,232.2199,0.3179,0.0654,-7.1603,68.2148,230.9354,0.2956,-0.1067,11.6644,69.9759,231.8227,0.302,0.1674
2015-05-02T03:42:59.753Z,5.0122,73.052,231.9839,0.3149,0.0688,-7.291,66.1382,231.0646,0.2867,-0.1153,11.2126,67.8203,231.4712,0.2933,0.1679
2015-05-02T03:43:59.144Z,5.5983,75.2528,231.8804,0.3247,0.0762,-7.1142,67.0816,230.8246,0.2906,-0.1077,11.8944,69.3811,231.313,0.2996,0.1709
2015-05-02T03:44:59.187Z,5.4165,72.9091,231.6223,0.3143,0.0743,-7.2777,67.7281,230.6619,0.2936,-0.1076,11.0348,68.9781,231.19,0.2984,0.1613
2015-05-02T03:45:59.470Z,4.8833,73.5567,231.6264,0.3177,0.0673,-7.0373,68.5179,230.1568,0.2977,-0.1026,11.3691,68.9345,231.5701,0.2978,0.1656
2015-05-02T03:46:59.735Z,5.28,74.6149,231.6845,0.3224,0.0713,-7.7264,66.6391,230.2114,0.2898,-0.1176,11.4914,69.027,231.9525,0.2976,0.1669
2015-05-02T03:47:59.012Z,6.5787,73.6854,231.4857,0.3184,0.0886,-7.7779,67.7366,230.5024,0.294,-0.1159,12.3993,70.0119,232.4744,0.3008,0.1787
2015-05-02T03:48:59.292Z,6.1184,74.1718,231.784,0.3198,0.0825,-7.8257,67.4079,230.3838,0.2924,-0.1176,10.798,69.592,232.7159,0.2992,0.1554
2015-05-02T03:49:59.759Z,5.9575,75.0897,231.5542,0.3243,0.08,-7.6595,68.0016,230.6152,0.2946,-0.1144,12.151,70.4455,232.5621,0.303,0.1741
2015-05-02T03:50:59.199Z,6.6527,73.4607,231.3136,0.3174,0.0903,-7.9512,68.181,230.3877,0.2962,-0.1186,11.6232,68.7604,231.862,0.2966,0.1708
2015-05-02T03:51:59.763Z,6.9035,74.1199,231.2154,0.3201,0.0939,-7.9853,67.9959,230.3288,0.2951,-0.1191,11.7215,69.4407,231.838,0.2998,0.1695
2015-05-02T03:52:59.113Z,6.7346,72.69,231.1261,0.314,0.0958,-7.4733,65.6977,230.652,0.2848,-0.1221,11.5946,67.9883,231.5336,0.2934,0.1763
2015-05-02T03:53:59.476Z,6.7929,73.4767,231.0238,0.3175,0.0919,-7.5537,67.6112,230.5763,0.2937,-0.1166,11.7855,67.8636,231.2071,0.2935,0.1775
2015-05-02T03:54:59.061Z,7.1299,73.5898,231.1323,0.3185,0.098,-7.9111,67.8907,230.7992,0.2942,-0.1192,12.1997,68.4715,231.4149,0.296,0.1787
2015-05-02T03:55:59.221Z,6.887,74.0724,231.2707,0.3201,0.094,-7.8975,67.5175,231.0625,0.2924,-0.1184,11.7738,68.9759,231.9648,0.2971,0.1723
2015-05-02T03:56:59.638Z,6.6375,74.0837,231.5386,0.3202,0.0904,-8.0163,68.4174,231.9841,0.2946,-0.1182,11.7879,69.6516,232.4785,0.2997,0.1711
2015-05-02T03:57:59.141Z,6.693,73.6126,232.2375,0.3167,0.0927,-7.9064,68.1829,232.2645,0.2944,-0.1185,11.6564,70.1229,233.0109,0.3008,0.1665
2015-05-02T03:58:59.431Z,6.7188,74.7257,232.2375,0.3215,0.0905,-8.05,67.5103,232.1749,0.2911,-0.1205,11.6216,69.3713,232.8937,0.2976,0.1674
2015-05-02T03:59:59.540Z,6.3495,74.6784,232.2251,0.3216,0.0855,-7.8196,65.5932,231.4035,0.2836,-0.1205,11.8867,68.0293,232.7592,0.2926,0.1758
