2015-04-06T00:00:59.669Z,6.549,47.5914,231.8638,0.2049,0.14,-7.5057,36.6968,230.2671,0.1592,-0.2107,89.5058,97.4033,232.6726,0.4187,0.9195
2015-04-06T00:01:59.880Z,6.9915,48.6855,230.6386,0.211,0.1422,-6.8607,33.6207,229.435,0.1466,-0.2138,89.6243,97.2986,231.5538,0.4201,0.9214
2015-04-06T00:02:59.303Z,5.3401,47.5834,231.2818,0.2059,0.1118,-6.8232,35.7779,228.9426,0.1566,-0.1989,89.4172,96.4066,231.2096,0.4171,0.928
2015-04-06T00:03:59.637Z,6.0389,48.4289,231.1042,0.2092,0.1241,-7.0258,36.6379,229.7046,0.159,-0.1955,90.0941,97.2577,232.3054,0.4185,0.927
2015-04-06T00:04:59.816Z,6.7782,48.2992,231.5709,0.2085,0.1387,-7.0529,35.1119,229.6651,0.1531,-0.2049,89.8792,97.1211,232.3919,0.4179,0.926
2015-04-06T00:05:59.136Z,6.6066,47.8224,231.8186,0.2061,0.1381,-7.3573,35.8337,229.9822,0.1557,-0.2114,89.8649,97.1456,231.9959,0.4187,0.9257
2015-04-06T00:06:59.449Z,6.9664,48.5847,231.4785,0.21,0.1423,-6.7627,35.1514,230.4041,0.1524,-0.1976,91.0463,98.0642,232.732,0.4214,0.9297
2015-04-06T00:07:59.729Z,6.5382,47.4381,231.4802,0.2047,0.1364,-7.2424,35.6531,230.0237,0.1553,-0.2104,90.6095,98.0074,232.7973,0.4216,0.9259
2015-04-06T00:08:59.005Z,7.1517,48.3198,231.5178,0.2086,0.148,-6.9087,36.5421,230.195,0.1583,-0.1969,90.8538,97.9311,232.9194,0.4207,0.9279
2015-04-06T00:09:59.334Z,6.5904,48.2518,231.5361,0.208,0.1353,-6.5005,35.0991,230.4849,0.1524,-0.1934,90.8774,98.474,232.6235,0.4228,0.924
2015-04-06T00:10:59.631Z,6.5375,48.5869,231.7819,0.21,0.1344,-6.8697,34.3968,231.0119,0.1492,-0.2121,90.3219,98.171,232.6597,0.4218,0.9202
2015-04-06T00:11:59.850Z,6.7781,47.8845,231.3731,0.2071,0.1411,-7.4124,35.4448,230.9096,0.1533,-0.216,90.479,98.2758,232.4022,0.4233,0.9222
2015-04-06T00:12:59.203Z,6.399,48.0108,231.5017,0.2072,0.1317,-6.9149,35.0807,231.2507,0.1514,-0.2044,89.5761,96.9824,231.8502,0.4186,0.9242
2015-04-06T00:13:59.455Z,7.1914,48.2037,231.5148,0.2088,0.149,-6.9696,34.3481,231.8354,0.1478,-0.2168,90.6078,98.2,233.0824,0.4211,0.923
2015-04-06T00:14:59.667Z,5.9768,47.8781,230.3762,0.2076,0.1235,-7.2691,34.9801,231.573,0.1507,-0.2143,90.7181,98.0705,232.9113,0.4209,0.9256
2015-04-06T00:15:59.834Z,6.9274,46.8599,230.436,0.203,0.1464,-7.4922,33.0387,231.0911,0.1435,-0.2275,91.2933,99.1328,233.2435,0.425,0.9223
2015-04-06T00:16:59.214Z,6.7611,48.4246,230.6636,0.2103,0.1382,-7.3799,34.3147,230.7433,0.1489,-0.2266,91.0631,98.8836,233.5886,0.4233,0.9216
2015-04-06T00:17:59.526Z,5.9013,48.2207,231.4698,0.2085,0.1238,-6.9834,35.2637,231.154,0.152,-0.2048,91.2027,98.7559,233.6119,0.4229,0.9237
2015-04-06T00:18:59.828Z,5.2014,48.5297,231.7375,0.2091,0.1081,-6.7897,34.0325,231.7316,0.1467,-0.2067,91.0711,98.5008,233.4604,0.4213,0.9252
2015-04-06T00:19:59.092Z,5.7351,48.5904,230.9584,0.2103,0.1178,-6.8776,34.1704,231.5771,0.1481,-0.2082,91.116,98.643,233.4129,0.4226,0.9243
2015-04-06T00:20:59.434Z,6.4896,48.1132,230.8817,0.208,0.1342,-7.5674,34.8453,231.0805,0.1509,-0.2217,90.8859,98.549,233.4466,0.4226,0.9228
2015-04-06T00:21:59.744Z,6.3101,47.3651,230.8663,0.2047,0.1319,-6.9945,34.1829,231.0842,0.1476,-0.2137,91.273,99.1311,233.1212,0.4247,0.9219
2015-04-06T00:22:59.087Z,5.2186,48.2489,230.6262,0.2086,0.1082,-6.443,35.4532,231.5088,0.1532,-0.19,90.1691,97.8294,232.0642,0.4214,0.9227
2015-04-06T00:23:59.329Z,6.6297,48.5237,230.7287,0.2103,0.138,-7.239,35.0347,231.384,0.1515,-0.2135,90.9462,98.4329,233.2727,0.422,0.9252
2015-04-06T00:24:59.541Z,7.1216,48.0601,231.0038,0.2079,0.1477,-7.1766,33.6908,231.3864,0.1458,-0.2202,91.3713,99.3529,233.8225,0.4253,0.9209
2015-04-06T00:25:59.900Z,6.4983,48.5247,231.4802,0.2101,0.1309,-6.9686,36.8323,231.0012,0.1592,-0.1966,91.7416,99.5378,233.7407,0.4255,0.9223
2015-04-06T00:26:59.182Z,5.3496,48.262,232.3529,0.2079,0.11,-6.7867,34.7434,230.41,0.1511,-0.2047,91.2653,98.8851,233.923,0.4227,0.9236
2015-04-06T00:27:59.438Z,6.1478,48.2874,231.649,0.2092,0.1278,-6.658,33.7765,230.0424,0.1469,-0.21,91.5371,99.1895,233.894,0.424,0.9234
2015-04-06T00:28:59.695Z,6.4505,48.4873,232.4719,0.2088,0.1338,-6.954,35.8302,230.1341,0.1558,-0.2027,91.3093,99.2896,233.8315,0.4246,0.9207
2015-04-06T00:29:59.920Z,5.5188,49.1832,232.5381,0.2118,0.1111,-6.3471,33.2786,230.6155,0.1448,-0.2051,90.8102,97.5285,233.4848,0.418,0.9313
2015-04-06T00:30:59.219Z,5.6538,47.8956,231.3066,0.2063,0.1173,-7.005,34.891,229.284,0.1519,-0.2072,90.4996,98.3408,232.2581,0.423,0.921
2015-04-06T00:31:59.448Z,6.4601,49.2957,231.1167,0.2129,0.1293,-7.0708,34.1164,229.3362,0.1493,-0.2171,90.6632,97.8801,232.9402,0.42,0.9274
2015-04-06T00:32:59.804Z,6.667,48.046,231.2578,0.2077,0.1384,-6.9934,33.9191,229.0676,0.1475,-0.216,90.3576,97.8,232.8462,0.4198,0.9244
2015-04-06T00:33:59.074Z,5.5608,47.5183,231.9616,0.2049,0.1172,-6.9847,34.0314,231.4644,0.1472,-0.2092,91.4297,99.281,233.7733,0.424,0.9218
2015-04-06T00:34:59.268Z,5.9467,48.9465,231.3193,0.2114,0.1207,-6.8815,34.3985,231.396,0.1489,-0.2058,91.2027,99.3103,233.2147,0.4256,0.9188
2015-04-06T00:35:59.607Z,5.5486,48.3009,231.8447,0.208,0.1153,-7.0515,34.4315,231.3411,0.1489,-0.2155,90.7525,98.1077,232.9559,0.4214,0.9259
2015-04-06T00:36:59.807Z,5.3065,47.5733,232.1413,0.2051,0.1108,-6.6562,36.0553,230.7084,0.156,-0.1925,90.8904,98.3367,233.0186,0.4221,0.9246
2015-04-06T00:37:59.086Z,6.108,49.2688,231.2358,0.2127,0.1224,-6.9994,34.1239,230.9804,0.1479,-0.2136,91.4659,99.2369,233.3187,0.4253,0.9226
2015-04-06T00:38:59.329Z,4.7759,47.6564,231.9792,0.2055,0.1011,-6.7735,33.6119,230.8221,0.146,-0.2113,90.2348,97.3067,232.2535,0.4189,0.928
2015-04-06T00:39:59.669Z,5.7481,50.3416,232.0003,0.2167,0.1148,-7.067,36.0516,231.1443,0.1557,-0.2084,90.3704,98.6384,232.2107,0.4245,0.9171
2015-04-06T00:40:59.999Z,6.108,49.035,231.3699,0.2121,0.1252,-7.1829,36.3346,230.9697,0.1583,-0.2108,90.3522,98.275,232.6075,0.4222,0.9202
2015-04-06T00:41:59.358Z,6.1547,48.3553,231.2053,0.209,0.1278,-6.1891,35.9322,230.2185,0.1556,-0.1817,90.5679,98.1518,232.7169,0.4218,0.9235
2015-04-06T00:42:59.735Z,5.8814,49.0832,230.0251,0.2136,0.1202,-6.8043,36.3763,229.6474,0.1584,-0.199,90.5082,98.5376,232.7195,0.4234,0.9195
2015-04-06T00:43:59.034Z,6.4584,49.6593,231.4246,0.2148,0.1304,-7.4679,34.4499,230.9463,0.149,-0.222,90.6648,97.8358,233.3669,0.4188,0.9267
2015-04-06T00:44:59.287Z,6.7066,48.8968,231.5073,0.2111,0.1365,-7.368,35.4551,230.9512,0.1536,-0.2113,90.3658,98.5281,232.949,0.4232,0.9171
2015-04-06T00:45:59.643Z,5.5882,49.1898,231.4508,0.2129,0.1128,-6.9903,35.6675,230.8537,0.1543,-0.2014,90.2984,98.3747,232.5861,0.4232,0.919
2015-04-06T00:46:59.870Z,6.6589,49.0262,231.3533,0.2116,0.1342,-7.4355,37.4751,230.5726,0.1623,-0.2119,90.3096,98.3321,232.4912,0.4231,0.9186
2015-04-06T00:47:59.198Z,5.9189,49.9818,231.6457,0.2157,0.1186,-7.459,36.0276,230.3117,0.1569,-0.2133,90.1002,98.1316,232.468,0.4223,0.9183
2015-04-06T00:48:59.435Z,6.6536,49.6136,231.542,0.2144,0.134,-7.1522,36.2953,230.5665,0.1581,-0.2058,90.281,98.2921,232.9043,0.422,0.9189
2015-04-06T00:49:59.672Z,5.4653,48.3141,231.862,0.2086,0.1125,-6.5984,35.298,230.4766,0.1536,-0.1941,91.3001,98.5314,232.6231,0.4234,0.9274
2015-04-06T00:50:59.907Z,5.296,47.5217,231.29,0.2054,0.1103,-7.0078,34.0557,229.811,0.1482,-0.2089,90.4816,98.0812,232.043,0.4226,0.9234
2015-04-06T00:51:59.261Z,4.9599,48.6527,231.5589,0.2101,0.1024,-6.8604,35.599,229.448,0.155,-0.2018,90.1246,97.3786,232.0704,0.4197,0.9262
2015-04-06T00:52:59.511Z,5.1703,47.3889,232.6035,0.2035,0.1099,-6.1915,33.0865,229.2109,0.1441,-0.199,90.3167,97.758,231.7003,0.4218,0.9247
2015-04-06T00:53:59.803Z,6.8577,48.0102,232.0524,0.2068,0.1425,-7.4315,34.2886,230.8305,0.1487,-0.2268,90.9316,98.789,232.9474,0.4242,0.9212
2015-04-06T00:54:59.007Z,5.9687,48.4802,232.9877,0.2077,0.1233,-6.7276,36.211,231.6786,0.1566,-0.195,91.7397,99.3916,233.5174,0.426,0.924
2015-04-06T00:55:59.297Z,5.902,48.1465,233.009,0.2064,0.1233,-6.2824,34.496,231.571,0.1492,-0.1925,91.2105,98.7225,233.5888,0.4231,0.9245
2015-04-06T00:56:59.759Z,5.4307,47.8415,232.871,0.2055,0.1123,-6.8603,33.9085,231.7066,0.1465,-0.2099,91.5609,98.5792,233.5574,0.4215,0.9293
2015-04-06T00:57:59.949Z,5.5442,48.5654,232.7699,0.2087,0.1151,-6.7735,34.3221,229.7364,0.1493,-0.2038,91.0555,99.0578,233.2975,0.4246,0.92
2015-04-06T00:58:59.160Z,5.8563,47.9621,233.1453,0.2057,0.1223,-6.2621,33.9468,228.3174,0.1486,-0.1929,91.4346,98.7326,233.4532,0.4228,0.927
2015-04-06T00:59:59.350Z,5.8202,48.2722,232.0534,0.2081,0.1207,-6.8573,34.781,229.0407,0.152,-0.2057,90.1018,97.5805,232.5156,0.4201,0.9241
2015-04-06T01:00:59.755Z,6.5126,46.6508,231.0364,0.2018,0.14,-7.1062,36.2109,229.5114,0.1575,-0.2044,90.0073,97.9646,231.4775,0.4235,0.9199
2015-04-06T01:01:59.204Z,6.8394,47.8176,230.5379,0.2072,0.1427,-7.3568,33.9466,229.9142,0.1474,-0.2257,90.3147,97.6927,231.9693,0.4213,0.9252
2015-04-06T01:02:59.670Z,6.6753,47.0751,230.7351,0.2037,0.1407,-6.4926,35.3127,229.9313,0.1535,-0.1933,90.5309,98.4729,232.7184,0.4233,0.9197
2015-04-06T01:03:59.894Z,5.8814,47.7148,231.6162,0.2065,0.1227,-7.0181,35.1674,230.7615,0.1523,-0.2022,90.9096,98.2895,232.7101,0.4222,0.9257
2015-04-06T01:04:59.304Z,6.5548,48.7051,231.454,0.2101,0.1353,-7.0336,35.8942,231.2153,0.1547,-0.2058,91.3736,98.9149,233.2011,0.4237,0.9238
2015-04-06T01:05:59.563Z,6.601,48.2363,231.1849,0.2087,0.1369,-6.9263,36.5752,230.8986,0.1578,-0.2025,91.5835,99.029,232.9649,0.4253,0.9256
2015-04-06T01:06:59.739Z,5.4164,48.2978,231.4199,0.2092,0.1133,-6.9952,32.7452,230.9558,0.1418,-0.2199,90.7679,97.5162,232.9498,0.4187,0.932
2015-04-06T01:07:59.000Z,5.2436,48.4852,231.8056,0.2092,0.1093,-6.2821,34.736,230.6242,0.1504,-0.1916,90.3062,98.101,232.6547,0.4218,0.9219
2015-04-06T01:08:59.317Z,5.4389,48.5973,231.391,0.21,0.1117,-6.5379,35.729,230.2562,0.1549,-0.1891,90.9453,98.0212,232.6418,0.4215,0.9285
2015-04-06T01:09:59.820Z,5.6722,47.4686,231.02,0.206,0.1186,-6.7508,34.771,229.7898,0.152,-0.2058,90.2898,97.6774,232.1137,0.4212,0.9256
2015-04-06T01:10:59.103Z,6.3178,48.031,230.516,0.2087,0.1313,-7.3202,36.2523,228.8338,0.159,-0.2103,90.1239,97.4379,231.6961,0.4202,0.9259
2015-04-06T01:11:59.448Z,5.3901,48.2567,230.6957,0.209,0.1118,-6.3411,35.1704,229.4762,0.1532,-0.1922,89.207,96.5864,231.3,0.4176,0.9243
2015-04-06T01:12:59.654Z,6.2892,48.3287,230.9451,0.209,0.131,-7.0482,33.3126,229.6877,0.1452,-0.2234,89.7162,97.0083,231.2528,0.4197,0.9247
2015-04-06T01:13:59.894Z,6.4704,48.2738,231.1232,0.2092,0.1331,-7.4015,33.8811,229.941,0.1473,-0.2242,90.2215,97.9753,231.9068,0.4223,0.922
2015-04-06T01:14:59.067Z,7.2262,48.2007,231.9733,0.2073,0.1488,-6.8367,33.4452,230.5633,0.1447,-0.2138,90.7042,98.1001,232.8089,0.4211,0.9252
2015-04-06T01:15:59.249Z,5.5081,47.4209,232.8809,0.204,0.117,-6.227,32.9951,231.0345,0.1429,-0.1926,90.8577,98.1403,232.9765,0.4209,0.9264
2015-04-06T01:16:59.443Z,6.4837,48.077,231.3248,0.2081,0.1348,-7.069,34.1527,230.841,0.1478,-0.217,90.5363,98.0313,232.6085,0.4213,0.924
2015-04-06T01:17:59.730Z,6.7833,47.4484,230.5909,0.2059,0.142,-6.9599,33.4975,231.3913,0.1448,-0.2186,90.8204,98.4847,233.2981,0.422,0.9235
2015-04-06T01:18:59.037Z,6.6217,48.4503,230.7639,0.2099,0.1368,-7.1428,35.8468,231.5497,0.1549,-0.2112,91.6889,99.0719,233.4417,0.4243,0.926
2015-04-06T01:19:59.365Z,5.768,48.5488,229.9242,0.2112,0.1185,-7.1255,36.677,231.7875,0.1579,-0.204,91.4723,98.9301,233.2588,0.4243,0.9257
2015-04-06T01:20:59.612Z,5.5493,47.8865,230.557,0.2076,0.1174,-6.7078,34.0882,230.967,0.1476,-0.202,90.498,98.0721,233.0758,0.421,0.9229
2015-04-06T01:21:59.884Z,6.1464,47.5334,230.1175,0.2064,0.1296,-6.8344,36.9976,231.5944,0.1596,-0.194,90.7042,98.6193,232.48,0.4245,0.9204
2015-04-06T01:22:59.189Z,6.9974,48.2376,229.9497,0.2094,0.1458,-6.9501,32.601,231.0942,0.1411,-0.2197,89.7997,96.7284,231.9277,0.4172,0.9291
2015-04-06T01:23:59.535Z,5.7649,46.9567,230.9116,0.2034,0.122,-6.8945,33.8754,231.5493,0.146,-0.2115,90.8451,98.2167,232.608,0.4227,0.9262
2015-04-06T01:24:59.751Z,5.6303,48.2649,230.902,0.2089,0.1159,-7.1202,33.3621,231.2676,0.145,-0.2183,90.7523,98.2122,233.3188,0.4204,0.925
2015-04-06T01:25:59.037Z,5.6408,48.7726,232.6744,0.2098,0.1153,-6.6947,34.4645,231.2115,0.1488,-0.2013,91.7456,99.5463,233.9381,0.4252,0.9229
2015-04-06T01:26:59.256Z,6.168,48.6355,232.5568,0.2096,0.1248,-7.2442,32.0664,231.3597,0.138,-0.2302,91.7664,99.3304,233.998,0.4245,0.9243
2015-04-06T01:27:59.489Z,6.598,48.3984,232.1509,0.2081,0.1349,-6.8033,34.4569,231.3704,0.1485,-0.2048,91.7479,99.8703,233.6834,0.4271,0.9193
2015-04-06T01:28:59.798Z,5.4644,48.3277,232.5998,0.2075,0.1134,-6.9727,35.2862,230.6016,0.1532,-0.206,91.5262,99.1754,234.0297,0.4245,0.9233
2015-04-06T01:29:59.079Z,6.2851,48.4106,232.2979,0.2084,0.1286,-6.7311,34.483,230.2426,0.1501,-0.2039,91.8916,98.5477,233.82,0.4213,0.9326
2015-04-06T01:30:59.403Z,5.6132,49.5291,232.3916,0.2126,0.114,-6.1762,34.8212,226.8937,0.1535,-0.186,91.348,98.7037,233.564,0.4223,0.9257
2015-04-06T01:31:59.656Z,5.8485,48.0409,232.7067,0.2061,0.1221,-6.9598,33.4798,226.1535,0.148,-0.2147,91.3832,98.7335,232.5824,0.4248,0.9264
2015-04-06T01:32:59.909Z,5.0651,47.9921,232.3513,0.2066,0.1065,-5.9097,33.6993,229.247,0.1475,-0.1847,89.5457,97.1484,231.4568,0.4198,0.9226
2015-04-06T01:33:59.204Z,6.4832,49.232,232.5398,0.2118,0.1306,-7.5279,36.0791,230.2433,0.1566,-0.2168,90.504,98.2473,232.4943,0.4227,0.9221
2015-04-06T01:34:59.425Z,6.5698,48.0918,231.8869,0.2075,0.1366,-7.2885,34.3332,231.281,0.1484,-0.2176,91.0519,98.6199,233.3867,0.4222,0.9238
2015-04-06T01:35:59.853Z,6.4992,48.4458,231.5864,0.2095,0.1343,-7.2793,35.1641,231.2147,0.1524,-0.2175,90.7162,98.3315,233.207,0.4217,0.9227
2015-04-06T01:36:59.122Z,6.5666,48.7754,231.7343,0.2104,0.1343,-7.138,36.4703,231.2499,0.1578,-0.2075,90.8081,98.2815,233.3233,0.4209,0.9252
2015-04-06T01:37:59.338Z,5.1608,47.7098,232.0104,0.2061,0.1083,-6.6603,34.6834,232.0943,0.1492,-0.197,90.6775,98.3445,233.034,0.4224,0.9227
2015-04-06T01:38:59.553Z,6.6099,48.4466,232.0911,0.2089,0.1341,-7.5786,35.0851,232.1682,0.1511,-0.2245,91.3321,98.839,233.7638,0.4231,0.9254
2015-04-06T01:39:59.876Z,5.8552,48.5393,232.3069,0.2088,0.1199,-6.5395,37.2247,231.6004,0.1609,-0.1886,91.0752,98.0015,233.3377,0.42,0.9296
2015-04-06T01:40:59.166Z,6.1162,48.267,231.8778,0.208,0.1249,-6.5638,34.617,231.488,0.1493,-0.1991,90.6358,98.199,232.6313,0.422,0.924
2015-04-06T01:41:59.342Z,6.99,48.424,231.1457,0.2092,0.1441,-7.1435,34.5293,230.656,0.1495,-0.2164,91.2814,98.9748,233.2362,0.4241,0.9226
2015-04-06T01:42:59.749Z,6.1876,47.599,230.962,0.2055,0.1308,-6.8821,35.748,230.5763,0.155,-0.2,91.0505,98.8964,233.3433,0.4236,0.9213
2015-04-06T01:43:59.040Z,6.0519,48.1888,231.5639,0.2087,0.1264,-6.9352,34.5322,231.4307,0.1491,-0.2153,91.4951,98.6627,234.042,0.4217,0.9278
2015-04-06T01:44:59.505Z,6.9246,48.8813,232.3835,0.2099,0.1415,-7.6234,36.3878,232.4923,0.1565,-0.2164,91.4025,99.2074,233.7675,0.4242,0.9219
2015-04-06T01:45:59.871Z,6.591,47.8332,232.1017,0.2057,0.1366,-7.2058,33.9376,232.2029,0.1458,-0.2201,90.8345,98.6783,233.5322,0.422,0.9217
2015-04-06T01:46:59.180Z,7.0406,49.3066,232.6734,0.212,0.1412,-7.1418,33.9139,229.1677,0.1481,-0.2233,91.6972,99.4621,234.5192,0.4238,0.923
2015-04-06T01:47:59.470Z,6.6881,49.7451,233.0392,0.2136,0.1351,-7.4379,35.9029,229.7588,0.1567,-0.2131,91.1534,99.0144,233.7452,0.4236,0.9212
2015-04-06T01:48:59.797Z,6.1812,48.7713,232.3125,0.2103,0.1262,-7.3862,35.1768,232.1159,0.1521,-0.216,91.5262,99.4133,233.7626,0.4248,0.9209
2015-04-06T01:49:59.049Z,6.0228,47.9494,232.6198,0.2057,0.1258,-7.1759,36.1214,231.7833,0.1554,-0.2063,91.524,98.4476,233.6483,0.421,0.9299
2015-04-06T01:50:59.381Z,6.3015,48.3941,231.5146,0.2089,0.1277,-7.2914,35.2916,231.2625,0.1523,-0.2102,91.487,98.8285,233.3508,0.4237,0.9265
2015-04-06T01:51:59.658Z,5.5166,47.8354,231.2937,0.2073,0.1157,-6.79,34.5557,230.5746,0.1499,-0.204,90.9799,98.6928,233.5708,0.4225,0.9229
2015-04-06T01:52:59.007Z,6.6447,48.1894,230.7247,0.2087,0.1366,-6.4962,36.3732,229.9112,0.158,-0.1877,91.3832,99.0529,233.4822,0.4243,0.9231
2015-04-06T01:53:59.248Z,5.4067,49.1269,232.0488,0.2116,0.1096,-6.594,35.2968,231.0114,0.1527,-0.198,91.2564,99.2277,233.5413,0.4248,0.9199
2015-04-06T01:54:59.531Z,5.8376,48.5555,232.596,0.2085,0.1185,-6.7589,36.834,231.448,0.1591,-0.1904,91.1992,98.5097,233.3358,0.422,0.9263
2015-04-06T01:55:59.790Z,6.2662,48.0567,232.1728,0.2067,0.1313,-7.1466,35.4445,231.2047,0.1536,-0.21,90.7388,98.3409,233.0791,0.4216,0.9237
2015-04-06T01:56:59.121Z,5.9713,48.6117,232.3902,0.2096,0.1233,-7.143,34.5981,231.4999,0.1499,-0.2161,91.4628,98.735,233.4539,0.4229,0.9262
2015-04-06T01:57:59.480Z,6.4925,48.2326,231.9479,0.2078,0.1337,-6.9455,35.2695,231.168,0.1526,-0.2035,90.9685,98.2447,233.3665,0.4207,0.9264
2015-04-06T01:58:59.681Z,6.9101,48.8198,231.9501,0.2107,0.1397,-6.9982,35.8909,231.2654,0.1549,-0.2066,91.3442,99.1893,233.3703,0.4249,0.9216
2015-04-06T01:59:59.879Z,6.4222,48.2337,232.2421,0.2075,0.1321,-6.4021,35.188,230.947,0.1519,-0.1931,91.131,98.7184,233.1196,0.4234,0.9242
