2015-04-30T00:00:59.261Z,6.516,66.9232,230.3206,0.2909,0.0982,-7.3622,61.3853,231.6383,0.2653,-0.1226,11.539,63.0788,232.6896,0.2714,0.1847
2015-04-30T00:01:59.596Z,6.7026,69.2866,230.9044,0.3001,0.0962,-7.7677,63.9668,232.3827,0.2752,-0.1244,11.4557,63.9195,233.708,0.2737,0.1795
2015-04-30T00:02:59.129Z,6.795,69.3971,231.2332,0.2996,0.0988,-7.9437,64.4462,232.6806,0.2771,-0.1248,11.077,64.8818,234.1683,0.277,0.1731
2015-04-30T00:03:59.665Z,6.7165,69.435,230.7421,0.3011,0.0987,-7.1357,64.5828,232.2229,0.2775,-0.1128,11.2093,65.4246,233.6629,0.2797,0.1721
2015-04-30T00:04:59.035Z,6.6331,68.2123,229.2276,0.2977,0.0992,-8.0613,61.3791,230.4203,0.2664,-0.1344,11.2019,65.2612,234.0704,0.2783,0.1731
2015-04-30T00:05:59.664Z,6.7617,70.3578,229.2072,0.307,0.0972,-8.2016,63.164,229.69,0.2757,-0.1321,11.4016,65.5952,234.5457,0.28,0.1736
2015-04-30T00:06:59.093Z,6.5726,68.7309,229.5021,0.2992,0.0962,-7.9029,63.1048,232.4737,0.2714,-0.1276,11.6013,65.5911,234.2109,0.2798,0.1781
2015-04-30T00:07:59.477Z,6.7278,68.2103,230.2205,0.2958,0.0997,-8.1412,62.3566,233.2299,0.2679,-0.1323,11.6146,64.2986,234.3698,0.2741,0.182
2015-04-30T00:08:59.729Z,6.576,69.0089,231.1383,0.2988,0.0972,-7.586,63.3473,232.3167,0.2725,-0.1214,11.3285,64.3293,233.034,0.2764,0.1765
2015-04-30T00:09:59.145Z,6.808,69.1579,232.0548,0.2978,0.1001,-7.6079,63.2396,232.5467,0.2717,-0.1229,12.0557,64.8091,232.1972,0.2793,0.1861
2015-04-30T00:10:59.411Z,6.1312,69.3422,231.5384,0.3,0.0902,-8.2855,62.9831,232.4384,0.2707,-0.1329,11.4245,64.8387,234.1785,0.2771,0.1786
2015-04-30T00:11:59.653Z,6.8974,70.0287,231.9847,0.3014,0.0995,-7.377,63.7035,232.6571,0.2738,-0.1193,11.4082,65.6242,234.6877,0.2798,0.1758
2015-04-30T00:12:59.807Z,6.2836,71.0664,231.5586,0.3074,0.0896,-7.8337,62.6429,232.1322,0.2695,-0.1264,11.2474,64.6842,234.4474,0.276,0.175
2015-04-30T00:13:59.063Z,6.0379,69.36,230.2801,0.3011,0.0864,-7.6066,62.0517,230.9749,0.2687,-0.1234,11.3467,63.824,233.4934,0.2734,0.1793
2015-04-30T00:14:59.413Z,5.6745,69.2126,230.6475,0.3002,0.0843,-8.0211,62.3992,231.18,0.2701,-0.1297,11.847,64.5359,233.5051,0.2763,0.1842
2015-04-30T00:15:59.946Z,6.4532,68.7623,230.9814,0.2978,0.0933,-7.5447,62.8529,231.6924,0.2709,-0.1235,11.637,63.8074,233.5728,0.2735,0.1833
2015-04-30T00:16:59.196Z,7.766,70.3584,231.8418,0.3034,0.1101,-7.2021,63.0291,232.2237,0.2719,-0.1161,11.9234,64.9438,234.0935,0.277,0.1848
2015-04-30T00:17:59.711Z,7.0904,70.1779,232.4452,0.3018,0.102,-7.7089,62.8098,230.0964,0.2734,-0.126,11.3733,64.4442,234.8286,0.2739,0.1768
2015-04-30T00:18:59.004Z,6.2957,70.6571,232.5121,0.3039,0.0897,-8.1086,61.9146,229.6832,0.2689,-0.1323,11.9234,63.872,234.7162,0.2723,0.188
2015-04-30T00:19:59.288Z,6.6364,70.5557,232.3751,0.3032,0.0957,-7.6233,62.8544,232.5163,0.2702,-0.1214,11.2722,64.0627,233.2877,0.2743,0.1777
2015-04-30T00:20:59.523Z,6.1692,69.4255,232.6743,0.2985,0.0901,-7.7995,62.5063,232.4541,0.2688,-0.1252,11.7387,64.2565,233.2193,0.2752,0.1843
2015-04-30T00:21:59.185Z,6.4547,69.4701,232.6469,0.298,0.0941,-8.0227,63.507,232.8106,0.2726,-0.127,11.4426,63.8411,233.8066,0.2729,0.1809
2015-04-30T00:22:59.590Z,6.4314,69.5563,231.4903,0.2999,0.0933,-7.2297,63.5632,231.5124,0.2747,-0.1153,11.2001,64.4483,232.4589,0.2767,0.1753
2015-04-30T00:23:59.829Z,6.6005,70.5832,231.2431,0.3045,0.0955,-7.7473,62.6625,231.1501,0.2715,-0.126,11.0411,64.4538,231.9645,0.2776,0.1729
2015-04-30T00:24:59.965Z,6.631,69.0554,231.2658,0.2982,0.0967,-7.7045,62.1199,231.0826,0.2686,-0.1253,11.2262,63.8605,231.4792,0.2765,0.178
2015-04-30T00:25:59.308Z,6.6171,69.4978,231.1757,0.3008,0.0951,-7.6834,63.9776,231.0571,0.277,-0.1204,11.3236,63.6004,231.9327,0.2741,0.1796
2015-04-30T00:26:59.581Z,6.7359,70.6354,231.7907,0.3047,0.0964,-7.6843,60.9134,231.6498,0.2633,-0.1255,11.2884,64.4557,232.6646,0.2771,0.1769
2015-04-30T00:27:59.293Z,6.5613,70.1744,231.6075,0.3031,0.0946,-7.6953,61.2604,231.6692,0.2644,-0.1268,11.1805,62.6958,232.7764,0.2692,0.1788
2015-04-30T00:28:59.526Z,6.9225,69.4566,232.558,0.2984,0.099,-8.0069,62.9385,232.4722,0.2708,-0.1277,11.6119,65.2086,233.0433,0.2796,0.1798
2015-04-30T00:29:59.793Z,6.6692,69.366,232.3909,0.2984,0.0984,-7.552,61.6554,232.044,0.2653,-0.1249,10.9882,63.4303,233.0105,0.2722,0.1746
2015-04-30T00:30:59.358Z,6.464,69.1174,232.5137,0.2971,0.0942,-7.7624,63.8491,232.3844,0.2745,-0.1244,11.0843,66.1893,234.092,0.282,0.1698
2015-04-30T00:31:59.545Z,6.6885,70.2211,232.9588,0.3013,0.0973,-7.6627,62.8112,232.875,0.2702,-0.1215,11.6872,64.2103,234.4253,0.2736,0.1832
2015-04-30T00:32:59.625Z,6.8399,70.0159,233.0648,0.3007,0.1004,-7.9278,61.6018,232.9781,0.2643,-0.1296,11.3758,62.9844,234.2563,0.2691,0.1812
2015-04-30T00:33:59.941Z,6.7861,70.8014,232.9076,0.304,0.0967,-7.0721,61.7213,232.6597,0.265,-0.1189,11.431,65.0449,233.9903,0.2774,0.1778
2015-04-30T00:34:59.151Z,6.2947,69.2564,232.6913,0.2979,0.0922,-7.6081,63.9344,232.356,0.2757,-0.1202,11.6351,64.816,233.8353,0.2772,0.1812
2015-04-30T00:35:59.335Z,6.1683,70.133,232.5834,0.3011,0.0891,-7.4432,61.6348,232.3058,0.265,-0.1214,11.5836,63.5291,233.7215,0.2718,0.1823
2015-04-30T00:36:59.039Z,6.8949,70.5433,232.4686,0.3038,0.0992,-7.5742,60.9177,231.1473,0.2639,-0.128,11.6896,62.0601,233.7251,0.2658,0.189
2015-04-30T00:37:59.303Z,6.5608,70.17,232.4674,0.3015,0.0947,-7.7092,61.0812,229.2563,0.2665,-0.1274,11.6822,64.2454,234.0887,0.2747,0.1825
2015-04-30T00:38:59.843Z,6.4328,69.6545,232.3954,0.2998,0.0934,-7.5148,63.1623,231.9062,0.272,-0.1205,11.8102,63.4922,233.5409,0.272,0.1878
2015-04-30T00:39:59.968Z,6.7484,70.2084,232.0803,0.3024,0.0965,-7.742,61.0398,232.418,0.2624,-0.1301,11.2732,62.1458,233.2024,0.2665,0.1835
2015-04-30T00:40:59.177Z,6.8419,70.8673,232.375,0.3052,0.0972,-7.1876,61.156,232.4318,0.2631,-0.1188,11.1722,63.7259,233.1734,0.2736,0.1749
2015-04-30T00:41:59.471Z,6.8865,71.0526,232.2732,0.3052,0.0973,-7.6985,62.996,232.6636,0.2711,-0.1254,11.2899,65.5008,233.7671,0.2802,0.1735
2015-04-30T00:42:59.244Z,6.9185,70.4387,232.8135,0.3027,0.0987,-7.5399,63.394,232.991,0.2718,-0.1197,11.3966,65.0902,234.4779,0.2776,0.1759
2015-04-30T00:43:59.552Z,6.6056,68.9551,232.5174,0.2964,0.096,-7.6285,63.0049,232.3533,0.2712,-0.1262,11.8891,63.7621,234.4686,0.2716,0.1887
2015-04-30T00:44:59.842Z,6.6023,68.9626,231.6372,0.2979,0.0972,-8.2617,63.433,231.5714,0.2746,-0.1312,11.4488,64.3063,233.796,0.275,0.1793
2015-04-30T00:45:59.952Z,7.1516,70.2316,232.047,0.3026,0.1025,-7.5276,59.9493,231.7135,0.2589,-0.1241,11.3597,63.4496,233.4754,0.2712,0.1795
2015-04-30T00:46:59.083Z,6.5081,69.9689,232.0226,0.3019,0.094,-7.6661,61.4121,231.3315,0.2655,-0.1261,11.0845,62.3526,233.2501,0.2667,0.1788
2015-04-30T00:47:59.719Z,6.5799,70.7628,232.1908,0.3048,0.0934,-7.7293,63.0698,231.558,0.2725,-0.1226,11.3554,65.7358,233.37,0.282,0.1752
2015-04-30T00:48:59.262Z,6.6498,70.2558,232.1095,0.3026,0.097,-7.4481,62.1013,230.8273,0.2691,-0.1253,11.4131,64.3798,231.9541,0.2774,0.1808
2015-04-30T00:49:59.141Z,7.2198,67.8347,231.6884,0.2928,0.1078,-7.5838,62.4454,230.4527,0.2713,-0.1244,11.4672,64.3141,232.2582,0.2772,0.1799
2015-04-30T00:50:59.369Z,6.2502,68.2583,231.4289,0.2946,0.0932,-7.5261,62.3195,231.2648,0.2697,-0.1229,11.8037,64.883,233.1164,0.2783,0.1822
2015-04-30T00:51:59.347Z,6.3212,70.8231,230.823,0.3067,0.0903,-7.7653,61.2319,230.8467,0.2653,-0.1271,11.7407,64.3325,232.916,0.2759,0.1841
2015-04-30T00:52:59.638Z,6.4903,70.2004,231.6589,0.3031,0.0942,-7.0567,63.2671,230.8448,0.274,-0.1148,11.6053,63.6807,232.8293,0.2736,0.1822
2015-04-30T00:53:59.881Z,6.3919,70.2791,231.7959,0.3033,0.0929,-7.2543,63.1792,230.567,0.2742,-0.1195,11.1389,64.0716,232.4529,0.2754,0.1756
2015-04-30T00:54:59.548Z,6.1838,69.1685,230.3601,0.3003,0.0892,-7.5667,63.094,230.6087,0.2737,-0.1204,11.6676,63.7425,232.3087,0.2741,0.1845
2015-04-30T00:55:59.734Z,6.8673,69.6995,230.9713,0.3021,0.0987,-7.8365,62.9333,229.7922,0.2737,-0.1242,12.1099,64.0159,233.019,0.2751,0.1904
2015-04-30T00:56:59.013Z,7.0204,68.9269,231.333,0.298,0.1032,-7.6658,61.7876,228.1324,0.2709,-0.127,11.7029,64.1926,233.7948,0.2748,0.1837
2015-04-30T00:57:59.336Z,6.0782,69.7893,230.7104,0.3016,0.0887,-7.7409,62.0636,229.9988,0.2697,-0.1252,10.874,64.4682,232.7857,0.2774,0.1687
2015-04-30T00:58:59.091Z,6.3448,69.0576,232.0823,0.2976,0.0954,-7.4195,63.1871,231.012,0.2733,-0.1224,12.3442,64.1624,233.9402,0.274,0.1953
2015-04-30T00:59:59.468Z,7.0073,70.5614,233.2844,0.3026,0.0999,-7.7903,62.8484,231.7763,0.2711,-0.1266,11.5353,66.9156,234.2545,0.2854,0.1742
2015-04-30T01:00:59.881Z,6.7273,68.3408,232.8701,0.2937,0.0975,-7.327,61.2007,231.5737,0.2641,-0.123,10.9702,64.1336,233.3003,0.2752,0.1733
2015-04-30T01:01:59.069Z,6.6829,70.6349,231.9722,0.3046,0.0953,-7.5099,63.2142,231.5477,0.2737,-0.12,11.5683,65.2902,232.4659,0.2806,0.1774
2015-04-30T01:02:59.870Z,6.5248,70.3574,231.8235,0.3032,0.0945,-7.7127,63.9098,231.5592,0.2754,-0.1223,11.5449,64.2912,232.3868,0.2764,0.1802
2015-04-30T01:03:59.985Z,6.7857,69.1846,232.3848,0.2977,0.1009,-8.0715,61.1925,232.1588,0.2629,-0.134,11.3824,62.2601,232.6189,0.2676,0.1882
2015-04-30T01:04:59.172Z,6.9273,70.1392,232.7391,0.3015,0.1013,-7.11,62.9996,232.2931,0.271,-0.1131,10.7604,65.0516,232.81,0.2793,0.168
2015-04-30T01:05:59.714Z,6.2784,68.4826,232.1272,0.2948,0.0925,-7.6426,63.5543,232.9499,0.2725,-0.1226,11.3752,65.3096,232.9292,0.2807,0.1749
2015-04-30T01:06:59.621Z,6.4912,70.534,231.3357,0.3049,0.093,-7.3218,63.0764,232.8005,0.271,-0.1178,11.1704,63.4202,232.5966,0.273,0.1762
2015-04-30T01:07:59.078Z,6.5047,70.5204,231.1392,0.305,0.0927,-7.139,63.3267,232.7191,0.2719,-0.1154,11.319,64.7941,232.9309,0.278,0.1761
2015-04-30T01:08:59.689Z,6.2446,68.5311,231.2517,0.2958,0.0929,-7.7374,61.1259,233.0121,0.2625,-0.135,11.018,64.1703,233.4918,0.2749,0.1763
2015-04-30T01:09:59.808Z,6.2126,69.826,232.2691,0.3004,0.0905,-7.631,61.4109,233.1956,0.2631,-0.1252,11.6233,62.8512,233.8519,0.2686,0.1881
2015-04-30T01:10:59.029Z,6.3337,70.3996,232.848,0.3022,0.0913,-8.1356,61.5441,232.9901,0.2648,-0.1336,11.7343,65.6989,233.5131,0.2816,0.1803
2015-04-30T01:11:59.397Z,6.9332,69.7655,232.7532,0.2996,0.0989,-7.6586,63.352,232.6443,0.2721,-0.123,11.6767,63.4066,233.3585,0.2719,0.1855
2015-04-30T01:12:59.916Z,7.2972,70.1948,232.8214,0.301,0.105,-7.281,63.5415,232.8972,0.2727,-0.1177,11.6968,65.2816,233.5325,0.2797,0.1797
2015-04-30T01:13:59.201Z,6.326,70.7018,233.4419,0.3028,0.0897,-7.6956,63.9246,233.3223,0.2742,-0.1226,11.582,66.118,234.5251,0.2812,0.176
2015-04-30T01:14:59.635Z,6.1314,70.7231,233.4736,0.3025,0.0876,-8.0613,63.5414,233.0242,0.2725,-0.1282,11.2642,65.0425,234.5043,0.2771,0.1737
2015-04-30T01:15:59.205Z,6.7034,69.9462,234.2907,0.2986,0.0971,-7.1209,65.1567,233.5261,0.2786,-0.1097,11.427,64.0794,234.876,0.2726,0.1788
2015-04-30T01:16:59.411Z,6.9471,70.2965,233.7347,0.3009,0.1003,-8.1722,63.1273,233.315,0.2703,-0.1283,11.3904,66.5817,234.4941,0.2839,0.1713
2015-04-30T01:17:59.645Z,7.0332,70.2475,233.5632,0.3008,0.1013,-7.6764,63.1142,232.8436,0.2704,-0.1241,11.6571,63.8392,234.1966,0.2724,0.1842
2015-04-30T01:18:59.963Z,6.2382,69.1473,232.9856,0.2965,0.0911,-7.3647,61.9297,231.8255,0.2674,-0.1232,11.2595,64.4141,233.5673,0.2758,0.1753
2015-04-30T01:19:59.301Z,6.2289,71.2,233.1762,0.3051,0.0877,-7.4489,62.9103,231.8808,0.2713,-0.1203,11.9317,64.2912,233.7311,0.275,0.1858
2015-04-30T01:20:59.978Z,6.7984,70.1642,233.8815,0.2999,0.0971,-7.5866,62.6257,232.2175,0.2698,-0.1229,11.7173,65.5825,233.257,0.2814,0.1791
2015-04-30T01:21:59.244Z,7.0101,70.736,233.2223,0.3032,0.0991,-7.964,64.4081,232.086,0.278,-0.124,11.7997,64.6931,233.2014,0.2777,0.182
2015-04-30T01:22:59.948Z,6.8718,69.7064,232.4568,0.2995,0.1004,-7.6717,62.9099,232.0846,0.2713,-0.1248,11.4729,64.0613,233.4821,0.2739,0.1851
2015-04-30T01:23:59.190Z,7.0368,70.1372,232.332,0.3019,0.1012,-7.7432,63.6632,231.7872,0.2742,-0.1223,11.5711,63.6536,233.4733,0.2726,0.1824
2015-04-30T01:24:59.315Z,6.9202,70.9844,231.549,0.3063,0.0981,-7.8148,60.8566,230.9396,0.264,-0.1279,11.2243,63.8411,232.788,0.274,0.1777
2015-04-30T01:25:59.730Z,6.9209,70.5003,231.8288,0.3042,0.0986,-7.1038,61.7966,231.0849,0.268,-0.1181,11.0451,65.3009,233.1633,0.2799,0.1712
2015-04-30T01:26:59.093Z,6.5772,70.4058,232.4112,0.3029,0.0949,-7.4154,63.2426,232.3074,0.2719,-0.1186,11.7929,65.3556,233.7649,0.2791,0.1806
2015-04-30T01:27:59.416Z,6.1822,70.3116,232.2057,0.3025,0.089,-8.0712,64.7564,231.9729,0.2789,-0.126,11.2687,63.6632,233.0262,0.273,0.1777
2015-04-30T01:28:59.768Z,6.864,70.078,231.882,0.3016,0.0977,-7.3244,63.1393,231.1456,0.2732,-0.1169,11.7614,63.5205,232.5901,0.2732,0.1857
2015-04-30T01:29:59.009Z,7.0027,70.2261,232.4572,0.302,0.1,-7.728,63.1878,232.0329,0.2727,-0.1228,11.4901,65.6177,233.1259,0.2816,0.177
2015-04-30T01:30:59.227Z,6.7455,69.2235,232.5398,0.2974,0.0985,-7.8118,62.5576,232.5667,0.269,-0.1249,11.5099,65.6157,232.7741,0.2814,0.1758
2015-04-30T01:31:59.549Z,6.3892,68.7082,231.6054,0.2961,0.0942,-7.6116,62.2227,231.5358,0.2685,-0.1253,11.5327,63.8846,231.3484,0.2764,0.181
2015-04-30T01:32:59.165Z,6.5212,69.646,232.2942,0.3004,0.0944,-7.702,63.5852,232.0399,0.2739,-0.1216,11.0589,63.9822,231.8521,0.2762,0.173
2015-04-30T01:33:59.570Z,6.8048,70.1367,232.3715,0.3014,0.0989,-8.2539,63.8243,232.5129,0.2739,-0.13,10.9749,64.231,232.6607,0.2757,0.1715
2015-04-30T01:34:59.939Z,6.9135,68.7088,232.079,0.2956,0.0995,-7.3405,62.9271,232.1903,0.271,-0.1165,10.9677,64.8643,232.6418,0.2792,0.1688
2015-04-30T01:35:59.158Z,6.5533,70.5848,232.3036,0.3033,0.0944,-7.1269,63.5232,231.682,0.2739,-0.1132,11.264,64.7129,233.1433,0.2773,0.1753
2015-04-30T01:36:59.843Z,6.229,69.833,233.0727,0.2993,0.0889,-7.7604,63.0898,232.6096,0.2717,-0.1239,11.5326,64.4505,233.8966,0.2757,0.1802
2015-04-30T01:37:59.164Z,6.5339,69.7103,233.0514,0.2987,0.0951,-8.0011,63.116,232.6599,0.2714,-0.1293,12.0322,64.9502,233.7939,0.2774,0.1854
2015-04-30T01:38:59.368Z,7.187,69.3416,232.797,0.2977,0.1051,-7.3021,61.7834,232.1289,0.2665,-0.1238,11.7568,64.2709,233.4435,0.2754,0.191
2015-04-30T01:39:59.879Z,6.6933,70.2996,232.8582,0.3021,0.0968,-8.256,64.1524,232.4234,0.2761,-0.129,11.3283,63.8314,233.2841,0.2738,0.1786
2015-04-30T01:40:59.415Z,5.7232,70.5188,233.5063,0.3019,0.0814,-7.933,63.0931,233.536,0.2706,-0.126,11.7203,63.375,234.0847,0.2702,0.1857
2015-04-30T01:41:59.182Z,6.1263,70.9458,232.9774,0.3048,0.0869,-7.8193,62.9843,233.1341,0.2699,-0.1249,11.0549,63.6286,233.6436,0.2726,0.174
2015-04-30T01:42:59.343Z,6.4062,70.94,232.039,0.306,0.0905,-7.6232,61.6266,232.0151,0.2655,-0.1259,11.5347,65.434,232.7982,0.2809,0.1775
2015-04-30T01:43:59.607Z,6.5752,69.6215,232.2673,0.2998,0.0948,-7.3891,61.6202,229.1875,0.2687,-0.1216,11.8288,63.7922,233.4941,0.2738,0.1904
2015-04-30T01:45:59.325Z,6.9256,69.0721,231.3283,0.2982,0.1008,-7.8329,63.4702,231.3917,0.2744,-0.1252,11.2292,63.9661,233.3103,0.274,0.1766
2015-04-30T01:46:59.551Z,6.8705,69.0982,230.6622,0.2995,0.1005,-7.9466,64.0526,231.8826,0.2766,-0.126,11.5364,64.3183,232.1359,0.277,0.1788
2015-04-30T01:47:59.247Z,6.4972,69.1313,231.2507,0.2988,0.0958,-7.7004,61.5714,232.6132,0.265,-0.1249,11.7208,65.7816,232.9068,0.2822,0.1807
2015-04-30T01:48:59.668Z,5.75,68.5914,231.5412,0.2955,0.0848,-7.5579,63.2729,232.8955,0.2715,-0.1207,11.0911,64.7068,233.0847,0.2776,0.1717
2015-04-30T01:49:59.021Z,6.1508,70.588,231.4522,0.3049,0.0882,-7.4754,62.6876,232.6601,0.2692,-0.121,11.8811,66.3234,233.0103,0.2846,0.1811
2015-04-30T01:50:59.400Z,6.696,69.2934,231.3695,0.2993,0.0977,-7.6671,63.0509,232.5579,0.271,-0.1237,11.5262,65.4366,232.9419,0.2808,0.1774
2015-04-30T01:51:59.891Z,6.4479,70.3555,231.529,0.3038,0.0905,-7.9176,62.2377,232.2442,0.2675,-0.1305,11.1722,64.7766,233.1568,0.2782,0.1734
2015-04-30T01:52:59.168Z,6.2486,70.2393,232.1493,0.3021,0.0898,-6.9824,63.2008,232.3738,0.2727,-0.1167,11.6712,64.1883,233.0836,0.2752,0.1856
2015-04-30T01:53:59.559Z,6.0825,68.9892,232.1313,0.2971,0.0892,-7.5897,63.3104,231.9797,0.2733,-0.1199,10.6067,65.874,232.8903,0.2821,0.1621
2015-04-30T01:54:59.869Z,6.6157,69.9225,231.5875,0.3017,0.0952,-8.0912,63.0973,231.6461,0.2727,-0.1284,11.9835,65.132,232.7315,0.2798,0.1843
2015-04-30T01:55:59.385Z,6.7753,69.4726,230.8791,0.3008,0.0983,-7.779,63.5236,231.1269,0.2751,-0.1227,11.5966,65.5248,232.4631,0.2821,0.178
2015-04-30T01:56:59.500Z,6.5254,68.8997,232.5276,0.2969,0.0953,-7.8919,63.4776,232.6774,0.273,-0.1258,11.1865,66.0605,233.9374,0.2822,0.1707
2015-04-30T01:57:59.303Z,6.0018,69.7467,232.5909,0.2992,0.0877,-7.407,62.7758,232.29,0.2702,-0.1205,11.448,64.7845,233.1644,0.2779,0.1774
2015-04-30T01:58:59.805Z,7.2986,70.4356,232.544,0.3032,0.1038,-7.7393,64.0644,232.2266,0.2752,-0.1223,11.7873,66.4833,232.8169,0.2856,0.1784
2015-04-30T01:59:59.017Z,6.8771,69.1971,232.828,0.2974,0.1011,-8.0551,63.6867,232.2784,0.2742,-0.1292,11.9687,64.262,233.2818,0.2749,0.1856
