2015-03-03T00:00:59.779Z,5.4931,67.9131,233.7969,0.29,0.0822,-7.2334,62.9796,232.4398,0.2715,-0.1146,11.5853,63.0096,233.3267,0.2701,0.1858
2015-03-03T00:01:59.092Z,5.4563,70.5231,233.6719,0.3019,0.0787,-6.9922,61.6588,232.664,0.2654,-0.1154,11.7569,64.8851,232.8038,0.2791,0.1816
2015-03-03T00:02:59.353Z,6.2631,69.7311,233.9173,0.2979,0.0905,-7.7312,61.5969,233.1968,0.2641,-0.1267,11.4192,65.3838,233.3825,0.2795,0.1752
2015-03-03T00:03:59.084Z,5.5605,68.6237,233.67,0.2937,0.0815,-7.1626,63.9085,232.9071,0.2734,-0.1146,11.6487,63.9678,232.9764,0.2743,0.1837
2015-03-03T00:04:59.404Z,5.7756,68.9071,233.089,0.2955,0.0845,-7.0254,62.8137,232.9159,0.2697,-0.1121,10.9923,63.5244,232.9301,0.2729,0.1729
2015-03-03T00:05:59.755Z,5.1036,69.7544,233.3733,0.2992,0.0742,-7.2718,62.7176,232.5112,0.2693,-0.1176,10.9367,63.919,233.2487,0.2733,0.173
2015-03-03T00:06:59.241Z,5.773,69.5921,233.5421,0.2982,0.0839,-6.9559,61.7106,229.5964,0.2689,-0.1148,11.6701,63.5787,234.0641,0.2713,0.1851
2015-03-03T00:07:59.435Z,5.2635,68.9865,232.5155,0.2965,0.0774,-7.3852,62.0565,231.2502,0.2682,-0.1199,11.4192,63.5212,233.4892,0.2716,0.1828
2015-03-03T00:08:59.956Z,5.5767,69.7715,232.6755,0.3,0.0815,-7.3879,63.2077,231.8189,0.2726,-0.1179,36.1882,78.7366,233.1637,0.3371,0.3788
2015-03-03T00:09:59.474Z,5.8302,70.7351,233.807,0.3022,0.083,-7.2808,62.8634,231.8688,0.2714,-0.115,92.3458,112.4494,233.5556,0.481,0.8214
2015-03-03T00:10:59.332Z,6.4373,69.4569,232.6943,0.299,0.0924,-7.9697,62.1482,231.3585,0.2686,-0.1298,91.9766,111.9782,234.0859,0.4784,0.822
2015-03-03T00:11:59.647Z,6.8788,68.7696,231.1486,0.2974,0.1016,-7.9356,62.8875,233.0262,0.2702,-0.1259,92.6041,113.0503,234.2897,0.4826,0.8204
2015-03-03T00:12:59.189Z,6.4529,68.3354,230.9598,0.2952,0.095,-7.8087,62.862,232.517,0.271,-0.127,92.0848,112.563,234.2177,0.4804,0.8199
2015-03-03T00:13:59.005Z,5.5153,69.5548,232.1787,0.2998,0.0807,-7.4968,63.7458,232.9687,0.2733,-0.1196,92.1651,111.8345,234.7582,0.4765,0.8251
2015-03-03T00:14:59.985Z,6.4885,69.0927,233.2233,0.2961,0.0945,-8.4382,62.9668,232.7705,0.271,-0.1348,92.0805,111.947,235.0628,0.4764,0.8234
2015-03-03T00:15:59.291Z,6.3167,70.5479,233.3738,0.3016,0.0904,-8.1207,63.1526,232.8178,0.2711,-0.1312,92.0277,112.5933,235.1209,0.4788,0.818
2015-03-03T00:16:59.582Z,6.7031,71.0877,233.9674,0.3036,0.0958,-7.2348,64.1844,233.0952,0.2753,-0.1134,93.531,112.8591,235.3526,0.4793,0.8291
2015-03-03T00:17:59.905Z,6.3885,70.6687,234.0268,0.3024,0.0897,-7.1821,63.4134,233.0962,0.2721,-0.1156,92.6736,113.1341,234.9643,0.4818,0.8201
2015-03-03T00:18:59.356Z,5.8134,70.2299,233.1264,0.3011,0.0836,-7.3972,64.689,232.514,0.2782,-0.1162,91.9681,112.7718,234.5091,0.4811,0.8162
2015-03-03T00:19:59.795Z,6.1775,69.3055,232.751,0.2979,0.0907,-7.1097,62.5629,232.5075,0.2687,-0.116,91.6554,112.0585,234.2816,0.4778,0.8189
2015-03-03T00:20:59.149Z,6.147,70.039,233.6041,0.3001,0.0882,-7.5072,63.8944,233.3857,0.2732,-0.122,92.3991,112.5603,234.7562,0.4798,0.822
2015-03-03T00:21:59.584Z,6.419,70.7979,234.2749,0.3022,0.0919,-7.2653,64.0099,233.3642,0.2743,-0.1142,92.5426,113.1003,234.9751,0.4814,0.8191
2015-03-03T00:22:59.580Z,5.3125,69.8722,234.7085,0.2974,0.0764,-6.9066,62.8902,233.5781,0.269,-0.1124,91.9192,111.6854,234.7003,0.476,0.8233
2015-03-03T00:23:59.696Z,6.6052,69.5297,234.8891,0.2963,0.0964,-7.7355,62.2071,233.8709,0.2662,-0.1269,92.6689,113.4203,235.3277,0.4822,0.8184
2015-03-03T00:24:59.540Z,6.0177,71.3618,235.1186,0.3033,0.0863,-7.3736,63.0462,233.3573,0.2701,-0.1182,92.241,112.3243,234.3462,0.4793,0.8213
2015-03-03T00:25:59.922Z,6.1374,70.2135,234.0704,0.3002,0.0896,-7.1512,63.5431,232.13,0.2735,-0.116,92.0074,112.3345,233.3005,0.4812,0.8198
2015-03-03T00:26:59.315Z,6.3327,69.6487,233.7749,0.2981,0.09,-7.7969,64.2272,232.1737,0.2772,-0.1233,91.6587,111.3499,233.5744,0.4764,0.8236
2015-03-03T00:27:59.646Z,6.2355,69.0933,233.3727,0.2961,0.0927,-8.0125,61.8276,232.3857,0.2661,-0.1326,91.5941,110.8772,233.9439,0.4736,0.8266
2015-03-03T00:28:59.932Z,6.8955,69.4893,233.2279,0.2978,0.1004,-7.73,62.1171,232.0176,0.2677,-0.1262,90.9671,110.3824,233.4062,0.4732,0.8254
2015-03-03T00:29:59.833Z,5.7686,70.5786,233.2966,0.3027,0.0831,-8.0112,64.6349,232.7064,0.2775,-0.1252,90.8719,110.4093,233.0378,0.4741,0.824
2015-03-03T00:30:59.295Z,6.3431,69.1494,232.9344,0.2966,0.0937,-7.2865,63.076,232.1967,0.272,-0.1172,91.2993,112.0447,233.6865,0.4792,0.8161
2015-03-03T00:31:59.696Z,6.9757,68.8085,232.9901,0.2953,0.1021,-7.5063,63.7605,232.0345,0.2743,-0.1182,92.0977,111.8428,234.1066,0.4779,0.8239
2015-03-03T00:32:59.025Z,5.9149,69.5803,233.4552,0.2979,0.0857,-7.4098,62.7416,232.7583,0.2692,-0.1219,92.133,112.5618,234.6002,0.4798,0.8192
2015-03-03T00:33:59.154Z,6.2481,69.7664,233.8767,0.2985,0.0899,-8.1009,63.7796,233.2586,0.2741,-0.1289,92.4593,112.7715,235.1708,0.4801,0.8204
2015-03-03T00:34:59.407Z,6.54,69.7531,233.9013,0.2984,0.0946,-7.2825,61.8454,233.0548,0.2653,-0.1207,92.6937,113.2511,235.3368,0.4809,0.8197
2015-03-03T00:35:59.798Z,5.9703,69.3951,231.8963,0.2991,0.086,-7.68,62.9464,231.3279,0.2724,-0.123,91.0712,110.9396,233.1596,0.4757,0.8215
2015-03-03T00:36:59.082Z,6.9351,69.2463,231.1828,0.3,0.1014,-7.9132,63.3602,230.4686,0.275,-0.127,90.8197,109.9811,232.5292,0.473,0.8254
2015-03-03T00:37:59.247Z,6.3538,68.3599,231.2456,0.2951,0.0928,-7.8042,62.9429,230.3334,0.2727,-0.1261,90.4631,111.4748,232.5449,0.4794,0.8124
2015-03-03T00:38:59.414Z,5.9372,69.8902,230.5057,0.3031,0.0851,-7.8383,62.3391,229.6284,0.2714,-0.1259,89.7417,109.5808,231.9057,0.4726,0.8189
2015-03-03T00:39:59.609Z,6.3153,68.3332,230.119,0.2973,0.0946,-7.5113,61.9255,229.13,0.2703,-0.1233,90.6144,110.4384,231.8718,0.4768,0.8209
2015-03-03T00:40:59.046Z,6.509,69.2538,230.2334,0.3009,0.0961,-7.1271,61.4899,229.9374,0.2676,-0.121,89.7406,109.6811,231.8036,0.4733,0.8187
2015-03-03T00:41:59.444Z,5.4804,67.9879,231.1391,0.2941,0.0814,-7.3714,62.7123,230.6024,0.2723,-0.1201,89.5564,109.3723,231.1669,0.473,0.8193
2015-03-03T00:42:59.553Z,6.5925,68.4305,230.6918,0.2963,0.0968,-7.9457,61.6903,230.0054,0.268,-0.129,89.8325,109.7487,231.2513,0.4745,0.8189
2015-03-03T00:43:59.971Z,5.6052,70.0307,230.0954,0.3041,0.0815,-7.4432,61.9347,231.0749,0.2677,-0.1217,89.6475,109.3307,231.4285,0.4722,0.8214
2015-03-03T00:44:59.227Z,5.6102,69.3348,229.6089,0.302,0.0819,-8.0284,61.4391,231.1996,0.2659,-0.1314,89.7878,109.6987,231.0671,0.4751,0.8193
2015-03-03T00:45:59.618Z,6.3044,69.4578,229.4823,0.3025,0.0919,-7.882,60.9456,231.067,0.264,-0.1314,89.4553,108.9448,231.3548,0.4712,0.8218
2015-03-03T00:46:59.965Z,6.8639,67.748,230.0591,0.2952,0.1027,-7.962,62.5347,230.6539,0.2702,-0.1286,89.9887,109.6157,231.5027,0.4732,0.8214
2015-03-03T00:47:59.288Z,5.6988,67.4293,230.0998,0.2928,0.0862,-7.4555,62.7763,230.8624,0.2719,-0.1208,89.7036,109.7422,231.2362,0.474,0.8189
2015-03-03T00:48:59.806Z,6.5293,68.0489,229.051,0.2973,0.0982,-7.4187,62.6189,228.5386,0.2739,-0.1211,89.6649,108.7943,231.1511,0.4708,0.8252
2015-03-03T00:49:59.163Z,6.7714,69.8373,229.1617,0.3042,0.0976,-7.9971,61.7053,227.7688,0.2708,-0.1303,90.1907,109.8083,231.8073,0.4731,0.822
2015-03-03T00:50:59.084Z,6.2637,68.2816,229.4498,0.2974,0.0933,-7.3981,62.0849,229.6981,0.2701,-0.1216,89.8303,110.1662,230.7136,0.4777,0.8167
2015-03-03T00:51:59.335Z,6.5526,68.4701,230.3819,0.2969,0.0977,-7.7809,62.5785,230.4213,0.2715,-0.1255,89.7957,109.8854,231.3289,0.4744,0.8182
2015-03-03T00:52:59.595Z,6.4288,70.2159,231.544,0.3033,0.0923,-7.4591,61.6637,231.2626,0.266,-0.122,90.416,110.8132,232.0669,0.4773,0.8177
2015-03-03T00:53:59.862Z,6.2826,69.5608,231.8237,0.2998,0.0907,-7.2905,62.4543,231.4927,0.2699,-0.1187,90.3875,110.2124,232.5558,0.4737,0.8204
2015-03-03T00:54:59.169Z,5.9904,69.0382,232.669,0.2966,0.0878,-7.6882,62.5933,232.5314,0.2688,-0.1253,90.3201,110.0921,232.1552,0.4742,0.8212
2015-03-03T00:55:59.559Z,6.2927,69.4078,231.866,0.2988,0.0911,-7.4337,62.949,231.9097,0.2716,-0.1199,90.5133,110.0441,232.2607,0.4738,0.8232
2015-03-03T00:56:59.583Z,5.8513,67.0222,231.5345,0.2891,0.0882,-8.0358,62.6535,231.479,0.2705,-0.1303,89.7449,108.8925,231.6357,0.4701,0.8251
2015-03-03T00:57:59.810Z,6.5243,68.0458,230.8271,0.2948,0.0977,-7.758,62.2745,230.9768,0.2693,-0.1274,89.9349,109.7476,231.4081,0.4743,0.8204
2015-03-03T00:58:59.240Z,5.0507,69.1618,231.3928,0.2991,0.0737,-7.0073,61.8769,230.8622,0.267,-0.1148,89.3704,109.1897,230.9487,0.4729,0.819
2015-03-03T00:59:59.753Z,6.709,69.9385,231.8068,0.3009,0.0978,-7.8975,62.3979,230.8957,0.2705,-0.1282,89.3398,108.3821,230.6817,0.4698,0.8254
2015-03-03T01:00:59.415Z,6.5319,67.1366,232.2994,0.2886,0.0993,-7.5641,61.1752,230.723,0.2653,-0.1273,89.951,109.5161,231.3847,0.4732,0.8209
2015-03-03T01:01:59.552Z,5.8508,69.5634,232.1375,0.3001,0.0844,-7.3901,62.1673,231.4508,0.2684,-0.1197,91.0979,110.6143,233.0174,0.4749,0.8247
2015-03-03T01:02:59.103Z,5.6901,68.0186,231.0103,0.2944,0.0849,-7.1093,63.2686,230.6921,0.2742,-0.1137,90.0924,109.2642,232.032,0.4709,0.8256
2015-03-03T01:03:59.010Z,6.5288,68.3163,231.3511,0.2953,0.0981,-7.2941,62.1749,230.6627,0.269,-0.1191,91.0453,111.911,232.9097,0.4804,0.8148
2015-03-03T01:04:59.608Z,6.2704,69.49,231.4847,0.3004,0.0908,-7.2998,62.0163,230.9532,0.2685,-0.1184,90.8662,110.9885,232.7911,0.4773,0.8201
2015-03-03T01:05:59.891Z,6.3035,69.1889,231.3829,0.2988,0.0919,-7.8124,63.3149,230.5674,0.2746,-0.1264,90.7851,110.5073,232.4821,0.4754,0.8225
2015-03-03T01:06:59.421Z,5.71,69.6163,232.0548,0.3,0.0819,-7.0999,62.6579,231.0842,0.2713,-0.1149,90.4942,110.8519,232.5273,0.4771,0.8174
2015-03-03T01:07:59.040Z,6.6406,68.7616,231.7911,0.2968,0.0976,-8.2009,62.9486,230.9892,0.2719,-0.1307,91.2663,111.609,232.5328,0.4794,0.8188
2015-03-03T01:08:59.433Z,5.9298,68.7419,231.9727,0.2965,0.0874,-7.6781,62.2835,230.2121,0.2709,-0.1236,89.9743,110.1931,231.8541,0.4751,0.8176
2015-03-03T01:09:59.871Z,6.4492,69.6123,231.105,0.301,0.0948,-8.0067,62.7677,229.448,0.2735,-0.1303,89.644,108.7197,231.1354,0.4702,0.8253
2015-03-03T01:10:59.402Z,6.7412,69.9107,231.3868,0.3018,0.0974,-7.6036,62.7473,229.4287,0.2738,-0.1229,90.3071,110.0023,231.6389,0.4749,0.8217
2015-03-03T01:11:59.697Z,5.2271,69.6782,232.1884,0.3004,0.0766,-7.5457,62.3387,230.7467,0.2702,-0.126,90.5662,109.9007,232.1218,0.4736,0.8252
2015-03-03T01:12:59.131Z,5.9162,69.814,232.3473,0.2999,0.0857,-7.4607,61.0302,231.0621,0.2644,-0.1258,89.9751,109.7096,231.4472,0.474,0.821
2015-03-03T01:13:59.070Z,6.2573,68.218,232.3908,0.2937,0.093,-7.7469,63.2395,230.7467,0.2736,-0.1245,90.2105,109.9505,231.9481,0.4742,0.8218
2015-03-03T01:14:59.382Z,6.6311,70.4371,231.9108,0.3041,0.0953,-7.7007,61.1969,230.7775,0.2649,-0.1275,90.4587,110.4355,232.4156,0.4752,0.8197
2015-03-03T01:15:59.647Z,6.1947,69.0167,231.2264,0.2986,0.0922,-8.0437,61.6099,230.3439,0.2678,-0.1317,90.2964,110.517,232.4568,0.4753,0.8176
2015-03-03T01:16:59.235Z,5.6518,68.6503,230.7517,0.2971,0.0839,-6.8831,62.422,229.5816,0.2726,-0.1122,90.7018,110.2378,231.5887,0.4761,0.8236
2015-03-03T01:17:59.561Z,5.3309,67.3256,230.9152,0.2921,0.0819,-7.2881,61.169,229.6035,0.2665,-0.1233,90.2549,110.1795,232.0336,0.4748,0.8199
2015-03-03T01:18:59.066Z,6.1348,68.78,231.1753,0.2977,0.091,-7.2965,61.1758,229.3596,0.267,-0.121,90.4878,110.1264,232.1521,0.4748,0.8227
2015-03-03T01:19:59.019Z,5.5909,68.6096,230.318,0.2978,0.0821,-7.5598,60.998,226.7806,0.2697,-0.1268,91.0758,111.4947,232.5573,0.4794,0.8181
2015-03-03T01:20:59.454Z,6.364,68.5152,229.6068,0.2983,0.0945,-8.0759,61.4713,228.58,0.2684,-0.1336,90.3588,110.7185,232.2668,0.4765,0.8165
2015-03-03T01:21:59.117Z,6.155,68.3476,230.3921,0.2968,0.0888,-7.4552,61.0978,230.0731,0.2658,-0.127,90.8139,110.5971,232.5789,0.4757,0.8222
2015-03-03T01:22:59.400Z,5.6808,68.6774,230.9574,0.2976,0.0837,-7.2552,62.8234,230.4751,0.2728,-0.117,90.8193,110.0826,232.7599,0.4728,0.8264
2015-03-03T01:23:59.325Z,5.4243,68.2944,232.5949,0.2938,0.0809,-7.2512,61.7152,230.3337,0.2678,-0.119,90.8672,110.7861,232.3993,0.4767,0.82
2015-03-03T01:24:59.632Z,5.7557,69.385,232.969,0.2982,0.0838,-7.0227,62.0787,231.0164,0.2686,-0.1146,91.068,110.2704,232.9586,0.4735,0.8267
2015-03-03T01:25:59.759Z,6.3322,69.1655,232.4098,0.2975,0.0921,-7.787,61.7747,230.6724,0.2679,-0.127,90.6982,111.4136,232.6899,0.4792,0.8149
2015-03-03T01:26:59.277Z,6.271,69.0236,232.2022,0.2979,0.0912,-7.7668,61.9426,230.3936,0.269,-0.128,90.2572,109.6938,232.4946,0.4718,0.8234
2015-03-03T01:27:59.912Z,6.2008,69.7399,232.7532,0.2992,0.091,-7.5615,62.4003,231.6697,0.2691,-0.1229,90.9199,110.8535,232.6941,0.4767,0.8213
2015-03-03T01:28:59.272Z,5.5616,70.6251,233.1177,0.3024,0.0807,-6.9719,62.9467,231.7281,0.272,-0.1122,90.6243,110.4981,232.6378,0.4748,0.8208
2015-03-03T01:29:59.599Z,5.834,70.7254,232.8111,0.3038,0.0821,-7.4841,62.5971,231.3819,0.2711,-0.12,90.5557,110.722,232.3415,0.4765,0.819
2015-03-03T01:30:59.953Z,6.7558,68.9512,231.6242,0.2979,0.099,-8.1127,62.8733,231.6148,0.2711,-0.1296,90.6385,110.2911,232.3313,0.4746,0.8221
2015-03-03T01:31:59.230Z,7.0583,69.2593,232.175,0.2982,0.1036,-7.5259,63.562,231.7566,0.2742,-0.1241,91.2288,110.241,233.2898,0.4726,0.827
2015-03-03T01:32:59.416Z,6.7243,70.3195,232.8558,0.3021,0.097,-7.3126,62.5054,232.5651,0.2692,-0.1175,91.6808,110.971,233.3322,0.4755,0.8268
2015-03-03T01:33:59.618Z,6.9802,69.4904,232.4275,0.2984,0.1011,-7.6921,62.2989,232.0604,0.2681,-0.1253,91.3011,111.0891,233.099,0.4767,0.8226
2015-03-03T01:34:59.364Z,6.6645,69.2052,232.1601,0.2982,0.0959,-7.8967,63.2195,231.6624,0.2731,-0.1256,90.7252,110.6066,232.4511,0.4759,0.8211
2015-03-03T01:35:59.673Z,5.7243,68.9985,232.817,0.2964,0.0831,-7.4655,63.5986,232.0592,0.274,-0.1175,91.2802,111.3736,233.0718,0.4779,0.8207
2015-03-03T01:36:59.225Z,6.662,69.3921,232.7559,0.298,0.0974,-7.3808,63.443,232.0606,0.2738,-0.1184,91.1072,111.058,233.3662,0.4759,0.821
2015-03-03T01:37:59.709Z,6.7102,69.5907,232.7511,0.2989,0.0978,-7.8508,61.3149,231.3742,0.2652,-0.1332,91.7178,111.2276,233.5,0.4765,0.8262
2015-03-03T01:38:59.927Z,5.8088,69.0018,232.1382,0.2973,0.0842,-7.1311,61.307,230.9457,0.2653,-0.1182,90.1956,110.4653,232.379,0.4748,0.8173
2015-03-03T01:39:59.870Z,5.9388,70.3779,231.912,0.3035,0.0862,-7.3221,61.1627,229.9815,0.2664,-0.1204,90.5026,111.013,232.2416,0.4784,0.8163
2015-03-03T01:40:59.096Z,6.1302,70.3992,231.8583,0.3034,0.0876,-7.6855,63.0874,230.6771,0.2735,-0.1227,91.1196,111.2249,233.1426,0.4767,0.8199
2015-03-03T01:41:59.702Z,6.7482,68.9877,232.511,0.2965,0.0998,-7.393,61.0686,231.1776,0.2641,-0.1217,90.7757,110.2292,232.6914,0.4738,0.825
2015-03-03T01:42:59.020Z,6.7297,69.5859,232.2463,0.2994,0.0971,-8.0882,62.1099,230.4473,0.2693,-0.1303,90.1204,110.4431,231.8902,0.4766,0.8171
2015-03-03T01:43:59.014Z,5.7046,68.6314,232.6397,0.2947,0.0837,-7.3493,63.3176,230.8382,0.2736,-0.1178,90.104,110.2547,231.8546,0.4749,0.8184
2015-03-03T01:44:59.244Z,6.9125,68.5454,232.3273,0.2953,0.1031,-7.808,62.8774,231.1078,0.2724,-0.1252,90.4603,110.6554,232.0387,0.4767,0.818
2015-03-03T01:45:59.430Z,7.1267,70.4754,231.858,0.3046,0.1019,-7.4671,63.7944,230.4078,0.2776,-0.1197,90.2596,109.6289,232.2687,0.4719,0.8243
2015-03-03T01:46:59.644Z,6.4044,68.6936,231.9365,0.2956,0.0941,-8.0393,61.1765,230.6376,0.2649,-0.1304,90.7726,110.6668,232.4822,0.4756,0.821
2015-03-03T01:47:59.011Z,6.0153,69.1617,232.3807,0.2979,0.0874,-7.5952,61.9694,230.5746,0.2688,-0.1269,90.5897,110.2756,232.3968,0.4744,0.8216
2015-03-03T01:48:59.218Z,6.764,69.9742,231.8077,0.3016,0.0967,-7.8582,62.1673,230.0426,0.2704,-0.127,90.9752,111.1398,232.5504,0.4779,0.8192
2015-03-03T01:49:59.482Z,6.508,70.1329,231.7964,0.3021,0.0935,-7.9958,61.0654,229.0758,0.2669,-0.1302,89.6057,109.5734,231.0778,0.4741,0.8186
2015-03-03T01:50:59.184Z,6.2599,68.9584,232.0356,0.297,0.091,-7.0913,61.2703,229.2523,0.2674,-0.1177,90.0148,109.9484,231.1312,0.4756,0.8198
2015-03-03T01:51:59.516Z,6.1796,68.9674,232.1978,0.2964,0.09,-7.262,62.4062,230.4885,0.2709,-0.1178,90.4927,109.8002,232.1985,0.4729,0.8249
2015-03-03T01:52:59.806Z,6.5607,69.4729,232.7249,0.2982,0.0959,-7.6654,62.0082,231.1305,0.2686,-0.1281,91.0852,110.321,233.1165,0.4732,0.8265
2015-03-03T01:53:59.988Z,6.0336,69.7496,232.731,0.2991,0.0869,-7.3875,62.0838,231.1285,0.2685,-0.1221,90.9496,110.9568,232.8574,0.4767,0.8212
2015-03-03T01:54:59.180Z,6.8278,69.6827,232.5272,0.3001,0.0996,-8.1193,63.8374,231.0126,0.2762,-0.129,90.6784,110.2706,232.2571,0.4751,0.823
2015-03-03T01:55:59.527Z,6.6864,70.9102,232.6556,0.3047,0.0947,-7.0832,62.6916,230.6877,0.2715,-0.1151,89.903,109.7942,232.1704,0.473,0.82
2015-03-03T01:56:59.837Z,6.9357,68.0127,232.8577,0.2918,0.1043,-7.698,60.9937,231.2235,0.2638,-0.1293,90.8436,110.699,232.9051,0.4755,0.8223
2015-03-03T01:57:59.721Z,6.2248,70.0417,233.1811,0.3003,0.089,-7.8192,62.3708,230.9939,0.2703,-0.1264,90.7551,110.673,232.4696,0.4759,0.8204
2015-03-03T01:58:59.977Z,6.2877,69.5568,232.2138,0.2993,0.0916,-7.469,62.2711,230.0978,0.2708,-0.1229,90.4914,109.9426,232.1427,0.4741,0.8237
2015-03-03T01:59:59.191Z,6.7527,70.0292,231.4236,0.3022,0.0964,-7.7946,62.4982,229.7957,0.272,-0.125,89.7453,109.7712,231.9912,0.4733,0.8182
2015-03-03T02:00:59.923Z,6.5318,66.983,231.9612,0.2886,0.1014,-7.6976,61.8876,227.938,0.2712,-0.1273,89.9211,108.8971,231.6673,0.4695,0.8264
2015-03-03T02:01:59.302Z,6.3527,69.5877,231.5962,0.3006,0.0928,-7.2564,62.0056,227.5116,0.273,-0.1202,90.9276,110.1704,233.0849,0.4728,0.8261
2015-03-03T02:02:59.304Z,6.0413,69.3943,231.4965,0.2997,0.0859,-7.2935,62.7195,227.8549,0.2757,-0.1178,90.8497,110.642,232.7665,0.4756,0.8219
2015-03-03T02:03:59.540Z,6.3203,68.9225,230.5757,0.2988,0.0923,-7.5221,62.9227,230.8522,0.2729,-0.1208,90.6327,110.4819,233.0882,0.4741,0.8208
2015-03-03T02:04:59.982Z,6.8584,68.4049,230.1,0.2968,0.1026,-7.9714,62.8092,230.7242,0.272,-0.1298,91.29,111.2097,232.9313,0.4771,0.822
2015-03-03T02:05:59.217Z,6.6824,69.1731,230.3024,0.3007,0.0974,-7.5961,62.7502,230.5911,0.272,-0.1221,90.8682,110.851,232.5293,0.4766,0.8208
2015-03-03T02:06:59.905Z,6.1823,67.4612,231.6923,0.2915,0.0948,-7.8546,60.6171,230.447,0.263,-0.1341,90.4027,109.6186,232.3928,0.4714,0.8262
2015-03-03T02:07:59.278Z,6.2626,69.3176,232.2879,0.2981,0.091,-7.5059,63.2979,231.2413,0.2737,-0.1217,91.2061,111.0897,232.9436,0.4766,0.8221
2015-03-03T02:08:59.536Z,6.1495,69.6021,232.7388,0.299,0.0889,-7.4665,61.704,231.3185,0.2665,-0.1233,90.7476,111.872,233.07,0.4795,0.8122
2015-03-03T02:09:59.696Z,6.4699,70.1288,232.1787,0.3018,0.0924,-7.982,62.3179,230.8796,0.2697,-0.1282,91.0179,111.1568,232.7505,0.4778,0.8199
2015-03-03T02:10:59.377Z,6.0712,68.5116,232.695,0.2944,0.0898,-7.5212,61.5746,230.352,0.2673,-0.1263,90.3352,110.0831,231.8953,0.4751,0.8224
2015-03-03T02:11:59.738Z,6.2436,67.9016,232.335,0.2924,0.0943,-8.3436,62.9095,230.9995,0.2725,-0.1348,90.2498,109.7661,232.1262,0.4727,0.8237
2015-03-03T02:12:59.009Z,6.1078,68.7307,231.7008,0.2963,0.0897,-7.6669,62.9234,230.7477,0.2731,-0.1228,90.3693,109.7936,231.3841,0.4746,0.8236
2015-03-03T02:13:59.300Z,6.0442,68.5592,231.934,0.2957,0.0903,-7.4545,62.317,230.4562,0.2707,-0.1225,89.6018,109.7933,231.5115,0.4744,0.8171
2015-03-03T02:14:59.535Z,7.3221,69.8499,232.4013,0.3009,0.1058,-7.3841,60.2174,230.4347,0.2615,-0.1241,89.9076,111.0134,232.1519,0.4786,0.8112
2015-03-03T02:15:59.975Z,5.8218,69.7988,233.1468,0.2997,0.0865,-7.3129,62.7689,231.2121,0.2713,-0.1183,88.7185,107.7134,229.7279,0.4684,0.8245
2015-03-03T02:16:59.302Z,6.8477,68.8218,231.8727,0.297,0.0989,-7.8788,60.7263,231.2752,0.2624,-0.1357,89.0257,109.1086,230.7112,0.4728,0.8184
2015-03-03T02:17:59.620Z,6.1976,69.6836,231.56,0.3012,0.0902,-7.508,63.2454,230.9881,0.274,-0.1203,89.1877,108.9376,231.3312,0.4707,0.8197
2015-03-03T02:18:59.913Z,6.2684,67.8195,231.2067,0.2935,0.0927,-7.8127,61.861,230.2435,0.2688,-0.1296,89.5718,109.2087,230.9066,0.473,0.8209
2015-03-03T02:19:59.542Z,6.3458,68.4804,231.7096,0.295,0.0919,-7.3209,61.9349,228.2421,0.2711,-0.119,90.0074,110.7107,231.4448,0.4781,0.8138
2015-03-03T02:20:59.839Z,6.9104,69.2624,231.1878,0.2998,0.1011,-7.787,61.1,228.4353,0.2675,-0.1313,89.9776,110.3484,231.0031,0.4784,0.816
2015-03-03T02:21:59.500Z,6.6627,68.6489,231.841,0.2956,0.0986,-6.8716,62.3213,230.5864,0.2704,-0.114,89.4612,108.6354,231.1434,0.47,0.8244
2015-03-03T02:22:59.730Z,7.0018,69.1314,231.9935,0.2984,0.1008,-8.009,61.1332,230.7455,0.2651,-0.1314,89.3509,108.6504,231.2064,0.4699,0.8234
2015-03-03T02:23:59.052Z,6.0242,69.2717,232.5061,0.2983,0.0876,-7.8549,62.982,230.6921,0.2731,-0.1281,89.7509,109.3441,231.066,0.4732,0.8218
2015-03-03T02:24:59.419Z,5.6471,70.2854,233.0301,0.3022,0.0805,-7.7277,62.0951,230.9921,0.2692,-0.1287,89.4311,109.1798,231.2753,0.4718,0.8199
2015-03-03T02:25:59.689Z,5.5828,69.2951,232.89,0.2975,0.0809,-7.6429,61.604,231.2588,0.2666,-0.1274,89.6298,108.8829,231.365,0.4708,0.8243
2015-03-03T02:26:59.892Z,5.9525,70.1805,233.4598,0.3001,0.0849,-7.3101,62.5634,231.703,0.2697,-0.1163,90.2714,110.0605,231.9626,0.4747,0.8211
2015-03-03T02:27:59.136Z,7.0921,68.8149,232.4982,0.2958,0.1041,-7.762,61.5503,231.5317,0.2652,-0.1281,90.8718,110.9338,232.4772,0.4777,0.8197
2015-03-03T02:28:59.604Z,5.9868,69.3723,231.7524,0.2998,0.0867,-7.646,62.3819,229.9838,0.2713,-0.1229,90.8575,111.6347,232.5664,0.4801,0.8156
2015-03-03T02:29:59.902Z,5.928,68.5963,231.5256,0.2962,0.0875,-7.6429,62.3726,228.1598,0.2735,-0.1247,90.3963,110.4566,232.1453,0.4757,0.8197
2015-03-03T02:30:59.431Z,5.699,68.4408,230.9773,0.2965,0.083,-7.6844,62.6468,231.3309,0.2713,-0.1266,89.4343,109.3126,231.2924,0.4724,0.8193
2015-03-03T02:31:59.781Z,6.1188,67.6452,232.596,0.2916,0.0927,-7.7658,61.3919,231.9879,0.2649,-0.1286,90.9359,110.2184,232.8256,0.4733,0.8258
2015-03-03T02:32:59.551Z,5.9668,69.0127,232.38,0.2973,0.0869,-8.0603,62.5957,232.4297,0.2689,-0.1295,91.0126,111.2222,233.0465,0.4776,0.8188
2015-03-03T02:33:59.724Z,6.5473,69.3312,230.9754,0.2999,0.0948,-7.8579,61.4292,230.9725,0.266,-0.1291,89.8541,110.0947,231.9638,0.4748,0.8166
2015-03-03T02:35:59.312Z,6.5421,69.1315,230.5702,0.2997,0.0949,-7.6897,62.6752,230.3535,0.2723,-0.1245,89.5743,109.2483,230.9641,0.473,0.821
2015-03-03T02:36:59.645Z,6.124,69.5245,230.5673,0.3013,0.0897,-7.461,62.2793,230.2511,0.2708,-0.123,89.273,108.9181,231.2159,0.4711,0.8203
2015-03-03T02:37:59.109Z,6.7489,69.1216,230.8674,0.2997,0.0988,-7.8117,62.6502,230.3619,0.2723,-0.1274,89.9197,109.7488,231.5492,0.4739,0.8201
2015-03-03T02:38:59.791Z,6.3017,69.2765,230.6193,0.3008,0.0934,-7.5099,62.1009,229.7436,0.2705,-0.1224,89.632,109.4098,231.2242,0.4725,0.8196
2015-03-03T02:39:59.850Z,6.3081,68.4141,230.2662,0.2968,0.0943,-7.7962,60.6832,229.3671,0.2649,-0.1291,89.8559,109.8771,231.6523,0.4741,0.8197
2015-03-03T02:40:59.205Z,5.5644,69.0316,229.735,0.3003,0.0819,-7.9118,62.3417,229.4666,0.272,-0.1269,89.7873,109.433,231.9422,0.4718,0.8216
2015-03-03T02:41:59.460Z,6.1631,69.7964,231.173,0.3016,0.0897,-7.7255,62.1327,230.5358,0.27,-0.1263,90.4552,109.591,232.0497,0.4722,0.8252
2015-03-03T02:42:59.775Z,6.2229,68.3574,230.7886,0.2959,0.0911,-7.494,62.8228,229.7548,0.2737,-0.1205,90.8712,110.7816,232.2111,0.4772,0.8207
2015-03-03T02:43:59.987Z,6.5878,68.2519,230.6446,0.2953,0.0977,-7.7346,61.0077,230.43,0.2647,-0.1275,90.2929,110.4333,232.1958,0.4758,0.8184
2015-03-03T02:44:59.929Z,6.4691,69.2729,231.3214,0.299,0.0934,-7.7954,62.738,231.1554,0.2719,-0.1262,90.9093,111.4298,232.9574,0.4787,0.8169
2015-03-03T02:45:59.228Z,6.3707,69.1101,231.268,0.2986,0.0939,-7.351,60.9792,229.2559,0.266,-0.1258,91.1758,111.3946,233.4479,0.477,0.8192
2015-03-03T02:46:59.542Z,5.8649,68.3105,231.7313,0.2951,0.0866,-7.4265,60.8685,227.6103,0.2674,-0.1244,91.1141,111.0068,233.6811,0.4748,0.8221
2015-03-03T02:47:59.091Z,6.6577,68.8747,230.5406,0.2989,0.0981,-7.815,63.3913,230.4541,0.2747,-0.1251,91.4651,111.7921,233.3871,0.4793,0.8194
2015-03-03T02:48:59.327Z,6.766,68.1601,229.2249,0.2971,0.1004,-7.8652,61.624,229.4086,0.2685,-0.1287,90.267,111.0233,232.3453,0.4777,0.8145
2015-03-03T02:49:59.734Z,5.9826,68.6338,229.783,0.2986,0.087,-7.3835,63.2128,229.8036,0.2752,-0.1189,90.574,110.4188,232.715,0.4742,0.8205
2015-03-03T02:50:59.969Z,6.5266,68.5502,230.5537,0.2973,0.0968,-7.7426,61.9563,229.4758,0.2701,-0.1298,90.8792,111.0723,233.2464,0.4765,0.819
2015-03-03T02:51:59.560Z,6.733,68.2809,232.027,0.2941,0.1001,-8.3758,64.1387,230.8408,0.278,-0.1332,90.8653,110.6436,232.5659,0.4754,0.8221
2015-03-03T02:52:59.120Z,6.2521,68.7037,232.7504,0.2948,0.0899,-7.578,62.8735,230.8181,0.2724,-0.123,90.1538,109.6644,232.2154,0.4724,0.8234
2015-03-03T02:53:59.802Z,6.0791,69.71,232.8508,0.299,0.0884,-7.4352,63.3165,230.5124,0.2746,-0.1201,90.2658,109.2053,232.3437,0.4702,0.8272
2015-03-03T02:54:59.103Z,6.3599,69.2642,232.5719,0.2974,0.092,-7.7058,59.8757,229.8917,0.2601,-0.13,90.0681,109.718,232.0273,0.4735,0.8222
2015-03-03T02:55:59.573Z,5.7122,69.3002,233.7701,0.296,0.0834,-7.5541,61.9196,231.3308,0.2675,-0.1228,90.6936,111.1288,232.5283,0.478,0.8176
2015-03-03T02:56:59.872Z,6.1162,68.8096,232.9513,0.2946,0.0904,-7.4982,62.4408,231.3877,0.2691,-0.1208,90.5201,110.3421,232.6262,0.4737,0.8205
2015-03-03T02:57:59.200Z,415.2889,657.7894,231.9974,2.8452,0.3607,453.7886,759.0868,230.5662,3.303,0.2502,821.5234,1140.2781,230.7067,4.9642,0.7917
2015-03-03T02:58:59.543Z,918.5168,1338.6008,230.8013,5.7992,0.6862,964.5748,1448.2797,229.1231,6.3204,0.6656,1418.658,1994.1861,228.4207,8.7297,0.7107
2015-03-03T02:59:59.245Z,964.0156,1366.1912,230.5496,5.9258,0.7057,1012.5551,1482.4757,228.5164,6.4876,0.6835,1459.8091,2018.2307,227.7417,8.8621,0.723
2015-03-03T03:00:59.569Z,1029.9007,1432.817,231.7737,6.1819,0.719,1043.9244,1519.7182,228.0084,6.6656,0.687,1503.2571,2042.1543,227.6238,8.9712,0.7364
2015-03-03T03:01:59.944Z,1011.3047,1415.6382,230.9407,6.1298,0.714,1048.8537,1521.7253,228.892,6.6481,0.6894,1496.2817,2048.8159,228.2314,8.9761,0.7306
2015-03-03T03:02:59.300Z,1005.6036,1407.9197,230.0538,6.1197,0.7143,1060.2839,1515.1613,228.1634,6.6399,0.7002,1511.2728,2062.2945,228.4137,9.0285,0.732
2015-03-03T03:03:59.568Z,1015.9966,1414.9683,229.8092,6.1573,0.7181,1064.35,1515.4192,228.0153,6.6462,0.7024,1516.0416,2057.3526,227.9813,9.0245,0.7373
2015-03-03T03:04:59.628Z,1017.3321,1427.93,229.8959,6.211,0.7123,1066.3392,1515.8726,228.6402,6.63,0.7033,1533.9681,2076.5772,228.4717,9.0883,0.7394
2015-03-03T03:05:59.647Z,1021.094,1434.9034,230.6966,6.2198,0.7119,1065.196,1523.702,228.9174,6.6558,0.6989,1531.5983,2076.4182,228.5371,9.0861,0.7378
2015-03-03T03:06:59.114Z,1022.1733,1428.182,230.6325,6.193,0.7161,1063.1467,1529.288,228.9345,6.6798,0.696,1514.0074,2057.1327,228.4652,9.0041,0.7366
2015-03-03T03:07:59.341Z,1014.6587,1418.0087,229.9367,6.1663,0.7156,1051.2468,1504.6451,228.2081,6.5928,0.6986,1512.6196,2041.3824,227.7566,8.9627,0.7414
2015-03-03T03:08:59.943Z,982.7922,1396.3888,230.1715,6.0662,0.7036,992.0734,1455.7654,227.7268,6.3925,0.6819,1472.6942,1989.5873,227.2621,8.7549,0.7403
2015-03-03T03:09:59.260Z,988.399,1400.5089,230.69,6.0708,0.7053,980.4199,1455.4238,227.6478,6.3931,0.6741,1457.5494,1966.5186,226.8392,8.6689,0.741
2015-03-03T03:10:59.623Z,991.436,1408.0319,231.2046,6.0901,0.7039,995.0781,1468.7374,227.6099,6.453,0.6774,1470.41,1985.7738,227.7412,8.7188,0.74
2015-03-03T03:11:59.168Z,977.6885,1400.1878,231.5699,6.0461,0.6983,1017.4201,1495.6491,229.5196,6.5172,0.6799,1471.6671,2019.5649,228.8697,8.824,0.73
2015-03-03T03:12:59.451Z,966.6897,1397.0956,230.9968,6.0479,0.6921,1022.9031,1489.8216,229.7149,6.4856,0.6864,1485.4116,2042.5822,229.7211,8.8904,0.7281
2015-03-03T03:13:59.702Z,979.1919,1405.1916,230.8598,6.0867,0.697,1024.9893,1487.7256,229.3006,6.4876,0.6896,1495.4272,2038.4717,229.3274,8.8891,0.7329
2015-03-03T03:14:59.987Z,984.4121,1407.9211,230.2554,6.1153,0.6993,1030.8291,1481.6016,228.8293,6.4749,0.6957,1509.2392,2045.8548,229.191,8.9264,0.7392
2015-03-03T03:15:59.353Z,979.5751,1407.4144,230.0784,6.1173,0.696,1021.5443,1469.0342,228.504,6.4285,0.6954,1509.4554,2040.5088,229.4348,8.8931,0.7398
2015-03-03T03:16:59.647Z,984.5502,1395.3449,229.5676,6.0779,0.7058,1067.8901,1506.3634,229.0298,6.5772,0.7089,1518.6582,2068.3318,229.5274,9.0116,0.7337
2015-03-03T03:17:59.237Z,983.8792,1416.5196,229.8556,6.1624,0.6946,1044.5718,1462.7479,226.9373,6.4454,0.7143,1554.3731,2082.0571,229.8554,9.0581,0.7472
2015-03-03T03:18:59.566Z,1001.1694,1418.0328,229.4904,6.1786,0.7058,1058.7129,1476.4414,226.9988,6.5029,0.717,1552.0878,2069.4789,228.66,9.0504,0.751
2015-03-03T03:19:59.845Z,1009.7734,1401.3679,229.367,6.1091,0.7207,1097.7784,1536.5248,229.5303,6.6937,0.7144,1521.12,2063.5581,228.311,9.0378,0.7379
2015-03-03T03:20:59.356Z,1011.8053,1391.9327,228.6582,6.0873,0.7276,1111.0133,1542.3662,229.6608,6.716,0.7194,1521.676,2061.3028,227.5562,9.0587,0.7393
2015-03-03T03:21:59.060Z,1011.9596,1416.8578,229.2087,6.1817,0.7143,1109.2875,1535.0548,229.7806,6.6802,0.7227,1556.9312,2103.5945,229.1638,9.1798,0.7403
2015-03-03T03:22:59.383Z,1004.6514,1417.2352,229.5308,6.1748,0.7086,1106.453,1533.8022,230.1571,6.6641,0.7217,1559.594,2113.7959,229.5999,9.2063,0.7388
2015-03-03T03:23:59.753Z,1030.4011,1441.2238,229.6436,6.2756,0.7149,1116.3552,1544.1578,230.1667,6.7087,0.7228,1579.4577,2121.1318,229.3098,9.2498,0.7446
2015-03-03T03:24:59.382Z,1032.6929,1446.2702,229.5556,6.3001,0.714,1098.8148,1523.3501,229.5861,6.6355,0.721,1580.2883,2108.1176,229.1062,9.2012,0.7502
2015-03-03T03:25:59.626Z,1055.3623,1460.2177,229.4554,6.3637,0.7227,1122.7183,1540.9414,228.9322,6.7313,0.7283,1599.107,2120.3891,228.6548,9.2727,0.754
2015-03-03T03:26:59.926Z,1036.1394,1448.9714,230.0972,6.297,0.7149,1101.338,1529.0299,229.0951,6.6739,0.72,1578.2244,2105.2383,229.0296,9.1913,0.75
2015-03-03T03:27:59.194Z,1033.6947,1443.7012,229.6914,6.2852,0.7166,1095.7039,1521.731,228.8831,6.6486,0.72,1570.5686,2092.6303,228.7245,9.1495,0.7506
2015-03-03T03:28:59.682Z,1040.3026,1445.1937,229.1604,6.3064,0.7201,1096.4219,1511.2343,227.9723,6.6288,0.7254,1582.7277,2091.664,228.1493,9.1676,0.7579
2015-03-03T03:29:59.246Z,1034.8336,1431.7735,228.9755,6.2522,0.7233,1112.5004,1531.1281,228.8389,6.6909,0.7265,1569.6026,2090.9873,228.1611,9.1645,0.7508
2015-03-03T03:30:59.519Z,1036.6989,1420.6927,228.472,6.2184,0.7298,1131.328,1548.0267,229.1622,6.7546,0.7307,1564.86,2091.9409,227.6189,9.1902,0.7491
2015-03-03T03:31:59.737Z,1017.5806,1419.6173,229.0862,6.197,0.7169,1117.1988,1541.9627,229.8749,6.7078,0.725,1558.2504,2103.1039,229.1877,9.1763,0.7401
2015-03-03T03:32:59.097Z,1044.3802,1440.9513,229.2843,6.2843,0.7248,1140.3499,1567.6809,229.9887,6.816,0.7278,1574.5861,2117.2157,229.2478,9.2354,0.7429
2015-03-03T03:33:59.503Z,1029.7091,1429.1157,229.45,6.2283,0.7202,1125.9204,1559.5837,230.2651,6.7727,0.7218,1556.8572,2104.5298,229.3668,9.175,0.74
2015-03-03T03:34:59.784Z,1064.6117,1472.8511,230.2698,6.3963,0.7221,1126.1422,1568.1879,230.2373,6.8112,0.7179,1584.1151,2115.918,229.3981,9.2239,0.7487
2015-03-03T03:35:59.072Z,1049.8028,1454.7785,229.8544,6.3286,0.7211,1114.3994,1549.7917,229.9428,6.7397,0.7192,1570.0565,2101.3226,229.0863,9.1727,0.7486
2015-03-03T03:36:59.602Z,1067.2116,1477.1614,230.1649,6.4178,0.7222,1135.8511,1568.8391,229.8821,6.8249,0.7243,1598.0542,2130.9743,229.8093,9.2726,0.7497
2015-03-03T03:37:59.832Z,1056.9662,1467.2824,229.8966,6.3824,0.7206,1113.2042,1545.4779,229.3199,6.7389,0.7199,1585.7157,2107.3874,229.3639,9.1873,0.7517
2015-03-03T03:38:59.405Z,1089.9328,1492.2191,229.774,6.4941,0.7306,1126.6623,1547.1998,228.0581,6.7838,0.7283,1614.6773,2113.561,228.3998,9.2541,0.7636
2015-03-03T03:39:59.976Z,1073.0095,1481.1557,229.7129,6.4479,0.7244,1105.9435,1526.4979,227.6866,6.7041,0.7241,1601.709,2098.964,228.5074,9.1859,0.7637
2015-03-03T03:40:59.295Z,1086.0417,1491.6412,228.809,6.5189,0.7286,1132.231,1533.0469,227.1772,6.7482,0.7392,1637.4685,2131.1448,228.6389,9.3207,0.7692
2015-03-03T03:41:59.592Z,1083.414,1488.0753,230.2096,6.4636,0.7282,1122.7028,1557.4151,228.6182,6.8124,0.7206,1595.5454,2107.7974,229.3086,9.1917,0.7576
2015-03-03T03:42:59.048Z,1094.058,1499.0208,229.6579,6.5272,0.7297,1146.0746,1564.2911,228.4471,6.8475,0.7326,1626.5728,2135.7738,229.2092,9.3174,0.7608
2015-03-03T03:43:59.353Z,1075.8057,1482.3071,229.5767,6.4567,0.7253,1134.0408,1554.1449,228.734,6.7944,0.73,1611.9309,2127.0198,229.1789,9.2808,0.7579
2015-03-03T03:44:59.779Z,1105.4342,1513.3379,230.1321,6.5759,0.7306,1149.6313,1575.2782,228.8923,6.883,0.7292,1631.9421,2143.3167,229.5356,9.3376,0.7604
2015-03-03T03:45:59.321Z,1094.0254,1499.6618,229.7994,6.5262,0.7296,1139.6429,1564.2848,228.6903,6.8406,0.7283,1619.5493,2129.7407,229.4349,9.2824,0.7601
2015-03-03T03:46:59.589Z,1110.1067,1512.6701,229.5168,6.5901,0.7347,1155.606,1570.057,228.1073,6.8829,0.7368,1643.115,2145.7822,229.4013,9.3542,0.7668
2015-03-03T03:47:59.006Z,1100.9541,1507.6781,230.2347,6.5486,0.7301,1146.6434,1574.35,228.849,6.8794,0.7285,1622.8352,2135.9472,229.547,9.3044,0.7601
2015-03-03T03:48:59.202Z,1112.1409,1509.9472,229.3728,6.5837,0.7369,1162.072,1572.8062,227.9451,6.8991,0.7387,1645.4839,2147.0392,228.9704,9.377,0.7676
2015-03-03T03:49:59.533Z,1110.3531,1502.2107,228.9649,6.5613,0.7388,1156.6821,1563.9347,227.4776,6.8748,0.7398,1637.3363,2131.2566,228.4128,9.3302,0.7689
2015-03-03T03:50:59.821Z,1105.1702,1496.7832,227.8126,6.5697,0.7383,1168.5012,1550.2823,226.7216,6.8374,0.7536,1668.4066,2156.1396,228.0817,9.4536,0.7744
2015-03-03T03:51:59.502Z,1104.4004,1496.9917,228.9824,6.5373,0.7374,1175.5275,1578.9537,228.2427,6.9176,0.7448,1647.4927,2154.072,228.5567,9.4248,0.7642
2015-03-03T03:52:59.806Z,1123.2627,1516.2564,229.6457,6.6024,0.7407,1178.0321,1596.3036,228.6097,6.9831,0.7376,1644.6233,2151.2796,229.0296,9.3921,0.7637
2015-03-03T03:53:59.232Z,1130.0516,1527.8213,229.6022,6.6543,0.7397,1175.0435,1592.212,228.5034,6.9681,0.7382,1652.4862,2152.9333,228.9576,9.4033,0.7687
2015-03-03T03:54:59.786Z,1135.3092,1558.2461,229.7401,6.7828,0.7283,1135.6696,1537.479,226.4287,6.7893,0.7388,1688.9363,2160.5602,229.23,9.4247,0.7823
2015-03-03T03:55:59.470Z,1139.1373,1573.613,230.2501,6.8342,0.724,1127.2496,1520.6301,225.4342,6.7448,0.7411,1712.6337,2176.4389,229.6035,9.4789,0.7876
2015-03-03T03:56:59.815Z,1127.1949,1559.7846,230.2384,6.7747,0.7228,1136.8271,1534.44,226.1391,6.785,0.7409,1703.0812,2181.887,229.9608,9.4886,0.7806
2015-03-03T03:57:59.493Z,1142.4122,1558.5299,230.3544,6.7656,0.7332,1169.0536,1578.561,227.3746,6.9422,0.7404,1686.627,2176.7644,229.3842,9.4893,0.7744
2015-03-03T03:58:59.819Z,1134.1952,1530.7321,229.6579,6.6649,0.741,1178.7271,1595.8394,228.6721,6.9782,0.7381,1657.2356,2157.0926,228.664,9.4337,0.7694
2015-03-03T03:59:59.028Z,1146.8552,1529.5894,228.3448,6.6984,0.7502,1204.9569,1608.5534,228.4592,7.0409,0.749,1671.7759,2168.5819,228.2967,9.4994,0.7702
