2015-01-19T00:00:59.331Z,2.6854,67.9649,231.1533,0.2944,0.0393,3.2714,61.0941,232.3743,0.2629,0.0552,82.6497,102.9803,232.8502,0.4427,0.8042
2015-01-19T00:01:59.507Z,2.8467,69.9815,231.5658,0.3024,0.042,2.9079,63.9777,232.2177,0.276,0.0452,82.9124,103.3382,232.6996,0.444,0.8032
2015-01-19T00:02:59.979Z,3.3508,69.1168,231.5992,0.2985,0.0504,3.1175,60.1211,232.1974,0.2586,0.0518,82.857,103.6638,232.5829,0.4451,0.8004
2015-01-19T00:03:59.390Z,3.7037,69.4273,231.5336,0.2996,0.0537,2.9346,61.6714,231.6532,0.266,0.0486,81.824,101.5704,231.7943,0.4382,0.8064
2015-01-19T00:04:59.024Z,3.0087,69.5192,231.5766,0.3,0.043,2.6754,62.0157,231.6954,0.2679,0.0438,81.8406,101.6756,231.6713,0.4387,0.8057
2015-01-19T00:05:59.367Z,2.3337,68.9219,231.0256,0.298,0.0338,2.6948,63.5573,231.3891,0.2746,0.0438,81.87,102.3302,231.7067,0.4416,0.8008
2015-01-19T00:06:59.935Z,2.6813,68.6142,231.0662,0.2972,0.0393,2.8826,63.3364,231.5159,0.2737,0.0471,81.5738,102.0562,230.948,0.4417,0.8001
2015-01-19T00:07:59.541Z,2.7643,69.1184,231.4661,0.2989,0.0403,3.0523,61.3526,231.1002,0.2651,0.0527,81.8606,102.0704,231.2563,0.4414,0.803
2015-01-19T00:08:59.804Z,2.6407,70.1155,232.4958,0.3012,0.0393,3.2452,61.1051,231.2953,0.2642,0.0536,83.1999,103.9285,233.2478,0.4455,0.8018
2015-01-19T00:09:59.781Z,3.0803,70.4855,232.3847,0.3033,0.0444,2.5492,63.6851,230.9245,0.2759,0.0404,82.7854,102.8404,233.0833,0.4415,0.8059
2015-01-19T00:10:59.709Z,3.1366,70.044,232.2367,0.3011,0.0451,2.6676,62.6186,231.0781,0.2709,0.0421,83.3221,104.3851,233.4683,0.4468,0.7984
2015-01-19T00:11:59.723Z,3.3749,69.0059,232.4912,0.2966,0.049,3.156,62.0422,231.6555,0.2678,0.0493,83.1138,104.7129,233.5019,0.4487,0.7951
2015-01-19T00:12:59.133Z,2.9227,68.7061,232.0978,0.2959,0.043,2.9493,62.1509,231.4624,0.2684,0.0486,82.912,103.7073,233.2636,0.445,0.801
2015-01-19T00:13:59.556Z,2.7933,69.4372,232.2892,0.2997,0.04,2.6109,63.1543,231.9227,0.2725,0.0409,83.7608,104.4413,233.7853,0.4466,0.8027
2015-01-19T00:14:59.859Z,2.8914,69.1755,232.2741,0.2986,0.0414,3.0368,61.562,231.6443,0.2656,0.049,83.4577,104.7892,234.0491,0.4481,0.7976
2015-01-19T00:15:59.145Z,2.9584,68.98,231.4791,0.2981,0.044,2.8024,61.177,230.865,0.2651,0.046,83.542,104.4759,233.3353,0.4474,0.8018
2015-01-19T00:16:59.887Z,2.696,69.3867,230.8178,0.3011,0.0388,3.1164,62.5518,230.4058,0.2714,0.0491,82.9775,102.4997,233.5428,0.4386,0.8111
2015-01-19T00:17:59.795Z,2.9916,68.5404,230.7766,0.2967,0.0435,3.3492,62.0626,230.7989,0.2692,0.0558,83.5988,103.1147,233.5414,0.4413,0.8118
2015-01-19T00:18:59.295Z,2.8407,68.853,230.4038,0.2989,0.0428,2.9831,62.3719,231.4006,0.2693,0.0486,83.336,103.8767,233.2668,0.4453,0.8032
2015-01-19T00:19:59.848Z,2.9445,68.7683,230.4322,0.2983,0.0437,3.208,59.9967,231.404,0.2589,0.0537,83.6479,105.8338,233.6785,0.4529,0.7925
2015-01-19T00:20:59.202Z,2.5784,68.5897,230.6848,0.2973,0.0383,2.9448,62.4359,231.4607,0.2696,0.0483,83.5673,104.304,233.8698,0.4458,0.8019
2015-01-19T00:21:59.714Z,2.7402,68.6054,231.9571,0.2957,0.0412,3.0086,62.8289,231.41,0.2709,0.0479,83.8163,104.7124,234.1437,0.4473,0.8023
2015-01-19T00:22:59.139Z,2.95,67.2523,232.3233,0.2896,0.0446,3.132,60.7779,231.2833,0.2629,0.0519,83.9083,105.187,233.9118,0.4498,0.7993
2015-01-19T00:23:59.340Z,2.5196,68.8645,232.2066,0.2963,0.0367,2.8704,59.2507,231.1752,0.2563,0.0475,83.9997,104.4265,233.8898,0.4467,0.8053
2015-01-19T00:24:59.932Z,2.6133,69.1184,231.6355,0.299,0.0389,2.8558,60.2735,230.7341,0.2612,0.0458,83.1575,102.3686,233.0761,0.4393,0.8127
2015-01-19T00:25:59.182Z,3.4173,68.0737,230.9851,0.2946,0.05,3.0577,62.0504,230.4302,0.2692,0.0491,82.6448,103.7279,232.5388,0.4462,0.7974
2015-01-19T00:26:59.891Z,2.9992,68.0066,230.4224,0.2953,0.0449,3.1357,59.5464,229.7192,0.2591,0.0542,82.3166,103.1483,231.9685,0.4445,0.7986
2015-01-19T00:27:59.315Z,2.6326,68.2627,231.2504,0.2953,0.0379,2.8768,61.1712,230.1241,0.2658,0.0462,81.8581,102.3322,232.0944,0.4403,0.8007
2015-01-19T00:28:59.566Z,2.259,70.5702,231.074,0.3049,0.0324,2.9845,61.2488,231.4256,0.2649,0.0479,83.5323,103.5518,233.1704,0.444,0.8076
2015-01-19T00:29:59.214Z,3.382,68.7936,231.1343,0.2976,0.0491,3.0957,62.1026,231.4543,0.2682,0.0497,82.6678,102.8887,233.0478,0.4416,0.8043
2015-01-19T00:30:59.059Z,3.199,69.0202,232.3055,0.2968,0.0459,3.0222,63.2244,231.2286,0.2736,0.0497,82.5567,104.1443,233.0946,0.4465,0.7943
2015-01-19T00:31:59.347Z,2.7895,69.4007,232.1916,0.2987,0.0393,2.9622,60.1191,230.6197,0.2607,0.0497,83.3509,105.2436,233.2144,0.4515,0.7926
2015-01-19T00:32:59.888Z,2.5922,68.5208,232.2548,0.295,0.0382,3.1503,61.891,231.2301,0.2675,0.052,82.7647,104.0592,232.7737,0.4472,0.7961
2015-01-19T00:33:59.600Z,3.2011,69.3907,232.1131,0.2989,0.0449,3.419,63.9172,231.3872,0.276,0.0531,82.6852,103.3182,232.7631,0.4438,0.8016
2015-01-19T00:34:59.538Z,3.0726,69.4989,231.9789,0.2997,0.0453,3.1298,61.8776,230.9274,0.2684,0.0499,82.926,103.8214,232.8366,0.4462,0.8
2015-01-19T00:35:59.018Z,3.0143,69.6863,232.7353,0.2993,0.0433,2.7748,63.1769,230.7044,0.2741,0.0447,83.0668,104.0937,233.1392,0.4467,0.7992
2015-01-19T00:36:59.459Z,2.7665,68.8022,233.3558,0.2946,0.0408,3.0535,60.5802,230.2767,0.2628,0.0507,82.4352,102.7559,233.0297,0.4411,0.8042
2015-01-19T00:37:59.471Z,3.4224,69.8977,233.1043,0.2996,0.0487,2.709,61.6768,230.0378,0.268,0.0426,82.8229,104.3859,232.9222,0.4482,0.7949
2015-01-19T00:38:59.260Z,3.4436,69.6665,232.4784,0.2997,0.0502,3.1359,62.2275,231.607,0.2687,0.0503,83.2668,104.2829,233.3779,0.4468,0.7991
2015-01-19T00:39:59.801Z,3.1064,68.5222,232.1651,0.2955,0.044,2.9674,61.7088,231.8332,0.2663,0.0489,83.1307,103.7424,233.4434,0.4448,0.8026
2015-01-19T00:40:59.119Z,2.6651,70.5698,232.5478,0.3036,0.0383,2.6583,62.5852,232.2527,0.2691,0.0426,83.399,103.896,233.4289,0.4454,0.8039
2015-01-19T00:41:59.616Z,3.3885,69.2943,232.429,0.2979,0.0495,3.4207,62.4985,232.2871,0.2688,0.0551,83.3962,104.8011,233.6009,0.4486,0.7971
2015-01-19T00:42:59.101Z,3.391,68.662,232.2472,0.2956,0.0507,2.6958,63.8011,232.167,0.2749,0.0443,83.4498,103.787,233.6969,0.4442,0.805
2015-01-19T00:43:59.938Z,2.6298,69.0466,232.4278,0.2967,0.0364,2.9302,62.8796,231.7638,0.2711,0.0466,83.5513,103.8938,233.331,0.4454,0.8057
2015-01-19T00:44:59.270Z,2.9281,69.0042,232.511,0.2961,0.043,2.5457,63.8282,231.5919,0.2753,0.0401,82.9788,103.8629,233.5116,0.4443,0.7999
2015-01-19T00:45:59.508Z,2.8551,68.2305,232.3923,0.2934,0.0422,3.5295,63.0754,231.4778,0.2727,0.0546,83.0611,103.5551,233.5578,0.4434,0.8029
2015-01-19T00:46:59.126Z,3.2264,68.062,231.983,0.2932,0.0477,2.8841,62.3584,231.2513,0.2698,0.0482,81.8914,102.7332,231.6974,0.4433,0.7984
2015-01-19T00:47:59.470Z,2.5227,70.2081,231.8795,0.3025,0.0374,2.6318,62.1178,231.4682,0.2677,0.0437,82.6982,103.0712,232.3412,0.4436,0.8038
2015-01-19T00:48:59.916Z,2.5604,69.4743,232.0616,0.3003,0.0371,2.8812,61.8625,232.3263,0.2662,0.0476,82.928,103.8979,233.5679,0.4455,0.7999
2015-01-19T00:49:59.105Z,3.0239,68.9136,231.3575,0.2982,0.0426,2.8519,63.4916,232.2442,0.2734,0.0455,83.2357,103.9082,233.6631,0.4446,0.8025
2015-01-19T00:51:59.712Z,3.0622,69.2678,231.8088,0.2984,0.0452,2.7863,63.2999,232.4099,0.2725,0.0444,83.2722,103.8282,233.7207,0.4443,0.8035
2015-01-19T00:52:59.375Z,3.1107,69.9847,232.8485,0.2998,0.0451,2.853,63.5442,231.9796,0.2741,0.044,83.1616,103.6153,233.6148,0.4438,0.8037
2015-01-19T00:53:59.317Z,2.9722,68.3864,233.0097,0.2934,0.0438,2.9488,62.0502,232.3405,0.2667,0.0469,83.5914,104.998,234.0818,0.4484,0.7975
2015-01-19T00:54:59.976Z,3.428,68.5191,233.1223,0.2936,0.0505,3.0703,63.3633,232.2702,0.2724,0.0477,83.6544,105.3419,233.7589,0.4507,0.7958
2015-01-19T00:55:59.291Z,3.3457,69.5121,232.8101,0.2983,0.05,3.0661,62.8174,231.9756,0.2712,0.0496,84.0419,104.0888,233.7477,0.445,0.8083
2015-01-19T00:56:59.552Z,2.6047,68.6971,232.2528,0.2957,0.0387,3.1489,62.0295,232.1833,0.2666,0.0547,83.0113,103.2708,233.106,0.4428,0.807
2015-01-19T00:57:59.529Z,2.6223,69.5189,233.3743,0.2979,0.0364,2.3946,63.7686,233.4403,0.2737,0.0388,83.8343,105.9316,234.0769,0.4526,0.7926
2015-01-19T00:58:59.819Z,2.9358,69.9351,233.4934,0.2997,0.0426,2.6429,59.84,233.5043,0.2558,0.0436,84.2105,103.311,234.881,0.4396,0.8147
2015-01-19T00:59:59.615Z,3.3159,70.7148,233.7489,0.3022,0.0466,2.9731,60.6488,233.117,0.2601,0.049,84.0571,104.7156,234.5328,0.4459,0.8042
2015-01-19T01:00:59.992Z,2.6409,67.4924,233.3538,0.2889,0.0392,3.0648,62.6842,232.7901,0.2695,0.0485,82.6372,103.7073,234.023,0.443,0.7987
2015-01-19T01:01:59.480Z,2.6822,69.8523,233.5869,0.299,0.0379,3.6699,62.7248,232.8582,0.2694,0.0583,83.942,105.5914,234.2643,0.4513,0.7964
2015-01-19T01:02:59.746Z,3.1497,68.9733,233.8544,0.2951,0.0459,2.7298,58.9944,232.8265,0.2535,0.0488,84.1356,105.3943,234.3726,0.45,0.7999
2015-01-19T01:03:59.118Z,3.6986,70.1596,233.6324,0.3004,0.0533,2.8108,62.4402,233.444,0.2669,0.0451,83.4877,104.128,233.7463,0.4453,0.803
2015-01-19T01:04:59.862Z,2.9962,68.7777,233.8003,0.2936,0.0445,3.1417,61.115,233.3003,0.2616,0.0525,83.2453,103.8907,233.2739,0.4454,0.802
2015-01-19T01:05:59.119Z,2.5188,71.2481,233.3854,0.3057,0.0349,2.8172,63.3449,232.6891,0.2726,0.0452,82.1794,103.0406,232.527,0.4432,0.7982
2015-01-19T01:06:59.861Z,2.4489,69.6672,232.6578,0.2992,0.0346,3.3993,63.0768,232.2727,0.2715,0.054,82.9727,103.4567,232.69,0.4448,0.8032
2015-01-19T01:07:59.028Z,2.9718,68.5604,232.764,0.2942,0.0434,3.298,64.153,232.088,0.2758,0.0526,82.6081,103.6465,232.5943,0.4456,0.7981
2015-01-19T01:08:59.717Z,3.1228,69.0907,233.1121,0.2961,0.0455,3.2896,64.5128,232.7242,0.2771,0.052,82.3948,103.0874,232.4273,0.4434,0.8001
2015-01-19T01:09:59.325Z,3.0458,69.6934,232.8754,0.2991,0.0447,2.6596,62.1414,232.6847,0.2678,0.0434,83.1409,104.8727,233.5839,0.4493,0.7946
2015-01-19T01:10:59.809Z,2.7471,68.2257,232.6603,0.2929,0.0398,3.2909,62.877,232.7124,0.2704,0.0511,83.3076,104.6199,233.6173,0.4477,0.7976
2015-01-19T01:11:59.703Z,3.4311,69.3724,232.3591,0.2984,0.0498,2.5146,61.2907,232.5245,0.2629,0.0442,82.9051,103.3463,233.428,0.4429,0.8041
2015-01-19T01:12:59.010Z,3.1632,69.4244,232.6567,0.2986,0.0466,2.562,61.5403,231.8418,0.2659,0.0443,83.2092,104.1573,233.4479,0.4459,0.7999
2015-01-19T01:13:59.717Z,3.9689,68.9279,233.2386,0.2954,0.0584,3.0105,61.5503,232.557,0.2643,0.0485,83.7313,104.4591,233.9328,0.4467,0.8026
2015-01-19T01:14:59.057Z,2.4664,70.334,233.0613,0.3017,0.0347,2.956,63.4954,232.1324,0.2735,0.0478,83.7743,104.3745,233.881,0.4463,0.803
2015-01-19T01:15:59.997Z,2.7491,68.0019,232.5946,0.2919,0.0406,3.0785,60.8937,230.9483,0.2641,0.0511,82.7444,103.0423,233.2615,0.4416,0.8045
2015-01-19T01:16:59.131Z,2.4726,68.6297,231.9083,0.2958,0.0361,3.062,60.7683,230.6216,0.2636,0.0508,83.723,104.8567,233.4704,0.4488,0.8006
2015-01-19T01:17:59.265Z,3.2398,69.6951,232.0224,0.3002,0.0469,2.916,60.3646,230.6886,0.2616,0.0491,83.9307,105.2318,233.8166,0.4497,0.7989
2015-01-19T01:18:59.957Z,3.0682,69.7943,232.9507,0.2995,0.0452,3.0795,62.5199,231.6209,0.27,0.0489,83.7045,104.4499,234.0302,0.4459,0.8021
2015-01-19T01:19:59.948Z,2.471,68.6182,232.6852,0.2952,0.0358,2.7453,61.0182,231.7691,0.2633,0.0451,83.6438,104.464,234.2862,0.4458,0.8016
2015-01-19T01:20:59.351Z,3.042,68.8113,233.3614,0.2953,0.0462,3.1031,61.7532,232.2767,0.2658,0.0511,84.3454,105.5004,235.0571,0.449,0.8
2015-01-19T01:21:59.818Z,2.9302,70.6046,233.4844,0.3024,0.0423,2.573,61.2798,232.6067,0.2629,0.0423,84.0805,104.4038,234.5915,0.4453,0.8062
2015-01-19T01:22:59.675Z,3.5331,69.8746,233.1285,0.2999,0.0502,3.1132,59.548,232.4259,0.256,0.0516,84.2344,103.6016,234.2751,0.4423,0.8136
2015-01-19T01:23:59.019Z,2.6883,69.7982,232.7062,0.3001,0.0386,3.0621,63.5354,232.135,0.2733,0.0499,83.6011,104.8084,234.1043,0.4474,0.7982
2015-01-19T01:24:59.458Z,3.1244,69.2338,232.4804,0.2975,0.0463,2.7596,62.9734,231.9057,0.2715,0.0448,83.5823,105.2404,233.7535,0.451,0.796
2015-01-19T01:25:59.960Z,2.898,69.7696,232.7499,0.2998,0.043,3.082,60.7471,231.4564,0.2621,0.0505,82.781,103.1407,233.2621,0.4427,0.8043
2015-01-19T01:26:59.135Z,3.0078,69.0618,231.1898,0.2988,0.0434,3.4308,62.4703,231.893,0.2694,0.0554,82.1749,103.1622,232.4402,0.4438,0.798
2015-01-19T01:27:59.775Z,2.8613,69.427,230.9493,0.3005,0.0412,3.0703,63.0898,232.5108,0.2708,0.0499,83.0121,102.7174,233.1568,0.4409,0.8091
2015-01-19T01:28:59.344Z,2.7188,69.3801,231.7534,0.2996,0.0392,3.0203,62.1118,232.8457,0.2666,0.047,83.8177,105.349,234.2578,0.4497,0.7972
2015-01-19T01:29:59.044Z,2.9715,70.4229,231.9192,0.3044,0.0424,2.9343,64.5273,232.8929,0.2775,0.046,83.6765,103.8576,234.3147,0.4431,0.806
2015-01-19T01:30:59.507Z,3.6716,69.7671,231.859,0.3009,0.0531,3.8809,63.0258,232.5334,0.2703,0.0614,83.1934,103.9247,233.6879,0.4442,0.8015
2015-01-19T01:31:59.820Z,3.2937,71.2625,233.2557,0.3052,0.047,2.9279,62.0948,232.5874,0.2672,0.0465,83.6934,103.7075,233.7488,0.4435,0.8082
2015-01-19T01:32:59.469Z,2.9128,70.0373,233.1818,0.3001,0.042,2.6099,62.9709,232.9748,0.2703,0.0428,83.5079,103.7787,233.8787,0.4438,0.8054
2015-01-19T01:33:59.337Z,2.6679,70.0954,233.468,0.2998,0.0392,3.3282,62.6481,233.1579,0.2686,0.0537,83.5024,104.009,234.1224,0.4438,0.8037
2015-01-19T01:34:59.903Z,3.2662,69.9802,233.1217,0.3001,0.0471,3.4483,65.7824,233.1291,0.2824,0.052,83.6182,105.2198,233.895,0.4493,0.7963
2015-01-19T01:35:59.454Z,3.2468,69.2441,232.4112,0.2978,0.0479,2.2359,64.0987,232.335,0.2756,0.0371,83.1661,104.2587,233.422,0.4463,0.7992
2015-01-19T01:36:59.272Z,2.6481,69.9161,232.6668,0.3004,0.0394,2.5298,61.8014,232.207,0.2662,0.0444,82.8628,102.7599,232.5346,0.4423,0.808
2015-01-19T01:37:59.631Z,2.2557,70.3723,232.3485,0.3028,0.0328,2.996,63.4372,232.5857,0.2727,0.0498,83.1876,104.5296,232.9762,0.4485,0.7966
2015-01-19T01:38:59.081Z,2.8,69.6204,232.6899,0.2994,0.0407,2.8809,64.0276,232.7106,0.275,0.0476,83.7113,104.2692,233.8772,0.4461,0.8032
2015-01-19T01:39:59.970Z,3.904,69.8216,232.9628,0.2998,0.0555,2.8598,63.9351,232.1848,0.275,0.0446,83.8252,103.9298,233.8392,0.4453,0.8072
2015-01-19T01:40:59.468Z,2.6938,69.4999,232.7913,0.2984,0.0395,2.7035,61.7716,232.3212,0.2654,0.0437,83.6725,103.2409,233.9889,0.4411,0.8121
2015-01-19T01:41:59.012Z,2.7344,69.0548,233.0763,0.297,0.0397,2.8519,62.71,231.971,0.2708,0.0472,83.5768,104.3878,233.7976,0.4463,0.8039
2015-01-19T01:42:59.740Z,2.0712,69.0336,233.5152,0.2958,0.0302,3.4241,62.4125,232.7425,0.2679,0.0564,84.1753,105.4289,234.4426,0.4493,0.7997
2015-01-19T01:43:59.679Z,3.0515,68.9015,233.0159,0.2954,0.0464,2.3329,61.9153,232.4569,0.2663,0.0393,84.4848,105.4374,234.6736,0.4496,0.8024
2015-01-19T01:44:59.022Z,3.4838,68.5288,233.3031,0.2943,0.0504,2.8544,62.3827,229.2673,0.2722,0.0473,84.8284,105.3873,235.2441,0.4481,0.8059
2015-01-19T01:45:59.235Z,3.3056,70.3995,233.2354,0.3015,0.046,3.0059,63.573,230.8053,0.2758,0.0471,84.018,104.0268,234.0538,0.4447,0.8084
2015-01-19T01:46:59.617Z,2.36,68.0266,232.9675,0.292,0.0348,2.8905,61.1443,230.7921,0.2652,0.0481,83.0574,102.6322,233.5634,0.4393,0.8116
2015-01-19T01:47:59.897Z,2.7195,70.2271,233.309,0.3009,0.0387,2.8891,61.2111,231.3421,0.265,0.0485,83.6712,103.8983,233.8833,0.4439,0.806
2015-01-19T01:48:59.461Z,3.469,69.9592,233.3353,0.3,0.0489,3.2139,63.6886,232.3448,0.2739,0.052,84.1584,104.5407,234.6386,0.4453,0.8059
2015-01-19T01:49:59.863Z,2.6907,68.9486,233.5593,0.2948,0.0408,2.9656,62.1263,232.3032,0.2671,0.0489,83.9125,105.1052,234.9624,0.4475,0.7996
2015-01-19T01:50:59.312Z,2.6453,70.4051,233.2319,0.302,0.0392,2.776,62.7195,232.1952,0.2709,0.0481,84.5658,104.2399,234.8413,0.4441,0.8127
2015-01-19T01:51:59.036Z,2.8722,69.7687,232.7247,0.2994,0.0429,3.1089,63.8821,232.3142,0.2747,0.0484,84.12,104.1924,234.3158,0.4449,0.808
2015-01-19T01:52:59.800Z,3.6249,69.6211,233.0734,0.2989,0.0527,3.0385,61.3598,232.1859,0.2643,0.0511,84.4426,105.5728,234.4312,0.45,0.8015
2015-01-19T01:53:59.501Z,3.2524,67.8148,233.023,0.291,0.0493,3.259,63.5001,232.7611,0.2729,0.0502,84.1118,103.9112,234.3778,0.4432,0.8104
2015-01-19T01:54:59.451Z,2.7677,68.9714,233.3204,0.2954,0.0397,2.8491,62.9509,232.8169,0.2701,0.0459,83.6424,104.7935,234.2019,0.4469,0.7998
2015-01-19T01:55:59.210Z,3.012,69.3307,233.0283,0.2974,0.0434,2.938,64.0114,231.9128,0.2761,0.0483,83.8103,104.2694,233.8,0.4453,0.8049
2015-01-19T01:56:59.605Z,3.1587,69.735,233.4363,0.299,0.0455,2.7591,61.3946,231.7867,0.2646,0.0476,83.6592,104.4642,234.2028,0.4455,0.8015
2015-01-19T01:57:59.353Z,3.1219,69.6527,233.8876,0.2982,0.0443,3.0217,61.3933,232.2676,0.2638,0.0491,84.3892,105.0381,234.6863,0.4471,0.8039
2015-01-19T01:58:59.691Z,3.3594,69.4386,233.5631,0.2969,0.049,3.1459,60.2013,232.8501,0.2583,0.0518,84.5919,105.4508,234.974,0.4488,0.803
2015-01-19T01:59:59.056Z,2.6208,69.4718,232.977,0.298,0.0382,3.3816,63.0911,232.6584,0.2711,0.0539,84.2616,105.1088,234.8418,0.4476,0.8019
2015-01-19T02:00:59.416Z,3.0646,69.0574,233.1946,0.296,0.0434,3.5112,61.6004,232.292,0.2657,0.0566,84.3357,104.4412,234.7296,0.4451,0.8091
2015-01-19T02:01:59.328Z,2.2264,69.659,232.7033,0.2999,0.0319,3.2556,61.093,232.36,0.2626,0.0558,83.3245,103.6991,234.5275,0.4423,0.8043
2015-01-19T02:02:59.259Z,3.722,69.2295,232.6923,0.2975,0.0537,2.8132,62.0025,232.3855,0.2667,0.0458,84.2387,105.3431,234.8351,0.4491,0.8004
2015-01-19T02:03:59.008Z,3.2373,69.2971,232.4344,0.2977,0.0466,3.437,62.0943,231.8956,0.268,0.0571,83.7288,103.9561,234.435,0.4431,0.8066
2015-01-19T02:04:59.400Z,2.5927,69.0305,231.9704,0.2973,0.0378,3.0341,62.3529,231.8076,0.2691,0.0477,83.5175,104.1876,234.1096,0.4455,0.8029
2015-01-19T02:05:59.064Z,2.7133,70.6942,232.0826,0.3044,0.0398,2.6589,62.6401,231.0183,0.2713,0.0456,83.9288,103.9443,233.9814,0.4441,0.8082
2015-01-19T02:06:59.514Z,3.2629,68.3017,231.6561,0.2947,0.0488,3.0116,61.2662,231.0866,0.2653,0.0512,83.5316,103.6013,233.8143,0.4433,0.8078
2015-01-19T02:07:59.084Z,3.557,68.9736,231.4552,0.2981,0.0519,2.2613,63.6976,231.6687,0.2747,0.0374,83.4702,103.8455,233.9852,0.4438,0.8044
2015-01-19T02:08:59.652Z,2.8367,69.797,232.9988,0.2996,0.0415,3.4509,61.8634,232.5675,0.2662,0.0561,82.9333,103.7705,232.9337,0.4453,0.8004
2015-01-19T02:09:59.241Z,2.6712,69.0714,232.7534,0.2964,0.0389,3.0519,62.4361,232.6928,0.2681,0.0488,83.1436,103.8587,233.0891,0.4452,0.8017
2015-01-19T02:10:59.676Z,2.6292,68.9511,232.7509,0.2962,0.0396,3.1101,64.3396,232.6237,0.2769,0.0491,83.8953,104.3382,234.4808,0.4448,0.8054
2015-01-19T02:11:59.245Z,3.678,68.8582,232.7584,0.296,0.0542,3.2566,61.7749,232.886,0.2655,0.0522,83.9989,105.751,234.0702,0.4519,0.7962
2015-01-19T02:12:59.495Z,2.8342,68.0714,232.5202,0.2925,0.0423,2.8209,61.4613,232.8505,0.2636,0.0452,84.1099,104.7444,233.8011,0.4484,0.8043
2015-01-19T02:13:59.024Z,2.7328,71.4461,232.5594,0.3071,0.0386,2.9813,63.5256,232.6532,0.2734,0.0467,83.4151,103.4013,233.5096,0.4428,0.8081
2015-01-19T02:14:59.317Z,2.8248,68.7042,232.7483,0.2949,0.0413,2.6645,62.672,232.5048,0.2696,0.0439,83.6615,105.2376,233.6778,0.4505,0.796
2015-01-19T02:15:59.679Z,2.7488,68.0664,232.3247,0.2926,0.0408,2.9024,62.1045,232.2998,0.2679,0.0474,82.7418,102.6429,233.1949,0.4396,0.8074
2015-01-19T02:16:59.906Z,3.5042,67.6948,232.4148,0.2914,0.0521,2.726,60.8919,232.4408,0.2621,0.0486,83.8948,104.1237,233.9103,0.445,0.8077
2015-01-19T02:17:59.397Z,3.0399,68.9936,232.3207,0.2973,0.0452,2.5904,62.8862,232.311,0.2702,0.0433,83.3309,104.2916,233.6287,0.4465,0.8004
2015-01-19T02:18:59.912Z,3.0677,69.0029,232.4663,0.2971,0.0447,2.8567,62.4382,232.6212,0.2684,0.0478,83.6573,104.8115,233.4435,0.4489,0.7992
2015-01-19T02:19:59.220Z,2.7943,70.0934,232.5372,0.3019,0.0404,2.9602,61.4368,232.6282,0.2643,0.0478,83.5181,104.329,233.8034,0.4469,0.8018
2015-01-19T02:20:59.048Z,2.337,68.4833,232.6607,0.2945,0.0342,3.0452,63.0904,232.7013,0.271,0.0471,83.6574,104.1185,233.5812,0.4457,0.8044
2015-01-19T02:21:59.371Z,3.0958,71.2669,232.6804,0.3064,0.0435,3.1463,62.8957,232.9562,0.2699,0.0497,83.0837,103.2916,233.7622,0.4415,0.8053
2015-01-19T02:22:59.246Z,3.1476,69.4689,231.8475,0.2988,0.0458,2.8591,61.9681,232.5626,0.2664,0.0469,82.6142,103.988,233.1029,0.4467,0.7968
2015-01-19T02:23:59.107Z,2.5553,68.3547,231.5646,0.2949,0.0388,2.7613,62.2716,232.9966,0.2673,0.0436,83.1009,103.8469,233.527,0.4443,0.8016
2015-01-19T02:24:59.483Z,4.0514,70.3047,231.9399,0.3032,0.06,2.6333,61.9196,232.4344,0.2665,0.0424,83.7085,104.7795,233.7905,0.4486,0.8001
2015-01-19T02:25:59.510Z,3.1918,68.543,232.1087,0.296,0.0468,2.7678,59.9192,231.5984,0.259,0.0471,83.1457,103.7565,232.7479,0.4463,0.8024
2015-01-19T02:26:59.860Z,2.7568,69.2063,232.5957,0.2973,0.0408,3.0276,61.3175,231.9036,0.2645,0.0483,82.7273,104.2238,232.3423,0.4484,0.7957
2015-01-19T02:27:59.246Z,3.1854,70.0786,232.4442,0.3012,0.0448,2.692,62.7681,231.9852,0.2706,0.0431,82.5416,103.7813,232.1567,0.447,0.7969
2015-01-19T02:28:59.521Z,3.2402,70.4691,232.6496,0.3029,0.046,2.4368,62.9695,231.7848,0.2721,0.039,82.7888,103.6211,232.772,0.4449,0.7997
2015-01-19T02:29:59.198Z,3.5894,68.7276,232.7963,0.2948,0.0532,3.0838,62.909,231.9456,0.2711,0.0487,82.8433,103.3426,233.0202,0.444,0.8022
2015-01-19T02:30:59.466Z,2.4677,69.097,233.14,0.2958,0.0354,3.1921,62.1749,232.1637,0.2685,0.0503,82.8383,103.9128,233.539,0.4447,0.7993
2015-01-19T02:31:59.890Z,2.5154,68.1945,233.1856,0.2929,0.0363,3.1655,61.0748,229.1856,0.266,0.0543,83.7869,104.6196,234.4416,0.4471,0.8023
2015-01-19T02:32:59.009Z,3.113,71.0172,233.3204,0.3039,0.0438,2.9246,61.7956,228.8513,0.2694,0.0487,84.1351,105.1269,234.3307,0.4482,0.8012
2015-01-19T02:33:59.843Z,3.0627,70.949,232.7758,0.305,0.0443,2.9301,63.4697,230.686,0.2743,0.0473,83.7079,104.5634,234.0076,0.4471,0.802
2015-01-19T02:34:59.385Z,3.3429,70.3199,233.0033,0.3019,0.0471,2.89,63.3086,232.4911,0.2722,0.046,83.934,103.5926,234.0043,0.4426,0.8106
2015-01-19T02:35:59.624Z,2.5529,69.6142,232.1848,0.2997,0.0377,2.7926,59.9777,231.6496,0.2588,0.0459,83.3396,103.9226,233.1932,0.4457,0.8036
2015-01-19T02:36:59.109Z,2.6802,70.861,232.6543,0.3043,0.0377,3.1375,62.3824,231.2198,0.27,0.0507,83.0355,102.9549,233.3978,0.4412,0.8073
2015-01-19T02:37:59.221Z,2.8588,68.4162,233.457,0.2933,0.0414,3.4401,61.6551,230.7069,0.267,0.0565,83.0213,104.2913,233.1489,0.447,0.798
2015-01-19T02:38:59.248Z,2.9721,69.1359,233.7563,0.2958,0.0425,2.6985,64.1793,232.5498,0.2759,0.0432,84.318,104.6448,234.3408,0.4466,0.8062
2015-01-19T02:39:59.539Z,3.0486,70.8396,233.94,0.3023,0.0431,2.556,64.0916,232.8053,0.2757,0.0404,84.2978,104.4865,234.6342,0.4452,0.8079
2015-01-19T02:40:59.825Z,2.8442,69.1033,233.4746,0.2959,0.0435,2.9619,61.0747,232.477,0.262,0.0508,83.7076,104.3311,234.152,0.4458,0.8038
2015-01-19T02:41:59.102Z,2.9319,69.3242,233.2972,0.2972,0.042,3.1197,63.0809,232.661,0.271,0.0496,83.4391,104.381,233.8871,0.4462,0.8004
2015-01-19T02:42:59.804Z,3.3598,69.7771,233.62,0.2987,0.0484,3.1638,63.1163,232.9603,0.271,0.0499,83.9405,104.5825,234.3664,0.4465,0.8037
2015-01-19T02:43:59.291Z,2.9263,70.4676,234.3123,0.301,0.0419,3.1649,61.9478,233.2658,0.2659,0.0512,83.463,104.7922,233.6737,0.4484,0.7973
2015-01-19T02:44:59.212Z,3.091,69.219,234.2692,0.2955,0.0445,3.0346,63.8146,233.2797,0.2732,0.0484,83.7014,104.7691,233.7468,0.4491,0.8001
2015-01-19T02:45:59.511Z,3.1122,68.6473,233.5741,0.2938,0.0467,3.0641,62.0942,232.1499,0.2671,0.0498,82.7966,103.6274,232.961,0.4451,0.8005
2015-01-19T02:46:59.091Z,3.7906,69.3429,233.4494,0.2968,0.0558,3.3384,62.1566,232.2888,0.2676,0.0548,82.6067,103.8621,232.6497,0.4468,0.7963
2015-01-19T02:47:59.313Z,3.0354,68.9887,233.2535,0.2956,0.0442,2.9586,62.2022,232.7409,0.2667,0.0473,82.5041,102.8944,232.5237,0.4426,0.802
2015-01-19T02:48:59.210Z,2.4301,69.4559,233.7208,0.2971,0.0363,3.4522,63.0755,232.659,0.2714,0.0541,82.7248,103.7245,233.1473,0.4445,0.7982
2015-01-19T02:49:59.665Z,2.4285,70.7299,233.248,0.3033,0.0344,3.1042,62.5438,232.5033,0.269,0.0518,82.6866,102.4382,232.7833,0.4399,0.8081
2015-01-19T02:50:59.880Z,3.3118,69.0353,233.238,0.2955,0.0473,2.8242,62.793,232.2723,0.2705,0.0448,82.9448,103.8273,232.2489,0.4471,0.8003
2015-01-19T02:51:59.600Z,3.2513,68.6071,233.2841,0.2947,0.0481,3.0946,61.2116,232.5128,0.2632,0.0496,82.4611,104.5053,232.2129,0.45,0.7903
2015-01-19T02:52:59.708Z,3.4557,70.4869,233.3642,0.3024,0.0487,3.0955,63.3329,232.5211,0.2716,0.0492,82.4764,102.1081,232.2886,0.4393,0.8084
2015-01-19T02:53:59.517Z,2.9903,69.8342,233.5371,0.2989,0.0438,3.2416,62.9152,232.6401,0.2702,0.0524,82.367,103.3742,232.1335,0.4449,0.7988
2015-01-19T02:54:59.990Z,2.748,69.0208,233.1585,0.2958,0.0402,3.3472,60.6916,232.3916,0.2615,0.0538,82.393,103.2549,232.1104,0.4452,0.7987
2015-01-19T02:55:59.338Z,2.6136,69.4249,232.7281,0.298,0.0389,2.9447,62.5612,231.669,0.2704,0.048,82.2869,102.9174,231.6859,0.4441,0.8002
2015-01-19T02:56:59.119Z,3.2446,69.3607,233.7309,0.2972,0.0483,2.8761,60.3542,231.9773,0.2604,0.05,82.2062,103.0972,232.0786,0.4442,0.799
2015-01-19T02:57:59.167Z,3.1563,70.0007,234.3991,0.2982,0.0456,3.1012,63.0347,231.7755,0.2718,0.0492,82.6226,102.9352,232.0195,0.4438,0.8034
2015-01-19T02:58:59.465Z,2.5533,71.0559,234.571,0.3033,0.0367,3.3273,62.561,232.6939,0.2687,0.0514,82.5968,103.9235,232.8418,0.4466,0.7955
2015-01-19T02:59:59.157Z,2.7948,70.2174,234.2002,0.2997,0.0401,3.1951,62.2848,232.3276,0.2686,0.0501,82.7092,103.197,232.8479,0.4428,0.8024
