2015-04-29T00:00:59.449Z,4.9784,68.3365,231.7207,0.2949,0.0747,-7.3089,61.0163,229.5464,0.2655,-0.1219,11.6864,63.597,232.739,0.273,0.1854
2015-04-29T00:01:59.782Z,5.0307,69.3792,231.2452,0.2997,0.0742,-7.27,62.7171,229.6358,0.2734,-0.119,11.3789,63.9971,232.7829,0.2754,0.1801
2015-04-29T00:02:59.937Z,5.0395,70.2955,230.5548,0.3053,0.0721,-7.5157,62.0786,228.3787,0.272,-0.125,11.8866,63.8345,231.9099,0.2752,0.1874
2015-04-29T00:03:59.165Z,4.9487,69.2263,231.9457,0.2992,0.0721,-7.4525,62.134,228.6315,0.2722,-0.121,11.5658,64.2202,232.4206,0.2769,0.1837
2015-04-29T00:04:59.368Z,5.6702,69.0239,232.8484,0.2962,0.0836,-7.6907,60.1972,228.7952,0.2634,-0.1342,11.707,64.4398,233.5732,0.2767,0.187
2015-04-29T00:05:59.573Z,4.6674,69.6001,231.8596,0.2999,0.0671,-7.4112,60.5765,229.1679,0.2645,-0.1258,11.3923,65.2576,233.2852,0.2798,0.1766
2015-04-29T00:06:59.814Z,5.093,69.2157,231.4918,0.2988,0.0736,-7.404,61.336,228.9166,0.2687,-0.1223,11.9603,63.6581,232.9965,0.2733,0.1899
2015-04-29T00:07:59.114Z,4.7591,70.5728,231.1031,0.3053,0.0681,-7.5801,61.6119,228.2807,0.2694,-0.1219,11.7808,63.9804,232.3958,0.2748,0.1841
2015-04-29T00:08:59.468Z,5.0255,69.3136,231.0802,0.2999,0.074,-7.8236,61.6259,228.1169,0.2701,-0.1284,11.9403,64.9253,232.2286,0.2798,0.1843
2015-04-29T00:09:59.863Z,6.8185,70.687,231.5915,0.3053,0.0965,-8.0721,62.0858,228.6338,0.2709,-0.1313,11.847,63.9564,233.051,0.2745,0.1861
2015-04-29T00:10:59.119Z,6.8754,69.2567,231.8709,0.2981,0.1003,-8.4354,62.251,228.8556,0.2726,-0.1359,11.1649,64.9198,233.2417,0.2788,0.174
2015-04-29T00:11:59.419Z,6.4935,70.5734,231.9278,0.304,0.0933,-8.184,62.8526,228.8135,0.2746,-0.1312,11.84,64.0645,233.0621,0.2751,0.1845
2015-04-29T00:12:59.865Z,6.0142,69.2634,232.3362,0.2978,0.0888,-8.2651,62.2102,229.0189,0.2717,-0.1352,11.4178,64.5035,233.4114,0.2757,0.1793
2015-04-29T00:13:59.300Z,6.2676,70.017,233.3336,0.2994,0.0904,-8.2706,61.6827,229.1736,0.2691,-0.141,11.2223,63.73,234.8578,0.2708,0.1838
2015-04-29T00:14:59.552Z,6.8666,69.6485,232.9082,0.2987,0.0996,-8.1392,61.5718,228.8676,0.2693,-0.1331,11.7074,65.2647,234.3103,0.2788,0.1797
2015-04-29T00:15:59.711Z,7.2795,69.7242,232.0555,0.3004,0.1062,-8.1993,60.4734,228.3318,0.2652,-0.1347,11.673,63.6742,233.7593,0.2724,0.1832
2015-04-29T00:16:59.842Z,6.8818,70.0201,232.1995,0.3008,0.0989,-7.9258,61.2389,228.343,0.268,-0.1304,11.3455,62.9629,234.4735,0.2678,0.1802
2015-04-29T00:17:59.188Z,6.8869,70.2444,232.4256,0.3016,0.0983,-8.125,62.9692,228.6507,0.2756,-0.1288,12.1482,66.2268,234.5467,0.2827,0.1861
2015-04-29T00:18:59.451Z,7.1913,70.5913,233.2714,0.3025,0.1032,-7.9667,62.617,229.2923,0.2735,-0.1285,11.7195,64.6998,235.0376,0.2759,0.1825
2015-04-29T00:19:59.611Z,6.501,69.6492,233.7024,0.2976,0.0946,-7.884,61.4229,229.6953,0.267,-0.1305,11.2854,65.8036,235.5349,0.2788,0.1746
2015-04-29T00:20:59.791Z,6.7719,70.303,233.1689,0.3016,0.0979,-7.7843,61.6084,228.8712,0.2697,-0.127,11.9057,64.9803,235.0778,0.276,0.1844
2015-04-29T00:21:59.019Z,7.0764,69.8753,233.0371,0.3004,0.1016,-8.0011,62.9171,230.1991,0.2736,-0.1298,11.8734,65.1372,234.7998,0.2778,0.1834
2015-04-29T00:22:59.364Z,6.3205,69.3495,232.2076,0.2984,0.0927,-8.0559,62.737,231.1218,0.2722,-0.129,11.5129,64.3004,233.8625,0.2747,0.18
2015-04-29T00:23:59.743Z,5.9648,69.6091,231.5367,0.3003,0.0873,-7.9418,61.7923,230.7568,0.268,-0.1291,11.3841,64.4901,232.9711,0.2769,0.1762
2015-04-29T00:24:59.940Z,6.8127,70.5111,232.5567,0.3032,0.0973,-8.1969,62.7342,229.3748,0.2732,-0.1333,11.6731,64.257,233.8076,0.2746,0.1832
2015-04-29T00:25:59.138Z,6.9582,69.7418,232.9829,0.2988,0.102,-7.5012,61.4468,230.0783,0.2668,-0.1247,11.8541,65.0051,233.7014,0.2788,0.1861
2015-04-29T00:26:59.421Z,6.9382,70.3638,234.1268,0.3005,0.1005,-7.9024,63.4512,230.6169,0.2754,-0.1248,11.6448,63.8057,231.3031,0.2758,0.1849
2015-04-29T00:27:59.683Z,6.7832,69.0414,232.6189,0.2972,0.0993,-7.7533,60.8478,229.5173,0.2655,-0.1298,11.979,63.6311,233.4311,0.2724,0.193
2015-04-29T00:28:59.971Z,6.1198,68.9734,231.8027,0.2979,0.0895,-7.5174,60.8063,231.0968,0.2634,-0.1266,11.6991,63.8402,232.2531,0.2753,0.1893
2015-04-29T00:29:59.105Z,6.664,68.9069,231.9603,0.2971,0.099,-7.9647,61.4018,231.18,0.2656,-0.1304,11.5656,63.2718,231.8959,0.2727,0.1837
2015-04-29T00:30:59.344Z,6.6975,70.0286,232.3152,0.3015,0.0959,-7.4965,62.9516,231.6351,0.2724,-0.1208,11.6516,65.1643,231.8786,0.2814,0.1797
2015-04-29T00:31:59.530Z,6.9757,70.2595,232.8856,0.3014,0.1012,-8.2035,61.1275,229.2704,0.2671,-0.134,11.8251,62.1932,232.9292,0.2673,0.1902
2015-04-29T00:32:59.768Z,6.8958,70.6009,232.8647,0.303,0.0979,-7.6441,62.2257,228.4526,0.2729,-0.1245,11.7333,64.8007,232.9867,0.278,0.1809
2015-04-29T00:33:59.075Z,6.5338,68.7948,232.3701,0.2966,0.0957,-7.4153,63.0854,230.5226,0.2739,-0.1197,11.7478,63.6313,231.7808,0.274,0.1848
2015-04-29T00:34:59.249Z,6.3486,68.3644,231.6735,0.2953,0.0949,-7.5654,62.6498,231.6368,0.2703,-0.122,11.194,62.9325,231.311,0.2716,0.1803
2015-04-29T00:35:59.391Z,6.5081,69.2103,231.5338,0.2989,0.0936,-7.6447,60.9882,230.959,0.2635,-0.1257,11.2187,63.6544,230.8829,0.2757,0.1782
2015-04-29T00:36:59.639Z,6.4472,69.5507,231.3768,0.3003,0.0932,-7.8705,61.782,231.138,0.2671,-0.1295,11.565,63.1111,231.518,0.2726,0.1849
2015-04-29T00:37:59.945Z,6.8705,69.9899,230.9265,0.3035,0.0986,-8.0255,60.9381,227.9233,0.267,-0.1332,11.6301,63.3976,232.1858,0.2726,0.1853
2015-04-29T00:38:59.074Z,6.4451,69.8526,230.8233,0.3029,0.0926,-8.0721,60.3462,227.5553,0.2651,-0.136,11.3824,63.3514,232.063,0.2732,0.1836
2015-04-29T00:39:59.295Z,6.4393,69.2042,230.2563,0.3005,0.0951,-7.5802,63.761,230.2801,0.2769,-0.1186,11.6121,63.4948,231.1941,0.2743,0.1838
2015-04-29T00:40:59.637Z,6.0457,68.9749,230.3953,0.2991,0.0871,-7.7189,61.4329,230.6165,0.2667,-0.1286,11.6332,64.3121,232.5293,0.2767,0.1826
2015-04-29T00:41:59.970Z,6.0646,69.0187,230.4891,0.2993,0.0882,-7.3664,60.9887,230.5497,0.2641,-0.1224,11.5797,62.6135,232.895,0.2689,0.1858
2015-04-29T00:42:59.260Z,6.14,69.6693,230.8431,0.3013,0.0884,-7.354,61.6417,231.2021,0.2664,-0.1215,11.4189,63.2354,232.9251,0.2711,0.1812
2015-04-29T00:43:59.551Z,6.8702,70.0415,231.0422,0.3032,0.0995,-8.0121,61.8345,229.5911,0.269,-0.1307,11.8617,63.4138,232.5285,0.2725,0.1874
2015-04-29T00:44:59.867Z,7.1292,70.4444,231.2132,0.3041,0.1019,-7.5889,63.2442,228.7276,0.2764,-0.1238,11.2454,64.3343,233.4786,0.2754,0.1747
2015-04-29T00:45:59.042Z,6.5516,68.7489,231.1429,0.2974,0.0959,-7.9202,62.5752,231.7602,0.2696,-0.1281,11.722,64.1416,233.3117,0.2754,0.184
2015-04-29T00:46:59.198Z,6.7162,69.4988,231.111,0.3008,0.0975,-7.9099,61.8177,233.4795,0.2646,-0.1285,11.6211,64.2349,233.8509,0.2744,0.1826
2015-04-29T00:47:59.506Z,6.1269,69.1686,231.1019,0.2991,0.0898,-7.8646,61.8492,233.1507,0.2648,-0.1308,11.509,64.7103,233.8425,0.2767,0.1811
2015-04-29T00:48:59.742Z,6.087,68.9263,230.6973,0.2991,0.0876,-7.1488,62.768,232.9512,0.2696,-0.1178,11.6169,63.6312,233.522,0.2723,0.1863
2015-04-29T00:49:59.920Z,6.251,68.8822,231.227,0.2979,0.0908,-7.9192,63.7154,232.8499,0.2735,-0.126,11.6757,64.0408,233.6054,0.2745,0.1829
2015-04-29T00:50:59.232Z,6.5779,70.2231,233.3145,0.3008,0.0947,-7.6864,62.1383,230.7171,0.2692,-0.1234,12.2234,64.3897,235.0606,0.2742,0.1897
2015-04-29T00:51:59.488Z,7.2885,69.2891,233.4229,0.2971,0.1062,-8.062,63.049,230.7861,0.2732,-0.1282,11.6898,65.0566,235.3243,0.2764,0.1801
2015-04-29T00:52:59.806Z,6.5449,69.3667,232.3649,0.2979,0.0954,-8.071,64.1921,232.4295,0.2762,-0.1266,11.2362,63.8684,233.9452,0.2731,0.1765
2015-04-29T00:53:59.240Z,6.0982,69.0529,231.2773,0.2981,0.0893,-7.6604,64.468,231.5376,0.2783,-0.1211,11.901,62.8586,232.7668,0.2701,0.1917
2015-04-29T00:54:59.541Z,6.2564,69.3868,231.6622,0.2997,0.0915,-7.6305,61.819,231.9846,0.2666,-0.1269,11.6825,62.5747,232.8164,0.2685,0.1875
2015-04-29T00:55:59.874Z,6.5202,69.2982,231.5436,0.2997,0.0976,-7.5505,62.9968,232.0548,0.2715,-0.1204,11.3563,63.5805,232.7742,0.2736,0.1797
2015-04-29T00:56:59.030Z,6.4767,70.5529,231.7799,0.304,0.0933,-8.2826,63.0852,232.3615,0.2716,-0.1312,11.4878,64.5298,233.0857,0.2767,0.1788
2015-04-29T00:57:59.218Z,6.0872,67.9603,231.3511,0.2939,0.091,-7.7409,61.7303,230.9773,0.2671,-0.1337,11.7121,62.6975,232.5758,0.2699,0.1907
2015-04-29T00:58:59.478Z,5.8957,69.4184,231.9552,0.2988,0.0849,-7.7073,61.3564,229.0452,0.2677,-0.1271,11.6826,64.55,233.7476,0.2767,0.1811
2015-04-29T00:59:59.746Z,6.4515,70.7713,231.7065,0.3055,0.0915,-8.2616,63.2052,230.7936,0.2738,-0.1316,12.4386,64.9086,233.086,0.2786,0.1931
