2015-03-21T00:00:59.886Z,5.8101,68.7168,230.3026,0.2986,0.0864,-7.8279,63.4733,231.2595,0.2746,-0.1247,90.2157,109.8576,232.279,0.4729,0.8225
2015-03-21T00:01:59.335Z,6.6668,67.7157,230.104,0.2942,0.0986,-7.3458,61.2238,230.784,0.2655,-0.1232,89.6125,109.7197,232.2745,0.4723,0.8179
2015-03-21T00:02:59.606Z,6.8001,68.7151,229.9129,0.2981,0.1015,-6.8821,62.1616,230.421,0.2696,-0.1129,89.8274,109.5831,232.3875,0.4712,0.8211
2015-03-21T00:03:59.247Z,7.0777,68.5441,231.0716,0.2963,0.1043,-6.7487,62.8641,229.0513,0.275,-0.1131,91.4876,111.7234,233.6028,0.4783,0.8198
2015-03-21T00:04:59.571Z,6.2327,69.9273,230.8809,0.3036,0.0898,-7.6034,61.9558,228.8857,0.2709,-0.1246,90.4392,110.4901,233.1226,0.474,0.8186
2015-03-21T00:05:59.179Z,6.3827,69.3618,230.9467,0.3002,0.0931,-7.619,62.4383,231.5782,0.2698,-0.1232,90.2943,110.0614,233.2036,0.4722,0.821
2015-03-21T00:06:59.661Z,5.8505,69.4143,232.26,0.299,0.0862,-7.4516,64.0853,233.0984,0.2746,-0.1157,91.2147,111.323,233.637,0.4764,0.8204
2015-03-21T00:07:59.167Z,6.3359,68.3119,231.678,0.295,0.0944,-7.6058,62.0997,232.3481,0.2676,-0.1279,91.2156,110.4373,233.0128,0.4742,0.8272
2015-03-21T00:08:59.682Z,6.8432,69.6124,230.3674,0.3021,0.0993,-7.6317,62.2161,230.8124,0.2695,-0.1247,89.7217,109.8113,232.0422,0.4734,0.8175
2015-03-21T00:09:59.079Z,5.551,69.1766,230.429,0.3002,0.0813,-6.8536,63.0023,230.5471,0.273,-0.1112,90.0221,110.1337,231.8664,0.4749,0.8183
2015-03-21T00:10:59.325Z,6.4353,68.702,230.5992,0.2976,0.0943,-7.8504,63.7968,230.4112,0.2765,-0.1242,89.9723,110.152,232.0335,0.4746,0.8181
2015-03-21T00:11:59.234Z,6.3382,68.8257,230.8471,0.2982,0.0927,-7.5818,63.1534,230.7711,0.2738,-0.123,90.5036,110.2716,232.118,0.4745,0.8212
2015-03-21T00:12:59.278Z,6.7911,68.5734,231.3434,0.297,0.1007,-7.9437,60.1906,231.379,0.2604,-0.1357,90.5652,110.5539,232.7773,0.4749,0.8207
2015-03-21T00:13:59.574Z,6.7722,68.9205,230.7007,0.2986,0.1012,-7.9253,62.0221,230.444,0.2689,-0.1335,89.8698,109.1208,231.9424,0.4704,0.8243
2015-03-21T00:14:59.766Z,6.1712,69.3349,230.753,0.3005,0.09,-7.3067,61.5852,230.1107,0.2679,-0.1199,90.2308,110.9248,232.2187,0.4776,0.8146
2015-03-21T00:15:59.481Z,6.0836,68.6024,229.7001,0.2984,0.0911,-7.54,61.6308,230.2642,0.2681,-0.1232,90.0304,109.9352,232.313,0.4734,0.8196
2015-03-21T00:16:59.931Z,5.9737,67.5918,229.3547,0.2946,0.0877,-7.5276,62.0165,229.9032,0.2698,-0.1213,90.3427,109.6597,232.0168,0.4729,0.8254
2015-03-21T00:17:59.100Z,5.9473,67.4058,230.1352,0.293,0.0906,-7.4853,62.0058,230.6957,0.2687,-0.1256,90.3948,111.0738,232.8299,0.4772,0.8145
2015-03-21T00:18:59.425Z,6.4585,68.9192,230.9557,0.2985,0.0952,-7.1633,62.0218,230.4491,0.269,-0.1202,91.0488,111.0701,233.2622,0.476,0.8207
2015-03-21T00:19:59.062Z,5.6928,69.0946,232.0532,0.2971,0.0837,-7.0879,62.4138,231.4923,0.2703,-0.1148,90.7897,110.7173,233.2903,0.4747,0.8213
2015-03-21T00:20:59.907Z,6.4425,69.8242,231.5678,0.301,0.0921,-8.0048,60.8274,231.179,0.2626,-0.1321,91.0274,111.1441,233.5042,0.4762,0.8201
2015-03-21T00:21:59.154Z,6.0166,69.3662,231.9149,0.2984,0.0881,-7.1473,62.8753,231.2307,0.2723,-0.1172,91.261,111.5397,233.2438,0.4788,0.8197
2015-03-21T00:22:59.397Z,6.6379,69.0552,231.5235,0.2984,0.0981,-7.7668,60.3598,231.1362,0.2612,-0.1359,90.419,109.519,233.0942,0.47,0.8274
2015-03-21T00:23:59.627Z,6.3172,69.7779,231.6491,0.3007,0.0915,-7.4933,60.832,231.4707,0.2629,-0.1257,91.3377,110.643,233.2585,0.4749,0.8265
2015-03-21T00:24:59.933Z,6.8899,69.3692,230.5663,0.3009,0.1009,-7.6229,62.4462,231.2089,0.2696,-0.1235,90.1282,109.6952,232.9512,0.4704,0.822
2015-03-21T00:25:59.653Z,6.4216,68.05,230.433,0.2952,0.0952,-7.8297,61.5725,228.6012,0.269,-0.1305,91.6035,111.738,234.3796,0.4768,0.8212
2015-03-21T00:26:59.974Z,6.6424,68.6629,229.952,0.2989,0.0976,-7.6733,62.6999,228.8273,0.2745,-0.1246,91.0575,111.273,233.8453,0.4758,0.8197
2015-03-21T00:27:59.247Z,6.6113,68.6103,229.9322,0.2982,0.0972,-7.2463,60.761,231.2889,0.2628,-0.124,91.335,110.3903,233.3924,0.4728,0.8284
2015-03-21T00:28:59.573Z,5.7725,67.9164,230.5862,0.2947,0.0858,-8.0992,63.7049,231.8008,0.2752,-0.129,91.1067,111.6084,234.0877,0.4767,0.8173
2015-03-21T00:29:59.432Z,6.0902,67.5357,230.2913,0.294,0.091,-7.9963,61.9205,231.7738,0.2673,-0.13,91.1091,111.07,233.9237,0.4747,0.8219
2015-03-21T00:30:59.899Z,6.4981,65.3355,229.5259,0.2846,0.1001,-7.2746,60.4276,231.0267,0.2616,-0.1264,90.6327,109.0968,233.3742,0.4673,0.8319
2015-03-21T00:31:59.749Z,6.0419,66.5336,229.5124,0.2898,0.0926,-7.0156,61.2921,230.9293,0.2657,-0.1209,91.2559,110.2543,232.9955,0.473,0.8293
2015-03-21T00:32:59.044Z,5.8408,69.5297,229.9773,0.3026,0.0876,-7.3974,61.629,230.9726,0.2666,-0.123,90.7327,110.8351,233.2114,0.4757,0.82
2015-03-21T00:33:59.373Z,6.1965,69.6708,230.4049,0.3018,0.0919,-7.1523,63.2197,231.7043,0.273,-0.1165,90.716,110.4856,233.0507,0.4741,0.8219
2015-03-21T00:34:59.735Z,7.238,69.1683,230.1023,0.2999,0.1048,-7.479,60.6237,231.4291,0.2618,-0.1241,89.9218,109.5776,232.933,0.4701,0.8215
2015-03-21T00:35:59.176Z,6.3228,68.6438,229.8424,0.2988,0.0927,-7.0114,61.8501,230.8979,0.2674,-0.1141,89.8133,110.0457,232.6838,0.4727,0.8167
2015-03-21T00:36:59.968Z,6.7418,68.6665,230.5755,0.2976,0.0991,-7.1904,61.6404,231.6518,0.2662,-0.1215,90.1515,109.2834,233.2559,0.4684,0.8252
2015-03-21T00:37:59.227Z,6.2169,69.2954,231.0653,0.2998,0.0911,-7.1433,61.675,231.6621,0.2658,-0.1177,90.3783,110.1712,232.8599,0.4734,0.821
2015-03-21T00:38:59.719Z,6.3614,68.198,230.7154,0.2959,0.094,-7.4371,61.7637,230.9933,0.2679,-0.1207,89.8518,111.1278,232.457,0.4781,0.8091
2015-03-21T00:39:59.952Z,6.9317,69.4574,230.5887,0.3016,0.1014,-7.3917,62.3584,230.7818,0.2702,-0.1207,89.7149,109.6807,231.9925,0.473,0.8186
2015-03-21T00:40:59.217Z,6.653,69.5609,230.3798,0.3024,0.0972,-7.5883,62.5547,230.9667,0.2708,-0.1227,90.1733,109.931,232.11,0.4733,0.8218
2015-03-21T00:41:59.889Z,7.1174,68.5878,230.559,0.2977,0.1034,-7.9039,61.3093,231.1042,0.2654,-0.1293,90.6659,110.136,232.8046,0.4733,0.8247
2015-03-21T00:42:59.238Z,6.6444,68.2084,230.2628,0.2964,0.0998,-7.8272,61.2612,231.0663,0.2652,-0.132,89.9084,109.8183,232.4181,0.4726,0.8196
2015-03-21T00:43:59.361Z,6.0082,68.5895,230.3925,0.2977,0.0881,-7.4098,62.5065,231.6882,0.27,-0.1212,90.2931,110.3729,232.5397,0.4742,0.8186
2015-03-21T00:44:59.868Z,6.0718,67.6857,230.6605,0.2936,0.0903,-7.5086,60.7502,231.8873,0.2615,-0.1234,89.9587,109.8673,232.6457,0.472,0.8191
2015-03-21T00:45:59.111Z,6.6143,68.6771,230.5446,0.2978,0.0982,-7.8772,61.5528,230.5692,0.2666,-0.1299,90.7772,111.2126,232.9499,0.4769,0.8169
2015-03-21T00:46:59.288Z,6.4293,68.8092,230.4235,0.2985,0.0945,-7.1437,62.0765,228.4469,0.2719,-0.1182,90.5523,111.3732,233.2354,0.4775,0.8145
2015-03-21T00:47:59.571Z,5.7388,68.4547,230.0432,0.2971,0.0862,-7.4029,63.2115,231.3479,0.2732,-0.121,89.5415,108.873,231.9899,0.4695,0.8234
2015-03-21T00:48:59.875Z,5.3984,68.7567,230.1323,0.2987,0.0786,-7.6963,61.9947,231.453,0.2679,-0.1259,90.2997,110.3687,232.4858,0.4745,0.8182
2015-03-21T00:49:59.743Z,6.2444,68.2603,230.3218,0.2963,0.0919,-8.0973,62.3156,232.2157,0.2686,-0.1304,91.1604,110.7745,233.1246,0.4754,0.8233
2015-03-21T00:50:59.981Z,5.9915,68.8184,230.4158,0.2984,0.0879,-7.8625,63.7071,232.798,0.2745,-0.1264,90.6637,110.5651,232.9641,0.4746,0.8211
2015-03-21T00:51:59.489Z,6.6795,68.8159,230.6643,0.2976,0.0987,-7.7448,61.8804,233.3013,0.2654,-0.1309,90.6265,110.5604,233.1564,0.4741,0.8207
2015-03-21T00:52:59.762Z,6.7211,69.0631,231.119,0.2987,0.0984,-7.5911,61.0997,233.3836,0.2612,-0.1276,90.9034,111.0362,233.6507,0.4749,0.8197
2015-03-21T00:53:59.713Z,6.7214,68.966,231.1329,0.2985,0.0981,-7.9076,63.5453,233.728,0.2721,-0.1282,91.4364,111.0863,233.9727,0.4746,0.8233
2015-03-21T00:54:59.972Z,5.989,69.5467,230.7792,0.301,0.0857,-7.4853,63.4933,233.5146,0.2724,-0.121,89.9457,110.453,233.2605,0.4729,0.8153
2015-03-21T00:55:59.305Z,6.5784,67.9569,230.7878,0.2942,0.0971,-7.8688,64.0514,234.2321,0.274,-0.1267,91.1702,109.9289,234.1874,0.4694,0.8301
2015-03-21T00:56:59.736Z,6.147,68.0579,230.6015,0.2945,0.0919,-7.7809,60.8569,233.9386,0.2601,-0.1293,91.0378,111.0612,233.7181,0.4752,0.8207
2015-03-21T00:57:59.985Z,6.8325,68.8691,230.4237,0.2988,0.1002,-7.599,62.052,233.5115,0.2658,-0.1253,91.1057,110.9735,233.6936,0.4743,0.8222
2015-03-21T00:58:59.299Z,6.7197,69.9441,232.1191,0.3017,0.098,-7.2248,61.6253,232.3108,0.2651,-0.1187,91.5292,110.9056,234.0493,0.474,0.8268
2015-03-21T00:59:59.609Z,6.6656,69.5858,232.8116,0.2988,0.0966,-8.5127,61.7669,230.12,0.2682,-0.1408,91.0213,111.0837,234.2093,0.4744,0.8207
