2015-03-26T00:00:59.585Z,6.7626,66.1442,225.6345,0.2927,0.103,-7.5347,62.3358,229.9199,0.271,-0.1215,10.836,64.4948,231.1998,0.2788,0.1673
2015-03-26T00:01:59.955Z,6.4973,68.5467,226.9108,0.3024,0.0962,-7.6596,62.6021,230.6978,0.2714,-0.123,11.4123,63.468,231.5611,0.274,0.1799
2015-03-26T00:02:59.364Z,6.4353,68.7258,227.6129,0.3016,0.094,-7.537,62.0784,230.8758,0.269,-0.1229,11.4223,65.5156,231.8283,0.283,0.1744
2015-03-26T00:03:59.891Z,6.4715,68.1501,227.5293,0.2997,0.0974,-7.1258,62.5308,230.5736,0.2716,-0.1176,10.9837,63.3441,231.4441,0.2738,0.1757
2015-03-26T00:04:59.313Z,6.3247,67.3264,226.9306,0.2968,0.0956,-7.4903,63.0876,230.418,0.2738,-0.1209,11.0074,63.5604,231.0049,0.2751,0.1748
2015-03-26T00:05:59.008Z,6.8181,67.9429,228.0731,0.2978,0.1021,-7.6726,62.2711,231.4993,0.2692,-0.1251,10.996,66.1631,232.0851,0.2851,0.1663
2015-03-26T00:06:59.371Z,6.3115,69.4434,228.0259,0.3047,0.0905,-7.2674,62.9907,231.1367,0.2725,-0.1188,11.1842,64.2244,231.7211,0.277,0.1755
2015-03-26T00:07:59.640Z,6.5543,68.39,227.6864,0.3001,0.0955,-7.2134,61.815,231.1452,0.267,-0.1179,11.1937,64.0603,231.8589,0.276,0.174
2015-03-26T00:08:59.893Z,6.6181,68.3807,227.8215,0.3004,0.0975,-7.5446,64.2821,230.9492,0.2778,-0.12,10.9287,63.7618,231.6493,0.2754,0.1732
2015-03-26T00:09:59.560Z,6.8129,69.0546,227.7743,0.3028,0.0998,-6.9403,61.3657,231.0731,0.2651,-0.1186,10.948,63.9243,231.942,0.2754,0.1761
2015-03-26T00:10:59.798Z,6.2143,68.374,228.6799,0.2985,0.0916,-7.7686,62.783,231.0545,0.272,-0.1255,11.1076,64.2421,231.9315,0.2772,0.1722
2015-03-26T00:11:59.781Z,6.919,68.7756,228.898,0.3005,0.1029,-7.583,62.509,231.116,0.2703,-0.1216,11.447,63.808,232.178,0.2751,0.1808
2015-03-26T00:12:59.168Z,6.6018,68.1693,227.4243,0.3001,0.0978,-7.6796,62.4749,230.7459,0.2708,-0.1237,10.737,63.496,231.4929,0.2744,0.1699
2015-03-26T00:13:59.676Z,6.7599,67.5991,227.6214,0.2973,0.1012,-7.5678,62.4474,230.0499,0.2716,-0.1253,11.4546,63.4863,231.3299,0.2745,0.1815
2015-03-26T00:14:59.877Z,6.6779,68.2185,227.1528,0.3,0.0983,-7.5261,60.7555,229.8529,0.2648,-0.1255,10.9317,65.2438,231.1051,0.2824,0.1688
2015-03-26T00:15:59.140Z,6.0134,69.0258,227.4847,0.3035,0.0878,-7.3764,61.1243,229.7426,0.2654,-0.1234,10.6483,63.5998,231.068,0.2754,0.1679
2015-03-26T00:16:59.670Z,6.3343,69.4374,228.4563,0.3039,0.0924,-7.8162,61.3202,229.3864,0.2672,-0.1283,11.2276,62.5525,231.3834,0.2703,0.1798
2015-03-26T00:17:59.017Z,6.5887,69.3204,227.8736,0.3047,0.0958,-7.2526,62.9368,230.2409,0.2734,-0.1184,10.9107,64.0092,231.9143,0.2761,0.1703
2015-03-26T00:18:59.360Z,6.6499,67.4243,228.1662,0.2955,0.0999,-7.4578,62.0226,230.4188,0.2699,-0.1228,10.9093,64.351,232.0879,0.2771,0.1712
2015-03-26T00:19:59.628Z,6.4582,67.9777,228.3911,0.2973,0.0965,-7.1307,60.6123,230.0296,0.2631,-0.1196,10.6953,62.9027,232.4309,0.2703,0.1759
2015-03-26T00:20:59.112Z,6.1174,68.103,228.8626,0.2978,0.092,-7.2318,63.173,230.1739,0.275,-0.116,11.0544,64.4662,232.0152,0.2778,0.1728
2015-03-26T00:21:59.585Z,6.6457,70.2583,229.4816,0.3061,0.0962,-7.5792,62.8789,230.4893,0.2726,-0.12,11.1823,64.119,231.4897,0.2772,0.1745
2015-03-26T00:22:59.783Z,6.7323,69.3641,229.0868,0.3023,0.0982,-7.6124,63.8226,230.861,0.2767,-0.1216,11.2651,63.7333,231.4193,0.2752,0.1777
2015-03-26T00:23:59.017Z,6.3726,68.9821,228.7669,0.3013,0.0941,-7.0922,63.4773,231.6777,0.2736,-0.1121,10.7,64.491,231.9809,0.2783,0.1664
2015-03-26T00:24:59.318Z,5.3313,68.1459,230.1181,0.2963,0.0791,-7.5019,62.9607,231.389,0.2721,-0.1203,11.0079,62.9055,231.8834,0.271,0.1763
2015-03-26T00:25:59.588Z,5.0729,69.4865,229.9856,0.3022,0.0734,-6.9471,62.7255,230.5392,0.2724,-0.1122,10.8097,63.9404,231.1716,0.2769,0.17
2015-03-26T00:26:59.818Z,5.0089,69.6693,230.5305,0.3022,0.0722,-6.8553,62.0699,230.7603,0.2688,-0.1123,10.9012,63.824,230.9821,0.276,0.1729
2015-03-26T00:27:59.642Z,5.1632,68.6634,229.2139,0.2994,0.077,-6.8306,62.3332,231.0026,0.2702,-0.1112,10.8297,62.9439,230.9662,0.2732,0.1719
2015-03-26T00:28:59.920Z,5.1628,68.9716,228.8335,0.3013,0.0755,-6.8643,63.8091,230.6137,0.2767,-0.1099,11.1157,62.8513,230.8946,0.2722,0.1772
2015-03-26T00:29:59.537Z,5.1687,67.8506,228.9133,0.2966,0.0791,-6.3541,62.8386,230.7389,0.2721,-0.1027,11.1533,62.758,230.8363,0.2717,0.182
2015-03-26T00:30:59.050Z,5.0429,68.7839,228.705,0.3003,0.0736,-7.266,62.5824,230.2908,0.2724,-0.117,10.9004,63.5794,230.5999,0.2763,0.1724
2015-03-26T00:31:59.493Z,5.3035,68.2849,228.6909,0.2984,0.0763,-6.872,62.8201,230.3801,0.2728,-0.1104,11.0154,65.2868,230.8538,0.2829,0.1707
2015-03-26T00:32:59.619Z,5.2405,67.2333,229.1544,0.2934,0.0781,-7.4532,62.629,230.4599,0.2719,-0.1185,11.0407,63.687,230.5962,0.2764,0.1743
2015-03-26T00:33:59.955Z,5.7521,67.1065,228.708,0.2931,0.0874,-7.2869,62.6401,229.5979,0.2724,-0.117,11.0702,63.4254,229.6673,0.276,0.1764
2015-03-26T00:34:59.127Z,5.3049,68.4737,229.2632,0.2982,0.0786,-7.2167,62.2731,229.1897,0.2718,-0.1199,11.0218,62.0048,230.0376,0.2699,0.1811
2015-03-26T00:35:59.433Z,5.0722,68.7378,229.6655,0.2993,0.0743,-7.4699,61.9507,228.6368,0.271,-0.1204,11.2104,64.2708,230.6313,0.2782,0.1756
2015-03-26T00:36:59.645Z,5.0666,67.9789,229.4053,0.2963,0.0752,-7.1827,61.8466,228.8861,0.2701,-0.1167,10.6311,65.369,231.0524,0.283,0.1641
2015-03-26T00:37:59.935Z,5.7213,68.9344,229.8579,0.2999,0.0843,-7.1829,63.1586,226.9657,0.2788,-0.1154,11.0034,64.0233,231.4227,0.2769,0.1733
2015-03-26T00:38:59.633Z,5.4019,67.7971,229.1062,0.2958,0.0811,-7.1081,60.9452,227.7984,0.268,-0.12,11.0062,62.11,230.9334,0.2691,0.1837
2015-03-26T00:39:59.902Z,5.1362,69.3652,228.8925,0.3033,0.0747,-7.0245,62.6054,230.0214,0.2722,-0.1151,11.0308,63.4754,230.8264,0.2754,0.1739
2015-03-26T00:40:59.182Z,6.8956,69.5252,228.6777,0.3041,0.1016,-7.0943,63.487,230.1657,0.2764,-0.1158,11.1341,63.5773,231.3643,0.2749,0.1746
2015-03-26T00:41:59.874Z,6.202,68.5943,230.0501,0.298,0.0921,-7.9247,62.3418,231.1407,0.2705,-0.1291,11.6402,62.4922,231.5874,0.2692,0.1868
2015-03-26T00:42:59.304Z,7.1533,69.6683,230.2299,0.3024,0.1023,-7.4938,63.1128,231.4494,0.2723,-0.1198,11.3474,62.9471,231.7207,0.2716,0.1806
2015-03-26T00:43:59.910Z,6.9476,69.3489,230.8135,0.3,0.1014,-7.143,62.2723,232.3348,0.2681,-0.1157,11.3132,64.6299,232.6024,0.2781,0.1752
2015-03-26T00:44:59.231Z,6.3124,68.1778,231.0403,0.2951,0.0958,-7.663,61.9907,232.259,0.2673,-0.1282,11.3834,64.2716,232.7587,0.2763,0.1779
2015-03-26T00:45:59.750Z,6.114,69.9733,230.5671,0.3036,0.0882,-7.7232,62.527,232.0227,0.269,-0.1238,11.4848,64.3221,232.5178,0.2766,0.1793
2015-03-26T00:46:59.495Z,6.2965,69.1662,230.1165,0.2999,0.0916,-7.5345,63.7973,232.5219,0.2741,-0.1188,11.2609,63.8085,232.8144,0.2735,0.1764
2015-03-26T00:47:59.826Z,6.4963,67.8991,229.4653,0.2959,0.0962,-7.3331,62.6799,232.6135,0.2693,-0.1204,11.3122,63.5155,232.9842,0.2724,0.1809
2015-03-26T00:48:59.032Z,6.6396,68.1719,228.8567,0.2979,0.0992,-7.3134,62.3768,232.4543,0.2684,-0.1197,11.372,64.5493,232.6679,0.2773,0.1808
2015-03-26T00:49:59.740Z,6.7437,68.7501,229.1753,0.2996,0.099,-7.4601,62.7379,232.3016,0.2707,-0.12,11.2027,63.941,232.6064,0.2747,0.1758
2015-03-26T00:50:59.075Z,6.6822,69.4489,229.518,0.3022,0.0974,-7.631,63.3258,231.659,0.2734,-0.1226,11.4584,64.3656,232.2263,0.2771,0.1789
2015-03-26T00:51:59.834Z,6.9334,68.1771,229.5966,0.2964,0.1041,-7.365,63.123,231.1325,0.273,-0.1197,11.2743,64.6089,231.5567,0.2788,0.1746
2015-03-26T00:52:59.187Z,6.2777,69.0144,229.2599,0.3007,0.0928,-6.6501,62.906,230.4401,0.2728,-0.1077,10.3329,64.0958,231.0171,0.2776,0.1614
2015-03-26T00:53:59.917Z,6.7733,68.1663,228.8934,0.2974,0.1001,-7.3904,62.1208,230.3974,0.2699,-0.1211,11.3213,62.3902,230.7671,0.2701,0.1829
2015-03-26T00:54:59.450Z,6.4977,69.2576,229.8493,0.301,0.0954,-7.5978,61.1041,231.0983,0.2643,-0.127,11.2502,63.8859,231.4356,0.2763,0.1776
2015-03-26T00:55:59.657Z,6.4843,69.0624,228.9551,0.3015,0.094,-7.3816,61.6358,230.2348,0.2678,-0.1222,11.5463,62.878,230.8435,0.2725,0.1839
2015-03-26T00:56:59.175Z,6.9507,69.3101,228.7207,0.3034,0.1019,-7.3242,63.0806,230.0772,0.2741,-0.1202,10.7411,63.3843,230.7852,0.2749,0.1722
2015-03-26T00:57:59.683Z,7.0779,68.8726,228.9126,0.3009,0.1045,-7.3816,62.8191,229.9259,0.2737,-0.1184,11.3932,64.3763,230.7049,0.2789,0.1776
2015-03-26T00:58:59.015Z,6.1473,68.1717,228.9334,0.2979,0.09,-7.2502,61.7648,230.9688,0.2676,-0.1169,11.0036,64.5139,231.1821,0.2787,0.1714
2015-03-26T00:59:59.465Z,5.6987,68.4536,229.1262,0.2987,0.0827,-6.8579,62.7946,229.9105,0.2732,-0.1107,11.1022,63.6289,230.9198,0.2757,0.1742
