2015-03-12T17:56:59.191Z,1054.1485,1451.6406,229.2422,6.3325,0.7257,1109.9314,1529.4778,226.4442,6.7537,0.7262,1579.2011,2096.482,227.5923,9.2114,0.7537
2015-03-12T17:57:59.378Z,1046.7991,1422.6623,228.1509,6.2354,0.7357,1134.4722,1556.117,227.5537,6.838,0.7291,1555.5477,2085.5572,227.1402,9.1814,0.7466
2015-03-12T17:58:59.572Z,1037.699,1410.0851,226.6416,6.2216,0.736,1137.1476,1540.8124,227.2017,6.7818,0.7383,1565.0309,2089.9184,227.0422,9.2044,0.7485
2015-03-12T17:59:59.888Z,993.0077,1367.1216,226.0329,6.0481,0.7262,1103.8781,1504.2634,227.3447,6.6164,0.7338,1527.055,2056.5771,226.762,9.0693,0.743
2015-03-12T18:00:59.549Z,949.631,1367.2266,226.6374,6.0329,0.6947,1043.8896,1418.1336,225.342,6.2919,0.7357,1557.1518,2073.3264,227.7858,9.102,0.7509
2015-03-12T18:01:59.711Z,958.0881,1395.5838,229.0929,6.0914,0.6867,1035.5367,1433.8501,226.0682,6.3424,0.7219,1560.0511,2082.7184,229.1529,9.0884,0.7497
2015-03-12T18:02:59.919Z,974.6622,1411.697,229.6187,6.1474,0.69,1035.0026,1451.6863,226.9556,6.3953,0.7133,1550.9592,2073.4981,229.5033,9.0348,0.7476
2015-03-12T18:03:59.192Z,969.9816,1383.4915,228.5752,6.0525,0.7012,1072.2715,1488.022,228.2246,6.5203,0.7207,1533.499,2078.4962,229.802,9.0436,0.7385
2015-03-12T18:04:59.554Z,982.3798,1397.9371,228.5041,6.1176,0.7019,1080.9551,1489.2662,228.0544,6.5301,0.7254,1554.7201,2094.3601,229.8151,9.1131,0.7417
2015-03-12T18:05:59.820Z,989.7032,1408.0616,229.0359,6.1478,0.7021,1076.7566,1497.1598,228.5254,6.551,0.7197,1547.4341,2086.2552,230.0043,9.07,0.7417
2015-03-12T18:06:59.070Z,975.4323,1388.705,229.1657,6.0592,0.7025,1109.0381,1530.5858,229.8359,6.6598,0.7248,1542.7992,2114.6232,230.8681,9.1589,0.73
2015-03-12T18:07:59.247Z,978.4204,1404.2103,229.848,6.1093,0.6966,1102.7049,1525.1196,229.5701,6.6432,0.7231,1556.8857,2126.5724,231.4852,9.1863,0.7317
2015-03-12T18:08:59.520Z,986.9656,1421.6023,229.7856,6.1864,0.6942,1092.0309,1496.5282,227.7084,6.5712,0.7298,1588.612,2134.2834,231.3001,9.2274,0.7442
2015-03-12T18:09:59.772Z,987.6462,1439.2272,230.2586,6.2499,0.6862,1069.8226,1466.6014,226.5972,6.472,0.7293,1609.2596,2137.8541,231.3027,9.2428,0.7526
2015-03-12T18:10:59.215Z,995.2315,1460.9947,230.6896,6.3328,0.6815,1047.4664,1427.0616,223.7688,6.3764,0.7338,1637.7357,2135.8418,231.157,9.24,0.7671
2015-03-12T18:11:59.384Z,1005.6869,1453.5013,230.3896,6.3091,0.6919,1100.742,1501.4431,227.2061,6.6081,0.7331,1620.6164,2161.4616,232.1884,9.3087,0.7496
2015-03-12T18:12:59.582Z,1010.7582,1447.7497,230.4924,6.2808,0.6987,1097.2649,1514.676,227.7394,6.6502,0.7243,1591.0212,2134.2116,231.9429,9.2014,0.7454
2015-03-12T18:13:59.780Z,1034.1976,1454.7258,230.2686,6.3174,0.7108,1134.6399,1561.0451,229.5217,6.8013,0.7269,1593.2783,2146.8909,231.5918,9.27,0.7419
2015-03-12T18:14:59.013Z,1028.1102,1447.868,230.5503,6.2801,0.7108,1132.7023,1565.7552,230.0518,6.8061,0.7234,1577.3302,2135.2651,231.2741,9.2324,0.7388
2015-03-12T18:15:59.274Z,1022.8679,1460.1226,229.8964,6.3509,0.7002,1132.1648,1522.1998,227.2533,6.6973,0.7436,1644.8601,2184.1833,231.7849,9.4229,0.7538
2015-03-12T18:16:59.555Z,995.7291,1452.9418,229.4844,6.3313,0.6851,1109.2549,1478.3059,225.832,6.5458,0.7508,1666.482,2199.7218,232.472,9.4623,0.7571
2015-03-12T18:17:59.776Z,1007.4693,1463.1651,228.7933,6.3946,0.6883,1128.4102,1480.3643,225.5232,6.5641,0.7623,1700.7289,2229.2824,232.5118,9.5876,0.763
2015-03-12T18:18:59.091Z,1006.188,1439.5471,228.4709,6.3008,0.6988,1139.1117,1510.5802,227.0637,6.6524,0.7543,1654.0918,2195.1822,231.8479,9.4674,0.7545
2015-03-12T18:19:59.228Z,1033.5107,1479.8134,228.7293,6.4694,0.6982,1129.8094,1488.1013,225.2028,6.6078,0.7591,1698.8214,2212.2629,231.813,9.5428,0.7687
2015-03-12T18:20:59.563Z,1025.675,1468.8431,228.2673,6.4348,0.6983,1111.2267,1464.6488,224.361,6.5278,0.7584,1685.8309,2186.3481,231.012,9.4637,0.7703
2015-03-12T18:21:59.899Z,1022.7183,1462.3337,228.7259,6.3929,0.6989,1130.9559,1496.5202,225.9568,6.6222,0.7556,1674.8908,2195.8653,231.4362,9.4876,0.7617
2015-03-12T18:22:59.223Z,1082.6482,1487.8898,229.0716,6.4955,0.7277,1152.2077,1533.052,226.2369,6.776,0.7517,1663.8407,2150.9253,227.802,9.4419,0.7726
2015-03-12T18:23:59.470Z,1032.4154,1476.8516,229.1106,6.4459,0.6989,1130.0908,1489.0934,225.2086,6.6117,0.7586,1694.8503,2204.6893,231.0534,9.5421,0.7689
2015-03-12T18:24:59.784Z,1029.1067,1476.0678,229.0403,6.4446,0.6974,1127.5776,1487.2643,225.5729,6.5932,0.7571,1693.3973,2206.0589,231.2172,9.5412,0.7687
2015-03-12T18:25:59.046Z,1036.841,1458.9419,228.7016,6.3794,0.7104,1155.5791,1539.4233,228.056,6.7494,0.7504,1649.4774,2183.5779,230.7418,9.4628,0.7551
2015-03-12T18:26:59.246Z,1048.6887,1466.8899,228.7019,6.4141,0.7148,1154.496,1542.8978,227.8334,6.7718,0.7482,1648.4926,2176.0018,230.8061,9.4277,0.7588
2015-03-12T18:27:59.404Z,1064.0106,1477.8529,228.7339,6.4611,0.7194,1146.0549,1537.103,227.177,6.7662,0.7453,1646.8024,2158.5854,230.1762,9.3778,0.7627
2015-03-12T18:28:59.602Z,1071.4416,1485.213,228.4687,6.5006,0.7212,1146.1427,1533.7953,226.7918,6.763,0.7472,1654.2821,2159.605,230.157,9.3827,0.7666
2015-03-12T18:29:59.880Z,1076.2864,1473.656,227.9343,6.4653,0.7299,1160.4321,1542.4839,226.5309,6.8088,0.7527,1647.9292,2146.7012,228.9192,9.3773,0.7686
2015-03-12T18:30:59.099Z,1054.7694,1474.3351,227.3291,6.4851,0.7153,1140.4267,1478.5551,223.9553,6.6011,0.7709,1708.3079,2187.2567,228.8011,9.5596,0.7801
2015-03-12T18:31:59.294Z,1047.6133,1482.8434,228.2075,6.4976,0.706,1144.7273,1490.9392,225.0737,6.6242,0.7673,1716.1063,2215.2387,230.2818,9.6194,0.7738
2015-03-12T18:32:59.410Z,1064.1298,1492.3576,228.8456,6.5211,0.7129,1149.3581,1510.7326,225.4248,6.7016,0.7604,1699.6951,2196.2249,229.9494,9.5508,0.7733
2015-03-12T18:33:59.671Z,1066.4344,1482.9419,229.132,6.472,0.7194,1156.7819,1527.5973,225.6877,6.7687,0.7574,1677.946,2177.9489,229.5886,9.4854,0.7703
2015-03-12T18:34:59.923Z,1068.2153,1481.5037,228.8078,6.4746,0.7211,1169.4573,1530.9489,225.6466,6.7842,0.7638,1693.198,2192.9544,229.3309,9.5619,0.7711
2015-03-12T18:35:59.230Z,1052.3228,1469.4309,229.1039,6.4133,0.7154,1162.9927,1529.2794,225.9972,6.7663,0.7604,1678.6817,2188.1754,229.7581,9.5237,0.7676
2015-03-12T18:36:59.401Z,1063.7408,1486.1122,228.8934,6.4921,0.7154,1163.6494,1522.6298,225.4948,6.7519,0.764,1699.9614,2202.2187,230.0606,9.5721,0.7712
2015-03-12T18:37:59.625Z,1066.3818,1483.0577,228.5641,6.4886,0.719,1172.531,1531.3513,226.0017,6.7757,0.7658,1700.0043,2202.1408,229.654,9.589,0.7712
2015-03-12T18:38:59.813Z,1055.8194,1478.0743,227.6837,6.4916,0.7139,1165.9743,1511.1464,225.7154,6.6945,0.7721,1715.4093,2216.3373,229.8618,9.6417,0.7731
2015-03-12T18:39:59.032Z,1071.6245,1496.5449,227.7576,6.5704,0.7161,1165.4822,1509.2817,225.3522,6.6971,0.7724,1729.9303,2221.6456,230.0182,9.6582,0.7797
2015-03-12T18:40:59.170Z,1087.5733,1498.6447,228.6382,6.5549,0.7257,1158.2233,1521.9584,224.9999,6.7634,0.7608,1693.5978,2174.8101,228.7607,9.5059,0.7791
2015-03-12T18:41:59.413Z,1082.93,1488.6942,228.4162,6.5169,0.727,1175.0698,1538.288,225.5356,6.82,0.7638,1692.4711,2186.7733,229.332,9.5347,0.774
2015-03-12T18:42:59.631Z,1071.1883,1481.3132,227.7859,6.5029,0.7227,1180.1583,1529.8008,225.3689,6.7877,0.7713,1709.4122,2207.3447,229.487,9.6181,0.7756
2015-03-12T18:43:59.155Z,1054.7853,1479.3022,228.3302,6.4786,0.7132,1182.9742,1530.8999,226.2611,6.7661,0.7727,1722.1385,2236.5832,230.5298,9.7012,0.77
2015-03-12T18:44:59.612Z,1050.6358,1482.7684,227.7438,6.51,0.7086,1190.4227,1529.8363,226.6929,6.7489,0.7786,1742.2155,2267.0966,231.5322,9.791,0.7681
2015-03-12T18:45:59.815Z,1047.7141,1488.5219,227.6781,6.5371,0.7037,1182.0958,1524.1089,226.893,6.7164,0.7761,1743.6707,2270.9627,232.1863,9.7807,0.7686
2015-03-12T18:46:59.172Z,1084.123,1515.5222,228.882,6.6207,0.7151,1177.2468,1542.4859,226.3693,6.8133,0.763,1721.1417,2230.0238,231.4842,9.6332,0.7718
2015-03-12T18:47:59.426Z,1073.648,1506.7323,228.2037,6.6024,0.7119,1170.7803,1522.6077,225.4512,6.7541,0.7691,1731.8806,2236.7276,231.7111,9.6524,0.7744
2015-03-12T18:48:59.561Z,1082.9211,1511.9907,227.7008,6.6399,0.7163,1183.6847,1525.9226,225.1832,6.7759,0.7756,1748.6338,2246.994,231.2838,9.7146,0.779
2015-03-12T18:49:59.692Z,1104.8048,1522.8039,227.5851,6.6909,0.7259,1157.7639,1507.5278,224.5334,6.7144,0.7676,1729.08,2195.6092,229.103,9.5832,0.788
2015-03-12T18:50:59.920Z,1099.9316,1536.0922,227.1879,6.7614,0.7162,1161.7173,1496.6457,224.1608,6.6768,0.7764,1770.4963,2244.4162,230.7336,9.7272,0.7891
2015-03-12T18:51:59.216Z,1092.8173,1533.9232,228.1167,6.7241,0.7123,1152.8909,1499.616,224.7014,6.6739,0.7686,1752.4845,2234.7626,231.1858,9.666,0.7841
2015-03-12T18:52:59.456Z,1092.86,1534.5641,228.0106,6.7306,0.712,1176.1307,1513.9439,224.7556,6.7357,0.7771,1776.3773,2267.5184,231.7081,9.7858,0.7841
2015-03-12T18:53:59.708Z,1070.1312,1506.5907,228.3062,6.5992,0.7108,1180.4899,1522.9109,225.3568,6.7576,0.775,1750.8362,2259.7236,231.8492,9.7466,0.7752
2015-03-12T18:54:59.070Z,1079.4683,1493.8802,226.5755,6.5933,0.7228,1224.0615,1550.6735,225.4774,6.8773,0.7891,1765.9765,2278.7978,231.404,9.847,0.7753
2015-03-12T18:55:59.255Z,1057.6678,1466.5422,225.8861,6.4926,0.7211,1218.1971,1543.3006,225.649,6.839,0.7892,1742.7517,2263.2342,231.181,9.7899,0.7702
2015-03-12T18:56:59.514Z,1097.4749,1496.5964,226.1236,6.6183,0.7329,1232.3662,1563.9969,225.3063,6.9417,0.7877,1755.2262,2259.2973,230.6418,9.795,0.7777
2015-03-12T18:57:59.693Z,1088.4156,1498.9091,227.103,6.6,0.7264,1205.4681,1548.1573,225.4299,6.8677,0.779,1739.8294,2242.1443,230.8418,9.7121,0.7764
2015-03-12T18:58:59.945Z,1080.8183,1508.6167,227.177,6.6404,0.7167,1229.8427,1561.2821,226.5233,6.8924,0.7874,1783.829,2311.0727,232.539,9.938,0.7719
2015-03-12T18:59:59.187Z,1052.3217,1466.108,225.7749,6.4935,0.7176,1235.5823,1558.7842,226.7372,6.8751,0.7932,1757.0969,2294.2341,232.0325,9.887,0.7661
