2015-04-01T00:00:59.921Z,5.9864,46.9412,230.1063,0.2045,0.1291,-5.8938,33.7367,231.1901,0.1458,-0.1874,9.8623,38.258,231.5233,0.1649,0.2674
2015-04-01T00:01:59.240Z,6.2882,48.4308,229.9777,0.2103,0.1298,-6.6017,35.8582,231.0862,0.1548,-0.19,10.912,38.3421,231.4878,0.1657,0.2899
2015-04-01T00:02:59.431Z,6.7676,48.7081,229.6159,0.2123,0.1378,-6.4886,34.2314,230.7731,0.1482,-0.2031,10.5858,37.4818,231.7855,0.1618,0.289
2015-04-01T00:03:59.721Z,6.2597,46.793,229.5959,0.2037,0.1336,-6.9596,33.3144,229.5621,0.1451,-0.2192,10.1489,37.1765,230.8981,0.1609,0.2878
2015-04-01T00:04:59.984Z,6.37,47.2071,230.4493,0.205,0.1336,-6.9251,35.2666,230.0439,0.1535,-0.1951,10.5432,38.4957,231.3861,0.1665,0.2828
2015-04-01T00:05:59.206Z,6.5548,48.8573,230.3028,0.2123,0.1341,-6.5551,33.9733,229.9954,0.1477,-0.2043,10.3576,36.609,231.3668,0.1581,0.284
2015-04-01T00:06:59.378Z,6.8234,47.418,230.8203,0.2056,0.1429,-7.0836,32.7871,230.5618,0.1425,-0.2178,11.0915,38.0266,231.9165,0.1642,0.3023
2015-04-01T00:07:59.600Z,6.2714,48.6408,230.7757,0.2107,0.1281,-6.8371,35.1278,230.7511,0.1525,-0.2005,10.4412,37.8277,232.1886,0.1629,0.283
2015-04-01T00:08:59.841Z,6.3215,46.9751,230.6264,0.2033,0.1335,-6.5176,33.7301,230.5803,0.1458,-0.2002,10.4898,37.6992,231.957,0.1621,0.2903
2015-04-01T00:09:59.077Z,6.5353,48.662,230.8706,0.211,0.1359,-6.4438,34.1092,230.644,0.1478,-0.2012,10.0396,37.5639,232.0426,0.1614,0.2782
2015-04-01T00:10:59.293Z,6.8959,48.5916,230.4645,0.2105,0.141,-6.9565,34.9669,230.8003,0.1516,-0.2093,10.2454,38.2833,231.9632,0.1652,0.2784
2015-04-01T00:11:59.451Z,6.5529,48.1781,231.0426,0.2081,0.1345,-6.6692,33.4164,231.6079,0.1443,-0.2041,10.7976,37.8163,233.0452,0.1623,0.292
2015-04-01T00:12:59.828Z,6.3234,47.7266,230.8863,0.2066,0.132,-6.7749,35.2952,231.3376,0.1529,-0.2028,10.2645,37.7872,232.8488,0.1628,0.282
2015-04-01T00:13:59.062Z,4.6343,48.4921,230.8013,0.2098,0.0967,-6.344,34.7118,230.8891,0.1509,-0.1902,10.3134,38.3976,231.1358,0.1662,0.2843
2015-04-01T00:14:59.261Z,4.5353,48.3105,231.923,0.2085,0.0927,-5.982,32.9301,232.0463,0.1418,-0.1949,10.3763,36.5209,231.5358,0.1579,0.2924
2015-04-01T00:15:59.525Z,4.9291,48.1764,231.4133,0.2085,0.1038,-6.5235,34.9079,231.8254,0.1504,-0.1943,10.4289,37.7785,232.4171,0.1631,0.2826
2015-04-01T00:16:59.813Z,4.7809,47.798,231.1897,0.2068,0.1001,-6.5759,33.9597,230.9813,0.1471,-0.1973,10.5762,38.4447,232.4421,0.1652,0.2829
2015-04-01T00:17:59.140Z,5.5263,48.7688,231.5063,0.2103,0.1133,-6.2617,36.3306,231.4557,0.1563,-0.1802,10.2097,37.125,232.6231,0.1594,0.2913
2015-04-01T00:18:59.315Z,6.8429,48.8647,231.9033,0.2111,0.139,-6.8945,32.9693,228.7258,0.144,-0.2152,10.8183,37.5287,233.8643,0.1609,0.2934
2015-04-01T00:19:59.781Z,6.5782,47.3937,232.3223,0.2048,0.1386,-7.0429,35.6023,230.6814,0.1544,-0.1963,10.6747,38.3509,233.7997,0.1636,0.2857
2015-04-01T00:20:59.010Z,6.6769,48.0176,231.924,0.207,0.138,-6.6291,32.9059,232.2229,0.1414,-0.214,10.4216,37.8802,233.6472,0.1621,0.2891
2015-04-01T00:21:59.294Z,6.4191,48.5586,231.6669,0.2102,0.132,-6.6291,34.9011,231.7776,0.1503,-0.1956,10.6196,38.1974,233.1271,0.1643,0.2833
2015-04-01T00:22:59.547Z,6.5463,48.3448,231.0697,0.2092,0.1343,-6.8068,35.258,231.2143,0.1523,-0.2013,10.7443,38.213,232.6778,0.1638,0.2898
2015-04-01T00:23:59.930Z,6.3353,48.4319,230.6404,0.2103,0.1301,-6.5253,35.9632,230.4034,0.156,-0.1932,10.6632,37.1529,232.2733,0.1598,0.2948
2015-04-01T00:24:59.158Z,5.9917,48.6811,231.226,0.2107,0.1236,-6.4854,35.1147,230.6544,0.1518,-0.1912,10.6284,38.0038,231.1978,0.1646,0.2842
2015-04-01T00:25:59.336Z,6.8429,48.5792,231.6757,0.2102,0.1411,-6.5238,33.9196,231.1763,0.1467,-0.1999,10.5453,36.1569,230.4029,0.1567,0.2997
2015-04-01T00:26:59.608Z,6.5654,47.6979,230.6712,0.2071,0.1375,-6.8186,33.8811,231.6349,0.1462,-0.2071,10.7864,37.8982,232.5802,0.1627,0.2911
2015-04-01T00:27:59.802Z,6.4633,47.6099,230.9373,0.206,0.1338,-6.9159,33.6033,231.8313,0.1453,-0.2122,10.5217,39.8002,232.706,0.1712,0.2721
2015-04-01T00:28:59.130Z,6.243,47.7748,230.8203,0.2064,0.1302,-6.7806,34.7157,231.8518,0.1499,-0.2048,10.9811,39.8423,232.8421,0.1712,0.2808
2015-04-01T00:29:59.488Z,6.1569,47.9971,231.477,0.2074,0.1286,-6.7003,35.282,231.458,0.1525,-0.2019,10.5396,36.8236,232.9067,0.1581,0.2955
2015-04-01T00:30:59.700Z,6.6869,48.6129,232.0311,0.2096,0.1379,-6.8401,34.6821,231.0713,0.15,-0.2051,10.6076,38.7104,232.4833,0.1666,0.2868
2015-04-01T00:31:59.945Z,5.7274,48.4143,232.4099,0.2089,0.1198,-6.517,34.2853,230.7899,0.1486,-0.2001,10.3267,38.5127,231.9836,0.1661,0.2776
2015-04-01T00:32:59.273Z,5.2648,47.7103,232.699,0.2052,0.1116,-6.5429,34.3443,230.9864,0.1486,-0.1954,10.7208,37.3339,231.9811,0.1613,0.2946
2015-04-01T00:33:59.570Z,6.2086,48.4124,231.338,0.2089,0.1288,-6.5244,34.8282,229.9599,0.1515,-0.1957,10.1629,37.7136,231.2904,0.1631,0.2727
2015-04-01T00:34:59.727Z,6.8174,48.7385,232.4504,0.2095,0.1403,-6.3288,32.4376,230.8851,0.1403,-0.2075,10.4371,35.7333,231.9409,0.1538,0.2986
2015-04-01T00:35:59.997Z,6.8084,49.0837,232.3159,0.2113,0.1385,-6.9941,33.9375,231.21,0.1466,-0.2134,10.7819,37.9022,232.5043,0.163,0.2936
2015-04-01T00:36:59.180Z,6.6907,47.9619,232.463,0.2064,0.139,-6.5993,34.0976,231.4803,0.147,-0.2064,10.23,37.9582,233.1016,0.1627,0.2796
2015-04-01T00:37:59.386Z,7.1313,48.6933,232.0857,0.2092,0.146,-6.7426,34.2159,231.0424,0.148,-0.2068,10.8374,38.17,232.5095,0.164,0.2915
2015-04-01T00:38:59.618Z,6.1793,48.745,231.9018,0.2105,0.1272,-6.7753,35.5565,230.6379,0.1539,-0.2001,10.1242,38.7265,232.7412,0.166,0.2688
2015-04-01T00:39:59.908Z,6.242,48.8536,232.1979,0.2103,0.1274,-6.9838,35.2557,230.2856,0.1534,-0.2063,10.8177,37.4651,232.9145,0.1603,0.297
2015-04-01T00:40:59.125Z,5.8179,47.7247,232.5946,0.2053,0.1228,-7.0738,33.8743,230.8159,0.1468,-0.2157,10.9343,38.8253,233.4349,0.1664,0.2927
2015-04-01T00:41:59.427Z,6.2499,49.1607,231.9343,0.2116,0.1265,-6.8201,35.8022,231.3078,0.1543,-0.1963,10.7382,38.7537,233.1478,0.1666,0.2836
2015-04-01T00:42:59.644Z,5.4057,48.7038,232.1316,0.21,0.1111,-6.1921,33.916,231.3384,0.1465,-0.1929,10.536,37.0629,232.9769,0.1588,0.2922
2015-04-01T00:43:59.998Z,4.6601,48.1209,231.7866,0.2075,0.0966,-5.7618,33.0902,231.1422,0.1432,-0.1832,10.4309,37.2378,232.3466,0.1601,0.2859
2015-04-01T00:44:59.252Z,5.3016,48.0466,232.0917,0.2071,0.1088,-6.5098,34.0977,231.7792,0.1471,-0.192,10.4652,39.6691,232.761,0.1704,0.2674
2015-04-01T00:45:59.449Z,6.4895,48.8445,231.5663,0.2111,0.1326,-6.6646,35.683,231.7732,0.1537,-0.1975,10.2893,37.9268,232.7799,0.1634,0.2803
2015-04-01T00:46:59.703Z,6.8005,48.3405,232.142,0.2081,0.141,-7.2186,34.9864,232.7565,0.1496,-0.216,10.6098,37.9471,233.5866,0.1625,0.2891
2015-04-01T00:47:59.112Z,6.4338,48.0754,232.837,0.2068,0.134,-6.8676,34.1404,232.5537,0.1469,-0.2056,10.5487,38.6001,233.8434,0.1648,0.2802
2015-04-01T00:48:59.324Z,7.0491,48.177,232.5592,0.2075,0.1445,-7.0482,34.6018,232.1297,0.1495,-0.2184,10.7087,38.133,233.843,0.1634,0.2914
2015-04-01T00:49:59.600Z,7.06,48.7942,231.9841,0.2104,0.1447,-7.0251,34.8938,232.3708,0.1501,-0.2138,10.3076,37.7466,233.3418,0.1618,0.2824
2015-04-01T00:50:59.077Z,4.8017,48.0613,232.2139,0.2071,0.1007,-6.8518,36.5437,232.4752,0.1572,-0.1907,10.9461,38.9951,233.6444,0.1669,0.2847
2015-04-01T00:51:59.388Z,5.0736,47.3813,231.7154,0.2041,0.1074,-6.1714,34.3514,231.9822,0.1481,-0.1858,10.5841,37.356,232.3322,0.1603,0.2948
2015-04-01T00:52:59.773Z,4.9224,48.7927,232.203,0.2104,0.0999,-6.3101,34.7447,231.8091,0.1499,-0.1876,10.9617,38.0878,232.2338,0.1639,0.297
2015-04-01T00:53:59.130Z,5.0468,48.3144,231.623,0.2084,0.1064,-7.2294,35.4131,230.5068,0.1534,-0.2027,10.1182,37.66,231.9011,0.1623,0.2781
2015-04-01T00:54:59.390Z,6.0158,48.3088,231.7168,0.2088,0.1251,-6.8186,34.7554,230.9716,0.1507,-0.2043,10.5873,37.234,232.0032,0.16,0.2875
2015-04-01T00:55:59.628Z,5.6229,49.0238,232.3186,0.2108,0.1148,-6.6927,34.0298,231.6681,0.1469,-0.2008,10.154,38.6395,232.3192,0.1662,0.2751
2015-04-01T00:56:59.922Z,5.0615,48.2517,232.1036,0.2077,0.1038,-6.8874,35.6351,231.7567,0.1537,-0.1952,10.5416,37.3033,232.3073,0.1607,0.2888
2015-04-01T00:57:59.205Z,4.5283,48.0841,231.4263,0.2084,0.0948,-6.5623,36.0736,231.1823,0.1563,-0.1938,10.2812,37.6387,232.1594,0.1622,0.2849
2015-04-01T00:58:59.474Z,6.6713,48.6084,231.1395,0.2109,0.1357,-7.0645,35.653,230.8978,0.1543,-0.2081,10.5024,38.0612,232.3553,0.1634,0.2802
2015-04-01T00:59:59.742Z,6.4734,48.681,230.9,0.2104,0.1334,-6.9479,34.5716,231.1634,0.1489,-0.2111,10.628,37.9176,232.2854,0.1632,0.2856
