2015-03-27T00:00:59.301Z,7.057,47.007,232.108,0.2024,0.1484,-6.7468,34.7457,233.0081,0.1494,-0.1957,10.9036,37.8313,233.7686,0.1617,0.297
2015-03-27T00:01:59.465Z,6.8988,47.4807,231.8659,0.2047,0.1454,-7.249,35.2943,232.5762,0.1514,-0.2138,11.0264,39.3159,234.6368,0.1673,0.289
2015-03-27T00:02:59.874Z,7.0235,48.9722,232.419,0.2108,0.1433,-7.5422,34.9116,229.5331,0.1525,-0.2192,10.5007,38.8503,235.3254,0.1651,0.2769
2015-03-27T00:03:59.111Z,7.1427,49.402,232.3441,0.2126,0.1431,-6.5736,33.8012,232.0207,0.1456,-0.2063,10.7018,38.4968,234.7512,0.1639,0.2843
2015-03-27T00:04:59.468Z,7.1552,48.0323,231.5999,0.2077,0.1463,-6.1788,33.5408,231.3122,0.1448,-0.1968,11.4533,39.1216,233.6654,0.1676,0.2964
2015-03-27T00:05:59.752Z,6.9026,49.3013,231.0675,0.2129,0.1378,-6.3899,34.2598,230.5623,0.1483,-0.2029,11.0766,38.988,232.5923,0.1675,0.291
2015-03-27T00:06:59.964Z,6.2325,48.1074,231.3348,0.2081,0.1281,-7.1281,34.4079,231.2591,0.1489,-0.214,10.7619,38.0091,232.6809,0.1625,0.2888
2015-03-27T00:07:59.130Z,6.7393,47.8284,230.7636,0.2069,0.1415,-6.724,34.6998,230.8716,0.15,-0.2039,11.2364,37.5185,232.8704,0.1609,0.3071
2015-03-27T00:08:59.345Z,6.3007,48.4126,231.3645,0.2101,0.1287,-6.9054,34.1618,231.4414,0.1478,-0.2099,10.0422,38.2897,233.4636,0.1638,0.271
2015-03-27T00:09:59.647Z,6.3818,48.1066,231.1808,0.208,0.1326,-6.5834,34.215,231.1714,0.1478,-0.2012,11.2192,38.7422,233.0053,0.166,0.2922
2015-03-27T00:10:59.858Z,7.0564,47.6551,231.3763,0.2059,0.1474,-7.1851,33.7749,231.0863,0.1462,-0.2162,10.9213,37.9414,232.7821,0.1631,0.2963
2015-03-27T00:11:59.170Z,6.4216,48.4311,232.0567,0.209,0.132,-7.3702,36.4612,231.1123,0.1578,-0.2046,10.4911,37.6046,233.1548,0.1618,0.2929
2015-03-27T00:12:59.427Z,6.5591,49.4196,232.5505,0.2122,0.1329,-6.3356,34.8419,231.5496,0.151,-0.1916,10.7592,36.8687,233.5522,0.1578,0.3009
2015-03-27T00:13:59.824Z,6.6476,47.543,231.9127,0.2048,0.1385,-7.0207,35.2688,232.1995,0.1518,-0.2075,10.6449,40.0321,233.8684,0.1712,0.2768
2015-03-27T00:14:59.051Z,6.7719,49.5519,231.3436,0.2135,0.1345,-6.6706,34.7084,231.8746,0.1493,-0.1993,10.2462,37.9312,233.5912,0.162,0.2804
2015-03-27T00:15:59.256Z,7.1073,47.4464,230.2688,0.2058,0.1492,-6.8802,34.7411,230.9048,0.1499,-0.2048,10.6114,37.5886,232.7443,0.1617,0.2895
2015-03-27T00:16:59.530Z,6.2332,48.7342,231.2767,0.2104,0.1278,-6.9884,33.9169,231.7225,0.1466,-0.2157,10.8144,39.2349,232.8093,0.1685,0.2813
2015-03-27T00:17:59.712Z,6.6068,48.5743,231.0864,0.2111,0.136,-6.84,36.0607,232.1923,0.1553,-0.198,10.4389,37.9721,233.2392,0.1631,0.2833
2015-03-27T00:18:59.833Z,6.9882,47.8037,231.6202,0.2062,0.1477,-7.0086,35.0458,232.0891,0.1509,-0.2104,10.8293,38.2815,233.8737,0.1638,0.2888
2015-03-27T00:19:59.123Z,6.8768,48.9007,231.6541,0.2113,0.14,-6.4946,34.8674,232.0891,0.1497,-0.198,10.5663,39.3223,233.2029,0.1682,0.2793
2015-03-27T00:20:59.437Z,6.057,48.1851,231.5345,0.2082,0.1263,-6.5712,35.6073,232.7031,0.1536,-0.1965,10.3312,39.5468,233.5297,0.1696,0.2708
2015-03-27T00:21:59.797Z,6.6615,48.0829,231.8814,0.2073,0.1373,-6.5314,34.8345,232.9649,0.1498,-0.1957,10.5147,37.348,233.09,0.1601,0.2933
2015-03-27T00:22:59.048Z,6.5533,48.7664,231.8143,0.2107,0.1328,-6.9939,35.652,233.0096,0.1532,-0.2063,10.4934,38.3764,233.0857,0.1639,0.285
2015-03-27T00:23:59.321Z,6.4413,48.2387,231.4438,0.2088,0.1322,-6.928,34.122,233.1819,0.146,-0.2101,10.3032,38.4027,233.2415,0.1645,0.2786
2015-03-27T00:24:59.746Z,6.425,48.2632,230.6517,0.2098,0.1301,-6.8508,34.668,230.1471,0.1508,-0.2095,10.4549,38.0077,232.2223,0.1639,0.2853
2015-03-27T00:25:59.140Z,6.5959,48.777,231.2872,0.211,0.1356,-6.9426,34.534,229.5933,0.1501,-0.2108,10.7133,39.1661,232.9961,0.1678,0.2841
2015-03-27T00:26:59.369Z,6.5908,48.9076,232.1054,0.2103,0.1351,-6.6003,34.0123,233.11,0.1457,-0.2005,10.5063,37.6427,233.3613,0.1611,0.2864
2015-03-27T00:27:59.694Z,6.2942,48.9778,231.1838,0.2118,0.1289,-6.9923,35.8299,233.347,0.1537,-0.2038,10.9662,37.2676,234.0187,0.1595,0.301
2015-03-27T00:28:59.963Z,5.9355,48.0747,231.0399,0.208,0.1236,-6.8363,35.9807,233.4954,0.154,-0.2025,10.7007,38.6825,233.7433,0.1653,0.2854
2015-03-27T00:29:59.166Z,5.1434,48.3339,232.6055,0.2076,0.1069,-6.0925,34.291,233.4922,0.1469,-0.1869,10.7013,37.5926,234.1575,0.1608,0.293
2015-03-27T00:30:59.393Z,6.3389,47.9233,231.5812,0.2066,0.1311,-6.539,33.652,232.4322,0.1446,-0.2029,9.9301,37.9167,233.2533,0.1618,0.274
2015-03-27T00:31:59.727Z,6.0325,48.4392,231.4063,0.2093,0.1248,-6.4771,36.4155,232.3746,0.1565,-0.188,10.5923,37.6777,233.1455,0.1619,0.2887
2015-03-27T00:32:59.079Z,6.7303,48.3112,231.9373,0.2086,0.139,-6.5894,34.7571,232.6232,0.1492,-0.2049,10.8806,37.6454,233.289,0.1607,0.2983
2015-03-27T00:33:59.261Z,6.4526,48.9282,232.2322,0.2103,0.1336,-7.077,35.5108,232.6991,0.1526,-0.2037,10.4008,37.8047,233.6001,0.1615,0.2795
2015-03-27T00:34:59.511Z,6.3551,47.968,230.8507,0.2081,0.1321,-7.101,35.4804,232.1326,0.1529,-0.2043,11.033,38.517,233.1046,0.1649,0.2884
2015-03-27T00:35:59.673Z,6.6385,47.9787,229.8682,0.2087,0.1383,-7.1125,34.2775,231.3497,0.148,-0.2189,10.2248,37.348,232.015,0.1605,0.2847
2015-03-27T00:36:59.952Z,6.481,47.6301,230.5411,0.2068,0.1366,-6.6522,33.9342,232.1485,0.1464,-0.2065,10.4641,38.5958,233.1371,0.1655,0.2809
2015-03-27T00:37:59.308Z,6.4896,48.3189,231.3756,0.209,0.1328,-7.0267,36.5423,232.4894,0.1568,-0.2021,10.4841,38.6653,233.7934,0.1657,0.2793
2015-03-27T00:38:59.554Z,6.8578,47.922,231.5162,0.2071,0.143,-6.6801,33.906,231.6708,0.1463,-0.2043,10.3838,37.3427,233.5189,0.1596,0.2877
2015-03-27T00:39:59.762Z,6.824,48.3391,232.3114,0.2077,0.1398,-6.5744,33.4412,231.9258,0.1441,-0.2081,10.6432,39.3773,234.3101,0.1678,0.279
2015-03-27T00:40:59.097Z,5.841,48.6717,232.4726,0.2096,0.1213,-6.9836,35.0013,232.1568,0.1508,-0.2031,10.3776,36.7434,234.1487,0.157,0.2902
2015-03-27T00:41:59.341Z,5.651,47.8046,232.5539,0.2053,0.1186,-6.3249,34.932,232.5091,0.1499,-0.1916,11.189,38.4312,234.3266,0.1638,0.2993
2015-03-27T00:42:59.540Z,5.0977,48.707,232.5411,0.2095,0.1021,-6.1825,34.3003,231.312,0.1481,-0.1893,10.5734,38.3482,234.1786,0.1632,0.2877
2015-03-27T00:43:59.818Z,4.8946,48.666,232.688,0.2088,0.1001,-6.0678,34.4301,231.5111,0.1487,-0.1859,10.8169,37.7545,234.1145,0.1608,0.293
2015-03-27T00:44:59.077Z,5.1657,47.5333,232.2489,0.2046,0.1088,-6.3098,34.9024,231.592,0.1507,-0.1907,10.8331,38.983,233.2574,0.1664,0.2859
2015-03-27T00:45:59.431Z,4.9557,48.5891,232.5728,0.2084,0.103,-6.2171,35.2396,231.6929,0.1521,-0.1839,10.3649,37.4552,233.6201,0.1603,0.284
2015-03-27T00:46:59.706Z,5.2125,47.5679,232.6268,0.2051,0.1103,-5.7498,35.3095,232.191,0.1525,-0.1748,10.7584,37.7707,233.4841,0.1618,0.2958
2015-03-27T00:47:59.964Z,5.5978,48.8181,232.1438,0.2107,0.1142,-6.7993,33.569,231.8281,0.1444,-0.2122,10.7148,38.2234,233.3826,0.1642,0.2909
2015-03-27T00:48:59.226Z,5.4383,48.6569,232.3227,0.2097,0.1118,-6.2788,33.662,228.5538,0.147,-0.1922,10.5222,37.0299,233.7638,0.1582,0.2913
2015-03-27T00:49:59.508Z,5.006,47.1762,231.8612,0.2036,0.1071,-6.4274,34.0414,228.8498,0.1488,-0.1933,10.6492,36.5555,233.5655,0.156,0.2989
2015-03-27T00:50:59.758Z,4.7016,48.5023,232.1679,0.2092,0.0978,-6.4164,33.771,231.396,0.1457,-0.1909,11.145,37.6478,233.5958,0.1611,0.3048
2015-03-27T00:51:59.931Z,5.3264,48.8249,232.1775,0.2099,0.1093,-5.8351,35.0287,232.0202,0.1505,-0.1731,10.4755,38.6334,233.6109,0.1657,0.2767
2015-03-27T00:52:59.142Z,4.9373,48.5901,232.4657,0.2084,0.1031,-6.1636,34.4069,231.9684,0.1482,-0.1903,10.6053,37.7718,233.0006,0.162,0.2898
2015-03-27T00:53:59.311Z,5.9553,48.5893,232.269,0.2086,0.1224,-6.3799,33.8373,231.3593,0.1464,-0.1929,10.5623,36.7995,232.1624,0.1591,0.2938
2015-03-27T00:54:59.567Z,6.4878,48.8253,231.6384,0.2111,0.1326,-6.9096,34.7997,230.5768,0.1512,-0.2057,10.5137,36.907,232.2791,0.1595,0.2951
2015-03-27T00:55:59.734Z,6.7124,49.182,232.7998,0.2108,0.1354,-6.4185,34.5071,230.6426,0.1495,-0.193,10.9065,37.7801,232.872,0.1625,0.2968
2015-03-27T00:56:59.051Z,6.7846,49.1062,233.4048,0.2102,0.1372,-6.8331,34.9414,231.4917,0.1513,-0.2008,10.9888,38.2546,233.6144,0.1634,0.2951
2015-03-27T00:57:59.366Z,5.1358,49.0643,233.0478,0.2102,0.1036,-6.3476,35.3721,231.5587,0.1529,-0.1875,10.5272,38.0247,233.2813,0.1628,0.2842
2015-03-27T00:58:59.572Z,4.5271,48.2423,233.6133,0.2063,0.0931,-6.2092,33.1869,232.2312,0.1429,-0.1949,10.7622,37.7741,233.2596,0.162,0.2958
2015-03-27T00:59:59.810Z,5.2771,48.4404,232.8733,0.2082,0.109,-6.6524,35.6407,232.8545,0.1535,-0.1951,10.7654,39.438,233.8122,0.169,0.2811
2015-03-27T01:00:59.216Z,5.7983,46.795,233.2491,0.2006,0.1246,-6.4128,36.9389,233.6634,0.1579,-0.1847,10.4742,38.8617,234.5112,0.1654,0.277
2015-03-27T01:01:59.558Z,5.5086,48.2026,233.1693,0.2072,0.1155,-6.1985,35.224,233.4163,0.1512,-0.182,10.9335,38.3265,234.6396,0.1632,0.2918
2015-03-27T01:02:59.802Z,5.4046,49.8215,232.8884,0.2142,0.1085,-6.2143,36.5951,233.6333,0.1565,-0.179,11.2143,38.7965,234.3814,0.1658,0.2923
2015-03-27T01:03:59.068Z,5.0682,49.2013,234.6396,0.2094,0.1031,-6.2693,34.728,233.5149,0.1486,-0.1902,10.9762,37.5192,233.869,0.1607,0.3018
2015-03-27T01:04:59.548Z,4.8556,48.9293,234.3819,0.2087,0.1003,-6.5646,35.0009,233.0188,0.1504,-0.1966,10.5184,37.5345,233.0341,0.161,0.2911
2015-03-27T01:05:59.783Z,5.1041,49.7139,233.9563,0.2129,0.1037,-6.5291,35.077,233.066,0.1508,-0.1893,10.5621,36.5404,232.3729,0.1571,0.292
2015-03-27T01:06:59.075Z,6.9851,48.7421,233.754,0.2082,0.142,-6.6922,34.6592,233.2754,0.1484,-0.2042,10.6156,37.173,232.5853,0.1597,0.2971
2015-03-27T01:07:59.352Z,7.0851,48.9152,233.3497,0.2096,0.1447,-6.8064,35.0941,233.2728,0.1502,-0.2047,10.4939,38.2589,230.6062,0.1655,0.285
2015-03-27T01:08:59.601Z,6.5148,48.1471,233.113,0.2065,0.1348,-7.0921,35.2999,230.999,0.153,-0.208,10.6864,38.3648,232.1951,0.1655,0.2827
2015-03-27T01:09:59.958Z,6.9649,48.6857,232.2093,0.2097,0.1416,-6.7767,34.7304,230.5259,0.1503,-0.2059,10.1852,38.3799,232.8125,0.1649,0.273
2015-03-27T01:10:59.163Z,6.7817,48.9069,232.5223,0.2097,0.1381,-6.9069,34.3356,232.97,0.1472,-0.2037,10.1831,37.059,233.0186,0.1593,0.281
2015-03-27T01:11:59.477Z,7.5074,48.6913,232.04,0.2097,0.1535,-6.8067,36.2641,232.5024,0.156,-0.1989,10.8269,37.698,233.379,0.1615,0.2962
2015-03-27T01:12:59.689Z,6.8609,48.3567,231.8902,0.2079,0.142,-6.872,34.8735,232.4884,0.1496,-0.1992,10.6386,36.5025,233.6516,0.156,0.3001
2015-03-27T01:13:59.815Z,5.7842,49.6307,232.5628,0.2129,0.1167,-7.5034,31.505,233.4228,0.1353,-0.2377,10.8946,35.7611,234.5667,0.1527,0.3068
2015-03-27T01:14:59.991Z,6.8329,48.2224,232.4745,0.2073,0.1404,-6.8428,33.1377,232.8767,0.1423,-0.2142,10.6777,37.5897,234.1576,0.1602,0.2921
2015-03-27T01:15:59.339Z,6.413,48.2844,232.2737,0.208,0.1341,-7.3847,35.2847,232.7117,0.152,-0.2163,10.5556,37.8003,234.286,0.1616,0.2864
2015-03-27T01:16:59.467Z,6.6821,49.0458,232.629,0.2113,0.1348,-6.9257,35.6303,232.6808,0.1532,-0.1989,10.9025,37.878,233.9613,0.1618,0.2934
2015-03-27T01:17:59.811Z,6.1675,48.4824,232.7171,0.2085,0.1268,-6.9115,35.3808,232.4971,0.1524,-0.2049,10.3561,39.0748,234.0761,0.167,0.2757
2015-03-27T01:18:59.156Z,6.5458,48.4298,232.9144,0.2076,0.1338,-6.8546,35.5971,232.9849,0.1531,-0.2033,10.829,38.3131,234.4609,0.1632,0.292
2015-03-27T01:19:59.450Z,6.5909,49.7137,232.6887,0.2137,0.1319,-6.8162,35.5938,232.7468,0.153,-0.201,10.5468,38.3308,233.7354,0.1637,0.2856
2015-03-27T01:20:59.632Z,6.7852,48.006,232.7177,0.2067,0.1416,-6.9929,33.778,233.1858,0.1451,-0.216,11.0104,38.8944,233.9366,0.1663,0.2881
2015-03-27T01:21:59.968Z,7.1138,48.7701,232.7752,0.2093,0.1439,-6.8453,35.5507,233.0501,0.1524,-0.2013,10.2934,38.1312,233.7366,0.1638,0.2821
2015-03-27T01:22:59.389Z,6.4828,48.6902,232.5883,0.2093,0.1354,-7.0726,35.3937,232.9039,0.1518,-0.2078,10.7327,38.7221,233.8058,0.1658,0.2837
2015-03-27T01:23:59.644Z,5.3475,47.532,232.8735,0.2038,0.1124,-6.5856,34.6042,233.3488,0.1482,-0.196,10.9709,38.6837,234.9296,0.1644,0.2929
2015-03-27T01:24:59.847Z,4.7647,49.0797,232.4091,0.2112,0.0956,-6.1533,34.9019,232.8203,0.1499,-0.1885,10.5956,38.9762,234.0218,0.167,0.2833
2015-03-27T01:25:59.076Z,6.4127,48.9737,232.1567,0.2118,0.1299,-6.4718,35.341,232.7042,0.1516,-0.1886,10.5044,38.6967,234.153,0.1651,0.2809
2015-03-27T01:26:59.313Z,6.81,48.2882,232.2069,0.2082,0.1414,-6.6157,36.1376,232.5329,0.1551,-0.1901,10.7959,37.5218,234.0529,0.1602,0.2968
2015-03-27T01:27:59.580Z,6.6755,48.9046,232.7802,0.2104,0.1358,-6.7549,33.9462,233.0907,0.1454,-0.2114,10.6026,37.7202,234.8707,0.1605,0.2923
2015-03-27T01:28:59.848Z,6.5973,49.0045,232.5147,0.2111,0.1342,-6.5674,35.1143,232.7763,0.151,-0.1979,11.2199,38.4591,234.5334,0.1644,0.2996
2015-03-27T01:29:59.107Z,6.763,49.3031,233.0711,0.2117,0.1376,-6.666,34.0703,232.7606,0.1466,-0.2078,10.7454,36.7088,234.3052,0.1567,0.3008
2015-03-27T01:30:59.393Z,6.6291,49.3421,232.9116,0.2119,0.1323,-6.304,36.4689,232.7697,0.1562,-0.1812,10.5701,38.7604,234.5209,0.1653,0.2845
2015-03-27T01:31:59.556Z,6.8329,48.566,231.4159,0.2097,0.1398,-6.939,35.7596,232.2215,0.1538,-0.2008,10.5644,38.149,233.9903,0.1626,0.2834
2015-03-27T01:32:59.966Z,6.867,48.4005,231.8939,0.2086,0.1412,-6.8728,35.9345,233.0273,0.1543,-0.1978,10.1979,38.79,234.212,0.1655,0.2697
2015-03-27T01:33:59.218Z,6.7418,48.9198,231.2974,0.212,0.1379,-7.0399,36.3331,232.3861,0.1559,-0.1987,10.452,38.1966,233.1856,0.1637,0.2861
2015-03-27T01:34:59.487Z,6.2496,48.2423,231.8046,0.2082,0.1287,-7.166,32.9243,232.3763,0.1414,-0.2185,10.621,37.9051,232.9402,0.1625,0.2885
2015-03-27T01:35:59.734Z,6.9915,48.8618,232.524,0.2104,0.1415,-6.638,34.3484,232.1833,0.148,-0.2076,10.2869,38.4514,232.7512,0.1649,0.2802
2015-03-27T01:36:59.195Z,6.8769,48.9974,232.1143,0.2106,0.1379,-6.8578,34.857,231.9897,0.1502,-0.2098,10.7022,38.295,232.1872,0.1647,0.2889
2015-03-27T01:37:59.482Z,6.4624,48.6671,232.3808,0.2092,0.1334,-6.3365,35.0387,232.3641,0.1508,-0.1957,10.5365,36.3401,232.3547,0.1565,0.2983
2015-03-27T01:38:59.859Z,6.0156,48.2127,232.388,0.2079,0.1248,-7.3411,37.3057,230.9489,0.1615,-0.2026,10.4845,38.1665,233.0841,0.1633,0.2811
2015-03-27T01:39:59.060Z,5.3537,47.5644,232.5654,0.2049,0.1144,-5.9131,33.7178,233.8661,0.1436,-0.1816,10.8113,40.0819,233.2132,0.1717,0.2772
2015-03-27T01:40:59.374Z,6.5597,48.8808,232.3966,0.2102,0.1323,-6.9332,34.1277,234.6047,0.1458,-0.2095,10.449,34.6452,232.6441,0.1486,0.3112
2015-03-27T01:41:59.722Z,7.0659,49.2665,233.0789,0.2113,0.1446,-6.7939,35.438,234.145,0.1515,-0.2015,10.8357,38.7432,233.0954,0.1659,0.2849
2015-03-27T01:42:59.035Z,7.174,48.5734,233.1507,0.2083,0.1468,-6.4227,35.2297,233.6599,0.1502,-0.1941,10.4998,36.786,233.0096,0.1578,0.2979
2015-03-27T01:43:59.391Z,5.3737,48.0691,233.2685,0.2059,0.1126,-6.4776,34.4958,233.6398,0.1475,-0.1935,10.4734,37.5559,232.8419,0.1612,0.2869
2015-03-27T01:44:59.773Z,5.316,48.7872,233.3198,0.2088,0.1082,-6.8088,36.8295,233.7036,0.1575,-0.1902,10.6823,37.5649,232.843,0.1611,0.2921
2015-03-27T01:45:59.106Z,5.0822,49.2913,234.3629,0.2107,0.1025,-6.5693,34.9521,234.121,0.149,-0.1948,10.7501,37.8137,233.4222,0.1617,0.29
2015-03-27T01:46:59.348Z,5.331,49.355,234.7262,0.2103,0.108,-6.3361,35.09,231.7564,0.1512,-0.1891,10.609,37.8448,234.656,0.1617,0.2868
2015-03-27T01:47:59.691Z,6.1934,49.2458,234.7427,0.21,0.1255,-7.0832,35.5614,232.9809,0.1523,-0.2093,10.4452,38.4365,234.3588,0.1641,0.2805
2015-03-27T01:48:59.170Z,5.3046,49.277,235.1019,0.2093,0.1071,-5.9706,35.5924,234.9322,0.1516,-0.1783,10.9047,38.2917,234.3238,0.164,0.2944
2015-03-27T01:49:59.450Z,4.8929,49.0791,235.1018,0.2085,0.0993,-6.2693,34.8003,234.8929,0.1482,-0.1888,10.6686,38.1937,234.0343,0.1632,0.2898
2015-03-27T01:50:59.682Z,5.9475,49.4279,235.2924,0.21,0.1198,-6.3192,37.1976,235.0137,0.1588,-0.1807,10.8508,38.5068,234.9322,0.1636,0.2889
2015-03-27T01:51:59.958Z,6.5398,48.5622,234.3671,0.2074,0.1345,-7.0092,35.2093,234.1184,0.1509,-0.2095,10.6825,37.2656,234.2055,0.1593,0.2958
2015-03-27T01:52:59.348Z,6.3066,48.7044,234.2222,0.2076,0.1298,-7.0651,35.1862,234.0846,0.1498,-0.2082,10.775,38.2456,234.2958,0.1629,0.2896
2015-03-27T01:53:59.763Z,6.5462,49.3574,235.3517,0.21,0.1314,-7.0572,35.1207,235.122,0.1498,-0.2107,11.0133,38.2701,235.5916,0.1629,0.2987
2015-03-27T01:54:59.965Z,6.8053,49.3757,234.1032,0.2104,0.1364,-7.2097,34.8326,234.0916,0.1489,-0.2127,10.4775,38.4132,234.5014,0.1636,0.2789
2015-03-27T01:55:59.514Z,7.1332,48.561,233.7167,0.2073,0.1453,-6.6301,35.605,233.5562,0.1527,-0.1977,10.6387,38.7222,234.3829,0.1651,0.2813
2015-03-27T01:56:59.755Z,6.9504,49.3207,234.6188,0.2107,0.1379,-7.1711,36.1312,234.9174,0.154,-0.205,10.8105,37.2472,236.6763,0.1574,0.2972
2015-03-27T01:57:59.156Z,6.5392,48.9004,233.1798,0.2102,0.1327,-6.33,35.1736,232.5934,0.1514,-0.1922,10.0706,38.4544,234.773,0.1633,0.2737
2015-03-27T01:58:59.354Z,7.3438,48.7798,233.0075,0.209,0.1484,-6.4253,35.0447,231.7564,0.1509,-0.1924,10.5491,38.1816,234.1919,0.1629,0.2871
2015-03-27T01:59:59.482Z,6.7063,48.52,232.0463,0.2092,0.1368,-6.8224,34.9527,231.4418,0.151,-0.2026,10.9681,37.4169,233.9684,0.1595,0.301
2015-03-27T02:00:59.800Z,6.8632,46.9781,232.9736,0.2016,0.147,-7.4555,34.9516,229.421,0.1522,-0.2226,10.3534,39.3943,235.513,0.1671,0.2722
2015-03-27T02:01:59.155Z,6.696,48.3127,232.2838,0.2078,0.1378,-7.1943,36.5334,230.3986,0.1583,-0.2056,10.7079,39.6844,234.7644,0.1688,0.2774
2015-03-27T02:02:59.463Z,6.7584,49.3541,232.2234,0.2125,0.1366,-6.5658,35.3145,232.3977,0.1517,-0.1985,10.6091,38.6012,234.494,0.1648,0.2795
2015-03-27T02:03:59.733Z,7.1677,48.4536,232.248,0.2086,0.1462,-6.6162,36.7438,232.5712,0.1579,-0.1889,10.3225,37.3955,233.9342,0.1601,0.287
2015-03-27T02:04:59.025Z,6.3428,48.6566,232.4719,0.2093,0.129,-6.6638,35.9883,232.4884,0.1548,-0.1977,10.7967,36.8797,233.828,0.1576,0.2998
2015-03-27T02:05:59.386Z,5.1284,48.6703,232.9562,0.2089,0.1054,-6.2358,35.7491,232.6987,0.1535,-0.1822,10.4989,38.4003,233.8481,0.1641,0.2851
2015-03-27T02:06:59.561Z,4.9198,48.4726,233.1218,0.208,0.1011,-6.323,32.1645,232.7038,0.1378,-0.2,10.7117,35.5264,233.7001,0.152,0.3116
2015-03-27T02:07:59.735Z,4.2809,49.5385,232.8607,0.2123,0.0856,-6.2968,32.9937,232.4108,0.1416,-0.2003,10.4463,35.823,233.4426,0.1531,0.3007
2015-03-27T02:09:59.265Z,5.3165,47.5596,232.6032,0.2041,0.1128,-6.1722,33.8626,231.9777,0.1457,-0.1898,10.7751,38.3312,233.2529,0.1648,0.2883
2015-03-27T02:10:59.667Z,5.8607,47.7602,233.1533,0.2047,0.1222,-6.4148,36.506,232.3187,0.1574,-0.1886,10.9226,37.909,234.7184,0.1615,0.2967
2015-03-27T02:11:59.914Z,5.6643,48.9287,233.2849,0.2096,0.1154,-6.4918,33.6393,233.8424,0.1436,-0.2011,10.8593,38.1022,235.3347,0.1617,0.2954
2015-03-27T02:12:59.257Z,6.3963,49.2513,233.0307,0.2107,0.1312,-7.2984,35.3258,234.1171,0.1508,-0.2123,11.1884,37.3376,235.9893,0.1578,0.3022
2015-03-27T02:13:59.469Z,6.9227,49.1937,232.9019,0.2111,0.1418,-7.072,33.7115,234.4459,0.144,-0.2164,10.9024,37.894,235.6325,0.1611,0.2942
2015-03-27T02:14:59.682Z,5.9913,48.018,233.3653,0.2053,0.1235,-6.5666,32.5219,234.5432,0.1384,-0.207,11.1677,36.7422,235.6563,0.1559,0.31
2015-03-27T02:15:59.225Z,5.568,48.8959,234.1008,0.2092,0.1133,-6.5366,36.5827,233.9824,0.1561,-0.1879,10.7987,38.4436,235.0152,0.1636,0.2923
2015-03-27T02:16:59.454Z,4.748,49.1126,234.117,0.2104,0.0963,-6.849,35.3293,234.3135,0.1512,-0.1973,10.8029,37.8559,235.3401,0.1605,0.2942
2015-03-27T02:17:59.745Z,5.4121,48.5679,234.5609,0.2069,0.1102,-6.8013,35.9585,234.8582,0.1532,-0.1944,11.037,40.0399,235.5857,0.1705,0.2854
2015-03-27T02:18:59.029Z,6.665,48.9498,233.8594,0.2098,0.1357,-6.9184,34.9599,234.6567,0.1492,-0.2033,10.9282,39.6812,235.3087,0.1679,0.2832
2015-03-27T02:19:59.244Z,6.5393,49.0711,234.1829,0.2093,0.1323,-6.7648,34.3047,233.6949,0.1474,-0.2055,10.1822,38.8393,235.2363,0.1653,0.2682
2015-03-27T02:20:59.550Z,7.3258,48.9512,233.6698,0.2096,0.1478,-7.2067,34.8302,231.5301,0.1503,-0.221,11.1208,37.6975,236.5203,0.1593,0.3001
2015-03-27T02:21:59.823Z,6.8302,49.1032,233.4095,0.2101,0.138,-7.2409,36.596,234.0095,0.1559,-0.2074,10.5861,38.7283,235.5746,0.1641,0.2812
2015-03-27T02:22:59.246Z,7.0303,48.557,233.408,0.2082,0.1432,-6.8814,35.2119,234.142,0.1504,-0.2058,11.0626,37.2538,235.5069,0.1579,0.3022
2015-03-27T02:23:59.810Z,6.2845,47.8814,232.9273,0.2059,0.1295,-7.0001,35.8891,233.944,0.1532,-0.2054,10.569,39.5912,235.0423,0.1687,0.2764
2015-03-27T02:24:59.079Z,6.468,49.1833,233.4072,0.2106,0.1306,-6.7703,36.3644,234.1971,0.1555,-0.1974,10.5304,37.2107,235.3107,0.1582,0.2893
2015-03-27T02:25:59.276Z,6.7221,49.0546,232.852,0.2112,0.1371,-6.9314,35.116,233.9442,0.15,-0.2034,10.854,38.5161,235.3291,0.164,0.2877
2015-03-27T02:26:59.541Z,6.3922,48.9636,232.6648,0.2109,0.1322,-6.8484,35.6416,233.828,0.1532,-0.2004,10.9568,38.1308,234.5,0.1624,0.2925
2015-03-27T02:27:59.899Z,6.4274,48.9291,233.2035,0.2097,0.131,-6.632,36.752,233.6481,0.1576,-0.1915,10.6854,39.2844,234.0652,0.1676,0.2815
2015-03-27T02:28:59.333Z,5.318,48.4214,233.7924,0.2077,0.1097,-6.6149,35.178,233.688,0.1501,-0.1933,10.6592,38.2083,233.6843,0.1637,0.2871
2015-03-27T02:29:59.727Z,4.8959,49.1079,233.7641,0.2092,0.1004,-5.8126,35.2146,233.9,0.1507,-0.1752,10.728,38.8475,234.0503,0.166,0.2851
2015-03-27T02:30:59.023Z,4.823,48.6596,233.7647,0.2079,0.0977,-6.566,35.8686,234.032,0.1531,-0.185,10.7678,37.7908,234.3079,0.1612,0.2962
2015-03-27T02:31:59.370Z,5.4775,48.7149,233.7421,0.2084,0.1135,-6.1284,34.6181,234.2503,0.1479,-0.1803,10.5886,37.0447,235.1073,0.1576,0.2921
2015-03-27T02:32:59.665Z,4.7999,49.0462,234.4179,0.2089,0.0974,-6.5096,36.3196,234.3843,0.1549,-0.1854,10.6151,37.5959,235.0889,0.1598,0.2885
2015-03-27T02:33:59.966Z,5.241,49.2762,234.4144,0.2104,0.1067,-6.4947,35.2747,234.1788,0.1504,-0.1902,11.122,39.2019,235.2004,0.1667,0.288
2015-03-27T02:34:59.216Z,5.08,50.0577,234.5271,0.2133,0.1027,-6.3844,34.7967,234.1184,0.149,-0.1923,10.74,37.1046,235.1487,0.1576,0.2933
2015-03-27T02:35:59.499Z,5.5701,49.2686,234.3742,0.21,0.1125,-6.3622,35.1667,233.8799,0.151,-0.1886,10.5443,38.8796,234.8551,0.1651,0.284
2015-03-27T02:36:59.812Z,5.3124,48.5983,234.4509,0.2071,0.1079,-5.7748,35.3086,234.171,0.1507,-0.1702,10.5174,38.953,235.2096,0.1657,0.2793
2015-03-27T02:37:59.953Z,5.6098,49.3931,234.4751,0.2108,0.1138,-6.0443,35.9077,233.0957,0.154,-0.1752,10.7676,37.258,235.4366,0.158,0.2977
2015-03-27T02:38:59.166Z,5.28,48.102,234.1366,0.2058,0.1102,-6.9639,35.1798,233.258,0.1507,-0.2026,10.6918,39.8664,235.262,0.169,0.2767
2015-03-27T02:39:59.664Z,6.4258,48.9024,234.0398,0.2085,0.1314,-6.2437,35.9304,234.2867,0.153,-0.1866,10.6038,37.6419,235.0403,0.1604,0.2881
2015-03-27T02:40:59.950Z,6.5195,49.5376,233.5468,0.2115,0.1307,-7.044,35.9549,233.6997,0.1543,-0.1999,10.4372,38.2935,234.646,0.1632,0.2807
2015-03-27T02:41:59.156Z,6.4504,48.9778,232.5224,0.2106,0.1316,-7.2872,35.7234,232.8296,0.1536,-0.209,11.11,37.9631,234.2609,0.1619,0.2955
2015-03-27T02:42:59.640Z,6.3228,48.082,232.716,0.2062,0.1293,-6.7835,35.4577,233.0092,0.1517,-0.1999,10.886,39.028,234.9295,0.1662,0.2858
2015-03-27T02:43:59.877Z,7.13,49.3471,233.6607,0.2113,0.1453,-6.8812,36.7376,233.4676,0.1567,-0.1975,11.0134,39.9022,235.9392,0.1687,0.2851
2015-03-27T02:44:59.299Z,6.8748,49.7279,234.0693,0.2127,0.1391,-6.8747,36.5828,234.0969,0.1561,-0.1978,10.6991,38.8207,236.1687,0.1646,0.2842
2015-03-27T02:45:59.638Z,6.8153,48.9976,234.074,0.2093,0.139,-6.7675,34.5,233.6241,0.1478,-0.2084,11.1223,39.0361,235.8695,0.165,0.2935
2015-03-27T02:46:59.974Z,6.2913,48.5301,233.5195,0.2078,0.1303,-6.9154,37.2401,232.7878,0.1597,-0.193,10.5073,37.9205,235.1364,0.1611,0.2798
2015-03-27T02:47:59.278Z,6.2841,48.246,233.6089,0.2067,0.1284,-7.1716,34.8916,232.9106,0.1501,-0.2098,10.7937,38.8049,235.4811,0.1653,0.2857
2015-03-27T02:48:59.599Z,6.1913,49.6576,234.1173,0.2123,0.124,-6.393,34.4954,232.7816,0.148,-0.1932,10.8914,37.2381,235.7213,0.1579,0.2976
2015-03-27T02:49:59.865Z,5.1957,49.9035,234.4118,0.2125,0.1065,-6.4121,35.0929,230.2905,0.1525,-0.1888,11.006,38.7766,235.8109,0.1641,0.292
2015-03-27T02:50:59.207Z,5.5716,48.8841,234.9438,0.2078,0.1122,-6.6368,34.8276,230.4651,0.151,-0.2018,10.9363,38.6961,236.3673,0.1638,0.2927
2015-03-27T02:51:59.562Z,5.3495,48.437,234.801,0.2064,0.1101,-6.451,34.9352,233.2835,0.1499,-0.188,11.1196,37.969,235.3929,0.1611,0.3003
2015-03-27T02:52:59.798Z,4.7341,49.2924,234.0478,0.2104,0.0979,-6.0783,35.106,232.9129,0.1501,-0.1816,10.8749,38.3905,235.0599,0.163,0.2941
2015-03-27T02:53:59.016Z,5.1483,48.5789,234.4151,0.2076,0.104,-6.6413,33.7448,232.9307,0.1453,-0.2013,10.6566,37.9322,234.9965,0.1612,0.291
2015-03-27T02:54:59.444Z,5.269,48.377,233.7561,0.2068,0.1098,-6.5671,35.5035,232.7153,0.1528,-0.1955,10.9999,38.8914,234.3736,0.1659,0.2902
2015-03-27T02:55:59.777Z,239.1021,404.5895,232.9474,1.7432,0.2549,268.5553,465.1803,232.2375,2.0121,0.0433,518.131,724.9775,233.429,3.1257,0.6509
2015-03-27T02:56:59.034Z,943.5538,1421.6833,232.6768,6.1105,0.6636,1025.2073,1508.8314,231.8311,6.5078,0.6792,1519.8664,2141.7222,232.4651,9.2126,0.7094
2015-03-27T02:57:59.377Z,974.4614,1435.7329,232.6896,6.1703,0.679,1068.159,1548.0327,232.1178,6.6692,0.69,1539.0528,2156.8388,232.2759,9.2862,0.7139
2015-03-27T02:58:59.603Z,987.3524,1445.472,232.9236,6.2054,0.6833,1072.1922,1566.0232,232.6324,6.732,0.6848,1532.6589,2149.261,232.3229,9.2513,0.7122
2015-03-27T02:59:59.822Z,1003.6267,1459.1439,232.5979,6.2728,0.688,1082.3817,1563.3836,231.9358,6.7406,0.6927,1555.7759,2157.3424,232.1088,9.2944,0.7207
