2015-03-04T00:00:59.207Z,4.5115,66.7999,230.7045,0.2891,0.0682,-6.4791,62.4802,230.049,0.2713,-0.104,10.9388,62.6926,229.7462,0.2729,0.1755
2015-03-04T00:01:59.405Z,5.2516,68.8209,229.976,0.299,0.0756,-7.5777,61.3933,230.1577,0.2666,-0.1257,11.121,64.0486,229.8109,0.2788,0.1747
2015-03-04T00:02:59.699Z,4.6636,69.7962,230.2223,0.3039,0.0674,-7.2671,62.3545,231.0076,0.2698,-0.118,11.0372,62.237,229.9826,0.2705,0.1773
2015-03-04T00:03:59.970Z,5.7776,68.6201,229.9457,0.2986,0.0854,-7.1238,59.7704,230.0479,0.2602,-0.124,11.6468,60.9822,230.1168,0.2654,0.193
2015-03-04T00:04:59.210Z,5.393,67.7933,229.5884,0.2954,0.0809,-7.403,61.1748,230.0993,0.2656,-0.1248,11.1606,63.8013,230.85,0.2766,0.1796
2015-03-04T00:05:59.608Z,4.9954,68.8398,230.3112,0.2987,0.0743,-7.2396,63.052,230.2965,0.2736,-0.1163,11.21,63.5997,230.6379,0.2754,0.1778
2015-03-04T00:06:59.893Z,5.1376,69.454,230.7971,0.3012,0.076,-7.0766,62.137,229.3793,0.2715,-0.1132,11.1374,63.4195,229.4647,0.2765,0.1755
2015-03-04T00:07:59.076Z,5.2241,69.5993,229.9832,0.3023,0.0768,-7.4702,62.3487,228.4453,0.2731,-0.1206,11.1718,61.7692,228.7694,0.2701,0.1821
2015-03-04T00:08:59.404Z,5.2165,68.8443,229.7487,0.3001,0.0768,-7.5288,62.2256,227.7355,0.273,-0.1215,11.3252,62.2723,228.2264,0.2727,0.1821
2015-03-04T00:09:59.603Z,5.2999,67.6929,230.0281,0.2948,0.0786,-7.0685,61.8536,230.0173,0.2687,-0.1148,11.4521,62.4046,229.7246,0.2714,0.1838
2015-03-04T00:10:59.854Z,4.9971,69.4347,230.1613,0.3015,0.0721,-7.4567,61.4068,229.6478,0.2674,-0.1245,11.3725,62.6917,229.2962,0.2738,0.1816
2015-03-04T00:11:59.060Z,5.0256,67.4727,230.6887,0.2922,0.0762,-7.0336,60.8799,229.4255,0.2654,-0.1171,10.9602,60.7683,229.9007,0.2645,0.182
2015-03-04T00:12:59.451Z,5.3023,67.0687,231.0598,0.2905,0.0805,-7.3721,61.5201,230.0195,0.2677,-0.1221,11.617,61.9709,230.6262,0.269,0.1886
2015-03-04T00:13:59.787Z,6.7062,68.7897,231.171,0.298,0.0992,-7.8871,61.3498,229.5996,0.2675,-0.1335,11.2677,61.4552,230.7897,0.2659,0.1893
2015-03-04T00:14:59.156Z,6.4938,69.7056,231.2622,0.3014,0.0951,-7.4,61.2446,229.6664,0.2667,-0.1211,11.9131,64.3802,230.954,0.2789,0.1878
2015-03-04T00:15:59.370Z,7.0378,69.7546,232.4663,0.3003,0.1012,-7.832,61.3235,230.34,0.2661,-0.1293,11.164,64.1083,231.7125,0.2766,0.1747
2015-03-04T00:16:59.649Z,6.5098,68.564,231.2535,0.2964,0.097,-7.2984,60.4073,229.2995,0.2638,-0.1244,11.8375,62.9741,231.0268,0.2726,0.1881
2015-03-04T00:17:59.015Z,6.4918,69.0851,230.7728,0.2997,0.0946,-7.499,62.1708,229.3174,0.2709,-0.1244,11.6332,62.4304,231.1032,0.2704,0.1876
2015-03-04T00:18:59.215Z,6.9227,68.6342,230.0115,0.2986,0.1012,-8.1013,59.5938,229.4184,0.2595,-0.1385,11.3662,61.5913,229.7815,0.268,0.1869
2015-03-04T00:19:59.336Z,7.6696,69.9735,231.3158,0.3025,0.1105,-8.0891,60.7121,230.6268,0.264,-0.1333,11.6409,62.5713,231.1466,0.2711,0.187
2015-03-04T00:20:59.597Z,6.6876,69.4134,231.3932,0.3,0.0971,-8.0184,62.2271,230.2851,0.2703,-0.1291,11.5987,62.3797,231.2958,0.2696,0.1868
2015-03-04T00:21:59.772Z,6.2686,69.0804,230.8867,0.2991,0.0913,-7.8175,60.8763,229.8978,0.2653,-0.1288,11.6748,62.3567,230.7422,0.2701,0.1873
2015-03-04T00:22:59.898Z,6.6564,68.6595,230.4425,0.2976,0.0988,-7.6568,59.6471,229.7521,0.2601,-0.1319,11.3237,60.0292,230.3802,0.2605,0.1903
2015-03-04T00:23:59.175Z,7.0852,67.0492,230.306,0.2904,0.1096,-7.7777,59.7987,229.4721,0.2607,-0.133,11.4291,60.8542,230.7161,0.2638,0.1942
2015-03-04T00:24:59.390Z,6.6377,68.6367,230.3131,0.2984,0.0986,-7.944,62.2013,229.312,0.2714,-0.1296,11.4641,62.8719,230.5684,0.2733,0.184
2015-03-04T00:25:59.807Z,6.517,69.2772,230.164,0.3012,0.0948,-7.2225,62.7278,229.1604,0.2736,-0.1173,11.5649,63.2411,230.5804,0.2747,0.1841
2015-03-04T00:26:59.074Z,6.7953,68.5058,230.0312,0.298,0.099,-7.5009,61.7539,228.9051,0.2698,-0.1237,11.5258,63.0518,231.4591,0.2723,0.184
2015-03-04T00:27:59.311Z,6.5298,68.5759,229.8387,0.2985,0.0967,-7.8742,61.1977,228.7169,0.2675,-0.129,11.5918,63.4754,231.4263,0.2743,0.1876
2015-03-04T00:28:59.536Z,6.7092,67.666,229.3834,0.2945,0.102,-7.3143,62.1418,228.9658,0.2716,-0.124,11.5149,61.299,230.117,0.2664,0.1905
2015-03-04T00:29:59.908Z,6.0734,68.3251,230.7001,0.2962,0.0891,-7.6024,62.7077,229.5902,0.2736,-0.1229,11.2928,63.9516,231.2082,0.2768,0.1766
2015-03-04T00:30:59.215Z,6.1758,68.5694,230.5264,0.2974,0.0911,-7.4063,61.3197,229.5331,0.2674,-0.1214,11.094,63.6247,231.2034,0.2754,0.1762
2015-03-04T00:31:59.506Z,6.669,69.1818,230.5265,0.2998,0.0974,-7.902,62.4775,229.3781,0.272,-0.1282,11.88,63.5173,231.1871,0.2747,0.188
2015-03-04T00:32:59.668Z,6.6536,68.6035,230.1812,0.298,0.0967,-7.5712,61.2485,229.4342,0.2667,-0.1255,11.3756,62.8922,231.9204,0.2716,0.1812
2015-03-04T00:33:59.021Z,6.481,69.367,230.3069,0.3008,0.0936,-7.6733,61.1919,229.8227,0.2663,-0.1296,11.3981,62.6877,231.8543,0.27,0.1831
2015-03-04T00:34:59.269Z,6.7126,69.2401,230.5738,0.3,0.0976,-7.3726,61.7451,230.4237,0.268,-0.1198,11.3345,64.0742,231.4764,0.2767,0.1767
2015-03-04T00:35:59.376Z,6.5571,69.7835,229.8096,0.3035,0.0952,-7.6124,59.6731,230.0959,0.2591,-0.1278,11.5978,61.4863,232.0443,0.2653,0.1886
2015-03-04T00:36:59.571Z,6.3576,69.5114,230.1842,0.3021,0.0919,-7.8079,62.3673,229.5096,0.2719,-0.1222,11.2487,63.5365,232.6775,0.2729,0.1776
2015-03-04T00:37:59.881Z,6.9502,69.7942,230.7895,0.3028,0.101,-7.4665,62.2957,229.1914,0.2721,-0.1233,11.7947,64.8925,232.2035,0.2791,0.1815
2015-03-04T00:38:59.148Z,6.7812,73.2507,229.8115,0.3187,0.0929,-8.1607,65.797,229.4782,0.2869,-0.1254,11.6004,67.8428,232.5839,0.2916,0.1713
2015-03-04T00:39:59.455Z,7.244,73.306,231.0699,0.3171,0.1014,-7.7643,66.5788,230.9736,0.2882,-0.1183,11.4654,70.0746,233.0026,0.3008,0.1648
2015-03-04T00:40:59.747Z,7.087,73.1241,231.2464,0.3159,0.0988,-7.5689,67.6881,231.5781,0.292,-0.1125,11.3703,69.5926,233.2181,0.2985,0.1634
2015-03-04T00:41:59.149Z,6.6663,74.4399,230.8457,0.322,0.0913,-7.4398,67.9612,231.45,0.2938,-0.1131,11.5079,67.6538,232.7053,0.2906,0.1706
2015-03-04T00:42:59.701Z,6.6251,73.8652,231.3766,0.3189,0.093,-7.8975,66.2025,231.5257,0.2861,-0.1218,11.6204,68.1071,232.9153,0.2927,0.1738
2015-03-04T00:43:59.907Z,7.1001,72.6441,231.6882,0.3129,0.0987,-7.6195,66.7496,231.8874,0.2878,-0.1198,11.2934,68.6298,233.2038,0.2942,0.1655
2015-03-04T00:44:59.222Z,6.5716,72.8383,231.672,0.3141,0.0913,-7.8703,66.9973,231.686,0.2894,-0.1188,11.0491,67.8164,233.072,0.2908,0.1636
2015-03-04T00:45:59.393Z,6.9058,73.8681,231.6158,0.3189,0.0948,-7.3941,67.8451,231.1468,0.2938,-0.1114,11.0737,67.3122,232.9009,0.2889,0.1652
2015-03-04T00:46:59.784Z,6.7329,73.066,230.9878,0.3163,0.0923,-7.84,67.6127,230.399,0.2935,-0.1162,11.755,68.5938,232.6524,0.2946,0.1718
2015-03-04T00:47:59.204Z,6.4221,72.4883,230.6057,0.3147,0.0893,-7.9237,67.5607,229.5473,0.2948,-0.1179,11.2471,70.6851,232.2669,0.3043,0.1591
2015-03-04T00:48:59.408Z,6.4554,73.2044,229.9321,0.3187,0.0895,-7.752,65.8113,229.5682,0.2868,-0.1224,11.5857,67.8789,232.1805,0.2925,0.173
2015-03-04T00:49:59.630Z,6.808,72.8483,230.225,0.3165,0.0947,-7.576,66.8667,230.6149,0.2895,-0.1147,11.7103,69.3572,232.4313,0.2986,0.1698
2015-03-04T00:50:59.973Z,6.7675,73.2444,230.9736,0.3169,0.0933,-8.247,67.8057,231.7711,0.2922,-0.1219,11.3862,69.609,232.4092,0.2997,0.1648
2015-03-04T00:51:59.254Z,7.1369,73.0951,230.7201,0.3171,0.0984,-8.4171,66.5764,231.6999,0.2874,-0.1258,11.4618,68.6174,232.3936,0.2951,0.1681
2015-03-04T00:52:59.540Z,7.3896,72.4324,230.6945,0.314,0.1058,-7.9475,65.799,231.1329,0.2846,-0.1275,11.1051,67.1502,231.7329,0.2892,0.169
2015-03-04T00:53:59.840Z,5.4993,72.0428,230.5009,0.3129,0.0786,-7.5151,67.8824,231.472,0.2936,-0.1155,11.885,67.744,231.3936,0.2929,0.176
2015-03-04T00:54:59.035Z,5.0976,73.1673,230.2926,0.3173,0.0702,-7.0852,67.7099,231.271,0.2931,-0.1064,11.2299,68.3988,231.146,0.2963,0.1665
2015-03-04T00:55:59.276Z,5.3482,73.4579,230.7234,0.3184,0.0724,-7.3579,67.4669,231.4071,0.2916,-0.1114,11.8008,67.8022,231.5843,0.2934,0.174
2015-03-04T00:56:59.476Z,5.4693,73.1764,230.4138,0.3171,0.0729,-6.8658,67.0657,230.9397,0.2901,-0.1046,11.5238,69.747,231.5672,0.3013,0.1657
2015-03-04T00:57:59.834Z,5.7189,72.587,230.1362,0.3153,0.08,-7.4343,65.7169,230.0229,0.2855,-0.118,11.8734,68.1551,231.2509,0.2946,0.1773
2015-03-04T00:58:59.174Z,5.4152,72.3601,229.4332,0.3151,0.0757,-7.2664,66.166,229.4113,0.2881,-0.1121,11.5367,67.7793,230.6432,0.2933,0.1694
2015-03-04T00:59:59.450Z,5.4329,72.9722,230.6242,0.316,0.0751,-7.0164,67.3198,229.7176,0.2933,-0.1041,11.5298,67.4826,229.5214,0.2946,0.1709
2015-03-04T01:00:59.645Z,4.9258,70.9699,230.7871,0.3075,0.0691,-6.9611,66.1649,231.1432,0.2865,-0.1067,11.6449,68.7485,230.844,0.2979,0.1713
2015-03-04T01:01:59.866Z,5.6284,74.5124,230.1473,0.3236,0.0768,-6.7355,67.4885,231.4047,0.2914,-0.1025,11.8308,68.9818,232.0896,0.2971,0.1708
2015-03-04T01:02:59.212Z,4.8382,72.8976,230.0044,0.3166,0.0665,-7.1242,67.2648,230.7809,0.2911,-0.1072,11.7142,69.5596,231.8657,0.3002,0.169
2015-03-04T01:03:59.414Z,4.6863,72.9025,229.3529,0.3172,0.0648,-6.9411,65.6012,230.7576,0.2842,-0.1064,11.1824,68.3005,231.3262,0.2951,0.1649
2015-03-04T01:04:59.601Z,4.6767,73.3285,230.6451,0.3175,0.0651,-7.2297,67.2943,231.4641,0.2909,-0.1084,11.3325,67.9603,232.1345,0.2931,0.169
2015-03-04T01:05:59.841Z,5.8097,73.0054,230.7693,0.3167,0.0796,-7.8045,66.6649,231.1344,0.2887,-0.119,11.456,69.5864,232.0211,0.2999,0.1671
2015-03-04T01:06:59.162Z,5.5374,72.2393,231.1967,0.3123,0.078,-7.4387,68.0809,231.7851,0.2937,-0.1107,11.6051,69.3288,232.3557,0.2986,0.1692
2015-03-04T01:07:59.394Z,5.5879,72.5447,230.7537,0.3144,0.0795,-7.3374,66.3612,230.5135,0.2875,-0.1166,11.2238,67.8502,231.7256,0.2934,0.1686
2015-03-04T01:08:59.787Z,7.0189,72.0124,230.8146,0.3119,0.0985,-7.4397,65.6084,230.2745,0.2848,-0.1165,11.7998,68.6559,231.6734,0.2968,0.1762
2015-03-04T01:09:59.037Z,6.6133,72.8854,230.8756,0.3157,0.0916,-8.0307,66.5998,229.5374,0.2894,-0.1238,11.8606,68.5301,231.0677,0.2964,0.1738
2015-03-04T01:10:59.344Z,6.3189,72.6167,231.0951,0.3145,0.088,-7.905,67.1454,230.7443,0.2909,-0.1188,11.7527,68.3618,231.7317,0.2947,0.1726
2015-03-04T01:11:59.785Z,7.2211,73.2778,231.4678,0.3164,0.0993,-7.6342,67.0097,231.2322,0.2896,-0.1133,11.9237,69.326,232.4382,0.298,0.1715
2015-03-04T01:12:59.040Z,6.7057,72.7839,231.6627,0.314,0.0948,-7.9961,65.8839,231.261,0.2847,-0.1247,11.4182,66.9993,233.1598,0.288,0.1744
2015-03-04T01:13:59.388Z,6.709,73.9187,231.2898,0.3191,0.093,-7.8245,67.3838,230.8471,0.2918,-0.1179,11.4402,70.1522,232.9536,0.3011,0.1645
2015-03-04T01:14:59.702Z,6.6163,73.3172,231.6948,0.3163,0.0909,-7.6525,67.0298,231.6672,0.2897,-0.1139,11.3793,68.7763,233.4854,0.2948,0.1649
2015-03-04T01:15:59.047Z,6.8962,73.3587,231.5957,0.3171,0.0951,-7.9611,68.0478,230.9252,0.2947,-0.118,11.5019,70.1122,232.9119,0.3008,0.166
2015-03-04T01:16:59.404Z,7.2822,74.6102,231.7985,0.3219,0.0981,-8.1449,64.6902,226.1843,0.2863,-0.1268,11.8249,69.7584,233.8192,0.2978,0.1692
2015-03-04T01:17:59.708Z,6.9644,73.7341,231.4199,0.3189,0.0949,-7.7212,67.3797,226.6634,0.2975,-0.1154,11.6997,68.7014,232.7801,0.2952,0.1701
2015-03-04T01:18:59.947Z,6.9643,73.2116,231.6166,0.3163,0.0967,-7.6185,66.7572,229.6597,0.2905,-0.1175,11.4236,67.7476,232.666,0.2917,0.1711
2015-03-04T01:19:59.251Z,6.9592,73.4617,230.7433,0.3185,0.0951,-7.6384,66.3349,230.6898,0.2879,-0.1164,11.9322,69.0348,232.2244,0.297,0.1718
2015-03-04T01:20:59.501Z,6.7034,73.6104,230.8011,0.3185,0.0913,-7.7422,66.6437,230.7487,0.2886,-0.1171,11.4229,70.3798,233.1423,0.302,0.163
2015-03-04T01:21:59.694Z,6.7708,72.7414,229.5014,0.3168,0.0936,-7.8969,66.882,230.7513,0.2899,-0.1184,11.49,69.3601,232.8673,0.2977,0.1656
2015-03-04T01:22:59.964Z,6.5542,72.5593,229.4176,0.3162,0.0915,-7.82,67.4092,230.298,0.2926,-0.1155,11.2735,69.8527,232.9401,0.3001,0.1621
2015-03-04T01:23:59.212Z,6.8422,71.4383,229.2633,0.3114,0.0976,-8.0334,68.1968,230.572,0.2956,-0.1183,12.0606,69.0219,232.3842,0.2969,0.176
2015-03-04T01:24:59.614Z,6.8442,74.2992,230.1287,0.3227,0.0918,-7.7036,66.3868,229.7551,0.2888,-0.1178,11.5155,68.9596,232.7255,0.2964,0.1666
2015-03-04T01:25:59.953Z,6.3565,71.6386,230.1375,0.3114,0.0895,-7.7953,66.6867,229.2677,0.2913,-0.1187,11.8723,68.5591,232.6198,0.2947,0.1751
2015-03-04T01:26:59.368Z,6.2786,72.6557,230.4277,0.3149,0.0871,-7.881,67.2747,229.9938,0.2931,-0.1182,11.6926,68.7153,231.948,0.2959,0.1689
2015-03-04T01:27:59.678Z,6.7056,73.3335,230.7893,0.3177,0.0935,-7.8141,68.0069,230.6155,0.2944,-0.1199,11.6086,67.6129,232.2263,0.2915,0.1753
2015-03-04T01:28:59.922Z,7.5241,73.7032,231.2404,0.3192,0.1021,-7.8593,67.2207,230.603,0.292,-0.1186,11.4188,69.676,232.4646,0.2993,0.1641
2015-03-04T01:29:59.172Z,7.1201,73.826,231.066,0.3196,0.0975,-8.0329,67.1226,230.0424,0.2921,-0.123,11.7512,69.5346,233.2188,0.2981,0.1706
2015-03-04T01:30:59.407Z,6.9841,74.0762,231.4593,0.3197,0.096,-8.0018,66.4018,228.3102,0.2909,-0.121,11.4891,69.3154,233.3867,0.297,0.1663
2015-03-04T01:31:59.580Z,6.9876,73.8876,231.4814,0.3195,0.0949,-7.9496,67.2216,231.7204,0.2901,-0.1174,11.7708,69.5712,232.7055,0.2986,0.1704
2015-03-04T01:32:59.826Z,6.4082,73.979,230.8832,0.3203,0.0871,-7.5063,66.9133,231.4518,0.2888,-0.1165,11.3258,67.7741,232.8743,0.2911,0.1715
2015-03-04T01:33:59.069Z,7.2418,73.1221,231.3312,0.3166,0.0999,-7.9983,67.6614,231.0662,0.2927,-0.1181,11.4644,69.3196,233.5603,0.297,0.1651
2015-03-04T01:34:59.380Z,6.4073,74.3336,231.1484,0.3214,0.0871,-7.3704,66.2097,230.7332,0.287,-0.1119,11.2615,68.8089,233.1608,0.2948,0.164
2015-03-04T01:35:59.682Z,7.2471,74.6439,230.5367,0.3236,0.0985,-8.1603,66.0493,230.4125,0.2865,-0.1248,11.7264,70.3725,232.2618,0.3032,0.1662
2015-03-04T01:36:59.904Z,6.7665,73.7724,231.0105,0.3198,0.0915,-8.2246,67.83,230.8429,0.2938,-0.1222,11.6702,68.8188,232.3957,0.2962,0.17
2015-03-04T01:37:59.250Z,6.3732,74.0426,230.7832,0.321,0.0862,-7.7451,67.6493,230.6541,0.2928,-0.1149,11.382,69.0672,232.0051,0.2974,0.1641
2015-03-04T01:38:59.515Z,6.5411,73.0551,231.1503,0.316,0.0899,-7.9489,67.9207,230.971,0.2941,-0.1176,11.8786,69.926,232.1731,0.3011,0.1697
2015-03-04T01:39:59.828Z,7.0615,73.3508,230.4869,0.3182,0.0987,-7.9296,65.7555,230.3829,0.2852,-0.123,11.6118,69.1023,232.6664,0.2967,0.1676
2015-03-04T01:40:59.041Z,6.987,74.6886,231.3131,0.3229,0.0936,-8.2939,66.9621,232.2157,0.2883,-0.1247,11.4938,67.6286,232.9308,0.2904,0.1706
2015-03-04T01:41:59.225Z,6.8682,74.2075,231.0868,0.3208,0.0946,-7.79,65.0824,231.6,0.2809,-0.1229,11.5367,70.2269,233.0681,0.3016,0.1678
2015-03-04T01:42:59.699Z,6.7347,72.7089,230.9093,0.3148,0.0926,-7.8988,66.0864,231.2076,0.2855,-0.1245,11.6461,69.2189,232.9921,0.2967,0.1693
2015-03-04T01:43:59.859Z,6.8332,73.0047,229.9687,0.3173,0.0942,-7.6123,66.7723,230.3932,0.2898,-0.1165,12.1256,69.6476,232.0067,0.2999,0.174
2015-03-04T01:44:59.051Z,7.0051,72.8574,230.6782,0.3157,0.0968,-7.4161,68.0826,230.9903,0.295,-0.1117,11.2664,68.6204,232.8364,0.2943,0.1657
2015-03-04T01:45:59.334Z,7.0837,73.7864,230.1351,0.3209,0.0975,-7.8987,66.4378,230.499,0.2887,-0.1197,11.5579,70.1254,232.5227,0.301,0.1643
2015-03-04T01:46:59.713Z,6.7277,73.8292,230.8949,0.3199,0.092,-7.9013,67.4059,230.5971,0.2921,-0.1184,10.7624,68.978,232.5326,0.2964,0.1563
2015-03-04T01:47:59.895Z,6.5463,72.0034,230.6464,0.3119,0.0922,-7.5567,65.4068,230.3926,0.2833,-0.121,11.8442,69.3601,232.394,0.2988,0.173
2015-03-04T01:48:59.195Z,6.876,71.6934,230.7536,0.3112,0.0982,-7.8153,66.3138,229.7763,0.289,-0.1238,11.1038,66.5431,232.2112,0.2871,0.1688
2015-03-04T01:49:59.598Z,7.0044,73.9187,230.5898,0.3204,0.0955,-7.6368,68.9129,229.4781,0.3,-0.1127,12.0534,68.4641,232.5512,0.2945,0.1766
2015-03-04T01:50:59.765Z,7.087,73.3125,230.4239,0.3176,0.0968,-7.43,67.3018,229.851,0.2932,-0.113,11.5662,69.0475,232.2708,0.2967,0.1666
2015-03-04T01:51:59.051Z,6.7042,73.1356,230.0692,0.3179,0.0918,-8.243,66.3461,229.1494,0.2891,-0.1257,11.8149,69.5524,232.2987,0.2996,0.1703
2015-03-04T01:52:59.251Z,6.8068,73.2615,231.1777,0.3167,0.0947,-7.845,66.2316,229.5829,0.2884,-0.1234,11.276,68.6946,232.967,0.2947,0.1646
2015-03-04T01:53:59.728Z,7.3741,73.0762,231.5025,0.3157,0.1012,-8.212,66.8618,230.1626,0.2901,-0.1247,11.6902,70.0291,233.4196,0.3004,0.1673
2015-03-04T01:54:59.905Z,7.4479,75.0808,231.382,0.3242,0.0988,-7.3147,65.8136,229.9057,0.2864,-0.1133,11.562,69.0663,233.3198,0.296,0.1665
2015-03-04T01:55:59.089Z,7.3611,73.8488,230.771,0.3197,0.0998,-7.8419,66.5606,229.7583,0.2894,-0.118,11.5864,68.5676,233.093,0.2938,0.1692
2015-03-04T01:56:59.395Z,6.6214,72.9416,231.2538,0.3147,0.0918,-7.6595,65.573,229.5237,0.2854,-0.121,11.5299,69.2685,233.4986,0.2962,0.1677
2015-03-04T01:57:59.713Z,7.3959,73.3141,231.008,0.3173,0.1023,-8.2946,65.7432,229.853,0.2859,-0.1278,11.704,69.7413,233.2448,0.2997,0.1692
2015-03-04T01:58:59.032Z,6.5277,74.0737,230.7246,0.3207,0.0892,-7.4708,65.2391,229.4484,0.2841,-0.1146,11.498,69.7881,232.867,0.2998,0.1654
2015-03-04T01:59:59.316Z,6.5659,73.029,230.8689,0.3163,0.0907,-7.0397,65.9413,228.5623,0.288,-0.1082,11.4176,70.4122,232.3838,0.3036,0.1636
