2015-04-14T00:00:59.241Z,5.1151,47.8721,234.6519,0.2043,0.1097,-6.1503,33.3795,233.7453,0.1427,-0.1857,10.7163,40.9896,235.0915,0.1743,0.2677
2015-04-14T00:01:59.631Z,5.4059,48.2693,234.2559,0.2057,0.1119,-6.8699,38.2064,233.2484,0.1638,-0.1871,10.6941,36.669,234.5853,0.1565,0.3018
2015-04-14T00:02:59.973Z,5.2817,48.6791,233.9174,0.2077,0.1078,-6.7077,36.0591,233.085,0.1543,-0.1928,10.9298,39.6329,234.2767,0.1692,0.2858
2015-04-14T00:03:59.334Z,4.9059,48.3892,233.2984,0.2072,0.1021,-5.9971,34.7284,233.2961,0.1487,-0.1801,10.4079,37.1382,233.485,0.1598,0.2919
2015-04-14T00:04:59.834Z,6.6885,49.2851,233.0737,0.2111,0.1346,-6.5888,35.2995,232.9229,0.1514,-0.2009,10.5749,39.7792,233.5732,0.1697,0.2745
2015-04-14T00:05:59.293Z,6.657,49.666,233.69,0.2119,0.1332,-7.0761,36.0721,233.4148,0.155,-0.203,11.0526,37.8682,233.4489,0.1621,0.2946
2015-04-14T00:06:59.617Z,6.7655,48.6775,233.7105,0.2078,0.1396,-7.029,36.6354,233.7066,0.1568,-0.2007,10.3973,38.7112,234.3482,0.1651,0.2805
2015-04-14T00:07:59.032Z,6.5874,49.707,233.7641,0.2133,0.1321,-6.808,35.3478,233.8164,0.1514,-0.203,10.7888,39.0384,234.4703,0.1668,0.2857
2015-04-14T00:08:59.480Z,6.8593,48.4351,234.3298,0.2063,0.1415,-6.5923,35.5651,234.2088,0.1519,-0.1909,11.1414,38.5574,234.9191,0.1641,0.2919
2015-04-14T00:09:59.013Z,6.3463,49.7456,234.2347,0.2122,0.126,-7.2696,34.8699,234.2602,0.1485,-0.2166,11.0549,38.4325,235.0227,0.1636,0.2957
2015-04-14T00:10:59.360Z,7.1832,49.289,234.2187,0.2107,0.1433,-6.7695,35.8498,234.2302,0.153,-0.1965,10.7033,39.0056,235.0818,0.166,0.2847
2015-04-14T00:11:59.620Z,7.0132,48.6819,233.5177,0.208,0.1447,-7.0067,34.4847,233.5102,0.1473,-0.2088,10.4044,38.1168,234.4807,0.1624,0.2802
2015-04-14T00:12:59.050Z,6.7483,48.5273,233.63,0.2079,0.1394,-6.3893,33.9334,233.4884,0.1451,-0.1982,10.8693,38.635,234.6244,0.1642,0.2831
2015-04-14T00:13:59.357Z,4.9928,49.2763,233.7893,0.2108,0.1015,-6.2339,37.3052,233.4847,0.1592,-0.1737,10.5037,37.6452,234.2686,0.1608,0.2861
2015-04-14T00:14:59.630Z,4.9145,48.8181,234.3262,0.2086,0.1004,-6.7654,35.924,234.3267,0.154,-0.1978,10.9175,38.7636,234.7352,0.1649,0.2919
2015-04-14T00:15:59.794Z,4.7621,48.2853,233.0971,0.2073,0.099,-6.9589,34.4507,234.3474,0.1469,-0.2049,9.8929,37.4434,234.4604,0.1598,0.269
2015-04-14T00:16:59.469Z,5.3146,48.9496,232.5001,0.2109,0.1077,-6.5081,36.6932,234.0492,0.157,-0.1838,10.8015,38.9267,234.5401,0.1658,0.2868
2015-04-14T00:17:59.017Z,5.0222,48.6322,233.078,0.2091,0.1038,-6.298,34.8641,234.8187,0.1486,-0.1909,10.4663,38.4346,235.6556,0.1634,0.2834
2015-04-14T00:18:59.361Z,5.1642,48.7423,233.7813,0.2082,0.1046,-6.7103,36.3666,234.9522,0.1544,-0.1905,10.7621,39.7859,235.5988,0.1689,0.2805
2015-04-14T00:19:59.773Z,4.7049,48.5158,233.8179,0.2079,0.096,-6.3476,34.9379,233.8061,0.1501,-0.1885,11.1661,38.5621,234.9214,0.1639,0.2983
2015-04-14T00:20:59.482Z,5.5294,48.2018,233.5344,0.2067,0.1137,-6.4378,34.53,233.2821,0.1486,-0.194,10.7068,37.6394,234.3132,0.1606,0.2914
2015-04-14T00:21:59.818Z,5.7093,48.4948,233.1215,0.208,0.1179,-6.4873,33.1383,232.9214,0.142,-0.2007,10.8971,38.5208,234.3175,0.1642,0.2854
2015-04-14T00:22:59.855Z,6.5592,48.706,233.1553,0.2087,0.134,-6.8678,35.4071,233.0588,0.1522,-0.2027,10.8501,38.8434,234.6402,0.1657,0.29
2015-04-14T00:23:59.154Z,6.5302,48.4299,232.3709,0.208,0.1336,-7.1517,34.9292,232.1826,0.1506,-0.2171,10.2242,38.9737,233.9801,0.1663,0.276
2015-04-14T00:24:59.842Z,6.0387,48.9937,231.7001,0.2114,0.1234,-6.9078,36.2828,231.7887,0.1567,-0.2032,10.7974,39.376,233.7048,0.1687,0.28
2015-04-14T00:25:59.505Z,6.5546,47.8567,231.7568,0.2069,0.1381,-6.7615,35.8158,232.0343,0.1543,-0.2026,10.8097,38.4719,234.004,0.1644,0.2864
2015-04-14T00:26:59.745Z,7.024,48.6985,232.8788,0.2092,0.1443,-6.5378,34.9964,233.2059,0.1501,-0.2027,10.8341,38.1665,235.1502,0.1627,0.2955
2015-04-14T00:27:59.999Z,6.8559,48.9725,233.2044,0.2101,0.1382,-6.8133,34.5066,233.3637,0.1479,-0.2054,10.7498,38.7795,235.6021,0.1652,0.2833
2015-04-14T00:28:59.310Z,7.0836,48.9403,232.9964,0.21,0.1444,-6.8801,33.7641,233.2262,0.145,-0.2111,10.7921,35.7938,235.4486,0.1518,0.3072
2015-04-14T00:29:59.837Z,6.5126,49.09,232.9464,0.2113,0.1318,-6.7616,30.9664,233.1465,0.1325,-0.2242,10.6251,36.1326,235.4849,0.1534,0.2998
2015-04-14T00:30:59.201Z,7.099,49.3523,232.1479,0.2128,0.1427,-6.6196,35.6173,232.5506,0.1531,-0.1998,10.656,37.4803,234.4368,0.1604,0.2919
2015-04-14T00:31:59.509Z,6.8785,49.051,231.7175,0.2119,0.1405,-6.6551,35.8266,232.1613,0.1541,-0.1933,10.7257,38.3031,234.079,0.1635,0.2869
2015-04-14T00:32:59.786Z,6.5182,48.0478,232.2912,0.2071,0.1341,-6.5424,35.0232,232.4948,0.151,-0.1982,11.0101,39.0398,234.1262,0.1675,0.2915
2015-04-14T00:33:59.984Z,6.4869,48.4124,232.5209,0.2082,0.1332,-7.2855,35.0881,232.8846,0.1504,-0.214,11,39.6009,234.2231,0.169,0.2799
2015-04-14T00:34:59.877Z,6.4946,48.7489,232.5187,0.2093,0.1323,-6.9335,37.0705,232.4827,0.1597,-0.1979,10.5192,38.4012,234.3132,0.1638,0.2833
2015-04-14T00:35:59.322Z,6.3466,48.7791,231.5429,0.2103,0.1314,-6.7552,35.1553,231.4882,0.1514,-0.2013,10.7206,39.0711,233.2831,0.1677,0.2831
2015-04-14T00:36:59.495Z,6.8262,48.2264,232.026,0.2081,0.141,-6.9415,35.2667,232.5469,0.1516,-0.2051,11.0595,38.63,233.9957,0.1651,0.2974
2015-04-14T00:37:59.611Z,6.6143,48.7199,231.8671,0.2101,0.1364,-6.8304,36.0818,233.626,0.1547,-0.2,10.1588,37.1778,234.4514,0.1581,0.2791
2015-04-14T00:38:59.892Z,6.8888,48.6507,231.6478,0.21,0.1392,-7.0758,35.0326,233.5644,0.15,-0.2135,10.9801,39.0753,234.4315,0.1663,0.2943
2015-04-14T00:39:59.180Z,6.7653,48.8284,231.78,0.2102,0.1387,-6.959,36.3113,233.943,0.1556,-0.2009,10.4422,38.8377,234.7907,0.1651,0.277
2015-04-14T00:40:59.444Z,6.4682,48.1954,232.6333,0.207,0.1337,-7.1447,35.7098,234.3966,0.1519,-0.2048,10.4681,38.8096,235.5149,0.1652,0.2789
2015-04-14T00:41:59.967Z,6.4597,48.4814,232.5486,0.208,0.1328,-7.1889,35.5426,234.3167,0.1518,-0.2166,10.4982,39.8113,235.2825,0.1691,0.2729
2015-04-14T00:42:59.171Z,6.9202,48.1326,232.6308,0.2068,0.1444,-6.5197,36.0223,234.3899,0.1528,-0.1968,10.9569,39.5548,235.5698,0.1676,0.29
2015-04-14T00:43:59.444Z,6.5334,49.2774,232.6844,0.2118,0.1324,-6.7427,31.6344,234.334,0.1349,-0.2219,11.1656,38.5769,235.3844,0.1641,0.2915
2015-04-14T00:44:59.736Z,6.9018,48.9034,232.8614,0.2099,0.1403,-7.336,33.3491,234.5689,0.1418,-0.2256,10.898,35.728,235.5046,0.1516,0.3116
2015-04-14T00:45:59.007Z,6.7498,49.0873,233.5639,0.2104,0.1371,-6.8142,35.9797,234.9482,0.1532,-0.2001,10.6756,37.9142,235.6376,0.1617,0.2918
2015-04-14T00:46:59.549Z,6.749,49.6189,234.2193,0.212,0.1335,-6.6363,35.4168,235.5126,0.1499,-0.1986,11.0537,40.6268,236.1723,0.1721,0.2793
2015-04-14T00:47:59.246Z,6.7548,47.9973,233.5666,0.2053,0.1393,-7.5267,35.9652,234.3196,0.1528,-0.2091,10.5238,39.7594,235.1357,0.1692,0.2693
2015-04-14T00:48:59.481Z,7.0337,49.0151,232.5279,0.2109,0.1418,-6.6925,33.9729,232.9105,0.1458,-0.2092,10.292,38.8142,233.7425,0.1665,0.2752
2015-04-14T00:49:59.840Z,6.8289,48.8287,231.9992,0.211,0.1375,-6.5166,34.0438,231.9301,0.1469,-0.2008,10.2288,38.0191,232.8178,0.1634,0.2827
2015-04-14T00:50:59.006Z,6.6222,48.2799,232.1967,0.2077,0.1362,-7.4062,35.5833,232.3017,0.1537,-0.2206,10.5206,39.2019,233.0654,0.1681,0.2829
2015-04-14T00:51:59.822Z,6.8583,48.3651,232.1842,0.2086,0.14,-5.8452,34.4602,231.6821,0.1479,-0.1905,10.4353,37.7642,233.052,0.1626,0.2871
2015-04-14T00:52:59.094Z,6.7448,49.1494,233.4174,0.2102,0.1386,-7.1736,35.0503,233.1917,0.1502,-0.2123,10.5707,38.906,234.1894,0.1662,0.2836
2015-04-14T00:53:59.506Z,5.9803,48.7155,233.466,0.2089,0.1243,-6.5132,33.9331,233.5326,0.1453,-0.1981,11.1592,40.049,234.3157,0.171,0.2887
2015-04-14T00:54:59.975Z,5.1036,47.6184,232.4409,0.2046,0.1061,-6.4604,33.7693,233.5318,0.1443,-0.1971,10.1032,39.199,234.0737,0.1671,0.2691
2015-04-14T00:55:59.286Z,5.677,47.6853,232.3928,0.2048,0.1182,-6.4072,36.9158,234.0839,0.1579,-0.1806,10.652,39.8832,234.5559,0.1702,0.2821
2015-04-14T00:56:59.943Z,6.2878,48.1813,231.7725,0.2076,0.1289,-6.7834,34.7485,233.8021,0.1486,-0.2053,10.8155,40.2525,234.5074,0.1714,0.2792
2015-04-14T00:57:59.194Z,6.5921,47.8437,231.0493,0.2073,0.1401,-7.1839,35.4878,233.1053,0.1527,-0.2137,10.2367,38.2966,233.958,0.1637,0.2761
2015-04-14T00:58:59.388Z,6.7257,48.9464,232.4553,0.2108,0.138,-7.1636,35.0345,232.3923,0.1512,-0.2109,10.7131,39.1748,233.8163,0.1675,0.2849
2015-04-14T00:59:59.762Z,6.3269,49.4098,232.888,0.2126,0.1282,-6.8718,35.0104,232.7375,0.151,-0.2064,11.0108,37.3159,233.8108,0.1599,0.3067
2015-04-14T01:00:59.287Z,6.1058,46.1369,232.68,0.1982,0.1343,-6.4613,36.6507,231.5841,0.1584,-0.1871,10.5163,37.7414,233.8292,0.1613,0.286
2015-04-14T01:01:59.956Z,6.4049,48.4032,231.8983,0.208,0.1308,-7.5708,36.7702,230.8609,0.159,-0.2113,10.7678,36.9807,233.2197,0.1586,0.3025
2015-04-14T01:02:59.131Z,6.5868,49.3462,231.7127,0.2126,0.1344,-6.5771,34.1441,230.1526,0.1486,-0.204,10.151,38.6168,232.9118,0.1656,0.27
2015-04-14T01:03:59.751Z,7.2352,47.8615,231.1471,0.2068,0.1508,-7.1974,34.4436,230.038,0.1505,-0.2162,11.084,38.9572,231.9278,0.1677,0.2891
2015-04-14T01:04:59.139Z,6.6951,48.6848,231.2506,0.2099,0.1347,-6.8159,32.2734,229.6852,0.1409,-0.2162,10.3153,35.668,231.1948,0.1544,0.3014
2015-04-14T01:05:59.314Z,7.1524,48.6201,231.0297,0.2101,0.1464,-7.0013,30.2219,229.9173,0.1309,-0.2369,10.6644,34.9638,232.9979,0.1507,0.3081
2015-04-14T01:06:59.583Z,6.7942,47.9501,230.5798,0.2079,0.1402,-6.7312,36.4164,229.5777,0.1586,-0.1929,10.2274,38.5429,232.7102,0.1656,0.2784
2015-04-14T01:07:59.836Z,6.1497,49.3505,230.1482,0.2149,0.1249,-6.7492,34.2275,229.4744,0.1492,-0.2127,10.6771,38.1347,232.1787,0.1643,0.2858
2015-04-14T01:08:59.219Z,6.2601,48.447,230.409,0.2111,0.1276,-6.4146,36.0783,229.7937,0.1568,-0.1926,10.8751,37.2563,232.178,0.1607,0.3012
2015-04-14T01:09:59.741Z,5.8949,49.0474,230.7505,0.2126,0.1199,-6.7535,35.1743,230.2023,0.1524,-0.1985,10.5208,37.1384,232.5535,0.1599,0.2891
2015-04-14T01:10:59.027Z,5.2881,49.1372,230.9269,0.2121,0.1081,-6.3759,35.3947,230.6118,0.1537,-0.1899,10.7522,39.6147,232.5407,0.1706,0.2806
2015-04-14T01:11:59.283Z,4.8856,48.3805,231.1068,0.209,0.1034,-6.2238,35.1226,230.3085,0.1523,-0.1865,10.5587,36.709,232.8071,0.1575,0.2941
2015-04-14T01:12:59.661Z,4.7371,48.5024,230.8316,0.2098,0.098,-6.0571,35.4873,230.3099,0.1545,-0.1761,10.4691,39.6176,232.6884,0.1703,0.2757
2015-04-14T01:13:59.861Z,5.3185,48.1509,231.7131,0.2075,0.1122,-6.5913,37.3775,231.0835,0.1622,-0.1836,10.8668,37.4248,233.3369,0.1605,0.2982
2015-04-14T01:14:59.172Z,5.2042,48.8218,231.8056,0.2111,0.105,-6.3727,34.0904,231.8557,0.1471,-0.1946,10.3729,38.8633,232.9303,0.1669,0.2761
2015-04-14T01:15:59.588Z,5.0767,48.3782,231.9481,0.2088,0.1057,-6.5582,35.5129,231.5852,0.1534,-0.1954,10.9146,39.6238,233.048,0.17,0.2799
2015-04-14T01:16:59.905Z,4.6616,48.3336,231.7617,0.2087,0.0974,-6.0538,33.3715,231.0358,0.1439,-0.1892,10.627,37.4292,232.5588,0.1607,0.2949
2015-04-14T01:17:59.202Z,5.6009,47.3275,231.8121,0.2034,0.1192,-6.6737,34.6436,231.2569,0.15,-0.1992,10.6958,39.9498,232.388,0.172,0.2778
2015-04-14T01:18:59.479Z,5.6886,48.7982,232.0697,0.2102,0.1187,-6.6052,35.5198,231.4761,0.1538,-0.1913,10.9571,37.7747,232.1158,0.1628,0.2963
2015-04-14T01:19:59.872Z,5.1222,48.8425,232.2507,0.2101,0.104,-6.5079,35.3865,228.6177,0.1551,-0.1902,10.6812,37.1838,232.4643,0.1602,0.2988
2015-04-14T01:20:59.167Z,4.5367,48.0807,231.85,0.2074,0.0959,-6.252,34.7928,228.3631,0.152,-0.1856,10.4438,37.3647,232.2651,0.1608,0.2927
2015-04-14T01:21:59.390Z,5.1186,48.8618,231.2671,0.2109,0.1034,-6.5763,35.0607,230.8923,0.1518,-0.1957,10.5125,37.2011,231.0281,0.1605,0.2949
2015-04-14T01:22:59.844Z,4.814,47.565,231.932,0.2054,0.101,-6.8396,34.388,229.6485,0.1501,-0.2099,10.9529,37.9541,231.7771,0.1632,0.2978
2015-04-14T01:23:59.325Z,4.9269,48.6368,231.961,0.2101,0.1007,-6.6312,35.0334,228.2644,0.1537,-0.1993,10.7548,38.1183,232.3619,0.1638,0.2924
2015-04-14T01:24:59.584Z,5.0763,48.5398,232.0251,0.209,0.1035,-6.5096,34.7278,231.4766,0.1508,-0.1932,10.3725,38.8925,232.3773,0.1673,0.2748
2015-04-14T01:25:59.932Z,5.4664,47.7547,231.7905,0.2058,0.1124,-6.2704,34.519,231.4835,0.1488,-0.1864,10.7386,37.7346,232.7474,0.1624,0.2972
2015-04-14T01:26:59.536Z,4.871,47.8898,231.6747,0.2062,0.1018,-6.5293,34.8131,231.7948,0.1501,-0.1924,11.16,37.7819,232.9741,0.162,0.3031
2015-04-14T01:27:59.767Z,5.1947,48.626,232.356,0.2091,0.1068,-6.3879,35.5625,232.5659,0.1526,-0.1888,11.3158,38.8154,233.6238,0.1662,0.3002
2015-04-14T01:28:59.281Z,5.1743,48.2042,232.3274,0.207,0.1066,-6.4279,35.9227,232.576,0.1545,-0.1848,10.45,38.7862,233.6246,0.1663,0.2784
2015-04-14T01:29:59.589Z,5.438,48.35,232.079,0.2084,0.1122,-6.1857,33.8875,232.7781,0.1454,-0.1896,10.7773,39.6815,233.9418,0.1693,0.2801
2015-04-14T01:30:59.616Z,5.1925,48.8876,231.9473,0.2113,0.1057,-6.4452,37.0082,232.404,0.1593,-0.1827,10.8129,38.0767,233.3905,0.1632,0.2929
2015-04-14T01:31:59.934Z,6.0208,48.8737,231.499,0.2114,0.1227,-6.5385,34.6008,231.9185,0.1488,-0.2013,9.9716,38.198,233.4625,0.164,0.2735
2015-04-14T01:32:59.281Z,6.856,48.0129,231.6461,0.2067,0.1436,-7.094,35.8897,232.1577,0.1542,-0.2068,10.4871,37.4217,233.7251,0.16,0.2863
2015-04-14T01:33:59.919Z,6.6779,49.0741,231.9065,0.2114,0.1353,-7.1175,37.3588,231.6823,0.1614,-0.203,10.2584,37.7028,233.6603,0.1613,0.2805
2015-04-14T01:34:59.439Z,6.4887,48.2997,230.7239,0.2091,0.1331,-6.7188,35.2751,231.2244,0.1523,-0.2012,10.5469,37.9192,233.4548,0.1624,0.2898
2015-04-14T01:35:59.681Z,6.6627,48.721,230.6626,0.2112,0.1376,-6.5147,35.75,231.2361,0.1545,-0.1948,10.8186,38.4248,233.8518,0.1643,0.2943
2015-04-14T01:36:59.969Z,6.3604,48.109,230.4854,0.2084,0.1352,-6.9842,35.8901,231.2423,0.1549,-0.2048,10.6012,38.3795,233.8687,0.1648,0.2834
2015-04-14T01:37:59.830Z,6.6597,49.021,231.3646,0.2119,0.1364,-6.5014,34.177,231.6229,0.1478,-0.2062,10.8276,40.5511,234.0224,0.1734,0.2769
2015-04-14T01:38:59.459Z,7.016,48.7852,232.3586,0.2101,0.1444,-6.9588,35.5636,231.6777,0.1532,-0.2047,10.048,39.4717,234.1828,0.1679,0.2649
2015-04-14T01:39:59.985Z,6.4761,48.6013,231.8759,0.2096,0.1324,-7.1341,34.603,231.2072,0.1496,-0.2191,11.025,38.5135,233.484,0.1643,0.2973
2015-04-14T01:40:59.267Z,7.0623,48.9932,232.2072,0.2111,0.1442,-6.8624,34.5998,231.5628,0.1497,-0.2064,11.2829,38.6217,233.4193,0.1649,0.295
2015-04-14T01:41:59.032Z,6.5889,48.8192,232.0473,0.2103,0.135,-7.0096,35.3683,231.8742,0.1528,-0.2046,10.4929,38.1188,233.1524,0.1639,0.2832
2015-04-14T01:42:59.244Z,7.0328,48.474,232.3953,0.2084,0.1424,-6.7587,35.8859,232.3374,0.1549,-0.2029,11.4488,39.2378,233.8712,0.1675,0.2978
2015-04-14T01:43:59.509Z,6.5943,48.8814,231.9414,0.2114,0.1346,-6.7189,34.9388,232.0553,0.15,-0.2042,10.7249,38.2422,233.5423,0.1642,0.2879
2015-04-14T01:44:59.299Z,6.3824,48.7075,231.8509,0.2101,0.1319,-7.2233,35.0513,231.5992,0.1513,-0.2137,10.7223,37.0041,233.1145,0.1588,0.2956
2015-04-14T01:45:59.776Z,6.5416,48.3093,231.8859,0.2082,0.1341,-7.1499,36.4942,231.4442,0.1569,-0.2073,10.2665,39.073,232.5333,0.1684,0.2682
2015-04-14T01:46:59.098Z,6.3504,48.9586,231.7617,0.2114,0.1286,-7.007,35.0864,231.0964,0.152,-0.2097,10.2397,37.9964,231.9228,0.1638,0.2811
2015-04-14T01:47:59.875Z,5.3251,48.7818,231.9787,0.2107,0.1086,-5.8732,35.1947,231.5012,0.1516,-0.1798,10.4473,38.5352,232.2457,0.1655,0.2833
2015-04-14T01:48:59.502Z,5.9966,48.0972,231.4892,0.208,0.1234,-6.5215,34.7984,231.109,0.1502,-0.2012,10.6225,38.0421,232.3299,0.1639,0.2878
2015-04-14T01:49:59.898Z,5.8275,48.329,231.7586,0.2088,0.1201,-7.0158,34.9401,231.3023,0.1509,-0.2065,10.7208,38.3671,232.5897,0.1648,0.2856
2015-04-14T01:50:59.131Z,6.982,49.6786,231.4909,0.2148,0.1401,-6.7757,35.4259,231.1934,0.1528,-0.2053,10.1633,37.0012,232.4801,0.1589,0.2823
2015-04-14T01:51:59.375Z,7.1182,48.3297,231.2909,0.2087,0.1471,-6.6327,35.1334,231.0398,0.1519,-0.2024,10.3738,38.1913,232.3476,0.1653,0.2827
2015-04-14T01:52:59.119Z,6.7941,48.7499,231.4232,0.2104,0.1385,-7.0478,35.939,231.6709,0.1551,-0.1986,11.0535,38.4932,232.8182,0.1653,0.2922
2015-04-14T01:53:59.905Z,6.7183,48.6373,231.8013,0.21,0.1384,-6.7495,34.9189,232.0627,0.1509,-0.2034,10.9128,39.3813,233.2685,0.1686,0.2846
2015-04-14T01:54:59.143Z,6.0363,48.4108,231.7064,0.2086,0.1236,-7.1089,36.1894,231.983,0.1562,-0.2089,10.5916,38.1734,233.1577,0.1639,0.2871
2015-04-14T01:55:59.375Z,5.0266,48.6909,230.8738,0.2112,0.1045,-6.7353,36.0535,230.9658,0.1559,-0.1896,11.0586,37.8471,232.5156,0.1623,0.2993
2015-04-14T01:56:59.214Z,4.9083,48.2626,231.0851,0.2087,0.1027,-6.4128,37.1846,231.2964,0.1606,-0.1854,10.77,36.6371,232.4813,0.1579,0.3031
2015-04-14T01:57:59.413Z,5.9628,48.8208,231.4248,0.2111,0.1223,-6.8251,34.4477,231.1577,0.1483,-0.2071,10.8975,38.1495,232.6687,0.164,0.292
2015-04-14T01:58:59.641Z,6.7347,49.1713,231.22,0.2129,0.1377,-6.7943,35.449,230.633,0.1541,-0.203,10.4844,39.1234,231.7197,0.1689,0.2767
2015-04-14T01:59:59.861Z,7.2315,48.5548,232.2387,0.2088,0.1487,-6.8718,33.7513,228.5175,0.1481,-0.2177,10.6329,38.87,232.7008,0.1677,0.2856
2015-04-14T02:00:59.480Z,6.471,47.3179,232.5134,0.2035,0.136,-7.1513,36.549,227.2865,0.1609,-0.2104,10.6207,39.2889,232.7204,0.169,0.2778
2015-04-14T02:01:59.722Z,7.1098,49.0163,232.0786,0.2108,0.1455,-6.5184,34.8302,230.3289,0.1515,-0.197,10.7229,37.6578,231.2076,0.1633,0.294
2015-04-14T02:02:59.103Z,6.7222,48.4473,232.2721,0.2084,0.1369,-7.1437,36.6943,231.3331,0.1586,-0.2037,10.6867,36.3928,231.2031,0.1572,0.3031
2015-04-14T02:03:59.645Z,6.4,48.6351,232.4935,0.2092,0.1321,-6.8501,35.3509,231.4755,0.1526,-0.2051,10.2987,37.6057,231.5153,0.1622,0.2812
2015-04-14T02:04:59.247Z,6.7011,48.6807,232.3991,0.2093,0.1374,-7.1079,37.0473,231.7073,0.1599,-0.206,10.3022,36.3748,231.6219,0.1572,0.2937
2015-04-14T02:05:59.769Z,6.7188,49.378,232.1067,0.2131,0.1353,-7.1257,34.4677,231.4712,0.1488,-0.2189,10.5652,38.8223,231.7855,0.1669,0.2801
2015-04-14T02:06:59.229Z,7.0136,49.0545,231.5078,0.2121,0.142,-7.0408,36.09,230.4958,0.1566,-0.2036,11.0103,38.6508,231.3358,0.1678,0.2931
2015-04-14T02:07:59.574Z,6.596,48.3256,231.8038,0.2084,0.1382,-6.9786,35.0003,230.9547,0.1521,-0.2131,10.4688,38.1985,231.5184,0.1646,0.2867
2015-04-14T02:08:59.920Z,6.1958,48.5041,232.1291,0.2088,0.1275,-6.8858,36.3929,231.5967,0.1571,-0.1998,10.5634,36.98,231.5605,0.1597,0.297
2015-04-14T02:09:59.238Z,7.1731,48.4432,232.0551,0.2079,0.1466,-6.9302,36.3289,231.3747,0.1568,-0.1978,10.6254,38.6184,231.5759,0.1663,0.2878
2015-04-14T02:10:59.476Z,6.5617,48.4459,231.7797,0.2085,0.1355,-6.8548,32.7113,230.4522,0.1423,-0.2127,10.7289,39.5196,232.3223,0.17,0.2788
2015-04-14T02:11:59.099Z,7.0267,48.8506,232.3543,0.2106,0.1444,-6.7473,36.4569,230.9257,0.1577,-0.1903,11.0262,38.2333,233.1392,0.1637,0.2964
2015-04-14T02:12:59.489Z,6.7248,48.7914,232.0637,0.2101,0.1401,-6.8087,34.5369,230.447,0.1505,-0.2033,10.7541,38.8663,233.0349,0.1666,0.2848
2015-04-14T02:13:59.274Z,6.8662,47.938,232.0889,0.2071,0.1412,-6.6438,33.8734,230.3534,0.1472,-0.2074,10.7969,37.7581,233.0056,0.1622,0.2943
2015-04-14T02:14:59.604Z,6.5388,48.2826,231.5398,0.2083,0.1346,-7.2128,35.8061,230.3555,0.1559,-0.2047,10.7692,38.6212,232.2553,0.1661,0.2885
2015-04-14T02:15:59.170Z,6.0366,49.1046,230.2238,0.2134,0.1231,-6.6401,35.7143,230.2984,0.1549,-0.1981,10.5052,38.1978,231.528,0.1655,0.2866
2015-04-14T02:16:59.538Z,6.0148,47.6632,229.9274,0.2075,0.1268,-7.0438,35.5826,230.2221,0.1543,-0.2101,10.418,38.3829,231.3259,0.1658,0.282
2015-04-14T02:17:59.852Z,6.5018,47.9421,229.6509,0.2088,0.1344,-7.4518,35.2689,230.1821,0.1533,-0.2205,43.7354,71.976,230.9919,0.3115,0.4329
2015-04-14T02:18:59.195Z,781.397,1160.6817,230.011,5.0501,0.5869,824.8062,1227.5422,229.4837,5.356,0.5215,1269.9164,1747.8593,229.1648,7.6381,0.7438
2015-04-14T02:19:59.208Z,1040.3197,1452.7948,230.6129,6.2996,0.7163,1088.8271,1543.6553,229.0484,6.7394,0.7053,1552.1474,2097.0708,228.5512,9.1756,0.7398
2015-04-14T02:20:59.585Z,1036.3568,1453.1971,231.037,6.2894,0.7131,1088.7197,1550.953,229.6107,6.7543,0.702,1544.9206,2096.4023,228.992,9.1541,0.737
2015-04-14T02:21:59.106Z,1043.9335,1458.6461,231.2327,6.3082,0.7148,1097.3654,1571.9996,230.3639,6.8238,0.6987,1536.0237,2092.8929,229.2779,9.1279,0.7338
2015-04-14T02:22:59.778Z,1061.0363,1469.6583,231.3366,6.3531,0.7214,1120.8154,1593.6487,230.6902,6.9079,0.7034,1548.391,2104.191,229.2748,9.1779,0.7358
2015-04-14T02:23:59.116Z,1072.961,1468.9302,230.959,6.3609,0.7307,1147.5616,1610.9003,230.4817,6.9889,0.7121,1556.5638,2109.4551,228.7467,9.2226,0.738
2015-04-14T02:24:59.409Z,1074.7409,1474.0377,231.0846,6.3784,0.7293,1159.9479,1617.0374,230.4037,7.0183,0.7176,1573.1199,2128.2563,228.941,9.2956,0.7394
2015-04-14T02:25:59.753Z,1078.355,1487.6358,231.3586,6.4299,0.7248,1157.4742,1613.1312,230.0916,7.0101,0.7174,1584.6774,2137.7938,229.6524,9.3091,0.741
2015-04-14T02:26:59.442Z,1081.6554,1478.1863,230.9545,6.3999,0.731,1161.6789,1618.3282,230.0585,7.0346,0.718,1570.4228,2120.4369,229.1019,9.2556,0.7404
2015-04-14T02:27:59.149Z,1079.7755,1478.7157,230.843,6.4056,0.7304,1180.706,1632.9247,230.7764,7.0755,0.7228,1584.0172,2145.8747,229.6333,9.3447,0.7384
2015-04-14T02:28:59.185Z,1088.7416,1486.0966,230.4369,6.4491,0.7323,1195.9351,1637.704,230.6172,7.1017,0.7303,1603.6981,2161.2387,229.6546,9.4107,0.7417
2015-04-14T02:29:59.355Z,1032.3478,1432.4778,230.062,6.2265,0.7206,1151.3591,1593.4988,230.6898,6.9079,0.7229,1551.2193,2116.3302,229.2845,9.2298,0.7331
2015-04-14T02:30:59.576Z,1038.3451,1432.5851,229.9287,6.2309,0.725,1143.759,1582.9609,230.152,6.8774,0.7226,1548.5862,2097.4254,228.6227,9.1743,0.7391
2015-04-14T02:31:59.364Z,1041.1419,1435.1384,229.8479,6.2441,0.7258,1146.4217,1583.4989,230.1972,6.8784,0.7242,1551.9348,2098.8048,228.6581,9.1788,0.7401
2015-04-14T02:32:59.818Z,1047.7791,1442.3912,230.2333,6.2648,0.7267,1147.8572,1586.7033,230.0536,6.8973,0.7236,1555.2699,2099.2336,228.7344,9.1781,0.7403
2015-04-14T02:33:59.159Z,1064.2983,1467.1074,231.4378,6.3393,0.7258,1141.58,1595.0989,230.1807,6.9295,0.7162,1557.1667,2098.3375,228.9982,9.1631,0.7409
2015-04-14T02:34:59.843Z,1072.6596,1471.7659,231.3436,6.3613,0.7292,1156.5956,1607.4727,230.2736,6.981,0.7193,1564.9313,2105.0537,228.9746,9.1931,0.7429
2015-04-14T02:35:59.837Z,1085.387,1488.0411,231.5783,6.4256,0.7298,1158.2491,1611.8078,230.516,6.9924,0.719,1576.2148,2112.4718,229.1787,9.2172,0.7465
2015-04-14T02:36:59.180Z,1092.6236,1491.5663,231.189,6.4513,0.7321,1152.7489,1599.3822,229.7351,6.9622,0.7209,1578.8644,2101.0353,228.7374,9.1858,0.7524
2015-04-14T02:37:59.435Z,1098.9876,1502.6607,231.2981,6.497,0.7313,1153.9127,1598.0227,229.6347,6.9586,0.7217,1593.0862,2112.4497,229.0206,9.224,0.7539
2015-04-14T02:38:59.641Z,1101.8293,1502.6338,231.3638,6.4947,0.7332,1168.1941,1609.4893,229.8083,7.0037,0.7261,1597.5872,2121.8633,229.0929,9.2619,0.7517
2015-04-14T02:39:59.740Z,1107.179,1507.1833,231.2931,6.5167,0.7342,1175.511,1614.8128,230.036,7.0199,0.7282,1605.352,2128.6016,228.9074,9.2985,0.7531
2015-04-14T02:40:59.037Z,1111.2953,1512.6218,231.7183,6.5281,0.7346,1189.5402,1642.449,231.3646,7.0989,0.7243,1600.9165,2140.5008,229.5258,9.3262,0.749
2015-04-14T02:41:59.650Z,1121.5313,1543.417,231.7876,6.659,0.7261,1184.6287,1610.1788,229.3519,7.0203,0.7359,1655.9581,2174.6937,230.2483,9.4452,0.7611
2015-04-14T02:42:59.171Z,1191.1162,1592.3626,231.5448,6.8772,0.7481,1254.1288,1669.5784,229.2461,7.2825,0.7506,1710.9071,2218.1852,229.4985,9.6649,0.7715
2015-04-14T02:43:59.461Z,1218.5108,1591.951,230.7702,6.8983,0.7659,1296.8216,1723.2809,230.7678,7.4678,0.7521,1696.189,2208.5746,228.3402,9.6726,0.7696
2015-04-14T02:44:59.934Z,1232.4589,1602.5026,230.354,6.9571,0.7693,1314.9236,1730.8664,230.3416,7.5141,0.7599,1715.8722,2222.326,228.1774,9.7392,0.7714
2015-04-14T02:45:59.219Z,1253.1408,1623.5538,230.5737,7.0411,0.7711,1337.3213,1750.1902,230.3562,7.5979,0.7637,1738.7458,2244.4728,228.2582,9.833,0.7743
2015-04-14T02:46:59.715Z,1276.8132,1646.2738,230.612,7.1386,0.7758,1361.7778,1770.8694,230.4247,7.6851,0.7687,1767.1219,2269.8826,228.3948,9.9383,0.7798
2015-04-14T02:47:59.598Z,1272.6667,1644.8326,231.0034,7.1199,0.7736,1364.8834,1778.6101,230.9344,7.702,0.768,1765.4409,2278.0182,228.8803,9.9529,0.7748
2015-04-14T02:48:59.787Z,1291.9006,1662.6636,230.5549,7.2115,0.7765,1398.1366,1804.0329,231.3166,7.7994,0.7753,1801.3185,2311.0593,229.0289,10.0904,0.7792
2015-04-14T02:49:59.138Z,313.6487,433.1996,231.8229,1.8807,0.2801,329.0851,455.0433,232.4133,1.9689,0.0417,538.0161,673.9128,231.1994,2.939,0.7043
2015-04-14T02:50:59.454Z,5.6227,47.9972,232.4313,0.2062,0.1172,-6.015,33.6939,232.617,0.1443,-0.1921,10.8936,39.8726,232.6208,0.1716,0.2834
2015-04-14T02:51:59.047Z,4.9344,49.527,233.2337,0.2124,0.1011,-6.4298,38.3941,233.356,0.1646,-0.1767,10.3432,35.7553,233.5843,0.1534,0.2988
2015-04-14T02:52:59.254Z,4.9736,48.1855,233.0647,0.2069,0.1035,-6.2001,33.7108,233.8998,0.1445,-0.1887,10.6209,39.1223,233.2773,0.1679,0.2793
2015-04-14T02:53:59.735Z,5.9226,48.9559,232.7615,0.2103,0.1209,-6.8045,35.8824,233.4289,0.1536,-0.1964,10.3826,36.919,233.2763,0.1584,0.2917
2015-04-14T02:54:59.434Z,7.1748,48.9091,232.7352,0.21,0.1451,-7.1923,33.9852,233.2568,0.1457,-0.2166,10.6553,39.6067,233.2521,0.1693,0.2713
2015-04-14T02:55:59.854Z,6.4537,48.5029,232.9198,0.2084,0.134,-6.8975,38.4822,233.3873,0.1647,-0.1887,10.5104,36.6267,233.3812,0.157,0.2986
2015-04-14T02:56:59.266Z,5.8302,48.5223,232.3752,0.2093,0.1212,-6.9532,35.8141,233.5199,0.1537,-0.2069,10.6927,38.3836,233.1981,0.1647,0.286
2015-04-14T02:57:59.554Z,4.8343,48.1745,231.8723,0.2075,0.1004,-6.5156,35.187,233.8525,0.1507,-0.1927,10.4086,38.5595,233.2118,0.1649,0.2765
2015-04-14T02:58:59.653Z,4.5809,48.9221,231.8305,0.2112,0.094,-6.7293,30.5926,233.3946,0.1305,-0.2268,10.6403,34.6116,233.2447,0.1485,0.3185
2015-04-14T02:59:59.695Z,5.3201,48.72,231.751,0.2103,0.1101,-6.597,31.619,233.1826,0.1352,-0.2174,10.6295,36.3704,234.322,0.1553,0.301
