2015-01-08T00:00:59.666Z,4.4121,64.49,231.5242,0.2787,0.0676,2.3503,57.7618,229.4558,0.2519,0.0422,2.8823,57.8654,231.2003,0.2502,0.0508
2015-01-08T00:01:59.931Z,4.8496,66.2579,230.9764,0.2866,0.0738,2.2817,57.8748,229.6651,0.2518,0.04,3.1586,60.1724,231.1957,0.2604,0.0512
2015-01-08T00:02:59.269Z,5.8121,67.166,232.5756,0.2888,0.0878,2.6337,59.8015,231.5118,0.2576,0.0438,3.4075,60.1596,230.7176,0.2609,0.0574
2015-01-08T00:03:59.670Z,5.0197,65.4527,232.5735,0.2813,0.0783,2.3309,60.6089,231.4452,0.2623,0.0384,3.3629,59.7907,230.4486,0.2599,0.0562
2015-01-08T00:04:59.496Z,5.6565,66.5432,232.3798,0.2862,0.0858,2.3346,58.8463,231.6404,0.2544,0.0389,3.3942,58.2878,230.8726,0.2523,0.0608
2015-01-08T00:05:59.933Z,5.9821,66.238,232.286,0.2844,0.093,2.0173,58.6496,231.316,0.2538,0.0366,3.4057,59.5585,231.0491,0.2575,0.0579
2015-01-08T00:06:59.529Z,5.2277,66.8524,232.4964,0.2874,0.0796,2.5666,58.5079,231.4797,0.2528,0.0444,2.8632,59.6134,230.9554,0.2586,0.048
2015-01-08T00:07:59.946Z,5.1802,66.2102,232.2864,0.2851,0.0801,2.1273,59.5597,231.5351,0.2568,0.0345,3.2026,61.4297,230.9385,0.2658,0.0529
2015-01-08T00:08:59.029Z,5.4212,66.2016,232.5006,0.2849,0.0819,2.9465,58.043,231.3229,0.2507,0.0517,2.9871,58.5326,230.6994,0.2535,0.0509
2015-01-08T00:09:59.588Z,5.7573,65.3646,231.7315,0.2817,0.0888,2.2083,57.9897,230.6878,0.2512,0.0389,3.3589,58.9453,229.68,0.2567,0.0584
2015-01-08T00:10:59.773Z,5.003,66.6678,231.7566,0.2874,0.0759,2.3803,59.0869,230.2208,0.257,0.0404,3.4637,58.3095,230.0787,0.2533,0.0603
2015-01-08T00:11:59.001Z,4.6033,66.0132,231.069,0.2856,0.0706,2.2581,59.4376,229.5051,0.2589,0.0389,2.8927,58.9193,230.5988,0.2554,0.0492
2015-01-08T00:12:59.211Z,5.498,67.9644,232.1716,0.2927,0.0831,2.2046,58.192,230.7111,0.2519,0.0379,3.1104,60.1026,231.1131,0.2599,0.0511
2015-01-08T00:13:59.612Z,5.9379,66.609,232.6517,0.2861,0.0899,2.5952,60.1805,230.9192,0.2605,0.0424,2.8587,59.5401,230.3666,0.2586,0.047
2015-01-08T00:14:59.095Z,5.1026,65.8648,232.8678,0.2828,0.0803,2.3868,59.5488,231.3378,0.2571,0.0421,3.2832,57.8371,228.906,0.2531,0.0573
2015-01-08T00:15:59.455Z,4.4974,67.1822,232.5125,0.2884,0.068,2.4863,59.9129,231.4307,0.2591,0.0421,3.141,59.9314,230.9884,0.2597,0.0524
2015-01-08T00:16:59.035Z,5.7752,66.638,232.6823,0.2866,0.0888,2.1272,58.6544,231.473,0.2537,0.0366,3.6371,58.8552,231.2386,0.2539,0.0624
2015-01-08T00:17:59.661Z,5.2113,66.4942,232.2627,0.2859,0.0804,2.5098,58.4329,231.6105,0.2521,0.0427,3.3289,59.7889,231.9936,0.2579,0.0551
2015-01-08T00:18:59.447Z,5.638,66.5801,232.5209,0.2863,0.0863,2.5253,59.9731,231.7489,0.2584,0.0426,3.5468,59.0052,231.9847,0.2542,0.0614
2015-01-08T00:19:59.867Z,5.6909,66.9725,232.1012,0.2884,0.088,2.6002,59.3722,231.5946,0.2564,0.044,3.3266,58.6648,231.2731,0.2535,0.0597
2015-01-08T00:20:59.148Z,5.661,66.8958,232.9299,0.2869,0.0849,2.5543,58.2893,231.0763,0.2522,0.0432,3.0051,59.2964,230.1976,0.2574,0.051
2015-01-08T00:21:59.843Z,5.3377,66.5764,233.595,0.2847,0.0815,2.2308,60.1576,230.0873,0.262,0.0376,3.1345,58.6585,229.902,0.255,0.0533
2015-01-08T00:22:59.185Z,4.4648,66.96,232.8692,0.2884,0.0688,2.7183,57.9999,232.0128,0.2493,0.047,3.6112,59.7301,231.686,0.2574,0.0613
2015-01-08T00:23:59.377Z,5.8934,66.3935,232.5186,0.2859,0.0902,2.5859,58.5836,232.1396,0.2527,0.044,3.1342,57.9012,231.3895,0.2504,0.0553
2015-01-08T00:24:59.738Z,5.5427,67.9641,232.4907,0.2923,0.0823,2.6343,61.0873,231.9677,0.2627,0.0448,3.2959,59.4217,231.4064,0.2567,0.0562
2015-01-08T00:25:59.557Z,5.5014,66.2512,231.3281,0.2863,0.0842,2.3824,59.9106,232.2754,0.2582,0.0396,3.7012,60.7862,231.3223,0.2626,0.0617
2015-01-08T00:26:59.977Z,4.7838,66.1954,231.2545,0.286,0.072,1.9983,60.2948,232.0071,0.2598,0.0339,3.0999,59.614,231.3909,0.2578,0.0524
2015-01-08T00:27:59.435Z,4.4669,67.0268,231.2104,0.2901,0.0667,2.032,58.1221,232.0287,0.2507,0.0344,3.2551,58.8609,231.489,0.2541,0.0546
2015-01-08T00:28:59.081Z,4.8867,65.9668,231.8776,0.2844,0.0748,2.4454,60.1582,231.8375,0.2598,0.0408,3.3009,59.8937,231.6725,0.2587,0.0549
2015-01-08T00:29:59.342Z,5.3188,66.1175,232.2463,0.2853,0.0819,2.1054,58.9936,231.1048,0.2552,0.0362,2.9402,58.9207,231.04,0.2546,0.0519
2015-01-08T00:30:59.143Z,5.2737,67.0172,231.7852,0.2892,0.0794,2.3927,59.3348,230.4864,0.2564,0.0401,3.1939,58.707,230.6647,0.2537,0.055
2015-01-08T00:31:59.378Z,5.7855,66.6934,232.1739,0.2873,0.0868,2.3086,57.1917,229.6233,0.2489,0.0404,3.8684,57.5825,230.3465,0.25,0.0678
2015-01-08T00:32:59.204Z,5.287,66.7123,232.1267,0.2879,0.0806,2.5186,60.7181,231.3102,0.2626,0.0411,3.0151,59.6389,231.5558,0.2577,0.0514
2015-01-08T00:33:59.041Z,5.2263,65.7737,232.2003,0.2836,0.0799,2.6313,60.0768,231.9105,0.259,0.0435,3.2203,60.1678,232.1491,0.2587,0.0527
2015-01-08T00:34:59.728Z,4.6789,65.4515,231.9757,0.2816,0.073,2.7101,59.211,231.9028,0.2549,0.0464,3.3507,60.0379,231.9982,0.2585,0.0585
2015-01-08T00:35:59.792Z,5.1164,67.0395,232.1063,0.2887,0.0771,1.9682,59.1554,232.0164,0.2551,0.0344,3.1897,58.7557,231.9605,0.2526,0.0547
2015-01-08T00:36:59.046Z,5.4791,66.5317,232.8737,0.2858,0.083,2.0484,59.4843,232.0021,0.2561,0.0346,3.5056,60.7502,231.9827,0.2621,0.0568
2015-01-08T00:37:59.863Z,5.368,65.9914,232.6693,0.283,0.0825,2.5207,59.1477,231.9853,0.2548,0.0439,2.854,59.7489,232.0558,0.2575,0.0483
2015-01-08T00:38:59.097Z,5.4866,67.3312,231.9494,0.2901,0.082,2.5008,59.631,232.1003,0.2565,0.0434,3.3149,60.5545,231.9235,0.2611,0.0543
2015-01-08T00:39:59.314Z,6.0026,66.0038,232.1414,0.284,0.0934,2.177,58.362,230.9149,0.2522,0.0387,2.7678,57.8064,230.9124,0.25,0.0485
2015-01-08T00:40:59.962Z,5.0529,67.1908,231.8624,0.29,0.0752,2.226,59.1622,231.0803,0.2561,0.0376,3.1635,58.7833,230.6604,0.255,0.0533
2015-01-08T00:41:59.906Z,4.6749,66.3016,231.3258,0.2864,0.0719,2.2446,60.103,231.2402,0.2598,0.0371,2.9411,59.4838,229.6573,0.2592,0.0516
2015-01-08T00:42:59.488Z,5.4698,67.6811,232.3669,0.2918,0.0822,2.3329,59.6318,231.4324,0.2576,0.0397,3.1044,59.2186,231.2847,0.2557,0.0538
2015-01-08T00:43:59.800Z,5.5037,66.5976,232.018,0.2871,0.0838,2.3265,59.372,231.5513,0.2564,0.0396,3.3856,60.8334,231.4662,0.2626,0.0546
2015-01-08T00:44:59.816Z,5.546,66.4512,232.1995,0.2863,0.0851,2.4689,59.1751,231.3767,0.2564,0.0434,3.3943,59.8245,231.6382,0.2582,0.0574
2015-01-08T00:45:59.188Z,4.3237,65.7567,231.8094,0.2833,0.0683,2.3541,59.2312,230.8767,0.2561,0.0413,2.9366,59.4548,231.3242,0.2571,0.0492
2015-01-08T00:46:59.724Z,4.6774,66.5154,231.736,0.287,0.0711,2.7885,59.1436,231.3095,0.2552,0.049,2.9795,60.5976,231.364,0.2618,0.0508
2015-01-08T00:47:59.873Z,5.9502,67.4245,232.0375,0.2905,0.09,2.6346,59.2545,231.4347,0.2557,0.044,3.1409,58.5295,231.4805,0.2533,0.0535
2015-01-08T00:48:59.338Z,5.7597,67.2629,232.1204,0.2898,0.0869,2.9053,58.5767,231.5944,0.253,0.0493,3.1201,58.6684,231.4957,0.2541,0.0553
2015-01-08T00:50:59.169Z,5.6071,67.3624,231.9219,0.2907,0.0841,2.4633,59.6208,230.7456,0.2583,0.0409,3.3182,60.4696,231.6422,0.2614,0.054
2015-01-08T00:51:59.452Z,5.8042,66.2508,231.3165,0.2863,0.088,2.4683,58.0101,228.0855,0.2539,0.0428,3.2474,60.3443,232.7937,0.2595,0.0536
2015-01-08T00:52:59.122Z,5.0864,66.9827,232.0863,0.2888,0.0759,2.0489,58.7621,231.8882,0.2532,0.0341,3.4217,59.238,231.3604,0.256,0.058
2015-01-08T00:53:59.754Z,4.6522,69.2572,232.4959,0.2976,0.0672,2.4859,61.7015,232.4827,0.2652,0.0393,2.9415,62.8899,231.1449,0.2725,0.047
2015-01-08T00:54:59.991Z,5.8338,68.8724,232.7319,0.2957,0.0862,2.564,63.3744,232.2238,0.2733,0.04,3.2266,63.0768,231.1881,0.2733,0.0516
2015-01-08T00:55:59.328Z,5.8622,70.3299,232.9638,0.3016,0.0842,2.4794,61.9336,232.2412,0.2664,0.041,3.171,62.2747,231.0046,0.2697,0.0508
2015-01-08T00:56:59.299Z,5.016,68.7782,232.8691,0.2952,0.0734,3.2165,62.8869,232.4725,0.2708,0.0503,3.2187,61.1263,230.9834,0.2647,0.0529
2015-01-08T00:58:59.125Z,4.7319,69.5712,232.9916,0.2984,0.0686,2.3327,61.6047,232.2507,0.2654,0.0384,3.2762,62.421,231.3786,0.2695,0.0525
2015-01-08T00:59:59.331Z,5.7145,67.2554,231.917,0.29,0.0855,2.3555,61.2408,231.3408,0.2649,0.0391,3.3108,61.8902,230.8058,0.2678,0.0562
2015-01-08T01:00:59.680Z,5.9795,67.0852,232.0342,0.2891,0.0911,2.2427,61.5899,231.1156,0.2663,0.0375,3.4126,60.3441,230.839,0.2618,0.0581
2015-01-08T01:01:59.112Z,4.4939,69.0227,231.1242,0.2983,0.0657,2.4849,64.6267,230.6687,0.2804,0.0364,3.3408,61.6198,231.195,0.2667,0.0544
2015-01-08T01:02:59.639Z,4.7912,68.6951,231.9824,0.2962,0.0698,2.8668,64.8828,231.9183,0.2798,0.0449,3.2462,61.6574,231.1253,0.2663,0.0535
2015-01-08T01:03:59.958Z,5.3859,69.0066,231.9729,0.2973,0.0796,2.6443,63.5156,232.1221,0.2734,0.0425,3.24,62.6411,231.5021,0.2707,0.0518
2015-01-08T01:04:59.908Z,5.3665,69.1182,231.0475,0.2991,0.08,2.7422,62.3513,232.0213,0.2691,0.0451,3.4025,62.2977,231.6615,0.2689,0.0553
2015-01-08T01:05:59.838Z,4.3926,67.7533,231.3309,0.293,0.0658,2.8237,61.4293,231.7714,0.2646,0.046,2.8177,62.1492,231.7688,0.268,0.0448
2015-01-08T01:06:59.197Z,4.9606,67.6375,231.3312,0.2921,0.0748,3.1282,61.6457,232.026,0.2654,0.0503,3.2064,63.0102,231.6255,0.2726,0.0493
2015-01-08T01:07:59.605Z,5.8512,69.9099,231.9153,0.3012,0.086,2.8872,63.0563,231.3492,0.273,0.0462,2.8565,63.2641,231.2515,0.2733,0.0463
2015-01-08T01:08:59.991Z,4.9881,69.7593,232.5593,0.3,0.0727,2.4966,61.506,231.4396,0.2657,0.0409,3.1049,63.2769,231.6503,0.2725,0.0495
2015-01-08T01:09:59.024Z,5.3017,67.774,231.8424,0.2923,0.0803,2.0239,61.7636,230.8433,0.2671,0.0312,2.9998,60.9047,230.8509,0.264,0.0509
2015-01-08T01:10:59.466Z,6.0979,69.3721,232.3565,0.2984,0.0881,2.8288,62.9951,228.3335,0.2756,0.0441,3.7703,63.4326,231.1812,0.2748,0.06
2015-01-08T01:11:59.942Z,5.2855,69.6933,231.751,0.3009,0.0762,2.6547,61.8628,228.3747,0.2707,0.0425,3.194,61.2916,230.488,0.2665,0.0524
2015-01-08T01:12:59.809Z,5.4431,68.347,232.0988,0.2948,0.0802,2.1959,62.5744,231.6812,0.2698,0.0366,3.4686,62.7548,231.4116,0.2708,0.0554
2015-01-08T01:13:59.472Z,5.183,68.0975,232.3785,0.2927,0.0812,2.9323,60.3988,231.9599,0.2601,0.0499,3.3158,60.0012,231.4701,0.2592,0.0582
2015-01-08T01:14:59.784Z,5.1985,69.3447,232.6743,0.2976,0.0753,2.8327,61.8908,232.078,0.2666,0.0453,2.9178,62.8695,231.5588,0.2711,0.0469
2015-01-08T01:16:59.706Z,5.1985,68.8926,233.134,0.2954,0.0751,2.5812,62.7009,232.3672,0.2696,0.0404,3.144,61.9914,231.3125,0.2681,0.0504
2015-01-08T01:17:59.064Z,5.4653,69.786,233.2998,0.2991,0.079,2.6663,59.713,232.5977,0.2572,0.045,3.5006,61.6047,231.2816,0.2661,0.057
2015-01-08T01:18:59.339Z,5.8792,70.1377,233.6951,0.2999,0.0847,2.3525,63.2504,232.1264,0.2726,0.0386,3.1108,61.9246,231.1084,0.2681,0.0504
2015-01-08T01:19:59.739Z,5.895,69.0837,233.2188,0.296,0.0871,2.6076,63.0388,231.5277,0.2722,0.0399,2.8353,61.5248,231.2083,0.2661,0.048
2015-01-08T01:20:59.585Z,5.1653,69.0228,233.0772,0.2967,0.0773,3.0469,63.8218,231.4319,0.276,0.048,2.9073,61.3666,231.347,0.2654,0.0467
2015-01-08T01:21:59.191Z,5.4984,70.1429,233.4558,0.3005,0.0793,2.3466,63.7511,230.4285,0.2763,0.0388,3.0414,61.0634,230.8188,0.2647,0.0525
2015-01-08T01:22:59.536Z,5.2422,69.3966,232.9833,0.2977,0.0778,2.2959,61.8232,231.8938,0.2668,0.0364,3.4057,62.68,231.823,0.2708,0.0533
2015-01-08T01:23:59.419Z,5.6567,69.3051,232.2674,0.2986,0.0827,2.411,61.5526,232.1287,0.2651,0.0392,3.0958,61.7895,231.7287,0.267,0.0537
2015-01-08T01:24:59.534Z,4.4373,68.0475,232.0414,0.2926,0.0669,2.4767,61.3176,231.8055,0.2649,0.038,3.5989,64.3386,231.954,0.2771,0.0577
2015-01-08T01:25:59.909Z,5.3908,68.1236,231.7619,0.2937,0.0815,2.6619,62.2445,231.8502,0.2686,0.0437,3.1391,63.1214,232.0222,0.2723,0.0498
2015-01-08T01:26:59.194Z,5.5003,69.672,231.8377,0.3003,0.0806,2.3902,63.0978,232.1386,0.2714,0.0389,2.9617,61.3698,231.9656,0.2648,0.0478
2015-01-08T01:27:59.827Z,5.7635,69.4083,232.137,0.2992,0.0851,3.1309,62.6282,232.319,0.2696,0.0511,3.1578,62.2105,231.8863,0.2688,0.0505
2015-01-08T01:28:59.373Z,4.8002,68.7057,232.3527,0.295,0.0717,2.1261,62.1856,232.3403,0.2674,0.0328,2.7314,62.0016,232.2556,0.2673,0.046
2015-01-08T01:29:59.659Z,5.5371,69.2398,232.1767,0.298,0.0808,2.2917,62.4016,231.923,0.2689,0.0371,3.1323,61.9659,231.6771,0.2672,0.0535
2015-01-08T01:30:59.088Z,5.4357,70.7117,232.363,0.3043,0.0784,2.6954,64.4739,231.7419,0.2787,0.0406,3.2709,63.5143,231.0456,0.275,0.0509
2015-01-08T01:31:59.706Z,5.6151,70.9625,233.4287,0.3036,0.0778,2.3034,64.1671,230.5352,0.2784,0.0366,2.7524,64.6292,230.6637,0.2797,0.0426
2015-01-08T01:32:59.833Z,5.435,70.2149,232.868,0.3011,0.0792,2.5711,63.729,232.6065,0.2745,0.0396,3.1515,64.9093,231.5746,0.28,0.0495
2015-01-08T01:33:59.590Z,5.765,70.9067,232.5347,0.3049,0.0821,3.0502,64.3027,232.8873,0.2753,0.0449,2.8853,63.6204,232.3161,0.2737,0.0452
2015-01-08T01:34:59.884Z,5.5544,69.9429,232.8067,0.2999,0.081,2.6092,64.8041,232.923,0.2779,0.0396,2.8925,65.4765,232.314,0.2824,0.0456
2015-01-08T01:35:59.101Z,5.0313,71.2099,232.5181,0.3062,0.0711,2.6339,64.3756,232.4739,0.2768,0.0422,3.3628,64.4211,232.1038,0.2776,0.0511
2015-01-08T01:36:59.759Z,5.1192,69.6577,232.6264,0.2998,0.0736,2.1536,62.6224,232.4635,0.2696,0.0339,3.6336,65.3558,232.0966,0.2816,0.0548
2015-01-08T01:37:59.054Z,4.4934,69.5321,232.3423,0.2992,0.0649,2.6039,64.3882,232.6971,0.2772,0.0417,2.8711,65.179,232.0876,0.2807,0.0448
2015-01-08T01:38:59.170Z,5.2464,69.466,232.0943,0.2989,0.0757,3.327,64.3946,232.6145,0.2765,0.052,2.8115,62.9169,231.7642,0.2709,0.0464
2015-01-08T01:39:59.476Z,5.7982,69.7469,232.0587,0.3008,0.0842,2.7621,62.9367,231.9264,0.2714,0.0432,2.9759,64.2942,231.4642,0.2777,0.0452
2015-01-08T01:40:59.770Z,4.735,69.829,231.3996,0.3015,0.0686,2.7682,64.5802,231.6629,0.2784,0.0428,2.9521,64.5298,231.619,0.2784,0.0455
2015-01-08T01:41:59.291Z,4.68,69.387,231.1961,0.3003,0.069,2.6149,64.9643,231.11,0.2813,0.0402,3.574,65.803,231.6756,0.2843,0.054
2015-01-08T01:42:59.194Z,5.2162,71.1637,232.1486,0.3069,0.0754,2.6075,64.742,232.0936,0.2788,0.0365,2.8764,63.5499,231.9691,0.274,0.046
2015-01-08T01:43:59.510Z,5.8695,70.6915,232.0327,0.3045,0.0843,2.3331,62.9173,232.4045,0.2709,0.0362,3.3501,64.594,232.0095,0.2786,0.0544
2015-01-08T01:44:59.484Z,5.4854,70.1481,231.754,0.3029,0.0797,2.8869,64.4624,231.9337,0.2781,0.0441,3.6221,64.9812,232.3399,0.28,0.0558
2015-01-08T01:45:59.406Z,4.6503,71.8625,232.0689,0.3092,0.0664,2.7737,64.7266,232.137,0.2786,0.0429,2.7437,62.7684,231.5635,0.2712,0.0447
2015-01-08T01:46:59.779Z,5.7833,71.4324,232.7527,0.3069,0.0814,2.2884,64.9463,232.5262,0.2793,0.0376,2.8229,64.0823,231.4855,0.2767,0.0431
2015-01-08T01:47:59.071Z,5.153,71.1287,233.0398,0.3048,0.0747,2.6888,64.2356,232.4101,0.2768,0.041,2.9234,64.4278,231.7317,0.2776,0.0458
2015-01-08T01:48:59.705Z,4.7915,70.2338,232.6016,0.302,0.0685,3.2113,64.9534,232.3909,0.2795,0.0479,2.8046,63.1071,232.0114,0.2714,0.045
2015-01-08T01:49:59.233Z,5.4077,69.5224,231.4734,0.3002,0.0791,2.369,64.0578,231.8531,0.2763,0.0361,3.5808,64.2132,231.6002,0.2772,0.0551
2015-01-08T01:50:59.471Z,5.2011,70.0986,230.7426,0.3044,0.0749,2.7373,65.1579,231.078,0.2821,0.0415,2.5664,64.4107,232.0455,0.2768,0.0396
2015-01-08T01:51:59.821Z,5.7233,70.7121,230.2995,0.3064,0.0816,2.8852,64.3313,230.5255,0.279,0.0449,3.0268,65.3239,232.4917,0.2811,0.0466
2015-01-08T01:52:59.269Z,4.6999,70.3511,232.46,0.3029,0.068,2.6982,65.3119,231.005,0.2826,0.0413,3.4423,63.7394,232.5224,0.2736,0.0534
2015-01-08T01:53:59.753Z,4.8272,70.3764,232.7846,0.302,0.0696,2.4878,65.1362,231.2175,0.2812,0.0386,3.7851,64.2314,231.9022,0.2774,0.0583
2015-01-08T01:54:59.908Z,4.6696,71.4967,232.7942,0.3064,0.0669,3.1369,63.2156,231.2424,0.2735,0.0515,3.3173,63.8037,231.9907,0.2753,0.0524
2015-01-08T01:55:59.543Z,5.2617,70.6432,233.1782,0.3033,0.0767,2.3834,64.9858,231.6014,0.2802,0.0361,36.1293,81.0203,231.9699,0.3494,0.3583
2015-01-08T01:56:59.342Z,4.5637,70.8016,233.0721,0.3041,0.0653,2.6631,65.1009,231.7432,0.2808,0.0413,82.6798,103.9567,231.7853,0.4484,0.7956
2015-01-08T01:57:59.789Z,4.1155,70.6354,232.9181,0.3029,0.0587,2.3516,65.4262,231.4373,0.2829,0.0355,81.956,104.7518,231.6068,0.4525,0.7836
2015-01-08T01:58:59.829Z,4.6426,70.7835,232.6351,0.3037,0.0649,2.5202,62.524,231.4509,0.2697,0.0421,82.0312,103.2295,231.4656,0.4457,0.7963
2015-01-08T01:59:59.212Z,5.7234,71.5324,232.6109,0.3073,0.0797,2.593,63.7539,231.196,0.2757,0.04,81.2909,103.1328,231.0138,0.4463,0.7892
