2015-02-22T00:00:59.625Z,3.7127,70.1461,233.002,0.3011,0.0529,2.6838,65.6232,231.5907,0.2835,0.042,81.9761,104.2836,231.5792,0.4505,0.7873
2015-02-22T00:01:59.084Z,3.2682,69.7263,233.1721,0.2988,0.0491,3.6854,64.9381,232.6441,0.2789,0.0591,81.4257,103.4579,231.6699,0.4467,0.7897
2015-02-22T00:02:59.746Z,3.2753,73.1433,233.6333,0.3125,0.0458,3.7717,65.8778,233.2679,0.2827,0.0563,82.107,105.1743,232.2478,0.4528,0.7827
2015-02-22T00:03:59.270Z,2.3657,72.7756,234.3698,0.3103,0.0331,3.4717,67.3161,233.3096,0.2888,0.05,81.6841,105.4923,232.6232,0.4533,0.7769
2015-02-22T00:04:59.864Z,2.909,74.9488,234.6328,0.319,0.0399,2.9834,66.7246,233.3514,0.2861,0.0452,83.2062,105.9472,233.878,0.4532,0.7857
2015-02-22T00:05:59.833Z,3.7774,73.8275,233.6393,0.3162,0.0521,2.7002,67.4182,232.1671,0.2901,0.0395,82.7612,105.8664,233.2785,0.4541,0.7826
2015-02-22T00:06:59.185Z,3.4353,73.0785,233.1237,0.3137,0.0471,2.5602,67.0545,231.712,0.2893,0.039,82.9424,106.5793,232.9825,0.4573,0.7789
2015-02-22T00:07:59.657Z,3.2859,73.689,232.7061,0.3164,0.0435,2.3399,66.8491,231.7693,0.2884,0.036,83.018,106.2643,232.7286,0.4567,0.7817
2015-02-22T00:08:59.207Z,3.4088,72.982,234.1772,0.3119,0.0473,3.1288,65.405,230.5473,0.2841,0.0484,84.1608,107.9731,234.9964,0.4598,0.7804
2015-02-22T00:09:59.538Z,3.9455,74.9595,233.9249,0.3202,0.052,2.9724,67.8543,233.117,0.2908,0.0448,83.8807,107.7404,234.4036,0.4601,0.7798
2015-02-22T00:10:59.903Z,3.4366,73.3968,233.6952,0.3148,0.0467,2.9609,66.5131,233.6164,0.2847,0.0444,83.4559,107.1675,233.9895,0.4577,0.7802
2015-02-22T00:11:59.745Z,4.0119,73.8666,233.9066,0.3159,0.053,3.3022,66.6584,233.9421,0.2846,0.05,83.6624,106.6096,234.2719,0.4551,0.7859
2015-02-22T00:12:59.339Z,3.2078,73.5083,233.2983,0.3153,0.0437,2.996,64.2738,233.5317,0.275,0.0534,84.1338,106.512,234.0404,0.4546,0.7912
2015-02-22T00:13:59.039Z,3.0147,72.481,232.4521,0.3112,0.042,3.1751,66.9376,233.7132,0.2865,0.0492,82.9664,106.6078,233.6222,0.456,0.7801
2015-02-22T00:14:59.316Z,2.9712,72.9814,233.2752,0.3127,0.0415,3.5316,67.6904,234.3798,0.2889,0.053,83.7409,106.2777,234.4471,0.4538,0.7897
2015-02-22T00:15:59.253Z,3.273,71.1722,232.093,0.3064,0.0462,3.1774,65.3065,233.0349,0.2805,0.0484,82.9664,106.3092,233.2541,0.4554,0.7821
2015-02-22T00:16:59.561Z,3.2586,71.2822,231.7712,0.3077,0.0454,3.0234,63.7027,232.2934,0.2745,0.0515,82.5618,106.3763,232.8331,0.4567,0.7785
2015-02-22T00:17:59.787Z,2.7249,71.9753,232.2099,0.3098,0.0373,3.3698,65.4783,232.5739,0.2814,0.0518,81.9954,105.3588,232.0605,0.4538,0.7807
2015-02-22T00:18:59.776Z,3.2954,72.7491,233.505,0.3117,0.0486,3.2882,65.9727,233.4259,0.2827,0.0479,83.3237,105.5883,233.7214,0.4516,0.7909
2015-02-22T00:19:59.540Z,4.3295,72.8526,234.4758,0.3112,0.0601,2.879,64.982,231.1899,0.281,0.0455,84.9626,108.7433,234.8473,0.463,0.7827
2015-02-22T00:20:59.339Z,3.8411,74.3654,234.0076,0.3174,0.0521,3.0578,63.5076,232.9126,0.2729,0.0477,83.6742,106.7833,234.214,0.4564,0.7862
2015-02-22T00:21:59.703Z,3.0766,73.1586,233.8198,0.3131,0.0433,2.851,68.9248,234.2736,0.2948,0.0421,83.4948,107.4282,233.6266,0.4596,0.7789
2015-02-22T00:22:59.219Z,2.6513,74.1439,234.0784,0.3164,0.0357,2.7593,65.7622,234.335,0.2809,0.0422,83.3387,106.6206,233.6227,0.4567,0.7829
2015-02-22T00:23:59.617Z,3.5634,73.5641,234.6298,0.3138,0.0475,2.794,67.5214,234.3607,0.2878,0.0423,83.0603,105.9189,233.6212,0.4532,0.7853
2015-02-22T00:24:59.967Z,3.6724,73.726,234.8013,0.3135,0.0496,3.1192,67.5947,234.3447,0.2877,0.046,82.8808,105.8441,233.3375,0.4537,0.7842
2015-02-22T00:25:59.293Z,2.8683,72.4722,234.3667,0.3089,0.0399,3.2637,66.193,233.6899,0.2831,0.0519,82.4334,106.2133,232.4702,0.4569,0.778
2015-02-22T00:26:59.879Z,3.1064,72.827,234.3533,0.3107,0.0429,3.1883,67.8708,233.842,0.2909,0.0492,82.9052,105.6563,233.0997,0.4535,0.7867
2015-02-22T00:27:59.249Z,3.6174,73.2231,235.0714,0.3114,0.0506,2.9936,66.5989,233.2941,0.2857,0.0473,82.736,104.3016,232.9056,0.4476,0.7948
2015-02-22T00:28:59.778Z,3.0866,73.3377,234.9623,0.3124,0.0429,3.0279,67.1454,234.6623,0.2865,0.0459,83.4097,106.7741,233.976,0.4564,0.7829
2015-02-22T00:29:59.784Z,3.3829,72.3602,234.0577,0.3092,0.048,2.8971,65.9331,233.7618,0.2818,0.0445,83.4129,105.7497,233.831,0.4521,0.7902
2015-02-22T00:30:59.475Z,3.4629,72.7226,234.4037,0.3104,0.048,3.1184,68.5403,234.2634,0.2924,0.0451,83.006,106.7642,233.884,0.4564,0.779
2015-02-22T00:31:59.343Z,2.9387,73.4239,234.7083,0.3128,0.0414,3.0872,64.3908,234.3882,0.2749,0.0492,83.5871,107.2457,234.4723,0.4578,0.781
2015-02-22T00:32:59.680Z,3.9329,74.3728,234.6079,0.3172,0.0527,3.3896,66.0592,234.1709,0.2816,0.051,83.8486,107.8041,233.7782,0.461,0.7783
2015-02-22T00:33:59.812Z,3.4068,73.0063,233.2249,0.3131,0.0471,2.826,66.834,232.7621,0.2874,0.0426,81.7422,105.3001,232.003,0.454,0.7764
2015-02-22T00:34:59.474Z,3.0534,73.1356,232.0392,0.3153,0.0423,3.4055,66.2153,232.3748,0.2851,0.0522,82.2777,106.1148,231.8084,0.4577,0.7765
2015-02-22T00:35:59.688Z,3.0977,72.7547,231.7933,0.3136,0.0435,2.7621,66.4096,228.4726,0.2904,0.0411,82.7442,106.8263,232.7544,0.4595,0.7764
2015-02-22T00:36:59.672Z,2.6589,73.0484,231.7293,0.3148,0.0366,2.4499,66.3134,230.227,0.2882,0.0378,81.6387,105.4543,232.0891,0.4544,0.7752
2015-02-22T00:37:59.889Z,3.6607,72.5665,231.6659,0.313,0.051,3.0627,65.7851,230.1155,0.286,0.046,81.6201,105.0385,231.4686,0.454,0.778
2015-02-22T00:38:59.459Z,3.5045,72.7334,231.726,0.3137,0.0473,2.4151,66.8925,231.5451,0.2886,0.0357,82.0589,105.1554,232.0646,0.453,0.781
2015-02-22T00:39:59.803Z,3.0253,74.238,231.1212,0.3211,0.0413,3.1867,66.4781,231.3448,0.2873,0.0484,81.7358,104.9426,231.8723,0.4529,0.7796
2015-02-22T00:40:59.536Z,3.0034,73.0086,231.1156,0.3159,0.0407,2.9554,67.1064,230.849,0.2908,0.0434,81.1096,105.1784,231.5392,0.4542,0.7731
2015-02-22T00:41:59.960Z,3.1625,72.8226,230.9265,0.3151,0.0419,2.7057,65.8329,231.0259,0.2851,0.0442,82.3159,105.6781,231.8805,0.4558,0.7809
2015-02-22T00:42:59.430Z,3.4422,71.2426,230.0181,0.3092,0.0494,3.0181,64.1911,231.2559,0.2778,0.0472,81.6596,105.4436,231.8952,0.4549,0.7752
2015-02-22T00:43:59.772Z,2.6572,72.537,229.6677,0.3155,0.0365,2.7287,68.2105,231.0533,0.2955,0.0408,81.6509,105.0666,231.5748,0.4537,0.7777
2015-02-22T00:44:59.120Z,3.4129,72.3976,229.7019,0.3149,0.0477,3.3349,67.5514,230.9607,0.2927,0.05,81.647,105.3033,231.6577,0.4549,0.7764
2015-02-22T00:45:59.078Z,3.0368,73.3491,231.0081,0.3168,0.0411,2.7744,66.9639,229.2843,0.2923,0.0419,81.3474,104.2534,231.4392,0.4508,0.7816
2015-02-22T00:46:59.301Z,3.6372,72.4005,230.9646,0.3133,0.051,2.3755,64.0805,226.468,0.2826,0.0382,82.2225,106.1215,231.9703,0.4572,0.7761
2015-02-22T00:47:59.007Z,2.7316,71.4058,230.1834,0.3109,0.039,3.4947,66.2617,228.9443,0.2889,0.0533,81.8897,105.9352,232.0853,0.4562,0.7747
2015-02-22T00:48:59.623Z,2.9928,73.3712,232.2745,0.3161,0.0392,2.9089,66.6465,230.6249,0.289,0.0432,81.958,105.3893,232.2299,0.4541,0.7783
2015-02-22T00:49:59.967Z,3.0734,72.2026,232.5285,0.3102,0.0426,3.0408,67.1788,231.1397,0.2905,0.0452,82.2682,105.8648,231.8171,0.4568,0.7779
2015-02-22T00:50:59.363Z,4.0051,73.0658,231.8463,0.3147,0.0552,3.1431,65.1367,230.9294,0.2819,0.0502,82.3032,104.5304,232.1158,0.4503,0.7886
2015-02-22T00:51:59.802Z,3.6934,72.9653,231.4942,0.3152,0.0498,2.8857,63.4975,230.7586,0.2752,0.0482,81.5199,103.1666,231.9571,0.4449,0.791
2015-02-22T00:52:59.920Z,3.3068,72.4162,231.3379,0.313,0.0466,2.7176,65.7477,231.1616,0.2842,0.043,82.2043,105.7611,232.1321,0.4557,0.7777
2015-02-22T00:53:59.314Z,2.7666,73.8483,231.3826,0.3193,0.0382,3.4567,67.2358,231.5586,0.2908,0.0528,82.6154,106.0658,232.7369,0.4559,0.7799
2015-02-22T00:54:59.703Z,3.5052,72.6652,231.4573,0.3137,0.0487,3.0899,66.7321,231.7134,0.2878,0.0477,82.6292,106.9291,232.7628,0.4595,0.7736
2015-02-22T00:55:59.181Z,3.0998,73.6184,231.4057,0.318,0.0433,3.1728,66.2223,231.8908,0.2858,0.0496,82.1727,104.069,232.5444,0.4471,0.7906
2015-02-22T00:56:59.636Z,2.7174,73.2252,231.2691,0.3167,0.0374,2.7635,65.2835,231.3635,0.282,0.0455,81.4762,104.2936,231.7068,0.4497,0.7825
2015-02-22T00:57:59.927Z,3.097,72.6574,230.4234,0.3147,0.0432,3.6522,68.2125,230.5942,0.2956,0.056,81.7418,105.0337,232.1149,0.4529,0.7792
2015-02-22T00:58:59.560Z,3.2454,72.8866,231.6156,0.3148,0.0436,3.196,66.7603,231.5874,0.2882,0.0498,82.4117,105.4783,232.7047,0.4532,0.7821
2015-02-22T00:59:59.369Z,3.673,73.5836,232.4202,0.3155,0.0496,3.2285,66.1179,231.8045,0.2854,0.049,82.7953,106.4158,232.8848,0.4569,0.7786
2015-02-22T01:00:59.455Z,3.0747,70.5231,231.7246,0.304,0.0442,2.7057,67.4926,231.3259,0.2923,0.041,82.2621,104.8132,232.5597,0.4513,0.7865
2015-02-22T01:01:59.100Z,3.0313,71.8079,231.3456,0.3107,0.0438,3.0822,65.8934,231.6402,0.2843,0.049,81.4959,104.776,232.112,0.4521,0.78
2015-02-22T01:02:59.688Z,2.5676,73.1399,231.3177,0.3157,0.0359,2.9439,66.8068,231.639,0.2883,0.0439,81.3721,105.2551,231.9048,0.4536,0.7746
2015-02-22T01:03:59.159Z,3.2329,71.8851,230.8423,0.3117,0.0443,3.0811,66.7498,231.4526,0.2883,0.0464,82.0099,105.9891,231.7561,0.457,0.7751
2015-02-22T01:04:59.600Z,2.314,72.7412,230.9563,0.3151,0.0324,3.5927,67.0468,231.367,0.2896,0.0534,81.9501,105.3446,231.6638,0.4547,0.779
2015-02-22T01:05:59.864Z,2.5907,72.7409,231.1787,0.3138,0.0366,3.6637,65.2404,228.4549,0.2859,0.0567,82.1369,106.1562,232.2378,0.4574,0.7748
2015-02-22T01:06:59.442Z,3.2614,72.5306,230.0261,0.3152,0.0453,3.2439,66.4248,229.3853,0.29,0.0478,81.1026,104.6264,230.5374,0.4536,0.7758
2015-02-22T01:07:59.154Z,3.8727,73.5984,229.9736,0.3198,0.053,2.8835,68.2477,230.114,0.296,0.0413,79.8288,102.5162,229.6043,0.4466,0.7789
2015-02-22T01:08:59.706Z,3.6179,72.9393,230.6026,0.3158,0.0493,3.3138,66.2332,230.6675,0.2869,0.0514,81.1156,104.7781,230.8248,0.4542,0.7756
2015-02-22T01:09:59.992Z,2.8877,72.1447,230.85,0.3123,0.0405,2.9223,66.5314,230.833,0.2885,0.043,81.5917,104.6189,231.2126,0.4524,0.7808
2015-02-22T01:10:59.438Z,3.459,74.2357,231.5412,0.3211,0.0463,3.14,66.4296,230.5981,0.2874,0.047,81.6459,105.8851,231.576,0.4572,0.772
2015-02-22T01:11:59.110Z,2.9034,72.5182,232.2468,0.3121,0.0391,3.0339,66.8899,231.6309,0.289,0.0452,81.8839,105.092,231.936,0.4529,0.7809
2015-02-22T01:12:59.890Z,3.4625,72.8727,232.003,0.314,0.0471,3.5392,67.9268,231.2141,0.2933,0.0533,81.4943,105.6233,231.7437,0.4557,0.7726
2015-02-22T01:13:59.809Z,3.1192,72.2518,231.6579,0.3114,0.0431,3.3834,67.2862,230.6155,0.2918,0.0532,81.37,104.1327,231.3266,0.4499,0.7823
2015-02-22T01:14:59.430Z,3.2606,73.9814,231.9354,0.3188,0.0443,3.0434,65.0026,230.7207,0.2811,0.0463,81.8346,105.3112,231.7881,0.4544,0.7779
2015-02-22T01:15:59.739Z,3.032,72.0199,231.2259,0.3109,0.0423,3.0761,65.2014,230.5496,0.2825,0.0458,81.2488,104.3196,230.821,0.4523,0.7803
2015-02-22T01:16:59.621Z,3.6121,73.633,230.8767,0.3189,0.0474,3.4396,65.0513,230.7817,0.2818,0.0571,81.3244,103.2996,231.1576,0.4463,0.7886
2015-02-22T01:17:59.071Z,3.6379,72.1752,230.9624,0.3121,0.0509,3.2206,66.6742,231.6893,0.2878,0.0498,81.0868,104.8052,230.5517,0.4549,0.7746
2015-02-22T01:18:59.339Z,3.1301,71.4063,231.1875,0.309,0.0434,3.3789,68.5795,232.012,0.2957,0.0482,81.1973,103.8401,231.0298,0.4496,0.7826
2015-02-22T01:19:59.090Z,3.1338,74.1729,231.8722,0.3194,0.0432,3.1708,68.1662,232.6438,0.2927,0.047,82.0871,106.1986,232.1729,0.4576,0.7746
2015-02-22T01:20:59.378Z,3.2571,74.4695,233.7891,0.3182,0.0441,2.7109,68.4209,233.0512,0.2939,0.0377,81.0445,104.9879,230.2838,0.4561,0.7735
2015-02-22T01:21:59.886Z,4.0878,73.0487,233.9588,0.3122,0.057,3.1575,67.1536,232.9207,0.288,0.0482,81.7432,104.7896,231.4256,0.4525,0.7805
2015-02-22T01:22:59.373Z,3.4876,74.5531,233.5668,0.3192,0.047,3.0971,66.7278,232.6345,0.287,0.0459,82.2311,105.1712,232.3064,0.4526,0.7827
2015-02-22T01:23:59.287Z,3.1769,73.9774,233.4468,0.3168,0.0442,3.1181,66.5886,231.8972,0.2872,0.0449,82.5466,105.6178,231.9727,0.455,0.7827
2015-02-22T01:24:59.640Z,3.0241,73.3488,233.3363,0.314,0.0408,2.8536,67.4145,232.2433,0.2903,0.0425,81.4339,104.4968,232.0579,0.4498,0.7804
2015-02-22T01:25:59.059Z,3.0352,74.5841,232.7166,0.3207,0.041,2.966,67.6289,230.4526,0.2936,0.0449,80.6484,104.6207,230.1072,0.4542,0.7707
2015-02-22T01:26:59.902Z,3.3417,72.5937,232.5261,0.3123,0.0464,2.8022,66.54,229.5104,0.2896,0.0467,81.1461,103.7878,230.4902,0.4498,0.7839
2015-02-22T01:27:59.224Z,3.2799,74.2289,232.5729,0.319,0.0448,3.101,65.1991,229.5253,0.2843,0.047,81.057,104.8913,230.8157,0.4543,0.774
2015-02-22T01:28:59.791Z,2.931,73.4659,232.2857,0.3164,0.041,3.0323,66.4102,230.7213,0.2879,0.0454,81.8309,105.6415,231.2915,0.4575,0.7758
2015-02-22T01:29:59.474Z,3.33,73.002,232.3239,0.3144,0.0466,2.8477,67.6583,231.6528,0.2928,0.0419,81.6948,105.7779,232.1994,0.4557,0.7734
2015-02-22T01:30:59.143Z,3.0099,72.6968,232.0909,0.3133,0.0421,2.8378,65.859,231.4705,0.2843,0.0457,81.7074,104.9888,231.9979,0.4527,0.7809
2015-02-22T01:31:59.262Z,4.1208,73.7825,232.4629,0.317,0.0557,3.0779,65.2191,231.3009,0.2814,0.0477,82.0123,105.1395,232.2875,0.4526,0.7809
2015-02-22T01:32:59.684Z,2.9065,73.4326,232.8953,0.3151,0.0404,3.181,67.233,231.7205,0.2901,0.0474,82.1686,105.353,232.7791,0.4524,0.7812
2015-02-22T01:33:59.938Z,3.2193,73.5786,232.2059,0.3163,0.0435,3.1301,66.1307,230.6302,0.2863,0.0474,81.8538,105.3241,232.0295,0.4538,0.7776
2015-02-22T01:34:59.781Z,3.318,73.2122,232.5073,0.3149,0.0454,3.0744,68.2965,231.0803,0.2959,0.0437,82.0592,104.717,232.0469,0.4509,0.784
2015-02-22T01:35:59.345Z,3.7042,73.6751,232.0589,0.3172,0.051,3.354,66.4092,230.3399,0.2883,0.0508,81.8294,106.1383,231.9267,0.4577,0.772
2015-02-22T01:36:59.895Z,3.0576,72.7918,231.6912,0.3141,0.0415,2.6529,65.8664,229.9391,0.2868,0.0393,82.1304,105.6578,232.0223,0.4557,0.7784
2015-02-22T01:37:59.243Z,2.4327,72.1856,231.5257,0.3116,0.0343,3.5649,66.5006,228.6982,0.291,0.0538,80.5847,104.1011,230.6638,0.451,0.7753
2015-02-22T01:38:59.984Z,2.9425,72.5921,231.1105,0.3141,0.0407,3.5751,66.0272,229.0464,0.2879,0.0543,81.0295,104.3075,230.8038,0.4521,0.7789
2015-02-22T01:39:59.671Z,3.3897,73.3946,231.7547,0.3168,0.0469,3.4387,66.9884,230.1493,0.2911,0.0511,81.0224,104.6258,231.2416,0.4521,0.7753
2015-02-22T01:40:59.531Z,3.6549,73.713,232.292,0.3175,0.0497,2.8866,65.4784,230.4514,0.2842,0.0435,81.7779,105.3511,231.7213,0.4549,0.7764
2015-02-22T01:41:59.905Z,2.9079,73.469,232.3587,0.3164,0.0395,3.1692,66.5944,231.4221,0.2874,0.0481,82.2531,105.2073,232.3626,0.4529,0.784
2015-02-22T01:42:59.239Z,3.0542,73.4897,233.2047,0.3149,0.0424,2.8259,67.0088,232.0033,0.2888,0.0422,82.2428,106.013,232.8358,0.4551,0.7759
2015-02-22T01:43:59.792Z,3.5584,72.614,232.8591,0.312,0.0483,3.2797,67.3692,232.1811,0.2904,0.0507,81.6359,104.4758,232.3123,0.4491,0.7833
2015-02-22T01:44:59.459Z,3.5438,73.4789,232.5453,0.3164,0.048,3.2705,65.2427,231.6486,0.2818,0.0499,81.7338,104.5805,231.8301,0.4515,0.7825
2015-02-22T01:45:59.206Z,3.5297,72.1126,232.4992,0.31,0.0488,3.4334,66.533,231.2791,0.2874,0.0532,81.363,104.271,231.3058,0.4502,0.7823
2015-02-22T01:46:59.739Z,3.1186,71.9878,231.9457,0.3099,0.0438,3.3303,67.7661,231.3028,0.2924,0.0495,81.4955,104.5384,231.7973,0.4508,0.7801
2015-02-22T01:47:59.066Z,2.7892,72.3609,231.3688,0.313,0.0381,3.5218,66.7886,230.6628,0.2893,0.052,81.7927,105.8612,232.2696,0.4557,0.7738
2015-02-22T01:48:59.572Z,3.0635,73.5551,231.857,0.3169,0.0408,3.5068,66.8826,231.7816,0.2886,0.054,81.8376,106.2642,232.4032,0.4575,0.7719
2015-02-22T01:49:59.945Z,4.1279,73.1798,232.2648,0.315,0.0572,2.7971,66.0015,232.4645,0.2839,0.0411,82.5373,105.039,232.3423,0.452,0.7861
2015-02-22T01:50:59.319Z,3.7598,74.1426,232.4388,0.3189,0.0508,2.8974,67.9232,232.4168,0.292,0.0429,82.1331,106.3259,232.3201,0.4576,0.7731
2015-02-22T01:51:59.050Z,3.9431,72.107,231.9763,0.3109,0.0541,2.8018,66.6584,232.1322,0.2871,0.0449,81.4721,104.4619,232.0307,0.4497,0.7812
2015-02-22T01:52:59.347Z,5.4195,73.0085,232.0393,0.3147,0.0745,2.5723,65.7086,229.4505,0.2865,0.0395,81.8809,104.6576,232.1579,0.4504,0.7826
2015-02-22T01:53:59.231Z,5.2524,72.3211,232.5468,0.3108,0.0736,1.9854,64.9888,229.5347,0.2835,0.0321,82.3641,106.4123,232.4873,0.458,0.7759
2015-02-22T01:54:59.471Z,4.8243,74.1671,232.1426,0.3198,0.0657,2.8779,68.1119,232.3743,0.2931,0.04,81.6892,104.3623,231.7319,0.4501,0.7835
2015-02-22T01:55:59.640Z,5.1576,72.9858,231.916,0.3151,0.0729,2.8559,66.7936,231.8175,0.2885,0.0432,81.3973,104.384,231.0507,0.4522,0.7807
2015-02-22T01:56:59.341Z,5.6178,72.4132,231.7008,0.3126,0.0777,2.7195,66.1684,231.2143,0.2867,0.0412,81.169,104.2589,230.6775,0.4519,0.7799
2015-02-22T01:57:59.576Z,5.4229,72.2144,230.4148,0.3129,0.0748,2.8044,67.1826,230.4695,0.292,0.0408,81.0714,103.9827,230.9365,0.4498,0.7809
2015-02-22T01:58:59.027Z,4.5051,72.4726,232.0634,0.312,0.0628,2.5613,65.6483,231.647,0.2829,0.0399,81.9377,105.969,231.6659,0.4576,0.7749
2015-02-22T01:59:59.907Z,4.2974,73.3689,232.9865,0.3145,0.0598,2.9397,65.6813,232.0762,0.2828,0.0468,81.4182,104.3459,231.646,0.4509,0.7823
2015-02-22T02:00:59.102Z,5.4132,71.8864,232.234,0.3091,0.0753,2.2943,65.6138,231.2404,0.2834,0.0359,81.1371,103.9282,231.0941,0.4496,0.7819
2015-02-22T02:01:59.376Z,5.5692,73.9997,231.6973,0.3197,0.0759,2.8874,66.4789,231.3451,0.2869,0.0446,81.2881,105.8756,231.1518,0.4585,0.769
2015-02-22T02:02:59.999Z,5.1793,74.6347,231.4086,0.3224,0.0691,2.1673,66.7477,230.8772,0.2891,0.032,80.7941,104.7808,230.9411,0.4542,0.7714
2015-02-22T02:03:59.521Z,4.2544,71.8023,230.6748,0.3111,0.0593,2.865,67.7271,231.24,0.2927,0.0432,80.791,104.7671,231.0156,0.4532,0.7717
2015-02-22T02:04:59.744Z,4.7776,71.4612,230.0945,0.311,0.0658,2.2386,65.4903,230.5596,0.2842,0.0354,80.7376,104.6002,230.3759,0.454,0.7723
2015-02-22T02:05:59.940Z,5.0232,71.3265,229.3985,0.3111,0.0714,2.6342,64.7004,229.7185,0.2815,0.0398,79.8774,103.3871,230.0442,0.4496,0.7741
2015-02-22T02:06:59.452Z,5.2111,73.1664,230.652,0.3176,0.0721,3.1769,65.9906,229.564,0.2876,0.0492,80.3428,103.3042,230.0453,0.4486,0.7786
2015-02-22T02:07:59.625Z,5.6269,73.3112,230.6288,0.318,0.0766,3.038,67.5752,230.3732,0.2938,0.0442,80.4479,103.6935,229.5891,0.4519,0.7768
2015-02-22T02:08:59.916Z,5.0668,72.497,231.5088,0.3127,0.0714,2.7177,65.8018,228.8755,0.2864,0.0399,80.4121,104.2892,230.4878,0.453,0.7719
2015-02-22T02:09:59.250Z,5.5598,75.0117,232.3613,0.3231,0.0744,2.3396,65.9069,228.0833,0.2889,0.0379,82.0109,105.1469,231.6511,0.4541,0.7797
2015-02-22T02:10:59.783Z,5.4792,74.4151,232.354,0.32,0.075,2.6716,66.6683,230.8573,0.2889,0.0411,80.8679,105.2826,230.9256,0.4559,0.7686
2015-02-22T02:11:59.215Z,4.8325,72.3693,232.3121,0.3116,0.0668,2.5992,67.7324,231.1384,0.2934,0.0385,81.6864,104.4921,231.2451,0.4514,0.7818
2015-02-22T02:12:59.166Z,4.7935,72.7276,232.6914,0.3121,0.0668,2.5986,67.007,231.6401,0.2892,0.0396,82.2259,106.001,232.3179,0.4559,0.777
2015-02-22T02:13:59.663Z,5.2075,73.6371,232.4267,0.317,0.0711,2.0759,67.9441,231.7915,0.293,0.0302,81.8062,105.593,231.6667,0.4558,0.7756
2015-02-22T02:14:59.983Z,5.1376,73.8333,231.7457,0.3184,0.0702,2.673,66.9775,230.9382,0.2897,0.0397,81.2967,105.3914,231.0959,0.4558,0.7725
2015-02-22T02:15:59.601Z,5.6208,73.4003,231.2034,0.3178,0.0769,2.4682,64.6653,230.3158,0.2806,0.0392,80.9679,103.3378,230.3013,0.4489,0.7841
2015-02-22T02:16:59.102Z,4.7068,72.4823,230.9791,0.3143,0.0659,2.0542,66.5782,229.903,0.29,0.0313,80.6554,103.5672,230.2678,0.4494,0.7801
2015-02-22T02:17:59.750Z,5.1716,73.5901,231.1138,0.3188,0.0698,2.3486,66.1865,230.2446,0.2878,0.0354,80.0234,104.1198,229.5078,0.453,0.7697
2015-02-22T02:18:59.084Z,5.3016,73.5972,230.9196,0.3186,0.0726,2.1723,67.0066,230.3209,0.2906,0.0318,80.0806,104.0186,229.037,0.4543,0.7709
2015-02-22T02:19:59.332Z,4.9336,71.6499,231.732,0.3089,0.0691,2.7543,65.6514,230.6355,0.2847,0.0423,80.5978,103.2774,230.5521,0.4479,0.7819
2015-02-22T02:20:59.675Z,5.0297,73.0453,231.6475,0.3155,0.0697,2.2888,65.5225,230.5907,0.2841,0.0352,81.2535,103.6829,231.1242,0.4486,0.7857
2015-02-22T02:21:59.050Z,4.8262,73.5046,231.1269,0.3179,0.0662,2.9353,66.4404,230.5324,0.2884,0.0468,81.023,105.5897,231.0091,0.457,0.7678
2015-02-22T02:22:59.806Z,5.3462,72.3125,231.1776,0.3124,0.0757,2.4818,66.2435,230.5293,0.2877,0.0376,81.5423,105.4463,231.1091,0.4559,0.7749
2015-02-22T02:23:59.265Z,4.4829,74.1357,230.9747,0.3207,0.0616,2.759,66.0686,229.9503,0.2874,0.041,80.9348,104.2462,230.8305,0.4515,0.7775
2015-02-22T02:24:59.706Z,4.458,74.3365,231.1145,0.3215,0.0607,2.5692,66.8789,230.408,0.2905,0.0403,81.1111,104.5551,231.2396,0.4521,0.7768
2015-02-22T02:25:59.561Z,5.3692,72.0348,231.4185,0.3112,0.0769,2.4341,66.5282,230.4159,0.289,0.0388,81.211,103.7143,231.0092,0.4489,0.7843
2015-02-22T02:26:59.161Z,5.3724,72.0513,231.3282,0.3113,0.076,2.5852,67.2026,230.0697,0.2914,0.0387,81.4802,104.7156,230.899,0.4539,0.7797
2015-02-22T02:27:59.649Z,5.7638,72.4673,232.0837,0.3121,0.0802,2.718,66.529,229.2387,0.2903,0.0416,80.8801,104.9548,230.5037,0.4551,0.7718
2015-02-22T02:28:59.006Z,4.8239,73.4957,232.7367,0.3153,0.0677,2.5963,66.1504,230.2678,0.2877,0.0404,81.3997,104.606,231.3392,0.4528,0.7788
2015-02-22T02:29:59.751Z,5.3422,73.8516,232.5761,0.3173,0.0737,2.425,64.9516,231.6133,0.2802,0.0367,81.6062,104.8175,232.1526,0.4517,0.7799
2015-02-22T02:31:59.250Z,5.4118,73.8791,232.2717,0.3181,0.0731,2.6018,66.0119,231.2596,0.2852,0.0399,81.9419,106.0415,231.815,0.4575,0.7736
2015-02-22T02:32:59.100Z,4.6989,74.6559,232.1948,0.322,0.0627,2.9185,67.1855,231.5291,0.29,0.0427,81.3255,104.4763,231.1876,0.4524,0.7792
2015-02-22T02:33:59.992Z,5.0564,72.859,232.3923,0.3135,0.0699,2.6788,66.5717,231.6778,0.2868,0.0382,81.1212,104.6423,231.2751,0.453,0.7759
2015-02-22T02:34:59.861Z,5.3714,71.8799,232.4351,0.3098,0.0745,2.7912,64.4753,231.8159,0.2782,0.0449,81.3824,103.8349,231.2701,0.4487,0.7853
2015-02-22T02:35:59.502Z,5.6658,74.3753,231.6514,0.3212,0.0762,2.7489,65.7276,230.8587,0.2843,0.0461,80.6114,103.5086,230.3618,0.4494,0.7801
2015-02-22T02:36:59.061Z,5.5721,73.5528,232.0523,0.3177,0.0769,2.816,65.3724,230.7282,0.2836,0.0429,80.8216,104.1963,230.9972,0.451,0.7773
2015-02-22T02:37:59.516Z,4.7697,73.3708,232.1022,0.3155,0.0663,2.828,65.9901,229.2439,0.288,0.0424,80.2661,103.9813,229.9865,0.4521,0.7727
2015-02-22T02:38:59.060Z,5.2368,74.0424,232.3838,0.319,0.0724,2.7632,66.9474,229.7862,0.2909,0.0417,80.9471,104.9166,230.5634,0.4548,0.7729
2015-02-22T02:39:59.400Z,5.2864,73.4219,232.7481,0.3154,0.0727,2.9321,66.8604,231.6204,0.2888,0.0433,82.2193,105.3296,232.0193,0.4541,0.7822
2015-02-22T02:40:59.811Z,5.0399,73.4947,232.9809,0.3155,0.0712,2.4005,67.2604,231.9387,0.2902,0.0354,81.7964,105.4167,232.0132,0.454,0.7768
2015-02-22T02:41:59.309Z,4.9768,73.7087,232.663,0.3168,0.067,2.6579,67.5247,231.2876,0.2921,0.0369,81.7491,104.0896,231.6042,0.4496,0.7862
2015-02-22T02:42:59.709Z,5.3302,74.0577,232.9621,0.3175,0.0732,2.5626,66.715,231.6192,0.2878,0.039,82.1605,105.611,232.1876,0.4547,0.7784
2015-02-22T02:43:59.536Z,5.6512,73.6313,233.187,0.3152,0.0779,2.5684,66.9123,232.4122,0.2878,0.0384,81.1087,104.7288,231.9308,0.451,0.7756
2015-02-22T02:44:59.228Z,4.9704,74.2537,232.7189,0.3191,0.0673,2.7499,67.8875,232.9963,0.2912,0.0422,82.3657,105.8956,232.0245,0.4564,0.7781
2015-02-22T02:45:59.489Z,4.2881,72.4319,232.0738,0.3121,0.0607,2.7848,66.371,232.5198,0.2853,0.0435,81.4085,105.4157,231.7121,0.4542,0.7738
2015-02-22T02:46:59.478Z,4.6714,72.2833,231.1024,0.3124,0.0643,3.1151,68.4965,231.7987,0.2957,0.0435,81.931,105.3892,231.4804,0.4553,0.7784
2015-02-22T02:47:59.227Z,5.5563,73.6285,230.686,0.3192,0.0752,2.438,65.7414,230.4311,0.2856,0.0376,81.8829,104.9082,231.6726,0.4529,0.7811
2015-02-22T02:48:59.696Z,5.5052,72.0133,231.3796,0.3108,0.0777,2.6699,66.8005,230.1012,0.2908,0.0381,82.2137,106.4321,232.2421,0.4581,0.7741
2015-02-22T02:49:59.893Z,5.207,73.4565,232.5659,0.3151,0.0711,2.7703,65.7612,228.6404,0.2878,0.0416,82.8473,105.2525,233.0312,0.4514,0.788
2015-02-22T02:50:59.435Z,4.7473,73.6931,232.1794,0.3174,0.0648,2.1742,64.7754,231.5639,0.2797,0.0343,82.038,104.8892,232.2962,0.4512,0.7831
2015-02-22T02:51:59.695Z,5.2933,72.8191,232.0856,0.3134,0.0736,2.149,66.281,231.1796,0.2865,0.032,82.3189,105.8616,232.1458,0.4557,0.7788
2015-02-22T02:52:59.069Z,5.0094,74.4699,231.8987,0.3208,0.0684,2.5406,66.255,230.667,0.2876,0.0394,82.029,105.1884,231.8586,0.4541,0.7811
2015-02-22T02:53:59.754Z,5.3049,73.4498,231.9497,0.3165,0.0728,2.3736,67.4115,231.0877,0.2916,0.0355,81.8135,104.9689,231.9404,0.4521,0.7807
2015-02-22T02:54:59.105Z,4.8278,73.3963,232.4114,0.3161,0.0663,2.8776,68.2438,231.4551,0.2944,0.0419,81.6704,104.269,231.8973,0.449,0.784
2015-02-22T02:55:59.836Z,5.4946,72.2309,232.2904,0.3114,0.0774,2.8307,65.305,230.9032,0.2827,0.0437,81.4621,105.0323,231.567,0.4536,0.7765
2015-02-22T02:56:59.041Z,5.4863,72.9956,231.8746,0.3151,0.0763,2.7619,65.3957,230.9259,0.2828,0.0434,81.9534,104.5081,231.7041,0.4512,0.7852
2015-02-22T02:57:59.683Z,4.9262,74.2568,231.3329,0.3209,0.0682,3.0172,67.1679,229.9933,0.2915,0.0463,82.009,105.3027,231.9491,0.4541,0.7793
2015-02-22T02:58:59.466Z,4.6793,72.2091,231.3906,0.3117,0.0653,2.474,65.3772,230.4196,0.284,0.0391,81.7597,106.0721,232.0542,0.4576,0.7719
2015-02-22T02:59:59.917Z,4.3997,73.6913,232.7555,0.3168,0.0596,2.5171,67.317,231.619,0.29,0.0372,81.7202,104.2798,231.6509,0.4501,0.7857
2015-02-22T03:00:59.245Z,6.0301,70.4069,232.2296,0.3031,0.0866,2.255,64.0762,230.7731,0.2772,0.034,81.4867,104.4321,230.7609,0.4526,0.7824
2015-02-22T03:01:59.498Z,5.0292,72.8548,232.1466,0.3143,0.0692,2.5455,67.2082,230.8682,0.2907,0.0373,81.4726,104.9484,231.1865,0.4544,0.7763
2015-02-22T03:02:59.766Z,5.2984,73.9728,232.4823,0.3184,0.0741,2.9924,67.611,230.8813,0.2927,0.0457,80.5965,103.356,231.2316,0.4472,0.7801
2015-02-22T03:03:59.166Z,4.9844,72.4371,232.1116,0.3126,0.0686,2.7658,66.545,230.0856,0.289,0.0438,81.1598,103.7502,231.0119,0.4488,0.7831
2015-02-22T03:04:59.389Z,5.0332,72.0574,231.9649,0.3102,0.0724,2.5638,64.4024,230.422,0.2791,0.0391,81.2269,104.1602,231.4268,0.4498,0.7825
2015-02-22T03:05:59.617Z,5.281,73.6416,231.0085,0.3192,0.0733,2.446,65.9381,229.374,0.2876,0.037,80.2544,104.1247,230.3955,0.4516,0.771
2015-02-22T03:06:59.277Z,5.0266,72.6331,230.7802,0.3143,0.0697,3.3714,66.4152,229.0452,0.2897,0.0487,80.6171,104.5378,230.1039,0.4542,0.7721
2015-02-22T03:07:59.052Z,4.7804,72.51,230.2173,0.3145,0.067,2.9948,67.5498,229.3482,0.2947,0.043,80.2795,103.5309,229.4048,0.4511,0.7762
2015-02-22T03:08:59.412Z,4.9473,73.6441,230.8408,0.319,0.0664,2.9196,65.8266,229.8657,0.2866,0.0446,80.4816,104.894,229.6853,0.4565,0.7688
2015-02-22T03:09:59.682Z,5.2697,73.4346,232.0379,0.3161,0.0742,2.0965,65.3358,231.0465,0.2826,0.0351,81.8886,104.7522,231.9554,0.4521,0.7829
2015-02-22T03:10:59.146Z,5.4007,73.1836,231.6733,0.3159,0.0744,2.3779,67.7366,231.0604,0.2931,0.0347,81.8431,103.7744,231.6593,0.4481,0.7898
2015-02-22T03:11:59.409Z,4.6259,73.5386,232.5284,0.3163,0.0626,2.6352,65.8569,231.5999,0.2847,0.0401,82.1391,106.3371,232.3268,0.457,0.7737
2015-02-22T03:12:59.352Z,5.4699,73.4104,232.4023,0.3162,0.0742,2.0605,66.439,231.9063,0.2868,0.0315,82.517,105.8713,232.4927,0.4557,0.7796
2015-02-22T03:13:59.378Z,5.2045,73.8642,232.5947,0.3178,0.0712,3.0857,66.4731,231.6432,0.2866,0.0485,82.0778,106.6965,232.3686,0.4586,0.7704
2015-02-22T03:14:59.494Z,5.4991,72.9515,232.4042,0.3135,0.0759,2.5792,66.2866,231.2253,0.2865,0.0386,82.1367,105.817,232.138,0.4555,0.7771
2015-02-22T03:15:59.226Z,4.5094,72.4329,231.862,0.312,0.0623,2.81,67.4174,230.4528,0.2923,0.0413,81.2173,104.3266,231.534,0.4506,0.779
2015-02-22T03:16:59.661Z,5.027,72.6176,231.7617,0.3134,0.0697,2.8464,64.4413,230.308,0.2799,0.0433,80.7163,104.1838,230.8988,0.4509,0.7759
2015-02-22T03:17:59.171Z,5.0037,72.6266,230.7959,0.3148,0.0691,2.5168,65.1907,230.7979,0.2826,0.0389,80.1947,104.0892,229.5343,0.4537,0.7714
2015-02-22T03:18:59.356Z,5.0035,73.5167,231.1724,0.3182,0.0697,3.2664,66.5587,230.4153,0.2889,0.0486,80.4087,103.2703,229.493,0.4505,0.7791
2015-02-22T03:19:59.210Z,4.6012,72.9436,231.6657,0.3151,0.0646,3.1924,68.0192,230.8002,0.2946,0.046,80.7366,103.7055,229.9845,0.4515,0.779
2015-02-22T03:20:59.533Z,5.2532,73.8414,231.6784,0.3185,0.0726,2.6064,66.8101,229.9315,0.2905,0.0392,81.329,104.3462,230.7243,0.4523,0.7799
2015-02-22T03:21:59.774Z,5.3731,73.4248,232.2888,0.3155,0.0747,1.8888,64.6569,228.0504,0.2834,0.0301,82.15,106.1316,231.8526,0.4576,0.7751
2015-02-22T03:22:59.500Z,5.3012,73.5296,231.7296,0.3177,0.0732,2.0816,66.4069,230.4188,0.2879,0.0316,81.3317,104.9647,230.9108,0.4546,0.7763
2015-02-22T03:23:59.822Z,4.6572,71.8066,230.9875,0.3107,0.0653,2.5807,66.2145,230.3504,0.2874,0.0401,80.7502,103.9449,230.0435,0.4517,0.778
2015-02-22T03:24:59.662Z,4.7273,71.591,231.6149,0.3086,0.0667,2.1212,64.5721,230.8271,0.2792,0.0348,80.7388,104.008,230.6734,0.451,0.7773
2015-02-22T03:25:59.173Z,5.2054,72.8709,231.5591,0.3143,0.0737,2.3263,66.1888,230.2014,0.2879,0.0346,80.7467,104.5424,230.8293,0.4531,0.7746
2015-02-22T03:26:59.841Z,4.8299,73.6347,231.525,0.3182,0.0667,2.1788,66.6361,230.0471,0.2895,0.0349,81.102,104.8229,230.5351,0.4548,0.7746
2015-02-22T03:27:59.622Z,4.9218,74.0919,232.4778,0.3184,0.0672,2.6908,66.8273,229.387,0.2916,0.0399,79.9583,103.5349,229.5432,0.4511,0.7729
2015-02-22T03:28:59.054Z,4.1937,72.6157,231.9269,0.3133,0.0587,2.444,67.0066,230.1741,0.2911,0.0371,80.2303,104.7211,229.6267,0.4563,0.7672
2015-02-22T03:29:59.679Z,4.9677,72.4586,232.4552,0.3121,0.0709,2.7559,66.4988,231.3798,0.2873,0.0399,81.2485,103.9688,230.6508,0.4507,0.7824
2015-02-22T03:30:59.381Z,5.2816,73.233,230.998,0.317,0.0727,2.3743,66.6243,231.3323,0.2885,0.0356,80.7751,105.3829,231.0826,0.4559,0.7686
2015-02-22T03:31:59.762Z,6.0053,74.356,231.0498,0.3213,0.0813,3.0288,66.1215,231.9874,0.2852,0.0462,81.8209,104.1649,231.5403,0.4497,0.7862
2015-02-22T03:32:59.586Z,4.9686,72.2398,230.9598,0.3127,0.0687,2.1603,67.2167,231.9326,0.2897,0.0323,81.2369,104.3777,231.329,0.451,0.7791
2015-02-22T03:33:59.925Z,4.5222,72.5136,231.6465,0.3132,0.0624,2.7471,66.4164,231.5699,0.2867,0.0425,81.1731,105.3257,231.3565,0.4547,0.7711
2015-02-22T03:34:59.976Z,4.6581,73.2942,232.1849,0.3155,0.0637,2.5714,67.2178,231.5695,0.2905,0.0379,81.9848,106.0938,231.9426,0.4568,0.7744
2015-02-22T03:35:59.439Z,5.4976,73.913,232.1886,0.3182,0.0767,2.331,65.9717,231.444,0.2851,0.035,81.8724,106.1536,231.8592,0.4577,0.7721
2015-02-22T03:36:59.936Z,5.3914,74.4209,232.1999,0.3205,0.0741,2.3001,66.672,230.6613,0.2892,0.0346,81.4684,105.0764,231.7293,0.4532,0.7768
2015-02-22T03:37:59.657Z,4.8959,73.5289,232.8613,0.3154,0.0662,2.4258,66.9062,230.5183,0.29,0.0366,81.5156,103.7576,231.2944,0.4488,0.7866
2015-02-22T03:38:59.912Z,5.112,73.2789,232.9949,0.3146,0.0713,2.2416,66.9261,232.6836,0.2876,0.034,82.9639,106.2623,233.2186,0.4553,0.7817
2015-02-22T03:39:59.241Z,4.8188,72.9803,232.4914,0.3137,0.067,2.6681,66.6288,232.331,0.287,0.0402,83.0232,106.0017,233.2629,0.4547,0.7842
2015-02-22T03:40:59.710Z,5.5543,74.8005,232.882,0.321,0.0743,2.3203,66.9027,231.9771,0.2885,0.0349,82.9541,106.8922,233.0442,0.4578,0.7763
2015-02-22T03:41:59.573Z,5.1975,74.3329,233.2289,0.3189,0.0693,2.8482,66.0044,232.0842,0.2841,0.0425,83.1862,107.1423,232.9264,0.46,0.7776
2015-02-22T03:42:59.694Z,5.6308,74.3164,232.7086,0.3186,0.0774,2.9227,66.8882,231.8429,0.2887,0.0451,82.628,106.1991,232.2374,0.4576,0.7786
2015-02-22T03:43:59.889Z,5.2549,72.9158,232.7773,0.3132,0.0736,2.5077,65.9422,231.4575,0.2848,0.0382,81.3493,104.5343,231.4618,0.4521,0.779
2015-02-22T03:44:59.213Z,5.1188,73.6383,232.0762,0.3169,0.0709,2.5476,65.7832,230.857,0.2854,0.0406,81.5606,105.0088,231.9358,0.4528,0.7773
2015-02-22T03:45:59.518Z,5.0557,73.5762,231.2022,0.3179,0.07,3.0483,67.9562,230.046,0.2952,0.0451,81.3615,104.544,231.0166,0.4523,0.7793
2015-02-22T03:46:59.281Z,5.3557,73.0191,230.7811,0.3166,0.0738,2.6389,67.2864,229.4629,0.2933,0.0386,81.6992,104.7608,230.9944,0.454,0.7804
2015-02-22T03:47:59.130Z,4.5653,74.4205,230.554,0.3229,0.0623,3.0158,65.5293,229.5937,0.2853,0.0451,81.1441,104.544,231.7201,0.4508,0.7765
2015-02-22T03:48:59.991Z,4.3867,73.7559,231.9441,0.318,0.0598,3.1,65.9926,230.9971,0.2852,0.048,81.5259,104.8091,231.6879,0.4526,0.7784
2015-02-22T03:49:59.623Z,5.4514,72.1344,231.6194,0.3114,0.0759,2.4763,64.647,230.6331,0.28,0.0388,81.2582,104.4141,231.6286,0.4508,0.7794
2015-02-22T03:50:59.152Z,5.8931,73.2244,231.7133,0.3155,0.0812,3.0941,66.4873,230.8924,0.2877,0.0468,81.2722,104.18,231.2768,0.4498,0.7804
2015-02-22T03:51:59.932Z,5.1136,70.5496,231.7408,0.3042,0.0741,2.6952,65.296,230.3592,0.2837,0.0423,80.9465,104.9603,230.6257,0.4551,0.7716
2015-02-22T03:52:59.070Z,5.1334,73.0185,231.9669,0.3143,0.0708,3.3021,65.7809,230.8157,0.2851,0.0507,81.2906,104.678,231.0918,0.4533,0.7779
2015-02-22T03:53:59.416Z,5.8576,72.5168,231.6892,0.3128,0.0824,3.0151,66.7349,230.9126,0.2885,0.0426,80.7666,104.8833,230.9446,0.4537,0.771
2015-02-22T03:54:59.639Z,4.802,72.3,231.7585,0.3125,0.0669,2.4891,66.9395,230.3479,0.2904,0.0396,80.9791,104.8126,230.5285,0.4545,0.7733
2015-02-22T03:55:59.398Z,4.7453,73.2708,230.8364,0.3177,0.0648,2.7302,65.6543,230.2676,0.2847,0.0426,81.5776,105.2975,230.9446,0.4558,0.7759
2015-02-22T03:56:59.814Z,4.7173,72.9886,230.7714,0.317,0.0649,2.1604,65.4434,230.6225,0.2837,0.0313,81.9788,105.4955,232.108,0.4552,0.7769
2015-02-22T03:57:59.269Z,5.4633,73.2479,230.4164,0.3172,0.0743,2.4991,66.3513,229.5558,0.289,0.0372,82.177,105.3991,232.3003,0.4543,0.7809
2015-02-22T03:58:59.602Z,5.1687,73.2487,231.8584,0.3158,0.0716,3.0858,66.0164,228.7799,0.2885,0.047,82.8689,106.5371,233.3204,0.4568,0.779
2015-02-22T04:00:59.268Z,5.1166,71.9764,231.8597,0.3103,0.0715,2.759,65.2881,230.2749,0.2835,0.0427,82.1589,105.4522,232.632,0.4532,0.781
2015-02-22T04:01:59.506Z,5.5077,72.8899,231.1987,0.315,0.0764,2.9741,67.2079,232.7548,0.2887,0.045,82.6415,106.5517,232.796,0.4578,0.7774
2015-02-22T04:02:59.782Z,5.1452,73.192,231.5707,0.3159,0.0702,2.2126,66.871,232.798,0.2871,0.0335,81.9877,105.5347,232.9331,0.4533,0.7776
2015-02-22T04:03:59.106Z,4.7352,71.6324,231.4256,0.3092,0.0669,2.9433,66.1778,232.8399,0.2842,0.043,81.4551,105.5407,232.8669,0.4534,0.7736
2015-02-22T04:04:59.887Z,4.6775,72.5651,231.2402,0.313,0.0643,3.0632,64.1658,232.6538,0.276,0.0491,82.2079,105.1378,232.8048,0.4516,0.7829
2015-02-22T04:05:59.782Z,4.8037,72.2505,230.6877,0.3131,0.067,2.7902,66.5584,231.603,0.2875,0.0422,82.1163,105.9175,232.0166,0.4567,0.7762
2015-02-22T04:06:59.155Z,5.3101,72.4229,230.3967,0.315,0.0732,2.9146,67.6346,231.5152,0.2921,0.0428,81.648,104.6791,231.4163,0.4524,0.7806
2015-02-22T04:07:59.418Z,5.3558,72.346,230.3045,0.3142,0.0748,3.0475,66.7741,231.7512,0.2885,0.0471,81.3746,105.0403,230.8735,0.4546,0.7758
2015-02-22T04:08:59.794Z,4.8601,71.9253,231.5527,0.3104,0.068,2.2355,64.6575,231.6551,0.2787,0.0346,82.0352,105.7461,232.3252,0.4553,0.7771
2015-02-22T04:09:59.159Z,5.0854,73.4817,231.1882,0.3176,0.0703,2.7523,66.8084,231.1346,0.2889,0.0414,82.0409,105.0036,232.0974,0.4526,0.7823
2015-02-22T04:10:59.945Z,5.4899,73.5875,230.2589,0.3192,0.0765,2.4671,66.1477,231.1864,0.2859,0.0376,81.4163,105.2155,231.511,0.4547,0.7749
2015-02-22T04:11:59.610Z,5.1786,72.1473,229.8194,0.3139,0.0731,2.4491,66.325,231.0918,0.2869,0.0373,81.744,104.3304,231.5466,0.4504,0.7849
2015-02-22T04:12:59.215Z,4.8029,72.8154,229.4053,0.3169,0.0661,2.425,66.868,230.5058,0.2893,0.0366,81.3123,104.6697,231.1678,0.4529,0.7783
2015-02-22T04:13:59.560Z,4.7982,72.0296,230.6675,0.312,0.0668,2.5674,66.6435,230.4914,0.2896,0.0388,80.8151,104.0291,230.8508,0.4511,0.7791
2015-02-22T04:14:59.086Z,5.0231,72.6978,230.1676,0.3154,0.0683,2.9628,65.4009,229.7302,0.2843,0.0447,80.8438,103.8079,230.3304,0.4503,0.7797
2015-02-22T04:15:59.630Z,5.0723,73.2988,231.4295,0.3166,0.0695,2.4926,66.44,229.6628,0.2896,0.0386,78.7513,102.5116,227.404,0.451,0.7686
2015-02-22T04:16:59.582Z,5.1963,72.8967,230.1114,0.3166,0.0722,2.6482,67.3047,229.5846,0.2929,0.039,81.0081,104.6509,230.379,0.4545,0.7743
2015-02-22T04:17:59.770Z,5.3734,71.7509,228.9693,0.3134,0.0754,2.5814,66.4422,230.071,0.2889,0.0389,80.546,104.4692,229.7188,0.4542,0.7725
2015-02-22T04:18:59.412Z,5.1631,72.7104,230.1363,0.3159,0.0728,2.4994,67.0701,227.424,0.294,0.036,82.014,105.6804,232.6477,0.4549,0.7771
2015-02-22T04:19:59.124Z,5.6244,72.5263,230.1401,0.3155,0.0774,2.7205,64.8588,230.1536,0.2816,0.0413,81.9701,105.5102,232.3387,0.4541,0.7784
2015-02-22T04:20:59.032Z,4.6607,72.5698,230.7977,0.3146,0.065,2.6173,67.2141,231.2199,0.2906,0.0393,81.867,104.337,232.1516,0.4491,0.7847
2015-02-22T04:21:59.946Z,4.8206,72.3274,230.4595,0.314,0.0676,2.5027,68.0544,231.6455,0.2935,0.0357,81.9256,105.9446,232.5986,0.4551,0.7739
2015-02-22T04:22:59.836Z,4.9649,72.4171,230.2557,0.3146,0.0692,3.0548,67.6552,231.7179,0.2918,0.0457,81.8837,105.2372,232.6823,0.4526,0.7787
2015-02-22T04:23:59.356Z,4.9522,73.5326,230.4281,0.3191,0.0689,2.6723,65.3888,231.5257,0.2832,0.0405,82.0549,105.9775,232.8598,0.4551,0.776
2015-02-22T04:24:59.624Z,5.9803,72.0075,230.7542,0.312,0.0851,2.4405,67.0707,231.3141,0.2896,0.0364,82.4611,105.4037,232.4881,0.4533,0.7834
2015-02-22T04:25:59.109Z,5.049,71.9202,230.294,0.3122,0.071,2.3867,68.1084,230.2517,0.2951,0.0354,81.3399,103.7723,231.4139,0.4479,0.7844
2015-02-22T04:26:59.530Z,4.108,73.2336,231.0283,0.3172,0.0563,2.7815,66.7559,230.0639,0.2905,0.0421,81.6433,103.9672,231.702,0.4491,0.7862
2015-02-22T04:27:59.954Z,4.6064,72.4342,231.152,0.3131,0.0636,2.1637,65.0742,229.379,0.2838,0.0335,81.3687,106.0437,230.9752,0.4587,0.7691
2015-02-22T04:28:59.317Z,5.605,72.1774,231.1062,0.3119,0.0798,2.383,65.3948,230.7453,0.2831,0.0372,81.5971,104.46,231.6169,0.451,0.7817
2015-02-22T04:29:59.674Z,4.7585,72.4715,231.551,0.3128,0.0664,3.1704,66.4739,231.3332,0.287,0.0501,81.2654,105.088,232.0126,0.453,0.7749
2015-02-22T04:30:59.943Z,4.8901,73.1064,232.2541,0.3146,0.0671,2.6311,66.652,231.8409,0.2877,0.0411,82.5229,106.0649,232.6466,0.4555,0.7789
2015-02-22T04:31:59.970Z,5.0881,72.9613,232.8366,0.313,0.0701,2.9902,66.1326,232.0548,0.2851,0.0481,81.6732,105.6369,232.321,0.4548,0.7743
2015-02-22T04:32:59.304Z,5.5378,74.3103,232.7489,0.3187,0.0743,2.4383,66.192,232.296,0.2853,0.036,81.6511,104.8403,231.6747,0.4523,0.78
2015-02-22T04:33:59.637Z,5.4936,73.7214,231.7941,0.3187,0.0758,2.6003,66.1856,231.56,0.2856,0.0393,81.6996,104.45,231.673,0.4504,0.7826
2015-02-22T04:34:59.982Z,4.338,73.7388,231.7235,0.3184,0.0608,3.0312,66.2337,231.699,0.2857,0.0461,82.0161,105.1264,232.3205,0.4525,0.7815
2015-02-22T04:35:59.886Z,4.8454,73.6078,231.664,0.3172,0.0659,2.6087,65.7198,231.364,0.2838,0.0393,81.4759,105.1034,232.3833,0.4521,0.7767
2015-02-22T04:36:59.265Z,5.2039,72.6777,230.9223,0.3142,0.0728,2.4866,66.535,231.3466,0.2876,0.0363,81.7288,105.8601,231.609,0.4568,0.7737
2015-02-22T04:37:59.949Z,4.9899,72.9283,231.4464,0.3143,0.0684,2.8571,66.6214,230.3597,0.2893,0.0413,80.5734,103.8278,231.1317,0.4492,0.7768
2015-02-22T04:38:59.789Z,5.3535,72.4657,231.2891,0.3135,0.0743,2.1779,67.7937,231.8926,0.2922,0.0309,81.648,106.0073,232.2436,0.4562,0.7703
2015-02-22T04:39:59.182Z,4.7952,71.4438,231.58,0.3079,0.0674,2.6918,65.9296,232.54,0.284,0.0417,82.0303,104.6823,232.5222,0.4503,0.785
2015-02-22T04:40:59.914Z,4.4213,73.5495,231.8041,0.3168,0.061,2.4848,64.7801,232.3675,0.2786,0.0408,81.9107,104.6675,232.8765,0.4497,0.7826
2015-02-22T04:41:59.375Z,5.4399,73.0174,230.9727,0.316,0.0747,2.3853,67.8419,232.2987,0.2921,0.0357,81.4618,105.194,231.6411,0.4533,0.7751
2015-02-22T04:42:59.748Z,5.4438,72.919,231.8754,0.3141,0.0748,2.995,67.552,231.5982,0.2913,0.0448,81.4507,104.3718,231.6921,0.4501,0.7812
2015-02-22T04:43:59.741Z,5.1919,74.1776,231.7049,0.3197,0.0708,2.7456,66.463,230.9903,0.2877,0.0409,81.4623,104.7634,230.9651,0.4538,0.7799
2015-02-22T04:44:59.160Z,4.6274,75.489,232.4468,0.3244,0.0621,2.402,66.7213,231.533,0.2883,0.0359,81.8261,105.7348,231.5078,0.4571,0.7752
2015-02-22T04:45:59.609Z,4.9398,72.9284,232.0052,0.3143,0.0671,2.5949,66.5587,230.9261,0.2882,0.0366,81.8416,105.0311,231.9293,0.4527,0.7799
2015-02-22T04:46:59.207Z,5.2108,73.5813,231.2851,0.3178,0.0713,2.9761,65.49,230.8151,0.2828,0.0457,81.7734,105.9784,231.8676,0.4564,0.7722
2015-02-22T04:47:59.473Z,5.1158,71.8214,230.596,0.3113,0.0714,2.7777,66.0495,230.2665,0.2865,0.042,82.0862,105.9041,232.5635,0.4557,0.7765
2015-02-22T04:48:59.842Z,5.0148,72.3475,231.2932,0.3129,0.0691,2.9026,64.7818,231.5092,0.2801,0.0467,82.5518,106.2698,232.6576,0.4575,0.7786
2015-02-22T04:49:59.306Z,5.2577,73.6252,231.4903,0.3176,0.0731,2.2711,66.2503,232.0384,0.2854,0.0354,81.7748,104.5457,232.8426,0.4491,0.7817
2015-02-22T04:50:59.837Z,5.3667,73.3596,231.9647,0.3158,0.0736,3.1502,67.489,231.915,0.2911,0.0466,82.916,106.6025,233.0313,0.4573,0.7792
2015-02-22T04:51:59.449Z,5.298,73.4414,232.1858,0.3163,0.0738,2.7853,69.1582,232.566,0.2972,0.0417,82.2612,105.5917,233.1113,0.4523,0.7802
2015-02-22T04:52:59.126Z,4.654,72.1269,232.1692,0.3104,0.0636,2.9053,67.7919,232.8196,0.2918,0.0433,82.8058,106.6191,233.0718,0.4574,0.7773
2015-02-22T04:53:59.497Z,5.2766,73.5502,232.6232,0.3163,0.0727,2.7166,66.4533,232.3421,0.2859,0.0408,82.5171,105.9113,233.1492,0.454,0.78
2015-02-22T04:54:59.481Z,4.8488,73.6998,232.7587,0.3158,0.067,3.1982,67.4408,232.6782,0.2901,0.047,83.0058,106.2066,233.3344,0.4551,0.7822
2015-02-22T04:55:59.970Z,5.3689,74.1007,232.1639,0.3185,0.0741,2.9707,64.8224,231.4715,0.2801,0.046,81.6114,105.4884,231.8591,0.4553,0.7754
2015-02-22T04:56:59.233Z,61.7811,184.3342,231.4622,0.7991,0.0957,58.4401,150.7535,231.1051,0.6533,0.0847,270.6902,342.1108,231.5569,1.4829,0.8227
2015-02-22T04:57:59.287Z,860.262,1327.9868,229.6858,5.7818,0.6476,925.9939,1373.6432,229.0493,5.9971,0.6739,1426.4718,1994.4007,229.0821,8.7056,0.7156
2015-02-22T04:58:59.825Z,889.702,1349.2213,230.651,5.8497,0.6592,948.8918,1411.4962,229.8187,6.1417,0.6727,1430.4514,1994.9307,228.9182,8.7141,0.717
2015-02-22T04:59:59.277Z,954.356,1398.3154,230.9021,6.0557,0.6824,1004.7906,1465.2367,229.6946,6.3787,0.6856,1477.031,2026.5939,228.7081,8.8606,0.7284
