2015-03-14T00:00:59.791Z,6.1212,67.7808,231.5626,0.2922,0.0916,-7.0786,62.1902,230.1168,0.2707,-0.1153,88.8192,108.0397,230.8547,0.4675,0.8229
2015-03-14T00:01:59.014Z,5.6933,69.3875,230.3243,0.3012,0.0845,-7.3312,61.6753,229.9537,0.2674,-0.1226,89.2225,108.6406,230.8245,0.4708,0.8229
2015-03-14T00:02:59.395Z,5.5898,68.8679,230.6804,0.2983,0.083,-7.5004,60.5437,230.4586,0.2623,-0.1259,88.5059,108.0751,230.326,0.469,0.8197
2015-03-14T00:03:59.581Z,7.0033,69.9819,231.3377,0.302,0.1014,-7.7704,60.0771,231.4054,0.2598,-0.1292,89.646,108.533,231.4877,0.4688,0.8268
2015-03-14T00:04:59.095Z,6.658,70.3657,232.3021,0.303,0.0951,-7.6084,61.5059,232.0923,0.265,-0.1247,90.1446,110.7568,232.4147,0.4767,0.8147
2015-03-14T00:05:59.498Z,6.9324,69.2492,232.2893,0.2986,0.1011,-7.4996,63.2749,232.2925,0.2722,-0.1199,90.0678,110.3603,232.757,0.4741,0.8164
2015-03-14T00:06:59.262Z,7.0089,69.3833,231.8306,0.2987,0.102,-8.1333,60.9918,231.9509,0.2628,-0.1369,90.2436,110.0264,232.839,0.472,0.8211
2015-03-14T00:07:59.580Z,6.7771,68.9562,232.0295,0.2973,0.1001,-7.3487,62.1053,231.922,0.2682,-0.1212,89.8138,109.3992,232.0512,0.472,0.8221
2015-03-14T00:08:59.895Z,6.6024,69.6639,232.695,0.2993,0.0947,-7.5387,61.5628,232.2011,0.2649,-0.1232,89.2461,109.477,230.9796,0.4741,0.8167
2015-03-14T00:09:59.896Z,7.5333,68.647,231.6325,0.2959,0.1111,-7.5143,61.6173,231.1515,0.2669,-0.1249,91.2641,111.5415,233.3554,0.478,0.819
2015-03-14T00:10:59.180Z,7.2124,70.1548,232.4521,0.3017,0.1027,-7.527,62.9682,231.7865,0.2715,-0.1231,91.5787,111.5749,234.2725,0.4762,0.8213
2015-03-14T00:11:59.675Z,5.9489,70.177,231.6671,0.3028,0.085,-7.8395,62.1401,231.1596,0.2683,-0.1272,91.7512,112.1499,234.4747,0.4783,0.8192
2015-03-14T00:12:59.035Z,7.5717,68.4027,233.3996,0.2924,0.1121,-7.7128,60.4512,233.029,0.26,-0.1311,92.206,112.9029,235.2846,0.4798,0.8177
2015-03-14T00:13:59.720Z,7.071,70.2316,234.1338,0.2995,0.1033,-7.9202,62.2773,231.1959,0.2695,-0.1292,93.2578,113.4709,236.1974,0.4805,0.8224
2015-03-14T00:14:59.344Z,6.8622,71.264,234.097,0.3047,0.0969,-7.6062,63.2261,230.6218,0.274,-0.1232,93.268,113.5897,235.9011,0.4814,0.8217
2015-03-14T00:15:59.451Z,6.608,70.9999,233.8819,0.3033,0.0931,-7.4765,62.2969,232.8733,0.2676,-0.1218,92.4077,112.742,235.6941,0.4787,0.8193
2015-03-14T00:16:59.761Z,7.0535,70.2031,233.7709,0.2996,0.1018,-7.3411,62.8264,232.7908,0.2696,-0.1189,92.4178,112.9347,235.9325,0.4785,0.8189
2015-03-14T00:17:59.397Z,7.0284,69.6876,233.3815,0.2986,0.1004,-7.9202,61.2864,232.66,0.2633,-0.1309,92.6046,113.8055,235.5465,0.4833,0.8145
2015-03-14T00:18:59.682Z,7.1585,70.2502,233.9018,0.3,0.1023,-7.9864,63.3218,233.3679,0.2713,-0.1292,93.2104,113.1615,236.0396,0.4793,0.8249
2015-03-14T00:19:59.617Z,6.8676,68.9111,231.0151,0.2978,0.1025,-7.2837,61.6662,230.2929,0.2679,-0.1207,91.0741,110.6815,233.141,0.4752,0.8233
2015-03-14T00:20:59.129Z,6.462,68.8298,230.7938,0.2976,0.0941,-7.8064,62.0282,229.9302,0.2693,-0.1277,89.7803,109.4634,232.0979,0.4719,0.8212
2015-03-14T00:21:59.693Z,6.0977,69.8339,231.5121,0.3013,0.0877,-7.1864,62.4278,229.477,0.2716,-0.1166,89.3028,110.0292,231.3742,0.4751,0.813
2015-03-14T00:22:59.719Z,6.4114,69.9405,231.1036,0.3026,0.0924,-7.583,64.4605,231.3009,0.2791,-0.1188,89.9696,109.7445,232.0013,0.4735,0.8201
2015-03-14T00:23:59.924Z,6.5759,68.5337,230.4048,0.2975,0.0973,-7.7,61.7821,230.6264,0.2675,-0.1264,89.218,109.057,231.3632,0.471,0.8186
2015-03-14T00:24:59.482Z,7.0493,68.8168,230.2233,0.2984,0.1049,-7.9452,62.8659,230.8856,0.2721,-0.1284,89.5246,109.6089,231.3211,0.4738,0.8172
2015-03-14T00:25:59.842Z,6.3362,68.95,230.7416,0.2986,0.0926,-7.3864,62.2336,230.4199,0.2705,-0.1203,89.4158,109.6762,231.2738,0.474,0.8159
2015-03-14T00:26:59.395Z,6.4262,66.7797,230.805,0.2893,0.0971,-7.3514,61.0394,229.8866,0.2656,-0.1222,89.9137,109.6206,231.6488,0.4736,0.8218
2015-03-14T00:27:59.046Z,6.809,69.6506,231.0943,0.3019,0.0989,-7.4532,61.5376,230.7866,0.2662,-0.1232,89.5109,109.1126,231.54,0.4717,0.821
2015-03-14T00:28:59.431Z,6.0604,69.5712,231.4201,0.3007,0.0877,-7.3512,63.0425,230.5009,0.2735,-0.1183,89.3561,109.0104,231.8741,0.4698,0.8204
2015-03-14T00:29:59.743Z,6.6248,69.1998,231.1229,0.2993,0.0969,-7.2791,61.9313,228.5219,0.2707,-0.1191,89.6551,110.0353,231.7986,0.4743,0.8158
2015-03-14T00:30:59.181Z,6.5642,70.5298,232.0023,0.3039,0.0939,-7.5854,61.7473,227.0981,0.2721,-0.1237,90.648,110.8884,232.4471,0.4773,0.8182
2015-03-14T00:31:59.417Z,6.9085,69.6025,231.8268,0.3002,0.0999,-7.5705,62.3285,229.0709,0.2718,-0.1231,89.2604,108.873,231.3815,0.4708,0.8202
2015-03-14T00:32:59.658Z,6.7416,68.7979,230.9587,0.2976,0.0999,-7.783,61.7587,230.6404,0.2674,-0.1289,90.1545,110.4643,232.2608,0.4754,0.8167
2015-03-14T00:33:59.953Z,6.3419,73.3543,229.9097,0.3189,0.0875,-7.8257,65.2773,231.201,0.2824,-0.1201,89.9505,113.7769,232.3826,0.4899,0.7919
2015-03-14T00:34:59.068Z,5.9503,73.133,230.0557,0.3178,0.0816,-6.8932,67.048,231.5932,0.2896,-0.104,89.8556,111.8244,232.0196,0.4822,0.8039
2015-03-14T00:35:59.368Z,6.4995,73.9631,230.0615,0.3215,0.0874,-8.0123,67.2837,231.9971,0.2897,-0.1211,90.6787,114.7108,232.8429,0.4932,0.7913
2015-03-14T00:36:59.645Z,7.1826,74.4204,230.9938,0.3221,0.0985,-7.3554,68.4365,231.844,0.2951,-0.1085,90.9525,113.1754,233.2405,0.4856,0.8038
2015-03-14T00:37:59.292Z,6.3736,72.3144,230.7536,0.3136,0.0888,-7.4953,67.1333,231.0099,0.2901,-0.1141,90.6169,113.3864,232.9553,0.4869,0.7991
2015-03-14T00:38:59.567Z,6.3328,74.2491,231.227,0.3214,0.0852,-7.8584,68.4368,230.822,0.2968,-0.1188,90.9828,114.3241,233.3755,0.4893,0.7966
2015-03-14T00:39:59.767Z,6.6665,73.9068,231.0598,0.3195,0.0912,-7.0607,68.5799,230.0364,0.2979,-0.1057,90.3036,112.8351,232.6985,0.4848,0.8008
2015-03-14T00:40:59.960Z,6.5562,73.8341,230.3811,0.3203,0.0902,-7.3693,66.7402,230.0447,0.2905,-0.1115,89.8235,112.5956,231.7329,0.4855,0.7985
2015-03-14T00:41:59.458Z,5.9118,73.2074,230.7682,0.3169,0.0811,-7.2341,66.8363,230.0968,0.2909,-0.1102,90.2051,112.7614,232.0211,0.4862,0.8014
2015-03-14T00:42:59.786Z,7.1754,73.9662,231.7088,0.3192,0.0974,-7.8193,67.2855,228.154,0.2946,-0.1162,91.5867,114.1185,234.2271,0.4866,0.8024
2015-03-14T00:43:59.049Z,7.1111,74.7344,231.7508,0.3222,0.0973,-8.0361,66.6665,230.2308,0.2896,-0.121,91.5133,114.37,233.7631,0.4888,0.8008
2015-03-14T00:44:59.391Z,6.277,74.8214,231.7264,0.3233,0.0841,-6.9871,68.8154,231.4857,0.2968,-0.1036,90.141,113.8142,232.853,0.4886,0.7927
2015-03-14T00:45:59.610Z,6.4922,73.8697,232.1901,0.3181,0.0888,-7.7571,66.5392,231.9184,0.287,-0.1171,90.5274,113.9926,233.1868,0.4888,0.7947
2015-03-14T00:46:59.158Z,7.2783,73.0003,231.3292,0.3157,0.1006,-7.6376,67.4012,231.3179,0.2917,-0.115,90.912,114.2726,233.1231,0.4904,0.7963
2015-03-14T00:47:59.443Z,7.1543,73.0822,230.7639,0.3166,0.0976,-7.7254,68.5452,230.8242,0.2968,-0.1132,90.5092,113.6112,232.6203,0.4886,0.7979
2015-03-14T00:48:59.010Z,6.5367,72.9184,230.4901,0.3166,0.0924,-7.6737,66.2973,230.3934,0.2876,-0.1182,90.0292,112.4747,232.3932,0.4842,0.8009
2015-03-14T00:49:59.217Z,5.8879,73.7104,230.339,0.3203,0.0813,-7.3578,68.642,230.2455,0.2985,-0.1074,90.2298,113.3029,231.7646,0.4896,0.7977
2015-03-14T00:50:59.584Z,6.2321,72.5917,228.856,0.3174,0.0868,-7.7599,67.8282,228.9497,0.2962,-0.1138,89.2873,112.3327,231.7364,0.4842,0.7955
2015-03-14T00:51:59.072Z,6.2497,71.924,228.9852,0.3144,0.0889,-7.4796,67.3952,229.3974,0.294,-0.1149,89.8426,112.2659,232.0011,0.484,0.8016
2015-03-14T00:52:59.815Z,6.9411,72.1482,229.8167,0.3134,0.0983,-8.17,66.6601,230.5345,0.289,-0.1251,90.2583,113.2895,232.3397,0.4876,0.7985
2015-03-14T00:53:59.136Z,6.4699,73.438,230.1238,0.3193,0.0876,-7.5447,67.2426,230.8709,0.2914,-0.1129,89.8091,113.2778,232.1424,0.4877,0.7939
2015-03-14T00:54:59.672Z,6.4429,73.501,231.5458,0.3171,0.0888,-7.4385,67.5877,229.8148,0.2938,-0.1113,90.5611,112.9564,232.9054,0.4846,0.8027
2015-03-14T00:55:59.173Z,7.4086,73.4673,231.2586,0.3178,0.1025,-7.916,66.5966,230.0493,0.2892,-0.1192,90.8954,113.2632,233.1264,0.4857,0.8033
2015-03-14T00:56:59.526Z,5.7815,74.1424,230.8222,0.3213,0.0786,-7.9741,66.9723,231.5305,0.2895,-0.1198,90.1964,112.7995,232.1666,0.4851,0.8002
2015-03-14T00:57:59.092Z,6.7404,73.7849,230.559,0.32,0.0924,-8.2384,67.107,231.3823,0.2903,-0.125,90.064,113.0273,232.1439,0.4868,0.798
2015-03-14T00:58:59.424Z,5.9778,73.4558,230.9055,0.3184,0.0814,-7.4853,67.6776,231.3882,0.2929,-0.1118,89.5589,112.6154,231.8368,0.4854,0.7959
2015-03-14T00:59:59.945Z,6.2784,73.7801,230.8581,0.3195,0.0858,-7.2001,67.2057,230.9287,0.2909,-0.1069,90.3056,112.9869,232.3119,0.4862,0.8
