2015-05-01T00:00:59.918Z,6.9203,67.4246,232.4205,0.2902,0.1058,-7.1984,62.4949,234.1376,0.2672,-0.1173,11.4978,62.8945,234.3189,0.268,0.187
2015-05-01T00:01:59.200Z,7.0491,69.7281,232.447,0.2992,0.1017,-8.0251,63.4952,234.4004,0.2712,-0.1269,11.5804,66.4085,234.4603,0.2829,0.1767
2015-05-01T00:02:59.588Z,6.3405,69.7765,232.3593,0.3002,0.0915,-7.6702,63.5108,234.5192,0.2709,-0.1225,11.503,65.6859,234.4643,0.2804,0.1751
2015-05-01T00:03:59.794Z,6.2122,69.8164,232.4719,0.3003,0.09,-7.8756,63.5669,234.4278,0.2712,-0.1263,11.7124,64.7157,234.5821,0.2756,0.1811
2015-05-01T00:04:59.072Z,6.978,69.2606,232.3324,0.2981,0.1018,-7.4424,64.4079,234.4723,0.2748,-0.1177,11.9291,66.3541,234.5588,0.2829,0.1808
2015-05-01T00:05:59.340Z,5.7446,69.8698,232.4773,0.3,0.0818,-7.9169,63.7013,234.6438,0.2719,-0.1266,11.1295,64.5035,234.1938,0.2756,0.1749
2015-05-01T00:06:59.704Z,6.5112,70.5838,232.4791,0.3033,0.0929,-7.1101,63.9208,234.656,0.2722,-0.1123,11.6176,64.9488,234.581,0.2769,0.1805
2015-05-01T00:07:59.961Z,6.5048,70.8777,232.3677,0.305,0.0927,-8.0993,64.3453,234.8293,0.2742,-0.1276,12.1123,64.7624,234.4163,0.2764,0.187
2015-05-01T00:08:59.208Z,6.847,70.377,232.3861,0.3028,0.0974,-7.7238,62.7252,234.056,0.268,-0.1247,11.7417,64.5404,233.6697,0.2765,0.1824
2015-05-01T00:09:59.430Z,6.5098,65.042,232.549,0.28,0.1048,-7.1487,56.7661,233.9247,0.2425,-0.1386,11.7876,57.6724,233.8933,0.2463,0.2309
2015-05-01T00:10:59.754Z,6.1216,45.433,232.4256,0.1957,0.1365,-6.9407,31.8746,234.0427,0.1362,-0.2531,11.2618,35.6743,233.9952,0.1521,0.3547
2015-05-01T00:11:59.231Z,4.9842,45.0652,232.5183,0.1943,0.1144,-6.6334,31.1818,233.7979,0.1332,-0.2552,11.3749,35.3212,233.9422,0.1504,0.362
2015-05-01T00:12:59.660Z,5.5252,46.4241,231.838,0.2004,0.1254,-7.1242,31.8243,233.5174,0.1359,-0.2626,11.4823,34.4173,233.9238,0.1468,0.3686
2015-05-01T00:13:59.900Z,6.4395,46.9909,232.4121,0.2016,0.1415,-7.4126,29.879,233.9803,0.1278,-0.2737,11.386,35.2289,234.4824,0.15,0.3549
2015-05-01T00:14:59.126Z,6.4277,46.6677,232.7554,0.2003,0.1403,-6.8316,30.0412,234.6136,0.1279,-0.2627,10.9256,34.8046,235.0042,0.1476,0.3531
2015-05-01T00:15:59.342Z,6.2621,46.8881,232.7023,0.2013,0.1362,-5.9131,28.3605,234.7697,0.1209,-0.2552,11.3746,35.2758,235.0746,0.1502,0.3678
2015-05-01T00:16:59.572Z,5.331,46.3803,232.6343,0.1989,0.1181,-6.3088,32.1741,234.7193,0.1366,-0.2354,11.3999,32.7597,235.0185,0.1392,0.392
2015-05-01T00:17:59.756Z,5.9821,46.1571,232.7387,0.1984,0.1332,-7.0676,28.4043,234.7074,0.1212,-0.2849,11.6723,35.8613,234.9222,0.1525,0.3623
2015-05-01T00:18:59.032Z,5.5099,46.2643,232.2951,0.1992,0.1232,-6.5769,31.7034,235.0209,0.1349,-0.255,11.7031,33.9897,234.8583,0.1443,0.3777
2015-05-01T00:19:59.293Z,6.1512,46.5811,232.3582,0.2007,0.1351,-7.0943,33.9708,235.1458,0.1445,-0.2458,11.0884,36.6329,235.2038,0.1562,0.348
2015-05-01T00:20:59.552Z,5.7404,64.5865,232.5772,0.2776,0.0911,-7.8871,54.4641,234.9835,0.2316,-0.1653,11.3116,55.708,235.1338,0.2367,0.2282
2015-05-01T00:21:59.870Z,6.5422,70.1667,232.8915,0.3011,0.0947,-7.8233,63.3647,235.009,0.27,-0.1253,11.8716,66.2157,234.9207,0.2811,0.1805
2015-05-01T00:22:59.134Z,5.3606,70.8222,233.7296,0.3027,0.0772,-7.378,63.2094,235.167,0.2692,-0.1182,11.7663,64.8073,234.5991,0.2768,0.1821
2015-05-01T00:23:59.439Z,4.8466,70.6367,233.6576,0.3026,0.0698,-7.9858,63.7613,235.0919,0.2715,-0.1266,11.9008,66.3478,234.3432,0.2829,0.181
2015-05-01T00:24:59.773Z,5.8154,69.4766,233.8386,0.2974,0.0861,-7.2521,63.967,235.0386,0.2716,-0.115,11.9348,62.8384,234.48,0.2677,0.191
2015-05-01T00:25:59.040Z,5.3319,70.0989,233.6296,0.2999,0.0757,-7.1044,62.6416,235.0587,0.2661,-0.1164,11.4982,64.408,234.3922,0.2751,0.1817
2015-05-01T00:26:59.396Z,4.6959,70.9981,233.4604,0.3041,0.067,-7.8279,63.4654,235.3214,0.2698,-0.123,11.9964,65.0066,235.1146,0.2766,0.1855
2015-05-01T00:27:59.737Z,5.3905,70.9088,233.4028,0.3038,0.0751,-7.6922,63.73,233.9837,0.2725,-0.1217,12.2432,64.8984,235.5216,0.2754,0.1891
2015-05-01T00:28:59.093Z,5.699,69.1918,233.3419,0.2962,0.0833,-7.3947,64.6691,233.0794,0.2776,-0.1164,11.7207,65.4167,235.7054,0.2778,0.178
2015-05-01T00:29:59.584Z,5.6305,69.9744,233.4031,0.3001,0.0818,-6.6473,63.5729,233.1855,0.2727,-0.106,11.6324,66.5041,235.8284,0.2819,0.176
2015-05-01T00:30:59.900Z,4.8241,69.227,233.1884,0.2968,0.073,-7.1743,61.474,233.9536,0.2624,-0.1191,11.9016,63.9812,235.1238,0.2725,0.19
2015-05-01T00:31:59.260Z,5.1986,70.4176,233.3919,0.3014,0.0748,-7.364,64.367,234.1984,0.2747,-0.1172,11.2946,65.4918,235.3174,0.2779,0.1751
2015-05-01T00:32:59.558Z,5.1909,69.9408,233.2654,0.3001,0.0756,-7.7535,63.3098,234.1111,0.2702,-0.123,11.8936,66.2712,234.8137,0.2823,0.1807
2015-05-01T00:33:59.853Z,5.7563,70.4513,233.1208,0.3024,0.0819,-7.6293,62.696,233.5703,0.2686,-0.1223,11.4989,65.2663,234.899,0.2782,0.1778
2015-05-01T00:34:59.098Z,5.1587,69.3971,232.491,0.2984,0.0751,-7.175,63.139,233.3362,0.2707,-0.1157,11.8236,63.7969,234.3228,0.2726,0.1911
2015-05-01T00:35:59.278Z,4.7545,69.8036,232.4754,0.3002,0.0693,-7.2059,62.5189,231.4996,0.27,-0.1211,12.3371,63.2201,234.6826,0.2696,0.2
2015-05-01T00:36:59.543Z,5.5429,69.3543,232.11,0.2986,0.0801,-7.5065,62.8417,231.89,0.2705,-0.1209,11.5118,66.0079,234.6892,0.2815,0.1763
2015-05-01T00:38:59.284Z,5.1021,69.9923,232.3296,0.301,0.0739,-7.2001,63.654,233.3279,0.2728,-0.1148,11.7154,65.5114,233.8378,0.2801,0.1797
2015-05-01T00:39:59.467Z,4.9014,69.6695,232.6257,0.2991,0.071,-7.2799,61.1868,233.627,0.2624,-0.1207,11.6916,64.5626,234.7265,0.2745,0.1842
2015-05-01T00:40:59.686Z,4.8489,70.8635,232.9046,0.3039,0.0687,-6.7595,63.7447,234.0277,0.272,-0.1079,12.2652,65.0653,235.3127,0.2762,0.1888
2015-05-01T00:41:59.037Z,4.97,70.0555,232.9569,0.3006,0.071,-7.1185,62.8183,233.6533,0.2682,-0.1146,11.7799,65.7937,235.2138,0.2793,0.1802
2015-05-01T00:42:59.381Z,5.2321,69.4993,232.764,0.2985,0.0748,-7.8015,64.9805,234.3167,0.2772,-0.123,11.6971,64.9399,235.1193,0.2757,0.1823
2015-05-01T00:43:59.632Z,5.2826,71.1274,232.7766,0.3049,0.0765,-7.3078,64.1385,234.9304,0.2725,-0.1166,11.8302,65.9699,235.0991,0.2808,0.1819
2015-05-01T00:44:59.872Z,5.0376,69.4358,232.6871,0.2985,0.073,-7.3976,62.3203,235.004,0.2649,-0.1209,11.6697,64.6334,234.8269,0.2756,0.1862
2015-05-01T00:45:59.223Z,5.5206,69.9251,233.0522,0.2998,0.0802,-6.7059,63.3898,234.8429,0.2701,-0.11,11.6401,64.1862,234.4811,0.2732,0.1851
2015-05-01T00:46:59.485Z,5.4823,70.3577,233.7663,0.301,0.077,-7.3768,63.4521,234.9855,0.2697,-0.1192,11.948,64.5979,234.6713,0.275,0.1858
2015-05-01T00:47:59.784Z,5.5558,71.1073,233.8085,0.3038,0.0788,-7.48,64.4475,234.988,0.2747,-0.1175,12.0095,64.3349,234.5195,0.2743,0.1879
2015-05-01T00:48:59.027Z,5.0941,70.443,233.8181,0.3017,0.073,-7.575,64.4531,234.8493,0.2744,-0.1196,11.8756,64.4463,234.8031,0.2746,0.1851
2015-05-01T00:49:59.258Z,5.02,69.8221,233.8585,0.2986,0.0727,-7.4744,63.0131,235.0666,0.2679,-0.1208,12.0001,65.3063,234.5358,0.278,0.1859
2015-05-01T00:50:59.539Z,4.8145,70.3262,233.6857,0.3005,0.0678,-7.5297,63.3753,235.0433,0.2693,-0.1232,12.0589,64.1942,234.2143,0.2746,0.1907
2015-05-01T00:51:59.706Z,5.2493,71.7898,233.6916,0.3071,0.0745,-7.4681,63.2198,235.0166,0.269,-0.1201,11.9556,66.0169,234.28,0.2818,0.1829
2015-05-01T00:52:59.143Z,4.8367,69.6683,232.6504,0.2996,0.0702,-7.2614,63.9312,235.5243,0.2716,-0.1173,11.4452,65.0167,234.6442,0.2771,0.1771
2015-05-01T00:53:59.502Z,5.0664,70.4657,232.4131,0.3035,0.0709,-8.272,63.862,235.3693,0.2713,-0.1323,11.8662,64.1409,234.7919,0.2733,0.1867
2015-05-01T00:54:59.724Z,4.9721,70.3217,232.172,0.3032,0.072,-7.2278,62.844,235.514,0.2661,-0.1199,11.9948,64.4259,235.0842,0.2746,0.1895
2015-05-01T00:55:59.058Z,5.2879,69.2058,231.7736,0.2987,0.0771,-7.5032,63.5932,235.8181,0.2699,-0.1224,12.2159,65.1008,235.1637,0.2769,0.1916
2015-05-01T00:56:59.397Z,5.3449,69.9104,232.0353,0.3014,0.0763,-7.8511,64.0274,235.6725,0.2715,-0.1258,11.7697,64.2103,234.7676,0.2737,0.184
2015-05-01T00:57:59.597Z,5.0532,70.7213,232.6373,0.3041,0.0718,-7.6114,64.3297,235.6571,0.2732,-0.1195,12.014,64.4076,234.4805,0.274,0.1871
2015-05-01T00:58:59.859Z,5.103,70.5476,233.8801,0.3018,0.0725,-7.4189,63.4865,235.3028,0.27,-0.1182,11.9361,65.7099,234.2876,0.2807,0.1824
2015-05-01T00:59:59.116Z,5.378,70.493,233.6158,0.3016,0.0782,-7.5975,62.0326,235.1167,0.2642,-0.1282,11.7606,62.25,234.89,0.2655,0.1948
2015-05-01T01:00:59.510Z,5.0946,69.7652,233.5622,0.2987,0.0733,-7.4139,61.0507,234.7965,0.2601,-0.1245,11.996,64.8952,234.8961,0.276,0.1857
2015-05-01T01:01:59.741Z,4.9503,70.3705,233.1023,0.3018,0.0699,-7.5854,62.8141,234.967,0.2674,-0.1225,12.0692,64.2338,234.6003,0.2738,0.1895
2015-05-01T01:02:59.986Z,4.5275,70.6335,233.0742,0.3029,0.0654,-7.3773,62.4981,234.8067,0.2659,-0.1196,11.431,62.8867,234.6377,0.268,0.1823
2015-05-01T01:03:59.058Z,5.6448,70.5978,233.244,0.3029,0.0803,-7.2674,61.8437,234.9672,0.2626,-0.1187,11.9818,63.8484,234.2733,0.2722,0.1881
2015-05-01T01:04:59.227Z,5.2387,69.5676,233.1354,0.2987,0.0764,-7.8533,61.5804,234.9962,0.2623,-0.1341,11.9782,62.803,233.9042,0.2685,0.1947
2015-05-01T01:05:59.370Z,5.0638,71.0754,233.3478,0.3046,0.0716,-7.5454,63.7557,235.2104,0.2713,-0.1219,11.5621,63.9459,233.9952,0.2735,0.1825
2015-05-01T01:06:59.613Z,5.0703,70.0026,233.409,0.2993,0.0724,-7.6714,64.2896,234.9779,0.2733,-0.1213,11.8484,64.361,234.3877,0.2746,0.1846
2015-05-01T01:07:59.900Z,5.0023,70.8212,233.6837,0.3028,0.0708,-7.5868,63.3223,235.615,0.2688,-0.1213,11.1838,64.4336,234.2034,0.2746,0.1755
2015-05-01T01:08:59.108Z,5.0778,68.9502,233.7007,0.2952,0.0749,-7.5112,61.0573,235.5029,0.2584,-0.1264,11.658,64.1129,233.9801,0.2735,0.1836
2015-05-01T01:09:59.441Z,5.1145,70.5122,233.2904,0.3024,0.0735,-7.1941,63.8889,235.7626,0.2708,-0.1149,11.6451,64.3601,234.6708,0.2747,0.1838
2015-05-01T01:10:59.639Z,4.5993,69.8574,233.1956,0.2999,0.0657,-6.7199,63.3018,235.8688,0.268,-0.1087,11.6658,65.3701,234.4763,0.2789,0.1811
2015-05-01T01:11:59.882Z,5.0952,71.2011,233.2899,0.3051,0.0729,-7.7677,64.0871,235.8438,0.2718,-0.122,11.9838,65.1946,234.6874,0.2774,0.1851
2015-05-01T01:12:59.011Z,5.1907,70.0942,233.2394,0.3004,0.0754,-7.6291,63.0742,235.9552,0.2674,-0.1241,12.0333,65.268,234.6253,0.2784,0.1867
2015-05-01T01:13:59.309Z,4.8698,70.8611,232.8421,0.3043,0.0701,-7.2647,62.923,235.7234,0.2668,-0.1169,12.1297,64.6562,234.3631,0.2757,0.1888
2015-05-01T01:14:59.534Z,4.9218,70.4834,232.974,0.3024,0.071,-7.7688,63.5536,235.6425,0.2699,-0.124,11.6812,64.0272,234.6246,0.2732,0.1843
2015-05-01T01:15:59.724Z,4.712,69.719,232.9766,0.2992,0.069,-7.694,63.4244,235.8541,0.2691,-0.1225,12.2741,64.4382,234.4585,0.2744,0.1922
2015-05-01T01:16:59.111Z,5.7873,70.2128,233.3138,0.3013,0.0831,-7.7969,63.7923,235.9227,0.2706,-0.1233,11.8298,63.6768,234.637,0.2714,0.1859
2015-05-01T01:17:59.285Z,4.8864,70.4205,233.3376,0.3014,0.0692,-7.1622,62.681,235.8802,0.2652,-0.1179,11.7043,66.6908,234.8779,0.2837,0.1768
2015-05-01T01:18:59.761Z,5.0754,70.2575,233.3985,0.3013,0.0745,-7.3338,63.8748,235.8525,0.2707,-0.1184,11.9937,63.9926,234.6263,0.2727,0.1896
2015-05-01T01:19:59.083Z,4.7443,69.9496,233.7692,0.2989,0.069,-7.247,64.5551,235.9302,0.2737,-0.115,12.0223,63.7903,234.807,0.2717,0.1917
2015-05-01T01:20:59.350Z,5.3992,69.3899,233.7595,0.2967,0.0788,-7.2657,63.5016,235.6548,0.2696,-0.1144,11.7558,64.8384,234.7926,0.2756,0.1811
2015-05-01T01:21:59.500Z,5.1463,70.0713,233.3681,0.3004,0.0729,-6.9864,63.8316,235.5231,0.271,-0.1097,12.0686,65.2208,234.7264,0.2775,0.1868
2015-05-01T01:22:59.865Z,4.9053,70.7597,233.3127,0.3033,0.07,-7.5871,63.5817,235.4987,0.2703,-0.1213,11.8272,65.7027,234.7185,0.28,0.1795
2015-05-01T01:23:59.213Z,4.8434,70.2673,233.5043,0.3009,0.07,-7.6607,63.4964,235.4954,0.2697,-0.1243,12.7284,64.4847,234.3929,0.2757,0.198
2015-05-01T01:24:59.566Z,4.984,69.6998,234.1059,0.2976,0.0725,-7.522,62.8105,235.4136,0.267,-0.1234,12.0839,63.3992,234.0529,0.2707,0.1943
2015-05-01T01:25:59.041Z,4.9436,70.4797,234.0268,0.3013,0.0713,-7.1072,64.6552,235.231,0.275,-0.1124,12.1077,65.0923,234.6694,0.2777,0.1874
2015-05-01T01:26:59.343Z,4.6996,69.9021,234.0121,0.2985,0.0678,-7.6879,63.0984,234.88,0.2684,-0.123,12.0075,64.6662,234.44,0.2757,0.1859
2015-05-01T01:27:59.537Z,4.7976,71.0476,233.9703,0.3037,0.069,-7.7161,63.4335,234.8139,0.2708,-0.1249,11.9611,64.3285,234.1139,0.2751,0.1864
2015-05-01T01:28:59.773Z,5.1642,70.4393,233.6535,0.3009,0.0742,-7.5257,63.3964,234.5713,0.2705,-0.1215,12.1645,63.1558,233.7523,0.2699,0.1967
2015-05-01T01:29:59.143Z,5.7778,69.7357,234.0688,0.2982,0.0841,-7.4641,63.6127,234.5976,0.2711,-0.1199,12.1109,64.851,233.8586,0.2774,0.189
2015-05-01T01:30:59.368Z,4.9805,70.357,233.9153,0.3004,0.0715,-7.2171,63.5169,234.1565,0.2708,-0.1155,11.9929,65.2848,233.5053,0.2796,0.1859
2015-05-01T01:31:59.699Z,5.5252,71.2921,233.91,0.3048,0.0789,-7.7066,62.2352,234.04,0.2658,-0.1252,12.0576,66.4952,233.8228,0.2841,0.182
2015-05-01T01:32:59.922Z,5.2573,70.4553,234.1504,0.3009,0.0752,-7.6618,63.4234,234.9633,0.2701,-0.1226,11.8964,65.7373,234.5875,0.2803,0.1829
2015-05-01T01:33:59.214Z,4.4533,71.4464,234.6067,0.3048,0.0631,-7.3349,62.4418,234.8803,0.2663,-0.1198,11.6667,64.2307,235.0757,0.2734,0.1852
2015-05-01T01:34:59.493Z,5.3701,70.5133,234.3176,0.3011,0.0786,-7.432,62.2342,234.9357,0.2649,-0.1227,11.9697,65.023,235.4365,0.2768,0.1869
2015-05-01T01:35:59.711Z,5.0133,70.0897,234.1416,0.2991,0.071,-7.356,61.877,234.8399,0.2635,-0.1209,12.2524,65.3624,235.2966,0.2778,0.189
2015-05-01T01:36:59.951Z,5.0886,71.1977,233.9534,0.3043,0.0726,-7.3887,64.7149,234.879,0.2754,-0.1187,11.9981,64.6215,235.2537,0.2736,0.1856
2015-05-01T01:37:59.132Z,5.1984,70.8562,234.0508,0.3023,0.0739,-7.3094,62.3351,233.1884,0.267,-0.1182,12.0724,65.4648,236.101,0.2773,0.1849
2015-05-01T01:38:59.320Z,5.1313,70.261,234.0595,0.3,0.0738,-8.0122,61.9693,231.8771,0.267,-0.132,11.9976,64.5944,236.5769,0.2727,0.189
2015-05-01T01:39:59.556Z,5.1141,70.5272,233.6925,0.3016,0.0735,-7.6634,63.4232,234.3204,0.2711,-0.1236,12.1675,64.8074,235.7972,0.2749,0.189
2015-05-01T01:40:59.996Z,4.9122,70.9924,233.5503,0.3044,0.0708,-7.9296,63.7993,234.9399,0.2715,-0.1243,12.2464,65.7022,235.7462,0.279,0.1857
2015-05-01T01:41:59.203Z,5.1366,70.5053,233.406,0.3026,0.0746,-7.7334,63.614,234.5273,0.271,-0.1231,12.0643,64.5233,235.7198,0.2741,0.1873
2015-05-01T01:42:59.352Z,5.2724,71.4246,233.6359,0.3055,0.0754,-7.0704,62.6866,233.4981,0.2684,-0.1152,12.0014,64.8646,235.8357,0.2752,0.1854
2015-05-01T01:43:59.627Z,5.3867,71.7034,233.952,0.306,0.0755,-7.2069,62.6625,231.2474,0.2713,-0.117,12.2134,65.1345,236.4966,0.2757,0.1874
2015-05-01T01:44:59.872Z,4.6652,69.3486,234.406,0.2959,0.0685,-7.1553,62.8348,232.5373,0.2703,-0.115,11.7071,64.9579,236.3471,0.275,0.1829
2015-05-01T01:45:59.157Z,5.0713,70.5939,234.3731,0.3008,0.0729,-7.2161,64.5951,234.7817,0.2747,-0.1119,12.1742,65.4483,235.5463,0.2779,0.1869
2015-05-01T01:46:59.504Z,5.3509,71,234.2753,0.3036,0.0759,-7.4684,63.7192,234.74,0.2711,-0.1178,11.9418,65.6286,235.9604,0.2782,0.1834
2015-05-01T01:47:59.557Z,4.7022,69.9455,232.1207,0.3011,0.0673,-7.7674,61.9854,233.2199,0.2654,-0.1268,11.3305,63.2022,233.4245,0.2711,0.181
2015-05-01T01:48:59.668Z,5.1253,68.7402,231.9545,0.2959,0.0748,-7.5726,62.8268,233.1809,0.2698,-0.1224,11.4186,63.2698,232.8414,0.2715,0.187
2015-05-01T01:49:59.798Z,4.5812,69.4416,231.829,0.2996,0.066,-7.2665,61.0193,233.39,0.2612,-0.1248,11.8155,61.7785,232.8367,0.2654,0.1915
2015-05-01T01:50:59.047Z,4.6278,70.0006,231.6081,0.3018,0.0664,-7.4414,61.5486,232.8033,0.264,-0.1214,10.8711,62.2349,230.6214,0.2702,0.1742
2015-05-01T01:51:59.220Z,4.7578,70.0873,231.3412,0.3026,0.0687,-7.3397,63.379,232.5135,0.2723,-0.1163,11.4643,63.3869,230.3562,0.2754,0.182
2015-05-01T01:52:59.619Z,5.089,68.4303,230.409,0.2967,0.076,-7.4135,61.8401,231.7964,0.2664,-0.1217,11.5167,62.0355,231.2072,0.268,0.1884
2015-05-01T01:53:59.865Z,4.9595,69.7627,229.3886,0.3043,0.0723,-8.0357,62.9723,231.6315,0.2711,-0.13,11.4532,64.8374,231.0079,0.2802,0.178
2015-05-01T01:54:59.017Z,4.6061,69.0344,229.0564,0.3016,0.0666,-7.2022,61.3753,231.3414,0.2649,-0.1183,36.285,85.2934,230.8794,0.3689,0.3098
2015-05-01T01:55:59.194Z,775.4932,1068.5608,227.7363,4.6991,0.5758,859.1691,1205.9582,230.2333,5.2464,0.5193,1261.0858,1748.5128,228.102,7.6803,0.7451
2015-05-01T01:56:59.633Z,1158.3438,1508.798,227.5187,6.6307,0.7678,1254.044,1674.5859,229.5122,7.2966,0.7492,1652.6469,2202.1223,227.5071,9.679,0.7507
2015-05-01T01:57:59.872Z,1173.4481,1525.7041,228.3197,6.6827,0.7693,1268.1962,1693.3286,229.735,7.3706,0.7492,1659.663,2207.1974,227.6701,9.6949,0.7512
2015-05-01T01:58:59.502Z,1178.5602,1527.6448,228.1579,6.6954,0.7711,1297.0292,1716.0097,229.9769,7.4621,0.756,1673.7051,2227.8549,227.9637,9.7726,0.7502
2015-05-01T01:59:59.820Z,1188.4031,1551.5859,228.5353,6.789,0.7668,1304.2741,1701.554,228.5534,7.4442,0.766,1724.654,2267.5723,228.4641,9.9247,0.7607
2015-05-01T02:00:59.868Z,1205.7136,1579.442,228.5789,6.9098,0.7631,1308.457,1691.6584,227.2266,7.4451,0.7731,1764.0963,2288.8488,228.6562,10.0097,0.7702
2015-05-01T02:01:59.042Z,1222.5643,1585.1645,227.9609,6.9538,0.7705,1341.7776,1721.9221,227.6828,7.5625,0.7795,1769.8498,2292.8302,228.1866,10.0479,0.7702
2015-05-01T02:02:59.603Z,1246.8936,1579.9601,227.6369,6.9406,0.7897,1395.5018,1801.4861,230.374,7.8197,0.7749,1737.8996,2286.8627,228.0362,10.0283,0.7604
2015-05-01T02:03:59.823Z,1262.2548,1602.2301,227.8871,7.0304,0.7889,1392.8276,1798.5658,230.1571,7.8145,0.7744,1753.9802,2292.6817,228.2943,10.0428,0.7651
2015-05-01T02:04:59.003Z,1288.0669,1628.7433,227.7094,7.1526,0.7903,1414.1902,1814.5892,230.0947,7.8863,0.7794,1783.6963,2312.7279,228.281,10.1309,0.771
2015-05-01T02:05:59.259Z,1303.2337,1640.4534,228.121,7.1907,0.7942,1427.0202,1831.3252,230.1073,7.9586,0.7799,1784.6472,2309.3813,228.0034,10.1284,0.7709
2015-05-01T02:06:59.637Z,1252.3582,1600.6524,228.6591,7,0.7818,1356.4273,1765.6532,229.6893,7.6871,0.7688,1731.1168,2257.4383,228.224,9.8909,0.7681
2015-05-01T02:07:59.882Z,1241.0474,1595.3482,228.5273,6.9806,0.779,1343.943,1743.1546,229.2629,7.6037,0.7706,1739.911,2262.0421,228.2232,9.9113,0.77
2015-05-01T02:08:59.265Z,1241.8639,1593.7916,228.4688,6.9755,0.7797,1350.5891,1746.4629,229.3096,7.6163,0.7724,1742.7751,2262.7339,228.1844,9.9158,0.77
2015-05-01T02:09:59.628Z,1246.649,1593.7678,228.3401,6.9798,0.7819,1362.4843,1754.6243,229.2023,7.6551,0.7776,1748.6988,2268.0047,228.0844,9.9438,0.7702
2015-05-01T02:10:59.861Z,1253.3713,1618.5763,228.4507,7.084,0.7747,1356.4007,1722.8583,227.1887,7.5824,0.7874,1804.0156,2303.2115,228.532,10.0778,0.7843
2015-05-01T02:11:59.016Z,1294.3267,1655.8513,228.8577,7.2351,0.7813,1379.2255,1748.977,226.9259,7.7072,0.7887,1828.221,2313.8379,228.1577,10.141,0.7892
2015-05-01T02:12:59.091Z,787.8855,1015.8342,229.0751,4.45,0.5158,852.5453,1117.7272,230.1806,4.872,0.4298,1174.192,1493.7928,228.3921,6.5655,0.8069
2015-05-01T02:13:59.436Z,6.2005,68.2369,230.114,0.2965,0.0929,-7.6212,61.0037,231.2604,0.264,-0.1275,24.4401,73.8247,230.7985,0.3204,0.2554
2015-05-01T02:14:59.768Z,6.0196,68.7655,230.253,0.2989,0.0891,-7.284,63.8738,231.4241,0.2758,-0.117,11.4096,64.6816,230.9755,0.2803,0.1768
2015-05-01T02:15:59.017Z,6.8408,69.0328,230.2749,0.2999,0.1021,-7.9851,63.1685,231.2474,0.2728,-0.1306,11.2282,64.7309,231.5598,0.2793,0.1742
2015-05-01T02:16:59.306Z,6.4864,69.7204,230.0259,0.3033,0.0948,-7.7158,61.4986,231.2868,0.2663,-0.1254,11.8721,64.3387,231.8178,0.2772,0.1853
2015-05-01T02:17:59.608Z,6.4188,68.1997,230.1259,0.296,0.0973,-7.0286,62.0134,230.9042,0.2688,-0.1138,11.7131,63.4102,232.328,0.2729,0.1865
2015-05-01T02:18:59.712Z,6.139,68.6096,229.9422,0.2977,0.0908,-7.317,62.6949,231.4192,0.2721,-0.1193,11.6254,63.4042,232.3014,0.2731,0.186
2015-05-01T02:19:59.157Z,5.6437,69.244,229.9769,0.3009,0.0819,-7.155,64.1564,231.2153,0.2778,-0.1131,11.4054,64.2506,231.6907,0.2774,0.1784
2015-05-01T02:20:59.395Z,6.8854,69.373,229.6818,0.3021,0.1005,-7.1327,62.5741,230.8498,0.2704,-0.113,11.5807,62.5678,231.2998,0.2711,0.186
2015-05-01T02:21:59.640Z,6.178,70.5112,229.5591,0.3074,0.0872,-7.2834,62.8163,230.8501,0.2723,-0.1179,11.0477,64.5475,231.4052,0.2787,0.1717
2015-05-01T02:22:59.991Z,6.3827,70.0895,229.5616,0.3054,0.0919,-8.0489,61.8198,230.8212,0.2681,-0.1334,11.3121,65.993,231.5936,0.2849,0.1731
2015-05-01T02:23:59.353Z,6.3064,67.7742,229.5274,0.2956,0.0938,-7.5674,61.5203,229.7917,0.2677,-0.1278,11.6494,63.3051,231.8054,0.2732,0.1856
2015-05-01T02:24:59.892Z,6.558,70.0713,229.9461,0.3042,0.0925,-7.7988,61.6767,227.9189,0.2708,-0.1299,11.5341,64.2517,232.5077,0.2763,0.1811
2015-05-01T02:25:59.253Z,6.6741,69.7673,230.074,0.3029,0.0976,-7.6467,62.6667,230.1322,0.2727,-0.1226,10.9491,64.5152,232.7478,0.2767,0.1704
2015-05-01T02:26:59.897Z,6.2896,69.2202,230.1027,0.3007,0.0905,-7.7921,62.0859,230.8125,0.2685,-0.1276,11.7349,65.7723,232.3176,0.2834,0.1784
2015-05-01T02:27:59.121Z,6.489,70.1302,230.3103,0.3043,0.0936,-7.8322,64.1363,230.728,0.2786,-0.1226,11.47,62.9666,231.8476,0.272,0.1821
2015-05-01T02:28:59.516Z,6.3757,68.291,230.5073,0.2965,0.0947,-7.4497,62.0998,230.0303,0.2701,-0.1236,11.7973,63.586,231.6984,0.2743,0.1896
2015-05-01T02:29:59.862Z,6.2267,69.1854,230.4715,0.3,0.0915,-7.676,62.1566,229.9872,0.2705,-0.1243,11.042,63.3304,232.1977,0.2726,0.1748
2015-05-01T02:30:59.303Z,6.6808,70.2519,230.3984,0.3044,0.0946,-7.6101,62.2072,230.632,0.2697,-0.1228,11.6497,63.7523,232.3248,0.2749,0.1842
2015-05-01T02:31:59.869Z,6.7107,69.1999,230.4029,0.3004,0.0967,-7.1101,62.6063,230.4276,0.2718,-0.1144,11.748,63.0999,232.5359,0.2715,0.1869
2015-05-01T02:32:59.157Z,6.7663,68.3108,230.5669,0.2963,0.101,-8.0358,62.1658,229.5442,0.2712,-0.1346,11.6981,63.8984,232.8346,0.2743,0.1844
2015-05-01T02:33:59.438Z,6.211,69.4366,230.9832,0.3003,0.0917,-8.1604,60.4753,227.5196,0.2662,-0.1362,11.5964,66.0568,233.3318,0.2832,0.1803
2015-05-01T02:34:59.711Z,6.598,69.0244,231.2018,0.2978,0.0958,-7.9477,62.9604,227.8481,0.2765,-0.1274,11.3545,64.5663,233.3825,0.2767,0.1777
2015-05-01T02:35:59.030Z,7.2697,70.9962,231.3051,0.307,0.1031,-7.4102,62.6827,227.6826,0.2761,-0.121,11.5082,64.1752,233.3509,0.2751,0.1802
2015-05-01T02:36:59.538Z,6.56,69.7657,231.7425,0.3013,0.0945,-7.3862,63.1271,227.7413,0.2774,-0.1207,11.6898,63.9175,232.766,0.2749,0.1834
2015-05-01T02:37:59.786Z,7.0597,69.4086,231.6448,0.2993,0.1037,-7.5271,61.1252,227.4664,0.269,-0.1293,11.96,61.4904,232.6481,0.2643,0.2002
2015-05-01T02:38:59.102Z,6.509,69.6923,230.9737,0.3017,0.0933,-7.462,62.1104,227.41,0.2734,-0.1253,11.5277,63.5253,233.1249,0.2727,0.1834
2015-05-01T02:39:59.345Z,7.067,69.583,230.6038,0.3016,0.1019,-8.1345,62.279,227.2723,0.2738,-0.1308,11.1204,64.604,232.7626,0.2779,0.171
2015-05-01T02:40:59.654Z,6.7034,69.804,230.796,0.3025,0.0962,-8.2433,61.6156,227.098,0.2709,-0.1375,11.7892,64.5488,232.1192,0.2781,0.1823
2015-05-01T02:41:59.917Z,6.8439,70.5088,230.5471,0.3059,0.0977,-7.8966,61.8436,227.4543,0.2718,-0.1286,11.5778,65.2879,232.9029,0.2807,0.1776
2015-05-01T02:42:59.319Z,6.234,68.9529,230.1431,0.2998,0.0926,-7.4262,62.5977,227.3418,0.2758,-0.1227,11.6512,63.972,233.1572,0.2744,0.1847
2015-05-01T02:43:59.491Z,6.8492,68.502,230.2676,0.2971,0.1013,-8.0932,61.6212,227.633,0.2704,-0.1369,10.7603,64.211,233.088,0.2754,0.1722
2015-05-01T02:44:59.674Z,6.5852,68.8732,229.8133,0.2995,0.0973,-7.4044,61.8165,230.8912,0.268,-0.1204,11.3576,63.1846,231.9538,0.2721,0.1815
2015-05-01T02:45:59.984Z,6.3843,70.0467,229.1707,0.3054,0.0916,-7.726,63.9949,231.0858,0.2771,-0.1246,11.4722,63.4463,231.9213,0.2728,0.1815
2015-05-01T02:46:59.325Z,6.3922,69.6076,229.1675,0.3035,0.0935,-7.5615,62.7903,230.407,0.2722,-0.1237,11.1266,63.6318,231.1992,0.2751,0.1747
2015-05-01T02:47:59.713Z,6.7465,69.1293,229.2361,0.3014,0.0995,-7.6767,61.4929,227.6964,0.2703,-0.1299,11.1504,62.553,232.1927,0.2696,0.1836
2015-05-01T02:48:59.016Z,6.7354,69.1399,229.7192,0.3008,0.0977,-7.622,59.9051,226.9952,0.264,-0.1276,11.4753,64.3322,232.6182,0.2764,0.1792
2015-05-01T02:49:59.321Z,6.4304,69.0166,229.8174,0.3005,0.0948,-7.7837,61.5208,227.6441,0.2701,-0.1275,11.1251,65.989,232.5631,0.2835,0.17
2015-05-01T02:50:59.555Z,6.4611,68.8708,229.7019,0.2996,0.0936,-7.939,60.9336,229.8836,0.2653,-0.1308,11.0986,64.056,231.7593,0.2764,0.1757
2015-05-01T02:51:59.830Z,6.1186,68.3715,229.6712,0.2977,0.0912,-7.5833,62.3543,229.6232,0.2718,-0.1236,11.4563,62.161,232.3804,0.2677,0.1878
2015-05-01T02:52:59.186Z,5.9924,69.093,229.8191,0.3008,0.0879,-7.675,60.2162,230.0597,0.2618,-0.1306,11.5466,63.9223,233.1126,0.2739,0.1866
2015-05-01T02:53:59.465Z,6.1337,69.7063,229.5437,0.3041,0.0877,-7.5519,62.617,229.7244,0.273,-0.1225,11.3051,66.1424,233.0771,0.2835,0.1723
2015-05-01T02:54:59.697Z,6.4787,69.7845,229.7767,0.3037,0.0935,-7.8011,61.686,226.9549,0.2723,-0.1269,11.6518,64.372,233.7999,0.2758,0.1809
2015-05-01T02:55:59.945Z,6.6182,68.3353,229.4042,0.2976,0.0972,-8,61.5115,227.162,0.2711,-0.1318,11.7102,65.0164,233.4293,0.2784,0.1799
2015-05-01T02:56:59.154Z,6.2357,69.1646,228.8597,0.3021,0.0919,-8.0222,61.7119,229.8546,0.269,-0.1315,11.6829,65.1211,232.1271,0.2804,0.1808
2015-05-01T02:57:59.379Z,6.2072,68.6122,229.1296,0.2993,0.0913,-7.3509,61.2459,230.4234,0.2658,-0.1248,11.3764,63.9192,232.0668,0.2757,0.1799
2015-05-01T02:58:59.795Z,6.6084,69.1209,229.1656,0.3015,0.0959,-7.9345,62.2763,231.4363,0.2689,-0.1304,11.3601,63.9842,232.1995,0.2756,0.1779
2015-05-01T02:59:59.007Z,6.5009,69.9669,229.4009,0.305,0.0933,-7.0576,61.8396,231.8947,0.2672,-0.1149,10.6331,64.8158,231.7034,0.2799,0.1643
