2015-05-21T00:00:59.356Z,4.2533,68.103,231.246,0.2946,0.0626,-6.1326,61.5712,230.5454,0.2676,-0.0993,11.4268,62.84,230.7361,0.272,0.1831
2015-05-21T00:01:59.628Z,4.4763,70.4124,231.2456,0.3048,0.0642,-6.6458,60.9103,230.2764,0.2646,-0.1093,10.9689,63.9082,230.0965,0.2775,0.1729
2015-05-21T00:02:59.850Z,4.4576,69.8129,231.0827,0.3013,0.0636,-6.4378,63.1769,230.8202,0.2736,-0.1052,11.0885,62.6407,230.5513,0.2721,0.1822
2015-05-21T00:03:59.559Z,4.6699,69.3608,230.4133,0.3011,0.0666,-6.5198,62.045,230.2682,0.2696,-0.1082,11.3256,62.2142,230.0607,0.2703,0.1856
2015-05-21T00:04:59.901Z,4.6924,68.7455,230.9877,0.2982,0.0696,-6.5178,62.1588,230.8557,0.2698,-0.1086,10.5611,63.8943,230.5882,0.277,0.1688
2015-05-21T00:05:59.478Z,4.9363,70.0296,231.7534,0.3026,0.0701,-6.1657,62.67,231.6231,0.2706,-0.1007,11.6008,64.3908,231.2982,0.2786,0.1803
2015-05-21T00:06:59.778Z,4.6524,70.2862,231.7166,0.3033,0.0668,-6.4502,63.1614,231.1421,0.2732,-0.1035,10.683,63.6147,231.7681,0.2743,0.1689
2015-05-21T00:07:59.967Z,4.2607,69.9492,231.9136,0.3014,0.0613,-6.3826,63.1609,231.3696,0.2729,-0.1015,10.9589,64.0022,231.968,0.2755,0.1721
2015-05-21T00:08:59.552Z,4.3686,69.2001,231.9408,0.298,0.0642,-6.6067,62.2657,231.357,0.269,-0.1076,11.2135,64.2156,232.0181,0.2766,0.1736
2015-05-21T00:09:59.865Z,4.8434,70.4703,231.8493,0.304,0.0678,-6.096,63.32,231.75,0.2735,-0.0992,11.5915,63.8965,231.7819,0.2759,0.1811
2015-05-21T00:10:59.115Z,4.3081,68.6687,231.7432,0.2959,0.0641,-6.1867,64.0219,231.7642,0.2761,-0.0986,11.0961,65.6006,231.7066,0.2829,0.1691
2015-05-21T00:11:59.299Z,4.3065,69.3901,231.9592,0.2992,0.0623,-6.538,63.1376,231.7212,0.2729,-0.1049,11.163,64.0237,231.8426,0.276,0.1752
2015-05-21T00:12:59.790Z,4.7995,69.2255,231.8783,0.2988,0.0692,-6.8611,63.4061,232.0153,0.2739,-0.1097,11.3134,64.6935,231.701,0.2792,0.1764
2015-05-21T00:13:59.295Z,4.6034,70.1942,232.0647,0.3026,0.0659,-7.0764,62.2538,231.9876,0.268,-0.1157,11.7053,63.4848,231.956,0.2741,0.1852
2015-05-21T00:14:59.486Z,4.8288,69.4079,232.2384,0.2985,0.0693,-6.6947,62.6768,232.164,0.2701,-0.1066,11.3665,63.6848,232.2179,0.2741,0.1782
2015-05-21T00:15:59.351Z,4.476,70.2448,231.8819,0.3026,0.0649,-6.6087,60.4852,231.6942,0.261,-0.1096,11.144,62.4341,232.2614,0.2689,0.1792
2015-05-21T00:16:59.625Z,4.4567,69.3971,231.5662,0.2999,0.0651,-6.7823,63.1592,231.7057,0.2726,-0.1109,11.2988,63.6996,232.1644,0.2745,0.1798
2015-05-21T00:17:59.091Z,4.8277,70.6554,231.9256,0.3043,0.0673,-6.6817,62.787,231.7883,0.2711,-0.1071,11.344,63.0421,232.3459,0.2712,0.1843
2015-05-21T00:18:59.397Z,4.4795,70.5021,232.3825,0.3029,0.0629,-7.1113,62.4107,231.9389,0.2691,-0.1178,11.9051,63.4531,232.4526,0.2737,0.1909
2015-05-21T00:19:59.862Z,4.2952,69.7054,232.4773,0.3002,0.0609,-6.2817,61.1139,231.8921,0.2634,-0.1036,11.4585,64.5671,232.7408,0.2776,0.1789
2015-05-21T00:20:59.121Z,5.1691,70.6888,232.3828,0.3041,0.0731,-6.9308,62.6698,231.4256,0.2711,-0.111,11.5128,65.885,232.6907,0.2832,0.1758
2015-05-21T00:21:59.344Z,4.1745,70.7004,232.4991,0.304,0.0607,-6.7327,64.1819,232.0614,0.2768,-0.1062,11.2579,63.4089,232.4204,0.2731,0.1777
2015-05-21T00:22:59.913Z,4.8322,71.3688,232.533,0.3074,0.0674,-6.5767,63.161,231.7179,0.2724,-0.1074,11.5957,63.2977,231.6264,0.2727,0.1841
2015-05-21T00:23:59.859Z,4.4521,70.1133,232.6527,0.301,0.0652,-6.8308,62.3653,232.0481,0.2687,-0.1109,10.9285,62.5343,231.7581,0.2697,0.1754
2015-05-21T00:24:59.151Z,4.3423,70.0702,232.5731,0.3018,0.0627,-6.8157,62.7693,231.8719,0.2706,-0.111,11.0257,62.7679,231.6967,0.2704,0.1763
2015-05-21T00:25:59.539Z,6.144,70.0933,232.6832,0.3009,0.0893,-6.9754,63.0014,231.7129,0.2718,-0.1119,11.1002,64.0596,232.0225,0.2758,0.1754
2015-05-21T00:26:59.413Z,6.5662,70.4691,232.7595,0.3023,0.0938,-6.8177,63.0634,231.6711,0.272,-0.1092,11.1315,64.2651,232.267,0.2767,0.1735
2015-05-21T00:27:59.617Z,6.6235,69.7318,232.3767,0.2998,0.0952,-7.5326,62.8969,232.0397,0.271,-0.1207,11.6288,63.4944,232.276,0.2731,0.1831
2015-05-21T00:28:59.877Z,6.3325,70.6602,232.8431,0.3033,0.0911,-7.1838,62.9514,231.6337,0.2722,-0.1152,11.4192,63.8687,232.0503,0.2754,0.1802
2015-05-21T00:29:59.525Z,6.3279,70.5507,232.5159,0.303,0.0902,-7.1673,61.5937,231.5551,0.2662,-0.1155,11.1434,65.4187,231.7392,0.2822,0.17
2015-05-21T00:30:59.124Z,6.358,69.1198,232.1257,0.2978,0.0938,-7.6042,63.6487,230.8771,0.2762,-0.1208,11.2867,62.6886,231.6138,0.2704,0.1811
2015-05-21T00:31:59.874Z,6.0422,70.3529,232.6091,0.3022,0.0871,-7.9445,60.0821,231.6098,0.2598,-0.134,11.2843,62.0837,231.9858,0.2674,0.1829
2015-05-21T00:32:59.040Z,6.7029,70.941,232.6038,0.3052,0.0953,-7.3702,62.5479,232.0801,0.2693,-0.1188,11.7308,63.7203,232.2378,0.2738,0.1841
2015-05-21T00:33:59.397Z,6.5248,68.9773,232.3975,0.2968,0.0956,-7.2655,60.2298,232.0062,0.2591,-0.1236,11.8112,62.7714,232.3371,0.2702,0.1929
2015-05-21T00:34:59.648Z,6.2193,70.483,232.4291,0.3032,0.0896,-7.5776,61.6941,231.9969,0.2655,-0.124,11.6846,62.3499,232.3173,0.2689,0.1876
2015-05-21T00:35:59.035Z,5.9973,71.2142,232.8036,0.3059,0.0842,-7.2496,63.0146,231.5093,0.2726,-0.1169,11.5518,63.7632,232.7564,0.2738,0.1806
2015-05-21T00:36:59.309Z,7.1555,69.0971,232.6159,0.2968,0.1047,-7.5129,64.0797,232.0857,0.276,-0.1214,11.865,63.0011,232.4229,0.2714,0.1929
2015-05-21T00:37:59.637Z,6.4476,69.9888,232.7746,0.3008,0.0931,-7.321,63.224,232.7377,0.2712,-0.1175,10.6827,64.7389,232.6876,0.2782,0.1665
2015-05-21T00:38:59.583Z,6.3916,69.7459,232.8208,0.2998,0.0926,-7.7448,62.9798,232.8215,0.2705,-0.1249,11.8267,65.6,232.6665,0.282,0.1803
2015-05-21T00:39:59.821Z,6.8571,70.9474,231.9873,0.3056,0.0974,-7.1356,61.837,232.3871,0.2659,-0.1166,11.0926,65.1409,232.3066,0.2804,0.1712
2015-05-21T00:40:59.020Z,6.456,69.9838,231.359,0.3028,0.0933,-7.1997,62.3032,232.5176,0.268,-0.1187,11.0262,64.8071,232.2954,0.2791,0.1711
2015-05-21T00:41:59.234Z,6.1321,69.0001,231.351,0.2984,0.0908,-6.9244,62.4971,232.3952,0.2691,-0.1134,11.3796,64.0746,232.1581,0.2755,0.178
2015-05-21T00:42:59.549Z,4.5921,68.5736,231.741,0.2952,0.068,-6.859,59.9969,232.9044,0.2571,-0.1157,11.1465,63.0168,232.0589,0.2718,0.1847
2015-05-21T00:43:59.817Z,4.4007,68.4037,232.1818,0.295,0.0659,-7.0138,60.7645,232.3465,0.2615,-0.1213,11.8523,62.5937,231.7422,0.2704,0.1897
2015-05-21T00:44:59.554Z,5.2366,69.6093,232.0542,0.2996,0.0749,-6.333,61.8942,232.7003,0.2664,-0.1041,11.4164,62.4101,232.1223,0.269,0.1828
2015-05-21T00:46:59.456Z,4.6662,69.6767,232.1735,0.2997,0.0679,-6.7874,62.247,232.8779,0.2673,-0.113,11.2652,65.5275,232.5548,0.2815,0.1737
2015-05-21T00:47:59.850Z,4.2801,68.3321,232.3852,0.294,0.0625,-6.3175,62.7428,233.037,0.2687,-0.1034,11.0002,62.859,232.7818,0.2698,0.1826
2015-05-21T00:48:59.180Z,4.7255,69.4554,232.7088,0.2983,0.0676,-7.056,62.3703,232.7709,0.2683,-0.1144,11.7521,64.6674,233.33,0.2774,0.1827
2015-05-21T00:49:59.985Z,5.0729,70.3245,233.0134,0.3018,0.073,-6.6489,64.3558,232.6827,0.2771,-0.1043,11.4918,65.3975,233.2624,0.2802,0.1762
2015-05-21T00:50:59.261Z,4.548,70.4169,233.0602,0.302,0.0654,-6.6624,62.7356,232.6019,0.27,-0.1087,11.5232,65.3297,233.3057,0.2796,0.1781
2015-05-21T00:51:59.703Z,4.4081,70.186,232.6993,0.3019,0.0635,-6.6793,63.9157,233.0327,0.2742,-0.1068,11.2123,64.1302,232.5991,0.2755,0.1756
2015-05-21T00:52:59.075Z,5.1234,70.0458,232.9736,0.3004,0.0738,-6.6502,62.8957,233.3579,0.2697,-0.1097,10.8139,64.7594,232.9661,0.2781,0.1717
2015-05-21T00:53:59.276Z,4.9116,69.2684,233.0411,0.2967,0.0707,-6.8374,62.3099,233.411,0.2675,-0.1103,11.9536,64.8749,232.9429,0.2782,0.186
2015-05-21T00:54:59.202Z,4.5889,70.4973,232.6299,0.3029,0.0643,-6.7329,61.2359,233.0425,0.263,-0.1118,11.4104,66.1015,232.2509,0.2847,0.1735
2015-05-21T00:55:59.654Z,4.7134,69.4608,232.4742,0.299,0.0692,-7.1364,63.5598,232.9547,0.2729,-0.1124,11.5798,65.8058,232.3213,0.2836,0.1771
2015-05-21T00:56:59.893Z,4.8514,69.3553,232.5023,0.2984,0.0718,-6.8334,62.4033,232.8926,0.2679,-0.1113,11.9402,63.4396,232.6143,0.2726,0.1891
2015-05-21T00:57:59.259Z,4.4222,70.8892,232.2589,0.3052,0.0636,-6.8948,63.0289,233.0383,0.2702,-0.1094,11.257,64.8104,232.8027,0.2784,0.1753
2015-05-21T00:58:59.733Z,5.1196,69.8624,232.3183,0.3007,0.0743,-7.2838,64.0174,232.6537,0.2745,-0.1147,11.4396,64.2233,232.7133,0.2758,0.179
