2015-02-12T00:00:59.468Z,1114.6122,1538.5862,231.2206,6.654,0.7241,1184.7913,1606.4836,229.9024,6.9872,0.7374,1649.6496,2170.9467,230.4768,9.4196,0.7601
2015-02-12T00:01:59.377Z,1104.5986,1522.6032,230.3077,6.6116,0.7252,1177.9709,1583.709,228.7352,6.9232,0.7437,1648.3058,2162.3481,229.9316,9.4047,0.7606
2015-02-12T00:02:59.573Z,1124.604,1549.8363,231.9828,6.6806,0.7254,1187.1676,1623.5997,230.2564,7.0513,0.7312,1640.2118,2167.7513,230.609,9.4,0.758
2015-02-12T00:03:59.208Z,1103.167,1541.1952,231.5633,6.6557,0.7162,1169.9305,1590.812,229.8444,6.9216,0.7351,1651.9827,2177.9653,230.9027,9.4319,0.7598
2015-02-12T00:04:59.769Z,1111.5463,1555.6163,231.7154,6.7135,0.7145,1178.2892,1596.2561,229.8515,6.9451,0.7389,1671.5011,2198.9926,231.3795,9.5038,0.7601
2015-02-12T00:05:59.106Z,1106.1435,1542.6659,231.8482,6.654,0.7168,1182.1976,1607.7466,230.3836,6.9785,0.7349,1653.1019,2187.4956,231.1992,9.4619,0.7568
2015-02-12T00:06:59.409Z,1152.7932,1567.6574,231.029,6.7859,0.7356,1248.8044,1662.3179,230.7582,7.2038,0.751,1693.3178,2228.8953,230.9363,9.6517,0.7602
2015-02-12T00:07:59.647Z,1148.5814,1545.2,231.1801,6.6839,0.7262,1236.0432,1647.7651,231.0451,7.133,0.7387,1657.2788,2171.6098,230.4704,9.4253,0.7653
2015-02-12T00:08:59.913Z,4.0256,42.706,232.2902,0.1832,0.094,1.8273,23.6347,232.7446,0.1012,0.0943,111.8357,136.1669,234.13,0.5821,0.5165
2015-02-12T00:09:59.417Z,5.3122,42.3338,232.917,0.1814,0.1253,1.984,24.6398,231.6786,0.106,0.0887,4.2848,26.5649,233.688,0.1137,0.1832
2015-02-12T00:10:59.505Z,5.816,42.2455,232.443,0.1813,0.1384,1.971,23.7787,231.2901,0.1032,0.0929,3.6393,26.3539,233.7173,0.113,0.164
2015-02-12T00:11:59.753Z,5.9554,42.0175,231.8146,0.1811,0.1432,1.7632,23.0108,230.9553,0.0998,0.0851,3.7305,27.2954,233.8736,0.1167,0.1592
2015-02-12T00:12:59.054Z,5.9753,42.7628,233.0306,0.1831,0.1393,1.4328,23.5176,232.4121,0.1008,0.0904,4.1362,26.3146,234.107,0.1127,0.1771
2015-02-12T00:13:59.436Z,4.7998,42.0152,232.4356,0.181,0.1145,1.5047,21.9393,232.0387,0.0945,0.0936,4.5608,26.8321,234.1204,0.1145,0.18
2015-02-12T00:14:59.058Z,4.7021,41.3382,231.6884,0.1784,0.1135,1.7127,22.5481,231.9607,0.0975,0.0831,4.5377,28.3945,233.1547,0.1216,0.1782
2015-02-12T00:15:59.327Z,4.8398,42.7608,232.1452,0.1843,0.1141,1.346,26.2371,232.1596,0.1134,0.074,4.232,25.1089,233.0965,0.1078,0.1837
2015-02-12T00:16:59.482Z,5.6603,42.2049,232.2571,0.1815,0.1347,1.989,23.1058,232.4678,0.0993,0.1036,4.4237,27.44,233.5329,0.1174,0.1775
2015-02-12T00:17:59.808Z,5.941,42.7586,232.6742,0.1837,0.1403,1.3618,24.7126,232.3571,0.1064,0.0644,3.7526,26.4854,232.7079,0.1137,0.1607
2015-02-12T00:18:59.605Z,5.3913,41.3648,233.5314,0.1771,0.1322,1.6764,21.5836,231.8636,0.093,0.0844,3.9358,28.4012,232.3573,0.1224,0.1629
2015-02-12T00:19:59.114Z,5.7617,42.8893,233.2042,0.1841,0.135,1.5971,23.0221,231.5939,0.0991,0.0779,3.5733,26.5844,231.643,0.1144,0.1574
2015-02-12T00:20:59.354Z,6.1874,41.9246,233.4263,0.1797,0.1487,1.8997,23.357,232.3267,0.1008,0.0916,2.8934,27.014,231.7359,0.1173,0.139
2015-02-12T00:21:59.039Z,5.3474,42.8214,233.073,0.1839,0.1259,1.3182,22.8716,232.3414,0.0981,0.0806,3.4436,27.4553,231.699,0.1188,0.1543
2015-02-12T00:22:59.298Z,5.6091,43.001,233.6352,0.1837,0.1315,1.722,24.0333,232.5433,0.1029,0.0799,3.7918,28.013,233.3009,0.1195,0.158
2015-02-12T00:23:59.684Z,5.7867,42.2947,233.8196,0.1805,0.1371,1.8539,24,231.4655,0.1041,0.0834,4.1685,28.0164,234.3568,0.12,0.1736
2015-02-12T00:24:59.324Z,5.8956,42.4749,233.3997,0.1819,0.1399,1.3671,23.8233,231.2283,0.1034,0.0758,3.4959,28.2317,233.8174,0.1208,0.1471
2015-02-12T00:25:59.165Z,5.5597,42.1112,233.0366,0.1813,0.1329,2.0319,22.8592,233.1498,0.098,0.0952,4.1777,27.7113,233.9973,0.1184,0.1715
2015-02-12T00:26:59.591Z,5.4083,42.8355,233.3488,0.1837,0.1278,1.9786,23.3934,233.2288,0.1003,0.0934,3.5413,26.6614,233.7651,0.1139,0.1587
2015-02-12T00:27:59.159Z,5.6278,42.6841,232.8791,0.1834,0.1327,1.6798,24.1523,232.766,0.104,0.0819,3.9753,27.7553,232.8732,0.1193,0.1683
2015-02-12T00:28:59.280Z,5.3323,42.4581,232.9715,0.1829,0.1274,2.267,26.042,232.5652,0.1123,0.0904,3.6288,26.6337,232.6751,0.1149,0.1621
2015-02-12T00:29:59.633Z,6.1677,43.1419,232.1353,0.1858,0.1441,1.3909,23.9902,231.4393,0.104,0.0691,3.8202,26.4121,232.0098,0.114,0.1669
2015-02-12T00:30:59.016Z,5.8997,41.976,231.8717,0.1813,0.1407,1.3459,22.4857,231.0816,0.0974,0.0776,4.0607,27.0502,231.8169,0.117,0.1742
2015-02-12T00:31:59.704Z,5.3209,41.0707,232.3162,0.1765,0.1314,2.5749,22.4615,230.2955,0.098,0.1204,3.9358,27.6111,231.6053,0.1191,0.1638
2015-02-12T00:32:59.385Z,4.6935,41.6952,232.2562,0.1796,0.113,1.4007,23.6722,232.1209,0.1018,0.0682,4.1698,28.234,233.0969,0.1211,0.166
2015-02-12T00:33:59.432Z,5.1558,42.8466,232.0399,0.1851,0.1225,1.9124,23.9016,232.4287,0.1027,0.0963,3.9037,27.1137,233.6024,0.1162,0.1674
2015-02-12T00:34:59.687Z,5.0314,42.5299,231.9003,0.1835,0.1208,1.9185,23.3708,231.9405,0.1011,0.1005,3.6334,27.2331,233.3288,0.1173,0.1522
2015-02-12T00:35:59.973Z,5.0811,42.133,232.1449,0.1815,0.1214,1.874,22.1416,232.1771,0.0954,0.0973,3.7331,27.5451,233.6578,0.1185,0.1578
2015-02-12T00:36:59.477Z,5.4997,42.2742,233.0686,0.1813,0.13,1.5094,23.8283,232.0678,0.1027,0.0804,4.4252,26.7493,233.7381,0.114,0.1882
2015-02-12T00:37:59.691Z,5.5502,43.1962,233.2879,0.1852,0.1304,1.7236,23.0992,231.9359,0.0999,0.0912,3.9642,26.8363,233.173,0.1149,0.1687
2015-02-12T00:38:59.903Z,5.8431,43.3258,232.7782,0.186,0.1376,1.8892,24.381,232.0531,0.1051,0.0865,3.9062,26.1004,233.4707,0.1116,0.1724
2015-02-12T00:39:59.627Z,5.2311,42.6584,232.5296,0.1833,0.1236,1.8482,24.0118,231.517,0.104,0.0917,4.0003,27.2442,233.0562,0.1174,0.1659
2015-02-12T00:40:59.130Z,4.6022,42.3452,232.8718,0.1821,0.1071,1.5459,22.9663,231.5326,0.0992,0.0874,3.9718,27.3195,233.3446,0.117,0.1689
2015-02-12T00:41:59.459Z,5.7199,42.6414,233.3678,0.183,0.1338,1.9009,22.2588,230.7396,0.0962,0.0943,3.7898,26.8151,232.8554,0.1152,0.1625
2015-02-12T00:42:59.752Z,5.8612,42.7564,233.5748,0.1831,0.139,1.7215,23.8053,232.3655,0.103,0.0799,4.2147,27.5298,234.0919,0.1173,0.1699
2015-02-12T00:43:59.261Z,5.8801,42.3473,233.3199,0.1812,0.1396,2.0448,22.7849,231.5133,0.098,0.1007,4.0226,27.0666,233.6874,0.1156,0.1767
2015-02-12T00:44:59.213Z,5.9879,41.8911,232.5701,0.179,0.1444,1.9922,24.5679,231.9622,0.1058,0.0856,3.4803,27.3273,233.2277,0.1171,0.1558
2015-02-12T00:45:59.487Z,5.2866,42.7773,232.8096,0.1836,0.126,1.82,21.8474,229.9176,0.0949,0.0965,4.1077,27.5469,234.5603,0.1175,0.1688
2015-02-12T00:46:59.745Z,6.0173,42.9531,232.6143,0.1846,0.1416,1.9067,22.5932,229.637,0.0982,0.0937,4.0487,27.5084,235.1204,0.1175,0.1712
2015-02-12T00:47:59.965Z,4.9952,42.2824,233.644,0.1811,0.1172,1.2829,22.8295,230.899,0.0989,0.061,3.6117,28.1765,234.4952,0.1208,0.1548
2015-02-12T00:48:59.374Z,4.8781,42.8233,233.3918,0.183,0.1138,1.668,22.1369,231.5416,0.0957,0.0837,3.8008,27.6488,233.9541,0.1184,0.1687
2015-02-12T00:49:59.682Z,5.6151,43.5922,232.963,0.1871,0.1312,1.203,23.4856,230.8829,0.1016,0.0658,3.654,25.6854,233.4323,0.1107,0.1665
2015-02-12T00:50:59.983Z,5.9303,43.0453,232.5308,0.1847,0.141,2.1412,25.5535,231.1954,0.1111,0.0864,3.0223,26.7944,233.8273,0.1146,0.1424
2015-02-12T00:51:59.451Z,5.3707,41.6136,231.9231,0.1797,0.1291,1.2626,21.8021,230.6864,0.0946,0.0697,3.7762,27.8477,233.3963,0.1194,0.1586
2015-02-12T00:52:59.479Z,5.9569,42.8237,233.5525,0.183,0.139,1.0555,23.3419,232.0826,0.1009,0.0592,4.5834,27.5669,233.426,0.1179,0.1848
2015-02-12T00:53:59.678Z,5.7567,43.1822,233.3341,0.1853,0.1345,1.7115,22.9937,232.2895,0.0993,0.0783,3.5102,27.4818,233.7648,0.1168,0.1478
2015-02-12T00:54:59.918Z,6.3679,42.1096,232.9957,0.1807,0.1501,1.4738,24.3164,232.2734,0.1047,0.0722,3.5547,27.9868,233.7418,0.1195,0.1567
2015-02-12T00:55:59.654Z,4.8753,42.1702,233.3324,0.1803,0.118,1.5867,23.3568,232.2199,0.1,0.0857,3.8752,28.2374,233.8111,0.1208,0.1583
2015-02-12T00:56:59.997Z,5.8863,43.24,233.1771,0.1855,0.136,2.0429,25.1409,232.2849,0.1085,0.0947,3.4489,25.9391,233.6233,0.111,0.1624
2015-02-12T00:57:59.561Z,6.142,42.9572,233.2082,0.184,0.1421,1.6676,25.6919,231.8104,0.1109,0.0747,3.7139,26.2087,232.9277,0.1124,0.1703
2015-02-12T00:58:59.288Z,5.7441,43.1793,233.5736,0.1851,0.1353,2.2936,23.1556,231.8818,0.0998,0.1018,3.8695,26.6838,232.8547,0.1148,0.1679
2015-02-12T00:59:59.621Z,3.9753,41.9003,232.5634,0.1799,0.0947,1.0307,24.2574,231.1165,0.1045,0.0564,4.2167,28.2118,232.1496,0.1214,0.1723
2015-02-12T01:00:59.138Z,4.4571,42.3556,232.1734,0.1819,0.1068,1.706,26.1301,231.0516,0.1137,0.073,3.4759,27.3151,232.112,0.1179,0.1493
2015-02-12T01:01:59.618Z,5.5951,42.7427,232.0198,0.1842,0.1338,1.5202,22.9393,230.3129,0.0995,0.0868,3.9431,26.2005,232.3215,0.1129,0.1669
2015-02-12T01:02:59.864Z,5.3752,42.6064,233.1787,0.1825,0.1277,1.6928,24.2633,231.7529,0.105,0.0753,3.8123,27.209,232.1511,0.1172,0.1621
2015-02-12T01:03:59.294Z,5.534,42.065,233.4676,0.18,0.1338,2.127,21.7716,231.9702,0.0936,0.1017,3.4737,27.9863,232.0658,0.1216,0.1511
2015-02-12T01:04:59.010Z,5.9799,42.6571,233.6568,0.1829,0.1408,1.4047,22.7775,232.3868,0.0984,0.0778,3.8738,26.628,232.2892,0.1153,0.1642
2015-02-12T01:05:59.367Z,6.3846,42.7743,233.7148,0.1831,0.15,1.9251,23.0876,231.936,0.0998,0.0966,3.9031,25.9293,232.6216,0.1114,0.1764
2015-02-12T01:06:59.583Z,6.0871,43.2624,233.8314,0.1847,0.1399,1.0824,24.6704,231.6581,0.1068,0.062,4.1397,26.4509,232.7119,0.1142,0.181
2015-02-12T01:07:59.037Z,4.8346,41.938,233.0283,0.1803,0.1163,1.6062,22.2597,232.2403,0.0956,0.0844,3.9712,28.6852,233.7693,0.1227,0.1642
2015-02-12T01:08:59.502Z,5.3438,42.9041,233.8689,0.1835,0.1261,1.719,23.187,231.6095,0.1003,0.0778,4.2204,27.108,234.6405,0.1154,0.1836
2015-02-12T01:09:59.729Z,6.2491,42.8009,234.2837,0.1826,0.1466,1.2216,23.1509,229.0489,0.1008,0.063,41.1693,56.7154,234.6102,0.2415,0.5334
2015-02-12T01:10:59.346Z,4.6833,42.0908,233.8373,0.1801,0.1132,1.7788,21.1144,231.3628,0.0917,0.1023,83.1584,88.0867,232.7143,0.3784,0.946
2015-02-12T01:11:59.576Z,4.0133,42.5755,233.7435,0.1822,0.0946,2.2355,23.6742,231.4282,0.1018,0.1052,81.9935,86.7958,231.6017,0.375,0.9468
2015-02-12T01:12:59.136Z,4.1768,42.3598,233.7744,0.1814,0.0999,2.2654,23.9381,232.3238,0.1027,0.1041,83.743,88.6364,233.6203,0.3794,0.946
2015-02-12T01:13:59.085Z,5.4835,41.8353,233.501,0.1795,0.1319,1.731,21.8588,232.3064,0.0943,0.0914,83.3846,88.6049,233.6847,0.3796,0.9429
2015-02-12T01:14:59.552Z,5.8223,43.3614,233.7902,0.1853,0.1348,1.7174,24.2818,232.6205,0.1044,0.086,83.7377,87.8074,233.6188,0.3758,0.9551
2015-02-12T01:15:59.893Z,5.9877,42.4233,233.089,0.1815,0.1417,1.8327,21.8672,232.4566,0.0943,0.0871,83.6898,88.5304,233.8953,0.3779,0.9468
2015-02-12T01:16:59.322Z,4.6081,41.8587,233.1474,0.1796,0.111,2.3631,25.8466,232.0803,0.1113,0.0961,83.4853,88.1558,234.0668,0.3761,0.9493
2015-02-12T01:17:59.910Z,4.4749,42.7274,233.5185,0.1832,0.1067,1.6946,25.27,232.0442,0.1086,0.0859,83.4495,87.6772,233.8748,0.375,0.9529
2015-02-12T01:18:59.181Z,4.9574,42.6608,233.359,0.1823,0.1174,2.0236,23.6777,231.7189,0.1024,0.0954,83.8819,88.4882,233.8332,0.3784,0.9497
2015-02-12T01:19:59.923Z,5.5471,42.7686,233.1879,0.1825,0.1315,1.8536,24.6245,230.0779,0.1074,0.0783,83.5587,88.125,233.1451,0.3778,0.9493
2015-02-12T01:20:59.306Z,5.3592,42.3886,233.024,0.182,0.1278,1.4687,24.3354,229.9771,0.1063,0.0689,83.2111,87.8158,233.0587,0.3764,0.9489
2015-02-12T01:21:59.377Z,5.8243,42.6608,232.6638,0.1836,0.1376,2.0384,22.9097,231.0187,0.0993,0.0922,82.2127,86.5112,232.0081,0.3726,0.951
2015-02-12T01:22:59.683Z,5.2878,42.6626,233.5952,0.1825,0.1265,2.1707,23.6224,231.9489,0.1021,0.1053,83.0699,88.1037,233.4226,0.3776,0.9447
2015-02-12T01:23:59.062Z,4.861,42.7909,233.5087,0.1831,0.1171,2.3382,23.9681,231.8776,0.1031,0.1004,82.9736,87.518,233.47,0.3748,0.95
2015-02-12T01:24:59.428Z,4.3219,42.0409,233.478,0.1803,0.1031,1.4968,21.7957,231.7703,0.0942,0.0738,83.6116,88.597,233.6054,0.3793,0.9449
2015-02-12T01:25:59.986Z,4.2214,42.1577,232.3868,0.1809,0.1024,2.11,24.2583,232.1004,0.1046,0.0932,83.002,87.7114,233.5091,0.3757,0.9476
2015-02-12T01:26:59.331Z,5.0456,42.0571,232.2206,0.1813,0.1212,1.6119,23.0449,232.3216,0.0989,0.0873,82.5847,87.5707,233.6674,0.3751,0.9443
2015-02-12T01:27:59.593Z,5.9605,42.17,232.7107,0.1816,0.1418,1.9034,23.3154,232.5533,0.1008,0.0787,83.6058,88.4597,233.8668,0.3775,0.947
2015-02-12T01:28:59.005Z,6.084,42.9356,233.5171,0.1839,0.1423,1.5897,17.9219,231.9763,0.0774,0.105,83.6257,86.6259,233.7322,0.3704,0.966
2015-02-12T01:29:59.609Z,5.22,41.5329,233.1917,0.1784,0.1255,1.2897,21.1949,231.6599,0.0912,0.0814,82.8272,87.3611,233.1834,0.3747,0.949
2015-02-12T01:30:59.900Z,5.3738,42.8322,232.8941,0.1847,0.1265,1.6392,26.5614,231.2871,0.115,0.0807,83.2812,87.8526,232.8013,0.3772,0.9493
2015-02-12T01:31:59.156Z,5.9915,42.6176,233.1555,0.183,0.1412,1.5707,22.6061,230.338,0.0984,0.0776,82.7929,87.2726,232.0773,0.3756,0.9506
2015-02-12T01:32:59.401Z,4.8157,42.1871,233.135,0.1808,0.115,2.1362,21.3826,231.9915,0.0914,0.112,83.3585,87.4493,232.9104,0.3753,0.9538
2015-02-12T01:33:59.700Z,4.3526,41.9904,233.2332,0.1809,0.1045,2.1375,24.4552,231.9575,0.1051,0.0905,83.4873,87.923,233.5168,0.3769,0.9504
2015-02-12T01:34:59.073Z,4.7248,42.3904,233.0586,0.1816,0.1131,1.66,24.8944,232.0802,0.107,0.0723,83.7232,88.3058,233.737,0.3781,0.9496
2015-02-12T01:35:59.232Z,5.8804,42.5882,233.4467,0.1827,0.1386,1.3499,22.4069,232.5504,0.0965,0.0759,83.9252,88.8086,234.5487,0.3785,0.9456
2015-02-12T01:36:59.567Z,5.3497,42.263,233.3604,0.181,0.1273,1.5817,24.5703,232.5523,0.1058,0.0786,83.677,88.0818,233.8945,0.3762,0.9513
2015-02-12T01:37:59.937Z,4.9144,41.871,233.1151,0.1795,0.1182,1.4335,22.7231,232.7426,0.0974,0.0782,83.9634,88.669,234.4416,0.3786,0.9486
2015-02-12T01:38:59.449Z,4.5241,41.9766,233.4397,0.1794,0.1078,1.7781,24.7787,232.6966,0.1069,0.0828,83.9796,88.515,234.3962,0.3777,0.9499
2015-02-12T01:39:59.940Z,4.38,41.7623,233.0982,0.1789,0.1065,2.133,22.5825,232.1375,0.0971,0.1017,83.7976,88.5286,234.1332,0.3778,0.9486
2015-02-12T01:40:59.214Z,5.7689,43.3019,233.2526,0.1854,0.1313,1.4404,23.2971,231.116,0.1012,0.0789,83.8408,88.3612,233.0987,0.3788,0.9507
2015-02-12T01:41:59.577Z,5.0093,42.908,233.7452,0.1832,0.1191,1.39,23.714,230.4689,0.1024,0.0837,82.4073,87.0773,231.92,0.3758,0.9482
2015-02-12T01:42:59.903Z,4.5063,42.7795,233.1586,0.1836,0.1065,1.8914,23.7067,232.1897,0.1021,0.0945,82.8847,87.1841,232.824,0.3745,0.9518
2015-02-12T01:43:59.162Z,4.3931,41.4479,233.0127,0.1778,0.1073,1.8644,21.6393,232.2789,0.0933,0.0969,83.5013,88.1971,233.0344,0.3783,0.9481
2015-02-12T01:44:59.837Z,5.3205,42.076,233.1702,0.1803,0.1286,1.8442,24.2512,232.6082,0.1041,0.0823,83.9501,88.4528,233.7696,0.3786,0.9502
2015-02-12T01:45:59.129Z,5.6267,42.8862,233.0922,0.1838,0.1307,1.6712,23.347,232.8608,0.1,0.0879,84.4374,88.7599,234.1421,0.379,0.9526
2015-02-12T01:46:59.511Z,5.5454,42.8192,233.6112,0.1834,0.1313,1.8911,23.9095,233.4134,0.1023,0.0774,84.823,89.7638,234.7125,0.3825,0.9459
2015-02-12T01:47:59.978Z,5.3004,41.9138,233.9175,0.179,0.1266,1.6104,24.0541,233.7347,0.1029,0.0795,83.8959,89.2471,234.4767,0.3805,0.9418
2015-02-12T01:48:59.433Z,4.7034,42.0987,233.9116,0.1797,0.1126,1.9986,26.0373,233.3725,0.1111,0.0764,83.9691,88.5935,234.2293,0.3779,0.9488
2015-02-12T01:49:59.466Z,5.9564,43.4784,233.6311,0.1855,0.1382,1.8436,23.8981,232.3996,0.1033,0.09,83.4488,87.8827,233.5137,0.3765,0.9513
2015-02-12T01:50:59.818Z,5.6348,42.55,232.6592,0.1827,0.1333,1.5447,23.129,231.7914,0.1003,0.0815,82.9666,87.3053,233.2065,0.3742,0.9514
2015-02-12T01:51:59.200Z,5.1688,42.4316,232.5036,0.1829,0.123,1.6446,23.2692,231.2789,0.1002,0.0873,83.7102,88.4162,233.5106,0.3784,0.9488
2015-02-12T01:52:59.188Z,5.4553,42.4529,233.5642,0.182,0.1297,1.58,22.688,232.5399,0.097,0.0814,83.459,87.9065,233.3645,0.3764,0.9503
2015-02-12T01:53:59.380Z,5.6295,42.8685,233.7887,0.1829,0.1344,1.4723,20.0519,231.8676,0.0868,0.0927,83.5407,87.9522,233.8169,0.3753,0.9516
2015-02-12T01:54:59.619Z,5.4486,43.388,233.9561,0.1857,0.1262,1.9903,24.237,230.8721,0.1052,0.0926,84.1014,88.9496,233.9971,0.3807,0.9467
2015-02-12T01:55:59.882Z,4.7357,41.6112,233.193,0.1784,0.1148,1.5687,19.9984,232.7912,0.0857,0.0844,83.1074,87.9333,233.2859,0.3767,0.9468
2015-02-12T01:56:59.845Z,3.9102,41.8942,232.7081,0.1794,0.0947,1.4149,22.2039,232.8478,0.0957,0.0837,83.394,87.7966,233.2371,0.3763,0.9509
2015-02-12T01:57:59.344Z,5.07,41.3074,232.2524,0.1779,0.1238,0.9998,23.47,233.068,0.1008,0.063,83.0766,87.6904,233.4784,0.3754,0.9486
2015-02-12T01:58:59.682Z,5.4795,42.3842,231.9165,0.1831,0.1311,1.8334,25.6112,232.7773,0.1103,0.0734,82.9533,87.5003,233.5813,0.3738,0.9489
2015-02-12T01:59:59.915Z,5.7055,42.0977,231.8604,0.1814,0.135,1.5868,24.5767,232.717,0.1059,0.08,83.8077,88.1351,233.3718,0.3778,0.9522
