2015-02-10T00:00:59.411Z,1133.1741,1530.4923,229.1581,6.6787,0.7403,1224.174,1611.2288,227.5624,7.0806,0.7597,1681.433,2180.2732,228.1558,9.5563,0.7704
2015-02-10T00:01:59.763Z,1118.8643,1521.6047,229.7161,6.6242,0.7354,1238.3397,1645.0413,229.9716,7.1531,0.7533,1662.5119,2196.5312,229.6111,9.566,0.756
2015-02-10T00:02:59.998Z,1127.1761,1527.4594,229.2168,6.6634,0.7384,1261.2796,1657.3928,229.9942,7.2061,0.7606,1685.4404,2222.182,229.995,9.6623,0.7589
2015-02-10T00:03:59.339Z,91.0387,158.2623,231.1839,0.6881,0.1317,98.3696,151.5399,231.3771,0.6581,0.1468,228.2823,287.0893,232.6129,1.241,0.5756
2015-02-10T00:04:59.741Z,2.1445,42.8664,231.4258,0.1849,0.0503,2.0148,23.7104,228.5203,0.1038,0.1084,4.0514,28.3179,233.8292,0.1205,0.1686
2015-02-10T00:05:59.984Z,2.0449,42.7179,231.0154,0.1843,0.049,1.9324,24.084,231.4567,0.1041,0.1093,3.9078,27.033,233.3429,0.1155,0.1677
2015-02-10T00:06:59.432Z,1.8642,42.7374,231.2012,0.1852,0.0462,1.3662,23.7956,231.6378,0.1028,0.0833,3.4049,28.0407,233.1046,0.1204,0.1507
2015-02-10T00:07:59.692Z,2.3571,42.2629,230.4486,0.1838,0.059,2.3949,23.5093,231.1521,0.1018,0.1056,3.3821,26.7151,232.2714,0.1157,0.157
2015-02-10T00:08:59.138Z,2.0541,43.0596,230.5617,0.1871,0.0498,2.4092,23.7442,231.0133,0.1026,0.1197,3.6718,25.8038,231.9108,0.1117,0.1683
2015-02-10T00:09:59.407Z,2.1382,42.2752,232.0558,0.1823,0.0509,1.9153,25.0872,230.6191,0.1088,0.0929,4.399,27.4504,230.329,0.119,0.1784
2015-02-10T00:10:59.641Z,2.662,42.674,232.6484,0.1838,0.0643,1.4604,23.0844,230.8889,0.0996,0.0892,3.5603,26.9547,229.5514,0.1175,0.1653
2015-02-10T00:11:59.989Z,2.6915,42.1274,231.7909,0.1815,0.0652,2.1044,24.491,232.6699,0.1051,0.0978,4.2574,27.8064,230.4596,0.1208,0.1787
2015-02-10T00:12:59.686Z,2.6408,41.7132,231.5987,0.1801,0.0662,2.1013,24.3204,232.8447,0.1045,0.0992,4.3038,27.0738,230.6052,0.1177,0.1781
2015-02-10T00:13:59.018Z,2.0451,42.9013,231.6986,0.186,0.0493,1.8582,24.8938,232.5841,0.1068,0.1009,4.0892,27.5396,230.2862,0.1193,0.1682
2015-02-10T00:14:59.615Z,2.224,42.8441,232.8939,0.1835,0.054,2.3511,25.9,232.8247,0.1116,0.1107,3.2026,27.4001,230.5789,0.118,0.1447
2015-02-10T00:15:59.823Z,2.2976,42.0458,232.3832,0.181,0.0562,2.7156,24.7823,232.6745,0.1065,0.1304,4.0108,27.1457,230.587,0.1178,0.1707
2015-02-10T00:16:59.064Z,2.5577,42.8226,232.4424,0.1838,0.0609,1.205,25.0748,232.8621,0.1079,0.0734,3.5779,27.4729,231.3294,0.1187,0.1601
2015-02-10T00:17:59.358Z,2.6816,42.6762,232.3056,0.1837,0.0616,1.5837,24.2208,231.497,0.1044,0.0891,4.0387,27.1382,231.2535,0.1173,0.1812
2015-02-10T00:18:59.677Z,2.4575,42.7845,232.5644,0.1835,0.0585,2.126,24.8629,231.7923,0.1073,0.111,3.9477,28.5745,231.6647,0.1234,0.1623
2015-02-10T00:19:59.969Z,2.7624,42.5133,231.7991,0.1838,0.0662,1.7918,23.8926,230.9454,0.1033,0.0899,3.906,27.2361,231.1615,0.1174,0.1691
2015-02-10T00:20:59.054Z,3.0867,42.4103,231.4817,0.1828,0.0747,1.8264,23.9012,230.3124,0.1037,0.0902,4.0765,27.669,231.4301,0.1196,0.1758
2015-02-10T00:21:59.385Z,2.0709,42.7232,232.5171,0.1834,0.0486,1.7404,25.3425,231.2172,0.1092,0.0912,3.9175,27.6826,231.3823,0.1198,0.167
2015-02-10T00:22:59.716Z,1.652,43.7697,232.909,0.1878,0.0378,2.1014,23.9658,231.6801,0.1034,0.106,3.1987,27.7299,231.7345,0.1198,0.1481
2015-02-10T00:23:59.133Z,3.1238,42.013,232.4658,0.1813,0.0769,2.1541,25.1682,231.6636,0.1086,0.1036,3.2264,27.1918,231.3826,0.1173,0.1461
2015-02-10T00:24:59.070Z,3.0468,41.7055,232.6884,0.1791,0.0756,2.0189,24.9602,231.5944,0.1079,0.0998,3.3404,28.2378,231.4609,0.1223,0.1484
2015-02-10T00:25:59.254Z,1.4708,43.0337,232.6762,0.1852,0.0346,2.4507,23.8252,231.8102,0.1029,0.1131,3.9318,27.9613,231.5303,0.1204,0.1631
2015-02-10T00:26:59.450Z,1.5274,42.6538,232.2437,0.1832,0.0374,2.1213,23.7347,231.3278,0.1031,0.1186,4.1758,27.1889,231.0405,0.1178,0.1746
2015-02-10T00:27:59.097Z,2.8827,42.6085,232.3311,0.1833,0.0687,1.489,23.5779,231.1267,0.1021,0.0945,4.6063,26.9405,231.1493,0.1167,0.1885
2015-02-10T00:28:59.405Z,2.5078,42.5979,231.9832,0.1833,0.0604,2.3531,24.6544,231.0122,0.107,0.1116,3.4054,27.4378,231.6576,0.1189,0.1508
2015-02-10T00:29:59.669Z,2.3893,42.6541,230.9822,0.1851,0.0569,1.6433,24.242,230.0097,0.1051,0.0936,4.0395,27.5688,232.1252,0.1186,0.1738
2015-02-10T00:30:59.971Z,1.4413,42.6135,231.2238,0.1842,0.0364,1.9267,23.7322,230.1255,0.1032,0.0952,3.1232,27.0707,232.2152,0.1164,0.1522
2015-02-10T00:31:59.771Z,2.4657,42.4258,232.1103,0.1829,0.0597,2.7486,24.6478,231.411,0.1071,0.1246,3.672,27.4146,232.3917,0.1182,0.1636
2015-02-10T00:32:59.990Z,3.1519,42.1042,232.6959,0.181,0.076,2.4646,25.1169,232.2677,0.1084,0.1092,3.7774,28.7058,232.2735,0.1237,0.1535
2015-02-10T00:33:59.369Z,2.3443,42.2863,232.8513,0.1813,0.0559,2.0742,24.1696,232.9571,0.1034,0.1007,3.8956,27.2818,232.9049,0.1172,0.168
2015-02-10T00:34:59.840Z,2.1272,42.3372,232.4627,0.1818,0.0504,1.6703,24.8729,233.1038,0.1074,0.0922,4.3184,28.3192,233.1487,0.121,0.1777
2015-02-10T00:35:59.483Z,2.6111,42.6712,232.588,0.1834,0.0611,1.7049,24.3448,232.8756,0.1038,0.0992,3.8642,27.6442,233.0514,0.1181,0.1678
2015-02-10T00:36:59.901Z,2.9641,42.8462,232.4584,0.1841,0.0702,2.1148,23.217,232.406,0.1001,0.105,3.6362,27.4367,232.7823,0.1173,0.1613
2015-02-10T00:37:59.859Z,2.6553,42.0509,231.6199,0.1814,0.064,1.7067,25.3326,231.6067,0.1095,0.0878,4.103,28.9343,232.3249,0.1244,0.1686
2015-02-10T00:38:59.130Z,1.7164,42.2968,232.015,0.1824,0.0422,2.5157,24.3377,231.524,0.1053,0.1158,3.9454,27.4169,232.1761,0.1181,0.1638
2015-02-10T00:39:59.410Z,2.3627,41.4997,230.9379,0.18,0.0584,2.0638,22.8092,231.639,0.0987,0.1109,3.7089,28.2123,230.9585,0.1219,0.1613
2015-02-10T00:40:59.862Z,1.7665,42.8323,230.5916,0.1856,0.042,2.7284,23.903,231.551,0.1033,0.1351,3.984,27.7187,231.0068,0.1204,0.1627
2015-02-10T00:41:59.090Z,2.3007,42.4149,231.6858,0.1832,0.0542,1.9861,23.7989,232.0316,0.1026,0.1068,3.5311,28.0984,232.4811,0.1209,0.157
2015-02-10T00:42:59.365Z,2.37,42.898,231.8831,0.1848,0.0563,1.807,25.4956,232.4747,0.1098,0.0937,3.7365,28.1256,232.9014,0.1207,0.1573
2015-02-10T00:43:59.571Z,2.27,41.7,232.2514,0.1795,0.0578,2.0064,23.5428,232.3567,0.1017,0.1061,4.1929,27.9349,232.9032,0.1202,0.1723
2015-02-10T00:44:59.868Z,2.1268,43.2698,232.3064,0.1862,0.0497,2.178,24.2929,232.2285,0.1044,0.1031,4.0624,26.9625,232.6704,0.116,0.1746
2015-02-10T00:45:59.151Z,2.7819,42.3431,232.3342,0.1827,0.0646,1.7511,24.1264,231.8099,0.1044,0.1007,4.0687,27.7189,232.1889,0.1198,0.1677
2015-02-10T00:46:59.985Z,2.3167,42.5517,232.8725,0.1832,0.0546,2.4868,24.9034,232.1268,0.1075,0.114,3.3293,28.1253,232.7046,0.1207,0.1546
2015-02-10T00:47:59.581Z,3.2249,42.325,232.3807,0.1821,0.0772,1.7058,24.8017,231.3013,0.1074,0.0911,3.7964,27.9376,232.2244,0.1202,0.1611
2015-02-10T00:48:59.111Z,2.5524,42.0654,232.2999,0.1808,0.0637,2.0914,24.1441,231.0549,0.1047,0.1126,3.5977,27.4563,231.9438,0.1184,0.1567
2015-02-10T00:49:59.318Z,1.4833,42.4901,231.9338,0.1835,0.0368,2.2316,24.8907,231.3471,0.1076,0.1111,3.5634,27.3976,231.5322,0.1187,0.1485
2015-02-10T00:50:59.589Z,1.5768,42.629,230.3727,0.1851,0.0386,2.0353,23.7754,231.5255,0.1026,0.1158,3.6096,27.1924,232.2354,0.1168,0.16
2015-02-10T00:51:59.839Z,2.9482,43.0503,231.2668,0.1861,0.0693,1.9582,23.306,232.0048,0.1003,0.1108,65.3342,87.0861,233.4625,0.3725,0.5216
2015-02-10T00:52:59.215Z,3.3273,41.7921,232.2842,0.1797,0.0804,2.2276,25.2733,231.4348,0.109,0.104,3.8693,28.4361,233.459,0.1213,0.1667
2015-02-10T00:53:59.593Z,2.697,43.1282,233.5698,0.1845,0.0641,2.2371,24.7185,229.9195,0.108,0.1052,3.2814,27.988,233.6727,0.1192,0.148
2015-02-10T00:54:59.986Z,1.8529,43.5947,233.6252,0.1867,0.0439,2.2896,25.0842,232.0653,0.1085,0.1147,4.5516,26.7228,232.9978,0.1146,0.1853
2015-02-10T00:55:59.265Z,2.3153,42.6012,233.4,0.183,0.0551,2.0246,23.7608,231.6708,0.1024,0.1007,4.0896,27.8881,232.2131,0.1203,0.1706
2015-02-10T00:56:59.846Z,2.9372,42.8448,233.0426,0.1836,0.0716,2.1057,24.5445,231.1967,0.1064,0.1038,3.349,28.4633,232.4934,0.1225,0.1485
2015-02-10T00:57:59.063Z,2.6886,42.7342,232.6734,0.1829,0.0613,1.9604,23.5476,230.5799,0.1023,0.0967,4.1524,26.6628,232.0709,0.115,0.1789
2015-02-10T00:58:59.840Z,2.2912,42.0636,232.4712,0.1809,0.0552,1.283,23.015,229.9347,0.0999,0.0742,4.0174,27.7903,231.7703,0.1198,0.1714
2015-02-10T00:59:59.523Z,2.2338,42.7174,233.1139,0.1833,0.0533,1.591,22.3572,228.8277,0.0979,0.0961,3.6957,26.8287,230.8471,0.1159,0.1621
