2015-01-29T00:00:59.357Z,3.1768,71.5945,233.098,0.3067,0.0463,3.5526,64.7429,230.4776,0.2812,0.0566,3.5431,65.136,232.5096,0.2802,0.0552
2015-01-29T00:01:59.723Z,3.8538,74.7279,233.2834,0.321,0.0512,2.8441,67.2993,230.3719,0.2923,0.0432,3.1612,67.1895,232.5665,0.2885,0.0465
2015-01-29T00:02:59.049Z,2.7948,74.4599,233.4499,0.3192,0.0382,2.6382,66.5514,231.3839,0.2879,0.0387,3.609,66.3276,233.5788,0.2839,0.0548
2015-01-29T00:03:59.453Z,2.978,74.3773,232.9851,0.3196,0.0416,2.9526,67.2236,232.2889,0.2898,0.0437,2.9599,67.4058,233.5534,0.2885,0.0447
2015-01-29T00:04:59.617Z,3.7032,74.0327,233.9398,0.3163,0.0511,3.0341,66.3396,233.1052,0.2845,0.0473,49.32,101.8741,233.6281,0.4364,0.3289
2015-01-29T00:06:59.361Z,5.2434,73.751,234.1624,0.3147,0.072,2.3023,67.4429,233.4488,0.2891,0.0349,12.0065,73.6548,234.2787,0.3143,0.1034
2015-01-29T00:07:59.436Z,5.3496,74.7418,234.7675,0.3188,0.0724,2.478,66.516,233.603,0.2844,0.0388,2.8003,67.8084,233.8371,0.2901,0.0408
2015-01-29T00:08:59.745Z,5.8782,75.4753,234.8135,0.3216,0.0805,2.5707,66.7152,233.7827,0.2857,0.0392,2.8058,67.0864,233.9958,0.2869,0.0422
2015-01-29T00:09:59.049Z,6.2388,75.7786,234.0087,0.3239,0.0833,2.674,68.0303,233.3726,0.2914,0.0391,3.3089,67.5692,234.4217,0.2882,0.0499
2015-01-29T00:10:59.469Z,5.424,75.3168,234.8286,0.3207,0.0737,2.5345,65.8459,232.3295,0.2829,0.039,3.5391,67.8145,234.5145,0.2889,0.0536
2015-01-29T00:11:59.760Z,6.0929,72.6699,232.0653,0.313,0.0847,3.0863,65.6627,229.4499,0.2863,0.047,3.6405,65.563,231.7123,0.2828,0.0578
2015-01-29T00:12:59.135Z,5.8466,73.2789,232.1924,0.3156,0.0816,2.6038,67.4361,230.3233,0.292,0.039,3.0887,67.1622,232.5876,0.2888,0.0454
2015-01-29T00:13:59.212Z,5.6466,74.3185,231.5796,0.3204,0.0758,2.8097,65.741,230.8722,0.2844,0.0443,2.7699,66.0372,232.7551,0.2836,0.0425
2015-01-29T00:14:59.545Z,4.6699,72.8477,231.7904,0.3144,0.0638,3.0456,66.95,231.218,0.2895,0.0475,63.9881,111.2982,232.5218,0.4789,0.426
2015-01-29T00:15:59.954Z,5.6793,74.2789,231.7363,0.3202,0.0774,2.3773,66.5762,231.1201,0.2879,0.0343,3.1359,69.3588,232.7246,0.2978,0.0449
2015-01-29T00:16:59.663Z,5.4934,74.2574,231.553,0.321,0.075,2.0181,67.5504,230.9858,0.2923,0.0301,2.8861,66.7097,232.3388,0.2873,0.0424
2015-01-29T00:17:59.857Z,5.3868,73.2736,231.3105,0.3166,0.074,2.3875,66.1812,230.6074,0.2873,0.036,2.871,67.5171,232.1765,0.2905,0.0429
2015-01-29T00:18:59.498Z,5.354,73.8434,230.8551,0.32,0.074,2.3935,65.9434,230.8578,0.286,0.0363,2.7214,68.1645,231.2365,0.2943,0.0398
2015-01-29T00:19:59.811Z,5.7715,73.2296,231.0699,0.3168,0.081,2.158,67.2207,230.2789,0.2914,0.0326,2.7111,66.3232,230.2411,0.2884,0.0405
2015-01-29T00:20:59.123Z,6.1042,72.7048,230.0087,0.3159,0.0856,2.587,66.0669,229.8721,0.2874,0.0397,3.5132,65.0151,231.0819,0.2807,0.0566
2015-01-29T00:21:59.370Z,5.1784,72.6052,229.456,0.3162,0.0735,2.567,65.0891,229.3595,0.2833,0.0413,3.0053,66.4422,231.5602,0.2868,0.047
2015-01-29T00:22:59.742Z,4.5164,73.2489,230.5333,0.3177,0.0618,3.1203,67.7549,230.3676,0.2937,0.0464,2.7059,65.6826,231.8352,0.284,0.042
2015-01-29T00:23:59.070Z,5.6372,73.8545,231.0029,0.3197,0.077,2.6663,67.3457,231.6119,0.2909,0.041,3.0322,65.8,232.2366,0.2835,0.0465
2015-01-29T00:24:59.399Z,5.3832,74.2349,231.2728,0.321,0.0742,2.9263,67.5491,231.4863,0.2918,0.045,41.2538,95.2286,232.1652,0.4103,0.2824
2015-01-29T00:25:59.569Z,5.5215,74.2902,231.5729,0.3214,0.0742,2.7534,66.597,231.5701,0.2877,0.0412,27.3179,85.2271,232.3663,0.3664,0.1973
2015-01-29T00:26:59.085Z,4.9268,74.2006,231.2337,0.321,0.0667,3.1878,66.361,231.2109,0.2873,0.0491,3.6398,68.1603,230.9064,0.2952,0.0536
2015-01-29T00:27:59.840Z,5.5979,73.6649,231.4572,0.3186,0.077,1.733,66.7221,231.4243,0.2882,0.0271,3.4874,65.2193,230.9274,0.2824,0.053
2015-01-29T00:28:59.061Z,5.5179,74.4207,231.172,0.3213,0.0741,2.4806,65.3343,231.5264,0.2819,0.0381,2.9879,66.0734,231.4863,0.2852,0.0452
2015-01-29T00:29:59.928Z,5.9584,72.8276,230.8778,0.3154,0.0825,2.2673,65.2811,228.5797,0.2855,0.0363,2.9454,65.7572,231.514,0.2841,0.0462
2015-01-29T00:30:59.259Z,5.3751,73.7574,230.6888,0.3197,0.0734,1.798,64.6887,227.452,0.2843,0.0276,2.3951,67.49,232.8021,0.2899,0.0368
2015-01-29T00:31:59.568Z,4.5802,72.2408,229.8336,0.3137,0.0648,2.7253,65.4658,229.4796,0.2851,0.0434,3.3561,65.5865,231.836,0.2834,0.0533
2015-01-29T00:32:59.379Z,5.579,73.4538,230.288,0.3192,0.0753,3.0446,67.0246,230.3748,0.2907,0.0438,2.9007,66.4446,232.0268,0.2863,0.0438
2015-01-29T00:33:59.648Z,5.9924,72.5111,229.9999,0.3157,0.0842,2.4164,67.2799,231.4131,0.291,0.0359,2.6899,66.2141,231.9999,0.2853,0.0427
2015-01-29T00:34:59.956Z,5.5107,72.6425,230.264,0.3157,0.0767,2.9407,66.0414,231.7791,0.2845,0.0435,15.2022,77.8473,232.0779,0.3354,0.0933
2015-01-29T00:35:59.365Z,4.3451,72.917,230.5992,0.3164,0.0612,2.716,65.2862,232.1776,0.2811,0.0411,137.4503,159.4377,231.9447,0.6876,0.8409
2015-01-29T00:36:59.639Z,4.6031,73.4759,231.8205,0.3167,0.0634,2.1764,66.9959,232.2343,0.2892,0.0315,82.8678,106.8277,232.2122,0.4598,0.7766
2015-01-29T00:37:59.112Z,5.3063,74.0042,232.046,0.319,0.0728,2.5031,67.9212,232.05,0.2927,0.038,82.7039,106.4507,232.1548,0.4588,0.7776
2015-01-29T00:38:59.375Z,4.9915,74.5604,231.3946,0.3222,0.0675,2.9926,67.0603,232.1033,0.2891,0.0448,82.2146,106.4897,231.8109,0.4598,0.7723
2015-01-29T00:39:59.845Z,5.348,72.7559,231.1411,0.3144,0.0753,2.7674,67.7473,231.5677,0.2926,0.0404,82.0488,105.6519,231.7591,0.4558,0.7779
2015-01-29T00:40:59.182Z,5.2223,72.306,230.5537,0.3138,0.0727,2.3142,65.7218,231.2316,0.2837,0.0341,82.0769,105.5121,231.2745,0.4554,0.7799
2015-01-29T00:41:59.619Z,4.2137,72.6436,230.0545,0.3152,0.0577,2.3068,65.941,230.7987,0.2859,0.0352,81.1171,104.1091,229.9949,0.4524,0.7803
2015-01-29T00:42:59.642Z,4.9629,73.86,230.8754,0.3193,0.0686,2.4711,66.0349,230.7669,0.2857,0.0386,82.293,106.0036,231.377,0.4581,0.7769
2015-01-29T00:43:59.006Z,5.9904,73.4161,231.5496,0.3171,0.0828,2.7161,65.731,231.1849,0.2844,0.0424,83.0509,106.7548,232.4381,0.4594,0.7792
2015-01-29T00:44:59.357Z,5.6809,74.6499,231.8575,0.3214,0.0758,2.7013,66.9791,230.6715,0.2901,0.0417,81.7361,105.1677,231.7702,0.4535,0.7773
2015-01-29T00:45:59.682Z,4.5542,73.4475,231.4681,0.3173,0.0649,1.9895,66.3884,230.7319,0.2874,0.0321,142.3452,165.2374,231.4342,0.7137,0.8399
2015-01-29T00:46:59.258Z,3.1625,73.699,232.0927,0.3176,0.0424,2.8905,66.3659,231.0993,0.2868,0.0454,82.1998,105.6765,231.7738,0.4558,0.7789
2015-01-29T00:47:59.668Z,2.6533,73.241,232.1814,0.3154,0.0368,3.5392,66.81,230.5111,0.29,0.0532,81.2298,103.4136,231.007,0.4477,0.7865
2015-01-29T00:48:59.962Z,2.6955,73.4722,232.1086,0.3162,0.036,3.2384,64.9021,228.3405,0.284,0.0477,82.689,105.3848,232.4329,0.4535,0.7863
2015-01-29T00:49:59.126Z,2.9845,73.0281,232.1457,0.3142,0.0411,2.8503,66.2558,227.6162,0.2909,0.0437,82.4952,106.0098,232.4396,0.456,0.7787
2015-01-29T00:50:59.428Z,2.8496,73.6778,231.4302,0.3184,0.0396,2.7312,66.4237,230.1149,0.2886,0.041,81.8975,105.5314,231.4526,0.4562,0.7783
2015-01-29T00:51:59.672Z,2.6642,73.088,230.837,0.3165,0.0356,3.0537,66.092,230.0455,0.2874,0.0462,80.7962,104.3652,230.1263,0.4533,0.7757
2015-01-29T00:52:59.970Z,3.0354,73.2532,231.0458,0.3171,0.0415,2.923,67.5284,230.0337,0.2933,0.0434,80.9319,104.1069,230.5942,0.4512,0.7781
2015-01-29T00:53:59.354Z,3.9098,73.6708,231.3883,0.3181,0.0523,2.9342,67.3503,229.8022,0.2936,0.0434,81.9567,104.8016,231.6574,0.4523,0.7826
2015-01-29T00:54:59.783Z,3.4283,74.0468,232.0476,0.3192,0.0471,2.7727,65.2591,229.6497,0.2839,0.0446,82.0595,105.8012,231.8339,0.4564,0.7766
2015-01-29T00:55:59.153Z,3.656,73.8161,232.1563,0.3178,0.0494,2.9593,66.7057,227.1232,0.2933,0.0436,144.3112,167.0822,232.4609,0.7189,0.8431
2015-01-29T00:56:59.300Z,3.1573,72.59,232.9593,0.3112,0.0434,2.7235,65.5214,227.2702,0.2885,0.0447,84.0373,107.2081,232.584,0.4609,0.7831
2015-01-29T00:57:59.865Z,3.5016,73.646,233.4053,0.3152,0.0475,2.9172,66.6211,228.2565,0.292,0.0439,83.0787,106.4954,233.2,0.4564,0.7808
2015-01-29T00:58:59.016Z,3.6769,74.4139,233.2197,0.3191,0.0491,2.7892,65.581,228.7327,0.2869,0.0408,82.7935,106.4653,232.5992,0.4582,0.7783
2015-01-29T00:59:59.308Z,3.1692,73.7435,233.2171,0.3158,0.0424,2.4237,65.1093,228.5373,0.2846,0.0389,82.4063,105.4878,232.0647,0.4547,0.7828
