2015-05-27T00:00:59.416Z,6.5523,71.8969,231.0427,0.311,0.0956,-7.4058,67.2705,232.69,0.2888,-0.112,12.2263,68.3077,233.2011,0.2926,0.1797
2015-05-27T00:01:59.629Z,6.5237,73.8012,230.5762,0.3198,0.0884,-7.724,68.1735,232.638,0.2929,-0.1143,12.3785,68.5767,232.7164,0.2949,0.1829
2015-05-27T00:02:59.812Z,5.634,72.957,229.9546,0.3167,0.0779,-7.7785,67.071,232.1755,0.2886,-0.1167,11.679,67.9257,232.4066,0.2922,0.1743
2015-05-27T00:03:59.097Z,5.7664,74.6897,230.5524,0.3243,0.0766,-7.7029,68.5423,232.0964,0.2953,-0.1133,12.1627,68.348,232.1403,0.2939,0.177
2015-05-27T00:04:59.348Z,6.772,72.9725,230.4302,0.3163,0.0945,-8.1193,68.303,232.0781,0.2937,-0.1207,12.5425,68.9297,231.8329,0.2975,0.182
2015-05-27T00:05:59.536Z,6.2384,73.7253,230.3126,0.3203,0.0852,-8.1516,67.1892,231.9045,0.2898,-0.1235,11.5019,68.5603,231.9254,0.2956,0.1676
2015-05-27T00:06:59.708Z,6.6793,72.4409,230.5212,0.3146,0.0932,-7.9546,66.9423,230.0307,0.2908,-0.1216,12.6268,68.0432,232.6192,0.2925,0.1867
2015-05-27T00:07:59.992Z,6.6743,73.0254,230.8374,0.3161,0.0924,-7.929,67.5027,228.2342,0.2952,-0.1187,11.9166,68.9471,232.93,0.2959,0.1738
2015-05-27T00:08:59.295Z,5.2952,74.6317,230.628,0.3231,0.0699,-7.5674,66.8037,230.7698,0.2894,-0.116,11.9827,69.6853,231.9171,0.3007,0.1716
2015-05-27T00:09:59.468Z,4.6245,73.4928,231.5165,0.3176,0.0632,-7.181,66.7885,230.8746,0.2893,-0.1095,11.937,68.9535,232.0358,0.2974,0.1738
2015-05-27T00:10:59.941Z,4.944,74.1823,231.5799,0.3202,0.0662,-7.967,67.9007,231.5507,0.2931,-0.1195,12.391,69.2903,232.0699,0.2992,0.1799
2015-05-27T00:11:59.166Z,5.1223,74.3769,231.9419,0.3203,0.0683,-7.6059,68.1188,231.887,0.2936,-0.1139,12.5341,68.7239,232.3531,0.2957,0.1829
2015-05-27T00:12:59.475Z,5.1375,74.303,231.3893,0.3212,0.0686,-7.1329,67.9647,231.6041,0.2932,-0.1069,12.1846,69.1216,232.1616,0.2982,0.1769
2015-05-27T00:13:59.984Z,4.7218,74.3053,231.31,0.3207,0.0643,-7.5345,67.0813,231.6692,0.2897,-0.1142,11.6903,69.8687,232.1246,0.3011,0.1689
2015-05-27T00:14:59.230Z,5.0196,73.0531,231.3042,0.3158,0.0691,-7.6507,66.5553,231.6868,0.2871,-0.1166,11.5781,68.683,232.0391,0.2957,0.1716
2015-05-27T00:15:59.319Z,4.0692,73.9934,230.8851,0.3203,0.0551,-7.4231,66.3424,231.4271,0.2869,-0.1118,12.1293,66.8068,231.6148,0.2882,0.1808
2015-05-27T00:16:59.661Z,5.0733,72.7155,231.6067,0.3137,0.0704,-7.0853,66.8249,231.3325,0.2888,-0.106,12.2391,68.4952,231.7222,0.2955,0.179
2015-05-27T00:17:59.244Z,5.1771,73.0204,231.5016,0.3154,0.0714,-7.1777,67.3091,231.2771,0.291,-0.1118,12.4914,67.8828,231.4368,0.2939,0.1873
2015-05-27T00:18:59.523Z,4.9628,73.7463,231.6262,0.318,0.068,-7.17,68.0829,231.215,0.2942,-0.1067,12.1242,68.9103,231.1723,0.2979,0.1775
2015-05-27T00:19:59.829Z,5.0729,74.4815,231.6933,0.3216,0.0687,-7.3079,68.1902,231.5827,0.294,-0.1085,12.024,69.157,231.1622,0.2988,0.1752
2015-05-27T00:20:59.241Z,5.1559,73.673,231.7074,0.3186,0.0697,-7.2169,66.6211,231.6409,0.2871,-0.1098,11.479,67.5247,230.9404,0.2924,0.1704
2015-05-27T00:21:59.502Z,4.9086,74.6263,232.132,0.3216,0.0665,-7.7399,67.2134,231.6759,0.29,-0.1165,12.1995,67.7181,230.6178,0.2934,0.1798
2015-05-27T00:22:59.746Z,4.4934,74.5216,232.298,0.3209,0.061,-7.2913,66.3872,231.9601,0.2864,-0.1139,11.043,66.659,229.6388,0.2904,0.1695
2015-05-27T00:23:59.941Z,4.6408,73.0974,232.266,0.3144,0.0627,-7.3005,67.5911,231.8268,0.2911,-0.1091,12.25,67.5451,229.483,0.2944,0.1814
2015-05-27T00:24:59.223Z,4.7829,73.1931,232.1853,0.315,0.066,-7.5554,66.5964,231.7594,0.288,-0.1143,11.5421,68.4528,229.297,0.2981,0.1692
2015-05-27T00:25:59.671Z,4.9315,73.8022,231.8937,0.3176,0.0682,-7.459,68.1065,231.2693,0.2938,-0.1112,11.6448,68.2882,229.0336,0.2979,0.1722
2015-05-27T00:26:59.962Z,4.5009,73.4658,231.0659,0.3182,0.0604,-7.0435,67.075,231.2821,0.2904,-0.1078,11.7308,68.5498,229.1699,0.2989,0.1722
2015-05-27T00:27:59.154Z,4.4424,73.5933,230.6676,0.3187,0.0608,-6.8826,66.9627,231.7684,0.2897,-0.1094,11.7219,65.7189,229.5981,0.2865,0.1815
2015-05-27T00:28:59.420Z,4.7088,73.7778,231.0282,0.3191,0.0642,-8.182,68.1826,232.1823,0.294,-0.1212,12.4039,67.933,229.7095,0.296,0.1834
2015-05-27T00:29:59.786Z,5.4585,74.1149,231.4021,0.3199,0.0725,-7.5776,67.0313,231.7984,0.2891,-0.1119,11.504,68.3605,229.2902,0.2979,0.1685
2015-05-27T00:30:59.037Z,4.9394,73.7916,230.8641,0.3197,0.0662,-7.3743,68.3703,231.4156,0.2959,-0.1081,12.0281,68.3584,229.4013,0.2982,0.1763
2015-05-27T00:31:59.305Z,4.7616,73.741,230.6864,0.3196,0.0644,-7.4557,65.4034,231.2173,0.2831,-0.1177,11.5316,67.1759,229.7679,0.2925,0.1731
2015-05-27T00:32:59.691Z,4.8052,73.0284,231.0036,0.316,0.0662,-7.6775,67.9315,230.8482,0.2937,-0.1136,12.1403,67.701,229.8968,0.2939,0.1792
2015-05-27T00:33:59.057Z,5.136,73.4618,231.0561,0.3181,0.0698,-7.2299,68.0434,231.1688,0.2947,-0.1067,11.6806,67.4416,229.9676,0.2928,0.1738
2015-05-27T00:34:59.291Z,4.8138,72.883,231.0981,0.3153,0.0656,-7.3688,67.1721,230.9847,0.2909,-0.1105,11.6619,68.5653,229.668,0.2987,0.1703
2015-05-27T00:35:59.535Z,4.8755,74.1389,231.2529,0.3199,0.0654,-7.9063,67.801,231.3609,0.2935,-0.1155,11.8523,69.6978,229.9071,0.3026,0.1714
2015-05-27T00:36:59.813Z,4.8468,74.9178,231.8698,0.3229,0.0652,-7.6143,68.8662,231.7029,0.2967,-0.1103,11.7418,69.3571,230.0286,0.3014,0.1691
2015-05-27T00:37:59.096Z,4.8507,73.7964,231.746,0.3185,0.0665,-7.6696,67.6451,231.4036,0.2921,-0.1143,11.5448,68.5373,230.1358,0.2979,0.1689
2015-05-27T00:38:59.490Z,4.828,74.4823,231.9455,0.3215,0.0657,-7.5687,69.0916,231.5928,0.2984,-0.1111,12.1802,68.3071,230.4226,0.297,0.1796
2015-05-27T00:39:59.729Z,5.0146,73.1976,231.3232,0.3162,0.0688,-7.5138,67.762,231.0971,0.2929,-0.1119,12.2329,68.8931,230.5584,0.2988,0.1784
2015-05-27T00:40:59.990Z,4.4623,72.9857,230.9057,0.3159,0.0609,-7.3099,67.4808,231.676,0.2911,-0.1089,11.9029,68.7193,231.2697,0.2971,0.1721
2015-05-27T00:41:59.256Z,6.403,72.6482,230.7438,0.3153,0.0897,-8.1345,66.5452,231.4607,0.2879,-0.1235,12.0511,67.9915,231.6403,0.2939,0.1774
2015-05-27T00:42:59.596Z,6.0929,72.9716,230.0938,0.3166,0.0846,-7.8102,67.9557,231.69,0.2928,-0.118,12.1535,69.5012,232.0226,0.2996,0.1757
2015-05-27T00:43:59.752Z,6.1614,73.0059,230.5774,0.3164,0.0848,-7.7422,66.6386,231.0146,0.2881,-0.1176,12.262,68.8908,232.1409,0.2976,0.179
2015-05-27T00:44:59.056Z,7.1299,73.125,231.1542,0.3168,0.0998,-8.234,68.146,230.9551,0.2952,-0.1223,12.2248,70.3072,232.1951,0.3028,0.1743
2015-05-27T00:45:59.288Z,6.8399,73.4296,231.0596,0.3178,0.0952,-7.6416,68.1631,231.3527,0.2945,-0.1146,12.1946,68.8691,232.0402,0.2968,0.1781
2015-05-27T00:46:59.549Z,5.8932,72.8118,231.6822,0.3142,0.0814,-8.1424,66.7387,231.5465,0.2887,-0.1241,12.1696,67.4816,230.2586,0.2932,0.1843
2015-05-27T00:47:59.746Z,6.4151,73.3213,231.7732,0.3165,0.0904,-7.9368,66.5337,231.5434,0.2872,-0.1262,11.9712,67.2787,230.7154,0.2922,0.185
2015-05-27T00:48:59.995Z,6.1377,72.6829,231.6862,0.314,0.0868,-7.9347,66.242,231.7107,0.2858,-0.1207,11.8558,68.936,232.2202,0.2968,0.1725
2015-05-27T00:49:59.318Z,6.6826,73.1061,231.6681,0.3154,0.0923,-7.5988,68.0586,231.5449,0.2937,-0.1124,12.1981,69.4984,232.1743,0.2994,0.1762
2015-05-27T00:50:59.702Z,6.3152,73.806,231.6784,0.318,0.087,-8.1441,66.9263,231.4318,0.2888,-0.1226,12.1465,69.4937,232.0143,0.2987,0.1755
2015-05-27T00:51:59.949Z,6.1184,73.6662,231.9818,0.3177,0.0828,-7.5093,66.3737,231.5917,0.2862,-0.1152,12.1936,69.1758,232.2798,0.2976,0.1777
2015-05-27T00:52:59.237Z,6.6848,73.3547,231.8144,0.3162,0.0921,-7.968,68.3721,231.5435,0.2945,-0.1173,12.192,68.5779,232.374,0.2953,0.1779
2015-05-27T00:53:59.452Z,6.87,74.4126,231.7665,0.3209,0.0922,-7.8334,68.196,231.5625,0.2943,-0.1168,11.4603,69.2923,232.4335,0.2985,0.1668
2015-05-27T00:54:59.686Z,6.6454,74.3316,231.7963,0.3209,0.0898,-8.0975,67.8527,230.9836,0.2937,-0.1189,12.0293,68.8923,232.8629,0.2959,0.1759
2015-05-27T00:55:59.950Z,5.8656,72.8432,231.4925,0.3146,0.0807,-7.4075,67.3962,230.6507,0.2924,-0.113,12.6743,69.3437,232.5182,0.2985,0.1834
2015-05-27T00:56:59.237Z,5.8028,73.2542,231.3409,0.3163,0.0808,-7.7121,67.8902,231.3013,0.2937,-0.1151,11.7052,69.1888,232.4614,0.2976,0.1711
2015-05-27T00:57:59.493Z,6.1803,73.7871,231.3557,0.3186,0.0845,-7.7201,68.4249,231.8652,0.2953,-0.1147,12.5302,69.9459,232.316,0.301,0.1801
2015-05-27T00:58:59.787Z,6.7567,73.44,231.6185,0.3165,0.093,-8.0555,68.4478,232.1425,0.2946,-0.1195,12.026,69.1285,232.3175,0.2968,0.1736
2015-05-27T00:59:59.028Z,6.4381,74.1183,231.5888,0.3199,0.0858,-7.4852,68.8843,232.309,0.2966,-0.1103,12.1209,68.3712,231.9507,0.2949,0.1772
