2015-01-02T00:00:59.867Z,2.6098,43.9659,231.9404,0.1896,0.0576,3.0586,35.1558,230.5148,0.152,0.0908,82.5125,89.3671,232.2655,0.3851,0.9245
2015-01-02T00:01:59.590Z,3.8143,45.872,231.4528,0.1988,0.082,3.5248,34.3771,230.4366,0.1492,0.109,82.0351,88.1406,231.4034,0.3806,0.9321
2015-01-02T00:02:59.296Z,2.9026,44.1719,231.1394,0.1907,0.0647,2.5899,31.0571,230.5061,0.1342,0.0973,81.3573,88.5819,231.4441,0.3831,0.9192
2015-01-02T00:03:59.814Z,2.877,46.2108,230.9928,0.2002,0.0638,2.4536,34.4282,230.2865,0.1499,0.0808,81.6542,88.1011,231.0654,0.3813,0.9279
2015-01-02T00:04:59.031Z,2.7858,44.9038,231.3843,0.1934,0.0617,2.3211,32.5603,230.7163,0.1412,0.0772,82.0276,89.0543,232.0636,0.3841,0.9223
2015-01-02T00:05:59.100Z,3.0599,46.3802,231.8171,0.2002,0.0647,2.8741,32.214,231.2676,0.1393,0.0991,82.6836,89.6312,232.3734,0.3848,0.9237
2015-01-02T00:06:59.426Z,2.7226,45.3438,231.5201,0.1956,0.0604,2.6051,31.2635,231.4023,0.1352,0.0898,82.71,89.6656,232.5012,0.3854,0.9242
2015-01-02T00:07:59.969Z,2.9334,44.8937,231.505,0.1939,0.0653,3.0212,32.391,231.6148,0.1403,0.1002,82.3668,89.5772,232.8172,0.385,0.9201
2015-01-02T00:08:59.967Z,3.1507,47.5465,232.1808,0.2052,0.067,2.8281,35.2964,231.0596,0.1526,0.0865,82.3946,88.8864,232.9084,0.3816,0.9281
2015-01-02T00:09:59.221Z,3.0948,44.7379,231.6589,0.1933,0.0708,3.0567,32.2745,230.2235,0.1402,0.1,82.768,89.4996,232.4847,0.3851,0.9266
2015-01-02T00:10:59.638Z,2.09,44.9703,231.323,0.1945,0.0483,2.6254,34.5147,230.5511,0.1496,0.0873,82.0758,88.9763,232.1117,0.3833,0.9241
2015-01-02T00:11:59.256Z,2.6101,45.7617,231.6197,0.1979,0.0567,2.4747,34.8922,230.9407,0.1513,0.0819,81.8296,88.8213,231.6106,0.384,0.9223
2015-01-02T00:12:59.976Z,2.9154,44.1975,231.6578,0.191,0.0648,3.1507,32.6789,230.7374,0.1418,0.0977,81.6978,88.4021,231.749,0.381,0.9258
2015-01-02T00:13:59.448Z,2.2234,46.7989,232.1408,0.2016,0.0469,3.1589,32.027,228.1596,0.1403,0.1042,94.1197,101.2701,232.4674,0.4351,0.931
2015-01-02T00:14:59.765Z,4.1924,45.6293,232.3734,0.1961,0.0918,2.704,31.7065,228.3125,0.1393,0.0863,132.5136,142.684,232.783,0.6137,0.9258
2015-01-02T00:15:59.023Z,5.133,45.4758,232.9177,0.1954,0.1108,2.3151,34.2983,227.4623,0.1512,0.0723,83.5234,89.6662,233.7207,0.384,0.9319
2015-01-02T00:16:59.576Z,3.773,46.2203,233.0729,0.1987,0.0822,2.1305,31.2985,229.3519,0.1368,0.0687,82.7207,89.0274,232.9532,0.3823,0.9303
2015-01-02T00:17:59.203Z,4.5876,44.3638,232.8305,0.1903,0.1015,2.2691,30.2765,231.9227,0.1307,0.0753,82.0701,89.4962,232.2635,0.3856,0.9182
2015-01-02T00:18:59.933Z,5.5295,45.8516,232.8148,0.1972,0.1195,2.3241,33.2958,232.026,0.1434,0.0752,82.2871,88.8891,231.949,0.3833,0.927
2015-01-02T00:19:59.869Z,4.8817,46.1898,232.8749,0.1987,0.1064,2.3377,33.8146,231.7359,0.1452,0.0757,81.9611,88.7831,231.9089,0.3828,0.9243
2015-01-02T00:20:59.493Z,5.3927,44.9956,232.4696,0.1937,0.1164,2.0724,34.5911,231.6897,0.1493,0.0676,82.3829,89.8775,231.2677,0.3889,0.918
2015-01-02T00:21:59.374Z,5.1277,47.851,232.3125,0.2062,0.1077,3.1268,33.944,230.8134,0.147,0.0896,81.9853,88.0895,231.7673,0.3798,0.9316
2015-01-02T00:22:59.168Z,5.1346,45.8853,231.9473,0.1977,0.1116,1.9846,31.739,230.8433,0.1374,0.0688,81.6044,88.3838,231.8693,0.3811,0.9244
2015-01-02T00:23:59.754Z,4.9724,45.6423,231.3051,0.1977,0.1052,2.5962,35.0176,230.8854,0.1512,0.0709,141.7458,151.8458,231.5738,0.6558,0.9336
2015-01-02T00:24:59.049Z,2.5774,45.4094,231.4432,0.1964,0.0572,2.726,30.5507,231.294,0.1319,0.0926,82.345,89.0499,231.9952,0.3836,0.9257
2015-01-02T00:25:59.728Z,2.5297,45.7234,232.2241,0.1968,0.0548,2.5529,33.6572,231.5335,0.1452,0.0855,83.042,89.8782,232.8251,0.3857,0.9241
2015-01-02T00:26:59.472Z,2.3244,45.3674,232.5276,0.1952,0.0524,3.3497,32.5728,231.0044,0.1411,0.1039,82.9864,89.5599,233.0824,0.3843,0.9278
2015-01-02T00:27:59.929Z,3.5412,46.9763,233.0948,0.2018,0.0753,2.7108,35.2205,231.0804,0.1527,0.0847,83.0837,89.2432,233.0859,0.3828,0.9322
2015-01-02T00:28:59.841Z,3.8151,46.3852,233.0284,0.1995,0.0832,2.2142,36.962,231.8738,0.1592,0.0682,82.7069,88.6775,233.0409,0.3802,0.9334
2015-01-02T00:29:59.396Z,2.7263,44.506,232.9571,0.1907,0.062,3.2443,32.1737,231.6069,0.139,0.1027,82.8749,89.9538,232.641,0.387,0.9229
2015-01-02T00:30:59.804Z,2.156,46.7352,232.5302,0.2001,0.047,2.4648,36.5573,231.2182,0.158,0.0771,82.2135,88.3964,231.9658,0.3812,0.9302
2015-01-02T00:31:59.361Z,3.6233,46.4889,233.1125,0.1998,0.0771,2.4019,32.0237,230.1459,0.1392,0.0833,82.4342,87.7159,231.6014,0.3792,0.9401
2015-01-02T00:32:59.407Z,3.1589,44.757,233.3663,0.1912,0.0711,3.0538,34.0333,229.9737,0.1478,0.0963,80.4342,88.4862,231.1515,0.3827,0.9104
2015-01-02T00:33:59.570Z,3.1686,46.8121,233.2421,0.201,0.0662,2.4405,33.9235,229.9612,0.1476,0.0843,81.7548,88.2155,231.3492,0.3807,0.9276
2015-01-02T00:34:59.011Z,2.4984,45.3372,233.4756,0.194,0.0553,3.067,31.8397,230.1193,0.1383,0.1003,81.9204,88.8626,232.0493,0.3827,0.923
2015-01-02T00:35:59.616Z,3.5125,45.0414,233.4004,0.1925,0.0778,2.4079,34.198,228.786,0.1492,0.0775,145.1,155.6522,232.9547,0.6688,0.9338
2015-01-02T00:36:59.754Z,4.0899,47.1517,233.4432,0.2022,0.0838,2.328,32.5234,230.4896,0.1409,0.0748,82.8454,88.7135,232.7962,0.3807,0.9347
2015-01-02T00:37:59.796Z,5.107,45.4586,233.264,0.1947,0.1113,2.1948,32.5298,231.7536,0.1405,0.0754,82.6978,89.2537,232.5438,0.3837,0.9284
2015-01-02T00:38:59.125Z,5.1661,46.3589,233.0503,0.1993,0.1098,2.5627,33.9464,231.8696,0.147,0.0794,82.56,89.4933,232.6474,0.3847,0.9243
2015-01-02T00:39:59.926Z,4.8846,45.8684,233.2467,0.197,0.1065,2.4284,32.3863,230.9944,0.1405,0.078,82.9826,90.6705,232.7119,0.3897,0.9172
2015-01-02T00:40:59.079Z,4.3182,44.8992,233.0813,0.1927,0.0953,2.8199,33.7971,230.2563,0.1469,0.0812,82.3961,89.607,232.3771,0.3857,0.9203
2015-01-02T00:41:59.438Z,4.7834,46.4643,233.2468,0.199,0.1017,1.9971,31.6733,229.2453,0.1384,0.0717,81.9834,88.5417,232.3541,0.3809,0.9273
2015-01-02T00:42:59.494Z,5.2532,47.4212,233.83,0.203,0.1121,2.2379,32.2054,228.8644,0.1412,0.0727,81.9947,88.559,231.9335,0.382,0.9268
2015-01-02T00:43:59.531Z,4.5082,45.142,233.9222,0.1929,0.1002,2.3949,30.6503,229.0973,0.1333,0.0797,82.0126,88.744,232.0935,0.3822,0.9254
2015-01-02T00:44:59.413Z,4.6218,46.453,234.3741,0.1984,0.1004,2.9944,32.2888,230.1102,0.1406,0.0948,82.2659,88.9446,232.5676,0.3822,0.9262
2015-01-02T00:45:59.940Z,5.0971,47.572,233.8904,0.2033,0.1087,2.75,33.0268,231.6872,0.142,0.0846,145.1009,155.6712,233.4257,0.6672,0.9318
2015-01-02T00:46:59.664Z,4.6004,45.1716,233.4691,0.1936,0.1023,2.7978,35.7621,231.772,0.154,0.0843,83.2376,90.6655,233.5652,0.3882,0.9198
2015-01-02T00:47:59.542Z,4.8593,45.3242,233.4831,0.1944,0.1061,2.5441,32.1043,231.7399,0.1384,0.0804,83.5126,90.4103,233.7147,0.3868,0.9257
2015-01-02T00:48:59.949Z,5.7112,46.2401,233.4209,0.1978,0.1223,2.5098,34.1366,231.9205,0.147,0.0785,83.0643,89.8157,233.8415,0.3839,0.9262
2015-01-02T00:49:59.526Z,4.8366,45.8001,233.5417,0.196,0.1044,2.266,32.0701,228.5497,0.1406,0.0711,83.9944,90.2281,234.5989,0.3846,0.9312
2015-01-02T00:50:59.106Z,4.4737,46.1138,233.1524,0.198,0.0969,2.3736,34.1054,229.1509,0.1486,0.0759,83.69,90.0598,233.7982,0.3853,0.9308
2015-01-02T00:51:59.573Z,5.2017,47.4109,232.2963,0.2042,0.11,2.5213,30.852,230.25,0.134,0.0834,82.9904,88.7047,233.3016,0.3803,0.9361
2015-01-02T00:52:59.830Z,4.5453,45.2247,231.9468,0.1949,0.101,2.074,36.2563,230.0656,0.1575,0.0625,83.0868,90.3565,233.284,0.3877,0.9214
2015-01-02T00:53:59.305Z,5.1721,43.957,232.1025,0.1896,0.1163,2.1704,34.2277,230.1778,0.1488,0.0665,83.2623,90.7336,233.4257,0.3886,0.9189
2015-01-02T00:54:59.058Z,5.5766,47.3556,232.4577,0.2032,0.117,2.7871,32.847,231.1066,0.1416,0.0871,82.961,89.0793,233.2263,0.382,0.9324
2015-01-02T00:55:59.899Z,4.7936,45.7911,233.7288,0.1954,0.1061,2.9355,35.9533,232.2705,0.1549,0.0837,129.9059,139.3847,232.9913,0.5983,0.9312
2015-01-02T00:56:59.966Z,838.3188,1212.1231,231.9458,5.232,0.581,893.3943,1311.3934,230.896,5.6873,0.586,1371.3411,1855.5297,230.5008,8.058,0.759
2015-01-02T00:57:59.306Z,1097.5191,1528.3548,231.9048,6.5903,0.7174,1153.4763,1597.986,230.607,6.9297,0.7218,1636.9913,2186.1009,230.0629,9.5025,0.7482
2015-01-02T00:58:59.361Z,1186.7455,1610.0602,232.1408,6.9353,0.7379,1231.9306,1668.7654,230.3628,7.2439,0.7384,1720.6262,2253.1538,230.0381,9.7945,0.7626
2015-01-02T00:59:59.002Z,1186.2799,1608.0626,231.9639,6.9325,0.7383,1238.5802,1670.0228,230.321,7.2504,0.7416,1724.3422,2252.4513,229.8576,9.7991,0.7647
