2015-03-13T00:00:59.082Z,5.0823,70.588,233.9139,0.3018,0.0706,-6.8683,65.3631,233.841,0.2804,-0.1054,11.0457,68.0758,235.2887,0.2887,0.164
2015-03-13T00:01:59.301Z,5.4167,71.9145,233.4521,0.3078,0.0768,-6.2749,65.7207,232.7123,0.2819,-0.0974,10.9012,65.5055,234.4265,0.2793,0.17
2015-03-13T00:02:59.667Z,5.1446,71.2227,232.4233,0.3071,0.0722,-6.8125,65.8556,232.2245,0.2841,-0.1043,11.0248,67.36,233.8474,0.2882,0.1647
2015-03-13T00:03:59.980Z,6.0624,72.5403,232.0697,0.3123,0.084,-6.7242,68.1178,232.5035,0.293,-0.1004,11.7767,67.3538,233.8461,0.2876,0.1752
2015-03-13T00:04:59.292Z,5.0364,72.8892,233.447,0.3121,0.0696,-6.7937,67.1066,233.7898,0.2869,-0.1049,10.966,67.7967,234.317,0.2894,0.1626
2015-03-13T00:05:59.544Z,5.3384,71.5517,233.2936,0.3064,0.0747,-6.6916,65.2461,233.2065,0.2798,-0.1063,10.9708,68.6803,233.9527,0.2928,0.1659
2015-03-13T00:06:59.872Z,5.7555,72.9657,233.0384,0.3129,0.0785,-7.3521,66.2123,233.7637,0.283,-0.1132,11.041,67.2653,234.4092,0.2871,0.1651
2015-03-13T00:07:59.180Z,5.6571,74.2161,232.8143,0.3179,0.0769,-7.3652,65.6986,232.7348,0.2818,-0.1132,11.3272,67.6751,233.7147,0.2898,0.168
2015-03-13T00:08:59.395Z,6.0597,72.3559,233.3954,0.31,0.0842,-6.8969,65.5214,232.8429,0.2816,-0.1064,10.919,67.6133,233.4138,0.2899,0.1634
2015-03-13T00:09:59.654Z,5.6665,73.7853,232.7566,0.3168,0.0771,-6.9977,65.4134,232.9964,0.281,-0.1095,10.7682,67.1936,233.3671,0.2882,0.1615
2015-03-13T00:10:59.846Z,6.6644,73.7491,233.7619,0.3152,0.091,-7.3887,66.3776,233.6424,0.2835,-0.1127,11.1993,68.9398,234.2908,0.2944,0.1631
2015-03-13T00:11:59.465Z,6.0985,73.5307,233.628,0.3149,0.0837,-7.5655,66.5969,230.7421,0.2885,-0.1159,11.1775,68.1955,234.2657,0.2911,0.1655
2015-03-13T00:12:59.645Z,7.588,71.6218,233.5136,0.3064,0.1088,-7.8475,64.1473,229.4169,0.2797,-0.1219,11.1482,67.156,234.4988,0.2864,0.1666
2015-03-13T00:13:59.955Z,7.6655,73.6582,233.2469,0.3158,0.1049,-7.4521,66.7311,232.0291,0.2871,-0.1148,10.9596,69.7573,234.3946,0.2974,0.1581
2015-03-13T00:14:59.215Z,7.5572,73.2828,233.2839,0.314,0.1032,-7.5422,66.3407,233.767,0.2837,-0.1159,11.3326,67.5647,234.2901,0.2886,0.1674
2015-03-13T00:15:59.563Z,7.2635,71.9687,232.4686,0.3092,0.1014,-7.6195,65.7177,233.3505,0.2813,-0.1199,11.218,67.513,233.6009,0.2885,0.1716
2015-03-13T00:16:59.914Z,6.5762,72.2752,233.0913,0.3097,0.091,-7.4475,66.0978,233.4838,0.2837,-0.1152,10.8802,68.4798,234.2036,0.2925,0.1605
2015-03-13T00:17:59.058Z,7.2904,73.5077,233.166,0.3154,0.0999,-7.8361,65.5119,233.5093,0.2804,-0.1196,11.2169,68.1418,234.4888,0.2904,0.1656
2015-03-13T00:18:59.295Z,7.6389,72.9647,233.6074,0.3121,0.1065,-7.3365,66.7021,234.334,0.2845,-0.1121,11.1332,68.3604,235.0708,0.2904,0.164
2015-03-13T00:19:59.497Z,7.6548,73.1073,233.4701,0.3135,0.1049,-7.6033,67.7012,233.1911,0.2901,-0.1137,10.9291,68.0752,235.5102,0.2893,0.1611
2015-03-13T00:20:59.848Z,7.1335,72.8798,233.009,0.3129,0.0985,-7.3285,65.9329,233.2537,0.2828,-0.1133,11.1854,68.7955,235.0284,0.2932,0.1629
2015-03-13T00:21:59.255Z,6.9951,72.4531,233.0387,0.3109,0.0982,-7.2599,66.3717,232.7956,0.2848,-0.1144,10.9256,66.9134,234.7981,0.2849,0.167
2015-03-13T00:22:59.415Z,7.1738,73.0063,232.9846,0.3131,0.0987,-7.5185,65.7805,233.2804,0.2822,-0.1148,11.0032,67.8489,234.2356,0.2896,0.1631
2015-03-13T00:23:59.675Z,7.1068,73.6877,232.5741,0.3166,0.098,-8.0504,67.2644,233.1945,0.2889,-0.1211,10.9338,67.586,233.8298,0.2889,0.1621
2015-03-13T00:24:59.961Z,7.5099,72.806,233.0434,0.3126,0.104,-7.6809,67.1456,233.5879,0.2876,-0.1154,11.3012,68.6462,235.3288,0.2918,0.1657
2015-03-13T00:25:59.258Z,7.3588,71.9174,233.3786,0.3078,0.1036,-7.3467,66.6807,233.9597,0.285,-0.1138,11.4861,67.6481,235.2228,0.2877,0.172
2015-03-13T00:26:59.522Z,7.5695,71.4765,232.466,0.3076,0.1087,-7.6891,65.7593,234.4038,0.2807,-0.1191,11.447,65.9557,235.7387,0.2801,0.1785
2015-03-13T00:27:59.772Z,7.4577,73.2663,232.6995,0.3152,0.1024,-7.5623,66.5532,234.008,0.2844,-0.1145,10.7645,67.8056,235.8138,0.2875,0.1584
2015-03-13T00:28:59.047Z,7.4566,72.2183,233.2223,0.3099,0.1044,-7.8091,67.0413,231.8261,0.2893,-0.1176,11.489,68.5047,235.9456,0.2903,0.1681
2015-03-13T00:29:59.446Z,7.544,73.7632,233.7258,0.3154,0.1027,-8.179,66.3442,230.8725,0.2879,-0.1252,11.3173,67.5387,235.3089,0.2871,0.169
2015-03-13T00:30:59.718Z,7.2796,73.2227,233.4246,0.3134,0.1012,-7.6953,65.4022,232.7086,0.2815,-0.1212,11.3177,67.2008,234.8911,0.2863,0.1709
2015-03-13T00:31:59.028Z,7.782,72.9411,232.5813,0.3135,0.1073,-7.557,66.2206,231.626,0.2861,-0.1149,11.2363,66.6588,233.9043,0.2843,0.1691
2015-03-13T00:32:59.297Z,7.0249,73.1078,232.1014,0.3142,0.098,-8.0434,65.3342,231.3292,0.2821,-0.1217,10.7483,67.5561,233.2826,0.2898,0.1607
2015-03-13T00:33:59.582Z,7.1404,73.8135,232.3284,0.3175,0.096,-7.9409,66.5322,232.1238,0.2864,-0.1208,10.8235,70.7467,233.9677,0.3022,0.154
2015-03-13T00:34:59.856Z,7.3187,73.8088,233.1481,0.3165,0.1012,-8.184,65.6178,232.6692,0.2824,-0.1242,11.2273,68.4066,235.5505,0.2901,0.1644
2015-03-13T00:35:59.039Z,7.3662,72.1917,233.0814,0.3096,0.1032,-7.7728,64.3113,232.4986,0.2769,-0.1256,11.1408,67.069,235.7123,0.2846,0.1679
2015-03-13T00:36:59.309Z,6.9379,72.5305,233.2484,0.3105,0.0968,-7.3723,64.4257,232.9235,0.2765,-0.1201,11.3701,64.9725,235.163,0.2767,0.1782
2015-03-13T00:37:59.666Z,6.883,73.2766,234.2945,0.3126,0.0942,-7.5821,65.3736,233.7741,0.2796,-0.1185,10.9726,68.6624,235.4609,0.2911,0.1611
2015-03-13T00:38:59.869Z,7.4076,74.2327,234.2022,0.317,0.1002,-8.0001,66.7236,233.8798,0.2856,-0.1226,11.211,67.9329,235.0965,0.2888,0.1674
2015-03-13T00:39:59.170Z,7.6922,74.0434,234.4603,0.3161,0.105,-8.5846,65.8699,231.9276,0.2834,-0.1323,11.3079,68.6308,236.8672,0.2897,0.1657
2015-03-13T00:40:59.361Z,7.6899,73.3571,234.3257,0.3135,0.1071,-7.0162,65.2958,230.6021,0.2832,-0.1105,11.2659,68.0934,237.0401,0.2875,0.1678
2015-03-13T00:41:59.651Z,7.0447,74.0808,233.7143,0.3168,0.0979,-8.0203,65.1205,232.4586,0.2799,-0.1243,11.4345,68.079,235.3184,0.2893,0.1688
2015-03-13T00:42:59.016Z,7.745,73.5753,233.9992,0.315,0.1062,-7.4332,66.2081,231.6707,0.286,-0.1147,11.3992,66.4928,234.9028,0.2831,0.1718
2015-03-13T00:43:59.332Z,7.9338,71.9059,235.2462,0.3051,0.11,-7.4779,65.0622,229.3388,0.2838,-0.1154,11.4141,66.9212,235.7409,0.2838,0.1717
2015-03-13T00:44:59.537Z,7.7298,72.5982,234.899,0.3082,0.1077,-7.5215,65.6858,230.4082,0.2849,-0.1173,10.9124,68.1966,236.6008,0.2885,0.1611
2015-03-13T00:45:59.894Z,7.6547,71.8448,234.4343,0.3061,0.1088,-7.9171,65.0155,233.4778,0.2787,-0.1232,11.4145,67.4177,235.6964,0.2861,0.1761
2015-03-13T00:46:59.318Z,7.1666,73.1172,234.3638,0.3118,0.0999,-7.6734,66.7556,234.4563,0.285,-0.1148,11.2952,67.8628,235.3956,0.2888,0.1684
2015-03-13T00:47:59.480Z,7.4029,73.6322,234.4311,0.3142,0.1014,-7.4262,66.9314,234.6982,0.2856,-0.1119,11.4527,67.3355,234.8905,0.2869,0.17
2015-03-13T00:48:59.734Z,7.6188,74.3713,233.9462,0.3175,0.103,-8.2397,65.0646,234.3903,0.2778,-0.1287,10.9879,67.8968,234.2467,0.29,0.1616
2015-03-13T00:49:59.221Z,6.573,72.6996,234.1694,0.3101,0.0906,-7.8714,66.5429,234.5546,0.284,-0.1194,11.1708,68.0687,234.2214,0.2908,0.1643
2015-03-13T00:50:59.378Z,7.2652,72.3536,233.7579,0.3093,0.1029,-7.2118,64.4975,233.8115,0.2763,-0.1172,10.9302,67.1948,233.7949,0.2876,0.1689
2015-03-13T00:51:59.541Z,7.5189,72.3566,233.8101,0.3095,0.1059,-7.9113,65.1712,233.5116,0.2792,-0.1248,11.6069,66.4845,233.8634,0.2841,0.1769
2015-03-13T00:52:59.836Z,7.3676,72.6055,233.5749,0.311,0.1029,-7.5196,66.402,233.1356,0.2853,-0.1143,10.7522,68.3009,234.1581,0.2919,0.1593
2015-03-13T00:53:59.960Z,6.8953,72.3755,232.8768,0.3111,0.0947,-7.8167,65.3691,233.5123,0.28,-0.1197,11.5375,68.4767,234.6493,0.2915,0.1708
2015-03-13T00:54:59.390Z,7.141,72.3763,233.1342,0.3102,0.0988,-7.9144,67.5189,234.0568,0.2884,-0.1209,11.1988,68.6902,234.9733,0.292,0.1629
2015-03-13T00:55:59.731Z,7.0118,72.5041,233.1563,0.3108,0.098,-7.9028,65.2575,233.9438,0.2793,-0.1216,11.2205,68.8305,234.6018,0.2939,0.1624
2015-03-13T00:56:59.109Z,7.2638,74.6477,233.7038,0.319,0.0962,-7.9998,66.037,234.4618,0.2818,-0.1221,11.2382,68.7314,234.9637,0.2922,0.1654
2015-03-13T00:57:59.313Z,7.7427,72.5314,233.8311,0.3103,0.1085,-7.9366,66.9078,234.1312,0.2859,-0.1192,11.2605,66.6947,234.7077,0.2841,0.1718
2015-03-13T00:58:59.601Z,7.2423,73.2568,234.2509,0.3127,0.0999,-8.4078,66.0588,234.6179,0.2816,-0.1299,78.8596,106.4641,234.685,0.454,0.702
2015-03-13T00:59:59.830Z,6.7534,73.5769,234.61,0.3133,0.093,-7.6809,64.9041,234.7699,0.276,-0.1204,92.7778,115.4519,234.887,0.4911,0.8051
2015-03-13T01:00:59.225Z,7.0013,71.6707,234.3208,0.3057,0.0987,-7.2762,63.9376,232.165,0.2756,-0.1174,92.4269,113.1461,234.8371,0.4824,0.8189
2015-03-13T01:01:59.498Z,6.8237,72.9088,233.6463,0.3119,0.0946,-7.4873,66.7485,230.7409,0.2895,-0.1124,91.9387,113.5001,234.1459,0.4844,0.8114
2015-03-13T01:02:59.803Z,7.2381,72.5618,234.0449,0.3098,0.0991,-8.04,65.9035,233.9997,0.2814,-0.1247,92.4974,114.2008,234.708,0.4863,0.8111
2015-03-13T01:03:59.997Z,6.5378,72.7848,233.344,0.3114,0.0898,-7.4409,67.4366,233.9902,0.2881,-0.1132,92.938,114.5162,235.509,0.4865,0.8123
2015-03-13T01:04:59.229Z,6.3352,72.308,232.7027,0.311,0.0872,-7.3964,66.0487,233.9244,0.2823,-0.1116,92.6144,114.1484,235.4173,0.485,0.8119
2015-03-13T01:05:59.451Z,6.7107,72.9232,232.5614,0.3137,0.093,-8.0351,64.9319,233.7403,0.2782,-0.1245,92.4523,114.8844,235.2907,0.4879,0.8067
2015-03-13T01:06:59.769Z,6.7624,72.5934,232.1963,0.3122,0.0928,-7.9917,67.7592,233.3307,0.2907,-0.1198,92.7095,114.1235,235.2315,0.4852,0.8125
2015-03-13T01:07:59.058Z,7.0352,72.5991,232.7654,0.3124,0.0985,-7.9035,66.7617,232.5788,0.2871,-0.1211,92.4217,114.2266,234.74,0.4865,0.8094
2015-03-13T01:08:59.324Z,6.527,72.6159,233.136,0.3112,0.0899,-6.9866,66.5648,232.3987,0.2864,-0.1067,91.9404,113.2014,234.4635,0.4829,0.8136
2015-03-13T01:09:59.602Z,7.0467,72.1146,233.7359,0.3085,0.0984,-7.4278,65.9732,232.5962,0.2838,-0.1164,92.7556,114.1246,235.4355,0.4846,0.8133
2015-03-13T01:10:59.874Z,7.3747,73.7343,234.1419,0.3154,0.1009,-7.6456,66.053,233.2065,0.2829,-0.1187,92.3764,114.8079,235.6977,0.4868,0.8063
2015-03-13T01:11:59.145Z,6.0886,71.8464,233.9773,0.3072,0.086,-7.3333,66.367,232.5066,0.2852,-0.1113,91.2249,112.8297,233.8814,0.4823,0.8087
2015-03-13T01:12:59.476Z,7.1677,73.4246,233.5184,0.3141,0.0974,-8.0776,66.9226,231.2547,0.2892,-0.125,90.0885,111.0877,231.743,0.4791,0.8117
2015-03-13T01:13:59.815Z,6.2453,72.3397,233.9095,0.3088,0.0877,-7.2099,65.6347,231.5774,0.2838,-0.1118,90.5085,113.3797,233.5188,0.4858,0.799
2015-03-13T01:14:59.201Z,6.9838,71.6891,233.5851,0.3068,0.0969,-7.6427,66.6709,232.6591,0.2864,-0.1193,92.3034,113.8098,234.7423,0.485,0.8127
2015-03-13T01:15:59.472Z,7.3612,72.8973,234.2331,0.3113,0.1013,-7.4142,65.5324,232.9691,0.2815,-0.1163,92.2821,114.4164,235.6265,0.4854,0.8075
2015-03-13T01:16:59.860Z,7.1032,73.0189,234.0883,0.312,0.0984,-7.9287,65.601,233.059,0.2817,-0.121,92.8016,114.8953,235.4493,0.4873,0.8083
2015-03-13T01:17:59.123Z,6.0378,73.394,234.5173,0.3134,0.0834,-7.6233,66.3802,233.5447,0.2839,-0.1167,92.5039,115.107,235.3698,0.4893,0.804
2015-03-13T01:18:59.343Z,7.5943,73.1381,234.3238,0.312,0.1055,-7.8676,66.709,233.3266,0.286,-0.1198,93.0696,114.3364,235.9122,0.4849,0.8144
2015-03-13T01:19:59.585Z,7.4038,71.4995,234.1987,0.3053,0.1047,-7.5032,64.9487,232.9716,0.279,-0.1175,92.3293,114.1287,235.8129,0.4837,0.8104
2015-03-13T01:21:59.309Z,6.4687,73.0455,234.517,0.3115,0.089,-7.5642,66.0243,232.7562,0.2834,-0.1174,92.6988,115.0097,235.5135,0.4885,0.807
2015-03-13T01:22:59.569Z,6.7567,72.4595,233.7862,0.3097,0.0946,-7.9863,66.0785,232.4199,0.2842,-0.1215,91.5675,113.9529,234.3653,0.4863,0.8048
2015-03-13T01:23:59.747Z,7.0522,74.0458,233.4956,0.3171,0.0953,-7.9487,64.6731,232.7882,0.2778,-0.1243,91.7088,113.4412,234.55,0.4837,0.809
2015-03-13T01:24:59.290Z,7.11,73.2111,234.0403,0.3128,0.0974,-7.3174,65.0383,233.1066,0.2787,-0.1164,93.5373,115.09,236.0656,0.4878,0.8134
2015-03-13T01:25:59.845Z,7.17,72.1176,234.0004,0.3083,0.1008,-7.4805,63.4215,232.3586,0.2733,-0.1201,92.5329,114.6012,235.9028,0.486,0.8087
2015-03-13T01:26:59.047Z,6.8143,71.4903,233.5908,0.3059,0.0951,-7.894,65.7978,232.0903,0.2833,-0.121,92.7471,114.7347,235.6348,0.4869,0.8093
2015-03-13T01:27:59.332Z,7.3786,72.7584,233.5395,0.3113,0.1026,-7.6571,66.2907,231.9276,0.2858,-0.1177,92.5712,114.2329,235.4234,0.4855,0.8112
2015-03-13T01:28:59.691Z,7.0901,73.1021,233.3497,0.3133,0.0987,-7.3144,65.8515,231.6064,0.2845,-0.1122,92.3602,114.3293,235.3425,0.4854,0.8087
2015-03-13T01:29:59.012Z,7.1699,71.7258,233.4959,0.307,0.1002,-7.8074,64.5177,231.8774,0.2779,-0.1258,92.9466,114.542,235.6463,0.486,0.8119
2015-03-13T01:30:59.331Z,6.8836,72.0108,233.4005,0.3078,0.0959,-7.4921,65.7135,232.4754,0.2828,-0.1132,92.5196,114.4834,235.3087,0.4861,0.8086
2015-03-13T01:31:59.425Z,7.0264,72.0101,233.4543,0.3084,0.0989,-7.8403,64.4049,232.0205,0.278,-0.1237,92.51,114.686,235.1599,0.4879,0.8076
2015-03-13T01:32:59.876Z,7.1929,73.1216,233.7282,0.3127,0.099,-7.9229,66.692,232.043,0.2875,-0.1208,92.4142,114.8098,235.292,0.4879,0.8056
2015-03-13T01:33:59.058Z,6.843,72.2931,232.8671,0.3102,0.0951,-8.0239,65.3187,232.0182,0.2811,-0.1248,91.8868,113.3118,234.1979,0.4839,0.8119
2015-03-13T01:34:59.272Z,6.9722,71.7177,233.6681,0.3068,0.0966,-7.3576,65.2393,232.152,0.2809,-0.1165,90.1605,111.0866,232.5443,0.4777,0.812
2015-03-13T01:35:59.551Z,7.0768,72.8844,233.3379,0.3124,0.0975,-7.2946,65.2946,231.3925,0.2823,-0.1149,91.0336,112.2086,233.7912,0.4796,0.812
2015-03-13T01:36:59.823Z,7.332,72.2897,233.2791,0.3093,0.1022,-7.806,66.2429,231.5407,0.2859,-0.1201,92.1028,113.2299,234.6698,0.4823,0.8137
2015-03-13T01:37:59.230Z,6.938,72.7208,233.2483,0.3116,0.0972,-7.5891,65.9941,231.7899,0.2851,-0.1168,91.8843,114.4433,234.789,0.4874,0.8038
2015-03-13T01:38:59.552Z,6.6963,74.1908,234.8436,0.3156,0.0907,-7.6305,67.5255,232.3968,0.2904,-0.1141,92.2714,114.8926,234.7282,0.4891,0.8037
2015-03-13T01:39:59.848Z,7.4409,73.5143,233.7657,0.3146,0.1008,-7.9743,66.971,232.2791,0.2883,-0.1197,90.9552,113.9499,234.1684,0.4859,0.7988
2015-03-13T01:40:59.145Z,7.2707,74.2181,233.5296,0.3172,0.0992,-8.0892,67.7229,232.3134,0.2922,-0.1207,91.0807,114.3384,233.8231,0.4892,0.7971
2015-03-13T01:41:59.396Z,6.2678,75.2852,234.6887,0.3207,0.0838,-7.3863,67.4925,233.0528,0.2895,-0.1089,91.3336,114.165,233.9477,0.4883,0.8008
2015-03-13T01:42:59.734Z,6.5605,74.2044,234.6252,0.3163,0.0891,-7.7492,68.4657,233.5986,0.2934,-0.1168,91.6669,114.1545,234.1459,0.4874,0.8036
2015-03-13T01:43:59.122Z,7.0351,76.0402,234.3773,0.3242,0.0933,-7.8076,67.3348,231.7844,0.2908,-0.1182,91.2576,114.4567,233.2306,0.4907,0.7979
2015-03-13T01:44:59.454Z,6.8689,73.1034,234.3089,0.3118,0.0956,-7.3266,67.1742,232.2798,0.289,-0.1138,91.3886,115.0063,233.6853,0.492,0.7964
2015-03-13T01:45:59.678Z,6.7502,74.9628,234.5096,0.3195,0.0902,-7.5353,66.7988,234.0449,0.2857,-0.1146,91.7753,114.0791,233.9192,0.4876,0.805
2015-03-13T01:46:59.933Z,6.59,75.6309,234.1825,0.3231,0.0886,-7.6825,68.6373,234.5391,0.2927,-0.1145,90.8836,113.9549,233.6332,0.4875,0.7988
2015-03-13T01:47:59.248Z,6.4342,74.1499,233.239,0.3176,0.0868,-7.8947,67.3238,234.2639,0.287,-0.1173,91.884,115.4599,234.297,0.4924,0.7973
2015-03-13T01:48:59.398Z,6.5656,73.9808,233.0148,0.3178,0.0887,-7.236,68.0334,233.9787,0.291,-0.1068,92.0427,114.4713,234.1237,0.4891,0.8046
2015-03-13T01:49:59.576Z,7.0851,74.2227,233.2395,0.3182,0.0973,-7.2492,67.5778,234.0599,0.2887,-0.1116,92.0012,114.6329,234.3564,0.4887,0.803
2015-03-13T01:50:59.835Z,6.3296,74.1608,233.9514,0.3164,0.0866,-7.317,68.2534,233.9391,0.2916,-0.111,91.8029,114.7666,233.8582,0.4909,0.8011
2015-03-13T01:51:59.225Z,7.1253,74.8449,233.431,0.3207,0.0952,-7.6919,68.9473,233.6073,0.2948,-0.1136,91.321,113.6443,233.3953,0.487,0.804
2015-03-13T01:52:59.426Z,7.4093,75.2652,233.7326,0.3221,0.0991,-7.8609,67.9693,233.0345,0.2914,-0.1179,91.8776,115.124,234.1321,0.4916,0.7986
2015-03-13T01:53:59.627Z,6.6913,73.9471,233.3264,0.3169,0.0907,-8.1556,66.6862,230.2319,0.2897,-0.1229,92.9092,115.9259,235.3046,0.4921,0.803
2015-03-13T01:54:59.921Z,6.6485,74.4816,233.4219,0.3189,0.0915,-7.6408,67.1573,233.4524,0.2881,-0.1165,91.9308,114.1587,234.5286,0.487,0.8056
2015-03-13T01:55:59.249Z,6.652,75.4538,234.077,0.3224,0.0884,-7.933,68.3146,233.707,0.2924,-0.117,91.7203,115.2203,234.1678,0.4921,0.797
2015-03-13T01:56:59.577Z,7.1478,74.0602,234.0813,0.3165,0.0968,-7.8116,68.6545,233.5945,0.2938,-0.1141,93.0154,115.5421,235.119,0.492,0.8054
2015-03-13T01:57:59.869Z,6.3625,74.3828,233.9438,0.3184,0.0855,-7.7648,66.7654,233.5943,0.2861,-0.1168,93.0196,115.8337,235.419,0.4918,0.8041
2015-03-13T01:58:59.042Z,6.6144,74.2126,233.8734,0.3175,0.0896,-7.9452,67.3067,233.5503,0.288,-0.123,92.6463,115.5818,235.7926,0.4899,0.8024
2015-03-13T01:59:59.249Z,6.6822,74.002,233.9926,0.3165,0.0921,-7.654,68.4374,233.7913,0.2923,-0.1157,92.7662,114.8147,235.7892,0.4869,0.8088
