2015-05-12T00:01:59.337Z,6.3945,68.0051,229.954,0.2957,0.0962,-7.3365,62.3107,228.8769,0.2725,-0.12,11.5431,63.6192,231.1425,0.2751,0.1833
2015-05-12T00:02:59.620Z,5.8903,69.9789,230.8595,0.3026,0.0824,-7.7364,61.8203,229.667,0.2691,-0.1279,11.3445,64.1487,232.1908,0.2761,0.1773
2015-05-12T00:03:59.208Z,6.3122,69.9774,230.8004,0.303,0.0902,-7.6616,64.0998,231.5854,0.277,-0.1223,11.5288,63.8267,232.4942,0.2748,0.1809
2015-05-12T00:04:59.614Z,6.0029,69.6179,229.9263,0.3027,0.087,-7.3315,62.3699,231.946,0.2689,-0.1199,11.8874,65.7066,232.8542,0.2818,0.1818
2015-05-12T00:05:59.649Z,5.7171,69.1553,230.8779,0.2991,0.0839,-7.2004,61.5391,232.4029,0.265,-0.1184,11.4928,64.3297,233.4788,0.2756,0.1803
2015-05-12T00:06:59.025Z,6.8987,68.8668,230.6394,0.2984,0.1024,-8.1422,62.092,232.5553,0.2672,-0.132,11.4916,64.1819,233.517,0.2747,0.1797
2015-05-12T00:07:59.174Z,6.9137,70.8163,231.3083,0.3062,0.0993,-7.5075,60.0148,232.0862,0.2587,-0.1259,11.639,62.6436,232.817,0.2691,0.1853
2015-05-12T00:08:59.630Z,7.0652,69.9382,232.1999,0.3009,0.102,-7.6545,61.7232,232.5601,0.2656,-0.1255,12.0423,64.4087,233.4559,0.2758,0.1882
2015-05-12T00:09:59.162Z,6.2964,70.3712,231.6769,0.3041,0.0902,-8.027,62.571,231.6641,0.2706,-0.1284,11.1652,64.5301,232.9633,0.277,0.1728
2015-05-12T00:10:59.330Z,6.8986,69.9853,231.6431,0.3025,0.0991,-7.7389,62.7214,231.8789,0.2705,-0.1241,12.0081,65.9144,232.7696,0.283,0.1832
2015-05-12T00:11:59.526Z,6.7702,70.1926,231.8809,0.3028,0.0975,-7.4939,62.5366,232.0002,0.2698,-0.1187,11.762,65.8745,232.7347,0.2828,0.1805
2015-05-12T00:12:59.919Z,6.7578,69.5873,232.1103,0.2995,0.098,-7.6364,62.3382,230.2534,0.2707,-0.1268,11.3229,64.6185,233.0604,0.2775,0.1769
2015-05-12T00:13:59.393Z,6.7388,70.1684,231.8853,0.3019,0.0982,-8.0969,61.0717,228.74,0.2668,-0.1344,11.9319,63.9611,233.0924,0.274,0.189
2015-05-12T00:14:59.910Z,6.4475,69.1652,231.7012,0.2979,0.0938,-7.7324,62.244,231.8364,0.2684,-0.1254,11.8479,65.5034,232.5463,0.282,0.1853
2015-05-12T00:15:59.120Z,6.4907,69.1604,231.5692,0.2984,0.0951,-8.0709,62.4749,231.3489,0.2702,-0.1317,10.9177,65.2688,232.2326,0.2812,0.169
2015-05-12T00:16:59.330Z,6.176,69.6268,231.6635,0.3002,0.0889,-7.7847,63.7455,231.7604,0.2754,-0.1267,11.4316,65.57,232.4533,0.2818,0.1751
2015-05-12T00:17:59.933Z,6.464,70.0233,231.6936,0.302,0.0935,-7.5112,63.951,231.7701,0.2765,-0.12,11.6452,65.4055,232.739,0.2805,0.181
2015-05-12T00:18:59.183Z,6.6291,69.7464,231.5118,0.3008,0.0948,-7.5173,63.3328,231.3642,0.2734,-0.1206,11.3206,64.3199,232.7038,0.2767,0.1777
2015-05-12T00:19:59.754Z,6.2107,69.8755,230.9226,0.3022,0.0896,-7.2626,62.8024,230.8673,0.272,-0.1187,11.4979,63.6447,232.5413,0.2734,0.182
2015-05-12T00:20:59.930Z,6.1088,68.6724,230.183,0.298,0.0901,-7.194,60.8965,230.6387,0.2639,-0.1214,11.3164,62.839,231.8997,0.2708,0.1835
2015-05-12T00:21:59.414Z,6.4142,69.8406,230.8237,0.3023,0.0929,-7.4814,60.6277,231.379,0.2619,-0.1234,11.3071,64.3233,232.03,0.2774,0.1773
2015-05-12T00:22:59.613Z,6.1705,70.2756,231.8776,0.3029,0.0888,-7.1892,63.2281,232.2154,0.2724,-0.1153,11.3908,64.587,232.6899,0.2769,0.1776
2015-05-12T00:23:59.909Z,6.4808,69.5248,231.7057,0.2999,0.0943,-7.7608,63.7892,232.1232,0.2747,-0.1226,11.6944,63.8414,232.5748,0.2743,0.1854
2015-05-12T00:24:59.410Z,6.2256,69.1763,231.201,0.2996,0.0901,-7.3458,63.8287,231.4386,0.2757,-0.1173,11.6127,64.0785,231.6938,0.2766,0.1812
2015-05-12T00:25:59.952Z,6.3774,69.6988,231.09,0.3016,0.0915,-7.3236,63.4349,231.4089,0.2745,-0.1176,11.1626,63.5156,231.7256,0.2741,0.1766
2015-05-12T00:26:59.419Z,6.4639,70.5249,231.2804,0.3053,0.0926,-7.0091,62.3226,231.558,0.2694,-0.1129,11.8803,63.975,232.0267,0.2753,0.188
2015-05-12T00:27:59.268Z,6.44,68.9675,231.6127,0.2973,0.0943,-7.702,61.9921,231.9004,0.2674,-0.1265,11.3555,63.6804,232.6377,0.274,0.1795
2015-05-12T00:28:59.526Z,6.3408,70.0497,231.6524,0.3024,0.0908,-7.5123,63.62,231.7593,0.2741,-0.1202,11.5112,65.2408,232.9127,0.2807,0.1775
2015-05-12T00:29:59.900Z,6.0652,70.4646,232.306,0.3033,0.0866,-7.701,64.0876,232.116,0.2762,-0.1222,11.3983,64.8513,233.642,0.2772,0.1758
2015-05-12T00:30:59.239Z,6.6693,69.6413,231.7566,0.3007,0.0971,-7.5691,63.8788,231.4502,0.2759,-0.1176,11.8544,65.0579,232.9521,0.2791,0.185
2015-05-12T00:31:59.690Z,6.0481,69.9447,231.9475,0.3014,0.0885,-7.434,64.4959,231.529,0.2793,-0.1155,11.5097,64.2037,233.1324,0.2755,0.1802
2015-05-12T00:32:59.920Z,6.4501,68.4918,231.6715,0.2953,0.0964,-7.5701,62.4354,231.7254,0.2695,-0.1222,11.5209,66.0822,233.0416,0.2833,0.1762
2015-05-12T00:33:59.432Z,6.8878,69.8083,231.4269,0.301,0.0999,-7.4428,62.5573,231.5083,0.2701,-0.121,11.7218,64.3308,232.9851,0.276,0.1813
2015-05-12T00:34:59.662Z,6.3015,70.4836,232.3399,0.3035,0.0895,-7.14,61.6584,232.3507,0.2646,-0.1185,11.5085,64.534,233.8596,0.2763,0.1823
2015-05-12T00:35:59.155Z,6.4138,68.807,231.3977,0.2969,0.0956,-7.2689,62.8837,231.6931,0.2711,-0.1186,11.5742,63.8438,232.8956,0.274,0.182
2015-05-12T00:36:59.263Z,6.6508,69.978,231.366,0.3022,0.0968,-7.4788,61.6345,231.4859,0.2663,-0.1229,11.2026,62.9082,232.3668,0.271,0.1781
2015-05-12T00:37:59.636Z,6.1588,70.1683,231.336,0.3028,0.0874,-7.5236,63.3526,231.4449,0.2736,-0.1199,11.8288,64.3632,232.0479,0.2778,0.1837
2015-05-12T00:38:59.014Z,6.6184,69.9576,231.1793,0.3024,0.0949,-6.982,63.418,231.5674,0.274,-0.1133,11.51,64.1471,232.0406,0.2762,0.1806
2015-05-12T00:39:59.407Z,6.4788,69.8648,231.1958,0.3023,0.0935,-7.487,62.7153,231.6309,0.2711,-0.123,11.6688,63.5021,231.6187,0.2741,0.1877
2015-05-12T00:40:59.665Z,6.249,69.1819,230.9864,0.2998,0.0911,-7.3422,63.3323,231.1658,0.2738,-0.119,11.2711,63.5787,231.3073,0.2753,0.1789
2015-05-12T00:41:59.170Z,6.31,69.3757,231.2898,0.3,0.0918,-7.5873,60.7212,231.7227,0.2623,-0.1256,11.317,62.2476,231.5911,0.2686,0.1834
2015-05-12T00:42:59.432Z,6.5848,70.0882,231.2796,0.3026,0.0951,-7.2421,63.0219,231.3795,0.2723,-0.1171,11.4438,64.2086,231.0455,0.2777,0.1792
2015-05-12T00:43:59.188Z,6.3721,70.0762,231.7113,0.3021,0.093,-7.4552,62.102,230.9456,0.2691,-0.1219,11.5013,64.4307,230.0822,0.2801,0.1799
2015-05-12T00:44:59.653Z,6.3197,70.4334,232.6364,0.3026,0.0904,-7.3984,61.271,231.3004,0.2647,-0.1214,11.1225,62.8918,230.774,0.2725,0.1779
2015-05-12T00:45:59.664Z,6.6293,69.8062,232.3044,0.2996,0.0952,-7.504,63.3858,231.4542,0.2737,-0.1189,11.4646,63.7454,230.7404,0.2762,0.1822
2015-05-12T00:46:59.884Z,6.8522,69.6896,232.0689,0.3001,0.0996,-7.5209,62.5588,231.234,0.2702,-0.123,11.6476,64.4642,230.461,0.2793,0.1811
2015-05-12T00:47:59.088Z,6.3772,69.145,231.5734,0.2988,0.094,-7.5408,62.7934,230.7476,0.2722,-0.1229,11.8009,64.2258,230.3876,0.2792,0.1849
2015-05-12T00:48:59.669Z,6.3484,69.1059,231.5957,0.2979,0.0935,-7.2465,61.7339,231.405,0.2668,-0.1214,11.4634,63.0221,230.0037,0.2739,0.1867
2015-05-12T00:49:59.826Z,5.807,69.3079,230.4493,0.3005,0.0851,-7.6058,60.3155,231.8438,0.2601,-0.128,11.5918,62.7614,230.4495,0.2726,0.188
2015-05-12T00:50:59.635Z,6.7603,69.1562,230.254,0.3,0.0993,-7.7844,60.1004,231.9685,0.2592,-0.1312,11.1748,62.0367,230.5224,0.2685,0.1799
2015-05-12T00:51:59.964Z,6.2476,69.8789,230.228,0.3035,0.0914,-7.2957,62.7116,231.9581,0.2708,-0.1157,11.6886,63.977,230.8899,0.2764,0.1843
2015-05-12T00:52:59.551Z,6.2609,69.6789,230.6426,0.3019,0.0904,-7.6454,63.3078,232.4601,0.2721,-0.1222,11.7896,63.607,231.2611,0.2749,0.1862
2015-05-12T00:53:59.400Z,5.9113,69.3756,230.7654,0.3012,0.0858,-6.8745,63.2322,232.2271,0.2718,-0.1134,11.2178,62.2071,231.3048,0.2698,0.1834
2015-05-12T00:54:59.579Z,7.0038,68.2898,231.6782,0.2949,0.1046,-8.1216,64.2727,231.7374,0.2771,-0.1286,11.5104,63.8887,231.6009,0.2755,0.1823
2015-05-12T00:55:59.038Z,6.8672,68.9129,232.1491,0.2967,0.1007,-7.6414,63.2159,231.8236,0.2724,-0.1213,11.1664,63.0721,232.0863,0.272,0.177
2015-05-12T00:56:59.377Z,6.2835,69.7241,231.7989,0.301,0.0899,-7.2821,62.5079,231.3339,0.2698,-0.1191,11.2184,63.9841,231.6233,0.2761,0.1761
2015-05-12T00:57:59.654Z,6.7041,70.7011,231.3568,0.3058,0.0949,-7.8815,62.1857,230.6081,0.2697,-0.1282,11.5332,63.4535,230.4915,0.2754,0.1821
2015-05-12T00:58:59.832Z,6.3488,69.8416,231.467,0.3016,0.0921,-7.3616,62.0735,231.4473,0.2678,-0.1193,11.5247,64.432,230.2416,0.28,0.1811
2015-05-12T00:59:59.120Z,6.4896,70.034,231.5667,0.3023,0.0932,-7.7093,62.7193,231.4358,0.2709,-0.125,11.3207,62.9376,230.1758,0.2734,0.1842
