2015-03-15T00:00:59.518Z,5.5947,66.6216,230.7228,0.288,0.083,-7.6176,61.4766,228.5057,0.2692,-0.1265,89.45,109.1865,231.3286,0.4713,0.8204
2015-03-15T00:01:59.226Z,5.6597,68.0903,229.8424,0.2967,0.0834,-7.7049,63.1024,228.5084,0.2762,-0.1221,88.9109,109.1532,230.7066,0.473,0.8154
2015-03-15T00:02:59.698Z,5.7393,69.3214,229.8897,0.3019,0.0833,-7.4732,63.1447,227.9842,0.2768,-0.1186,89.0075,109.2598,230.4589,0.4742,0.8156
2015-03-15T00:03:59.630Z,6.1471,68.2852,228.4541,0.2988,0.0921,-7.4127,60.9164,226.6337,0.2693,-0.1244,89.0919,108.3438,230.6565,0.4701,0.8236
2015-03-15T00:04:59.196Z,6.5588,69.136,229.8484,0.3013,0.0953,-7.5062,61.907,228.2942,0.2711,-0.1228,89.027,109.2881,230.9073,0.4733,0.8152
2015-03-15T00:05:59.294Z,5.8955,67.8886,229.8249,0.2951,0.0883,-7.4446,62.4712,228.6752,0.2728,-0.1216,88.5475,108.697,230.6529,0.4714,0.8151
2015-03-15T00:06:59.946Z,7.152,67.8211,229.4311,0.2954,0.1074,-7.7678,61.2812,225.8976,0.2713,-0.1272,89.2523,109.4614,230.8333,0.4737,0.817
2015-03-15T00:07:59.167Z,6.9972,68.7092,232.1481,0.2954,0.1037,-6.971,61.9122,228.0501,0.271,-0.1177,90.8976,110.1389,232.6683,0.4739,0.826
2015-03-15T00:08:59.900Z,6.4692,69.8301,231.7783,0.3012,0.0932,-7.2559,62.3355,230.2283,0.2712,-0.1184,89.3326,109.5855,231.5133,0.4733,0.8162
2015-03-15T00:09:59.892Z,6.162,68.6377,231.0634,0.2968,0.0921,-7.8313,64.2343,230.5107,0.2787,-0.1239,89.8529,109.5214,231.4117,0.4733,0.8214
2015-03-15T00:10:59.668Z,7.0735,69.3698,232.4316,0.2991,0.1029,-7.9859,62.4375,231.2213,0.2701,-0.1297,90.0476,109.404,231.8746,0.4721,0.8248
2015-03-15T00:11:59.878Z,6.6515,70.0498,232.0679,0.3013,0.0963,-7.5354,63.7337,231.0701,0.2753,-0.1224,89.4334,108.5789,231.3743,0.469,0.8237
2015-03-15T00:12:59.390Z,6.8016,68.5916,231.8708,0.2956,0.0997,-7.504,63.7369,232.4666,0.2749,-0.1216,90.0439,110.1349,231.6379,0.4757,0.8196
2015-03-15T00:13:59.696Z,6.6793,70.1411,231.694,0.3025,0.0966,-7.4818,63.318,232.8934,0.2717,-0.1199,89.5905,109.0272,231.5647,0.4709,0.823
2015-03-15T00:14:59.181Z,6.3382,69.5018,231.2914,0.3,0.0928,-8.0602,62.1427,233.7453,0.2662,-0.1289,91.3673,111.1019,233.6149,0.4753,0.8233
2015-03-15T00:15:59.413Z,6.3273,69.0775,231.226,0.2987,0.0912,-7.6001,62.3181,233.8058,0.2659,-0.1241,91.7074,112.3537,234.3044,0.479,0.8167
2015-03-15T00:16:59.763Z,6.216,68.9221,232.0758,0.2966,0.0907,-7.4808,63.9284,233.696,0.2736,-0.1199,91.7215,110.7438,234.1733,0.4731,0.8286
2015-03-15T00:17:59.336Z,6.3822,69.5865,232.8299,0.2987,0.0926,-7.1808,62.6257,233.8927,0.268,-0.1173,91.2624,112.0648,234.1153,0.4785,0.8162
2015-03-15T00:18:59.716Z,6.6907,70.5996,233.6685,0.3019,0.0962,-7.6707,63.266,233.4304,0.2713,-0.1241,91.4574,111.4003,233.9256,0.4763,0.8221
2015-03-15T00:19:59.664Z,6.4509,70.3096,233.0952,0.3013,0.094,-7.7136,63.8834,232.5365,0.2754,-0.1214,91.2796,111.3765,234.0345,0.476,0.8201
2015-03-15T00:20:59.759Z,7.2688,69.4127,232.7673,0.2979,0.106,-7.4784,62.8358,232.8646,0.2702,-0.1202,91.1948,111.7965,233.9816,0.4776,0.8165
2015-03-15T00:21:59.134Z,7.0224,70.0538,232.6694,0.3009,0.1017,-7.3856,64.3393,231.9731,0.2774,-0.1181,91.5394,112.1786,233.8424,0.4793,0.8168
2015-03-15T00:22:59.726Z,7.1873,68.6291,232.842,0.2946,0.106,-8.3526,60.8626,231.8026,0.2628,-0.1403,90.6914,111.0257,233.2229,0.4762,0.8189
2015-03-15T00:23:59.573Z,6.3919,71.0417,232.4896,0.3056,0.0909,-7.6728,62.8641,232.3686,0.2709,-0.126,90.5276,110.5032,232.8742,0.4751,0.8201
2015-03-15T00:24:59.962Z,6.5671,69.6174,233.061,0.2985,0.0954,-7.8963,61.5392,232.2944,0.2648,-0.1299,91.6571,112.0891,234.3895,0.4784,0.8188
2015-03-15T00:25:59.194Z,6.6671,69.9598,233.2024,0.2999,0.0976,-7.7912,62.975,232.326,0.2714,-0.1259,91.6403,111.9588,234.1539,0.4782,0.8199
2015-03-15T00:26:59.518Z,6.4499,70.1158,233.1511,0.3004,0.0938,-7.3798,63.7395,232.4708,0.2743,-0.1177,99.0405,119.411,233.8663,0.5105,0.8258
2015-03-15T00:27:59.163Z,6.6773,68.692,232.8583,0.2951,0.0982,-7.6839,61.9848,232.17,0.2669,-0.124,146.0117,167.9177,234.0679,0.7176,0.8541
2015-03-15T00:28:59.923Z,7.1022,70.3116,233.7458,0.3008,0.102,-7.6825,63.1771,232.2039,0.272,-0.1239,91.0976,111.1668,234.1467,0.4752,0.8204
2015-03-15T00:29:59.092Z,7.4255,71.4063,233.9353,0.3048,0.1061,-7.557,63.556,232.5674,0.2729,-0.1194,91.5162,111.7996,234.2785,0.4773,0.8189
2015-03-15T00:30:59.770Z,7.4312,69.7621,233.3421,0.2986,0.1084,-8.2255,63.7225,232.4851,0.2743,-0.1299,91.0552,111.438,233.758,0.4768,0.8179
2015-03-15T00:31:59.726Z,7.4341,69.7046,233.2676,0.2985,0.1069,-7.6664,61.7036,229.2066,0.2689,-0.1266,91.7219,111.7329,234.0382,0.4773,0.8211
2015-03-15T00:32:59.167Z,7.2753,69.2891,232.6842,0.298,0.1062,-7.5812,61.1766,229.5956,0.2666,-0.1306,90.5758,110.0083,232.9827,0.4719,0.8244
2015-03-15T00:33:59.394Z,6.9978,69.496,233.3313,0.2978,0.1025,-8.1927,61.0082,230.5126,0.2643,-0.1332,90.3124,110.2504,232.1938,0.4753,0.8207
2015-03-15T00:34:59.380Z,6.5344,70.3727,233.3689,0.3018,0.0941,-7.6181,63.0275,232.2405,0.2712,-0.1216,90.7546,110.9323,233.5567,0.4752,0.8186
2015-03-15T00:36:59.306Z,6.8585,70.2993,233.0268,0.302,0.0997,-7.803,62.2787,232.2659,0.268,-0.1288,107.8906,128.3626,234.017,0.5486,0.8318
2015-03-15T00:37:59.490Z,5.6576,69.436,234.0137,0.2967,0.0832,-7.351,62.5205,233.0252,0.2688,-0.1167,119.2786,139.5835,233.7685,0.5969,0.8422
2015-03-15T00:38:59.150Z,7.0614,70.5242,233.6651,0.3013,0.1013,-7.4177,63.1202,233.2883,0.2704,-0.1178,91.0096,110.3349,233.2047,0.4732,0.8254
2015-03-15T00:39:59.654Z,6.6814,69.926,233.9998,0.299,0.0961,-8.0629,61.2635,233.2582,0.2628,-0.1341,91.0964,111.7067,233.1539,0.4788,0.817
2015-03-15T00:40:59.005Z,5.7428,71.0206,234.3929,0.3032,0.0813,-7.6139,64.5211,233.9008,0.2752,-0.1184,90.8898,111.7853,233.598,0.4778,0.8131
2015-03-15T00:41:59.611Z,5.7446,70.3182,232.725,0.3024,0.0835,-7.1161,62.9708,233.2549,0.2699,-0.1139,90.5058,110.3039,232.7527,0.4734,0.8212
2015-03-15T00:42:59.243Z,5.3748,69.1393,232.6623,0.2973,0.0792,-7.4357,63.3458,233.2706,0.2716,-0.1191,90.0529,110.1312,232.4777,0.4738,0.8183
2015-03-15T00:43:59.717Z,6.4157,68.3363,231.9517,0.2946,0.097,-7.7572,61.1049,232.9352,0.2621,-0.1268,90.4905,111.322,233.1343,0.4776,0.8141
2015-03-15T00:44:59.059Z,6.2793,69.1154,233.7197,0.296,0.0922,-7.8862,64.812,234.7857,0.2763,-0.1244,91.9269,112.3252,233.8891,0.4801,0.819
2015-03-15T00:45:59.415Z,7.0782,69.6295,234.65,0.2962,0.1027,-8.1289,63.9546,234.2801,0.2728,-0.1282,91.1821,111.1423,233.616,0.4759,0.8211
2015-03-15T00:46:59.664Z,6.5379,71.1821,235.3087,0.3022,0.0927,-7.9397,63.9775,234.7208,0.2724,-0.1268,93.3658,114.2079,234.2189,0.4875,0.8175
2015-03-15T00:47:59.725Z,384.7058,584.5119,233.8613,2.5203,0.3234,400.1634,629.6043,233.5714,2.7218,0.1868,779.1404,1057.2659,231.8949,4.6014,0.8222
2015-03-15T00:48:59.182Z,1087.9671,1475.2442,231.6798,6.3681,0.7379,1144.9201,1614.9801,230.9325,6.9935,0.7088,1579.0643,2142.272,227.9999,9.3954,0.7382
2015-03-15T00:49:59.746Z,1106.5532,1483.5088,231.6789,6.4033,0.7467,1177.3908,1646.334,231.2003,7.1203,0.7146,1589.2504,2149.6097,227.6951,9.4409,0.74
2015-03-15T00:50:59.991Z,1186.4081,1560.3477,230.4914,6.7694,0.7606,1282.9254,1716.371,230.7131,7.4394,0.7474,1711.2804,2264.9001,228.1547,9.927,0.755
2015-03-15T00:51:59.337Z,1187.7402,1560.0107,229.4335,6.7995,0.7614,1287.8343,1701.1257,229.7249,7.4053,0.7574,1729.9822,2268.8667,227.7076,9.9641,0.7608
2015-03-15T00:52:59.163Z,1189.6555,1567.1958,229.8347,6.8187,0.759,1273.5016,1689.3227,229.161,7.3716,0.7538,1727.866,2257.4326,227.7094,9.9134,0.7653
2015-03-15T00:53:59.480Z,1226.119,1609.8817,230.2248,6.9926,0.7612,1265.6612,1689.9959,228.7221,7.3883,0.7492,1742.7736,2249.7784,227.4719,9.8902,0.7747
2015-03-15T00:54:59.266Z,1206.4416,1598.6704,230.1269,6.9465,0.7542,1291.9556,1714.8335,230.6165,7.4358,0.7536,1754.6038,2293.8021,229.1035,10.0119,0.7651
2015-03-15T00:55:59.115Z,1220.2855,1620.1227,230.0711,7.0417,0.7529,1281.4009,1697.0022,229.356,7.3994,0.7551,1772.5569,2294.2216,229.1719,10.0101,0.7717
2015-03-15T00:56:59.900Z,1242.9554,1630.2097,229.9091,7.0903,0.7631,1291.1254,1712.8353,229.0819,7.4767,0.7534,1764.5774,2278.7321,228.6715,9.9649,0.7741
2015-03-15T00:57:59.534Z,1261.3369,1635.7461,229.6288,7.1234,0.7709,1320.6213,1739.2962,228.7619,7.6024,0.7595,1771.8843,2282.5967,228.38,9.9942,0.7766
2015-03-15T00:59:59.853Z,516.6038,773.2458,230.1758,3.3678,0.3896,527.0759,788.3358,229.4488,3.4468,0.2687,750.7477,1030.325,230.0407,4.504,0.7638
2015-03-15T01:00:59.251Z,90.996,199.3782,230.6823,0.8661,0.1472,87.5677,206.386,230.3647,0.8991,-0.0408,219.3637,309.539,230.5002,1.345,0.7973
2015-03-15T01:01:59.539Z,407.0971,576.9471,230.3426,2.5119,0.3235,426.9338,653.849,229.7497,2.8598,0.1727,891.1737,1113.3565,228.2874,4.8973,0.8351
2015-03-15T01:02:59.651Z,1242.176,1608.1671,228.9917,7.0229,0.7716,1277.3404,1690.7626,227.7253,7.4246,0.7554,1731.4175,2223.1151,225.9881,9.8369,0.7797
2015-03-15T01:03:59.508Z,1210.3398,1589.0771,228.0164,6.9693,0.7613,1250.6873,1643.8648,226.9023,7.2446,0.7603,1740.8202,2230.7258,226.6259,9.8424,0.7799
2015-03-15T01:04:59.752Z,1213.334,1581.5272,228.8416,6.9107,0.7674,1253.1147,1675.144,228.4255,7.3335,0.7483,1697.7967,2195.8689,226.4081,9.6988,0.7737
2015-03-15T01:05:59.019Z,1144.4133,1514.8692,228.6725,6.6244,0.7551,1181.0599,1604.7776,228.0204,7.0376,0.7361,1626.0922,2122.4991,225.8855,9.396,0.7669
2015-03-15T01:06:59.289Z,1151.4311,1518.6408,228.4528,6.6476,0.7584,1199.8823,1612.9142,227.9332,7.0761,0.744,1645.4677,2140.779,225.7791,9.4816,0.7697
2015-03-15T01:07:59.881Z,1155.9368,1523.1633,229.8391,6.6273,0.759,1216.8227,1642.5076,228.5459,7.1866,0.7409,1639.4331,2148.8076,226.4636,9.4879,0.7623
2015-03-15T01:08:59.498Z,1168.6148,1538.7111,229.9956,6.6897,0.7596,1237.946,1663.5145,228.9466,7.2662,0.7444,1661.7958,2177.8848,227.2771,9.5821,0.7626
2015-03-15T01:09:59.690Z,1171.1391,1547.9743,229.7981,6.7362,0.7566,1227.8362,1644.3968,228.1368,7.2079,0.7463,1676.3754,2180.9991,227.3336,9.5943,0.7696
2015-03-15T01:10:59.719Z,1187.8192,1565.6443,229.7533,6.8139,0.7587,1243.7731,1655.6697,227.9924,7.2625,0.7515,1699.8654,2200.2774,227.5482,9.6694,0.7713
2015-03-15T01:11:59.447Z,1198.0001,1565.1011,228.9829,6.8349,0.7659,1258.3328,1651.808,226.8981,7.2794,0.7618,1716.0239,2204.4213,226.7368,9.7221,0.779
2015-03-15T01:12:59.841Z,1214.0259,1574.0404,228.59,6.886,0.7717,1273.7748,1662.265,226.6174,7.3344,0.7662,1729.8993,2209.3941,226.371,9.7596,0.7812
2015-03-15T01:13:59.760Z,1235.5622,1581.7824,227.8796,6.9411,0.7808,1291.6722,1678.0406,226.5261,7.4079,0.7699,1733.8485,2201.9024,225.1817,9.7785,0.7884
2015-03-15T01:14:59.592Z,1223.3707,1585.9254,228.435,6.942,0.7714,1302.5862,1690.1116,227.774,7.4198,0.77,1751.4991,2246.149,227.3984,9.8774,0.7807
2015-03-15T01:15:59.625Z,1176.3299,1530.9691,229.34,6.6787,0.7381,1249.1988,1631.2657,229.1227,7.123,0.7179,1694.0244,2173.452,228.1622,9.5294,0.7854
2015-03-15T01:16:59.983Z,5.8289,69.1541,231.0489,0.2988,0.0848,-7.3488,63.2492,230.908,0.2737,-0.1187,96.843,139.1543,231.08,0.6028,0.4798
2015-03-15T01:17:59.360Z,5.6339,68.1491,231.0683,0.2947,0.0834,-6.9682,63.0266,231.0791,0.2723,-0.1142,11.3019,63.9123,231.0373,0.2771,0.1773
2015-03-15T01:18:59.960Z,5.6823,69.2398,232.0941,0.2987,0.0832,-7.2524,63.876,230.6731,0.2771,-0.1176,10.732,63.4404,231.0075,0.2751,0.1692
2015-03-15T01:19:59.487Z,5.4935,69.2841,231.3224,0.2993,0.0791,-7.106,61.1487,230.1852,0.2651,-0.1174,11.3785,63.5136,230.9289,0.2751,0.1788
2015-03-15T01:20:59.168Z,5.2566,68.9327,230.1582,0.2998,0.0764,-7.3878,62.1177,229.2416,0.2706,-0.1208,10.7627,63.2162,230.0961,0.2751,0.1709
2015-03-15T01:21:59.399Z,5.7447,67.6874,229.7001,0.2944,0.0856,-6.8618,60.1989,228.3718,0.2632,-0.1175,11.1545,62.9969,229.3362,0.2748,0.1823
2015-03-15T01:22:59.692Z,5.2566,67.8249,229.7284,0.2949,0.0779,-7.0212,61.6465,228.4705,0.2698,-0.1163,10.9759,62.5589,229.6905,0.272,0.1789
2015-03-15T01:23:59.011Z,5.2604,67.42,229.5328,0.2933,0.0788,-6.7383,62.054,229.3294,0.2701,-0.1084,10.7357,63.9723,229.4239,0.2779,0.1697
2015-03-15T01:24:59.568Z,5.1773,68.83,230.2601,0.2986,0.0774,-6.9241,62.5502,229.4705,0.2726,-0.1131,10.979,63.2093,231.2933,0.2733,0.1756
2015-03-15T01:25:59.739Z,5.1966,69.5557,230.3284,0.302,0.0763,-7.1537,63.1454,229.7875,0.2751,-0.1138,10.8199,64.608,231.6084,0.2789,0.1684
2015-03-15T01:26:59.787Z,5.1052,68.8859,230.5785,0.2985,0.0752,-7.31,60.6869,229.8471,0.2642,-0.1224,11.1116,63.4804,231.6116,0.2742,0.1778
2015-03-15T01:27:59.076Z,5.3188,67.7548,230.9935,0.2933,0.0794,-7.1442,61.3073,230.3096,0.2671,-0.1212,10.4951,61.9748,230.9045,0.2689,0.1762
2015-03-15T01:28:59.424Z,5.5413,70.311,231.7596,0.3036,0.0795,-7.0576,62.9805,230.2126,0.2742,-0.113,11.4324,64.568,229.6353,0.2816,0.1765
2015-03-15T01:29:59.641Z,5.9818,68.4348,231.2743,0.2954,0.0876,-7.3211,64.7581,229.8489,0.2821,-0.1162,10.4252,64.0519,231.6427,0.277,0.1656
2015-03-15T01:30:59.761Z,5.8823,69.3527,231.4011,0.2996,0.0864,-7.053,61.7299,229.823,0.2684,-0.1144,11.0633,64.836,231.6779,0.2802,0.1719
2015-03-15T01:31:59.854Z,6.158,68.937,231.3618,0.2986,0.0899,-7.208,59.4017,229.035,0.2596,-0.1271,11.0391,62.2696,231.4225,0.2686,0.1823
2015-03-15T01:32:59.333Z,5.3551,68.3917,231.111,0.2959,0.0789,-7.0578,62.6403,229.3801,0.273,-0.1127,10.8173,64.4297,231.2397,0.2789,0.1688
2015-03-15T01:33:59.734Z,5.1479,68.865,230.252,0.299,0.0761,-7.0665,61.1058,228.4809,0.2677,-0.1184,11.0533,64.1966,231.5505,0.2765,0.1734
2015-03-15T01:34:59.112Z,5.7063,68.3953,231.5409,0.2956,0.0847,-6.862,63.698,230.6712,0.276,-0.1104,11.1704,63.7842,231.6579,0.2756,0.1763
2015-03-15T01:35:59.819Z,5.0323,69.0541,230.8896,0.2985,0.0748,-7.4843,63.036,230.4725,0.2738,-0.1203,11.1186,62.8689,231.2118,0.2715,0.176
2015-03-15T01:36:59.112Z,5.5878,69.7976,231.5198,0.3017,0.0807,-7.4311,62.0711,230.7991,0.2689,-0.1209,11.3787,65.3239,231.7673,0.2817,0.1761
2015-03-15T01:37:59.541Z,5.3571,68.4411,231.8647,0.2953,0.0805,-7.3319,62.196,231.5568,0.2682,-0.1198,10.8903,64.0744,232.0871,0.2765,0.171
2015-03-15T01:38:59.893Z,6.0821,70.9628,231.9516,0.3059,0.0857,-7.3205,63.7273,231.4585,0.275,-0.118,11.1224,63.7752,231.8382,0.2751,0.1759
2015-03-15T01:39:59.798Z,5.5786,69.0376,231.9334,0.298,0.0823,-7.3598,63.5092,231.1211,0.275,-0.1166,10.9037,63.5402,232.0077,0.2742,0.1732
2015-03-15T01:40:59.064Z,5.0293,70.8964,231.5527,0.3058,0.0716,-7.2733,61.7918,231.5262,0.2663,-0.1184,11.7368,65.0237,232.2034,0.28,0.1833
2015-03-15T01:41:59.522Z,5.6398,68.1654,232.0088,0.2938,0.0842,-7.3451,61.3687,230.9283,0.2654,-0.124,10.3663,62.5541,231.6589,0.2704,0.1701
2015-03-15T01:42:59.274Z,5.7964,69.4244,231.8223,0.2998,0.0842,-7.1882,61.2682,230.8957,0.265,-0.121,11.0238,64.5119,231.8144,0.2782,0.1754
2015-03-15T01:43:59.220Z,5.617,69.4886,231.6979,0.2999,0.081,-7.0177,62.2434,229.7948,0.2713,-0.1136,10.936,64.9154,230.9441,0.281,0.17
2015-03-15T01:44:59.830Z,6.0415,69.6354,231.9614,0.3002,0.087,-7.6054,63.1429,231.3755,0.273,-0.1221,10.8808,62.9084,231.2605,0.2723,0.1733
2015-03-15T01:45:59.289Z,5.2868,69.9073,231.6521,0.302,0.0772,-7.1756,63.5833,231.2428,0.2754,-0.115,11.16,64.645,230.7289,0.2804,0.1732
2015-03-15T01:46:59.014Z,5.3254,68.4698,231.3114,0.2963,0.0774,-7.2913,61.8455,230.0614,0.2692,-0.1211,10.4712,62.0855,230.6713,0.2695,0.173
2015-03-15T01:47:59.233Z,5.7947,67.7432,231.8666,0.2914,0.0877,-6.8086,62.4798,231.4038,0.2702,-0.1126,11.203,62.5379,230.8818,0.2708,0.1812
2015-03-15T01:48:59.933Z,5.8891,69.567,231.7997,0.2999,0.0859,-7.5895,62.4635,231.4746,0.2703,-0.1239,11.12,64.0186,230.6689,0.2771,0.1749
2015-03-15T01:49:59.411Z,5.0122,69.725,231.8408,0.3006,0.072,-6.9551,63.0168,231.3154,0.2723,-0.113,11.4918,64.0862,230.6973,0.2778,0.1802
2015-03-15T01:50:59.043Z,5.3606,69.1372,231.7384,0.298,0.0786,-7.2306,61.691,231.2143,0.2666,-0.1224,10.9378,63.0753,231.0432,0.273,0.1758
2015-03-15T01:51:59.682Z,5.8387,69.0498,231.6172,0.298,0.0845,-7.6025,61.6595,230.6399,0.2671,-0.1255,11.2432,63.5854,231.0947,0.275,0.1786
2015-03-15T01:52:59.023Z,5.7747,68.8643,231.6333,0.2969,0.086,-7.149,61.6581,230.0978,0.2681,-0.1163,11.0279,64.1989,230.9656,0.278,0.1716
2015-03-15T01:53:59.053Z,5.1131,69.8358,231.2571,0.3018,0.0736,-7.4571,62.208,228.3016,0.2729,-0.12,10.8753,63.9088,230.2036,0.2781,0.171
2015-03-15T01:54:59.378Z,5.2647,68.8109,230.0916,0.2988,0.078,-6.8615,62.5492,229.785,0.2722,-0.1109,10.8434,62.7014,230.7095,0.2714,0.1745
2015-03-15T01:55:59.842Z,5.6966,69.3242,230.1188,0.3015,0.0829,-7.488,62.0978,230.0402,0.2698,-0.1219,10.8324,64.6863,230.6701,0.2803,0.1703
2015-03-15T01:56:59.502Z,5.5868,68.981,230.3557,0.2991,0.0809,-7.1274,63.2813,230.3726,0.2744,-0.1144,10.6604,62.9338,231.0367,0.2721,0.1707
2015-03-15T01:57:59.263Z,7.1952,69.2646,230.8969,0.2996,0.1048,-7.5091,60.2898,229.9593,0.2629,-0.1293,11.1222,64.0042,231.1916,0.277,0.1754
2015-03-15T01:59:59.919Z,7.1321,69.6433,231.3388,0.3014,0.103,-7.6204,62.9026,229.7747,0.2736,-0.1232,10.9669,64.0562,231.4259,0.2767,0.1724
2015-03-15T02:00:59.496Z,6.4107,67.2034,230.7653,0.2913,0.0958,-7.1801,61.7612,228.7387,0.2701,-0.1181,11.2367,63.4234,231.201,0.274,0.1794
2015-03-15T02:01:59.866Z,7.1287,69.1036,231.078,0.2989,0.1055,-7.1635,60.8384,228.9221,0.2653,-0.1192,11.1124,62.6901,230.9352,0.2715,0.1771
2015-03-15T02:02:59.229Z,6.8864,70.9702,230.5866,0.308,0.099,-7.6818,62.7186,228.4717,0.2746,-0.1238,10.8644,63.1531,230.7538,0.2734,0.1732
2015-03-15T02:03:59.741Z,7.1274,68.6635,229.1015,0.3,0.106,-7.674,62.1334,228.5032,0.2716,-0.1257,10.9439,62.36,229.5517,0.2721,0.174
2015-03-15T02:04:59.728Z,6.8177,69.2768,230.643,0.3012,0.1004,-7.7737,61.9983,229.4436,0.2707,-0.1277,11.7844,63.8161,230.8379,0.2768,0.1846
2015-03-15T02:05:59.105Z,6.3328,68.1567,230.5531,0.2956,0.0933,-7.5522,60.2064,229.4717,0.262,-0.1297,10.7956,62.5293,231.2483,0.2708,0.1761
2015-03-15T02:06:59.561Z,6.836,68.8643,230.2371,0.2986,0.1,-7.4245,62.7432,229.0086,0.2741,-0.124,11.2242,61.108,231.5291,0.2642,0.1889
2015-03-15T02:07:59.905Z,7.8985,69.0024,230.511,0.2986,0.1134,-7.9341,61.2797,225.8268,0.2715,-0.1316,11.3207,64.9535,232.5011,0.2799,0.1749
2015-03-15T02:08:59.859Z,7.6569,67.7708,230.7024,0.294,0.1149,-7.4387,60.8558,226.3508,0.2689,-0.1238,10.6957,62.7054,232.2226,0.2703,0.1715
2015-03-15T02:09:59.246Z,6.7624,68.3467,230.0218,0.2971,0.0997,-7.7349,62.1343,229.415,0.2701,-0.126,11.1368,62.422,231.069,0.2702,0.18
2015-03-15T02:10:59.702Z,6.942,69.8808,230.411,0.3032,0.0995,-7.6358,62.5485,229.6643,0.2722,-0.1252,10.9679,62.3268,231.3259,0.2697,0.1777
2015-03-15T02:11:59.375Z,6.9081,68.6433,229.7818,0.2989,0.1016,-7.7207,63.9827,229.9163,0.2783,-0.122,11.0174,63.5852,231.4217,0.2746,0.1759
2015-03-15T02:12:59.604Z,6.9112,69.0771,229.2623,0.3011,0.1008,-7.9907,61.2719,229.1359,0.267,-0.1313,11.2099,63.7943,230.8553,0.2765,0.1757
2015-03-15T02:13:59.230Z,7.0216,69.1746,228.4109,0.3026,0.102,-7.7324,61.6221,228.314,0.2698,-0.127,11.1512,64.1362,230.7964,0.2776,0.1752
2015-03-15T02:14:59.599Z,7.1488,68.7671,230.5091,0.2986,0.1053,-7.7349,62.2282,228.9181,0.272,-0.126,11.3358,63.9957,231.2626,0.2773,0.1791
2015-03-15T02:15:59.957Z,7.1522,69.2711,232.3018,0.298,0.1047,-7.6124,62.1365,230.3409,0.2696,-0.1212,10.964,64.1264,232.0125,0.2764,0.1738
2015-03-15T02:16:59.295Z,6.5694,69.2402,231.9308,0.2986,0.0959,-7.2773,61.4693,230.2149,0.2672,-0.1266,10.722,62.2376,231.9589,0.268,0.1796
2015-03-15T02:17:59.437Z,7.0016,68.8242,231.9088,0.297,0.1033,-7.7713,62.8127,229.9756,0.2735,-0.1252,59.4878,92.0008,231.6166,0.398,0.566
2015-03-15T02:18:59.906Z,6.684,69.1705,231.8001,0.298,0.097,-7.4579,63.121,229.9388,0.2745,-0.1202,90.0566,110.4061,231.3624,0.4772,0.817
2015-03-15T02:19:59.699Z,6.9555,69.9976,231.9945,0.3015,0.1,-7.1118,64.4216,230.6009,0.2791,-0.1127,91.2115,111.0501,232.3052,0.4777,0.8218
2015-03-15T02:20:59.572Z,6.7462,70.0287,232.9138,0.3008,0.0976,-7.813,62.0199,228.6189,0.2709,-0.1292,91.5167,111.405,233.4321,0.4771,0.822
2015-03-15T02:21:59.143Z,6.5676,69.979,232.4914,0.3014,0.0926,-7.9392,62.8627,228.6448,0.2751,-0.1276,90.9793,111.36,232.4381,0.4791,0.818
2015-03-15T02:22:59.726Z,6.2746,69.0547,231.7678,0.2978,0.0904,-6.9465,62.0292,229.687,0.2704,-0.113,89.628,110.2334,231.1647,0.4769,0.8133
2015-03-15T02:23:59.153Z,6.988,69.297,230.9862,0.2997,0.1027,-7.9057,63.6009,229.8168,0.2764,-0.1268,88.8123,107.9629,230.9213,0.4666,0.8229
2015-03-15T02:24:59.368Z,7.1672,70.076,231.6517,0.303,0.1017,-7.9187,60.894,230.4149,0.2641,-0.1312,90.4462,110.6275,232.2805,0.4763,0.8189
2015-03-15T02:25:59.892Z,6.4688,70.3534,232.4501,0.3024,0.0922,-7.1308,63.8438,230.91,0.2771,-0.1127,90.7108,110.1404,232.8066,0.4734,0.8238
2015-03-15T02:26:59.181Z,6.444,69.8821,233.2146,0.2997,0.0934,-7.8718,61.7032,232.0072,0.2657,-0.1298,91.1391,111.3191,233.463,0.4769,0.8198
2015-03-15T02:27:59.296Z,6.2285,70.4292,233.3007,0.3018,0.0896,-7.5038,61.9881,232.5427,0.2667,-0.1222,91.6922,112.6015,233.4866,0.4822,0.8151
2015-03-15T02:28:59.659Z,5.7329,69.3582,233.0853,0.2972,0.0843,-7.3039,63.9172,232.5871,0.2751,-0.1168,90.8393,110.9751,232.8522,0.4761,0.82
2015-03-15T02:29:59.180Z,6.3797,69.0502,233.141,0.297,0.093,-7.4651,60.9334,233.0591,0.2614,-0.1249,90.8144,111.1118,233.0817,0.4764,0.8187
2015-03-15T02:30:59.835Z,6.3541,69.6211,232.9267,0.2992,0.0911,-7.6454,63.4558,232.1848,0.2733,-0.1208,90.8533,111.1234,233.153,0.4766,0.8189
2015-03-15T02:31:59.195Z,6.6963,69.4887,233.1224,0.2979,0.0983,-7.9288,62.0524,231.6773,0.2677,-0.1294,91.6287,111.7244,233.3367,0.4788,0.8213
2015-03-15T02:32:59.525Z,7.1605,70.6838,232.1574,0.3044,0.1022,-7.6214,61.8725,229.9843,0.2693,-0.1255,89.2778,109.0446,231.2162,0.4715,0.819
2015-03-15T02:33:59.180Z,7.0419,69.7813,231.1074,0.302,0.1016,-7.4929,63.3669,229.6854,0.2759,-0.1213,89.5876,109.288,231.2639,0.4722,0.8203
2015-03-15T02:34:59.148Z,6.7971,69.5643,231.6889,0.2997,0.099,-7.6371,62.8133,231.4743,0.2718,-0.1225,89.8827,110.3788,231.6532,0.4759,0.8148
2015-03-15T02:35:59.695Z,6.4601,70.1645,232.3735,0.3016,0.0943,-7.4754,63.0851,232.1191,0.2718,-0.1218,89.8905,110.5482,231.4445,0.4775,0.8142
2015-03-15T02:36:59.950Z,5.6242,69.3565,231.6707,0.2993,0.0841,-7.3051,62.4946,231.4769,0.2701,-0.1174,89.1442,108.862,230.5991,0.4726,0.8199
2015-03-15T02:37:59.710Z,6.1404,70.0826,231.307,0.3027,0.0884,-7.5065,62.5931,231.5522,0.2702,-0.121,89.4957,109.1253,230.9902,0.4722,0.8209
2015-03-15T02:38:59.395Z,6.3156,69.4486,231.2393,0.3003,0.0908,-7.255,63.1158,232.312,0.2711,-0.1162,90.0381,110.5964,232.1424,0.4761,0.8147
2015-03-15T02:39:59.849Z,6.4147,69.1974,231.0414,0.2989,0.093,-7.23,62.6801,232.2823,0.2698,-0.1164,90.9069,110.6726,232.561,0.4757,0.8219
2015-03-15T02:40:59.206Z,6.6294,68.5633,230.8857,0.2972,0.0986,-7.6007,62.9569,232.0548,0.271,-0.1303,90.5824,109.7056,232.3132,0.4724,0.827
2015-03-15T02:41:59.353Z,6.7176,68.9973,231.6133,0.2979,0.0979,-7.6977,61.3044,231.2487,0.2653,-0.1284,90.0641,110.344,232.1014,0.4758,0.8168
2015-03-15T02:42:59.871Z,5.6951,69.4067,232.1921,0.2989,0.0829,-7.4767,60.9588,228.3541,0.2665,-0.1227,91.1141,111.1355,232.7101,0.4775,0.8204
2015-03-15T02:43:59.215Z,5.8436,70.3978,233.2981,0.302,0.0843,-7.6916,62.9093,229.5049,0.2746,-0.1242,90.9291,109.7354,232.6667,0.4719,0.8294
2015-03-15T02:44:59.943Z,6.8688,70.4903,232.6111,0.3033,0.098,-7.2546,62.39,231.1782,0.2698,-0.117,90.1647,110.5736,232.8504,0.4747,0.8166
2015-03-15T02:45:59.447Z,7.0662,68.1343,232.1566,0.2932,0.1044,-7.7404,62.6678,231.3093,0.2711,-0.1251,90.4581,110.5297,233.0136,0.4744,0.8188
2015-03-15T02:46:59.483Z,6.6637,69.1167,231.5234,0.2979,0.0967,-7.3873,62.3334,230.2956,0.2708,-0.1211,90.3722,111.0566,232.2179,0.4777,0.8154
2015-03-15T02:47:59.890Z,6.6753,69.3871,232.1568,0.2985,0.0976,-7.8501,65.3213,231.0892,0.2829,-0.124,90.489,110.3509,232.7106,0.4744,0.8206
2015-03-15T02:48:59.391Z,6.2819,69.03,232.8866,0.2966,0.0916,-7.067,62.0197,231.4143,0.2682,-0.1146,90.9721,111.465,232.9289,0.4786,0.8173
2015-03-15T02:49:59.592Z,6.1864,68.179,232.4035,0.2929,0.0898,-7.0825,64.1466,231.1109,0.2776,-0.1127,90.1435,110.2305,232.383,0.4741,0.8188
2015-03-15T02:50:59.963Z,6.943,69.2485,231.9389,0.299,0.1028,-7.9242,63.0817,230.9854,0.2734,-0.1285,90.2036,109.8948,232.3948,0.4732,0.8209
2015-03-15T02:51:59.418Z,6.5141,70.2279,231.8078,0.3028,0.0934,-7.7938,63.7778,230.4404,0.2768,-0.1227,89.9978,109.7858,232.0403,0.4733,0.8198
2015-03-15T02:52:59.070Z,5.7136,69.5443,231.4348,0.301,0.0831,-7.2177,62.6386,229.9716,0.2722,-0.1153,89.4667,109.1246,231.4599,0.4714,0.8207
2015-03-15T02:53:59.503Z,6.3146,69.3538,232.129,0.2986,0.0924,-7.9677,63.6778,229.241,0.2779,-0.1259,89.5098,109.7482,231.3545,0.4743,0.8158
2015-03-15T02:54:59.913Z,6.3199,69.2947,231.3351,0.2995,0.0917,-7.1364,60.8725,230.0636,0.2643,-0.1176,89.8587,110.4834,232.1784,0.4759,0.8143
2015-03-15T02:55:59.644Z,6.4592,69.0254,230.3467,0.2993,0.0947,-7.7234,61.9967,230.8488,0.2688,-0.1283,89.8509,109.821,232.0508,0.4728,0.8192
2015-03-15T02:56:59.160Z,6.7769,69.0165,230.8454,0.2984,0.0991,-7.626,60.5874,228.7558,0.2648,-0.1271,90.4902,109.9904,232.6578,0.4729,0.8232
2015-03-15T02:57:59.535Z,6.9698,67.3393,230.7532,0.2916,0.1048,-7.3509,62.6488,228.3427,0.2744,-0.1205,90.1774,109.412,232.1838,0.472,0.8246
2015-03-15T02:58:59.913Z,6.0499,69.1435,231.8317,0.2978,0.0891,-7.3739,64.1867,231.2587,0.2777,-0.1161,89.8899,109.1891,231.7182,0.4709,0.823
2015-03-15T02:59:59.322Z,6.9825,69.3093,231.3258,0.2998,0.1016,-7.6124,65.026,230.8309,0.2817,-0.1187,89.7437,109.7336,231.2751,0.4746,0.8191
2015-03-15T03:00:59.701Z,7.108,67.1325,230.6587,0.2903,0.1071,-8.1287,63.2327,230.5816,0.2745,-0.1312,89.2555,109.0967,231.0829,0.4723,0.8193
2015-03-15T03:01:59.633Z,6.6997,69.2241,230.7315,0.2991,0.0973,-7.5042,62.3871,230.124,0.2711,-0.1207,89.4711,110.2453,231.3897,0.4766,0.813
2015-03-15T03:02:59.021Z,7.1924,69.1557,230.155,0.3004,0.1047,-7.823,61.8159,229.7233,0.2688,-0.1287,89.7484,109.762,230.957,0.4753,0.8183
2015-03-15T03:03:59.320Z,6.8544,67.9878,229.8659,0.2962,0.103,-7.639,61.2738,229.4837,0.2668,-0.126,89.2438,108.8793,230.6286,0.4724,0.8202
2015-03-15T03:04:59.916Z,6.4715,67.9286,230.2571,0.2951,0.0959,-7.3771,61.6316,229.904,0.2676,-0.1241,88.7799,108.2963,230.8642,0.469,0.8214
2015-03-15T03:05:59.258Z,6.6417,68.6069,230.5353,0.2974,0.097,-7.7177,62.0622,229.9982,0.2693,-0.1259,89.4784,109.5411,231.0409,0.4739,0.8183
2015-03-15T03:06:59.784Z,6.6593,69.1518,230.7522,0.2996,0.0971,-7.6348,62.8218,229.8918,0.2734,-0.1248,89.1391,108.4966,230.5267,0.4705,0.822
2015-03-15T03:07:59.255Z,6.2611,70.1481,231.0963,0.3033,0.0897,-7.3337,63.5594,230.2692,0.2753,-0.1159,89.1409,109.5188,230.9396,0.4742,0.8143
2015-03-15T03:08:59.536Z,6.5751,70.1424,231.4382,0.3027,0.0949,-7.4673,62.574,230.9391,0.2707,-0.1224,89.9271,109.7362,231.721,0.4729,0.8198
2015-03-15T03:09:59.849Z,6.9564,68.5566,231.4277,0.2959,0.1019,-7.7658,62.4096,230.3077,0.2709,-0.1253,90.3708,110.8486,232.0981,0.4775,0.816
2015-03-15T03:10:59.077Z,6.7558,68.8097,231.332,0.2972,0.1003,-7.7783,60.9186,227.4841,0.2678,-0.1324,90.6239,110.8243,232.4467,0.4763,0.819
2015-03-15T03:11:59.728Z,6.863,70.0135,231.4712,0.3021,0.0983,-7.8005,62.2361,229.6372,0.2705,-0.1266,89.8553,108.7752,232.0023,0.4687,0.8267
2015-03-15T03:12:59.964Z,5.8951,70.0197,230.9736,0.3026,0.0845,-7.716,62.3393,230.7099,0.2701,-0.1256,90.2532,110.8481,231.8593,0.4786,0.8155
2015-03-15T03:13:59.734Z,6.3553,69.3281,229.961,0.3012,0.0927,-7.9888,62.2874,230.5033,0.2703,-0.1293,89.5651,109.8019,231.1678,0.4747,0.8166
2015-03-15T03:14:59.997Z,7.1132,69.7843,230.2784,0.3028,0.104,-7.7312,62.7247,230.7953,0.2722,-0.126,89.5099,109.9535,231.4333,0.4748,0.8143
2015-03-15T03:15:59.803Z,6.9051,68.515,230.3309,0.2969,0.103,-7.5056,63.1407,230.5261,0.2739,-0.1254,90.021,109.6788,232.0079,0.4727,0.8224
2015-03-15T03:16:59.492Z,5.7952,68.4152,231.2819,0.2962,0.0848,-6.9685,61.5365,231.4801,0.2657,-0.1148,89.9465,110.6946,231.9498,0.477,0.8143
2015-03-15T03:17:59.838Z,6.3454,70.3875,231.6824,0.3037,0.0912,-7.6034,63.3424,231.5618,0.2735,-0.123,90.3611,110.0858,232.722,0.4725,0.8212
2015-03-15T03:18:59.352Z,5.9751,68.8782,231.3797,0.2974,0.0871,-7.4523,63.74,232.0924,0.2749,-0.1186,90.5137,111.5102,232.2416,0.4804,0.8128
2015-03-15T03:19:59.579Z,6.6766,68.9148,231.4252,0.2983,0.098,-7.8004,62.2543,232.205,0.2682,-0.1248,90.393,110.6992,232.489,0.4765,0.8165
2015-03-15T03:20:59.951Z,6.5848,69.0836,231.9225,0.2975,0.097,-7.7667,62.5704,232.8103,0.2687,-0.1274,90.5685,111.1504,233.0014,0.477,0.8159
2015-03-15T03:21:59.266Z,6.5136,70.0329,231.5223,0.3022,0.0942,-7.4473,62.859,231.3824,0.2717,-0.1202,89.5031,109.4559,231.9267,0.4719,0.8173
2015-03-15T03:22:59.020Z,6.7498,68.9598,230.4241,0.2988,0.0993,-7.8327,62.2336,229.8503,0.271,-0.1279,88.9139,108.7506,230.2339,0.4722,0.8187
2015-03-15T03:23:59.325Z,6.7918,68.6557,229.7613,0.2989,0.1015,-7.2536,60.986,229.0487,0.2666,-0.1203,88.9079,109.0339,230.8243,0.4721,0.8161
2015-03-15T03:24:59.886Z,6.743,68.1721,228.9302,0.2983,0.1003,-7.416,61.9404,229.6128,0.2702,-0.1199,89.5801,109.6867,231.2838,0.4743,0.8175
2015-03-15T03:25:59.302Z,6.0401,69.5661,229.7556,0.3031,0.0867,-7.1322,63.7922,230.5996,0.2769,-0.1132,89.6261,109.3329,231.1186,0.4727,0.8202
2015-03-15T03:26:59.976Z,5.5864,68.4211,229.7946,0.2981,0.0822,-7.2137,63.4793,230.9068,0.2751,-0.1148,89.223,109.3636,231.154,0.4723,0.8162
2015-03-15T03:27:59.338Z,6.7602,69.3899,231.0779,0.2997,0.098,-7.4151,62.8534,231.3222,0.272,-0.1197,89.7867,109.9527,231.4319,0.4751,0.8178
2015-03-15T03:28:59.685Z,6.2763,68.0102,231.7774,0.2935,0.0936,-7.6032,62.2293,231.0016,0.2696,-0.1247,89.8946,108.3958,231.5491,0.4676,0.83
2015-03-15T03:29:59.218Z,7.1179,69.128,231.5598,0.2981,0.1037,-7.7582,60.7871,230.6412,0.2634,-0.1331,89.7283,109.6024,231.6046,0.473,0.8208
2015-03-15T03:30:59.809Z,6.4855,67.2507,230.7582,0.2914,0.0988,-7.883,60.9684,229.4196,0.2661,-0.1328,88.9799,108.4723,231.0549,0.4696,0.8216
2015-03-15T03:31:59.951Z,6.2998,68.5089,231.3738,0.296,0.0924,-7.5644,63.0036,229.6608,0.2744,-0.1231,90.0136,109.7578,231.3987,0.474,0.8213
2015-03-15T03:32:59.685Z,7.081,68.325,230.6413,0.296,0.1071,-7.556,62.4961,229.3551,0.2723,-0.124,88.8643,108.4152,230.8548,0.4697,0.8206
2015-03-15T03:33:59.121Z,6.7581,68.3337,229.7103,0.2976,0.0991,-7.9601,61.4724,228.3521,0.269,-0.1319,89.0374,108.3314,230.6033,0.4702,0.8232
2015-03-15T03:34:59.644Z,6.5392,67.2204,230.309,0.2914,0.0988,-7.5914,60.9292,228.8849,0.2661,-0.1262,89.7398,108.8333,231.3587,0.4702,0.8251
2015-03-15T03:35:59.170Z,6.7383,68.4507,231.0943,0.2962,0.0971,-7.3101,63.676,229.841,0.2768,-0.1171,89.9178,109.8986,231.782,0.4743,0.8194
2015-03-15T03:36:59.611Z,7.16,67.0039,230.7126,0.2911,0.109,-7.416,60.373,229.5967,0.2627,-0.1242,90.0061,109.8003,231.9965,0.4733,0.8209
2015-03-15T03:38:59.440Z,6.2844,67.7477,230.8933,0.2933,0.094,-7.6746,60.9434,229.7699,0.2647,-0.1278,90.1138,109.883,231.7633,0.4744,0.8208
2015-03-15T03:39:59.742Z,6.2282,68.2639,231.2647,0.2947,0.093,-7.6739,60.8942,227.9861,0.2674,-0.13,90.6966,111.1247,232.6628,0.4778,0.8177
2015-03-15T03:40:59.542Z,6.0601,68.8579,230.5054,0.2986,0.0881,-7.8857,60.5859,227.6124,0.2662,-0.1327,90.3996,109.4404,232.5906,0.4704,0.8269
2015-03-15T03:41:59.979Z,6.3137,68.2613,230.1665,0.2961,0.0939,-8.0503,58.6105,229.4702,0.2555,-0.1376,89.976,107.9347,232.51,0.4639,0.8336
2015-03-15T03:42:59.198Z,6.6885,68.2388,230.2749,0.2965,0.0985,-7.5702,60.306,229.5275,0.2629,-0.1291,90.2017,110.4672,232.4356,0.4755,0.8179
2015-03-15T03:43:59.665Z,6.2779,68.809,230.9734,0.2978,0.0927,-7.7516,60.8,228.8111,0.2663,-0.13,90.0716,109.6566,231.6837,0.4732,0.8222
2015-03-15T03:44:59.893Z,6.3179,68.1918,230.926,0.2954,0.0946,-7.2716,62.5726,230.1338,0.2716,-0.1168,90.3125,109.5081,232.2988,0.4711,0.8267
2015-03-15T03:45:59.740Z,6.6378,68.4874,231.2085,0.2957,0.0971,-7.6409,62.9392,230.9489,0.2727,-0.1242,90.8221,111.7989,233.164,0.4795,0.8137
2015-03-15T03:46:59.232Z,6.5788,69.8234,230.5522,0.3031,0.0946,-7.0844,63.7179,230.5993,0.2757,-0.1149,90.3986,110.1211,232.6253,0.4727,0.8211
2015-03-15T03:47:59.500Z,6.546,69.4359,230.7532,0.3009,0.0945,-7.298,62.1705,230.2697,0.2699,-0.118,90.0978,109.2422,231.8019,0.4714,0.8249
2015-03-15T03:48:59.862Z,5.4205,69.1318,231.4201,0.299,0.0791,-7.0138,63.3203,231.0646,0.2734,-0.114,90.1472,109.9102,232.6154,0.4722,0.8205
2015-03-15T03:49:59.266Z,5.9177,69.8299,231.2323,0.3018,0.0853,-7.0733,62.888,230.6729,0.2722,-0.1156,90.6638,110.1624,232.1498,0.4754,0.8239
2015-03-15T03:50:59.979Z,7.5432,69.0714,231.0452,0.2992,0.1097,-7.9986,61.1425,230.0774,0.2654,-0.1323,89.7613,109.4538,231.8322,0.4722,0.8207
2015-03-15T03:51:59.280Z,6.2912,69.3784,230.0206,0.3014,0.0912,-7.3219,62.0387,228.7806,0.2716,-0.1201,89.2084,109.8567,231.0744,0.4749,0.8129
2015-03-15T03:52:59.055Z,6.8378,69.3337,229.9837,0.3013,0.0997,-7.3566,61.2062,228.269,0.2683,-0.1221,89.3722,109.8152,232.1287,0.4732,0.8146
2015-03-15T03:53:59.941Z,6.3067,68.7233,230.7186,0.298,0.0911,-7.6352,61.0849,227.3818,0.2683,-0.1248,89.8578,109.993,231.9899,0.4736,0.8183
2015-03-15T03:54:59.171Z,6.0756,69.3399,230.6888,0.3006,0.0882,-7.729,62.3224,229.0136,0.2724,-0.1274,89.7402,110.1969,232.1354,0.4752,0.8154
2015-03-15T03:55:59.883Z,6.5266,69.0361,230.3318,0.2997,0.0963,-7.474,61.2041,229.7897,0.2663,-0.1226,90.015,110.4045,232.7162,0.4746,0.8159
2015-03-15T03:56:59.655Z,7.1929,68.844,229.6109,0.2997,0.1047,-7.574,62.478,229.8304,0.2722,-0.1244,90.3937,110.3896,232.2023,0.4748,0.8197
2015-03-15T03:57:59.818Z,5.892,68.6019,230.5867,0.2976,0.0865,-7.651,62.0735,229.5266,0.2702,-0.1253,89.8273,109.3274,232.161,0.4707,0.822
2015-03-15T03:58:59.614Z,6.6756,69.1911,231.2001,0.299,0.0964,-7.6846,61.9143,230.1667,0.269,-0.125,88.3101,108.5117,229.828,0.4714,0.8152
2015-03-15T03:59:59.852Z,6.3084,67.5157,231.3285,0.2922,0.0938,-7.425,62.1475,230.6595,0.2701,-0.1234,90.0449,109.9,231.5645,0.475,0.82
2015-03-15T04:00:59.248Z,6.2703,67.4452,230.8167,0.2926,0.0967,-7.6856,61.1233,229.5656,0.2661,-0.1321,89.6389,109.7867,230.8008,0.4755,0.8178
2015-03-15T04:01:59.836Z,6.9185,70.0149,230.7846,0.3033,0.1002,-7.8191,62.5668,229.5184,0.2727,-0.1274,89.6879,109.7079,231.0761,0.4747,0.818
2015-03-15T04:02:59.817Z,6.3129,70.0467,231.0905,0.3029,0.0911,-7.3538,62.6429,229.3936,0.2734,-0.1184,89.0688,109.0776,230.8508,0.4727,0.817
2015-03-15T04:03:59.308Z,6.7673,68.4272,231.1916,0.296,0.0997,-7.8756,63.6321,229.9439,0.2768,-0.1264,89.3743,109.4427,231.097,0.473,0.8183
2015-03-15T04:04:59.924Z,6.7111,67.8089,230.8089,0.2939,0.1043,-7.7857,58.4422,229.7061,0.254,-0.1413,88.8275,108.1408,230.4201,0.4692,0.8234
2015-03-15T04:05:59.350Z,7.0077,70.1689,231.2512,0.3032,0.1,-7.9648,62.3289,229.7277,0.271,-0.1291,89.3507,108.9158,230.6813,0.472,0.8214
2015-03-15T04:06:59.670Z,6.794,69.4784,231.3137,0.3,0.0999,-7.9502,62.7571,230.2688,0.2727,-0.128,89.9419,110.3604,231.7651,0.476,0.8164
2015-03-15T04:07:59.879Z,6.5839,69.3723,230.9925,0.3005,0.0957,-7.6646,62.557,230.1451,0.2723,-0.125,90.0388,109.9728,231.5527,0.4753,0.8187
2015-03-15T04:08:59.236Z,6.3121,70.7072,231.668,0.3054,0.0898,-7.7328,63.5917,228.4062,0.2792,-0.1235,90.0371,110.423,231.8226,0.4758,0.8158
2015-03-15T04:09:59.297Z,5.7812,69.7379,232.2379,0.2997,0.0825,-7.0595,61.0174,227.8663,0.268,-0.1154,90.2248,110.146,232.2118,0.4742,0.8197
2015-03-15T04:10:59.852Z,6.0448,68.6758,231.9624,0.2959,0.0905,-7.07,61.1103,229.4773,0.2662,-0.1186,89.3755,110.181,231.5591,0.476,0.813
2015-03-15T04:11:59.154Z,6.3759,69.463,230.5334,0.3008,0.0929,-7.4177,62.3837,230.1394,0.2712,-0.1213,88.891,109.1134,230.8028,0.4728,0.8156
2015-03-15T04:12:59.509Z,6.75,68.2385,229.3399,0.2971,0.0993,-8.0875,62.1274,229.6025,0.2704,-0.1312,88.8123,108.6156,229.9001,0.4723,0.8185
2015-03-15T04:13:59.103Z,6.4953,68.7315,229.291,0.2993,0.0953,-7.6992,61.2879,229.5608,0.2669,-0.1274,88.288,109.4155,229.6687,0.4762,0.8088
2015-03-15T04:14:59.664Z,5.717,68.7321,229.6087,0.2989,0.0846,-6.9597,62.5119,229.6791,0.2719,-0.114,87.8604,107.6499,228.9109,0.4705,0.8175
2015-03-15T04:15:59.059Z,6.5691,68.618,230.2974,0.2974,0.096,-7.8297,62.2823,228.84,0.2723,-0.1264,87.7613,108.5259,229.316,0.4732,0.8093
2015-03-15T04:16:59.456Z,6.6026,68.9033,229.9814,0.2995,0.0976,-7.7207,62.305,228.7171,0.2727,-0.1261,87.872,107.8111,229.2151,0.4698,0.8163
2015-03-15T04:17:59.952Z,5.1385,70.2011,230.5901,0.3042,0.0732,-7.082,61.4233,228.9829,0.2685,-0.1155,88.1863,108.1458,229.4262,0.471,0.8167
2015-03-15T04:18:59.228Z,5.3838,69.4439,230.6587,0.3012,0.0779,-7.4631,61.0472,229.576,0.2655,-0.1256,87.8925,108.2845,229.0919,0.4729,0.8134
2015-03-15T04:19:59.897Z,6.3628,68.807,230.6499,0.2986,0.0951,-7.6407,61.3954,230.0376,0.2664,-0.1302,89.3748,109.0457,230.7965,0.4728,0.821
2015-03-15T04:20:59.630Z,6.8973,69.5388,230.529,0.3014,0.1001,-7.458,63.191,230.1226,0.2747,-0.1203,89.5974,108.8064,230.8897,0.4711,0.8235
2015-03-15T04:21:59.173Z,6.4878,68.8824,231.067,0.2977,0.0942,-8.538,62.7123,230.3057,0.2723,-0.1366,89.3292,108.9999,230.9257,0.4722,0.8206
2015-03-15T04:22:59.584Z,6.1467,69.6424,230.291,0.3023,0.0895,-7.6629,62.177,229.7034,0.2703,-0.1262,89.7052,109.5973,231.0555,0.4745,0.8191
2015-03-15T04:23:59.135Z,6.0107,68.3653,230.8078,0.2961,0.0903,-7.523,63.4161,229.9928,0.2759,-0.1201,90.1593,110.5819,232.4819,0.4756,0.8161
2015-03-15T04:24:59.488Z,6.2055,68.9753,230.7422,0.2985,0.0911,-7.8055,62.3396,229.7242,0.2716,-0.1282,91.1891,111.1596,232.5089,0.4782,0.8215
2015-03-15T04:25:59.140Z,6.3179,69.335,230.6993,0.3007,0.0901,-7.5317,62.8903,231.1446,0.2722,-0.121,90.3236,110.9536,232.2859,0.4778,0.8157
2015-03-15T04:26:59.522Z,6.9063,68.031,230.6434,0.2941,0.101,-7.5495,62.7782,231.1404,0.2714,-0.1229,90.1914,109.9486,231.6923,0.4743,0.8207
2015-03-15T04:27:59.779Z,7.283,68.6924,231.1321,0.297,0.1067,-7.2081,64.6974,231.0013,0.28,-0.1157,88.754,108.6735,230.7663,0.4708,0.8173
2015-03-15T04:28:59.438Z,6.4481,70.7736,231.9491,0.3048,0.0921,-7.5267,64.1247,230.8321,0.2779,-0.1197,89.4476,109.6236,230.9822,0.4744,0.816
2015-03-15T04:29:59.752Z,6.5286,69.4991,232.042,0.2995,0.0953,-7.5314,61.8999,231.1733,0.268,-0.122,90.1765,110.6734,232.2937,0.4765,0.816
2015-03-15T04:30:59.127Z,6.8841,69.3882,231.1033,0.3001,0.0994,-7.8964,63.1161,230.7714,0.2736,-0.125,89.8758,109.7496,231.6877,0.4736,0.8196
2015-03-15T04:31:59.692Z,6.6328,69.5982,231.5705,0.3002,0.0962,-7.575,65.304,230.4601,0.2835,-0.1191,89.3897,109.3398,231.2987,0.4726,0.8186
2015-03-15T04:32:59.920Z,6.8444,68.758,230.5164,0.2981,0.1001,-7.6816,60.7252,229.1914,0.2655,-0.128,90.0312,109.4042,231.1513,0.4734,0.823
2015-03-15T04:33:59.236Z,7.0048,69.4992,230.8489,0.3011,0.1019,-7.7949,62.2683,229.1152,0.2709,-0.1263,89.6917,109.5848,231.4281,0.4734,0.8196
2015-03-15T04:34:59.579Z,6.9145,69.2498,231.5837,0.2992,0.102,-7.8998,60.0778,228.7787,0.2626,-0.1359,89.2334,109.5402,230.9243,0.4741,0.8157
2015-03-15T04:35:59.796Z,6.3605,69.0441,231.661,0.2977,0.0923,-7.6055,65.9245,231.2956,0.2852,-0.1198,89.7116,109.2121,232.0693,0.4708,0.8216
2015-03-15T04:36:59.098Z,6.3593,70.0149,231.6247,0.3024,0.0929,-7.5952,63.1883,231.0912,0.2736,-0.1238,89.2767,109.9232,231.5802,0.4749,0.8129
2015-03-15T04:37:59.460Z,7.0003,69.1958,231.2292,0.2991,0.1014,-8.1346,63.8883,230.7504,0.2772,-0.1295,90.3166,110.6222,231.9539,0.4768,0.8178
2015-03-15T04:38:59.054Z,6.3251,69.8216,231.5713,0.3016,0.0916,-7.6482,62.6079,230.8606,0.2711,-0.1248,90.1514,110.2874,232.0993,0.4751,0.8184
2015-03-15T04:39:59.829Z,6.2541,68.1891,232.1438,0.2932,0.0932,-7.5021,61.519,230.5602,0.2668,-0.1236,90.0597,110.6098,232.42,0.4757,0.8147
2015-03-15T04:40:59.151Z,6.2476,69.3692,231.5043,0.2991,0.0911,-7.6012,62.083,231.0838,0.269,-0.1236,90.3051,110.4029,232.0727,0.476,0.8187
2015-03-15T04:41:59.464Z,6.6526,69.1699,232.1352,0.2977,0.0958,-7.7555,65.0116,230.6977,0.2819,-0.1231,90.5318,110.7015,232.3693,0.4765,0.818
2015-03-15T04:42:59.765Z,6.2798,69.1314,231.8115,0.2981,0.0922,-7.8497,63.5326,229.436,0.2771,-0.1255,89.9682,109.9611,231.834,0.4737,0.8184
2015-03-15T04:43:59.282Z,6.9692,69.2535,231.949,0.2986,0.1022,-7.7936,61.3373,228.9068,0.2678,-0.1285,89.4912,109.1453,230.9046,0.473,0.8209
2015-03-15T04:44:59.660Z,6.9454,69.9401,232.4496,0.3007,0.1009,-7.902,64.2567,228.4221,0.2812,-0.127,88.7523,107.7182,230.1824,0.4677,0.8243
2015-03-15T04:45:59.904Z,6.1477,69.9804,231.2604,0.3024,0.087,-7.6627,62.1858,230.1188,0.2702,-0.1241,88.9496,109.0134,230.8505,0.4719,0.8167
2015-03-15T04:46:59.556Z,6.4862,68.2926,230.6297,0.2963,0.0959,-7.6018,62.4995,230.139,0.2714,-0.1234,89.0412,109.9369,231.0342,0.4755,0.8107
2015-03-15T04:47:59.149Z,6.1576,68.29,230.9843,0.2962,0.0908,-7.0053,63.5849,230.3827,0.2761,-0.1127,89.2339,108.7,230.8737,0.4709,0.8214
2015-03-15T04:48:59.744Z,6.4714,69.6675,231.018,0.3017,0.0947,-7.5122,64.0525,231.0089,0.2772,-0.1184,90.0988,109.8226,231.9547,0.4734,0.821
2015-03-15T04:49:59.399Z,6.1031,68.7311,231.9524,0.2969,0.0891,-7.3489,61.6516,231.0869,0.2669,-0.1216,90.132,109.8421,232.194,0.4733,0.821
2015-03-15T04:50:59.562Z,6.7922,69.1546,231.4766,0.2991,0.0996,-7.8021,62.6154,230.4629,0.2722,-0.1265,89.8304,109.7004,231.8663,0.4731,0.8197
2015-03-15T04:51:59.538Z,6.6729,69.7076,230.7427,0.3023,0.0968,-7.958,64.4903,230.3822,0.2798,-0.1275,89.5284,109.4044,231.3271,0.4731,0.819
2015-03-15T04:52:59.026Z,7.4932,69.8236,230.5288,0.3031,0.1082,-7.952,61.393,229.2691,0.2677,-0.1312,89.4124,110.2921,230.9663,0.4776,0.812
2015-03-15T04:53:59.330Z,6.7462,69.6087,230.9946,0.3009,0.0976,-7.6923,61.3071,228.8566,0.2679,-0.1287,88.8364,108.9378,230.9028,0.472,0.8161
2015-03-15T04:54:59.340Z,6.452,68.8365,230.5897,0.2985,0.0941,-7.7159,62.3047,228.9055,0.2723,-0.1249,89.4403,109.7971,231.0196,0.4753,0.8156
2015-03-15T04:55:59.715Z,6.914,69.6303,231.634,0.301,0.0999,-7.8008,62.6364,230.1041,0.2723,-0.1268,89.1246,109.7841,231.119,0.4753,0.8126
2015-03-15T04:56:59.312Z,6.2697,69.9791,231.3578,0.3024,0.0912,-7.4417,62.1309,229.4571,0.2708,-0.1219,89.4354,109.1484,230.8771,0.4732,0.8202
2015-03-15T04:57:59.623Z,6.0603,69.7482,231.5086,0.3012,0.0882,-7.4609,61.1559,227.7699,0.2687,-0.1243,90.0149,110.5913,231.5,0.4779,0.815
2015-03-15T04:58:59.360Z,6.6308,68.8763,231.8902,0.2971,0.0974,-7.86,59.0403,226.0019,0.2611,-0.1362,89.7733,110.2336,231.6296,0.4763,0.8159
2015-03-15T04:59:59.947Z,6.2772,69.382,232.1857,0.2988,0.0913,-7.4435,62.1933,228.3733,0.2723,-0.1207,89.186,108.7691,230.805,0.4715,0.8203
2015-03-15T05:00:59.566Z,6.5334,67.5156,232.057,0.2913,0.0992,-7.3739,62.0413,229.4171,0.2702,-0.1216,88.4421,108.0129,230.1233,0.4692,0.82
2015-03-15T05:01:59.815Z,6.1219,69.4575,231.3549,0.3,0.0897,-7.6312,63.2177,229.5462,0.2758,-0.1233,88.5001,107.8487,229.4969,0.4702,0.8213
2015-03-15T05:02:59.138Z,6.983,68.9924,231.0939,0.2983,0.1028,-7.7987,63.6948,229.8251,0.2766,-0.1231,88.5672,108.7932,230.1721,0.4722,0.8149
2015-03-15T05:03:59.125Z,6.7875,68.5027,230.8846,0.2963,0.101,-7.309,62.0142,229.9648,0.27,-0.119,88.5087,108.8792,229.7318,0.4736,0.8137
2015-03-15T05:04:59.559Z,5.8839,69.1657,230.4557,0.2996,0.0847,-7.9726,62.0334,230.3571,0.2692,-0.1309,89.2275,109.7297,230.3565,0.4765,0.814
2015-03-15T05:05:59.624Z,6.5873,68.7285,231.3958,0.2973,0.0965,-7.5442,61.5044,230.1884,0.2676,-0.1243,90.6053,110.6662,232.6929,0.4752,0.82
2015-03-15T05:06:59.381Z,6.6566,68.389,230.692,0.2966,0.0982,-7.1696,63.4998,229.7239,0.2762,-0.1168,90.2393,110.3872,232.3673,0.475,0.8183
2015-03-15T05:07:59.689Z,6.273,68.6822,230.0121,0.2986,0.0924,-8.2523,62.464,229.7741,0.272,-0.1342,90.292,110.8602,232.1866,0.4773,0.8159
2015-03-15T05:08:59.239Z,6.6609,67.2288,229.3024,0.2933,0.0993,-7.8328,60.4322,229.5233,0.2634,-0.1321,90.4382,110.119,231.8106,0.475,0.8223
2015-03-15T05:09:59.556Z,6.8081,68.1366,229.1975,0.2977,0.1003,-7.9853,63.7124,229.8764,0.2775,-0.1271,90.1555,110.297,232.1767,0.4754,0.8187
2015-03-15T05:10:59.810Z,6.4803,68.989,229.5454,0.3,0.0951,-7.7213,62.9954,230.1757,0.2736,-0.1243,89.5088,109.4702,231.8743,0.4724,0.818
2015-03-15T05:11:59.194Z,5.8863,69.5641,229.9722,0.3028,0.0846,-7.5526,63.5056,230.5156,0.2753,-0.1202,90.012,109.3403,231.8539,0.4717,0.824
2015-03-15T05:12:59.968Z,6.7397,70.6084,231.3145,0.3051,0.0972,-7.5576,60.7751,228.0842,0.2663,-0.1259,90.6692,111.3408,232.562,0.4789,0.8155
2015-03-15T05:13:59.417Z,6.2238,69.1443,231.773,0.2982,0.0922,-7.4373,63.6909,226.9233,0.281,-0.1178,91.3519,111.1956,233.4572,0.4766,0.8223
2015-03-15T05:14:59.382Z,6.5165,68.2124,230.5533,0.2956,0.0956,-7.3353,61.7843,229.6522,0.2692,-0.123,89.5797,109.7527,231.6664,0.4735,0.8173
2015-03-15T05:15:59.691Z,6.878,69.5048,231.5967,0.3002,0.1005,-7.4989,62.5192,229.7748,0.272,-0.1228,90.9664,110.6918,233.4348,0.4743,0.8226
2015-03-15T05:16:59.678Z,7.4418,67.9415,231.6343,0.2933,0.11,-7.721,60.6023,230.259,0.263,-0.1279,91.4004,111.8326,233.7356,0.4785,0.818
2015-03-15T05:17:59.453Z,6.066,69.8079,231.6751,0.3012,0.0881,-7.0261,63.3469,231.129,0.2743,-0.1119,90.6578,110.9233,233.1491,0.4754,0.8184
2015-03-15T05:18:59.608Z,7.22,69.2726,231.8974,0.2988,0.106,-7.1412,61.7205,230.6593,0.2676,-0.1222,91.4713,111.1767,233.8543,0.4756,0.8235
2015-03-15T05:19:59.731Z,352.5056,593.1797,231.1312,2.5765,0.322,379.1335,624.0353,230.2857,2.7223,0.2131,770.9069,1084.7193,232.5516,4.6855,0.7935
2015-03-15T05:20:59.230Z,862.5417,1331.2641,230.034,5.788,0.6482,923.2593,1385.3924,228.2161,6.0701,0.666,1438.6623,2026.2949,231.1267,8.7666,0.7093
2015-03-15T05:21:59.500Z,908.8189,1357.4929,229.8243,5.9068,0.6691,970.5792,1435.0706,228.6886,6.2749,0.6763,1463.0894,2044.4891,231.0357,8.8493,0.7157
2015-03-15T05:22:59.354Z,964.4971,1379.4501,229.2387,6.0177,0.6997,1039.8718,1492.3899,228.3003,6.5364,0.6964,1492.5941,2059.3921,229.724,8.9646,0.7252
2015-03-15T05:23:59.083Z,956.6927,1374.3458,229.0828,5.9994,0.6961,1019.9864,1471.9569,227.5608,6.4683,0.6933,1480.1275,2037.309,229.3919,8.8808,0.7269
2015-03-15T05:24:59.964Z,946.8198,1378.4532,228.8343,6.0238,0.687,1024.8077,1466.5749,228.0752,6.4301,0.6989,1501.9451,2064.7177,229.9616,8.978,0.7278
2015-03-15T05:25:59.463Z,976.798,1401.2029,230.3054,6.0837,0.6964,1045.5585,1512.856,229.3798,6.5956,0.6916,1495.6713,2066.2756,230.1042,8.9796,0.7244
2015-03-15T05:26:59.839Z,982.1727,1422.8181,230.0052,6.1863,0.69,1029.5893,1479.384,228.2232,6.4821,0.6956,1531.3346,2077.7216,229.9773,9.0349,0.7373
2015-03-15T05:27:59.356Z,975.4912,1449.3545,230.0045,6.3013,0.673,1005.6558,1416.5343,225.2092,6.289,0.7102,1595.6516,2113.0148,230.5296,9.1661,0.7555
2015-03-15T05:28:59.880Z,978.7267,1457.077,230.6019,6.318,0.6717,1005.2603,1422.6997,225.5687,6.307,0.7064,1591.4438,2110.683,230.5861,9.1527,0.7536
2015-03-15T05:29:59.836Z,958.8256,1435.3685,229.6006,6.2521,0.6681,998.5633,1404.1067,225.3504,6.2306,0.7115,1587.7902,2107.3657,230.688,9.1347,0.7525
2015-03-15T05:30:59.201Z,988.458,1431.0943,229.1299,6.2461,0.6903,1013.9106,1446.7188,227.0854,6.3704,0.701,1543.0799,2058.0364,228.944,8.9887,0.75
2015-03-15T05:31:59.654Z,1003.9336,1430.271,229.4132,6.2341,0.7028,1025.1039,1481.2774,228.4938,6.4824,0.6918,1514.8033,2037.1751,228.4673,8.9171,0.7441
2015-03-15T05:32:59.076Z,964.1864,1386.2799,230.3554,6.018,0.6956,979.1698,1469.2174,229.1703,6.4108,0.6666,1431.3322,1966.703,227.9462,8.6278,0.7266
2015-03-15T05:33:59.600Z,954.0608,1389.7752,231.0948,6.0137,0.6863,944.4478,1443.8884,228.606,6.3158,0.6546,1419.4698,1943.9338,228.0197,8.5254,0.7306
2015-03-15T05:34:59.908Z,959.3228,1404.3142,232.1897,6.0476,0.6831,933.5736,1439.3339,228.1027,6.3099,0.6489,1424.1856,1940.5991,228.3042,8.4993,0.7331
2015-03-15T05:35:59.626Z,963.4958,1434.6002,232.2047,6.1784,0.6719,966.7937,1434.1588,227.1282,6.3146,0.6743,1504.9482,2027.6049,230.4227,8.7987,0.7417
2015-03-15T05:36:59.424Z,981.0382,1434.1952,231.4671,6.1962,0.6839,995.8964,1457.7334,227.5349,6.4058,0.6832,1510.1456,2032.9263,229.7014,8.85,0.7421
2015-03-15T05:37:59.750Z,973.5866,1402.3586,231.3501,6.0617,0.6938,1031.9382,1517.9589,230.6031,6.5827,0.6797,1467.3959,2030.027,229.5949,8.8418,0.7226
2015-03-15T05:38:59.138Z,960.2589,1391.9124,231.4202,6.0147,0.6898,1008.0634,1503.8048,230.5156,6.524,0.6708,1443.6082,2003.3341,229.5655,8.7262,0.7202
2015-03-15T05:39:59.435Z,989.3697,1412.642,231.1064,6.1124,0.7002,1018.6919,1505.0852,229.9134,6.5462,0.6769,1464.2181,2001.4418,228.747,8.7501,0.7317
2015-03-15T05:40:59.738Z,1001.6307,1420.8074,230.3134,6.1691,0.7048,1027.9826,1499.0199,229.509,6.5318,0.686,1487.6237,2013.3282,228.4268,8.8133,0.7399
2015-03-15T05:41:59.488Z,972.0779,1411.7578,230.5214,6.1242,0.6884,1004.9516,1473.2549,229.8162,6.4109,0.6821,1489.2614,2022.1178,228.9559,8.8319,0.7374
2015-03-15T05:42:59.313Z,992.8804,1409.6202,230.8473,6.1063,0.7044,1026.5397,1496.7626,229.229,6.5299,0.6854,1478.2971,2002.8951,227.7224,8.7952,0.7389
2015-03-15T05:43:59.097Z,996.1317,1430.8889,230.3254,6.212,0.6958,1031.9482,1459.5603,226.7011,6.4376,0.7071,1547.1242,2054.8603,228.7492,8.9829,0.7533
2015-03-15T05:44:59.273Z,978.237,1434.5134,230.3134,6.2283,0.6818,987.0204,1397.4798,224.2823,6.2306,0.7059,1561.2922,2042.9119,228.6697,8.9339,0.7644
2015-03-15T05:45:59.732Z,978.862,1402.1169,230.281,6.0882,0.6977,1050.0966,1502.9843,229.5089,6.5488,0.699,1501.3392,2045.6233,229.0853,8.9293,0.7334
2015-03-15T05:46:59.136Z,1004.3348,1430.9869,230.548,6.2066,0.7018,1070.7345,1521.3774,229.6193,6.6252,0.704,1534.1578,2074.7089,229.5376,9.0384,0.7399
2015-03-15T05:47:59.001Z,996.9251,1435.7293,231.1249,6.212,0.6942,1046.2821,1512.8329,230.0683,6.5755,0.6918,1515.8691,2060.0376,230.1939,8.9493,0.7362
2015-03-15T05:48:59.375Z,984.8829,1435.3353,230.546,6.2255,0.6864,1032.7249,1486.4089,229.6587,6.4721,0.6948,1530.771,2071.4335,230.7219,8.9773,0.7398
2015-03-15T05:49:59.616Z,975.9458,1411.5852,230.3336,6.1284,0.6908,1056.2702,1506.6562,230.1202,6.5473,0.7007,1519.5333,2073.6782,230.2949,9.0047,0.7322
2015-03-15T05:50:59.893Z,946.1478,1375.0976,229.2477,5.9986,0.6884,1061.6961,1496.7892,230.1957,6.5029,0.7093,1509.8533,2073.9183,229.959,9.0187,0.729
2015-03-15T05:51:59.578Z,976.316,1401.0446,228.9088,6.1203,0.6962,1074.4532,1497.7523,229.8136,6.5168,0.7174,1540.9189,2086.4772,229.3519,9.0969,0.7382
2015-03-15T05:52:59.387Z,979.3509,1398.4202,227.6519,6.1429,0.7003,1067.187,1465.2876,227.6155,6.4373,0.728,1559.8552,2079.5807,228.5765,9.0982,0.75
2015-03-15T05:53:59.030Z,956.9874,1380.6653,227.3585,6.0722,0.6934,1053.0421,1438.7062,226.5236,6.3517,0.732,1561.4596,2077.9022,228.8161,9.081,0.7511
2015-03-15T05:54:59.418Z,958.7533,1394.2807,226.695,6.15,0.6879,1071.1178,1436.8449,226.6696,6.3383,0.7456,1604.0878,2126.3381,229.7118,9.2562,0.7542
2015-03-15T05:55:59.976Z,961.7818,1413.3013,228.2078,6.1926,0.6807,1058.5132,1440.9951,226.9952,6.348,0.7346,1601.0387,2126.4282,230.4553,9.2274,0.7521
2015-03-15T05:56:59.592Z,975.7771,1433.1515,229.1791,6.2535,0.6806,1048.8975,1440.3157,226.6406,6.3553,0.7283,1603.2872,2119.9845,230.5978,9.1933,0.7567
2015-03-15T05:57:59.820Z,997.0078,1436.5276,229.0424,6.2718,0.6943,1068.4364,1470.0543,227.3321,6.4658,0.7268,1593.8878,2110.6842,230.1479,9.1706,0.7559
2015-03-15T05:58:59.937Z,1005.8404,1433.5077,229.6416,6.2422,0.7018,1059.1721,1491.8659,228.8536,6.5187,0.7099,1546.9343,2068.056,229.4438,9.0128,0.7486
2015-03-15T05:59:59.218Z,1029.8002,1446.3106,229.4856,6.3022,0.7121,1078.2346,1504.5048,228.2872,6.5901,0.7166,1563.2237,2071.9888,228.7948,9.0557,0.7548
2015-03-15T06:00:59.240Z,1018.5943,1437.6613,229.7631,6.2572,0.709,1068.4372,1500.462,228.6617,6.5617,0.712,1549.0348,2062.9958,228.9658,9.0099,0.751
2015-03-15T06:01:59.494Z,1038.5447,1455.3197,229.3109,6.3467,0.7136,1078.4517,1499.8983,227.6613,6.5878,0.7189,1573.8129,2076.0102,229,9.0654,0.7581
2015-03-15T06:02:59.064Z,1026.5624,1459.1153,229.0745,6.37,0.7039,1043.1674,1440.9156,224.7417,6.41,0.7244,1599.0258,2073.6484,229.1494,9.0492,0.7725
2015-03-15T06:03:59.469Z,1034.4162,1467.4822,228.414,6.4243,0.7053,1055.5892,1431.183,223.4487,6.4048,0.7374,1632.7537,2096.8489,228.9718,9.1577,0.7796
2015-03-15T06:04:59.756Z,1032.4207,1413.266,227.1208,6.2224,0.7302,1094.3806,1490.8649,226.1129,6.5932,0.734,1557.6914,2043.6614,226.8483,9.0084,0.7612
2015-03-15T06:05:59.172Z,1038.3588,1430.2502,227.9433,6.2745,0.7262,1116.6581,1521.4603,227.4353,6.6892,0.734,1575.1367,2081.3149,228.3561,9.1135,0.758
2015-03-15T06:06:59.380Z,1026.5463,1413.3773,227.7807,6.2052,0.7262,1113.3,1521.0392,227.8337,6.6763,0.7314,1555.8429,2067.228,227.9993,9.0667,0.7523
2015-03-15T06:07:59.506Z,1055.9048,1439.1798,227.8901,6.3156,0.7341,1118.8342,1527.6403,227.1831,6.7241,0.732,1569.8016,2065.6812,227.6237,9.075,0.7599
2015-03-15T06:08:59.732Z,1047.8489,1437.1089,227.8708,6.3064,0.7291,1103.1498,1515.6232,227.2722,6.6686,0.7278,1562.5097,2058.5106,227.9564,9.0293,0.7597
2015-03-15T06:09:59.222Z,1060.1574,1445.8162,227.8668,6.3451,0.7331,1123.3202,1537.2418,227.8703,6.7459,0.7305,1574.2365,2074.7327,228.0633,9.0967,0.7598
2015-03-15T06:10:59.920Z,1051.7892,1436.7555,228.15,6.2967,0.7325,1122.2408,1541.7377,228.0218,6.7613,0.7279,1559.6716,2068.7735,228.2815,9.0626,0.7532
2015-03-15T06:11:59.380Z,1052.2124,1447.4646,227.834,6.3534,0.7269,1123.9298,1528.1611,227.8812,6.706,0.7348,1592.2553,2096.6079,228.5409,9.1737,0.7596
2015-03-15T06:12:59.792Z,1051.0964,1456.5398,227.8604,6.3921,0.7218,1107.8549,1507.0583,227.3143,6.6293,0.7348,1603.596,2097.6639,228.477,9.1811,0.7644
2015-03-15T06:13:59.245Z,1049.2581,1466.6049,227.5606,6.4446,0.7158,1096.8076,1469.6858,224.7842,6.5379,0.7465,1641.68,2116.448,228.6373,9.2564,0.7753
2015-03-15T06:14:59.609Z,1053.4942,1452.2338,227.3041,6.3893,0.7253,1111.8406,1486.7774,224.6247,6.6183,0.7482,1623.7909,2099.0439,227.6731,9.2187,0.7743
2015-03-15T06:15:59.390Z,1075.2181,1466.0375,228.046,6.4288,0.733,1114.7293,1519.5858,226.5762,6.7061,0.7339,1595.7603,2075.9036,227.2058,9.1357,0.769
2015-03-15T06:16:59.139Z,1087.009,1483.9887,227.7067,6.5167,0.7327,1109.1738,1513.5258,226.6115,6.6787,0.7329,1608.0892,2079.9497,227.4611,9.144,0.7735
2015-03-15T06:17:59.930Z,1082.5376,1459.8635,227.0773,6.429,0.7418,1128.1732,1534.7933,227.0264,6.7603,0.7349,1586.4576,2067.0849,226.974,9.1069,0.7679
2015-03-15T06:18:59.129Z,1094.154,1460.4359,227.1817,6.4283,0.7494,1145.9705,1552.6167,227.1859,6.8342,0.738,1586.7445,2066.2442,226.2314,9.1331,0.7683
2015-03-15T06:19:59.168Z,1092.91,1458.7922,227.9543,6.3988,0.7493,1141.0606,1556.9542,226.9867,6.8588,0.7327,1571.6254,2052.9367,226.2501,9.0732,0.766
2015-03-15T06:20:59.638Z,1108.883,1483.8189,228.3858,6.4967,0.7477,1138.8666,1547.953,225.7934,6.8559,0.736,1600.5188,2070.6673,226.5684,9.1391,0.7722
2015-03-15T06:21:59.657Z,1119.4128,1499.4222,228.9324,6.5497,0.7463,1109.1443,1530.8082,225.8123,6.7784,0.7246,1589.198,2042.2909,225.971,9.0374,0.7774
2015-03-15T06:22:59.017Z,1126.4318,1540.4694,229.1026,6.7239,0.7318,1086.6281,1470.7163,222.7059,6.6036,0.739,1664.5983,2087.2203,226.2956,9.2239,0.7985
2015-03-15T06:23:59.989Z,1101.4551,1503.1938,228.281,6.5846,0.7322,1096.2578,1480.8288,223.6271,6.6214,0.7404,1637.8363,2078.173,226.2845,9.184,0.7876
2015-03-15T06:24:59.537Z,1104.6985,1494.2858,227.0287,6.5821,0.7394,1137.0367,1511.284,224.5447,6.7299,0.7527,1653.2976,2112.0392,226.9466,9.3062,0.7818
2015-03-15T06:25:59.410Z,1108.0244,1487.4902,228.211,6.5178,0.745,1131.3043,1539.3437,225.8286,6.8162,0.7349,1602.3083,2067.7191,226.7284,9.1198,0.7746
2015-03-15T06:26:59.796Z,1129.808,1498.8318,228.0448,6.5719,0.7537,1158.5278,1568.5171,226.3303,6.9303,0.7388,1610.5078,2078.3816,226.4099,9.1797,0.7746
2015-03-15T06:27:59.066Z,1114.9439,1481.4502,228.1335,6.4938,0.7524,1144.1553,1559.1182,226.3155,6.889,0.7341,1588.1583,2056.6926,226.1305,9.095,0.7714
2015-03-15T06:28:59.427Z,1143.8027,1499.7408,228.1472,6.5734,0.7627,1169.1208,1582.4062,226.2141,6.9947,0.7384,1600.8061,2061.5021,225.4082,9.1453,0.7772
2015-03-15T06:29:59.629Z,1134.0544,1492.8271,228.1509,6.5427,0.7596,1141.4113,1558.9496,225.8539,6.9026,0.7319,1587.4228,2038.4314,225.0008,9.0594,0.7787
2015-03-15T06:30:59.047Z,1157.8403,1524.0658,228.4024,6.6729,0.7601,1150.8645,1561.7243,225.3033,6.9315,0.7367,1619.7915,2062.103,225.1494,9.1588,0.7857
2015-03-15T06:31:59.764Z,1141.36,1515.7085,228.6322,6.6291,0.7527,1122.2082,1531.0689,224.8475,6.809,0.7329,1611.331,2047.7516,225.074,9.0981,0.7871
2015-03-15T06:32:59.828Z,1172.1384,1541.583,227.8646,6.7655,0.7604,1136.6031,1538.4051,224.2299,6.8603,0.7391,1634.3217,2056.0446,224.6638,9.152,0.7955
2015-03-15T06:33:59.136Z,1148.9288,1523.5161,228.1717,6.6763,0.7542,1121.8578,1533.0456,225.006,6.8127,0.7318,1612.5294,2046.9835,225.1482,9.0916,0.7879
2015-03-15T06:34:59.073Z,1157.5331,1553.6721,229.9857,6.7557,0.7453,1143.3251,1566.8275,226.3858,6.9213,0.7293,1641.403,2099.8704,227.3157,9.2378,0.7817
2015-03-15T06:35:59.376Z,1107.4972,1521.7678,230.198,6.6109,0.7279,1135.6752,1546.8432,226.2768,6.8363,0.7342,1643.5858,2127.8438,229.1726,9.2846,0.7722
2015-03-15T06:36:59.307Z,1098.1287,1530.8421,229.4422,6.6718,0.7178,1157.3272,1540.1224,225.9962,6.8143,0.7514,1700.8203,2196.1919,230.7796,9.5162,0.774
2015-03-15T06:37:59.918Z,1086.6193,1500.0567,228.8451,6.5553,0.7247,1161.8601,1559.6742,227.5012,6.8556,0.7449,1656.4696,2168.7836,230.4751,9.4107,0.7636
2015-03-15T06:38:59.308Z,1118.4698,1534.4112,230.6642,6.6524,0.7293,1180.7524,1608.087,229.1683,7.0162,0.734,1652.9061,2174.722,230.7226,9.426,0.7607
2015-03-15T06:39:59.939Z,1100.3563,1515.3352,230.5784,6.5718,0.7262,1169.9267,1602.2709,229.5517,6.9797,0.7304,1633.0149,2159.7716,230.6564,9.3631,0.7567
2015-03-15T06:40:59.575Z,1123.8978,1537.2983,230.1122,6.6808,0.7306,1176.3889,1599.5065,228.9099,6.9872,0.7362,1657.3548,2169.5756,230.2376,9.423,0.7638
2015-03-15T06:41:59.827Z,1120.5071,1540.7213,230.1278,6.695,0.7276,1150.4506,1574.128,228.2476,6.8959,0.7307,1651.5719,2151.5977,230.1974,9.3468,0.7677
2015-03-15T06:42:59.044Z,1143.3776,1560.0115,229.8053,6.7881,0.7322,1152.8651,1568.1143,227.2373,6.9001,0.7354,1673.5813,2154.2593,229.6049,9.3825,0.7767
2015-03-15T06:43:59.304Z,1135.7574,1553.8802,229.8003,6.7616,0.7308,1137.3038,1552.8767,227.0671,6.8389,0.7326,1660.6538,2135.5155,229.0231,9.3242,0.7771
2015-03-15T06:44:59.637Z,1150.1768,1561.0661,230.06,6.7849,0.7364,1155.6183,1568.7952,226.7321,6.919,0.7368,1671.1201,2143.7069,228.6909,9.3742,0.779
2015-03-15T06:45:59.262Z,1128.1183,1552.6149,229.9981,6.7501,0.7265,1147.1213,1556.5317,226.8035,6.8627,0.7378,1676.2835,2161.198,229.8954,9.4001,0.7762
2015-03-15T06:46:59.891Z,1125.2798,1541.2434,229.5941,6.7123,0.7301,1175.3375,1577.9377,227.533,6.9342,0.7451,1683.7233,2180.6244,230.0497,9.4789,0.772
2015-03-15T06:47:59.400Z,1124.6926,1520.3566,229.3826,6.6282,0.7396,1189.5519,1603.7335,228.2412,7.0269,0.7419,1649.5185,2155.5885,229.5093,9.392,0.7653
2015-03-15T06:48:59.742Z,1133.4457,1533.3424,229.9486,6.6682,0.7391,1193.3166,1610.4876,228.2193,7.0562,0.7408,1658.5761,2165.9423,229.8372,9.4236,0.7658
2015-03-15T06:49:59.026Z,1132.749,1536.1715,229.7189,6.6874,0.737,1183.2489,1596.1452,227.447,7.017,0.741,1663.7288,2163.5061,229.9586,9.4085,0.7685
2015-03-15T06:50:59.883Z,1131.45,1533.0247,228.8708,6.6978,0.7379,1189.6304,1597.3092,227.9377,7.0075,0.7447,1667.7566,2172.4226,230.1611,9.4379,0.768
2015-03-15T06:51:59.556Z,1137.8552,1526.7224,228.1639,6.6909,0.7454,1198.9507,1597.418,227.2191,7.0299,0.7502,1668.0829,2162.7948,229.0549,9.4419,0.7704
2015-03-15T06:52:59.296Z,1142.5534,1520.5789,228.192,6.6633,0.7512,1200.7998,1597.5465,226.9288,7.0397,0.7513,1661.7887,2147.5311,228.0618,9.4161,0.7737
2015-03-15T06:53:59.537Z,1133.951,1520.2728,228.0197,6.6668,0.7454,1207.9764,1599.2677,227.4158,7.0319,0.7552,1680.1004,2174.6756,228.5537,9.5146,0.7718
2015-03-15T06:54:59.370Z,1121.5531,1544.2531,228.9949,6.7433,0.7265,1170.1734,1554.5004,226.6693,6.8576,0.753,1708.6109,2195.9307,229.7515,9.5575,0.7779
2015-03-15T06:55:59.469Z,1135.601,1560.6687,229.4077,6.8029,0.7278,1175.592,1559.9696,226.1103,6.899,0.7539,1722.6568,2206.9586,230.1341,9.5899,0.7804
2015-03-15T06:56:59.937Z,1121.102,1560.0121,230.3867,6.7716,0.719,1160.4233,1545.358,225.3066,6.859,0.7508,1723.7926,2211.0864,230.9884,9.572,0.7797
2015-03-15T06:58:59.426Z,1152.3319,1533.7167,229.6437,6.6787,0.7516,1217.4464,1632.2609,228.1051,7.155,0.7462,1660.3932,2159.3597,228.3609,9.4549,0.7684
2015-03-15T06:59:59.922Z,1180.8939,1564.2523,230.5873,6.7837,0.7548,1209.7654,1635.1943,227.6779,7.1823,0.7396,1664.2701,2145.307,227.783,9.4187,0.7759
