2015-01-22T00:00:59.064Z,4.9241,68.1892,230.2524,0.296,0.0729,2.575,61.7732,232.5819,0.2652,0.0429,82.9899,102.6863,232.9288,0.4409,0.8096
2015-01-22T00:01:59.291Z,5.4134,70.0358,229.8732,0.3047,0.0779,2.4703,64.2432,231.6684,0.2774,0.0388,82.3681,103.2014,232.3447,0.4442,0.7989
2015-01-22T00:02:59.521Z,4.8758,68.5073,229.8716,0.2984,0.0729,2.6551,62.339,230.9214,0.2696,0.0447,82.1885,102.834,231.542,0.4441,0.7999
2015-01-22T00:03:59.051Z,5.2606,70.1497,229.8958,0.3058,0.0766,2.7514,62.114,231.1742,0.2686,0.0451,81.6401,102.338,229.9511,0.4451,0.8
2015-01-22T00:04:59.414Z,4.4748,68.7217,231.3312,0.2971,0.0651,2.677,60.8789,231.9011,0.2622,0.0457,81.9962,103.1617,231.8137,0.4453,0.7957
2015-01-22T00:05:59.946Z,5.8763,69.6058,231.9463,0.3001,0.0867,2.3062,63.4345,232.132,0.2731,0.0373,83.0776,103.9622,232.6696,0.4467,0.7999
2015-01-22T00:06:59.141Z,4.9686,69.9964,232.2246,0.302,0.0722,1.9441,64.8587,232.3424,0.2787,0.03,82.0547,102.8373,232.5656,0.4421,0.7988
2015-01-22T00:07:59.397Z,5.4589,70.4551,232.3278,0.3033,0.0801,2.8015,61.4601,231.8323,0.2655,0.0448,82.3456,102.7266,232.6952,0.4415,0.8029
2015-01-22T00:08:59.979Z,4.9854,69.6709,232.1813,0.3001,0.073,3.1239,62.8398,231.2901,0.2716,0.0512,83.1261,104.1293,232.9965,0.4463,0.7988
2015-01-22T00:09:59.316Z,5.6219,70.1083,232.7584,0.3017,0.0818,2.8011,60.5419,232.2122,0.2603,0.0461,83.4976,104.1747,234.0249,0.445,0.8034
2015-01-22T00:10:59.678Z,5.1741,69.067,232.6115,0.2967,0.0754,2.1446,62.1476,232.3708,0.2677,0.0353,83.028,103.8974,233.894,0.4438,0.8011
2015-01-22T00:11:59.979Z,4.9853,70.4662,231.7036,0.3042,0.0723,2.6475,62.0311,231.7119,0.2682,0.0427,83.0808,104.8653,233.3276,0.4492,0.7931
2015-01-22T00:12:59.290Z,4.2112,70.1833,231.6459,0.3034,0.0604,2.8146,62.1949,231.2122,0.2691,0.0443,83.4969,105.418,233.6209,0.4514,0.7941
2015-01-22T00:13:59.509Z,4.6113,69.3426,231.8436,0.2992,0.0659,2.0072,60.8466,229.8985,0.2647,0.033,83.3459,104.8464,233.392,0.4489,0.7976
2015-01-22T00:14:59.968Z,4.9735,70.9191,231.9037,0.3056,0.0712,2.7147,62.5885,231.1289,0.271,0.0465,83.099,104.2969,233.8309,0.4465,0.7984
2015-01-22T00:15:59.295Z,4.9528,70.7903,230.7918,0.3066,0.07,2.0558,63.127,229.629,0.2756,0.0328,84.3,105.327,234.7003,0.4483,0.8007
2015-01-22T00:16:59.584Z,4.9945,69.4005,230.666,0.3011,0.0744,2.6429,61.4891,232.3313,0.2647,0.0435,83.4355,104.8744,234.2791,0.4479,0.7967
2015-01-22T00:17:59.134Z,4.9179,69.0868,230.7311,0.2996,0.0727,2.0611,61.6422,233.513,0.2643,0.0335,83.2431,104.4078,233.7455,0.4468,0.7981
2015-01-22T00:18:59.798Z,4.8478,68.1558,230.4864,0.2954,0.0714,2.1652,63.4435,233.4503,0.2721,0.0342,83.2246,104.6887,233.6082,0.4476,0.7956
2015-01-22T00:19:59.048Z,5.0869,69.1272,231.4559,0.2984,0.0739,2.8677,62.0347,233.8471,0.2652,0.0463,83.733,104.9713,234.0701,0.4486,0.7999
2015-01-22T00:20:59.220Z,5.0512,70.1193,232.2248,0.3016,0.074,2.7068,61.871,233.2943,0.2655,0.0445,83.1237,103.4743,233.7289,0.4431,0.804
2015-01-22T00:21:59.928Z,5.1987,69.5291,231.7973,0.2996,0.0764,2.2712,64.307,232.3826,0.277,0.0363,83.3477,104.2005,233.3815,0.4467,0.8007
2015-01-22T00:22:59.274Z,5.1263,71.3749,231.2899,0.3084,0.0726,2.6371,61.7339,232.2496,0.2656,0.0422,83.4804,103.6657,233.3303,0.4439,0.8059
2015-01-22T00:23:59.635Z,5.4557,69.9282,231.686,0.3016,0.078,2.6338,63.2473,231.5917,0.2735,0.0411,82.9348,104.1405,233.4899,0.4457,0.798
2015-01-22T00:24:59.095Z,5.4741,70.554,231.5152,0.3042,0.0818,2.8429,62.4646,232.0854,0.2692,0.0441,83.1306,104.2612,233.5952,0.4468,0.7987
2015-01-22T00:25:59.688Z,4.41,69.8378,231.5074,0.3022,0.063,2.029,64.2191,232.7579,0.276,0.0312,83.667,104.3668,233.841,0.4466,0.8027
2015-01-22T00:26:59.933Z,4.2665,69.4378,231.6965,0.2992,0.064,2.543,63.6377,232.9716,0.273,0.0411,83.2852,104.2982,233.8322,0.4465,0.8
2015-01-22T00:27:59.371Z,4.8572,69.4832,231.4788,0.2998,0.0711,2.3461,63.7743,233.1412,0.2732,0.0412,83.3036,104.3649,233.6881,0.4467,0.799
2015-01-22T00:28:59.701Z,5.9713,71.143,231.7124,0.3067,0.0847,2.8995,63.4347,232.963,0.2723,0.0465,82.9734,104.1524,233.4714,0.4456,0.7979
2015-01-22T00:29:59.366Z,4.854,70.1279,231.8722,0.3023,0.0699,2.481,62.4676,232.6718,0.2681,0.0387,83.3334,105.0916,233.2405,0.4502,0.7938
2015-01-22T00:30:59.928Z,4.8858,68.1565,231.5636,0.294,0.0737,2.7676,62.2012,232.3038,0.2678,0.0463,82.8685,103.2573,232.4793,0.4439,0.8046
2015-01-22T00:31:59.300Z,5.06,69.8789,231.749,0.3014,0.0738,2.925,62.7446,232.4371,0.2697,0.0457,82.8239,104.171,232.4701,0.4481,0.7966
2015-01-22T00:32:59.530Z,5.6829,69.807,231.8254,0.3009,0.0816,2.5524,62.5156,232.23,0.2691,0.0391,82.6379,104.1273,232.2616,0.4486,0.7946
2015-01-22T00:33:59.489Z,4.964,69.2522,231.5082,0.2988,0.073,2.4715,62.9874,231.0492,0.2726,0.0398,82.6568,103.7758,232.8936,0.4454,0.7976
2015-01-22T00:34:59.708Z,5.3738,69.2321,231.2859,0.2985,0.0803,2.5563,63.2173,231.3549,0.2731,0.0393,83.6176,103.0719,233.588,0.4413,0.8122
2015-01-22T00:35:59.834Z,5.05,71.1545,231.9674,0.3068,0.0723,2.3816,62.9067,232.1197,0.2712,0.0386,83.2244,104.9374,233.5919,0.4491,0.7945
2015-01-22T00:36:59.045Z,5.572,70.0964,231.9038,0.302,0.0809,2.961,61.4782,231.8252,0.2651,0.0467,82.8708,104.0048,232.966,0.4469,0.7977
2015-01-22T00:37:59.538Z,5.0624,70.4219,231.8391,0.3037,0.0736,2.2403,60.8802,232.1733,0.2622,0.0362,82.5341,103.383,232.8745,0.4436,0.7991
2015-01-22T00:38:59.943Z,5.7124,69.6095,231.1634,0.301,0.0851,2.2392,62.1282,233.1764,0.2664,0.0357,83.5391,104.4615,233.4685,0.4477,0.8013
2015-01-22T00:39:59.080Z,5.4313,70.2508,231.2976,0.3038,0.0767,2.8074,63.546,233.2719,0.2728,0.0438,83.1622,104.2493,233.4719,0.4461,0.798
2015-01-22T00:40:59.839Z,5.5135,69.7607,230.876,0.3023,0.0775,2.8977,63.5593,233.0882,0.2726,0.045,82.9624,103.9182,233.2082,0.4451,0.7996
2015-01-22T00:41:59.517Z,4.07,68.9705,231.6574,0.2973,0.0609,2.9493,62.2374,232.0133,0.2685,0.0499,81.9242,102.412,232.3325,0.4402,0.8004
2015-01-22T00:42:59.945Z,4.4276,68.7636,231.0716,0.2977,0.0653,2.8803,62.2333,231.4923,0.2691,0.0458,82.4177,103.5038,231.9021,0.4463,0.798
2015-01-22T00:43:59.325Z,5.5556,69.7223,230.4992,0.3023,0.0818,2.6694,62.7432,231.235,0.2713,0.0422,82.6307,104.6553,232.5713,0.4501,0.7922
2015-01-22T00:44:59.976Z,4.9004,69.7668,230.8995,0.302,0.0723,2.8264,63.5383,231.7982,0.2738,0.0451,82.828,103.6707,233.1508,0.4449,0.7997
2015-01-22T00:45:59.603Z,4.5793,69.0145,231.1053,0.2982,0.067,2.4979,63.2065,232.2175,0.2725,0.0403,82.4259,103.6379,232.6145,0.4454,0.7963
2015-01-22T00:46:59.189Z,4.4494,70.7844,231.5372,0.3056,0.0631,2.3824,63.2926,232.2403,0.2726,0.0387,82.9182,104.219,232.7368,0.4477,0.7976
2015-01-22T00:47:59.395Z,5.0441,70.0353,232.1612,0.302,0.0738,2.9857,62.9356,232.9265,0.2696,0.0463,82.9789,104.3191,233.4174,0.447,0.7965
2015-01-22T00:48:59.712Z,4.8986,70.9425,232.1132,0.305,0.0708,2.9567,63.3541,232.9337,0.2725,0.0471,82.6471,104.4175,233.4591,0.4472,0.7923
2015-01-22T00:49:59.022Z,5.1261,69.4442,232.0015,0.2991,0.0753,3.3063,63.7765,233.1519,0.2728,0.0517,83.5916,104.7489,233.7817,0.4482,0.7997
2015-01-22T00:50:59.936Z,4.7423,69.3156,232.0917,0.2984,0.0689,2.7253,62.8545,233.1974,0.27,0.0426,83.9406,105.7505,234.2538,0.4513,0.7947
2015-01-22T00:51:59.397Z,5.1934,69.9389,232.3037,0.3009,0.0764,2.5648,63.1062,232.5072,0.2719,0.0399,82.9414,104.6936,233.8838,0.4478,0.7941
2015-01-22T00:52:59.769Z,4.8932,70.6424,231.91,0.3043,0.0716,2.3265,62.3174,231.9719,0.2687,0.0388,82.9688,103.4992,233.331,0.4432,0.8025
2015-01-22T00:53:59.060Z,4.9766,68.8563,230.9818,0.2979,0.0732,2.8896,62.7064,232.4052,0.27,0.0464,83.293,104.9901,232.4697,0.4512,0.7947
2015-01-22T00:54:59.374Z,5.522,70.4802,232.0899,0.3034,0.0808,2.2214,61.8525,232.6045,0.2662,0.0351,83.2604,104.2124,233.2415,0.447,0.8004
2015-01-22T00:55:59.599Z,5.1719,71.0643,232.8251,0.3054,0.074,3.536,64.0963,232.597,0.2754,0.0546,83.3143,104.6592,233.4477,0.4488,0.7973
2015-01-22T00:56:59.022Z,5.2829,70.6772,233.0081,0.3036,0.0749,2.9011,63.1892,232.6163,0.2713,0.0453,82.887,103.6544,233.1082,0.4448,0.8012
2015-01-22T00:57:59.312Z,5.4357,71.5846,233.2231,0.3074,0.0776,2.6577,63.8651,232.8976,0.274,0.0402,82.8145,102.496,232.64,0.4409,0.8088
2015-01-22T00:58:59.628Z,5.5664,70.1515,232.8511,0.3017,0.0801,3.0059,62.7667,233.0414,0.2696,0.0486,82.3793,102.697,232.6228,0.4418,0.8035
2015-01-22T00:59:59.784Z,5.9652,69.6315,232.604,0.2993,0.0895,2.6655,59.567,232.5201,0.256,0.0456,82.8323,102.8279,232.4573,0.4424,0.807
2015-01-22T01:00:59.863Z,4.8434,68.4351,232.7434,0.2941,0.0716,2.239,59.6579,232.5127,0.2562,0.0397,82.7379,101.2689,232.4455,0.4355,0.8178
2015-01-22T01:01:59.210Z,5.1317,69.7499,232.4308,0.2998,0.0743,2.5532,62.6214,232.3658,0.2694,0.0398,81.9644,101.316,232.2476,0.4367,0.8097
2015-01-22T01:02:59.613Z,5.8214,69.8855,233.4778,0.2989,0.0824,2.529,61.5493,232.4932,0.2649,0.0414,82.9359,103.1322,232.2789,0.4441,0.8062
2015-01-22T01:03:59.414Z,5.1821,70.8143,232.5462,0.3048,0.0736,2.0777,61.8348,233.1593,0.2649,0.0351,82.0255,102.5963,231.944,0.4422,0.8004
2015-01-22T01:04:59.461Z,5.4789,68.3663,232.2619,0.2944,0.0807,2.5952,62.1822,233.2206,0.267,0.0417,83.342,103.4556,232.9407,0.4439,0.8071
2015-01-22T01:05:59.682Z,5.6876,69.9487,232.4536,0.3011,0.0828,2.6986,61.2138,233.1945,0.2622,0.0435,84.2395,104.5054,234.4264,0.4458,0.8063
2015-01-22T01:06:59.315Z,5.6527,68.83,232.7432,0.295,0.0859,2.1653,60.6884,232.4632,0.2612,0.0372,83.7118,104.419,234.2308,0.446,0.8026
2015-01-22T01:07:59.932Z,4.29,69.307,233.3125,0.2968,0.0634,2.5329,61.6899,229.4397,0.2688,0.0392,84.0132,104.6592,234.4482,0.446,0.8043
2015-01-22T01:08:59.724Z,4.6613,70.4217,233.0266,0.302,0.0673,2.5336,62.2892,231.865,0.2684,0.0414,83.4204,104.0704,233.5274,0.4457,0.8031
2015-01-22T01:09:59.980Z,5.4009,71.0473,233.4584,0.3042,0.0771,2.2602,61.709,232.7637,0.2648,0.0371,82.6566,103.7045,233.3559,0.4442,0.7979
2015-01-22T01:10:59.462Z,5.7189,69.8834,233.6989,0.299,0.0823,1.7042,61.2827,232.4198,0.2641,0.0283,82.2489,102.9854,231.9478,0.4438,0.7993
2015-01-22T01:11:59.753Z,5.6316,70.6957,233.387,0.3025,0.081,2.8253,62.1021,232.199,0.2682,0.0446,81.6291,103.1981,231.4593,0.446,0.7921
2015-01-22T01:12:59.498Z,5.2552,70.0718,233.8235,0.3001,0.076,2.3818,59.4573,231.9236,0.2564,0.0405,81.6564,102.524,231.173,0.4435,0.7974
2015-01-22T01:13:59.097Z,4.5879,70.4321,235.0759,0.2992,0.0666,3.3586,62.5359,231.9697,0.2693,0.0549,81.8153,102.7567,231.3243,0.4441,0.7978
2015-01-22T01:14:59.261Z,5.2843,70.497,234.5726,0.3007,0.0754,2.0244,61.3985,231.431,0.2653,0.0334,82.4691,103.6487,232.4435,0.4466,0.7965
2015-01-22T01:15:59.497Z,5.7376,70.4314,234.3564,0.3007,0.0819,2.2852,61.2419,232.782,0.2633,0.0388,82.4785,102.9974,232.4877,0.4427,0.8018
2015-01-22T01:16:59.045Z,4.7951,70.9234,234.1799,0.3029,0.068,2.5637,61.8629,232.9913,0.265,0.0409,83.2749,104.225,232.7203,0.4471,0.8002
2015-01-22T01:17:59.367Z,4.4871,70.6627,233.8572,0.3023,0.0638,2.2429,62.2138,233.0901,0.2665,0.0355,83.2482,104.3867,233.4389,0.4468,0.7987
2015-01-22T01:18:59.562Z,4.8163,69.4479,233.4397,0.2971,0.0707,2.5641,62.0369,232.9898,0.2665,0.0405,82.8185,103.1951,233.273,0.4424,0.8043
2015-01-22T01:19:59.055Z,5.6234,70.1216,233.1902,0.3009,0.0829,2.4214,59.9092,232.4171,0.2577,0.0401,83.3851,103.9077,233.4729,0.445,0.8032
2015-01-22T01:20:59.341Z,4.7678,70.5935,233.0221,0.303,0.0695,2.388,62.9507,232.0345,0.2711,0.0372,83.061,103.5507,233.2408,0.4435,0.8032
2015-01-22T01:21:59.626Z,5.3234,69.8801,231.8589,0.3009,0.0762,2.2315,62.3923,230.8887,0.2701,0.0346,82.6279,102.3811,232.2298,0.4413,0.8075
2015-01-22T01:22:59.120Z,4.9886,68.669,232.29,0.2957,0.0726,2.3931,60.6283,230.9521,0.2624,0.0403,82.5711,104.331,232.7634,0.4477,0.7929
2015-01-22T01:23:59.512Z,5.3511,69.9397,233.4613,0.2989,0.0795,2.2834,60.4152,230.7616,0.262,0.0361,82.1795,102.0383,232.5028,0.4387,0.8063
2015-01-22T01:24:59.757Z,5.3784,68.051,233.1988,0.2919,0.0803,2.4695,60.2908,231.569,0.2604,0.0389,82.6623,103.4873,232.7078,0.4444,0.8004
2015-01-22T01:25:59.978Z,4.7296,69.8053,233.3832,0.2987,0.0687,2.5896,62.8558,232.751,0.269,0.0418,83.5284,103.1999,233.6966,0.4421,0.8091
2015-01-22T01:26:59.318Z,4.8237,71.0362,233.5231,0.3038,0.0676,2.3547,62.8833,232.6211,0.2702,0.0379,83.8228,103.6999,233.7592,0.4438,0.8093
2015-01-22T01:27:59.802Z,4.701,69.9829,233.4467,0.2999,0.0678,2.2397,61.0193,232.4636,0.2624,0.0377,83.6122,104.5765,234.0923,0.4464,0.8012
2015-01-22T01:28:59.060Z,5.1606,69.0927,233.0014,0.2964,0.076,2.5026,61.5721,231.8918,0.2659,0.0404,83.1311,104.2177,233.6916,0.4459,0.799
2015-01-22T01:29:59.647Z,5.2316,70.9802,233.0774,0.3048,0.0748,2.9279,61.8827,232.2529,0.2659,0.0476,83.6368,105.1482,234.0305,0.4493,0.797
2015-01-22T01:30:59.608Z,4.729,70.5137,233.2393,0.3022,0.0676,2.7726,61.9845,233.0191,0.2657,0.0452,83.406,104.5215,233.4363,0.4477,0.7997
2015-01-22T01:31:59.914Z,4.7063,69.2761,233.1066,0.2972,0.0684,1.8899,60.3767,231.842,0.2602,0.0308,83.2253,104.7891,232.6503,0.4502,0.7952
2015-01-22T01:32:59.559Z,4.886,68.837,231.7427,0.2964,0.0719,2.9371,62.1761,231.2521,0.2688,0.0464,82.3274,102.7704,232.1118,0.4429,0.8021
2015-01-22T01:33:59.959Z,4.8821,69.2444,231.1075,0.2995,0.0705,2.5904,60.3823,230.4518,0.2619,0.0434,82.5013,103.5925,232.2752,0.4462,0.7978
2015-01-22T01:34:59.411Z,5.2498,69.6854,231.3729,0.3013,0.0778,2.106,61.2132,231.0061,0.2651,0.0341,81.9638,102.8261,232.6153,0.4417,0.7978
2015-01-22T01:35:59.888Z,3.8608,69.6634,232.1148,0.3001,0.0546,2.7719,61.6534,231.4918,0.266,0.0444,82.5057,103.8375,232.1269,0.4477,0.7964
2015-01-22T01:36:59.247Z,4.2296,68.837,232.5355,0.296,0.0623,2.5874,63.4399,231.2356,0.274,0.0429,81.584,102.061,230.8908,0.4418,0.8002
2015-01-22T01:37:59.869Z,4.8761,70.1884,231.5859,0.3032,0.0699,2.6655,62.471,231.7162,0.27,0.0436,81.6435,101.9945,231.7691,0.4396,0.8014
2015-01-22T01:38:59.177Z,5.2474,69.4273,231.2989,0.2997,0.0764,2.8276,62.2006,231.8012,0.2683,0.045,81.4076,101.797,231.2694,0.4406,0.8004
2015-01-22T01:39:59.496Z,4.88,68.9891,231.4689,0.2978,0.0726,2.6201,62.036,232.1156,0.2668,0.04,81.2219,101.9748,230.5914,0.442,0.7969
2015-01-22T01:40:59.307Z,4.9913,68.9556,232.2739,0.2967,0.0728,2.1462,60.7299,232.3293,0.2611,0.0354,83.2002,104.181,233.5967,0.4461,0.7999
2015-01-22T01:41:59.576Z,5.1261,69.8527,232.2922,0.3011,0.0745,2.5011,62.507,231.8699,0.2699,0.0397,83.0008,103.6459,233.1162,0.4443,0.8015
2015-01-22T01:42:59.800Z,5.7285,68.7708,231.9938,0.2965,0.0847,2.3097,62.1295,231.9632,0.2677,0.0374,83.8224,104.6779,233.5082,0.4482,0.8018
2015-01-22T01:43:59.378Z,4.5436,69.4088,231.4113,0.3002,0.0676,2.6738,62.6559,231.7171,0.2706,0.0421,83.9667,104.9852,234.026,0.4482,0.801
2015-01-22T01:44:59.755Z,4.5164,68.8474,231.9861,0.2967,0.0651,2.4079,60.8674,232.1171,0.2621,0.0402,83.8297,105.1771,234.3033,0.4493,0.7985
2015-01-22T01:45:59.713Z,4.3815,70.8054,233.3977,0.3034,0.061,3.1256,62.409,232.8467,0.2685,0.0503,83.8467,105.2356,233.9476,0.4492,0.7986
2015-01-22T01:46:59.983Z,5.2877,70.207,233.8246,0.2999,0.0765,2.6688,60.7464,232.7277,0.2609,0.0448,83.1669,103.4832,233.5798,0.4433,0.8048
2015-01-22T01:47:59.293Z,5.5281,70.5611,233.3501,0.3028,0.0788,2.4277,61.7634,233.3048,0.2644,0.0409,83.8489,104.8114,233.774,0.4483,0.8009
2015-01-22T01:48:59.702Z,4.6268,69.2359,232.7242,0.2975,0.0681,2.7411,64.2057,233.9613,0.2749,0.0422,83.3336,103.1035,233.9477,0.4407,0.8101
2015-01-22T01:49:59.015Z,5.5566,70.9553,232.595,0.3049,0.0791,2.3096,61.2556,233.3793,0.2626,0.039,83.8333,104.7618,233.8652,0.4477,0.8018
2015-01-22T01:50:59.238Z,4.943,70.4346,232.2562,0.3038,0.0701,2.4416,63.3022,233.5032,0.2711,0.0402,83.5466,103.7662,233.57,0.4446,0.8066
2015-01-22T01:51:59.454Z,4.7552,69.5386,231.6809,0.3001,0.0705,2.5723,62.741,233.2831,0.2688,0.0402,82.5636,104.3615,232.9221,0.4478,0.7929
2015-01-22T01:52:59.895Z,4.2345,69.1136,231.4095,0.2987,0.061,2.4969,63.5771,233.1563,0.2722,0.0402,82.3351,102.6284,232.3401,0.442,0.8035
2015-01-22T01:53:59.524Z,4.3926,68.9438,231.0766,0.2981,0.0655,2.2232,62.08,233.8775,0.2655,0.0349,82.3278,103.2091,231.8733,0.4449,0.7984
2015-01-22T01:54:59.826Z,5.1844,69.0816,230.9737,0.299,0.0758,2.6905,62.5144,233.5044,0.268,0.0429,82.1014,102.6827,231.4689,0.4431,0.8008
2015-01-22T01:55:59.165Z,5.0027,69.8773,232.1468,0.301,0.0716,2.5714,63.4366,233.7602,0.2717,0.0364,82.8898,102.9612,232.791,0.4421,0.8066
2015-01-22T01:56:59.615Z,5.0277,69.7571,232.449,0.3004,0.0739,2.7995,63.1848,233.4539,0.2705,0.0452,82.8415,103.5958,232.7061,0.4451,0.8012
2015-01-22T01:57:59.131Z,4.4647,67.9919,232.7159,0.2923,0.0651,2.2612,60.5249,232.972,0.2598,0.0376,82.7231,103.5428,232.5054,0.445,0.8008
2015-01-22T01:58:59.468Z,4.9401,69.0191,232.4855,0.297,0.072,3.0496,63.1745,232.7378,0.2718,0.0481,82.5929,103.3146,232.2802,0.4448,0.8019
2015-01-22T01:59:59.760Z,5.265,70.1827,232.8124,0.3014,0.0771,2.2165,63.5777,233.0901,0.273,0.0347,83.2634,103.9276,232.3889,0.4474,0.8021
2015-01-22T02:00:59.007Z,5.644,67.2018,232.1842,0.289,0.0837,2.4731,60.3137,232.5079,0.2591,0.0413,82.6169,103.0654,232.3654,0.4436,0.8037
2015-01-22T02:01:59.900Z,4.7047,68.0927,231.0662,0.2946,0.0703,2.1032,63.7526,232.5739,0.2742,0.0348,82.3085,103.0495,232.6172,0.443,0.7998
2015-01-22T02:02:59.521Z,4.9147,67.8633,231.8237,0.2924,0.073,2.5067,63.136,232.7744,0.2713,0.0414,83.063,102.479,232.9946,0.4396,0.8116
2015-01-22T02:03:59.677Z,5.7216,69.8986,231.2058,0.302,0.0842,2.2669,62.5652,233.1905,0.2684,0.0378,82.3514,102.1954,232.1274,0.44,0.8066
2015-01-22T02:04:59.960Z,5.3762,70.1967,230.9407,0.3045,0.079,2.6376,62.2265,232.8289,0.2674,0.0421,82.1784,102.4959,231.8623,0.4424,0.8031
2015-01-22T02:05:59.370Z,5.6724,69.441,231.7692,0.2997,0.0838,2.5669,62.9242,233.3549,0.2693,0.0411,83.3492,104.5164,233.361,0.4482,0.7989
2015-01-22T02:06:59.924Z,4.3907,69.1265,232.5024,0.2974,0.0645,2.8916,61.3168,233.6923,0.2625,0.0462,83.213,103.8175,233.7584,0.4442,0.802
2015-01-22T02:07:59.111Z,5.2854,69.5587,233.384,0.2977,0.0786,1.5029,61.0253,233.9732,0.2612,0.0284,83.4722,104.8657,234.2612,0.4477,0.7977
2015-01-22T02:08:59.425Z,5.6665,68.0618,233.1808,0.2918,0.0842,2.0143,61.1519,234.0752,0.2614,0.0354,83.5912,104.2241,234.443,0.4447,0.8031
2015-01-22T02:09:59.942Z,4.8109,70.0353,232.8352,0.3008,0.0699,2.4179,61.9759,233.4022,0.2657,0.0391,84.2339,104.5767,234.1813,0.447,0.8061
2015-01-22T02:10:59.548Z,5.2567,69.3126,233.0244,0.2971,0.0771,2.5606,62.6359,233.4192,0.2683,0.0401,84.211,105.1616,234.1109,0.4492,0.8017
2015-01-22T02:11:59.967Z,4.9352,70.8589,232.116,0.3051,0.071,2.3036,62.1997,232.5655,0.2671,0.0385,82.4771,103.2758,233.2355,0.443,0.7993
2015-01-22T02:12:59.249Z,5.3117,69.0604,232.3843,0.2973,0.0781,2.117,62.065,231.9659,0.2678,0.037,82.4986,103.6241,232.6198,0.4454,0.7976
2015-01-22T02:13:59.903Z,5.0724,69.9388,232.5809,0.3005,0.0738,2.6863,63.8002,231.0709,0.276,0.0425,81.9241,103.3318,231.9548,0.4454,0.7941
2015-01-22T02:14:59.537Z,4.4014,69.0143,231.9631,0.2975,0.0643,2.4158,62.2948,230.7082,0.2703,0.0375,81.7181,102.0365,231.4738,0.441,0.8015
2015-01-22T02:15:59.092Z,4.5063,68.9136,231.8606,0.2973,0.0647,2.0276,61.9734,232.1393,0.2666,0.0337,82.9823,103.8412,232.2431,0.447,0.7999
2015-01-22T02:16:59.630Z,4.6444,70.6305,231.5158,0.3047,0.0659,2.6545,62.3992,232.187,0.268,0.0423,82.5176,103.4812,232.6122,0.4445,0.7981
2015-01-22T02:18:59.225Z,4.8678,68.5682,231.284,0.2964,0.0731,2.4734,60.5674,232.4271,0.2604,0.0415,82.7547,103.191,232.9551,0.443,0.8034
2015-01-22T02:19:59.647Z,4.5078,69.4827,231.1995,0.3002,0.0659,2.5849,62.1275,233.346,0.2659,0.0423,83.5923,105.6235,234.0103,0.4511,0.7932
2015-01-22T02:20:59.155Z,4.8733,69.3334,231.7116,0.2991,0.0703,2.5572,61.152,232.8113,0.2626,0.0413,82.9168,103.2611,233.3436,0.4421,0.8038
2015-01-22T02:21:59.416Z,5.1699,69.2066,232.5825,0.2973,0.0758,2.7945,61.6196,232.368,0.2653,0.0454,83.7534,104.2086,233.1997,0.4464,0.8045
2015-01-22T02:22:59.719Z,5.6621,69.9551,232.7308,0.3002,0.0815,2.5991,61.3153,231.5278,0.2644,0.0421,83.0087,103.5351,233.4025,0.4432,0.8025
2015-01-22T02:23:59.847Z,4.9287,69.9027,232.9651,0.3002,0.0701,2.3682,59.736,230.3596,0.2593,0.0393,82.7015,103.3556,232.5718,0.4443,0.8011
2015-01-22T02:24:59.172Z,4.5067,71.5863,233.4732,0.3064,0.0638,2.9642,61.8969,231.5176,0.2673,0.048,82.6842,103.8509,233.0704,0.4451,0.7971
2015-01-22T02:25:59.457Z,5.2345,69.6876,232.9801,0.2988,0.0771,2.438,60.9309,232.6115,0.2625,0.0397,82.1733,103.7364,232.32,0.4469,0.7936
2015-01-22T02:26:59.737Z,5.3555,70.252,233.2351,0.3007,0.0773,2.1626,60.8586,232.6198,0.2623,0.0354,82.5301,103.6285,232.6233,0.4458,0.7973
2015-01-22T02:27:59.270Z,5.1264,69.1409,232.6624,0.2973,0.0758,2.03,61.4824,232.3184,0.2647,0.0363,82.802,103.1917,232.5493,0.4438,0.8036
2015-01-22T02:28:59.977Z,4.7748,69.2695,232.8883,0.2968,0.071,2.3232,61.501,232.2412,0.2645,0.0372,83.1247,103.1216,232.5462,0.4437,0.8076
2015-01-22T02:29:59.227Z,5.2478,69.9083,232.7571,0.3,0.0752,2.9069,60.1428,232.2406,0.2593,0.0477,82.6912,103.4421,232.4922,0.4453,0.8006
2015-01-22T02:30:59.559Z,5.3311,69.8693,232.5957,0.3008,0.0773,2.2469,63.053,231.9014,0.2716,0.0367,82.0638,103.4524,231.9859,0.4455,0.794
2015-01-22T02:31:59.767Z,5.013,68.7548,232.5271,0.2957,0.0736,2.6167,62.1288,231.0747,0.2687,0.0414,81.4755,102.0415,231.4998,0.4409,0.7995
2015-01-22T02:32:59.054Z,4.4889,69.5561,232.1939,0.2991,0.0646,2.8201,61.0538,230.7716,0.2647,0.0448,81.6336,102.8779,231.4101,0.4451,0.7953
2015-01-22T02:33:59.790Z,4.7247,69.3504,231.3211,0.2996,0.069,3.1351,62.3329,230.2799,0.2707,0.0479,82.4386,102.0836,231.7682,0.4404,0.8089
2015-01-22T02:34:59.017Z,5.1378,69.706,231.11,0.3014,0.0747,2.8919,62.551,230.8638,0.2709,0.0457,82.2162,102.6559,231.6811,0.4428,0.8026
2015-01-22T02:35:59.246Z,5.6145,68.1878,231.693,0.2941,0.0854,2.3557,62.2397,231.9808,0.2688,0.0378,82.7129,103.5246,232.3424,0.4452,0.7999
2015-01-22T02:36:59.863Z,4.8184,69.0938,232.7149,0.2965,0.0693,2.9566,62.3252,232.6241,0.2676,0.0468,82.9742,104.0077,233.4108,0.4451,0.7996
2015-01-22T02:37:59.336Z,4.56,69.0053,233.438,0.2954,0.0656,2.46,61.6422,233.4176,0.2643,0.0419,82.4452,102.71,233.1921,0.4408,0.8044
2015-01-22T02:38:59.930Z,4.606,69.4576,233.4009,0.2976,0.0674,2.2408,63.4111,233.5013,0.272,0.0343,82.9013,103.5954,233.1329,0.4443,0.8011
2015-01-22T02:39:59.274Z,4.7824,69.7989,233.2142,0.2994,0.0691,2.5346,62.4764,233.5204,0.2674,0.0412,83.5226,104.0103,233.1327,0.4461,0.8037
2015-01-22T02:40:59.800Z,5.1637,69.67,233.3296,0.2988,0.0754,2.5732,62.0745,233.4723,0.2664,0.0418,83.3871,104.1412,232.9209,0.447,0.8021
2015-01-22T02:41:59.055Z,5.0032,70.1266,233.1414,0.3014,0.0729,2.6029,62.2071,232.6116,0.2671,0.0439,82.6808,103.668,233.108,0.4443,0.7988
2015-01-22T02:42:59.619Z,4.6001,68.5372,233.0914,0.2939,0.0675,2.5757,60.2139,232.4785,0.2591,0.0449,83.2295,102.5828,233.2961,0.4401,0.8118
2015-01-22T02:43:59.327Z,22.1718,95.5666,232.7353,0.4113,0.0874,37.02,138.7589,231.7228,0.6036,0.0538,226.4448,275.6244,232.5081,1.1903,0.8392
2015-01-22T02:44:59.681Z,1027.7539,1466.9707,231.4139,6.3392,0.7003,1068.3797,1528.3534,230.1967,6.639,0.6991,1553.3242,2101.5292,229.6087,9.1526,0.7388
2015-01-22T02:45:59.007Z,1079.5631,1502.817,232.0844,6.4747,0.719,1114.1248,1583.3443,230.6512,6.8647,0.7035,1571.7206,2115.6079,229.1728,9.231,0.7417
2015-01-22T02:46:59.284Z,1143.753,1575.3353,231.7259,6.7983,0.7262,1188.8323,1635.9274,230.7409,7.0899,0.7266,1672.9961,2211.7014,230.2353,9.6061,0.7558
2015-01-22T02:47:59.721Z,1178.0328,1599.8189,230.9021,6.9286,0.736,1233.1607,1662.8703,230.0293,7.229,0.7414,1717.0944,2245.1078,229.8091,9.7688,0.7648
2015-01-22T02:48:59.883Z,1182.6493,1601.7961,230.932,6.9362,0.7393,1224.5846,1649.1709,228.8227,7.2071,0.7424,1714.1294,2225.9223,229.1824,9.7118,0.7703
2015-01-22T02:49:59.177Z,1193.1217,1620.6559,232.2267,6.9788,0.7367,1237.8951,1685.9593,230.1322,7.3256,0.7344,1710.6886,2239.5375,230.2068,9.7284,0.7637
2015-01-22T02:50:59.522Z,1180.0609,1611.4422,232.0193,6.9456,0.7322,1258.7851,1700.0846,230.999,7.3591,0.7408,1720.3749,2269.4906,231.2309,9.8149,0.759
2015-01-22T02:51:59.896Z,1188.6983,1613.1437,231.1868,6.9778,0.737,1264.9971,1692.4321,230.4114,7.3453,0.7473,1737.7641,2271.7674,230.5672,9.8524,0.7657
2015-01-22T02:52:59.159Z,1206.6351,1626.8472,231.1001,7.0398,0.7418,1276.39,1698.4807,229.9511,7.3865,0.7517,1751.068,2274.1071,230.0545,9.8852,0.7694
2015-01-22T02:53:59.404Z,1220.8764,1612.5054,230.4983,6.996,0.7576,1314.0813,1745.8076,231.2431,7.5494,0.7524,1731.2336,2263.4473,228.8727,9.8898,0.765
2015-01-22T02:54:59.870Z,1213.3928,1614.9416,231.0877,6.9886,0.7508,1321.0523,1755.6758,231.9052,7.5702,0.7526,1738.8754,2287.0713,230.0202,9.9426,0.7603
2015-01-22T02:55:59.646Z,1193.8958,1604.5966,231.1336,6.9422,0.7439,1312.9964,1744.1892,231.8987,7.5208,0.7525,1738.5317,2296.0071,231.0148,9.9385,0.7581
2015-01-22T02:56:59.165Z,1135.527,1557.3276,231.0328,6.7404,0.7293,1248.747,1684.328,231.8962,7.2634,0.741,1683.3752,2241.2733,230.9476,9.7048,0.7502
2015-01-22T02:57:59.471Z,1139.4997,1561.6867,231.2651,6.7527,0.73,1250.641,1686.4326,231.9519,7.2704,0.7413,1687.9616,2244.2668,231.3269,9.7021,0.751
2015-01-22T02:58:59.397Z,1138.8169,1551.1284,230.53,6.7285,0.7347,1261.4196,1687.9193,231.7827,7.2818,0.7479,1687.3819,2240.3388,230.8585,9.7042,0.7524
2015-01-22T02:59:59.175Z,1138.1093,1560.9383,230.4588,6.7728,0.7284,1243.0452,1653.9291,230.2304,7.1827,0.7511,1710.8233,2245.817,230.8488,9.7278,0.7628
