2015-05-22T00:00:59.904Z,6.3423,68.2948,233.7996,0.2919,0.0935,-8.0508,63.1204,233.6977,0.2698,-0.1297,11.7474,63.5045,234.533,0.2705,0.1855
2015-05-22T00:01:59.132Z,6.7716,70.38,233.8251,0.3008,0.0983,-8.0098,64.2053,234.0282,0.2743,-0.1249,12.3587,64.4197,234.4443,0.2752,0.1928
2015-05-22T00:02:59.428Z,6.3208,70.2145,233.6722,0.301,0.0924,-8.2527,62.9295,233.6081,0.2691,-0.1345,11.4013,64.1671,234.2982,0.2741,0.1802
2015-05-22T00:03:59.658Z,5.9004,69.9124,232.592,0.3004,0.0843,-7.8213,62.9482,233.8216,0.2689,-0.1227,11.5032,65.7284,234.0532,0.2807,0.1758
2015-05-22T00:04:59.059Z,5.7424,70.5141,232.6906,0.3032,0.0822,-8.2159,61.9607,233.8009,0.2651,-0.1333,11.7061,65.3877,234.5148,0.2793,0.18
2015-05-22T00:05:59.182Z,6.2604,70.5044,233.1844,0.3021,0.089,-8.1667,61.948,230.5102,0.269,-0.1326,12.1476,65.8048,235.5392,0.2797,0.1863
2015-05-22T00:06:59.442Z,6.7084,70.6832,233.8054,0.3022,0.096,-8.3549,62.6169,231.1001,0.2712,-0.1386,11.3892,65.1615,235.6202,0.2767,0.1766
2015-05-22T00:07:59.763Z,6.7117,71.1239,234,0.3039,0.097,-7.3451,62.2841,232.8137,0.2677,-0.1176,11.9404,65.0714,234.68,0.2775,0.1861
2015-05-22T00:08:59.985Z,6.6207,70.2509,233.4132,0.3007,0.0958,-7.2523,63.1133,233.1918,0.2705,-0.1178,11.4419,64.5471,233.7673,0.2765,0.1775
2015-05-22T00:09:59.252Z,6.0843,69.2337,233.3218,0.2967,0.0899,-7.9398,64.5793,233.419,0.2771,-0.1239,11.7324,65.7219,233.9206,0.281,0.1797
2015-05-22T00:10:59.383Z,6.9866,70.8045,233.7426,0.303,0.0996,-7.738,63.8249,233.9979,0.2726,-0.1236,12.1336,64.7262,234.3021,0.2758,0.1877
2015-05-22T00:11:59.633Z,6.2807,71.6344,233.991,0.3063,0.0874,-7.4703,64.0198,234.0621,0.2735,-0.1179,11.507,64.6608,234.7465,0.2754,0.1784
2015-05-22T00:12:59.827Z,6.0079,70.8726,233.7245,0.303,0.0854,-7.8463,64.8968,233.8293,0.2776,-0.1209,11.8529,64.0263,234.3291,0.2731,0.1845
2015-05-22T00:13:59.034Z,6.7152,71.3114,233.5889,0.3056,0.096,-7.9028,63.1888,233.8863,0.2701,-0.1253,11.9718,63.3644,233.6236,0.2712,0.188
2015-05-22T00:14:59.206Z,6.4074,71.0746,233.7827,0.3036,0.0919,-7.5618,62.1218,233.9576,0.2655,-0.1218,11.7563,64.3735,233.8068,0.2751,0.1834
2015-05-22T00:15:59.448Z,6.7681,70.1091,233.8362,0.3,0.0985,-7.6944,63.7919,234.2941,0.2722,-0.1225,11.8643,65.3751,234.3531,0.2791,0.1833
2015-05-22T00:16:59.784Z,6.1916,70.288,233.6411,0.3009,0.0895,-7.2816,61.7462,233.985,0.2639,-0.1225,12.0239,62.8798,234.4651,0.2685,0.1979
2015-05-22T00:17:59.966Z,6.3373,71.4847,233.8741,0.3058,0.0913,-7.5913,63.9374,233.9795,0.2731,-0.1227,12.1077,64.8742,234.456,0.2767,0.1873
2015-05-22T00:18:59.210Z,6.5888,71.136,233.7766,0.3042,0.0928,-7.8492,63.387,233.6119,0.2711,-0.1261,11.7766,64.9271,233.2873,0.2788,0.1836
2015-05-22T00:19:59.381Z,6.5368,71.0891,234.201,0.3033,0.0924,-7.1496,62.3752,233.6722,0.2669,-0.1176,11.8308,64.1078,232.8934,0.2752,0.1844
2015-05-22T00:20:59.664Z,6.2471,71.1736,233.9938,0.3034,0.0886,-7.8356,62.8592,233.6881,0.2698,-0.1258,11.7741,64.3688,232.8375,0.2764,0.1838
2015-05-22T00:21:59.871Z,6.2945,69.6353,233.828,0.2971,0.0923,-7.4662,61.4029,233.6276,0.2627,-0.122,11.5657,63.496,232.5503,0.2732,0.1843
2015-05-22T00:22:59.110Z,6.4562,69.8043,233.3107,0.2987,0.0937,-7.6623,64.1072,233.3622,0.2748,-0.1209,11.3479,62.904,232.1663,0.2711,0.1824
2015-05-22T00:23:59.327Z,6.2245,70.6904,233.0229,0.3035,0.0901,-7.6689,63.9791,232.9445,0.2751,-0.1197,11.4897,63.5333,231.8659,0.2741,0.1818
2015-05-22T00:24:59.551Z,6.8966,70.5137,233.3024,0.3022,0.0981,-7.7279,63.9429,233.194,0.2743,-0.1224,11.5591,64.5765,232.3701,0.2779,0.1804
2015-05-22T00:25:59.721Z,6.0422,68.9821,233.5491,0.2953,0.0883,-7.4855,61.8075,232.8113,0.2659,-0.1239,11.9075,64.0853,232.5989,0.2754,0.1866
2015-05-22T00:26:59.945Z,6.3388,69.0122,233.5405,0.2953,0.094,-7.6035,61.9426,232.3144,0.2665,-0.1275,11.3791,63.7842,233.0646,0.2738,0.1841
2015-05-22T00:27:59.245Z,6.7049,71.3987,233.2378,0.3061,0.0953,-7.7136,63.1549,233.0181,0.2709,-0.1234,11.9101,64.1558,232.2182,0.2761,0.1859
2015-05-22T00:28:59.487Z,6.3674,70.3912,233.3045,0.3019,0.0907,-7.4782,63.0802,232.8493,0.271,-0.1212,11.5702,63.3058,232.0755,0.273,0.1837
2015-05-22T00:29:59.805Z,6.7968,70.5721,233.5727,0.3023,0.0973,-7.3559,63.3476,233.2163,0.2714,-0.1187,12.026,64.996,232.3516,0.2798,0.1865
2015-05-22T00:31:59.226Z,6.796,70.6119,233.4887,0.3025,0.098,-7.8338,63.5714,233.1871,0.2727,-0.1269,11.315,63.6083,232.5687,0.2735,0.1794
2015-05-22T00:32:59.487Z,6.8351,69.9758,233.6218,0.2995,0.0988,-7.6424,63.4816,233.7363,0.2712,-0.1234,11.7084,64.2392,233.1562,0.2749,0.1865
2015-05-22T00:33:59.850Z,6.2562,70.9587,234.3974,0.3028,0.09,-7.6363,63.357,233.5826,0.2712,-0.1221,11.6816,63.4402,233.2403,0.2715,0.1842
2015-05-22T00:34:59.189Z,5.9001,72.1902,234.6883,0.3068,0.0813,-7.4941,63.5937,233.4933,0.2723,-0.1189,11.4761,63.9194,232.5073,0.2747,0.1802
2015-05-22T00:35:59.407Z,7.3125,69.9066,234.5659,0.2982,0.1052,-7.6436,62.7273,233.8233,0.2681,-0.1252,11.7605,63.6737,232.7144,0.274,0.1851
2015-05-22T00:36:59.555Z,6.5043,70.4216,233.7816,0.3012,0.0952,-7.494,62.8981,233.8047,0.2695,-0.122,11.3752,64.2247,234.7804,0.2732,0.1774
2015-05-22T00:37:59.903Z,6.6129,70.3145,233.4752,0.3013,0.0956,-7.3813,64.5916,233.1101,0.2765,-0.1182,11.6876,65.3068,235.1211,0.2781,0.1802
2015-05-22T00:38:59.256Z,6.4409,71.1678,234.0141,0.3039,0.0914,-8.1421,62.1252,230.8849,0.2687,-0.1337,12.4358,66.3968,235.9844,0.2807,0.187
2015-05-22T00:39:59.539Z,6.0129,70.058,233.399,0.3003,0.0866,-7.8142,62.4017,232.5052,0.2684,-0.1258,11.779,64.2286,234.8803,0.2737,0.1852
2015-05-22T00:40:59.657Z,6.5449,70.312,232.9981,0.3011,0.0943,-7.4355,61.3204,233.6237,0.2631,-0.1208,11.463,64.7895,234.8607,0.2757,0.1805
2015-05-22T00:41:59.842Z,6.9574,69.5613,232.4692,0.2996,0.1008,-8.3359,63.8334,234.078,0.2727,-0.1307,12.1969,65.7813,234.843,0.2803,0.1864
2015-05-22T00:42:59.069Z,6.5417,71.2859,232.8468,0.3061,0.0927,-7.3218,63.4136,234.0362,0.2707,-0.1182,12.105,64.0424,234.7478,0.2723,0.1883
2015-05-22T00:43:59.364Z,6.5229,71.4558,233.7738,0.3055,0.092,-7.9921,64.0408,234.0314,0.2736,-0.1263,11.411,64.9105,235.0042,0.2758,0.1775
2015-05-22T00:44:59.504Z,6.1224,70.4721,233.7102,0.3018,0.0874,-7.406,62.1368,234.0464,0.2649,-0.1192,11.8366,65.2505,234.7514,0.2777,0.1827
2015-05-22T00:45:59.705Z,6.7036,70.6873,233.2726,0.3031,0.0958,-7.5348,62.9415,233.5874,0.2696,-0.1232,11.6245,63.5621,234.1516,0.2719,0.1866
2015-05-22T00:46:59.950Z,6.8103,70.5342,233.5517,0.3015,0.0959,-7.7271,63.9178,234.0449,0.2732,-0.1218,11.8733,65.056,234.231,0.2782,0.1833
2015-05-22T00:47:59.076Z,6.3362,70.3561,233.5804,0.3008,0.0911,-7.6942,63.1065,233.9833,0.2697,-0.1236,11.4721,64.0066,234.0969,0.2734,0.1789
2015-05-22T00:48:59.286Z,6.8758,70.3108,233.3543,0.3007,0.0982,-7.3807,63.9201,233.0571,0.2741,-0.1162,11.3557,64.5015,233.8676,0.2753,0.1771
2015-05-22T00:49:59.476Z,6.5311,69.3513,233.2211,0.2972,0.0951,-7.5189,62.6959,232.6774,0.2697,-0.1215,11.7657,64.7937,233.9584,0.277,0.184
2015-05-22T00:50:59.807Z,6.708,70.5526,233.302,0.3023,0.0964,-7.9484,61.5976,232.3173,0.2652,-0.1303,11.8095,65.1703,233.8126,0.2789,0.1832
2015-05-22T00:51:59.973Z,7.0296,70.4252,233.1904,0.3019,0.1005,-7.4211,63.002,232.5538,0.2711,-0.1224,11.6564,63.408,233.7585,0.271,0.1879
2015-05-22T00:52:59.270Z,6.445,70.8743,233.1909,0.304,0.0914,-7.3049,61.8352,233.029,0.2652,-0.1193,11.7974,65.7464,233.424,0.2814,0.1797
2015-05-22T00:53:59.415Z,7.0156,69.5112,233.2847,0.2978,0.1025,-7.9046,63.3436,233.1615,0.2721,-0.1256,11.6648,64.6508,233.82,0.2765,0.1811
2015-05-22T00:54:59.679Z,6.3389,70.7351,232.7589,0.3042,0.0919,-7.4713,63.0221,233.5174,0.2701,-0.1205,11.5569,65.004,233.9,0.2779,0.1782
2015-05-22T00:55:59.928Z,6.2634,69.3043,232.3184,0.2978,0.0905,-8.278,62.2412,233.9195,0.2662,-0.1351,11.8071,64.27,234.1674,0.2743,0.1867
2015-05-22T00:56:59.045Z,6.3988,69.7637,232.7725,0.3,0.0928,-7.9758,61.2946,234.426,0.2617,-0.1327,11.92,62.7782,234.1187,0.2682,0.1926
2015-05-22T00:57:59.250Z,6.6819,70.7693,232.7062,0.3035,0.0956,-7.8744,62.587,234.1789,0.2668,-0.1263,11.6333,63.5869,233.9888,0.272,0.1833
2015-05-22T00:58:59.611Z,6.549,69.3796,233.3416,0.2973,0.0965,-8.1192,64.0895,234.0273,0.274,-0.127,11.7623,64.1204,233.4985,0.2751,0.1837
2015-05-22T00:59:59.812Z,6.0637,71.1655,234.2493,0.3033,0.0856,-7.4984,63.0854,234.1084,0.2695,-0.1196,11.7054,62.5629,233.4588,0.2681,0.1903
