2015-01-23T00:00:59.525Z,3.6085,69.9295,233.1874,0.2999,0.0528,3.0268,63.0453,232.5486,0.271,0.0498,83.3446,105.0163,233.4623,0.4504,0.7948
2015-01-23T00:01:59.757Z,2.6177,71.8456,232.4826,0.309,0.0368,2.8776,62.9934,232.0752,0.2715,0.0438,83.2416,106.0109,233.2379,0.4547,0.7868
2015-01-23T00:02:59.979Z,2.9736,71.1174,232.1367,0.3064,0.0415,2.9358,65.4216,231.5851,0.2821,0.044,83.5103,104.9725,233.6697,0.4496,0.7966
2015-01-23T00:03:59.224Z,2.2377,69.9966,231.9438,0.3014,0.0313,3.0827,64.1414,231.2491,0.2776,0.0484,82.8924,105.2134,233.6626,0.4504,0.79
2015-01-23T00:04:59.461Z,2.9488,71.8715,232.5705,0.3095,0.0415,2.9833,64.5057,231.2027,0.279,0.0468,83.5019,105.3871,233.912,0.4503,0.7936
2015-01-23T00:05:59.700Z,3.3962,70.7048,232.1634,0.3042,0.0486,2.9784,65.0541,232.6901,0.2796,0.046,84.4084,106.3882,235.3365,0.4519,0.7944
2015-01-23T00:06:59.962Z,2.8252,70.9935,232.6221,0.3047,0.0396,3.1058,64.8201,231.9916,0.2795,0.0477,85.507,107.4005,236.7502,0.4534,0.7976
2015-01-23T00:07:59.274Z,3.7588,71.524,232.1197,0.3079,0.0539,3.5933,65.1179,233.2061,0.2793,0.0554,84.4812,106.5503,235.4707,0.4517,0.7938
2015-01-23T00:08:59.584Z,3.4997,71.1854,232.8136,0.3059,0.0503,3.3561,65.5811,233.5612,0.281,0.0526,84.1924,106.8437,234.8224,0.4547,0.7886
2015-01-23T00:09:59.960Z,3.4084,72.0865,232.8313,0.3093,0.048,3.1737,65.7484,233.2353,0.2813,0.0476,84.1214,106.2866,234.8111,0.4524,0.7915
2015-01-23T00:10:59.267Z,3.2678,73.0693,232.6236,0.3131,0.0447,3.0726,64.7506,233.0013,0.2779,0.0481,83.926,106.0132,234.6112,0.4518,0.7923
2015-01-23T00:11:59.386Z,3.1789,71.9084,232.918,0.3088,0.0442,3.3968,64.0413,233.1564,0.2748,0.0523,84.2152,106.009,234.919,0.4509,0.7957
2015-01-23T00:12:59.535Z,3.4002,72.328,232.5541,0.3109,0.0478,3.3644,62.0031,232.6777,0.267,0.0541,83.8222,105.1981,234.6785,0.4482,0.7975
2015-01-23T00:13:59.882Z,3.8636,70.9778,232.805,0.3052,0.0533,2.896,64.0442,232.3379,0.2753,0.0463,83.7904,107.0525,234.3704,0.4568,0.7838
2015-01-23T00:14:59.141Z,2.8915,70.9356,232.9121,0.3045,0.0403,2.7819,63.8363,230.9575,0.2763,0.0446,83.2022,104.76,233.3343,0.4492,0.7944
2015-01-23T00:15:59.502Z,2.6184,71.3701,231.8737,0.3076,0.0357,2.9428,64.9339,232.1535,0.2793,0.044,83.0566,105.8895,233.5735,0.4536,0.7861
2015-01-23T00:16:59.803Z,3.1589,71.7732,231.7674,0.3095,0.0446,2.9508,66.1815,233.6478,0.2826,0.0447,84.1711,106.4838,234.4932,0.4541,0.7912
2015-01-23T00:17:59.139Z,3.6674,71.0432,231.9201,0.3061,0.0528,3.3437,65.8038,233.8657,0.2811,0.0523,83.6852,105.8289,234.2708,0.4518,0.7913
2015-01-23T00:18:59.458Z,3.1373,72.2746,232.1827,0.3111,0.0434,3.1017,65.2842,233.9061,0.2795,0.0479,84.4142,106.193,234.6301,0.4524,0.7959
2015-01-23T00:19:59.686Z,3.3521,71.2741,232.4769,0.3064,0.0475,2.7344,65.32,234.0916,0.2789,0.043,84.5218,106.1625,235.0275,0.4522,0.7973
2015-01-23T00:20:59.884Z,2.8435,71.4848,232.9359,0.3068,0.0412,3.1918,65.3279,233.7844,0.2793,0.0481,84.3324,106.5273,235.1382,0.4527,0.7921
2015-01-23T00:21:59.131Z,2.6667,72.0493,233.0003,0.3096,0.0373,3.2321,64.2599,233.5067,0.2756,0.0496,84.4288,106.8286,235.0064,0.4543,0.7918
2015-01-23T00:22:59.605Z,3.2766,70.8973,232.9982,0.3049,0.0463,2.9246,64.3473,232.8445,0.2765,0.0462,83.9475,106.1774,234.4523,0.4529,0.7915
2015-01-23T00:23:59.834Z,3.2646,71.8246,233.0274,0.3084,0.047,3.0921,65.1178,232.4284,0.2799,0.0481,83.4424,105.9819,234.301,0.4525,0.7885
2015-01-23T00:24:59.062Z,3.0583,71.7836,232.8951,0.308,0.0421,3.0486,65.9272,232.0373,0.2837,0.0473,84.6508,107.319,235.2167,0.4563,0.7903
2015-01-23T00:25:59.346Z,3.1462,71.4723,233.3202,0.306,0.0442,2.8585,64.0103,232.6318,0.2752,0.0465,84.654,106.5318,235.3775,0.4522,0.7956
2015-01-23T00:26:59.539Z,3.0299,72.1431,234.4742,0.3073,0.0435,2.9496,64.8249,233.7865,0.2777,0.0442,85.0556,107.6218,235.4795,0.4571,0.7912
2015-01-23T00:27:59.801Z,2.7071,72.6768,234.0436,0.3109,0.0361,3.4005,64.3638,233.812,0.2752,0.0523,84.3868,107.0243,235.0612,0.4557,0.7901
2015-01-23T00:28:59.264Z,3.1482,71.7489,233.0607,0.3081,0.0438,3.2308,65.0692,233.7231,0.2781,0.0498,84.0516,106.1699,234.6568,0.4524,0.7922
2015-01-23T00:29:59.527Z,3.3334,71.3887,233.8037,0.3048,0.0465,3.3026,63.5284,233.8338,0.272,0.0525,84.4648,106.4555,235.0776,0.4534,0.7941
2015-01-23T00:30:59.952Z,2.8587,71.1779,233.3918,0.3047,0.0404,3.6189,65.577,233.5299,0.2808,0.0543,83.8067,106.787,234.2501,0.4557,0.7863
2015-01-23T00:31:59.267Z,3.0654,72.2376,233.4668,0.3093,0.0429,3.2131,65.4768,233.1949,0.2812,0.0488,83.7613,106.1634,234.1211,0.4536,0.7892
2015-01-23T00:32:59.522Z,2.8655,71.7822,233.261,0.3071,0.0402,2.939,65.0364,232.7509,0.2795,0.0473,83.1374,105.6336,233.641,0.4514,0.7884
2015-01-23T00:33:59.936Z,3.6773,71.028,232.4474,0.3058,0.0525,3.0476,66.2468,232.1495,0.2851,0.0477,82.9315,104.4179,233.0469,0.4475,0.7948
2015-01-23T00:34:59.191Z,2.7089,72.127,232.4339,0.3104,0.0383,2.9481,64.2328,231.7989,0.2771,0.0469,83.8391,106.0509,234.1346,0.4529,0.7914
2015-01-23T00:35:59.746Z,2.938,71.4441,233.2133,0.3062,0.0409,3.0497,64.3896,232.8301,0.2762,0.0483,84.2824,106.2508,234.5085,0.453,0.7951
2015-01-23T00:36:59.883Z,2.9949,71.4504,233.9454,0.3054,0.0433,3.1626,62.5529,234.163,0.2669,0.0527,84.1162,105.6097,234.6271,0.4499,0.7982
2015-01-23T00:37:59.239Z,3.5166,72.256,234.1181,0.3082,0.0483,3.8434,65.552,233.9173,0.2802,0.0583,83.9664,105.8504,234.6216,0.4503,0.7944
2015-01-23T00:38:59.501Z,3.0848,72.2949,233.2996,0.3104,0.0429,3.1885,66.1007,234.4611,0.2823,0.0499,84.4438,107.1034,235.2945,0.4549,0.7892
2015-01-23T00:39:59.972Z,2.9839,71.4972,233.0724,0.307,0.0425,3.2223,66.1114,234.0377,0.2821,0.0489,84.425,106.2133,235.182,0.452,0.7955
2015-01-23T00:40:59.168Z,3.3474,71.4451,233.487,0.3058,0.048,3.0224,64.2477,234.1636,0.2747,0.0493,85.0007,106.7568,235.7073,0.4531,0.7983
2015-01-23T00:41:59.418Z,3.2926,72.4099,234.3965,0.3092,0.0445,3.2703,63.7052,233.2975,0.2724,0.0523,84.5908,108.0513,235.801,0.4586,0.784
2015-01-23T00:42:59.592Z,3.1168,73.7121,234.6425,0.3142,0.0421,3.0295,65.0804,232.8768,0.2793,0.0463,84.781,107.4478,235.3475,0.4564,0.7902
2015-01-23T00:43:59.680Z,2.9256,72.4374,234.4422,0.3085,0.0404,3.156,63.5927,233.013,0.273,0.0489,84.4962,105.6203,235.0446,0.4497,0.8001
2015-01-23T00:44:59.058Z,2.9628,70.5478,234.199,0.3007,0.0412,3.1738,65.4951,233.7063,0.2801,0.0483,84.0516,106.9674,234.5244,0.4558,0.7876
2015-01-23T00:45:59.285Z,2.9066,72.7323,232.2913,0.313,0.0403,3.1853,65.1975,232.319,0.2804,0.0476,82.849,104.8518,232.6627,0.4512,0.791
2015-01-23T00:46:59.504Z,2.8096,71.4588,232.1392,0.3077,0.0389,3.4948,65.6277,232.0285,0.2833,0.0523,82.1438,104.6658,232.5846,0.45,0.7856
2015-01-23T00:47:59.719Z,2.8959,72.0122,232.1552,0.3105,0.0413,3.0358,64.5058,231.3996,0.2789,0.0475,82.1493,104.1547,232.0242,0.4491,0.7896
2015-01-23T00:48:59.127Z,3.4118,71.0084,231.8701,0.3062,0.0473,3.1201,64.4383,231.188,0.279,0.0481,81.8827,103.15,231.5527,0.4448,0.7957
2015-01-23T00:49:59.500Z,3.2762,71.713,232.1008,0.3089,0.0459,3.0678,64.9523,231.7971,0.2804,0.0492,82.1974,104.0739,231.8725,0.4486,0.7912
2015-01-23T00:50:59.737Z,2.5999,70.7009,232.1734,0.3046,0.0381,3.5049,62.9929,231.5946,0.2719,0.0582,82.0435,103.9315,231.7108,0.4489,0.7915
2015-01-23T00:51:59.054Z,3.3599,69.6874,231.6519,0.3009,0.0478,3.2028,63.7602,231.3369,0.2759,0.0524,81.9529,104.2489,231.6698,0.4497,0.7881
2015-01-23T00:52:59.328Z,3.9612,70.7068,231.4048,0.3056,0.0566,2.6686,64.0175,230.2736,0.2775,0.0421,81.5103,103.1854,231.4486,0.446,0.7908
2015-01-23T00:53:59.650Z,3.0815,72.0836,231.7446,0.3107,0.0433,3.0385,65.2665,230.999,0.2821,0.0462,82.5217,104.5497,231.8518,0.4509,0.7893
2015-01-23T00:54:59.936Z,2.8497,70.9707,231.6292,0.3063,0.0398,3.074,64.6884,231.6807,0.279,0.0473,81.3922,103.9835,231.5497,0.449,0.7837
2015-01-23T00:55:59.125Z,2.6758,70.7241,232.0101,0.305,0.0376,3.2046,62.1573,231.7388,0.2684,0.052,82.5106,104.9584,232.4553,0.4509,0.7877
2015-01-23T00:56:59.498Z,3.5586,72.6198,232.2704,0.3123,0.0482,2.4809,63.8462,231.726,0.2756,0.0384,82.5348,105.3716,233.1032,0.4519,0.784
2015-01-23T00:57:59.803Z,4.0425,71.5716,231.8686,0.3083,0.0573,3.0098,64.3316,232.0376,0.277,0.0478,82.5554,104.192,232.1701,0.4489,0.7934
2015-01-23T00:58:59.264Z,3.2999,71.7811,232.648,0.3081,0.0456,2.4102,64.8399,232.0546,0.2791,0.039,81.6951,104.0058,230.9204,0.4504,0.7864
2015-01-23T00:59:59.505Z,3.0946,71.29,231.4966,0.3077,0.0438,2.6662,64.8282,231.4789,0.2795,0.043,82.2958,104.1593,232.5715,0.4481,0.7904
