2015-02-08T00:00:59.799Z,3.1803,67.685,229.3628,0.2947,0.0483,3.3548,62.4623,231.8489,0.2693,0.0558,2.2078,62.5745,233.6232,0.2682,0.0355
2015-02-08T00:01:59.754Z,3.6501,70.2231,230.1896,0.3054,0.052,2.2432,64.412,232.6518,0.2771,0.0369,3.1914,65.0724,234.5039,0.2777,0.0484
2015-02-08T00:02:59.952Z,3.5433,69.9813,229.6032,0.3047,0.0495,3.055,67.0276,232.1832,0.289,0.0466,3.195,64.6241,233.5414,0.2771,0.0512
2015-02-08T00:03:59.218Z,1.9958,68.2807,229.828,0.2969,0.0301,3.6296,64.4366,232.5078,0.2765,0.0582,20.2329,78.3287,233.7142,0.3352,0.151
2015-02-08T00:04:59.275Z,5.64,70.1874,229.6985,0.3057,0.083,2.3607,64.3948,231.6756,0.2778,0.0384,48.5755,97.4208,232.4351,0.4195,0.3387
2015-02-08T00:05:59.562Z,5.2565,70.8591,229.3079,0.3089,0.0744,2.6957,65.3354,231.2182,0.2822,0.0419,3.1666,65.3627,232.2775,0.2809,0.0481
2015-02-08T00:06:59.872Z,5.111,69.6787,228.9608,0.3043,0.0732,2.2214,64.6967,230.608,0.2801,0.034,3.8096,65.0829,232.2647,0.2803,0.0598
2015-02-08T00:07:59.606Z,6.0042,70.2507,228.5512,0.3076,0.0867,2.7743,63.9488,230.3208,0.2779,0.0436,2.8683,63.1734,232.0984,0.2719,0.0459
2015-02-08T00:08:59.187Z,5.4931,69.6507,229.4051,0.3034,0.0832,1.9282,66.6038,231.6063,0.2874,0.0282,2.891,65.0136,232.157,0.2802,0.0443
2015-02-08T00:10:59.262Z,5.3212,69.9597,230.0659,0.3038,0.0768,2.2041,64.7823,232.0555,0.2795,0.0352,2.7595,63.4924,232.5688,0.2732,0.0452
2015-02-08T00:11:59.705Z,5.016,71.0649,230.8583,0.3078,0.0708,2.7474,63.6335,232.5393,0.2736,0.0453,2.213,65.3515,233.1354,0.28,0.0339
2015-02-08T00:12:59.701Z,5.2011,68.7515,229.5237,0.3001,0.0767,2.5654,64.5081,231.3121,0.2789,0.0419,2.9012,63.8743,232.133,0.2756,0.0451
2015-02-08T00:13:59.987Z,5.3756,70.4519,229.7282,0.3068,0.0773,2.6225,63.293,231.1189,0.2736,0.043,2.25,64.174,232.7489,0.2757,0.0354
2015-02-08T00:14:59.250Z,4.3243,69.8628,229.148,0.3047,0.0627,2.5378,62.2972,230.3994,0.2703,0.0408,64.48,109.855,232.1781,0.4736,0.4301
2015-02-08T00:15:59.586Z,2.5562,69.6045,227.8856,0.3052,0.0365,3.3101,63.5019,228.9936,0.2777,0.0538,2.8531,64.0087,231.4742,0.2766,0.0448
2015-02-08T00:16:59.522Z,2.6414,69.9416,227.2853,0.3071,0.0384,2.8548,65.94,228.7232,0.2879,0.0446,3.1995,63.3555,231.8532,0.2733,0.0513
2015-02-08T00:17:59.009Z,3.3424,69.4441,227.3453,0.3057,0.0474,3.409,62.7528,229.086,0.2741,0.0538,3.2118,64.2387,232.1607,0.2768,0.0502
2015-02-08T00:18:59.279Z,2.9939,69.944,228.0652,0.3067,0.0426,2.9879,64.4986,229.9224,0.281,0.0465,2.8553,64.6398,231.8814,0.2786,0.0447
2015-02-08T00:19:59.677Z,2.7267,71.9538,229.1504,0.3133,0.0377,2.9808,65.7209,230.557,0.2851,0.0465,2.518,64.9393,231.8658,0.2797,0.0399
2015-02-08T00:20:59.431Z,2.9404,69.7657,229.392,0.3041,0.042,3.0316,66.0769,230.0848,0.2871,0.0453,2.6542,64.469,231.4805,0.2781,0.0418
2015-02-08T00:21:59.449Z,3.2673,70.8466,231.2642,0.3067,0.0465,2.8844,63.471,230.1059,0.2763,0.0468,2.6053,62.6551,232.1299,0.2696,0.0404
2015-02-08T00:22:59.836Z,2.5612,70.7574,231.1614,0.3062,0.0359,2.9925,63.0819,229.8353,0.2746,0.0484,2.9416,63.5136,231.8699,0.2735,0.0473
2015-02-08T00:23:59.721Z,2.3796,69.8678,230.7008,0.3019,0.0334,2.9418,62.428,229.6051,0.2724,0.0488,2.9266,63.2596,231.4494,0.2731,0.0488
2015-02-08T00:24:59.860Z,4.1,67.5458,230.5584,0.2932,0.0641,2.9398,60.7238,228.6497,0.2652,0.0494,63.3043,108.5573,230.9667,0.4703,0.4328
2015-02-08T00:25:59.330Z,5.433,54.8349,230.0787,0.238,0.1007,1.7804,64.3919,229.5577,0.2807,0.0283,2.932,64.2109,231.0028,0.2773,0.0452
2015-02-08T00:26:59.664Z,4.9585,51.4536,228.6062,0.2251,0.0966,0.1424,63.3303,229.4225,0.2762,0.002,3.3984,61.0063,230.7541,0.2647,0.0581
2015-02-08T00:27:59.332Z,5.1362,65.9333,227.4782,0.2899,0.0781,2.5371,64.5313,229.4656,0.2809,0.0401,2.6762,60.4084,230.631,0.2622,0.047
2015-02-08T00:28:59.813Z,5.2373,56.2757,228.1505,0.2471,0.0954,1.222,62.642,229.4212,0.2731,0.021,2.9623,60.9036,231.4571,0.263,0.0496
2015-02-08T00:29:59.132Z,4.9849,49.8116,228.9083,0.2171,0.0996,1.2866,63.1017,229.9809,0.2746,0.021,2.829,60.431,232.2079,0.2593,0.0474
2015-02-08T00:30:59.680Z,5.0675,50.0992,228.8182,0.2185,0.1024,1.7395,64.1098,229.7658,0.2801,0.0276,2.9171,60.7565,232.337,0.2613,0.0501
2015-02-08T00:31:59.953Z,4.9958,50.236,228.3927,0.2197,0.1007,1.1491,63.3623,229.5046,0.2758,0.0179,3.7618,60.3012,232.2223,0.26,0.0634
2015-02-08T00:32:59.262Z,5.5473,49.0317,229.2597,0.2139,0.1154,0.7472,63.2446,229.2672,0.276,0.0116,2.7301,62.8497,232.0289,0.271,0.0436
2015-02-08T00:33:59.765Z,4.904,49.6916,229.4323,0.2164,0.1004,-0.3111,66.2193,229.1765,0.289,-0.0047,2.532,60.0552,231.8341,0.2589,0.0442
2015-02-08T00:34:59.245Z,4.774,49.8283,229.6204,0.2173,0.097,1.3964,65.682,228.632,0.287,0.0224,43.5764,91.8217,231.4274,0.397,0.308
2015-02-08T00:35:59.688Z,5.1323,50.2739,228.2055,0.2201,0.1016,2.2225,64.4304,229.6092,0.2809,0.0343,23.68,75.3093,231.777,0.3247,0.1787
2015-02-08T00:36:59.052Z,6.0671,49.9789,226.719,0.2201,0.1226,1.4556,64.2974,231.1848,0.2786,0.0226,2.6972,57.908,231.2921,0.2503,0.0491
2015-02-08T00:37:59.136Z,5.0249,53.7629,225.8155,0.2376,0.0947,0.8209,65.2405,231.4835,0.2816,0.0132,3.1677,59.6856,231.5713,0.258,0.0581
2015-02-08T00:38:59.430Z,5.1355,69.1838,225.9919,0.3066,0.076,2.5085,64.5258,232.0043,0.2776,0.0389,2.5327,64.3976,232.5746,0.2773,0.0396
2015-02-08T00:40:59.670Z,5.3413,69.2952,226.8221,0.3056,0.0781,2.4337,64.3693,232.8538,0.2766,0.0379,3.1095,64.8459,232.8693,0.2782,0.0495
2015-02-08T00:41:59.326Z,5.532,55.9848,227.3556,0.2462,0.1011,0.8886,63.802,231.2924,0.2758,0.0138,2.8322,60.7024,233.6807,0.26,0.0466
2015-02-08T00:42:59.706Z,5.4378,50.4091,227.8223,0.2213,0.1087,0.8692,62.5885,231.1507,0.2708,0.0152,2.6613,59.3223,234.0745,0.2538,0.0446
2015-02-08T00:43:59.086Z,6.0622,49.7508,227.8083,0.2183,0.1219,1.4789,63.4053,233.1481,0.2719,0.0238,3.095,59.9946,233.6463,0.2566,0.054
2015-02-08T00:44:59.190Z,5.3946,50.7001,227.0232,0.2231,0.107,1.2837,63.2192,232.7105,0.2725,0.0208,18.0462,74.6463,233.1695,0.3203,0.1125
2015-02-08T00:45:59.461Z,5.5173,58.2267,226.9178,0.2563,0.0999,1.8401,63.4118,232.2592,0.2726,0.0295,135.2728,156.9568,232.8557,0.6746,0.839
2015-02-08T00:46:59.064Z,5.3541,71.0508,227.1438,0.313,0.075,2.5568,65.5896,230.951,0.284,0.0388,81.9394,103.9702,232.213,0.4476,0.789
2015-02-08T00:47:59.321Z,4.6268,68.6629,227.2309,0.3019,0.0674,2.6744,64.3803,230.9425,0.2792,0.0418,83.1098,105.0004,233.0587,0.4507,0.7924
2015-02-08T00:48:59.815Z,5.5186,70.7811,228.1833,0.3097,0.0786,3.176,63.9925,231.9257,0.2757,0.053,82.7132,104.8087,233.1827,0.4501,0.7904
2015-02-08T00:49:59.195Z,5.7519,69.7688,228.0028,0.3056,0.0827,2.4402,64.2937,232.5847,0.2762,0.0372,82.3116,104.0007,232.93,0.4467,0.7914
2015-02-08T00:50:59.561Z,5.0311,70.0849,228.5325,0.3068,0.0721,2.5622,65.0698,233.109,0.2793,0.0382,82.4291,104.1313,232.6424,0.4478,0.7925
2015-02-08T00:51:59.508Z,5.2101,69.8569,229.5626,0.3041,0.0753,2.4547,64.495,233.7125,0.2757,0.0392,82.7682,103.4402,232.5777,0.4447,0.801
2015-02-08T00:52:59.723Z,5.2556,70.3177,229.0699,0.3069,0.0744,2.5582,63.94,233.2909,0.2737,0.0421,82.0724,104.3734,232.2606,0.4495,0.7871
2015-02-08T00:53:59.763Z,5.3518,71.2793,230.3897,0.3091,0.0766,2.7618,65.4904,233.6803,0.2802,0.0431,80.5421,101.6702,229.7181,0.4422,0.7944
2015-02-08T00:54:59.308Z,5.1103,69.4886,229.3863,0.303,0.0744,2.797,62.093,233.0556,0.2662,0.0466,82.0407,103.9511,232.1092,0.4474,0.7917
2015-02-08T00:55:59.611Z,4.4367,70.0975,228.2397,0.3068,0.0632,3.1318,63.6568,231.6649,0.2745,0.0504,141.6238,162.9323,231.6173,0.7035,0.8481
2015-02-08T00:56:59.339Z,3.6538,69.9278,228.5176,0.3056,0.0534,2.8289,64.3678,229.9629,0.2802,0.0438,80.9446,102.7441,230.2801,0.446,0.789
2015-02-08T00:57:59.244Z,3.2504,70.0219,228.714,0.3059,0.0465,3.267,64.8027,230.0715,0.2816,0.0505,80.0256,102.234,229.8493,0.4449,0.7836
2015-02-08T00:58:59.959Z,3.1193,70.2674,227.3309,0.309,0.0437,2.9161,63.8791,231.0411,0.2768,0.0474,81.7702,103.3847,231.179,0.4471,0.7914
2015-02-08T00:59:59.620Z,3.4427,69.1354,229.2568,0.3012,0.0508,2.921,63.9743,231.5338,0.276,0.0484,81.6411,104.1137,231.6636,0.4489,0.7852
