2015-05-06T00:00:59.215Z,4.8069,68.1693,231.2988,0.2946,0.0728,-7.116,61.3057,232.5827,0.264,-0.1169,11.1919,63.8111,231.3773,0.2756,0.1776
2015-05-06T00:01:59.488Z,4.6512,69.4837,230.4055,0.3013,0.0688,-7.1002,62.4018,232.8269,0.2681,-0.1164,11.0027,63.1647,231.3171,0.2731,0.1753
2015-05-06T00:02:59.668Z,4.2773,68.7286,230.0173,0.2987,0.0626,-6.754,61.966,232.3984,0.2666,-0.1137,10.8163,63.5054,230.7001,0.2748,0.1732
2015-05-06T00:03:59.836Z,4.5532,69.4715,230.4738,0.3012,0.067,-7.1328,62.0683,233.0146,0.2665,-0.1165,11.5201,62.8225,231.2293,0.2716,0.1873
2015-05-06T00:04:59.098Z,4.7101,69.5352,230.9069,0.301,0.0682,-7.3449,64.2224,233.5836,0.2747,-0.1161,11.6862,64.0044,231.9148,0.276,0.1838
2015-05-06T00:05:59.380Z,4.5533,69.3172,230.2384,0.3011,0.0675,-7.9425,62.5643,232.1678,0.2697,-0.1289,11.1941,62.1417,230.2628,0.2699,0.182
2015-05-06T00:06:59.689Z,4.9712,69.8463,230.6079,0.3033,0.0719,-6.9889,62.2599,231.6734,0.2688,-0.1121,11.4899,63.8997,230.6913,0.2766,0.1786
2015-05-06T00:07:59.886Z,4.9679,68.7132,230.0065,0.2981,0.0742,-7.4005,61.8212,231.7433,0.2667,-0.1223,11.6845,63.2021,230.9189,0.274,0.1873
2015-05-06T00:08:59.061Z,4.6486,70.0341,229.87,0.3046,0.0663,-7.3051,60.2704,229.87,0.263,-0.1254,11.5227,63.4774,231.7051,0.2746,0.1832
2015-05-06T00:09:59.376Z,5.014,69.7807,229.8825,0.3033,0.0725,-7.3846,61.2497,229.2677,0.267,-0.1196,11.6278,65.5856,231.9087,0.2832,0.1791
2015-05-06T00:10:59.818Z,4.9987,70.8996,230.6863,0.3076,0.0705,-7.0951,63.0996,232.7033,0.2713,-0.1139,11.661,63.3233,231.5013,0.2734,0.1841
2015-05-06T00:11:59.084Z,4.6507,69.9978,229.8724,0.3046,0.0671,-7.2418,62.4252,232.779,0.268,-0.1188,11.3669,63.5593,231.5452,0.2743,0.1823
2015-05-06T00:12:59.488Z,5.2099,70.0004,230.9009,0.3026,0.0744,-7.1565,63.1311,233.139,0.271,-0.1188,11.5357,63.2211,232.2111,0.272,0.1846
2015-05-06T00:13:59.681Z,5.0912,70.6997,231.8986,0.3043,0.0718,-7.1949,64.6353,233.3404,0.2771,-0.1137,11.5769,63.1209,232.6959,0.2715,0.1843
2015-05-06T00:14:59.007Z,5.1603,69.7597,231.7751,0.3007,0.0748,-7.1532,64.3337,233.0282,0.2762,-0.113,11.5771,63.9413,232.2928,0.275,0.1822
2015-05-06T00:15:59.513Z,5.0013,69.6197,231.067,0.3015,0.0735,-7.269,63.2982,232.0345,0.2729,-0.1161,11.8025,64.0013,231.3592,0.2764,0.1849
2015-05-06T00:16:59.764Z,4.7141,68.7981,230.4143,0.2982,0.0695,-7.1335,61.3741,231.9687,0.2648,-0.1173,11.0749,64.5991,231.522,0.2789,0.1732
2015-05-06T00:17:59.903Z,5.3527,69.5904,231.2355,0.3009,0.0784,-7.1317,62.1065,231.9061,0.268,-0.1173,11.5987,63.6075,232.5984,0.2736,0.1862
2015-05-06T00:18:59.081Z,6.5456,70.0752,231.7593,0.302,0.0944,-7.9462,63.0989,231.5888,0.2726,-0.1278,11.6442,64.0193,232.7863,0.2746,0.1825
2015-05-06T00:19:59.352Z,6.261,70.251,231.7934,0.3032,0.0909,-7.5522,63.1652,231.7639,0.273,-0.121,11.1923,65.0759,232.8137,0.2791,0.173
2015-05-06T00:20:59.745Z,6.9575,70.2509,231.5938,0.3035,0.0993,-7.7435,62.2968,232.0531,0.2684,-0.1252,10.9285,64.4769,232.4925,0.2775,0.1698
2015-05-06T00:21:59.016Z,7.0649,70.0441,231.3673,0.3026,0.1022,-7.5044,62.4958,231.8079,0.2687,-0.122,11.3921,63.6917,232.002,0.2744,0.1788
2015-05-06T00:22:59.232Z,6.528,69.3304,231.8337,0.2989,0.0943,-7.5144,62.6415,230.6504,0.2721,-0.1232,11.4836,62.9036,231.4481,0.2719,0.1865
2015-05-06T00:23:59.553Z,6.668,70.4038,232.2909,0.303,0.0957,-7.5473,62.3248,231.4232,0.2693,-0.1232,11.7092,64.5277,232.0425,0.2779,0.1815
2015-05-06T00:24:59.782Z,6.2775,70.9414,231.6212,0.3062,0.091,-7.7904,63.0007,231.3889,0.2719,-0.1258,11.3355,64.7191,232.5027,0.2781,0.1743
2015-05-06T00:25:59.170Z,6.387,70.3996,232.0633,0.3033,0.0902,-7.5364,64.0766,231.4291,0.2774,-0.1196,11.914,64.7841,232.534,0.2786,0.1849
2015-05-06T00:26:59.380Z,6.1397,69.8067,231.4935,0.3015,0.0885,-7.9279,61.9392,231.1773,0.2676,-0.1303,11.8415,65.0099,232.6815,0.2793,0.1837
2015-05-06T00:27:59.587Z,6.5011,69.9937,231.5737,0.3022,0.0936,-7.9497,61.3589,231.4834,0.2651,-0.1319,11.4868,65.1748,233.1999,0.2793,0.1807
2015-05-06T00:28:59.857Z,6.215,70.3404,231.8035,0.3037,0.0899,-7.7657,62.1041,231.8259,0.2685,-0.125,11.7693,64.105,233.6361,0.2743,0.184
2015-05-06T00:29:59.244Z,6.4544,69.7319,231.782,0.3008,0.0934,-7.7546,64.418,231.3434,0.2783,-0.1217,11.8559,64.3502,233.5697,0.2751,0.1841
2015-05-06T00:30:59.543Z,6.1496,71.0122,232.1887,0.3063,0.0866,-8.1271,63.8264,231.7343,0.2751,-0.1266,11.7209,64.3842,233.7076,0.2753,0.1819
2015-05-06T00:31:59.814Z,6.28,70.0126,232.4067,0.301,0.0914,-7.7066,62.9479,232.1167,0.2707,-0.1233,11.7471,63.5426,233.5358,0.2724,0.1855
2015-05-06T00:32:59.025Z,6.2882,70.5718,232.5409,0.3036,0.0882,-7.4879,63.2403,231.7513,0.2731,-0.1227,11.1921,63.1097,233.9334,0.2697,0.1792
2015-05-06T00:33:59.377Z,6.4126,70.1573,232.5922,0.301,0.0938,-7.5715,62.919,232.2613,0.2708,-0.1207,11.938,66.1286,233.8302,0.2825,0.1834
2015-05-06T00:34:59.701Z,6.3874,69.7827,232.2938,0.3003,0.0931,-7.583,63.9508,232.1616,0.2753,-0.1222,11.764,64.0454,233.3262,0.2743,0.1836
2015-05-06T00:35:59.997Z,6.2393,69.5646,232.5749,0.2986,0.0903,-7.5589,62.8712,232.2512,0.2704,-0.12,11.3366,64.4458,233.5492,0.2759,0.1766
2015-05-06T00:36:59.499Z,6.6488,70.659,232.8122,0.3038,0.0947,-7.4805,62.1055,233.3464,0.2662,-0.1229,11.7486,63.673,233.3388,0.273,0.1885
2015-05-06T00:37:59.801Z,6.139,70.6066,232.4047,0.3041,0.0871,-7.78,62.8263,232.7952,0.2703,-0.1247,11.5446,64.8574,232.8508,0.2785,0.1785
2015-05-06T00:38:59.153Z,6.776,70.7563,231.7387,0.3051,0.0958,-7.5288,63.2217,232.3771,0.2723,-0.1226,11.8183,63.417,232.1119,0.2736,0.1863
2015-05-06T00:39:59.457Z,6.7104,70.4027,231.2536,0.3045,0.096,-8.0798,63.2888,231.3218,0.2737,-0.129,11.7814,64.0246,231.1937,0.2775,0.1847
2015-05-06T00:40:59.874Z,6.4127,69.3511,231.0634,0.2998,0.0922,-7.6535,63.0588,231.1634,0.2729,-0.1221,11.1159,64.1804,230.8847,0.2783,0.1742
2015-05-06T00:41:59.400Z,5.8977,68.2551,231.2309,0.2949,0.0893,-7.6268,61.3146,230.8467,0.266,-0.129,11.0228,62.2354,229.6373,0.2707,0.1796
2015-05-06T00:42:59.840Z,6.4141,69.8295,231.259,0.3016,0.0926,-7.6005,63.5542,230.6727,0.2757,-0.1232,10.9096,61.329,229.6658,0.2677,0.1813
2015-05-06T00:43:59.086Z,6.3384,70.1867,231.78,0.302,0.0914,-7.6063,62.2386,231.3006,0.269,-0.1251,11.3332,64.4334,230.2193,0.2799,0.177
2015-05-06T00:44:59.305Z,6.3596,70.3551,232.1626,0.3027,0.0922,-7.3256,62.1536,232.0069,0.2678,-0.1187,11.4427,66.7973,231.0715,0.2895,0.1714
2015-05-06T00:45:59.679Z,6.5916,68.9741,231.9032,0.2971,0.0963,-7.5857,62.7664,231.425,0.2713,-0.1224,11.6236,64.6989,230.7334,0.28,0.1805
2015-05-06T00:46:59.972Z,6.4466,70.7622,232.6913,0.3038,0.0924,-7.2381,64.372,232.0188,0.2779,-0.1148,11.6078,64.2679,230.9685,0.2781,0.1826
2015-05-06T00:47:59.367Z,6.4514,69.6661,231.9054,0.3004,0.0942,-7.9789,62.3488,231.6119,0.2697,-0.1326,11.1318,64.5637,230.2884,0.2801,0.1742
2015-05-06T00:48:59.644Z,6.7258,69.7735,231.2538,0.302,0.0972,-7.5808,63.0614,230.9663,0.2727,-0.1232,11.1198,63.5257,230.5872,0.2757,0.1763
2015-05-06T00:49:59.920Z,6.1325,70.917,232.1336,0.3049,0.0888,-7.6915,63.2803,231.8624,0.2724,-0.1222,11.1445,63.1566,231.4062,0.2732,0.1767
2015-05-06T00:50:59.091Z,5.7529,70.1966,232.3104,0.3018,0.0829,-7.1066,63.0882,232.079,0.2718,-0.1122,11.3593,64.1802,231.0993,0.2774,0.1782
2015-05-06T00:51:59.366Z,4.7792,69.3463,232.3841,0.2979,0.0705,-7.5624,62.1147,232.2037,0.2674,-0.1248,11.3904,64.1409,230.9975,0.2778,0.18
2015-05-06T00:52:59.841Z,4.7828,70.418,231.6045,0.304,0.0686,-7.0784,61.8297,231.6409,0.2673,-0.116,11.958,63.0926,230.2695,0.2739,0.193
2015-05-06T00:53:59.072Z,4.6173,70.1224,232.0079,0.3024,0.0675,-7.1269,64.2074,232.1155,0.2769,-0.1108,11.3701,64.1688,231.0891,0.2778,0.1784
2015-05-06T00:54:59.326Z,4.7303,71.0497,231.6977,0.3067,0.0671,-7.5497,63.3291,231.5766,0.2732,-0.121,11.099,63.801,230.5975,0.2766,0.1758
2015-05-06T00:55:59.685Z,4.7592,69.2614,231.7047,0.2989,0.0704,-6.6057,63.6353,231.8921,0.2744,-0.1076,11.7791,63.1857,230.8048,0.2738,0.1875
2015-05-06T00:56:59.003Z,4.7878,68.9189,231.7861,0.2977,0.0713,-7.3619,63.364,232.0557,0.2732,-0.118,11.7516,64.2174,231.0371,0.2778,0.1859
2015-05-06T00:57:59.239Z,4.9393,70.3151,231.6936,0.3034,0.07,-6.7624,63.3966,231.8873,0.2734,-0.1099,11.2507,64.0478,230.4908,0.2778,0.1775
2015-05-06T00:58:59.494Z,4.529,69.8252,231.691,0.3013,0.065,-6.6948,62.4634,231.8326,0.2695,-0.1096,11.2402,64.4965,230.0851,0.2804,0.1752
2015-05-06T00:59:59.824Z,4.8842,70.0787,231.8438,0.3024,0.0713,-7.3742,63.9156,232.0429,0.2758,-0.1173,11.4366,62.7208,230.2534,0.2725,0.1831
2015-05-06T01:00:59.148Z,5.009,67.9144,231.6276,0.2932,0.0738,-6.7371,61.6526,231.5572,0.2656,-0.1109,11.6309,63.603,229.6399,0.277,0.1861
2015-05-06T01:01:59.385Z,5.4108,70.1049,231.5346,0.3034,0.0771,-7.1121,63.5827,231.6456,0.274,-0.1151,11.5541,62.5524,230.6334,0.2719,0.1891
2015-05-06T01:02:59.673Z,4.614,68.8446,231.3474,0.2978,0.0668,-6.864,62.232,231.3775,0.2693,-0.1164,11.5241,63.2651,231.7841,0.273,0.1838
2015-05-06T01:03:59.079Z,4.9203,69.634,231.2774,0.3009,0.0717,-6.6907,62.2292,231.507,0.2687,-0.1089,11.1969,64.0904,231.6544,0.2768,0.1774
2015-05-06T01:04:59.395Z,5.2185,70.2848,232.0265,0.3026,0.0749,-7.2995,63.8986,229.2292,0.2788,-0.1151,11.9132,64.4103,233.3555,0.2758,0.1848
2015-05-06T01:05:59.614Z,5.5362,70.1643,231.8064,0.3026,0.0788,-7.0975,62.3962,230.1557,0.2715,-0.1151,11.9566,65.5327,232.9336,0.2814,0.1833
2015-05-06T01:06:59.828Z,4.2008,68.9108,230.7158,0.2986,0.0627,-7.31,61.6153,231.8926,0.2654,-0.1246,11.5378,62.7559,232.3336,0.2699,0.1884
2015-05-06T01:07:59.953Z,4.6426,69.6501,230.0324,0.3026,0.0668,-7.1232,61.6568,232.6682,0.2646,-0.1181,11.3558,64.369,232.5911,0.2771,0.1779
2015-05-06T01:08:59.170Z,4.666,69.1203,229.9727,0.3004,0.067,-7.6199,62.7146,232.4167,0.27,-0.1228,11.615,63.0678,232.4509,0.2711,0.1838
2015-05-06T01:09:59.554Z,4.9609,68.5558,229.4662,0.2989,0.0719,-7.4516,64.7695,232.6686,0.2785,-0.1149,11.7618,64.6164,232.6203,0.278,0.1837
2015-05-06T01:10:59.904Z,4.5539,69.5803,230.1782,0.3024,0.0655,-7.1379,61.7984,232.6714,0.2652,-0.1192,11.243,64.3677,233.0926,0.276,0.1799
2015-05-06T01:11:59.174Z,4.5401,69.0997,231.5051,0.2981,0.0671,-6.8206,64.9378,232.5264,0.2794,-0.1072,11.5063,64.5623,232.9462,0.2772,0.1799
2015-05-06T01:12:59.494Z,5.0748,69.7982,231.3226,0.3011,0.0737,-7.3592,62.88,232.2527,0.2704,-0.1169,11.8351,65.0785,232.6367,0.2797,0.1816
2015-05-06T01:13:59.847Z,4.9108,70.0408,231.6626,0.3026,0.0708,-6.5797,64.1867,232.4858,0.2764,-0.1035,11.2578,64.5147,232.8299,0.2769,0.176
2015-05-06T01:14:59.120Z,4.6757,70.1347,231.2164,0.303,0.0663,-7.258,63.4431,231.8731,0.2736,-0.1164,11.4227,63.7856,232.278,0.2751,0.1793
2015-05-06T01:15:59.370Z,4.4558,68.7999,230.5426,0.2988,0.0662,-6.5743,60.9689,231.1628,0.2635,-0.1108,10.7085,61.2737,231.1887,0.2655,0.1789
2015-05-06T01:16:59.640Z,4.7859,69.0986,231.0413,0.2989,0.071,-7.2488,62.391,230.759,0.2703,-0.1167,11.6742,63.9971,231.6252,0.276,0.186
2015-05-06T01:17:59.917Z,5.2969,69.2927,231.541,0.2997,0.0773,-7.4318,61.7521,231.0798,0.2673,-0.1205,11.1636,64.2009,232.4562,0.2762,0.1736
2015-05-06T01:18:59.152Z,4.524,69.3522,231.6947,0.2997,0.0652,-6.8164,61.7532,230.9878,0.2673,-0.1101,11.9281,65.2076,231.806,0.2816,0.1843
2015-05-06T01:19:59.653Z,4.83,69.4948,232.8717,0.2989,0.0707,-7.0985,62.993,231.823,0.2716,-0.1143,11.3257,64.7216,230.5736,0.2801,0.1772
2015-05-06T01:20:59.861Z,4.912,68.8941,231.9802,0.2967,0.0727,-7.096,61.9009,232.1816,0.2666,-0.1166,11.5501,64.0376,232.7577,0.2748,0.1831
2015-05-06T01:21:59.158Z,4.8353,70.2656,232.6193,0.3021,0.0699,-7.5481,62.3798,232.7388,0.2682,-0.1244,11.5428,66.1456,233.1527,0.2838,0.1784
2015-05-06T01:22:59.411Z,5.3573,70.7579,232.5952,0.3043,0.0764,-6.8532,64.2289,232.6225,0.276,-0.1078,11.6567,64.0545,233.1053,0.2747,0.1818
2015-05-06T01:23:59.677Z,4.7976,70.9249,232.3171,0.3055,0.0684,-7.0932,62.0868,232.5821,0.2671,-0.1156,11.7862,64.7557,232.9733,0.2777,0.1836
2015-05-06T01:24:59.967Z,4.5341,69.9495,231.6734,0.3015,0.0655,-6.91,62.047,232.1402,0.2668,-0.1158,11.6386,65.3655,232.5623,0.2813,0.1788
2015-05-06T01:25:59.152Z,4.6417,69.203,231.4597,0.2991,0.0696,-7.1227,62.7118,232.1471,0.2706,-0.1172,11.3602,63.4669,232.1767,0.2735,0.1812
2015-05-06T01:26:59.405Z,4.7102,70.3658,231.6111,0.3038,0.0678,-7.4109,62.9527,232.3397,0.2715,-0.1182,10.95,64.2156,232.1789,0.2765,0.1716
2015-05-06T01:27:59.697Z,4.9152,70.2327,231.0436,0.3039,0.0693,-7.374,63.955,232.3883,0.2748,-0.1171,11.8976,65.6524,232.0639,0.2833,0.182
2015-05-06T01:28:59.146Z,4.5754,70.3627,231.353,0.3038,0.0657,-7.0663,63.7458,232.1183,0.2742,-0.1126,11.8704,64.2874,231.7379,0.2772,0.1853
2015-05-06T01:29:59.395Z,4.8218,70.9053,231.5621,0.3062,0.0687,-6.9315,63.0652,232.3384,0.2715,-0.1116,11.3604,64.0987,232.066,0.2763,0.179
2015-05-06T01:30:59.610Z,4.318,69.6834,231.4114,0.3012,0.0633,-7.4215,61.9986,232.1665,0.2665,-0.1203,11.6247,65.5615,231.8193,0.2827,0.1779
2015-05-06T01:31:59.912Z,4.8892,68.7989,231.5418,0.2972,0.0726,-6.9754,62.7298,232.0971,0.2712,-0.1118,11.8915,63.5792,232.0538,0.2741,0.1887
2015-05-06T01:32:59.147Z,4.8937,70.8266,231.6158,0.3058,0.0684,-7.5322,64.6248,231.8807,0.2783,-0.1185,11.5716,64.7044,232.1002,0.2791,0.1813
2015-05-06T01:33:59.477Z,4.9908,70.5297,231.9059,0.3041,0.072,-7.4383,63.7922,232.1639,0.2745,-0.1175,11.6847,63.9875,231.3849,0.2766,0.1824
2015-05-06T01:34:59.772Z,5.2622,69.4638,231.7866,0.2996,0.0778,-7.0078,63.246,232.4125,0.2723,-0.1127,11.3626,63.5238,231.1651,0.2753,0.1801
2015-05-06T01:35:59.050Z,4.7067,70.4267,232.5049,0.3031,0.0669,-7.4472,63.0564,233.1177,0.2706,-0.1219,11.372,62.5403,231.9951,0.2692,0.1852
2015-05-06T01:36:59.328Z,4.6166,69.6637,232.0675,0.3003,0.0681,-7.4012,63.3297,232.8786,0.272,-0.1219,11.5651,62.8413,232.4641,0.2704,0.1878
2015-05-06T01:37:59.662Z,4.6997,69.5735,231.9818,0.3,0.0672,-7.0409,62.6772,232.7813,0.2697,-0.1148,11.3238,64.9154,232.4262,0.2792,0.1746
2015-05-06T01:38:59.802Z,4.7238,70.4822,232.2944,0.3033,0.068,-7.299,64.0303,233.1959,0.2749,-0.1149,11.9012,64.4179,232.6681,0.2767,0.1853
2015-05-06T01:39:59.061Z,4.4594,69.8446,231.6793,0.3016,0.064,-7.1263,63.0164,233.099,0.2701,-0.1133,11.7837,65.1281,232.5616,0.28,0.1806
2015-05-06T01:40:59.317Z,4.6297,70.1286,231.6182,0.3027,0.0673,-6.8603,62.4105,232.5953,0.2685,-0.1115,11.5187,63.884,232.3233,0.2752,0.1856
2015-05-06T01:41:59.589Z,4.7041,69.434,231.0284,0.3007,0.0682,-6.8379,63.4751,232.6465,0.273,-0.1103,11.7654,63.6538,232.7135,0.2726,0.1885
2015-05-06T01:42:59.876Z,4.6943,70.1302,230.6318,0.3041,0.0676,-7.1164,64.8296,232.8042,0.2792,-0.1111,11.6498,62.8113,232.8904,0.2697,0.1843
2015-05-06T01:43:59.045Z,4.3949,69.4943,231.2319,0.3004,0.0641,-6.6058,62.3012,232.771,0.2674,-0.1066,11.4914,65.0356,233.1412,0.279,0.1776
2015-05-06T01:44:59.336Z,4.9226,69.4701,231.0801,0.3002,0.072,-7.3193,62.7844,231.5365,0.271,-0.1173,11.9167,63.8024,232.3212,0.2746,0.1866
2015-05-06T01:45:59.768Z,5.2655,69.6416,232.0108,0.2997,0.075,-7.2105,61.4015,231.8151,0.2655,-0.1218,11.4741,63.2243,232.8641,0.271,0.1901
2015-05-06T01:46:59.047Z,4.7576,71.1542,231.9772,0.3067,0.0672,-7.2737,63.2136,231.9743,0.2726,-0.1169,11.9571,63.1831,232.9422,0.2711,0.1896
2015-05-06T01:47:59.276Z,4.9471,69.8101,231.9778,0.3008,0.0717,-6.9772,63.6821,231.9718,0.2746,-0.112,11.6486,64.8265,232.9072,0.2782,0.1803
2015-05-06T01:48:59.507Z,5.0808,70.4029,232.0995,0.3035,0.0731,-7.7714,63.046,232.3946,0.2712,-0.1267,11.5793,64.3614,233.2062,0.2755,0.1804
2015-05-06T01:49:59.895Z,5.0366,70.6129,231.8592,0.3046,0.0729,-7.3475,64.9196,232.0993,0.2798,-0.1149,11.6554,64.8673,232.853,0.2786,0.1795
2015-05-06T01:50:59.166Z,4.9697,69.3292,231.5252,0.2993,0.0731,-6.9437,61.565,231.5094,0.2659,-0.1146,11.7148,63.8978,232.352,0.275,0.1882
2015-05-06T01:51:59.457Z,4.5358,69.6483,231.6542,0.3003,0.066,-6.7843,61.8811,231.452,0.2675,-0.1116,11.8924,63.7497,231.9054,0.2749,0.1876
2015-05-06T01:52:59.844Z,4.9488,70.9573,231.3604,0.3067,0.0707,-7.1553,63.4581,230.9398,0.2753,-0.1142,11.3951,63.6137,231.3676,0.2748,0.1798
2015-05-06T01:53:59.013Z,5.1352,70.4118,231.7298,0.3037,0.0738,-7.1531,62.4326,230.9627,0.2701,-0.1144,11.4934,62.0294,231.6956,0.2681,0.1842
2015-05-06T01:54:59.372Z,4.2079,69.7492,231.8107,0.3007,0.0609,-6.9626,62.176,231.3696,0.269,-0.1143,11.3756,62.2313,232.3611,0.268,0.1864
2015-05-06T01:55:59.639Z,4.7501,69.3596,232.3152,0.2984,0.0686,-7.2697,62.1096,232.0626,0.2678,-0.1202,11.6717,64.6905,232.8028,0.2778,0.1839
2015-05-06T01:56:59.891Z,4.8221,70.3399,232.5959,0.3022,0.068,-6.802,63.5534,232.2855,0.2735,-0.1091,11.4544,64.6601,232.9654,0.2773,0.1791
2015-05-06T01:57:59.065Z,5.1368,68.7937,232.5653,0.2962,0.076,-7.161,63.4184,231.98,0.2731,-0.1158,11.4441,63.7266,232.8018,0.2737,0.1801
2015-05-06T01:58:59.368Z,4.5731,70.1112,232.6924,0.3015,0.0667,-7.0284,64.6392,232.5877,0.2773,-0.1114,11.442,63.7534,232.8364,0.274,0.1802
2015-05-06T01:59:59.473Z,4.9385,70.5467,232.1776,0.304,0.0702,-7.4871,60.4553,232.2123,0.2604,-0.1253,11.6123,62.0916,232.3584,0.267,0.1869
