2015-01-14T00:00:59.222Z,4.7369,73.0358,233.6258,0.3126,0.0653,3.0919,66.4697,231.6419,0.2871,0.048,3.2631,65.8128,231.6693,0.2838,0.0489
2015-01-14T00:01:59.084Z,5.3638,73.7523,233.5168,0.3157,0.0729,2.9377,68.3441,231.6502,0.2954,0.0429,3.5579,67.7767,231.437,0.2926,0.0529
2015-01-14T00:02:59.303Z,5.7574,73.9027,233.6087,0.3162,0.0789,2.7145,65.5905,231.7552,0.2828,0.04,3.2699,65.9014,231.6413,0.2846,0.0508
2015-01-14T00:03:59.708Z,6.4237,73.4714,233.3326,0.3154,0.0889,2.9349,67.237,231.7075,0.2902,0.0448,3.5793,66.1263,231.4031,0.2855,0.0537
2015-01-14T00:04:59.485Z,5.2732,73.414,233.0191,0.3149,0.0731,1.9588,68.1464,229.7547,0.2969,0.0287,33.5738,81.0113,231.28,0.35,0.3262
2015-01-14T00:05:59.532Z,5.1436,74.0197,234.0656,0.3166,0.0707,2.2642,66.1493,228.3792,0.2902,0.0335,82.154,104.5853,231.6323,0.4516,0.7868
2015-01-14T00:06:59.959Z,5.5877,72.8776,233.0434,0.3123,0.0774,2.6983,68.191,231.4565,0.2947,0.0404,81.0079,104.5918,230.2814,0.454,0.7755
2015-01-14T00:07:59.368Z,5.0113,74.7231,234.3916,0.3186,0.0684,2.681,67.8519,232.7929,0.2921,0.0412,82.0807,105.9563,231.5492,0.458,0.7754
2015-01-14T00:08:59.759Z,4.5624,74.0564,234.3147,0.3159,0.0623,2.9819,66.4057,232.8749,0.2855,0.0452,81.3885,105.7397,231.6156,0.4562,0.7707
2015-01-14T00:09:59.228Z,5.3574,73.8669,234.2677,0.3149,0.0733,2.524,64.7624,233.0104,0.2774,0.0398,82.3854,105.7744,231.5078,0.4566,0.781
2015-01-14T00:10:59.533Z,5.5458,75.706,234.2255,0.323,0.0742,2.298,66.8498,232.8748,0.287,0.0351,82.0296,105.6196,231.2293,0.4571,0.7779
2015-01-14T00:11:59.057Z,5.1752,74.4226,234.4458,0.318,0.0722,3.0263,67.7452,232.6783,0.2913,0.045,81.4293,105.1943,231.2018,0.4551,0.775
2015-01-14T00:12:59.414Z,4.951,73.6578,233.7074,0.3148,0.0678,2.0999,67.1724,231.8268,0.2899,0.0315,81.9875,105.131,231.3869,0.4538,0.7815
2015-01-14T00:13:59.617Z,5.5022,74.1592,233.6976,0.3176,0.0744,2.4274,65.8711,231.7812,0.2842,0.0369,82.113,105.3332,231.8649,0.4543,0.78
2015-01-14T00:14:59.747Z,5.8273,73.0961,232.9717,0.3137,0.0821,2.6159,64.9358,232.1949,0.28,0.0402,81.9147,103.6948,231.3251,0.4483,0.7905
2015-01-14T00:15:59.820Z,5.0782,74.7208,232.8197,0.3207,0.0682,2.5216,66.1814,232.8971,0.2844,0.0397,81.6981,104.0255,231.2132,0.4499,0.7854
2015-01-14T00:16:59.106Z,4.5,72.8939,232.9137,0.313,0.0619,2.1236,66.2761,232.6309,0.2853,0.0316,81.7796,104.8949,231.1548,0.4539,0.7806
2015-01-14T00:17:59.482Z,4.3927,74.5658,233.0313,0.3201,0.0592,2.7518,66.3522,232.5171,0.2852,0.04,82.0539,105.7367,232.0665,0.4557,0.7757
2015-01-14T00:18:59.716Z,5.2851,74.7118,233.1118,0.3202,0.0711,2.3173,67.1004,232.5005,0.2885,0.0344,82.4374,106.5362,232.1689,0.4585,0.7741
2015-01-14T00:19:59.094Z,5.1001,74.7879,233.1294,0.3208,0.0708,2.6717,66.4559,232.3786,0.2854,0.0418,82.7389,106.0823,232.302,0.457,0.7809
2015-01-14T00:20:59.396Z,5.258,74.0791,233.006,0.3178,0.0729,3.1868,68.0949,232.3574,0.2927,0.0475,82.2322,105.8124,232.0908,0.4562,0.7777
2015-01-14T00:21:59.625Z,4.4881,73.2232,233.3412,0.3137,0.0631,2.8435,67.2712,232.8687,0.2897,0.0409,82.8569,105.9969,232.7436,0.4549,0.7826
2015-01-14T00:22:59.091Z,5.2394,74.6291,233.1739,0.3194,0.0699,2.3921,67.5801,232.8818,0.2904,0.0363,82.7774,106.1328,232.5647,0.4564,0.7804
2015-01-14T00:23:59.368Z,5.0478,73.8395,232.0679,0.318,0.0693,2.6763,67.6373,231.6686,0.292,0.0392,82.36,106.6109,231.8385,0.4601,0.7727
2015-01-14T00:24:59.602Z,5.2226,73.9754,232.2097,0.3185,0.0716,2.6876,66.2217,231.0862,0.2866,0.0436,81.3603,104.6579,230.9208,0.4533,0.7778
2015-01-14T00:25:59.848Z,5.2087,73.9116,232.9707,0.317,0.0707,3.1135,65.6302,230.2588,0.2853,0.048,81.5818,104.6429,230.7256,0.4536,0.7802
2015-01-14T00:26:59.209Z,5.2284,74.905,233.2818,0.3208,0.0712,2.27,66.433,230.6172,0.288,0.0347,81.6636,105.211,231.1233,0.4552,0.7776
2015-01-14T00:27:59.696Z,5.2459,74.5875,232.7862,0.3204,0.0711,2.2351,66.652,231.9679,0.2874,0.0333,82.5151,106.2285,232.0277,0.4584,0.7778
2015-01-14T00:28:59.976Z,5.2279,73.0713,232.2596,0.3138,0.0716,2.6221,66.2249,231.6417,0.286,0.0408,82.2962,106.1421,231.777,0.4577,0.7775
2015-01-14T00:29:59.265Z,5.2083,73.5847,233.0127,0.3154,0.0706,2.2937,65.8951,229.7046,0.2873,0.0343,82.6689,107.0103,232.4384,0.4598,0.7734
2015-01-14T00:30:59.648Z,5.1254,73.9663,233.27,0.3169,0.0699,2.6751,66.0862,229.1676,0.2886,0.0415,82.8332,106.1338,232.89,0.4562,0.7808
2015-01-14T00:31:59.908Z,4.3955,74.5722,233.1889,0.3195,0.0596,3.3043,65.9587,231.7461,0.285,0.0492,81.0024,104.9746,230.6366,0.4548,0.7723
2015-01-14T00:32:59.201Z,5.028,73.4734,233.1969,0.3152,0.0681,2.1797,68.3376,231.994,0.2947,0.0326,81.5162,105.3898,230.6678,0.4567,0.7746
2015-01-14T00:33:59.628Z,5.0887,71.8332,231.3977,0.3098,0.0713,2.5785,65.5251,231.1046,0.2839,0.0393,82.0238,105.5699,231.7483,0.455,0.7782
2015-01-14T00:34:59.921Z,5.1298,74.1021,230.8296,0.3213,0.0704,3.1523,66.687,230.9582,0.2881,0.0468,81.8514,105.102,231.5063,0.4538,0.7788
2015-01-14T00:35:59.561Z,4.2015,74.5465,231.4214,0.3219,0.0568,2.3777,67.9953,230.2264,0.2947,0.0375,81.0598,103.887,230.6577,0.4504,0.7812
2015-01-14T00:36:59.916Z,4.5192,73.4001,232.4007,0.3152,0.0627,2.6459,66.7691,230.4237,0.2891,0.0395,81.3718,105.6565,230.6926,0.4581,0.7711
2015-01-14T00:37:59.387Z,4.9748,73.4183,232.9624,0.3153,0.0698,2.468,67.2336,231.3177,0.2908,0.0367,81.1923,105.6227,230.5212,0.4581,0.7704
2015-01-14T00:38:59.589Z,4.5784,73.6141,232.523,0.3164,0.0638,2.1212,67.309,231.453,0.2904,0.0309,80.5722,103.9159,229.9862,0.4516,0.7755
2015-01-14T00:39:59.914Z,5.4208,73.8099,233.3757,0.3155,0.0745,2.3057,67.7998,231.5922,0.2926,0.0341,81.0645,104.0505,230.8934,0.45,0.7787
2015-01-14T00:40:59.376Z,4.7288,73.8547,233.4047,0.3166,0.0646,2.366,67.745,231.2581,0.2928,0.0357,81.5446,104.8783,230.952,0.4544,0.7779
2015-01-14T00:41:59.309Z,4.196,74.6264,233.0534,0.3204,0.0558,2.9527,68.1797,230.8499,0.2954,0.0416,81.8171,105.2721,231.1075,0.4557,0.7781
2015-01-14T00:42:59.559Z,5.0308,75.2195,233.1902,0.3224,0.068,2.6186,66.6131,231.008,0.2879,0.0401,82.006,105.534,231.5943,0.4557,0.7774
2015-01-14T00:43:59.056Z,4.9781,73.8536,232.5667,0.3168,0.0679,2.4261,68.7353,230.2202,0.2986,0.0351,81.9149,105.862,230.8002,0.459,0.7748
2015-01-14T00:44:59.497Z,4.8498,73.8253,231.3141,0.3188,0.0674,2.9693,66.2257,230.1543,0.2875,0.0436,81.6176,104.8187,230.7091,0.4545,0.7808
2015-01-14T00:45:59.058Z,4.4424,71.8944,231.3768,0.3109,0.0621,2.8041,67.2379,228.9039,0.294,0.0411,81.0253,104.3069,230.6821,0.4516,0.7773
2015-01-14T00:46:59.346Z,4.3804,74.121,233.1575,0.3179,0.0596,2.3985,66.7024,229.6433,0.2903,0.0364,81.1014,105.0921,230.476,0.4559,0.7732
2015-01-14T00:47:59.021Z,5.0949,73.6844,233.4188,0.315,0.0696,2.4113,66.0011,230.9651,0.2857,0.0368,80.942,104.3867,230.3936,0.4528,0.776
2015-01-14T00:48:59.450Z,5.3948,74.9742,233.356,0.3215,0.074,2.793,66.2684,230.906,0.2868,0.0424,80.7963,103.9817,230.2364,0.4513,0.7784
2015-01-14T00:49:59.668Z,5.3452,73.8053,233.7467,0.3156,0.0727,2.4429,66.043,230.9856,0.2856,0.0373,81.2333,104.6874,230.2721,0.4548,0.7779
2015-01-14T00:50:59.631Z,4.9156,74.524,234.1148,0.3182,0.0679,2.7712,67.0525,231.1476,0.2899,0.0422,81.2238,104.8476,230.7465,0.4546,0.7758
2015-01-14T00:51:59.908Z,5.4591,75.6044,234.0347,0.3235,0.0726,2.5755,67.7673,230.9338,0.293,0.0377,81.3479,104.7664,230.4833,0.4547,0.7767
2015-01-14T00:52:59.115Z,5.6081,74.9653,233.9191,0.3206,0.075,2.4109,67.892,231.2782,0.2936,0.0377,81.3717,104.7524,230.5924,0.4546,0.7771
2015-01-14T00:53:59.592Z,5.6611,74.1607,233.9749,0.3172,0.076,2.5922,67.1167,231.584,0.2903,0.0386,80.5442,104.1382,230.1887,0.4524,0.7746
2015-01-14T00:54:59.815Z,5.2809,74.1492,233.5624,0.3173,0.0718,2.3077,67.7768,231.6346,0.2931,0.0351,80.6799,104.0589,229.7329,0.4529,0.7756
2015-01-14T00:55:59.075Z,5.2738,73.6251,232.5322,0.3163,0.0726,2.117,67.451,231.1022,0.2918,0.0318,81.2988,104.9464,230.3642,0.4556,0.7754
2015-01-14T00:56:59.368Z,4.8551,74.0943,233.3822,0.3173,0.0671,2.8363,66.9398,231.7029,0.2885,0.0419,81.3,105.2916,230.6575,0.4566,0.7731
2015-01-14T00:57:59.751Z,4.763,74.4809,233.5809,0.3192,0.0635,2.8486,68.6235,232.4843,0.2947,0.0407,81.1392,104.7095,231.4504,0.4527,0.7759
2015-01-14T00:58:59.569Z,5.216,73.9471,233.3858,0.3164,0.071,2.5132,66.5325,232.8789,0.2852,0.0374,82.3464,106.2726,231.8189,0.4587,0.7759
2015-01-14T00:59:59.781Z,5.654,75.1318,233.7273,0.3213,0.077,2.6154,68.3712,232.5911,0.2943,0.0393,81.6048,105.0413,231.3962,0.4538,0.7774
