2015-02-07T00:00:59.091Z,3.1621,65.9691,230.0658,0.2867,0.0508,3.2026,60.1777,231.1193,0.2608,0.0528,3.4484,61.1707,231.5678,0.2634,0.0548
2015-02-07T00:01:59.589Z,1.993,66.6804,229.213,0.2907,0.0292,2.6972,61.2759,230.8942,0.265,0.0438,3.0076,60.5511,230.6626,0.2622,0.0549
2015-02-07T00:02:59.013Z,3.2434,68.5238,229.4958,0.2984,0.0476,2.5152,61.2437,231.2103,0.2652,0.0413,2.857,61.6778,231.0921,0.2669,0.0472
2015-02-07T00:03:59.397Z,3.5516,68.3533,230.0851,0.2966,0.052,2.7616,62.0329,231.653,0.268,0.0441,3.3295,63.0289,232.989,0.271,0.0547
2015-02-07T00:04:59.429Z,3.5758,69.6246,229.55,0.3032,0.0505,2.32,61.2578,231.4843,0.2644,0.0374,130.0756,156.8835,232.7336,0.6743,0.7304
2015-02-07T00:05:59.660Z,3.1977,67.6516,230.7401,0.293,0.0463,3.1784,62.7352,232.1573,0.2703,0.0524,83.3951,103.7173,233.1867,0.4448,0.8056
2015-02-07T00:06:59.359Z,3.5208,66.804,231.3052,0.2887,0.0527,3.216,61.3181,231.897,0.2646,0.0551,83.2871,103.5694,232.9878,0.4444,0.8051
2015-02-07T00:07:59.779Z,3.4212,68.8498,230.9257,0.2975,0.0495,3.2595,61.831,231.1888,0.2674,0.0522,82.4696,103.3345,232.6918,0.4439,0.7986
2015-02-07T00:08:59.970Z,3.5387,68.7365,230.796,0.2981,0.0514,2.686,59.3335,230.127,0.258,0.0455,82.2197,102.7181,231.8319,0.4425,0.8012
2015-02-07T00:09:59.308Z,3.0754,67.3039,230.45,0.2918,0.0456,2.9863,60.3678,230.0323,0.2622,0.05,81.7992,101.6043,231.5047,0.4388,0.8067
2015-02-07T00:10:59.575Z,2.8886,68.6116,230.9147,0.2974,0.0427,2.5807,60.9344,230.5993,0.2643,0.0424,81.982,101.3514,231.2957,0.4382,0.8103
2015-02-07T00:11:59.864Z,3.084,68.0314,231.0057,0.294,0.0463,3.2182,59.4162,230.5413,0.2577,0.0534,80.6754,101.241,230.7392,0.4389,0.7988
2015-02-07T00:12:59.788Z,3.0416,68.3803,231.6337,0.2956,0.046,2.8777,60.1794,230.6842,0.2609,0.0494,81.3892,101.5546,231.3884,0.4392,0.8028
2015-02-07T00:13:59.248Z,2.7757,69.1629,232.204,0.2978,0.0399,2.8353,61.8414,231.6692,0.2674,0.0466,82.5432,103.3952,232.7432,0.4442,0.8002
2015-02-07T00:14:59.563Z,3.4374,69.1026,231.0866,0.2986,0.0486,2.9352,61.2868,231.0308,0.2653,0.049,142.7052,162.8143,231.7897,0.7026,0.8572
2015-02-07T00:15:59.831Z,2.8847,69.111,231.9969,0.2982,0.0407,2.8698,60.2409,230.4746,0.2612,0.049,82.571,103.223,232.5091,0.4437,0.8014
2015-02-07T00:16:59.252Z,3.9391,68.9138,232.7623,0.2957,0.0592,3.1687,63.0962,231.15,0.2732,0.0501,82.5162,101.9412,232.8522,0.4376,0.81
2015-02-07T00:17:59.222Z,3.7013,68.7068,232.7584,0.2949,0.0546,2.5199,62.5745,231.829,0.2696,0.0415,82.9502,103.9216,233.1245,0.4462,0.8003
2015-02-07T00:18:59.514Z,3.4884,69.2369,232.8532,0.2974,0.0515,2.8785,62.9451,231.1915,0.272,0.0455,82.7789,103.8932,233.0843,0.4456,0.7974
2015-02-07T00:19:59.050Z,2.1736,67.8499,232.6336,0.2918,0.0327,3.4105,61.798,230.6768,0.2674,0.0533,82.4855,102.6567,232.74,0.4408,0.8041
2015-02-07T00:20:59.425Z,2.8703,68.8024,232.1489,0.2965,0.0422,3.0144,60.1882,230.0062,0.2618,0.0538,82.5068,102.4846,233.1322,0.4393,0.8055
2015-02-07T00:21:59.072Z,3.7841,67.8232,231.0841,0.294,0.0553,2.573,60.8174,228.9349,0.2656,0.0406,83.0126,102.8487,233.4461,0.4403,0.8082
2015-02-07T00:22:59.774Z,3.6704,69.1661,230.8759,0.2999,0.0543,2.9683,59.6774,228.1177,0.2621,0.0502,83.1716,103.7067,233.83,0.4438,0.8032
2015-02-07T00:23:59.160Z,2.9603,69.2558,232.042,0.2983,0.0427,3.0083,59.5949,229.7667,0.2592,0.0513,84.2748,104.9332,234.151,0.4478,0.8051
2015-02-07T00:24:59.593Z,3.441,69.198,232.1148,0.2978,0.0504,3.2882,63.3573,230.4826,0.2745,0.0524,117.8571,138.5826,233.4827,0.5942,0.8327
2015-02-07T00:25:59.899Z,3.9111,69.2556,231.5021,0.2991,0.0566,2.5431,59.9227,229.2569,0.2615,0.0425,108.802,129.0481,232.4775,0.5555,0.8263
2015-02-07T00:26:59.193Z,3.3704,68.2756,231.3982,0.295,0.0493,3.0281,60.1472,229.227,0.2622,0.0512,82.7282,103.8092,232.4183,0.4467,0.798
2015-02-07T00:27:59.911Z,3.1114,68.0373,231.6555,0.2939,0.0448,2.9062,61.0449,229.8299,0.2654,0.0477,82.6826,103.444,232.9913,0.4443,0.8007
2015-02-07T00:28:59.168Z,3.2796,70.0518,232.228,0.3018,0.0458,2.9243,61.1141,230.1731,0.2657,0.0466,83.0311,103.6409,233.4323,0.444,0.8016
2015-02-07T00:29:59.505Z,3.037,69.5485,232.6125,0.2991,0.0444,3.2186,60.169,230.5921,0.261,0.0547,83.1587,104.06,233.6932,0.4453,0.8002
2015-02-07T00:30:59.268Z,3.429,69.3509,232.2921,0.2979,0.05,2.5727,61.573,229.6336,0.2689,0.0436,83.2305,103.9458,233.5138,0.4454,0.803
2015-02-07T00:31:59.962Z,3.531,68.0107,231.0074,0.2941,0.0533,3.4035,59.7362,229.26,0.2608,0.0555,82.5159,103.6932,232.9988,0.4449,0.7971
2015-02-07T00:32:59.170Z,2.602,68.7679,230.5115,0.298,0.0371,2.3961,61.3652,230.5185,0.2662,0.039,82.284,102.9588,232.524,0.4425,0.7998
2015-02-07T00:33:59.609Z,3.1155,69.7336,232.1111,0.3005,0.044,3.0441,63.9445,232.185,0.2753,0.0472,83.2287,103.7822,234.1351,0.4435,0.8032
2015-02-07T00:34:59.376Z,2.8722,68.7926,232.861,0.2952,0.0416,3.0073,61.7504,233.3844,0.2649,0.0482,86.0882,106.5851,233.9969,0.4559,0.806
2015-02-07T00:35:59.756Z,4.0914,70.0871,233.6889,0.3005,0.0597,3.0658,62.5368,233.6102,0.2671,0.0505,142.6569,163.0822,234.6013,0.6957,0.8547
2015-02-07T00:36:59.408Z,5.1511,67.9549,233.5171,0.291,0.0765,2.8357,60.9012,233.6473,0.2607,0.0468,84.0677,104.6365,234.8889,0.4453,0.8045
2015-02-07T00:37:59.672Z,5.9589,69.7136,232.8777,0.299,0.0863,2.363,60.8335,233.0679,0.2613,0.0398,83.6314,103.8947,234.4198,0.4426,0.8052
2015-02-07T00:38:59.020Z,5.2601,70.2128,232.3849,0.3017,0.0754,2.6816,61.4357,233.2184,0.2636,0.043,83.7463,104.8151,234.4383,0.4472,0.7996
2015-02-07T00:39:59.619Z,4.9809,69.6202,231.8567,0.3007,0.0732,2.6251,61.9934,233.0161,0.2662,0.0424,83.5002,104.1238,233.9689,0.4447,0.8028
2015-02-07T00:40:59.347Z,5.2059,67.202,231.5261,0.2904,0.0796,2.7573,60.4658,231.3087,0.2616,0.0454,82.308,102.5271,232.4482,0.4408,0.8036
2015-02-07T00:41:59.762Z,5.2061,69.5372,232.1657,0.2989,0.076,2.635,62.111,229.7943,0.2699,0.0435,83.1523,103.0651,232.5533,0.4432,0.8084
2015-02-07T00:42:59.038Z,5.6953,69.4701,232.2438,0.2991,0.0831,2.5184,60.4399,229.7225,0.2626,0.0413,81.7649,102.8231,231.8128,0.4431,0.7964
2015-02-07T00:43:59.777Z,5.7287,68.7001,233.0725,0.2949,0.0851,2.6905,61.0601,231.1674,0.2644,0.0468,83.301,103.7169,233.7104,0.4439,0.8046
2015-02-07T00:44:59.160Z,4.8639,69.0402,233.2508,0.296,0.0718,2.6789,61.1839,232.6591,0.2628,0.0432,84.0227,104.6809,234.7023,0.446,0.8037
2015-02-07T00:45:59.454Z,5.2181,68.1336,232.2441,0.2934,0.0768,2.2975,59.6964,232.3969,0.2569,0.0396,147.2563,168.4874,234.6132,0.7181,0.8555
2015-02-07T00:46:59.723Z,5.3181,69.4009,232.3633,0.2985,0.077,2.341,60.9862,232.6162,0.2623,0.0392,84.3779,105.0116,235.0209,0.4466,0.8043
2015-02-07T00:47:59.045Z,5.3742,69.6532,231.9251,0.3003,0.079,2.8332,62.3801,232.2331,0.2687,0.0472,84.0064,104.939,234.606,0.4476,0.8012
2015-02-07T00:48:59.434Z,3.9567,70.0526,232.6758,0.3004,0.0565,2.4349,60.6101,232.109,0.2612,0.0384,83.5197,104.992,234.6172,0.4475,0.797
2015-02-07T00:49:59.829Z,5.2925,69.7422,233.2212,0.2987,0.0787,2.9422,61.8403,231.2587,0.2674,0.0488,83.2924,103.6918,234.5605,0.4419,0.8046
2015-02-07T00:50:59.292Z,5.5906,67.8154,233.2757,0.2907,0.0868,2.3707,59.1438,230.4839,0.2572,0.0456,83.1382,102.8722,233.5286,0.4401,0.8099
2015-02-07T00:51:59.728Z,5.5079,68.4037,233.244,0.2929,0.0816,2.7125,61.5529,229.9948,0.2674,0.0448,82.2646,102.9265,232.3811,0.443,0.8007
2015-02-07T00:52:59.050Z,4.7994,70.0656,233.4173,0.2997,0.07,2.1086,61.4632,230.3316,0.2668,0.0351,81.9198,102.5741,231.7834,0.442,0.8001
2015-02-07T00:53:59.421Z,4.6703,70.4349,233.624,0.3014,0.066,2.2195,60.2125,230.9486,0.2611,0.0357,82.3896,102.8537,232.4636,0.4425,0.8021
2015-02-07T00:54:59.769Z,5.7357,69.7095,232.6613,0.2992,0.0835,2.6079,60.098,231.4357,0.26,0.0424,82.2189,103.0583,232.6091,0.4428,0.7984
2015-02-07T00:55:59.296Z,4.6475,69.5174,232.6672,0.2983,0.069,2.7011,62.6271,231.3121,0.2711,0.0437,140.0697,160.4454,232.7136,0.6897,0.8528
2015-02-07T00:56:59.544Z,5.7739,68.4217,232.5254,0.2936,0.0839,2.5293,60.7896,231.0386,0.2634,0.0414,87.6427,108.7078,232.6599,0.4675,0.8023
2015-02-07T00:58:59.186Z,5.3064,68.7262,232.0715,0.2959,0.0782,2.1845,61.2224,230.8355,0.2653,0.0352,82.615,102.7628,232.3462,0.4423,0.8051
2015-02-07T00:59:59.804Z,5.8799,68.0635,232.9077,0.292,0.0886,2.4993,60.604,230.7954,0.2627,0.0437,82.93,103.6171,232.9922,0.4437,0.8009
