2015-04-07T00:00:59.239Z,7.0136,45.7526,228.8352,0.2001,0.1564,-7.0958,36.0568,230.057,0.1564,-0.2032,88.9848,96.8291,231.8159,0.4177,0.9197
2015-04-07T00:01:59.465Z,6.8447,47.064,229.8909,0.2051,0.1459,-6.2297,34.1716,230.3155,0.1482,-0.1943,89.6726,97.3858,232.0986,0.4197,0.922
2015-04-07T00:03:59.299Z,5.3875,48.1539,230.8821,0.2085,0.1128,-6.7886,34.9176,230.919,0.1513,-0.2009,90.4295,97.8968,232.6724,0.4204,0.9246
2015-04-07T00:04:59.988Z,5.8,48.5684,230.639,0.21,0.1192,-6.9985,33.121,230.609,0.1436,-0.221,90.5132,98.7236,232.4317,0.4249,0.9175
2015-04-07T00:05:59.442Z,6.5564,48.5857,230.3343,0.2112,0.1374,-6.9814,35.6863,230.4994,0.1544,-0.206,89.591,96.9132,232.0223,0.4181,0.9256
2015-04-07T00:06:59.809Z,5.6704,48.4739,231.0053,0.2098,0.1165,-6.7411,34.5321,231.0164,0.1497,-0.2033,90.3037,98.1793,232.397,0.4225,0.9205
2015-04-07T00:07:59.040Z,5.7666,47.858,230.6864,0.2071,0.1194,-6.1713,36.1094,231.0435,0.1566,-0.1809,90.3258,97.3836,232.312,0.4188,0.9283
2015-04-07T00:08:59.045Z,5.8986,47.3307,230.7282,0.2054,0.1249,-7.2037,34.9463,230.8104,0.1515,-0.2141,90.0512,96.9907,232.1804,0.4178,0.9286
2015-04-07T00:09:59.481Z,5.9643,48.7017,230.4437,0.2111,0.1223,-6.9734,35.8516,230.9095,0.1553,-0.2017,90.038,97.5333,231.813,0.4209,0.9242
2015-04-07T00:10:59.982Z,5.4252,47.5946,231.2869,0.2054,0.1144,-6.454,34.3544,230.9179,0.1488,-0.1916,89.3807,96.9756,230.8868,0.4201,0.9229
2015-04-07T00:11:59.518Z,5.8034,47.6333,231.8966,0.2052,0.1224,-5.3562,35.9257,231.1363,0.1556,-0.164,89.1323,96.1647,230.8486,0.4164,0.9274
2015-04-07T00:12:59.873Z,5.5818,48.0498,232.099,0.2066,0.1142,-6.6062,35.796,231.466,0.1549,-0.1889,89.7002,96.8111,231.2402,0.4186,0.9274
2015-04-07T00:13:59.678Z,6.3341,47.4969,231.5703,0.2044,0.1326,-6.7341,35.9411,231.1023,0.1561,-0.1957,89.1078,96.3769,231.0878,0.4169,0.9254
2015-04-07T00:14:59.962Z,5.8113,48.1487,231.2874,0.2085,0.1196,-6.9442,35.8267,231.2092,0.1549,-0.198,89.9729,97.3023,231.541,0.4205,0.9257
2015-04-07T00:15:59.278Z,6.6983,47.6897,230.4875,0.2064,0.1403,-6.5473,34.5018,231.2551,0.1493,-0.1981,89.5171,97.5391,231.3609,0.4221,0.9193
2015-04-07T00:16:59.812Z,5.2077,47.5224,230.9174,0.2064,0.1108,-6.7989,36.1396,231.0162,0.1561,-0.1925,88.5905,95.1493,230.5093,0.4133,0.9315
2015-04-07T00:17:59.148Z,5.9178,48.0119,230.6511,0.2084,0.1223,-6.9084,35.2223,230.6941,0.1528,-0.2033,88.9959,96.5144,230.4164,0.4188,0.9226
2015-04-07T00:18:59.265Z,6.0012,49.1382,230.6818,0.2127,0.1208,-6.8788,34.2122,231.4352,0.1478,-0.2143,88.2201,95.8631,230.6014,0.4153,0.9209
2015-04-07T00:19:59.599Z,5.684,48.7457,231.6062,0.2103,0.1159,-6.4372,34.1414,230.7561,0.1481,-0.1952,88.1704,95.6969,229.8798,0.4159,0.9221
2015-04-07T00:20:59.047Z,4.9311,47.694,231.266,0.2065,0.1025,-6.8086,35.1184,230.2511,0.153,-0.1998,88.0519,95.0598,229.5325,0.4141,0.9266
2015-04-07T00:21:59.459Z,5.6382,48.0259,231.2348,0.2083,0.1191,-6.6676,33.8991,230.0299,0.147,-0.2053,87.8963,95.6632,229.3186,0.4171,0.9198
2015-04-07T00:22:59.643Z,7.3769,48.3048,231.6697,0.2085,0.1511,-7.169,34.9175,230.6235,0.1515,-0.2168,88.4557,95.7184,230.1529,0.4156,0.9253
2015-04-07T00:23:59.334Z,6.499,47.127,231.6644,0.2032,0.138,-6.866,35.6762,230.3448,0.1543,-0.1971,88.9361,96.7568,230.3467,0.4198,0.9201
2015-04-07T00:24:59.587Z,5.1924,47.5467,232.2134,0.205,0.1093,-6.0343,32.0471,230.942,0.1387,-0.1967,88.9889,96.4016,230.4864,0.4183,0.924
2015-04-07T00:25:59.783Z,5.4511,47.1211,231.9458,0.2031,0.1158,-6.8853,37.8384,231.1589,0.1637,-0.1841,88.6407,95.3645,230.7667,0.413,0.93
2015-04-07T00:26:59.036Z,5.6663,49.4489,231.5993,0.2137,0.1151,-6.3098,34.5074,231.5763,0.1489,-0.1952,89.4526,96.4698,231.0503,0.4176,0.9278
2015-04-07T00:27:59.325Z,7.2677,47.8229,230.5354,0.2076,0.1521,-7.1019,33.9193,231.7514,0.1462,-0.2148,89.4453,96.9252,231.3004,0.4185,0.9226
2015-04-07T00:28:59.994Z,6.7612,48.3499,230.5536,0.2102,0.14,-7.2373,34.7153,231.743,0.1499,-0.2146,89.0837,96.9416,231.5023,0.418,0.9204
2015-04-07T00:29:59.804Z,6.2253,48.2251,231.5528,0.208,0.1291,-6.8093,34.6789,231.3686,0.1501,-0.2038,89.2592,96.6562,231.3301,0.418,0.9242
2015-04-07T00:30:59.039Z,5.3096,48.1993,230.5058,0.2089,0.1102,-6.5104,35.8407,230.3484,0.1557,-0.1952,89.5383,97.0242,231.9451,0.4183,0.9236
2015-04-07T00:31:59.276Z,5.0773,47.8105,231.3174,0.2066,0.1068,-6.3607,36.233,229.9352,0.1575,-0.1832,89.4221,97.2149,231.8436,0.4195,0.9203
2015-04-07T00:32:59.642Z,6.3921,47.8988,231.1787,0.2073,0.1332,-7.0033,34.321,230.7555,0.1489,-0.2086,91.0393,99.0822,233.0895,0.4257,0.92
2015-04-07T00:33:59.711Z,6.1852,47.2818,231.1622,0.2045,0.1307,-6.7044,34.1316,230.8341,0.1481,-0.2047,91.0009,98.6891,233.5173,0.4225,0.923
2015-04-07T00:34:59.948Z,6.954,49.0682,231.6292,0.2116,0.1403,-7.1066,36.0109,231.24,0.1558,-0.2068,90.8242,99.0612,233.6708,0.424,0.9173
2015-04-07T00:35:59.266Z,6.8543,47.7153,231.81,0.2058,0.1439,-6.9427,35.5469,231.1163,0.1531,-0.2077,90.4637,98.0918,233.1304,0.4208,0.9231
2015-04-07T00:36:59.574Z,6.6963,47.1604,231.8985,0.2034,0.1416,-6.8363,31.6027,231.1891,0.1369,-0.2266,90.9103,98.8549,233.4023,0.4235,0.9198
2015-04-07T00:37:59.424Z,6.7405,47.8843,231.538,0.2069,0.1397,-7.5788,34.2668,231.3963,0.1475,-0.2252,90.5285,98.5166,233.3046,0.4221,0.9195
2015-04-07T00:38:59.691Z,6.4771,48.7573,231.0598,0.2112,0.1302,-6.5019,35.8937,231.9988,0.1547,-0.1982,90.5257,98.0436,233.0267,0.4207,0.9241
2015-04-07T00:40:59.523Z,6.7516,48.2655,230.4413,0.2096,0.1407,-6.801,36.2688,230.8446,0.157,-0.1977,89.7838,97.3766,232.1632,0.4196,0.923
2015-04-07T00:41:59.436Z,6.6948,47.6926,229.7229,0.2068,0.1408,-6.7636,37.4732,230.9218,0.1622,-0.1952,89.1526,96.6607,231.2918,0.418,0.923
2015-04-07T00:42:59.840Z,6.6874,48.793,231.4582,0.2111,0.1369,-7.1499,34.8286,231.0954,0.1508,-0.2159,90.0386,97.8048,232.6162,0.4208,0.9212
2015-04-07T00:43:59.296Z,6.7808,48.0716,231.4691,0.2074,0.1403,-6.9432,34.4331,230.6829,0.1493,-0.2113,90.0147,97.7857,232.2318,0.4214,0.9217
2015-04-07T00:44:59.494Z,6.8592,48.2175,231.8838,0.2078,0.1401,-6.9788,33.4577,230.7451,0.1452,-0.2161,90.1875,97.3924,232.2909,0.4195,0.9267
2015-04-07T00:45:59.752Z,6.8427,48.1067,231.4769,0.2082,0.1415,-6.6897,35.1682,230.7587,0.1525,-0.2037,90.1071,97.7758,232.5525,0.4204,0.9221
2015-04-07T00:46:59.018Z,6.2327,48.0211,231.3064,0.2077,0.1299,-6.7763,34.6646,231.0319,0.1498,-0.2031,90.4422,98.4743,232.8973,0.4232,0.919
2015-04-07T00:47:59.177Z,5.6778,47.1173,231.3418,0.2033,0.1189,-6.7368,35.2124,231.1049,0.1522,-0.2014,90.2763,97.4037,232.8654,0.4181,0.9273
2015-04-07T00:48:59.351Z,6.817,48.3489,231.1308,0.2087,0.1392,-6.7187,34.9152,230.8903,0.1509,-0.2062,90.6014,98.5574,232.4621,0.4244,0.9205
2015-04-07T00:49:59.618Z,6.4249,47.4175,231.1786,0.2056,0.1359,-7.1822,35.7901,230.8988,0.1548,-0.211,90.7029,98.1332,232.946,0.4212,0.9249
2015-04-07T00:50:59.809Z,6.4001,47.9463,231.1899,0.2073,0.1336,-7.3239,33.8735,230.7979,0.147,-0.222,91.3311,98.8807,233.0393,0.4243,0.9239
2015-04-07T00:51:59.056Z,6.0027,47.6472,231.0039,0.2063,0.1257,-7.1698,34.9019,231.5562,0.1511,-0.2161,89.3025,97.3656,231.6822,0.4201,0.9184
2015-04-07T00:52:59.377Z,6.3965,49.0122,231.8126,0.2118,0.131,-6.9035,35.6057,231.7521,0.1535,-0.2005,90.224,97.9396,232.3915,0.4215,0.9223
2015-04-07T00:53:59.995Z,5.295,47.3105,231.6772,0.2043,0.1108,-6.5641,34.5599,231.766,0.1497,-0.1959,89.9497,97.4691,232.301,0.4195,0.9229
2015-04-07T00:54:59.779Z,7.4038,48.8384,231.7692,0.2104,0.1508,-7.1579,33.7439,231.4139,0.1456,-0.2173,90.9937,98.6349,233.1692,0.424,0.9233
2015-04-07T00:55:59.080Z,6.5844,49.6754,232.6409,0.2136,0.1329,-6.9826,35.8191,229.1184,0.1566,-0.2119,91.4644,99.2012,234.2503,0.4238,0.9231
2015-04-07T00:56:59.502Z,6.1511,47.7821,232.0411,0.2058,0.1295,-7.2101,35.9034,231.4688,0.1549,-0.2071,90.931,98.6578,233.298,0.4234,0.9228
2015-04-07T00:57:59.816Z,7.0832,48.5715,232.0038,0.2088,0.1447,-6.8423,35.1463,231.2473,0.1519,-0.2073,90.7986,98.7884,233.264,0.4234,0.9195
2015-04-07T00:58:59.629Z,6.6843,48.1291,231.7908,0.2075,0.1371,-7.6155,35.28,231.1577,0.1524,-0.223,90.3981,97.9141,232.8246,0.4207,0.9243
2015-04-07T00:59:59.648Z,6.9588,47.8231,231.0077,0.2066,0.1444,-7.4509,35.4122,230.514,0.1534,-0.2191,90.1002,97.332,232.317,0.419,0.9262
