2015-01-01T00:00:59.271Z,1150.5204,1546.4397,227.2754,6.8039,0.7442,1145.7604,1529.7334,224.7699,6.8054,0.7488,1665.667,2096.2548,226.7407,9.2447,0.7945
2015-01-01T00:01:59.650Z,1175.4673,1563.3294,227.1553,6.8821,0.7517,1188.095,1569.7097,224.9639,6.9781,0.7569,1689.2114,2126.8273,226.7637,9.3789,0.7943
2015-01-01T00:02:59.903Z,1168.7248,1557.7974,227.7344,6.8406,0.7502,1181.1417,1575.2282,225.697,6.9792,0.7498,1668.9086,2113.7176,226.8197,9.3184,0.7902
2015-01-01T00:03:59.043Z,1140.1717,1523.8545,228.7814,6.661,0.7478,1159.9473,1581.3653,227.2326,6.9585,0.7333,1605.5602,2066.8048,226.694,9.1175,0.7782
2015-01-01T00:04:59.582Z,1152.3277,1538.3731,228.7204,6.7259,0.749,1167.1331,1585.1852,226.9858,6.984,0.736,1621.9304,2079.1704,226.8243,9.1662,0.78
2015-01-01T00:05:59.306Z,1178.019,1568.8557,228.4284,6.868,0.7511,1198.1926,1598.5725,226.3972,7.0609,0.7496,1677.0122,2130.072,227.1272,9.378,0.7869
2015-01-01T00:06:59.718Z,1159.4003,1547.6514,227.2123,6.8114,0.7493,1198.5591,1580.8039,226.1756,6.9893,0.758,1686.6279,2140.5666,226.7652,9.4398,0.7881
2015-01-01T00:07:59.019Z,1123.3076,1514.1136,227.248,6.6627,0.742,1162.2656,1545.8152,225.9325,6.8426,0.7514,1647.0767,2099.454,226.6231,9.2638,0.7843
2015-01-01T00:08:59.594Z,1134.0272,1502.3594,226.9729,6.6191,0.755,1183.2296,1571.9872,226.2233,6.9488,0.7528,1626.542,2080.3232,225.4707,9.2264,0.7818
2015-01-01T00:09:59.481Z,1173.1762,1546.9083,227.4751,6.8007,0.7582,1209.4433,1598.9162,226.2942,7.0658,0.7564,1671.1299,2119.8567,225.6427,9.3944,0.7879
2015-01-01T00:10:59.802Z,1183.6583,1553.0162,227.894,6.8146,0.7621,1206.4587,1609.8854,226.7523,7.0999,0.749,1653.6056,2100.4789,225.2161,9.3268,0.7879
2015-01-01T00:11:59.381Z,1154.7807,1532.7182,227.9673,6.7238,0.7525,1162.6827,1572.6073,226.9766,6.9281,0.7393,1623.7472,2068.2207,225.4338,9.1747,0.7849
2015-01-01T00:12:59.748Z,1141.5872,1551.4414,228.3088,6.7948,0.7361,1134.4882,1532.5463,226.1952,6.7752,0.7407,1656.3818,2097.2217,227.201,9.2304,0.7897
2015-01-01T00:13:59.380Z,1182.8787,1598.2849,229.1488,6.9747,0.74,1183.902,1579.0834,226.5785,6.969,0.7496,1711.0981,2159.2436,228.0829,9.4672,0.7931
2015-01-01T00:14:59.656Z,1158.2141,1579.9134,228.7061,6.9081,0.7331,1184.1926,1567.6334,226.5626,6.9198,0.7557,1719.3246,2176.6046,228.404,9.5301,0.7894
2015-01-01T00:15:59.599Z,546.3352,762.8438,229.598,3.3306,0.3959,559.1349,764.1944,227.5886,3.3703,0.4041,847.5213,1074.5244,228.8964,4.7182,0.8364
2015-01-01T00:16:59.935Z,329.1958,569.8754,229.126,2.4952,0.308,373.5376,623.3845,227.568,2.7518,0.3247,470.6931,717.1627,229.3507,3.1366,0.7702
2015-01-01T00:17:59.360Z,3.9176,45.2958,229.5855,0.1971,0.0848,2.5288,32.6818,227.499,0.1438,0.0825,141.7809,161.5016,230.244,0.7019,0.8788
2015-01-01T00:18:59.203Z,616.739,852.6229,228.6693,3.745,0.422,626.9288,830.3018,226.9237,3.674,0.4299,1148.0843,1397.7612,227.9508,6.1559,0.8557
2015-01-01T00:19:59.811Z,1219.8292,1595.8349,227.4516,7.0155,0.7644,1255.9413,1632.2462,226.0878,7.2195,0.7691,1739.6718,2190.0673,226.3224,9.6771,0.7937
2015-01-01T00:20:59.172Z,1185.2114,1558.6868,227.4602,6.8522,0.7601,1233.1806,1617.8909,226.153,7.1541,0.762,1696.3945,2155.627,226.2167,9.529,0.7882
2015-01-01T00:21:59.162Z,1167.0191,1573.9977,227.8059,6.9089,0.7413,1196.8411,1549.8453,223.8067,6.9241,0.7726,1752.1529,2193.027,227.2376,9.6508,0.7989
2015-01-01T00:23:59.841Z,1078.3956,1478.6997,227.9403,6.4871,0.7296,1138.7769,1530.2971,226.9995,6.7411,0.7442,1618.3436,2097.7926,227.7111,9.2127,0.7717
2015-01-01T00:24:59.584Z,1086.6,1484.9616,228.0201,6.5122,0.7315,1129.5689,1534.8863,227.6135,6.7433,0.7358,1601.6019,2078.99,227.5531,9.1362,0.7701
2015-01-01T00:25:59.994Z,1062.6194,1465.4778,228.1172,6.4239,0.7251,1094.7606,1509.8054,227.7341,6.6297,0.7246,1567.7066,2044.1826,227.6287,8.9804,0.7679
2015-01-01T00:26:59.678Z,1074.6042,1484.507,228.3012,6.5026,0.7241,1082.9264,1496.9086,227.471,6.5808,0.7231,1581.2553,2043.8032,227.3592,8.9892,0.7729
2015-01-01T00:27:59.486Z,1082.5785,1484.3828,227.8471,6.5147,0.7294,1084.1042,1490.9009,226.8236,6.5731,0.727,1583.0319,2034.4238,226.5635,8.9794,0.7796
2015-01-01T00:28:59.120Z,1073.4887,1477.1256,228.2239,6.4721,0.7266,1056.3057,1475.6393,226.4817,6.5155,0.716,1555.0496,1999.5334,226.289,8.8361,0.777
2015-01-01T00:29:59.371Z,1099.4774,1503.2312,228.9757,6.5653,0.7313,1067.9009,1489.3654,225.959,6.5918,0.7164,1573.2911,2010.2514,226.3882,8.8798,0.7818
2015-01-01T00:30:59.731Z,1095.4873,1494.0378,228.8231,6.5293,0.7329,1090.5637,1504.42,226.0407,6.6553,0.7246,1580.777,2029.7721,226.6506,8.9553,0.7798
2015-01-01T00:31:59.628Z,1083.2229,1498.869,229.3145,6.536,0.7229,1052.9104,1469.6831,225.2971,6.523,0.7167,1574.5266,2012.369,226.8984,8.8689,0.782
2015-01-01T00:32:59.239Z,1097.0713,1517.3317,230.3172,6.5881,0.7233,1067.1919,1489.6144,225.971,6.5918,0.7164,1589.8013,2032.5097,226.9726,8.9548,0.783
2015-01-01T00:33:59.597Z,1088.7903,1511.0542,230.4912,6.5556,0.7209,1090.8412,1512.705,227.3838,6.6529,0.721,1599.4746,2062.8178,227.6688,9.0603,0.7752
2015-01-01T00:34:59.222Z,1065.7252,1489.3366,230.3507,6.4656,0.7156,1080.4635,1498.6238,227.253,6.5944,0.721,1586.3299,2056.1287,227.7804,9.027,0.7704
2015-01-01T00:35:59.615Z,1081.252,1492.7906,230.0942,6.4874,0.7238,1102.3714,1520.3054,227.2624,6.6896,0.7254,1589.1179,2058.3332,227.4916,9.048,0.7704
2015-01-01T00:36:59.264Z,1121.9516,1523.4791,230.6078,6.6063,0.7365,1135.5361,1557.6869,227.2276,6.8549,0.7292,1610.4218,2074.3509,227.1744,9.131,0.7762
2015-01-01T00:37:59.692Z,1153.5614,1540.905,230.4499,6.6861,0.7482,1139.7532,1563.6986,226.6502,6.8993,0.7289,1610.2277,2050.3304,225.266,9.1013,0.7854
2015-01-01T00:38:59.585Z,1125.0754,1519.5432,230.4914,6.5927,0.7403,1109.7084,1532.8178,226.4701,6.7678,0.7241,1592.7706,2034.0678,225.3837,9.0249,0.7821
2015-01-01T00:39:59.866Z,1156.672,1561.5917,231.0827,6.7579,0.7407,1090.9171,1514.3664,225.1611,6.7251,0.721,1616.1837,2028.3198,224.7532,9.0242,0.7963
2015-01-01T00:40:59.567Z,1184.1243,1582.2606,230.9619,6.8504,0.7482,1113.4878,1538.3096,225.3428,6.8265,0.7239,1630.0908,2040.8978,224.5737,9.088,0.7999
2015-01-01T00:41:59.886Z,1160.0561,1540.1811,231.0816,6.6651,0.7531,1113.8007,1559.503,226.687,6.8794,0.7138,1571.3444,1999.6798,224.1983,8.9193,0.7852
2015-01-01T00:42:59.466Z,1158.1943,1530.8349,230.9465,6.6279,0.7569,1132.8165,1580.9002,227.4173,6.9508,0.7157,1566.7521,2008.6344,224.6056,8.9426,0.7793
2015-01-01T00:43:59.822Z,1164.2967,1531.5803,230.4037,6.6471,0.7602,1185.115,1623.1864,228.51,7.1033,0.7306,1596.4486,2060.207,225.7068,9.1277,0.775
2015-01-01T00:44:59.168Z,1139.5297,1510.5152,230.5253,6.5524,0.7545,1160.9947,1603.2044,228.6553,7.0116,0.7237,1570.2647,2038.1072,225.7378,9.0284,0.7701
2015-01-01T00:45:59.365Z,1170.7244,1523.7082,230.8808,6.5994,0.7678,1150.7342,1616.3004,229.0138,7.0574,0.7118,1540.4851,1988.1478,223.7088,8.8868,0.7758
2015-01-01T00:46:59.658Z,1168.0567,1538.3522,230.3726,6.6772,0.7592,1186.3158,1627.0898,229.0064,7.105,0.729,1601.7309,2068.3255,226.1958,9.143,0.7742
2015-01-01T00:47:59.584Z,1127.2825,1501.512,229.5822,6.5399,0.7505,1169.5537,1592.534,228.5237,6.9691,0.7345,1593.1759,2066.5449,226.4096,9.1275,0.7703
2015-01-01T00:48:59.908Z,1104.512,1474.3836,228.1596,6.4619,0.7492,1174.9922,1581.2372,228.4222,6.9226,0.7422,1594.635,2074.5823,226.3296,9.1662,0.7693
2015-01-01T00:49:59.482Z,1124.3426,1497.1006,226.7519,6.6024,0.7513,1203.3924,1582.5247,227.68,6.9501,0.7608,1652.5784,2126.8869,227.0056,9.3697,0.7781
2015-01-01T00:50:59.150Z,1089.451,1483.5087,226.3126,6.5549,0.7345,1168.2609,1535.3873,227.2087,6.7576,0.7609,1656.5687,2133.0669,228.1135,9.351,0.7774
2015-01-01T00:51:59.529Z,1093.0137,1480.753,227.4892,6.5086,0.7388,1156.2021,1537.4914,226.9778,6.7743,0.7516,1631.9264,2099.7621,227.0694,9.247,0.7783
2015-01-01T00:52:59.369Z,1152.404,1544.7488,229.1198,6.7422,0.7463,1174.2784,1573.9787,227.0096,6.9331,0.7462,1657.7874,2112.1919,227.0611,9.3021,0.7851
2015-01-01T00:53:59.832Z,1136.7624,1538.1663,230.2252,6.6814,0.7389,1153.9602,1567.7521,227.3527,6.8952,0.7363,1636.9404,2099.8134,227.5668,9.2278,0.7799
2015-01-01T00:54:59.191Z,1123.797,1532.8327,230.5409,6.6491,0.733,1130.8998,1547.7547,227.184,6.8135,0.7305,1626.8927,2086.1267,227.4814,9.1698,0.78
2015-01-01T00:55:59.887Z,1157.3772,1553.4038,230.4146,6.7422,0.7455,1170.6458,1586.2715,227.5129,6.972,0.7378,1648.7373,2107.448,227.2394,9.274,0.781
2015-01-01T00:56:59.119Z,1137.6945,1525.9185,230.0048,6.6339,0.7455,1176.0418,1591.4916,227.8011,6.9866,0.739,1628.4764,2099.595,227.5365,9.2273,0.7753
2015-01-01T00:57:59.534Z,1124.8044,1509.2968,229.9703,6.5634,0.7452,1160.3431,1576.7176,227.2502,6.9381,0.7359,1606.7973,2074.5307,226.9471,9.1404,0.775
2015-01-01T00:58:59.027Z,1155.7734,1518.2485,229.4208,6.6179,0.7616,1205.9525,1618.1073,227.3555,7.1172,0.7456,1620.9573,2086.5922,226.109,9.2285,0.7773
2015-01-01T00:59:59.222Z,1145.2774,1510.7913,228.6582,6.6068,0.7581,1188.238,1592.3193,226.8691,7.0179,0.7459,1618.8767,2076.8401,225.7847,9.1986,0.7787
