2015-01-21T00:00:59.381Z,2.3251,66.0651,233.7762,0.2824,0.0365,3.1671,62.4152,232.3714,0.269,0.0491,84.6297,104.1926,234.8331,0.4434,0.8132
2015-01-21T00:01:59.671Z,2.952,69.5971,233.9051,0.2983,0.0418,3.1901,62.1773,232.2027,0.2675,0.0515,84.4661,104.7576,235.1268,0.4452,0.8074
2015-01-21T00:02:59.984Z,2.6356,70.992,234.0949,0.3033,0.0377,2.8864,61.35,231.8197,0.2644,0.0467,85.5002,107.026,235.6911,0.454,0.8005
2015-01-21T00:03:59.420Z,2.8689,70.6337,234.2171,0.3014,0.0414,3.6338,60.1796,230.8883,0.2607,0.0598,85.9838,106.4324,236.4032,0.4504,0.8092
2015-01-21T00:04:59.724Z,3.2225,69.6862,232.5596,0.2998,0.0476,3.3186,61.4841,228.3129,0.2693,0.0543,85.6568,105.9482,235.7098,0.4492,0.8089
2015-01-21T00:05:59.009Z,3.2032,69.2273,229.9809,0.3009,0.0463,2.4164,60.203,226.6622,0.2658,0.0413,83.0524,102.7654,233.1026,0.441,0.8091
2015-01-21T00:06:59.212Z,2.2591,68.0697,230.202,0.2958,0.0346,3.3651,61.3486,228.3948,0.2681,0.0532,82.6878,102.0946,231.9421,0.4399,0.8108
2015-01-21T00:07:59.512Z,2.3488,68.9868,231.1911,0.2984,0.0335,3.3197,60.0257,227.6175,0.2637,0.0567,81.5116,101.7895,231.4515,0.4401,0.8019
2015-01-21T00:08:59.700Z,2.9355,69.258,231.3984,0.299,0.043,3.2127,62.5174,228.3448,0.2741,0.0497,82.2518,103.4415,232.1959,0.4452,0.7963
2015-01-21T00:09:59.909Z,2.8722,73.6193,231.3192,0.3179,0.0391,3.1504,65.664,229.5058,0.2861,0.0479,83.1348,106.1846,233.0678,0.4551,0.7835
2015-01-21T00:10:59.087Z,2.69,74.0419,231.1554,0.32,0.0356,2.4981,66.1476,229.6316,0.2881,0.0372,83.0963,106.4893,233.0017,0.4569,0.7817
2015-01-21T00:11:59.318Z,2.4724,73.6217,230.6858,0.3192,0.0328,2.6147,66.1823,229.2374,0.2892,0.04,82.8343,106.0502,232.6935,0.4561,0.7817
2015-01-21T00:12:59.641Z,4.0849,74.0101,230.9487,0.3205,0.0548,2.7203,65.2242,228.9532,0.2847,0.042,83.2265,106.5776,232.632,0.4584,0.7808
2015-01-21T00:13:59.968Z,3.6063,71.9301,230.958,0.3112,0.0513,2.7171,66.5646,229.6129,0.2901,0.0445,82.2286,106.8295,232.4467,0.4599,0.7714
2015-01-21T00:14:59.379Z,2.5521,74.5161,231.0517,0.3224,0.0363,3.2718,67.1874,229.9227,0.2923,0.0491,83.0609,106.2097,232.592,0.4564,0.7834
2015-01-21T00:15:59.579Z,2.6718,73.2025,230.7021,0.3176,0.0371,2.7386,66.451,229.6609,0.2892,0.0426,82.6825,105.5975,232.2127,0.4542,0.7841
2015-01-21T00:16:59.788Z,2.9648,73.2177,230.5412,0.3178,0.0419,2.7684,66.0669,229.9811,0.287,0.0437,81.9112,104.9411,232.1051,0.4523,0.7812
2015-01-21T00:17:59.033Z,3.3543,70.835,230.2991,0.3076,0.0476,2.9943,65.3807,230.2673,0.2839,0.0466,81.8609,105.1736,231.1051,0.4558,0.7808
2015-01-21T00:18:59.378Z,3.422,72.6588,230.2645,0.3154,0.0462,3.2052,65.6237,230.1468,0.2849,0.0497,82.3085,106.2536,231.4688,0.4592,0.7756
2015-01-21T00:19:59.726Z,3.0033,74.7133,230.7641,0.3241,0.0397,3.4886,66.9962,230.3511,0.2911,0.0525,82.7479,106.5814,232.3699,0.4584,0.7771
2015-01-21T00:20:59.109Z,2.4048,74.1449,231.1055,0.3213,0.0317,3.0504,67.7274,230.8874,0.2937,0.0447,82.8538,106.5301,232.9072,0.4571,0.7785
2015-01-21T00:21:59.379Z,3.063,74.9729,231.2984,0.3238,0.0415,3.4761,68.2126,230.8392,0.2958,0.051,82.7202,106.0414,232.9083,0.4552,0.7811
2015-01-21T00:22:59.700Z,3.6087,73.3819,231.1831,0.3175,0.0487,3.1115,65.5018,230.1997,0.2843,0.0482,83.0881,106.8521,232.5518,0.4591,0.7787
2015-01-21T00:23:59.850Z,2.9727,72.2804,231.0496,0.3126,0.041,3.1932,67.3221,230.5878,0.292,0.0485,82.6616,106.2289,232.2576,0.4571,0.7796
2015-01-21T00:24:59.070Z,2.3831,73.3534,230.292,0.3182,0.0318,3.2703,66.5422,230.533,0.2886,0.0498,82.097,105.1231,231.9241,0.4532,0.7827
2015-01-21T00:25:59.311Z,2.7523,73.8266,230.1854,0.3209,0.0367,3.456,66.7093,229.857,0.2903,0.053,82.2542,105.3379,231.6135,0.4547,0.7812
2015-01-21T00:26:59.535Z,3.1054,72.8424,229.9903,0.3168,0.0438,3.1671,67.0583,229.1022,0.2929,0.0476,81.5912,104.644,230.8583,0.4528,0.7809
2015-01-21T00:28:59.212Z,3.0692,73.0118,229.632,0.3178,0.0416,2.7901,65.8643,229.0796,0.2875,0.045,81.4429,104.7996,231.11,0.4537,0.7783
2015-01-21T00:29:59.532Z,2.9221,74.1944,230.7667,0.3215,0.0403,2.3749,66.8126,230.2199,0.2902,0.0358,81.9386,105.4776,231.132,0.4564,0.7781
2015-01-21T00:30:59.768Z,2.9304,74.026,230.4745,0.3207,0.0391,3.0409,66.5805,230.1321,0.2889,0.0466,80.9842,105.3107,230.806,0.4563,0.7708
2015-01-21T00:31:59.912Z,2.8852,72.3631,230.0373,0.3144,0.0401,2.8378,66.526,230.2648,0.2892,0.0423,81.1388,103.8586,230.9248,0.4501,0.7813
2015-01-21T00:32:59.155Z,2.796,72.8674,229.5748,0.3172,0.0383,3.1074,65.5987,230.3389,0.2851,0.0469,81.7558,105.004,230.8376,0.4548,0.7806
2015-01-21T00:33:59.338Z,3.0695,74.369,229.6511,0.3241,0.0424,2.8519,65.7527,230.8457,0.2848,0.0442,82.1634,105.8705,231.2774,0.4577,0.7769
2015-01-21T00:34:59.754Z,3.7473,73.1981,229.9415,0.3186,0.0511,3.2033,67.5582,231.1182,0.2927,0.0466,82.1181,105.8926,231.2887,0.4577,0.7764
2015-01-21T00:35:59.214Z,3.6907,73.1687,229.8335,0.3185,0.0514,2.848,66.6932,230.3057,0.2895,0.044,80.94,105.5254,230.4622,0.4582,0.768
2015-01-21T00:36:59.507Z,2.7778,72.5076,229.3279,0.3157,0.0387,3.2777,67.7727,230.2713,0.2936,0.0486,81.1945,104.9914,230.0935,0.456,0.7742
2015-01-21T00:37:59.777Z,2.0666,71.9198,229.1212,0.3141,0.0301,3.1776,66.7133,230.381,0.2897,0.0469,79.8413,103.5708,229.0784,0.4518,0.7713
2015-01-21T00:38:59.060Z,3.5159,73.1517,229.8463,0.3182,0.0498,2.8338,66.794,230.8549,0.2894,0.0429,80.868,104.2648,230.1361,0.4531,0.7764
2015-01-21T00:39:59.343Z,3.0752,73.6492,230.1508,0.3203,0.0433,3.0066,67.9859,230.883,0.2943,0.0436,81.892,105.1472,230.898,0.4554,0.7791
2015-01-21T00:40:59.595Z,2.9003,73.0418,229.7251,0.3177,0.04,3.1779,66.4115,230.889,0.2882,0.0476,81.8943,105.6581,231.142,0.4567,0.7756
2015-01-21T00:41:59.883Z,2.7431,72.9822,229.5233,0.3181,0.0392,2.6245,65.9424,230.7033,0.2859,0.0396,81.6576,105.6377,231.2289,0.4566,0.7743
2015-01-21T00:42:59.171Z,3.4209,72.5058,229.9229,0.315,0.0476,2.8491,65.5997,230.9413,0.284,0.0432,82.1843,105.7166,232.0571,0.4556,0.7778
2015-01-21T00:43:59.382Z,3.5697,73.0885,230.5779,0.3167,0.0495,2.5357,66.5157,230.7788,0.2881,0.0381,82.1287,106.3335,232.0345,0.4579,0.7742
2015-01-21T00:44:59.682Z,3.6847,73.1598,231.0713,0.3165,0.0505,2.8001,67.8727,231.4255,0.293,0.0412,82.1821,105.7861,232.267,0.4551,0.7784
2015-01-21T00:45:59.870Z,3.0184,72.517,230.601,0.3145,0.0411,2.8877,65.9266,230.2768,0.2855,0.0443,82.5174,106.6316,231.8526,0.4603,0.7747
2015-01-21T00:46:59.153Z,3.2607,72.7916,230.2052,0.3164,0.0441,3.0799,66.3171,229.88,0.2882,0.0507,81.9892,105.3027,231.6674,0.4542,0.7803
2015-01-21T00:47:59.339Z,3.3862,72.9843,229.3799,0.3178,0.0464,3.2513,65.1373,228.9671,0.2843,0.0511,81.8951,104.9923,231.9176,0.4532,0.7803
2015-01-21T00:48:59.565Z,3.7187,72.5645,229.2729,0.3163,0.0525,3.2769,65.5427,228.6746,0.2867,0.049,81.206,104.941,231.4068,0.4535,0.7754
2015-01-21T00:49:59.903Z,3.1163,74.1859,230.4987,0.3213,0.0424,3.3776,67.8353,229.6498,0.2957,0.0499,81.6633,103.6701,230.8563,0.4492,0.7886
2015-01-21T00:50:59.139Z,3.6586,74.0836,231.736,0.3199,0.0491,3.2689,66.3136,230.0966,0.2883,0.0499,81.6172,106.2362,231.2167,0.46,0.7692
2015-01-21T00:51:59.395Z,2.5699,72.8232,231.6935,0.3141,0.034,3.1975,64.5502,230.3622,0.281,0.0509,81.7665,104.9095,231.3975,0.4535,0.7809
2015-01-21T00:52:59.823Z,3.407,74.2353,231.9433,0.3198,0.0454,3.8035,67.1072,230.4445,0.291,0.0575,81.8098,105.4095,231.4346,0.4553,0.7767
2015-01-21T00:53:59.101Z,3.5815,73.5492,231.7482,0.3178,0.0497,3.3584,68.0401,230.2806,0.2953,0.0484,81.6109,105.0955,231.4501,0.4543,0.7775
2015-01-21T00:54:59.345Z,3.2608,72.891,231.3195,0.315,0.0452,2.4807,67.6212,230.4982,0.2934,0.0362,82.7387,105.8575,231.973,0.4565,0.782
2015-01-21T00:55:59.591Z,2.6368,73.6126,231.1159,0.3186,0.0357,3.0508,66.8223,229.739,0.2911,0.048,81.5107,105.2363,231.1679,0.4556,0.7755
2015-01-21T00:56:59.817Z,2.7818,73.9416,231.2207,0.3195,0.038,2.9093,67.6737,229.9951,0.2946,0.0411,81.3801,104.8023,230.3685,0.4549,0.7773
2015-01-21T00:57:59.107Z,3.123,73.7049,232.1284,0.3177,0.043,3.6452,65.7658,229.7692,0.2867,0.0532,80.9827,104.7454,230.1679,0.4547,0.7748
2015-01-21T00:58:59.431Z,4.1393,72.6089,232.3089,0.3127,0.0587,3.505,67.1115,230.0363,0.2918,0.0538,80.6773,103.7897,230.2051,0.4503,0.7779
2015-01-21T00:59:59.767Z,2.9979,73.2514,231.6949,0.3164,0.0411,2.9022,66.3751,231.7433,0.2857,0.0424,81.9769,105.579,231.3568,0.4559,0.777
2015-01-21T01:01:59.255Z,2.8356,73.3577,231.7125,0.3165,0.0382,3.0542,65.8571,231.4605,0.2844,0.0473,80.8072,103.8231,230.6694,0.4502,0.7799
2015-01-21T01:02:59.459Z,3.8152,72.417,231.0924,0.3131,0.0529,3.3445,65.7911,231.2248,0.2845,0.051,81.531,105.9203,230.5255,0.4592,0.7718
2015-01-21T01:03:59.619Z,3.2279,74.6204,232.1716,0.3212,0.0451,2.8138,66.6296,231.84,0.2875,0.0423,81.2251,104.2837,231.3529,0.4505,0.7791
2015-01-21T01:04:59.043Z,2.9354,74.2679,232.6324,0.3193,0.0394,2.8322,66.6518,232.2543,0.287,0.0429,82.3681,106.8646,231.6377,0.4618,0.7718
2015-01-21T01:05:59.403Z,3.0098,72.7202,232.4604,0.3124,0.0415,3.0214,67.9211,232.0948,0.2927,0.0443,81.8729,104.6837,231.5599,0.452,0.7829
2015-01-21T01:06:59.742Z,2.1752,73.4002,232.606,0.3155,0.0298,2.8034,66.9835,231.81,0.2891,0.0429,82.1131,105.468,231.6652,0.4552,0.7799
2015-01-21T01:07:59.014Z,3.3492,74.3686,232.658,0.3197,0.0454,3.1513,67.8437,230.6964,0.2941,0.0486,81.3429,104.2853,230.858,0.452,0.7817
2015-01-21T01:08:59.288Z,3.0619,74.2485,232.646,0.3197,0.0431,2.8315,65.6793,230.5575,0.2856,0.0445,81.7316,105.5646,231.1074,0.4567,0.7751
2015-01-21T01:09:59.515Z,2.7847,73.4748,232.2266,0.3166,0.0377,3.1861,66.9375,232.3827,0.2876,0.0484,82.5204,106.6154,231.8746,0.4595,0.7749
2015-01-21T01:10:59.948Z,3.0831,74.6343,231.2977,0.3227,0.0415,2.9566,67.0122,232.3304,0.2886,0.0446,82.5312,106.1679,231.9952,0.4575,0.7775
2015-01-21T01:11:59.100Z,3.2396,72.4149,231.4822,0.3128,0.0457,3.0643,67.6039,232.137,0.2911,0.0456,81.9676,105.1824,231.5521,0.4541,0.7803
2015-01-21T01:12:59.459Z,3.9087,72.4174,231.2598,0.3131,0.0555,3.1631,66.3118,231.3165,0.2867,0.0504,82.084,106.3896,232.1351,0.458,0.7725
2015-01-21T01:13:59.550Z,2.6904,72.4171,231.3459,0.3133,0.0367,3.3521,66.4964,230.9602,0.2879,0.0488,82.6543,106.4048,232.2109,0.4584,0.7779
2015-01-21T01:14:59.814Z,2.6627,73.1902,231.1282,0.3163,0.0368,2.6909,66.0684,230.6623,0.2863,0.0412,82.5504,105.7504,232.1862,0.4554,0.7808
2015-01-21T01:15:59.053Z,2.8274,73.8476,231.0083,0.3197,0.039,3.4051,68.0776,230.1248,0.2958,0.0503,82.6234,105.8729,231.9676,0.4561,0.781
2015-01-21T01:16:59.455Z,3.5959,72.0755,231.1732,0.3114,0.0508,3.0182,66.5427,226.6809,0.2931,0.0456,82.3558,106.7191,232.1632,0.4596,0.7725
2015-01-21T01:17:59.712Z,3.1282,73.8097,230.3655,0.32,0.0435,3.6334,66.1547,226.7874,0.2914,0.0531,82.4625,106.6043,232.4085,0.4593,0.7741
2015-01-21T01:18:59.930Z,2.5225,72.5437,229.4508,0.3163,0.0346,2.8459,67.2675,228.6732,0.2945,0.0435,82.1215,105.3938,231.5762,0.4555,0.7807
2015-01-21T01:19:59.221Z,2.5863,72.8226,230.8497,0.3155,0.0358,3.216,66.0002,229.5406,0.2874,0.0479,81.0248,104.7148,230.8724,0.4535,0.7752
2015-01-21T01:20:59.588Z,3.7384,74.1852,231.1417,0.321,0.0497,2.942,66.6659,230.6117,0.2892,0.0418,80.9965,104.6598,231.0716,0.453,0.7743
2015-01-21T01:21:59.803Z,3.0558,72.4479,231.6651,0.313,0.0424,3.1862,66.0978,230.5704,0.2868,0.0497,81.926,104.8695,231.2757,0.453,0.7819
2015-01-21T01:22:59.034Z,2.6834,73.4108,231.6051,0.3169,0.037,2.5334,67.5954,230.651,0.2932,0.0374,81.9341,105.4054,231.4728,0.4551,0.7776
2015-01-21T01:23:59.333Z,2.4813,74.0981,231.0124,0.321,0.0334,3.2399,67.8237,230.9869,0.2935,0.0476,81.9538,105.8215,231.4766,0.4573,0.7754
2015-01-21T01:24:59.502Z,3.1367,73.3714,229.6346,0.3196,0.043,3.0672,66.5242,231.0297,0.2883,0.0465,81.8932,105.5053,231.4529,0.4553,0.7763
2015-01-21T01:25:59.787Z,3.0959,73.3419,228.5834,0.3209,0.0434,3.3137,65.8722,231.0852,0.2851,0.0484,81.7732,104.8891,231.2321,0.4542,0.7799
2015-01-21T01:26:59.009Z,2.9144,72.4953,228.8471,0.3163,0.0404,3.4471,66.0653,230.5443,0.2866,0.053,81.7848,104.7274,230.8988,0.4537,0.7818
2015-01-21T01:27:59.390Z,3.3889,71.2981,228.8943,0.3116,0.0479,2.7209,67.208,230.671,0.2914,0.0409,81.0932,104.7069,230.4738,0.4547,0.7755
2015-01-21T01:28:59.598Z,3.3887,72.7499,227.649,0.3198,0.0473,3.2192,67.1565,230.8456,0.291,0.0473,81.2478,104.4467,229.8152,0.4544,0.7782
2015-01-21T01:29:59.801Z,2.2162,72.7983,228.7072,0.3183,0.0303,3.4857,67.5337,231.5362,0.2913,0.0521,81.692,104.8625,231.3426,0.4537,0.7799
2015-01-21T01:30:59.085Z,2.6354,73.7939,228.5504,0.3231,0.034,2.9537,66.2022,231.4616,0.286,0.0467,82.0026,105.8179,231.8193,0.4566,0.7758
2015-01-21T01:31:59.307Z,3.453,72.22,229.3946,0.3148,0.0495,3.377,66.0393,231.3411,0.2855,0.0515,82.1219,105.6157,231.6745,0.4555,0.7791
2015-01-21T01:32:59.583Z,3.1689,73.5898,230.2999,0.3197,0.0435,2.5448,67.0742,230.8113,0.2915,0.0387,82.4684,105.8568,232.1356,0.456,0.7802
2015-01-21T01:33:59.904Z,2.6541,73.1343,230.5549,0.3168,0.0379,3.0557,67.0745,229.9076,0.2914,0.0462,82.0798,105.1395,231.5425,0.4544,0.7815
2015-01-21T01:34:59.066Z,2.9826,73.4609,230.8234,0.3181,0.0407,3.3597,66.2854,229.9131,0.2883,0.0519,81.6732,105.3533,231.2888,0.4559,0.7762
2015-01-21T01:35:59.421Z,2.8718,73.8783,230.9334,0.3203,0.0388,3.1017,66.9674,229.8824,0.2918,0.0461,81.8512,105.7135,231.1842,0.4573,0.7751
2015-01-21T01:36:59.772Z,2.9467,73.6097,229.9264,0.3205,0.0404,3.0934,67.2731,228.7791,0.2938,0.0452,81.3099,104.6089,230.1799,0.4541,0.778
2015-01-21T01:37:59.087Z,3.0442,73.1486,230.0377,0.3179,0.0409,2.8479,66.5609,228.9566,0.291,0.044,80.8848,104.5511,229.7638,0.4547,0.7746
2015-01-21T01:38:59.399Z,2.7292,74.0973,229.4991,0.3227,0.0364,2.9882,66.3811,229.4153,0.2896,0.0441,81.4771,105.0611,230.2548,0.4565,0.7762
2015-01-21T01:39:59.556Z,2.6164,72.9598,229.9255,0.317,0.0357,3.1171,64.7752,229.6174,0.2821,0.0479,82.0147,106.0258,231.5114,0.4582,0.7758
2015-01-21T01:40:59.661Z,3.3382,71.9525,230.0212,0.3127,0.0473,3.0558,66.0399,229.6324,0.2877,0.0462,81.8347,106.3282,231.8221,0.4579,0.7708
2015-01-21T01:41:59.950Z,3.4679,72.8268,230.0185,0.3168,0.0497,3.0078,66.5542,229.6558,0.2899,0.0473,82.0569,105.1044,231.6401,0.4535,0.781
2015-01-21T01:42:59.134Z,3.3321,72.545,230.44,0.315,0.0448,3.0834,65.4899,229.156,0.2859,0.0489,81.8047,106.1306,232.1717,0.4569,0.7727
2015-01-21T01:43:59.408Z,3.0095,73.7407,230.5997,0.3201,0.0405,3.1727,66.8364,229.3381,0.2913,0.0476,82.7915,105.8058,232.7387,0.4546,0.7829
2015-01-21T01:44:59.594Z,2.8104,73.9382,231.1055,0.3199,0.0399,3.343,65.8571,228.8014,0.2885,0.0509,82.7778,106.3911,233.0914,0.4566,0.7786
2015-01-21T01:45:59.944Z,3.3732,73.6704,231.4688,0.318,0.046,2.944,67.206,229.1296,0.2938,0.0434,82.6782,106.3013,232.4918,0.4577,0.7789
2015-01-21T01:46:59.380Z,3.3344,73.1938,230.6916,0.3171,0.0459,3.3109,66.8082,228.7728,0.2918,0.0514,82.2488,105.9407,231.7994,0.4572,0.7769
2015-01-21T01:47:59.683Z,2.4429,72.5487,230.8524,0.3145,0.0353,2.6191,65.8862,228.0967,0.2885,0.0405,81.2731,104.7369,231.2269,0.4525,0.7771
2015-01-21T01:48:59.922Z,2.5772,72.6502,231.4267,0.3139,0.0355,3.2697,66.5064,227.8871,0.2916,0.0484,81.2235,105.1916,231.0753,0.4551,0.7729
2015-01-21T01:49:59.284Z,3.2583,72.6998,231.4299,0.3144,0.0433,3.0004,68.2256,230.0484,0.2961,0.0422,82.1671,105.9572,232.3316,0.4558,0.776
2015-01-21T01:50:59.730Z,3.4687,74.0762,231.8896,0.3193,0.0469,3.3232,66.9709,230.7593,0.2903,0.0493,82.5016,105.9166,232.5668,0.4554,0.7792
2015-01-21T01:51:59.890Z,3.0974,73.9533,231.4502,0.3189,0.0404,2.9178,67.168,230.6865,0.2911,0.0443,82.0642,105.9792,232.319,0.4563,0.7755
2015-01-21T01:52:59.147Z,2.7013,74.9608,231.7813,0.3234,0.0371,3.1146,66.8289,230.6854,0.29,0.0473,83.2143,107.1624,232.5478,0.4604,0.7781
2015-01-21T01:53:59.397Z,3.5553,72.8199,231.4899,0.315,0.0487,3.1096,66.956,230.4686,0.2904,0.047,82.5058,106.628,232.5799,0.4582,0.7752
2015-01-21T01:54:59.742Z,3.419,74.0329,231.0859,0.3205,0.046,2.9246,65.7944,230.676,0.2855,0.0442,83.2323,106.7825,232.7311,0.4593,0.7803
2015-01-21T01:55:59.207Z,2.9681,73.5548,231.572,0.3174,0.0398,2.9611,67.7693,230.5544,0.2938,0.0434,82.4313,105.9278,232.5186,0.4556,0.7789
2015-01-21T01:56:59.458Z,2.8075,73.1696,231.2649,0.3171,0.0388,3.0604,64.36,226.8668,0.284,0.0501,82.2044,105.8182,232.4819,0.4549,0.7775
2015-01-21T01:57:59.723Z,3.1637,73.5879,231.2888,0.3183,0.045,2.6945,66.1333,228.4112,0.2897,0.04,82.5099,106.2343,232.232,0.4576,0.777
2015-01-21T01:58:59.040Z,2.3658,73.6089,231.3387,0.3186,0.033,2.8171,66.1561,229.0603,0.2893,0.0436,81.8527,105.7953,231.4431,0.4571,0.7741
2015-01-21T01:59:59.384Z,3.3357,74.198,230.8691,0.3212,0.0445,3.2991,67.0671,230.2737,0.2913,0.05,82.404,106.6942,231.8097,0.4599,0.7729
2015-01-21T02:00:59.746Z,3.5702,72.074,232.0097,0.3107,0.0505,2.8381,66.734,230.7871,0.2886,0.0444,80.6673,101.742,230.6236,0.441,0.7945
2015-01-21T02:01:59.098Z,2.4246,72.8904,231.3711,0.3151,0.0349,3.1378,67.1711,230.5832,0.2911,0.0471,81.5737,104.727,230.5926,0.4548,0.7798
2015-01-21T02:02:59.347Z,2.6249,73.2359,231.088,0.3173,0.0361,3.5991,65.6178,230.4371,0.2852,0.0539,81.4343,105.3862,230.8579,0.4563,0.7741
2015-01-21T02:03:59.773Z,2.9016,74.8014,231.8913,0.3226,0.0385,2.4068,66.6837,230.7027,0.2891,0.0349,81.2754,104.7178,230.7003,0.4536,0.7763
2015-01-21T02:04:59.189Z,3.4211,73.6932,231.4548,0.3182,0.0459,3.1826,67.2844,230.3962,0.2923,0.0483,81.1932,104.8423,230.3099,0.4553,0.7749
2015-01-21T02:05:59.639Z,3.532,73.0565,231.415,0.315,0.0503,2.789,66.3065,230.1873,0.2884,0.046,80.8396,103.6243,230.1791,0.4505,0.7817
2015-01-21T02:06:59.885Z,3.0184,74.4759,230.8662,0.3224,0.0412,2.9542,66.6737,229.4648,0.2911,0.0447,80.6281,104.2525,229.7412,0.4537,0.7744
2015-01-21T02:07:59.118Z,3.1074,72.8847,230.2048,0.3167,0.0422,2.7026,66.017,229.3533,0.2881,0.0417,80.2576,103.369,229.0353,0.4511,0.7777
2015-01-21T02:08:59.386Z,3.2002,72.3199,228.9376,0.3163,0.0454,3.3414,65.5116,228.6425,0.2865,0.0508,81.1465,104.5591,229.6096,0.4553,0.7769
2015-01-21T02:09:59.613Z,3.0113,73.0363,228.9291,0.319,0.042,3.7111,67.7243,229.9866,0.2943,0.0564,80.2232,103.7904,229.6419,0.4519,0.7742
2015-01-21T02:10:59.861Z,2.9295,73.4823,229.971,0.319,0.0405,3.133,66.8757,231.3659,0.289,0.0466,81.3931,103.9519,230.741,0.4504,0.784
2015-01-21T02:11:59.057Z,3.0217,73.5978,231.3377,0.3177,0.0409,2.8673,67.7516,231.2727,0.2933,0.0436,82.0288,105.818,230.9156,0.4577,0.7759
2015-01-21T02:12:59.344Z,3.6415,73.4065,231.4401,0.3173,0.0493,2.2105,66.1171,230.6935,0.2865,0.0327,81.9058,105.4748,230.9712,0.4567,0.7771
2015-01-21T02:13:59.606Z,3.3455,72.7759,231.4316,0.314,0.0463,2.9228,67.5808,231.0324,0.2928,0.0426,81.4843,105.3616,230.8235,0.4559,0.7743
2015-01-21T02:14:59.794Z,2.9724,74.2976,231.6442,0.3203,0.0405,2.9496,66.3103,231.0177,0.2867,0.0455,81.3802,105.1219,230.7556,0.4552,0.7751
2015-01-21T02:15:59.066Z,2.7683,74.115,230.8277,0.3207,0.038,3.1354,66.1527,230.0437,0.2874,0.048,81.4698,104.8404,230.1583,0.4552,0.778
2015-01-21T02:16:59.459Z,3.6495,73.1848,231.1281,0.3174,0.0491,2.8754,64.3097,229.4598,0.2805,0.046,81.3862,105.0273,230.0701,0.4566,0.7765
2015-01-21T02:17:59.682Z,2.8738,74.6529,229.6146,0.325,0.0387,2.8492,66.1603,228.1709,0.2902,0.043,81.0133,104.1005,229.8609,0.4528,0.7787
2015-01-21T02:18:59.979Z,2.6586,72.7984,229.0851,0.318,0.0368,3.1188,66.1241,227.5952,0.2903,0.0463,80.8623,103.9322,229.686,0.4525,0.7782
2015-01-21T02:19:59.304Z,2.4661,73.34,230.2113,0.3184,0.0341,2.8342,66.4367,228.2623,0.2904,0.0427,80.4109,103.3956,229.7231,0.4501,0.7781
2015-01-21T02:20:59.476Z,3.243,73.0409,231.2025,0.3157,0.0449,2.4069,65.1619,229.5254,0.2844,0.0409,80.8291,105.0229,230.1923,0.4563,0.7711
2015-01-21T02:21:59.892Z,3.1023,73.3849,231.7666,0.3168,0.0427,2.5936,66.2862,229.8782,0.2879,0.0393,81.2018,105.0695,230.4988,0.4555,0.7738
2015-01-21T02:22:59.093Z,2.9836,72.3174,231.6487,0.3124,0.041,3.262,66.0419,230.3545,0.2864,0.0485,81.4085,104.8503,230.7162,0.4544,0.7771
2015-01-21T02:23:59.361Z,2.9161,74.2233,231.2934,0.321,0.0397,2.9204,66.1898,230.6016,0.2874,0.0452,82.1124,105.5932,231.6591,0.4554,0.778
2015-01-21T02:24:59.683Z,3.801,74.8929,231.3381,0.3237,0.0504,2.468,66.2711,230.2298,0.2878,0.038,82.1547,104.9132,231.36,0.4531,0.7831
2015-01-21T02:25:59.937Z,3.2127,72.8252,231.2285,0.3151,0.0462,2.9498,65.5432,230.3704,0.2844,0.0498,81.4127,104.2947,231.3087,0.4505,0.7821
2015-01-21T02:26:59.309Z,2.7636,74.2452,230.7053,0.3218,0.0376,3.3776,65.0147,229.106,0.2831,0.0534,81.1286,104.1083,230.6053,0.4516,0.7804
2015-01-21T02:27:59.506Z,2.4987,71.1164,230.3436,0.309,0.0341,2.7177,64.0383,229.0585,0.2791,0.0433,81.1721,103.2284,230.2639,0.4484,0.7882
2015-01-21T02:28:59.825Z,3.3586,72.993,230.0565,0.317,0.0471,2.8135,68.6254,229.6725,0.2989,0.0423,80.7984,104.0677,229.8436,0.4527,0.7769
2015-01-21T02:29:59.112Z,3.1369,73.9931,231.1774,0.3203,0.0432,2.9371,66.3611,229.9661,0.2883,0.0438,81.4106,104.6811,231.2188,0.4529,0.7797
2015-01-21T02:30:59.448Z,2.9925,73.8296,231.8311,0.3191,0.0411,2.7978,65.9633,230.2714,0.2869,0.0423,82.5759,105.5062,231.919,0.4554,0.7842
2015-01-21T02:31:59.797Z,2.9677,73.7313,231.666,0.3183,0.0403,3.4296,66.8133,229.9261,0.2904,0.0509,82.0265,105.8327,231.8576,0.4563,0.7757
2015-01-21T02:32:59.150Z,2.9337,72.8734,231.6686,0.3142,0.0408,3.3297,66.5526,229.8312,0.2894,0.0506,82.4978,106.1459,231.9817,0.4576,0.7779
2015-01-21T02:33:59.477Z,3.7259,73.9809,231.5614,0.32,0.0514,2.9741,66.3816,229.9784,0.2881,0.044,82.5684,106.2215,232.037,0.4575,0.7777
2015-01-21T02:34:59.903Z,3.538,73.6049,231.4984,0.3178,0.0488,2.8402,68.5287,229.8273,0.298,0.0433,81.8615,106.0642,231.8397,0.4575,0.7726
2015-01-21T02:35:59.130Z,2.9726,73.5192,231.5717,0.317,0.042,2.7151,64.9098,230.0263,0.2824,0.0429,82.2131,105.2249,232.3258,0.4529,0.7821
2015-01-21T02:36:59.373Z,2.7485,74.1107,231.6168,0.3204,0.035,3.26,66.066,230.326,0.2873,0.0493,83.1565,106.6541,232.4888,0.4586,0.7808
2015-01-21T02:37:59.815Z,3.5287,73.3349,231.8918,0.3157,0.0471,2.9604,66.2626,230.5562,0.2869,0.0449,83.1822,107.0265,232.6929,0.4601,0.7776
2015-01-21T02:38:59.108Z,3.4147,73.27,230.7024,0.3174,0.047,3.1311,67.5937,230.4171,0.2937,0.047,81.8632,104.8873,231.5544,0.4529,0.7806
2015-01-21T02:39:59.334Z,2.7087,74.3378,231.0207,0.3215,0.0369,3.4731,66.7401,230.6941,0.2887,0.0525,82.0909,105.6969,231.7901,0.4565,0.7775
2015-01-21T02:40:59.615Z,3.0026,74.1065,232.1084,0.3191,0.0404,2.7143,66.2152,230.6607,0.2875,0.0442,83.2047,106.3026,233.3691,0.4554,0.7845
2015-01-21T02:41:59.904Z,3.5953,73.0042,232.1831,0.3145,0.0489,2.8896,65.6309,230.7738,0.2842,0.0436,83.2576,106.4605,233.7795,0.4554,0.7843
2015-01-21T02:42:59.223Z,3.8761,74.5194,232.6562,0.3204,0.0531,2.6988,66.7526,230.5441,0.2899,0.041,84.3699,108.7394,234.0652,0.4643,0.7776
2015-01-21T02:43:59.738Z,3.3871,74.7697,232.3546,0.322,0.0459,2.9136,67.1882,230.6211,0.2908,0.0439,83.0989,105.7473,233.7185,0.4529,0.7855
2015-01-21T02:44:59.016Z,2.9602,73.428,232.033,0.3166,0.0417,3.4959,65.8253,230.8472,0.2854,0.0546,83.6223,107.7001,233.2348,0.4619,0.7777
2015-01-21T02:45:59.319Z,2.7255,72.2677,231.4223,0.3126,0.0369,3.0165,65.8809,230.3185,0.286,0.0492,82.5737,106.1029,232.2476,0.4564,0.78
2015-01-21T02:46:59.897Z,3.53,73.0285,231.1762,0.316,0.05,3.5002,66.3971,230.0721,0.2887,0.0533,82.1867,105.301,231.775,0.4541,0.7816
2015-01-21T02:47:59.189Z,3.0134,73.4878,231.058,0.318,0.0414,3.0244,65.6458,229.5236,0.286,0.0473,80.8433,105.4284,231.224,0.4561,0.7683
2015-01-21T02:48:59.244Z,2.7354,74.1541,231.4902,0.3204,0.0367,2.8648,65.3762,228.2924,0.286,0.0445,81.8649,106.4465,231.0251,0.4603,0.7699
2015-01-21T02:49:59.693Z,2.6554,73.282,231.4525,0.3169,0.0382,2.8002,64.5586,227.7711,0.284,0.0457,81.7548,105.3001,231.2938,0.4554,0.7773
2015-01-21T02:50:59.917Z,3.0562,73.1362,231.1343,0.3164,0.041,3.7654,66.0036,230.1095,0.2867,0.0569,82.6001,106.1908,231.9496,0.4577,0.7787
2015-01-21T02:51:59.132Z,3.5238,73.4252,230.9777,0.3176,0.0484,2.7861,66.1362,230.077,0.2873,0.0438,81.9624,106.2414,232.2964,0.4574,0.773
2015-01-21T02:52:59.236Z,2.7454,74.7296,231.2835,0.3227,0.0369,2.8446,64.3991,228.7204,0.2816,0.043,82.8984,104.7964,232.9829,0.4499,0.7916
2015-01-21T02:53:59.396Z,2.4557,74.3952,232.1453,0.321,0.0332,3.3081,63.7891,224.6309,0.2846,0.0519,83.7349,107.1602,233.9516,0.4585,0.7813
2015-01-21T02:54:59.763Z,2.8237,73.9334,230.8025,0.3202,0.0377,2.5321,65.3412,226.8302,0.2883,0.038,83.458,107.3354,233.7021,0.459,0.7779
2015-01-21T02:55:59.118Z,3.7924,73.2321,230.1874,0.3175,0.0521,3.4874,65.6388,227.7126,0.289,0.0537,83.1289,106.9571,232.891,0.4589,0.7787
2015-01-21T02:56:59.502Z,3.4472,73.4171,230.2566,0.3182,0.0477,3.0055,66.5916,227.8191,0.2916,0.0453,82.6892,106.6525,232.659,0.4578,0.7764
2015-01-21T02:57:59.738Z,3.107,73.908,230.7947,0.3199,0.0427,2.4767,64.6651,227.7517,0.2839,0.0393,82.0205,105.8516,232.808,0.4548,0.776
2015-01-21T02:58:59.979Z,2.7359,73.5569,232.1448,0.3169,0.0374,3.4462,64.4448,226.6568,0.2836,0.0531,82.5355,106.654,232.4686,0.459,0.7745
2015-01-21T02:59:59.338Z,2.4086,73.177,232.0452,0.3152,0.0333,2.9912,66.9468,229.2641,0.2921,0.0433,81.6007,105.5247,231.6538,0.4558,0.7737
