2015-06-03T00:00:59.678Z,4.5409,67.2622,231.5082,0.2903,0.0702,-6.7026,62.5585,233.3665,0.268,-0.1099,11.4477,63.9549,232.9601,0.2745,0.1823
2015-06-03T00:01:59.971Z,4.5381,70.1955,231.5888,0.3025,0.0656,-6.8549,63.5067,233.1902,0.2727,-0.1074,11.306,64.2319,232.8742,0.2759,0.1778
2015-06-03T00:02:59.129Z,4.7008,69.5429,231.965,0.2994,0.0683,-6.9091,62.2792,232.6712,0.2676,-0.1128,11.6427,62.9174,232.7096,0.2703,0.186
2015-06-03T00:03:59.524Z,4.9146,68.8689,231.6497,0.2967,0.071,-7.1731,61.0536,232.957,0.262,-0.1203,11.4202,63.6433,232.6932,0.2734,0.1825
2015-06-03T00:04:59.732Z,5.132,69.394,231.8115,0.2993,0.0748,-6.8876,63.4732,233.3092,0.2725,-0.1091,12.3115,64.5913,232.8551,0.2771,0.1902
2015-06-03T00:05:59.165Z,4.7584,69.3598,231.9649,0.299,0.069,-7.0693,63.1471,233.2646,0.2702,-0.1128,11.4321,65.2463,233.2993,0.2797,0.1767
2015-06-03T00:06:59.420Z,5.0127,70.2288,232.0771,0.3023,0.0715,-7.2308,63.7215,233.0771,0.2737,-0.1171,12.0578,63.5953,233.318,0.2723,0.19
2015-06-03T00:07:59.603Z,4.8882,68.0333,232.4261,0.2929,0.0732,-7.2396,61.3697,233.4643,0.2629,-0.1212,11.7051,63.2283,233.228,0.2714,0.1928
2015-06-03T00:08:59.733Z,4.6769,70.3451,232.0016,0.3033,0.0678,-7.5138,63.5241,233.5308,0.2719,-0.1191,11.6965,64.6195,233.2399,0.2767,0.1809
2015-06-03T00:09:59.025Z,4.9563,70.9273,232.239,0.3051,0.0702,-6.718,63.4306,233.463,0.2715,-0.1074,11.2274,64.4602,233.1691,0.2766,0.1763
2015-06-03T00:10:59.241Z,4.8803,69.2069,232.2168,0.2977,0.0723,-7.4078,64.7388,233.2973,0.278,-0.1134,11.308,63.2803,233.3756,0.2711,0.1802
2015-06-03T00:11:59.513Z,5.1415,68.3589,232.7832,0.2934,0.0757,-7.0748,64.4254,233.6158,0.2757,-0.1117,11.3238,63.5297,231.5305,0.274,0.1792
2015-06-03T00:12:59.879Z,5.1405,70.0319,232.63,0.3005,0.0744,-7.0163,64.1073,233.5732,0.2742,-0.11,11.4475,63.4122,232.4023,0.2726,0.1846
2015-06-03T00:13:59.121Z,4.4123,70.718,232.4287,0.3041,0.0627,-6.9361,63.4224,233.7508,0.2707,-0.1104,11.6712,64.7888,233.3879,0.2776,0.1808
2015-06-03T00:14:59.300Z,4.7901,70.4448,233.0349,0.302,0.0675,-7.2255,64.156,233.7003,0.2746,-0.1151,11.3225,64.6802,232.5979,0.2782,0.1764
2015-06-03T00:15:59.406Z,4.806,70.046,234.1801,0.2987,0.0695,-7.0841,60.8885,233.5933,0.2605,-0.1166,11.2885,63.0145,231.7989,0.272,0.1793
2015-06-03T00:16:59.634Z,5.3409,70.7416,234.2776,0.3021,0.0756,-7.0713,60.7911,233.5351,0.2602,-0.1165,11.3926,61.7423,231.5835,0.2666,0.1852
2015-06-03T00:17:59.834Z,4.7179,70.5822,234.2948,0.301,0.0686,-6.9627,61.5236,233.5661,0.2629,-0.1175,11.5251,63.1092,231.7535,0.2724,0.1865
2015-06-03T00:18:59.050Z,5.1174,70.8903,234.3192,0.3026,0.0711,-7.2554,63.2185,233.5509,0.271,-0.1161,11.5361,64.5689,231.5127,0.279,0.1802
2015-06-03T00:19:59.368Z,4.8454,70.5798,233.8093,0.3014,0.0679,-7.3364,63.7611,233.1987,0.2728,-0.1165,11.7088,62.5632,231.3523,0.2709,0.1873
2015-06-03T00:20:59.638Z,5.1244,71.0401,233.9697,0.3042,0.0737,-6.791,63.5887,233.5245,0.2721,-0.1073,11.2135,63.0925,231.5123,0.2729,0.1795
2015-06-03T00:21:59.882Z,5.0801,71.1838,234.509,0.304,0.0705,-6.7547,63.3803,234.0932,0.2702,-0.1057,11.9504,64.1824,231.5521,0.2771,0.1871
2015-06-03T00:22:59.185Z,4.9313,70.9087,234.6579,0.3019,0.0699,-7.13,62.7317,233.9647,0.2679,-0.1152,11.3837,64.0147,231.2686,0.2768,0.1787
2015-06-03T00:23:59.583Z,4.8652,70.7707,233.1979,0.3029,0.0692,-7.2254,61.9947,233.2446,0.2658,-0.118,11.2849,63.0929,230.369,0.2736,0.1802
2015-06-03T00:24:59.895Z,4.8478,69.3273,232.0108,0.2985,0.0709,-6.9438,63.7055,233.0832,0.2725,-0.1114,11.6265,64.2558,230.2149,0.2789,0.1816
2015-06-03T00:25:59.072Z,4.7117,69.5129,231.1598,0.3008,0.0686,-7.1186,62.2713,232.5714,0.2678,-0.116,11.3564,62.9669,229.9499,0.2738,0.1823
2015-06-03T00:26:59.361Z,4.6115,69.2941,230.8067,0.3001,0.0685,-6.66,61.4137,231.4632,0.2653,-0.1134,11.6591,63.8184,229.9326,0.277,0.1837
2015-06-03T00:27:59.533Z,4.8965,68.5673,231.598,0.2958,0.07,-6.7467,62.356,231.6099,0.2693,-0.1102,11.3637,63.1833,230.231,0.2744,0.1825
2015-06-03T00:28:59.783Z,4.7291,69.9232,232.2658,0.301,0.0682,-6.9922,62.4452,231.1915,0.2703,-0.1139,11.5115,62.7377,229.8142,0.2726,0.1851
2015-06-03T00:29:59.028Z,5.0257,69.5451,232.2438,0.2997,0.074,-6.6024,63.2866,231.7498,0.2728,-0.1075,11.0451,63.5998,229.513,0.2773,0.1763
2015-06-03T00:30:59.164Z,4.7359,69.156,232.0815,0.2983,0.0683,-6.7961,62.7266,232.4693,0.2701,-0.1095,11.467,64.0218,230.5237,0.2774,0.1815
2015-06-03T00:31:59.506Z,4.831,70.8504,231.8041,0.3057,0.0687,-7.2887,62.9788,232.0362,0.2714,-0.1164,11.5434,62.8656,230.9389,0.2724,0.183
2015-06-03T00:32:59.731Z,4.9009,68.94,231.6721,0.2973,0.0733,-6.9834,62.0076,232.1533,0.2673,-0.1151,11.3911,63.6222,231.1356,0.2752,0.1802
2015-06-03T00:33:59.836Z,4.7812,70.7196,231.7984,0.3051,0.0679,-7.2502,60.554,232.152,0.2607,-0.1189,11.4289,62.171,231.3242,0.2688,0.1825
2015-06-03T00:34:59.134Z,6.5442,69.4548,231.8556,0.3,0.0961,-7.4368,62.8199,232.0324,0.2701,-0.12,11.5003,64.3563,231.8574,0.2778,0.1791
2015-06-03T00:35:59.465Z,5.7878,70.292,231.8373,0.3024,0.0832,-7.7388,63.2947,232.0159,0.2723,-0.1227,11.3504,63.8705,231.658,0.2759,0.1795
2015-06-03T00:36:59.734Z,6.3676,69.4652,231.9141,0.2999,0.0925,-7.6864,61.8914,232.2921,0.267,-0.1289,11.8523,62.7623,231.8164,0.2707,0.1921
2015-06-03T00:37:59.963Z,6.23,69.0135,232.0657,0.2973,0.0921,-7.1715,61.8486,231.3659,0.2675,-0.1191,11.8533,63.9864,232.2896,0.2753,0.1876
2015-06-03T00:38:59.091Z,6.5042,69.8001,231.6692,0.3014,0.0944,-7.5017,61.9588,231.1816,0.2678,-0.1228,11.4461,63.8072,232.5116,0.2747,0.1827
2015-06-03T00:39:59.341Z,6.4162,70.1576,231.7533,0.3033,0.0929,-7.8309,61.5199,230.4934,0.2671,-0.1276,10.8836,64.1503,233.3284,0.2753,0.1709
2015-06-03T00:40:59.765Z,6.1246,70.5644,231.8581,0.3041,0.0867,-7.342,63.0199,230.7158,0.2733,-0.1174,11.7221,64.301,233.6833,0.2758,0.1832
2015-06-03T00:41:59.401Z,6.3508,69.4901,232.1525,0.2992,0.0926,-7.4631,62.9193,231.2934,0.2718,-0.1211,12.0164,64.4652,233.9492,0.2752,0.1887
2015-06-03T00:42:59.563Z,6.5846,70.013,231.9568,0.302,0.0964,-7.3714,62.1141,231.5001,0.2686,-0.1182,11.4944,64.3245,233.9721,0.2745,0.1791
2015-06-03T00:43:59.850Z,5.3695,70.411,232.069,0.3029,0.0777,-6.6842,63.7697,231.7618,0.2749,-0.1074,11.7719,64.1876,233.687,0.2748,0.1846
2015-06-03T00:44:59.060Z,4.7624,69.6397,231.9107,0.3002,0.0678,-7.1263,62.6804,231.6893,0.2703,-0.116,11.328,64.2754,233.7796,0.2749,0.1776
2015-06-03T00:45:59.179Z,4.8053,69.6566,232.2262,0.2991,0.0696,-7.2313,61.9502,231.856,0.2674,-0.1174,11.8379,65.0713,233.9497,0.2784,0.1816
2015-06-03T00:46:59.363Z,4.5093,69.2447,231.6756,0.2986,0.0656,-6.908,63.1088,231.6796,0.272,-0.111,11.4024,64.3943,233.4104,0.2756,0.1776
2015-06-03T00:47:59.497Z,4.7579,69.5705,231.859,0.2998,0.0686,-6.8797,61.5162,231.8348,0.2655,-0.1134,11.7233,65.3235,233.5379,0.2797,0.1819
2015-06-03T00:48:59.586Z,4.774,70.5511,231.8001,0.3044,0.0681,-6.9234,61.9735,232.8887,0.266,-0.113,11.2942,62.3832,233.1555,0.2681,0.1804
2015-06-03T00:49:59.764Z,4.9336,68.8957,231.9712,0.297,0.0739,-7.2728,62.9552,232.9363,0.27,-0.1165,12.1559,63.9024,233.4146,0.2733,0.1901
2015-06-03T00:50:59.180Z,4.9841,68.5827,231.9009,0.2959,0.0712,-7.1071,63.9419,232.7239,0.2751,-0.112,11.6356,64.7603,233.2978,0.2782,0.1809
2015-06-03T00:51:59.527Z,4.7442,68.8673,231.9471,0.2974,0.0685,-6.6537,63.467,232.9122,0.2724,-0.1058,11.7447,64.5423,233.46,0.2767,0.1833
2015-06-03T00:52:59.724Z,4.731,69.2778,231.9269,0.2989,0.0687,-7.0678,64.4521,232.8188,0.2769,-0.11,11.5891,62.932,233.503,0.2696,0.1853
2015-06-03T00:53:59.863Z,5.1322,70.2326,232.1353,0.3022,0.0736,-7.3574,62.4345,233.0607,0.2679,-0.1203,11.5824,65.0782,233.4981,0.2786,0.1799
2015-06-03T00:54:59.332Z,5.1029,69.6533,232.4123,0.2996,0.0749,-7.2535,64.4322,232.8762,0.2767,-0.1127,11.451,64.4776,233.0814,0.2765,0.1787
2015-06-03T00:55:59.574Z,5.1822,69.7259,231.814,0.3003,0.0741,-7.9491,62.3301,232.6977,0.2678,-0.1287,11.2586,64.6704,232.0135,0.2786,0.1763
2015-06-03T00:56:59.900Z,4.8436,69.5781,231.9788,0.3001,0.0711,-7.0121,62.7236,232.763,0.2696,-0.1152,11.3622,61.5827,232.1524,0.2653,0.1852
2015-06-03T00:57:59.183Z,4.8816,70.0003,232.3057,0.3007,0.07,-6.9317,62.2616,232.6096,0.267,-0.1142,11.3276,63.8254,231.9638,0.2752,0.1787
2015-06-03T00:58:59.412Z,5.0916,70.7644,232.8267,0.3035,0.072,-7.6513,63.0021,232.7418,0.271,-0.1231,11.3551,62.876,231.2993,0.272,0.1822
2015-06-03T00:59:59.690Z,4.8679,69.8272,232.5452,0.2996,0.0691,-6.8766,63.4521,232.8233,0.2728,-0.1096,11.8568,63.1885,231.9872,0.2727,0.1875
2015-06-03T01:00:59.873Z,5.403,68.7649,232.5556,0.2952,0.079,-7.1373,61.5881,232.5733,0.2648,-0.1209,11.137,62.0967,231.7807,0.2677,0.184
2015-06-03T01:01:59.128Z,4.6676,69.3797,232.4966,0.2981,0.068,-6.871,62.7678,232.7264,0.2697,-0.1106,11.5436,62.0532,232.0751,0.2672,0.1921
2015-06-03T01:02:59.449Z,4.8349,70.2322,232.779,0.3014,0.0702,-6.6368,61.1662,232.7966,0.2632,-0.1111,11.3875,63.3432,231.8946,0.2734,0.1829
2015-06-03T01:03:59.651Z,5.0885,70.2571,233.2041,0.301,0.0738,-7.3334,61.554,232.0012,0.2648,-0.1199,11.5626,65.1264,232.4253,0.2799,0.1777
2015-06-03T01:04:59.921Z,5.2985,69.8295,233.7216,0.2991,0.076,-7.4468,63.1988,230.0948,0.2745,-0.1205,11.8741,63.8707,232.917,0.2739,0.1863
2015-06-03T01:05:59.185Z,5.3361,70.7331,233.5685,0.3028,0.0772,-7.4815,61.9176,231.3353,0.2681,-0.1216,11.2118,63.2034,232.4987,0.2724,0.1772
2015-06-03T01:06:59.530Z,5.0058,69.9884,233.0154,0.3005,0.0721,-6.7245,63.1036,233.3993,0.27,-0.1063,11.7764,62.908,231.7183,0.2715,0.1905
2015-06-03T01:07:59.747Z,5.058,69.6854,233.179,0.2984,0.0727,-7.3223,62.309,233.3727,0.2667,-0.1193,11.6768,65.1756,232.0733,0.2804,0.1803
2015-06-03T01:08:59.993Z,4.6826,70.2168,232.7634,0.3014,0.0675,-7.1303,64.7656,233.6622,0.2774,-0.111,11.7004,63.8514,232.2959,0.2748,0.1833
2015-06-03T01:09:59.253Z,4.4464,70.9876,233.0778,0.3043,0.062,-6.7628,63.5512,233.3924,0.2727,-0.1079,11.5796,63.5992,232.4066,0.2734,0.1826
2015-06-03T01:10:59.543Z,5.1356,69.1962,233.2893,0.2966,0.0751,-7.5309,62.579,233.4218,0.2684,-0.121,11.7874,63.2437,232.4923,0.2722,0.1869
2015-06-03T01:11:59.764Z,5.2843,70.7523,233.3518,0.3032,0.0753,-6.8002,63.1222,233.6905,0.2709,-0.109,10.8092,63.3718,232.6858,0.2721,0.1712
2015-06-03T01:12:59.985Z,4.594,69.9565,233.1186,0.3,0.0662,-6.8625,62.6655,233.5904,0.2688,-0.1098,11.8219,65.3319,233.2848,0.2802,0.1816
2015-06-03T01:13:59.154Z,4.8271,70.4409,232.362,0.3033,0.0681,-6.9814,62.7822,233.0784,0.2691,-0.112,11.4454,65.3389,233.6844,0.2796,0.1756
2015-06-03T01:14:59.372Z,4.384,70.0892,232.2222,0.3021,0.0637,-7.4304,63.9735,232.5956,0.2751,-0.1169,11.5981,63.297,233.6127,0.2712,0.1851
2015-06-03T01:15:59.702Z,4.8547,69.4221,232.2253,0.2992,0.071,-6.5305,62.4703,232.8901,0.2678,-0.1062,11.8831,64.1567,233.5331,0.2748,0.1882
2015-06-03T01:16:59.956Z,4.8592,69.1436,231.8928,0.298,0.07,-6.7943,62.3145,233.0411,0.2674,-0.1104,11.5034,64.2146,233.0787,0.2753,0.1821
2015-06-03T01:17:59.118Z,5.0166,70.751,232.3576,0.3047,0.0699,-7.4272,63.0262,232.8521,0.2711,-0.1196,11.9018,64.0498,233.1362,0.2745,0.1869
2015-06-03T01:18:59.439Z,4.6586,69.979,232.4795,0.3009,0.0678,-7.3176,62.3143,233.0295,0.2677,-0.1199,11.6024,63.9491,233.0224,0.2743,0.1829
2015-06-03T01:19:59.691Z,4.4752,66.417,232.1474,0.286,0.0684,-6.8252,59.7687,233.1618,0.2559,-0.1219,11.5257,60.4363,232.8002,0.2593,0.194
2015-06-03T01:21:59.207Z,4.7746,69.0151,232.0492,0.2978,0.0699,-7.1622,61.7995,232.9508,0.2656,-0.1194,11.736,63.0104,233.1472,0.27,0.1903
2015-06-03T01:22:59.263Z,5.271,70.0137,231.1046,0.3029,0.0758,-6.862,62.1781,232.9427,0.2665,-0.1112,11.2604,62.3513,233.6874,0.2674,0.1818
2015-06-03T01:23:59.482Z,5.2391,69.7816,231.2633,0.3021,0.0754,-7.2251,63.0102,232.6331,0.271,-0.1155,11.876,65.2019,233.7777,0.2786,0.1822
2015-06-03T01:24:59.675Z,4.7243,69.5011,230.8929,0.3011,0.0691,-6.8181,62.663,232.8623,0.2693,-0.1107,11.5171,63.212,233.5555,0.2705,0.1832
2015-06-03T01:25:59.834Z,4.6255,69.5149,232.2542,0.2989,0.0674,-7.0104,61.9115,233.1432,0.2657,-0.1185,11.9244,64.8019,233.6996,0.2776,0.1879
2015-06-03T01:26:59.307Z,4.7522,69.8777,231.8865,0.3013,0.0695,-7.2426,62.8465,233.2504,0.2693,-0.1173,10.9624,64.4447,233.5687,0.2754,0.1709
2015-06-03T01:27:59.374Z,4.9176,70.0912,231.7067,0.3026,0.0698,-6.9392,60.8378,233.2956,0.2607,-0.1144,11.477,61.9741,233.656,0.2647,0.1853
2015-06-03T01:28:59.701Z,4.7244,70.5963,231.8962,0.3047,0.0671,-7.2582,63.2063,233.3214,0.2707,-0.1163,11.5752,63.3969,233.7048,0.271,0.1833
2015-06-03T01:29:59.082Z,4.746,70.5799,232.2573,0.3038,0.0661,-6.9326,63.3699,233.361,0.2721,-0.1102,11.5848,64.2634,233.9564,0.2747,0.1821
2015-06-03T01:30:59.297Z,4.6298,70.0678,232.1293,0.302,0.0663,-7.0344,63.0009,233.021,0.2707,-0.1142,11.6225,63.251,233.9748,0.2704,0.1849
2015-06-03T01:31:59.556Z,5.1462,69.3593,231.8844,0.2991,0.0738,-6.7265,63.397,233.3671,0.2719,-0.1102,11.3711,63.4946,233.6738,0.2716,0.1803
2015-06-03T01:32:59.816Z,4.8134,69.7022,231.6527,0.3005,0.0691,-6.8049,63.4577,233.0405,0.2725,-0.1103,11.6312,64.6372,233.3786,0.2764,0.1801
2015-06-03T01:33:59.980Z,4.3657,70.9777,232.0144,0.3054,0.0622,-6.9067,62.1146,232.6443,0.267,-0.1101,11.8157,62.8416,233.0749,0.2705,0.1878
2015-06-03T01:34:59.079Z,4.3837,70.3937,232.1039,0.3036,0.0633,-7.2806,60.8937,230.9753,0.2638,-0.1201,11.6642,63.2896,234.0608,0.2703,0.1846
2015-06-03T01:35:59.331Z,5.295,68.6236,232.2987,0.2951,0.0796,-7.21,60.3525,230.0088,0.2623,-0.1249,11.2282,62.9638,234.2987,0.2689,0.1836
2015-06-03T01:36:59.632Z,5.0578,69.8205,231.8474,0.301,0.0733,-6.6031,64.5468,232.8368,0.2773,-0.1041,11.8567,63.8705,233.4476,0.2737,0.186
2015-06-03T01:37:59.992Z,4.5977,69.1351,231.9389,0.2978,0.068,-7.2377,62.4648,232.8576,0.2686,-0.1167,11.7211,64.5814,233.4985,0.2767,0.1837
2015-06-03T01:38:59.199Z,4.9631,70.4038,232.2379,0.3029,0.0709,-7.3265,62.9024,232.8487,0.2702,-0.1172,11.4651,63.7288,233.6362,0.2721,0.1809
2015-06-03T01:39:59.448Z,5.0363,69.6416,232.0576,0.2999,0.0715,-7.0644,61.9341,232.9402,0.2658,-0.1144,11.8638,64.9693,233.6203,0.2785,0.1835
2015-06-03T01:40:59.904Z,5.4325,69.4883,232.1205,0.2992,0.0786,-7.1266,62.9464,232.6066,0.2702,-0.117,11.7274,64.1723,233.609,0.2747,0.1849
2015-06-03T01:41:59.205Z,6.2988,68.6289,232.2319,0.2951,0.0917,-7.7264,63.4216,232.788,0.2722,-0.125,11.2283,62.1224,233.9356,0.2652,0.1849
2015-06-03T01:42:59.254Z,6.9962,70.2726,232.2968,0.3021,0.0998,-7.8754,61.6743,232.7108,0.2649,-0.1278,11.9547,63.5974,233.886,0.272,0.1875
2015-06-03T01:43:59.523Z,6.634,69.7777,232.1785,0.3005,0.0963,-7.2796,64.5395,232.6801,0.2777,-0.1135,11.544,64.5087,233.7827,0.2756,0.1797
2015-06-03T01:44:59.826Z,6.4727,68.6221,232.1424,0.2954,0.0948,-7.8729,62.3142,232.3217,0.268,-0.1307,11.7726,64.2492,233.6736,0.2752,0.186
2015-06-03T01:45:59.190Z,6.0872,69.1431,232.1502,0.2973,0.0893,-7.3801,62.6918,232.4648,0.2696,-0.1206,11.5067,64.9529,233.6051,0.2781,0.1785
2015-06-03T01:46:59.407Z,5.8562,69.7801,232.2839,0.3002,0.0848,-7.4558,63.642,232.4604,0.2742,-0.1203,11.8308,64.6326,233.716,0.2767,0.1845
2015-06-03T01:47:59.612Z,7.024,70.439,232.3726,0.3033,0.1009,-7.0182,62.6196,232.4704,0.2696,-0.1136,11.5657,63.7059,233.6988,0.2724,0.1819
2015-06-03T01:48:59.826Z,6.6758,69.9762,232.5077,0.3008,0.0965,-7.8071,62.0634,232.7631,0.2663,-0.1249,11.6252,65.0334,233.7618,0.2776,0.1801
2015-06-03T01:50:59.355Z,6.237,70.0703,232.6792,0.3012,0.0891,-7.165,62.9322,232.8623,0.2702,-0.1169,11.6275,64.846,233.3907,0.2775,0.1807
2015-06-03T01:51:59.647Z,4.6826,69.1896,232.4071,0.2975,0.0703,-6.7117,64.384,232.7989,0.2765,-0.1086,11.2473,63.9387,232.5327,0.2747,0.1779
2015-06-03T01:52:59.929Z,4.6438,70.0571,232.2581,0.3014,0.0668,-7.4008,63.4346,232.6189,0.2725,-0.1174,11.7434,64.1146,232.6041,0.2753,0.1853
2015-06-03T01:53:59.255Z,5.311,70.3679,232.5081,0.3028,0.0758,-7.3089,64.1437,232.9381,0.2759,-0.1153,11.7398,63.5091,232.478,0.2732,0.1864
2015-06-03T01:54:59.653Z,4.8457,70.3146,232.5784,0.3022,0.0702,-6.7845,61.6863,233.1037,0.2643,-0.1132,11.8233,64.0695,233.0018,0.2747,0.1879
2015-06-03T01:55:59.841Z,5.0667,69.8517,232.467,0.3003,0.0737,-6.9723,62.6937,233.2704,0.2685,-0.1138,11.9214,63.3334,233.2398,0.2712,0.1892
2015-06-03T01:56:59.088Z,6.4713,69.7903,232.1681,0.3002,0.0945,-7.6625,64.6327,232.8784,0.2771,-0.1197,11.6589,64.5848,233.5312,0.2767,0.1824
2015-06-03T01:57:59.306Z,6.5137,70.6146,232.162,0.3039,0.0934,-7.7453,63.6608,232.8603,0.273,-0.1242,11.4797,65.1699,233.4508,0.2792,0.177
2015-06-03T01:58:59.572Z,6.5174,69.8592,232.258,0.3007,0.0947,-7.4367,62.1157,232.8062,0.2668,-0.121,11.476,65.7809,233.6597,0.2815,0.1756
2015-06-03T01:59:59.873Z,6.2753,69.6263,231.9154,0.3011,0.0922,-7.3277,63.9724,232.7336,0.2747,-0.1182,11.4349,64.1442,233.5519,0.2747,0.1796
2015-06-03T02:00:59.977Z,6.5211,67.7174,231.7608,0.2923,0.1009,-7.5687,61.1402,232.8547,0.263,-0.1302,11.2083,62.8249,233.6353,0.2687,0.183
2015-06-03T02:01:59.435Z,6.0734,70.1512,231.6294,0.3029,0.0868,-7.3896,62.955,232.9808,0.2699,-0.1194,11.8126,64.6163,233.5932,0.2766,0.1843
2015-06-03T02:02:59.594Z,6.1791,70.3489,231.5835,0.3036,0.0886,-7.7063,62.2534,232.9844,0.267,-0.1255,11.2559,62.8474,233.624,0.2685,0.1801
2015-06-03T02:03:59.698Z,6.6162,70.506,230.9288,0.3053,0.0955,-7.3453,62.0337,232.698,0.2668,-0.119,11.5405,62.3715,233.6592,0.2673,0.1847
2015-06-03T02:04:59.050Z,6.8916,67.8739,231.4409,0.2933,0.1017,-7.6504,63.3189,232.3487,0.2729,-0.125,11.8082,62.7238,233.6444,0.2682,0.1947
2015-06-03T02:05:59.176Z,6.3805,69.091,231.4548,0.2984,0.0945,-7.7465,62.0226,232.178,0.2671,-0.1285,11.4485,64.394,233.5131,0.2758,0.1822
2015-06-03T02:06:59.528Z,6.4763,68.1286,231.7798,0.2938,0.0962,-7.4797,62.1023,232.8195,0.2667,-0.1236,11.7877,65.3602,233.5003,0.2799,0.1846
2015-06-03T02:07:59.770Z,6.3883,69.9699,232.0527,0.3015,0.0907,-7.7412,63.4198,233.168,0.2716,-0.1232,11.7915,64.7708,233.3828,0.2774,0.183
2015-06-03T02:08:59.943Z,6.4051,69.1036,232.4343,0.2977,0.0936,-7.3202,62.2174,233.0573,0.2669,-0.1192,11.3363,65.3526,233.5989,0.2792,0.1755
2015-06-03T02:09:59.327Z,6.7373,68.9461,232.7736,0.2964,0.1008,-7.6806,61.5529,232.9409,0.2643,-0.1298,11.9474,64.3164,233.5242,0.2748,0.1912
2015-06-03T02:10:59.605Z,5.7387,70.4401,233.1281,0.3018,0.0816,-7.4129,65.7077,233.3279,0.2814,-0.116,11.3116,64.1282,233.7358,0.2743,0.1774
2015-06-03T02:11:59.990Z,6.0404,70.272,232.6563,0.302,0.0873,-7.3166,63.961,233.0439,0.274,-0.1164,11.507,64.9573,233.4257,0.278,0.1764
2015-06-03T02:12:59.383Z,6.4789,70.2154,232.5639,0.302,0.0938,-7.3672,63.8272,232.9849,0.2741,-0.117,11.6446,64.1524,233.3734,0.2747,0.1806
2015-06-03T02:13:59.773Z,6.6433,70.4893,232.5442,0.3031,0.0946,-7.3325,62.2486,233.0969,0.2669,-0.1181,11.6926,64.2316,233.4809,0.2749,0.1855
2015-06-03T02:15:59.507Z,5.0328,69.7221,232.8812,0.2997,0.0733,-7.3259,62.9354,233.6179,0.2693,-0.1171,11.3278,64.244,233.0933,0.2757,0.1788
2015-06-03T02:16:59.661Z,5.0895,69.3742,232.703,0.2982,0.0741,-7.2009,63.0861,233.5526,0.2699,-0.117,11.1293,63.5049,232.6882,0.2729,0.1765
2015-06-03T02:17:59.938Z,4.7419,70.7793,233.0352,0.3034,0.0664,-6.6758,62.9503,233.4942,0.2699,-0.108,11.4705,65.0157,232.6735,0.2797,0.1769
2015-06-03T02:18:59.191Z,4.5157,69.2652,233.1148,0.2976,0.0666,-6.742,63.4928,233.4734,0.2718,-0.1066,11.5934,63.9074,232.568,0.2749,0.1824
2015-06-03T02:19:59.483Z,4.9757,69.2504,233.3911,0.2971,0.0738,-6.9715,62.3463,233.4371,0.2671,-0.1163,11.7555,63.2256,232.8766,0.2719,0.1935
2015-06-03T02:20:59.696Z,5.2177,71.1075,233.6082,0.3038,0.0732,-7.6793,61.1204,230.2686,0.2651,-0.1263,12.0381,64.8215,233.92,0.2769,0.1856
2015-06-03T02:21:59.975Z,4.6392,69.9357,232.284,0.3021,0.0668,-7.0382,63.1215,232.5751,0.2716,-0.1114,11.1346,64.8686,233.3947,0.2782,0.1733
2015-06-03T02:22:59.145Z,4.7572,69.5862,232.1412,0.2997,0.0681,-7.1739,64.0485,233.7524,0.2738,-0.1138,11.6546,63.7347,232.8079,0.2736,0.183
2015-06-03T02:23:59.254Z,4.5115,69.6969,231.7866,0.3003,0.0659,-6.8566,61.4629,233.2822,0.2636,-0.1125,11.2712,62.7781,232.8193,0.2692,0.1791
2015-06-03T02:24:59.357Z,4.7985,71.4311,232.988,0.3063,0.0671,-7.1314,59.0918,232.7246,0.2538,-0.1235,11.5111,61.8078,232.7769,0.2656,0.1887
2015-06-03T02:25:59.641Z,4.8449,70.6386,233.5298,0.3026,0.0676,-7.3202,63.5335,233.0723,0.2721,-0.1155,11.4171,63.308,233.3029,0.2716,0.181
2015-06-03T02:26:59.024Z,5.2916,70.597,233.617,0.3019,0.0759,-6.9523,63.4123,233.682,0.2712,-0.1124,11.7619,63.4308,233.3491,0.2718,0.1869
2015-06-03T02:27:59.332Z,4.7775,70.2795,233.4269,0.3011,0.069,-6.7862,63.4804,233.8866,0.2714,-0.11,11.2979,64.7568,233.3546,0.2771,0.1769
2015-06-03T02:28:59.600Z,4.7026,70.6571,233.4565,0.3025,0.067,-7.3381,63.7732,233.7437,0.2731,-0.1158,12.1267,65.7837,233.3496,0.2813,0.1856
2015-06-03T02:29:59.963Z,5.7175,68.906,233.337,0.2949,0.0837,-6.7224,62.8222,233.5483,0.269,-0.1114,11.5328,63.9404,233.1568,0.2743,0.1847
2015-06-03T02:30:59.264Z,5.141,70.1767,233.3817,0.3002,0.0736,-6.8736,62.5543,233.5612,0.2679,-0.11,11.5901,64.2028,233.2328,0.2748,0.1818
2015-06-03T02:31:59.584Z,4.6469,71.3137,233.3886,0.3057,0.0654,-7.3149,62.6986,233.3455,0.2693,-0.1171,11.9258,65.6512,233.3673,0.2818,0.1824
2015-06-03T02:32:59.731Z,4.7759,70.133,233.2833,0.3,0.0697,-7.0613,63.649,233.348,0.273,-0.1124,11.3626,64.6814,233.2558,0.2777,0.1776
2015-06-03T02:33:59.031Z,5.1483,71.506,233.5478,0.3061,0.0734,-7.2219,63.2641,233.2918,0.271,-0.1179,11.4246,64.1552,233.3408,0.2754,0.1803
2015-06-03T02:34:59.177Z,5.2132,68.9266,233.5931,0.2949,0.0764,-6.9518,62.4959,233.402,0.2676,-0.1134,11.7387,64.5442,233.6652,0.2764,0.1855
2015-06-03T02:35:59.569Z,5.0695,70.4891,233.3418,0.3018,0.0725,-7.395,62.5695,232.9949,0.2684,-0.1203,11.59,64.8684,233.6399,0.2777,0.1811
2015-06-03T02:36:59.785Z,4.79,70.2188,233.6182,0.3003,0.069,-7.2847,64.2298,232.8064,0.2759,-0.1141,11.4123,64.0354,233.1104,0.2745,0.1789
2015-06-03T02:37:59.086Z,4.9642,69.4051,233.6563,0.2967,0.0723,-7.2119,64.2881,233.7159,0.2748,-0.114,11.405,63.9789,232.9843,0.2748,0.1802
2015-06-03T02:38:59.377Z,6.0499,70.1176,233.8747,0.2999,0.0854,-7.2957,63.0833,233.3802,0.2702,-0.1171,11.9478,64.4964,232.8936,0.277,0.1874
2015-06-03T02:39:59.668Z,6.2423,69.2321,233.4705,0.2963,0.0908,-7.5669,63.0308,233.6271,0.2702,-0.1253,11.3987,62.8976,233.4564,0.2695,0.1885
2015-06-03T02:40:59.038Z,6.3748,69.7061,233.2771,0.298,0.0911,-7.8037,63.4174,233.582,0.2717,-0.125,11.5922,64.3968,233.9757,0.2756,0.181
2015-06-03T02:41:59.088Z,6.5515,71.3518,232.9453,0.3059,0.0932,-7.4729,61.4581,233.481,0.2632,-0.1229,11.4746,63.0038,234.2676,0.269,0.1822
2015-06-03T02:42:59.256Z,6.6168,71.1586,232.6811,0.3058,0.0952,-7.7846,63.3056,233.4312,0.2711,-0.1249,11.6602,63.0775,233.946,0.2693,0.1857
2015-06-03T02:43:59.630Z,5.9277,71.4759,232.9409,0.3064,0.0834,-7.4805,63.008,233.5035,0.269,-0.1213,11.677,64.0017,234.2589,0.2732,0.1851
2015-06-03T02:44:59.924Z,6.2785,69.823,232.622,0.3001,0.0912,-7.7584,63.0598,233.4258,0.2699,-0.1245,11.953,64.9511,233.9308,0.2775,0.1849
2015-06-03T02:45:59.079Z,6.4643,71.6829,232.3548,0.3088,0.0912,-7.5799,61.9278,232.0512,0.2662,-0.1228,11.4632,63.2307,234.0222,0.2701,0.1817
2015-06-03T02:46:59.226Z,6.3754,70.3557,232.6229,0.3024,0.092,-7.4548,61.4812,229.827,0.267,-0.1213,11.8648,65.0825,234.8777,0.2771,0.1821
2015-06-03T02:47:59.493Z,6.231,70.2102,232.394,0.3022,0.0898,-7.6154,62.274,230.766,0.27,-0.1242,11.8566,62.5508,234.4692,0.2668,0.1898
2015-06-03T02:48:59.634Z,6.4014,69.9253,232.3202,0.3008,0.0926,-7.7978,61.4286,233.1325,0.2633,-0.1271,11.8573,62.5345,233.6246,0.2675,0.1912
2015-06-03T02:49:59.724Z,6.6824,70.7,232.5015,0.304,0.0959,-7.5862,61.0982,233.097,0.262,-0.1269,11.5446,64.3202,233.7598,0.2749,0.1833
2015-06-03T02:50:59.837Z,6.9688,69.4685,232.392,0.2991,0.101,-7.659,62.0357,233.076,0.2658,-0.1246,12.236,63.8382,233.7616,0.2731,0.1926
2015-06-03T02:51:59.977Z,6.2362,70.4535,232.7184,0.3029,0.0895,-7.8633,61.9091,233.0096,0.2655,-0.1274,11.6297,62.8755,233.6056,0.2689,0.1834
2015-06-03T02:52:59.310Z,6.8037,70.6527,233.1627,0.3032,0.0968,-7.777,61.9616,233.2412,0.2657,-0.1254,11.7388,64.1244,233.0696,0.2748,0.182
2015-06-03T02:53:59.795Z,6.8491,69.6283,233.1022,0.2987,0.0996,-7.5592,62.3628,233.2118,0.2678,-0.1297,11.6373,62.5651,233.1785,0.2683,0.1923
2015-06-03T02:54:59.900Z,6.7738,69.8507,232.5716,0.3007,0.0984,-7.8674,62.384,232.9357,0.2678,-0.1268,11.9648,64.8611,233.1977,0.2785,0.1853
2015-06-03T02:55:59.168Z,6.4999,70.6429,232.3247,0.3041,0.0936,-7.2201,62.6808,232.2263,0.27,-0.1179,11.4879,63.5037,233.5748,0.2714,0.1814
2015-06-03T02:56:59.310Z,6.6352,69.4598,231.4214,0.2998,0.0973,-7.8019,62.4949,232.5082,0.2689,-0.1264,11.97,65.0684,233.6416,0.2781,0.1854
2015-06-03T02:57:59.454Z,6.3373,70.1398,232.319,0.3015,0.0933,-7.3313,61.7156,232.938,0.2649,-0.1201,11.571,64.1659,233.9669,0.2746,0.1832
2015-06-03T02:58:59.666Z,6.2078,68.508,232.4086,0.2946,0.0907,-7.4356,62.5835,232.8686,0.2687,-0.1215,11.8071,64.3945,233.8154,0.2751,0.187
2015-06-03T02:59:59.915Z,6.4125,70.2588,232.2574,0.3023,0.0915,-7.5657,63.611,232.6179,0.2737,-0.1213,11.5626,66.2285,233.7442,0.2831,0.1751
2015-06-03T03:00:59.370Z,6.4888,68.1833,232.4167,0.293,0.0952,-7.1602,62.3099,232.4628,0.2686,-0.1132,11.2884,64.608,233.7857,0.2762,0.176
2015-06-03T03:01:59.537Z,6.537,69.8576,232.0033,0.301,0.0942,-7.8011,62.5709,232.4593,0.269,-0.1249,11.5344,63.5937,233.6343,0.2721,0.1836
2015-06-03T03:02:59.825Z,6.1587,70.6461,231.7786,0.3043,0.0885,-7.4795,63.6568,232.3303,0.2735,-0.124,11.5695,63.8558,233.4115,0.2734,0.184
2015-06-03T03:03:59.044Z,6.3374,69.6183,231.6587,0.3001,0.0904,-7.7499,61.0807,232.1017,0.2632,-0.1291,11.6132,65.4384,233.1528,0.281,0.1793
2015-06-03T03:04:59.403Z,6.6581,70.2485,231.654,0.3031,0.0951,-7.3457,63.5349,231.9476,0.2737,-0.1199,12.0705,64.1987,232.7815,0.2763,0.188
2015-06-03T03:05:59.700Z,6.5043,69.7332,231.7188,0.3008,0.0936,-7.6287,62.6863,232.2003,0.2699,-0.1251,11.9622,64.4108,232.5331,0.2769,0.1871
2015-06-03T03:06:59.900Z,6.2251,70.509,231.9339,0.3038,0.0893,-8.0077,62.5471,232.2272,0.2693,-0.1299,11.5233,65.1845,232.5734,0.2799,0.176
2015-06-03T03:07:59.129Z,6.3336,70.69,231.7208,0.3052,0.0904,-7.487,63.4612,232.304,0.2736,-0.1198,11.7701,64.1579,232.7355,0.2756,0.1846
2015-06-03T03:08:59.325Z,6.6566,70.1515,231.7423,0.3026,0.0959,-7.2579,61.8913,232.3411,0.2668,-0.1203,11.553,63.9325,232.7875,0.2749,0.1837
2015-06-03T03:09:59.460Z,6.6433,70.4671,231.866,0.304,0.0956,-7.2573,60.7659,232.252,0.2621,-0.1195,11.318,62.6785,232.7505,0.2693,0.1813
2015-06-03T03:10:59.626Z,6.0481,68.9814,232.3304,0.2968,0.089,-8.0674,63.8377,232.0757,0.2752,-0.1275,11.8948,64.5889,232.8313,0.2774,0.1837
2015-06-03T03:11:59.762Z,6.3481,70.1776,232.269,0.3022,0.0908,-7.4042,62.1952,232.2982,0.2676,-0.1187,11.533,62.8535,233.1597,0.2698,0.1838
2015-06-03T03:12:59.244Z,6.0053,71.0102,232.3732,0.3054,0.0853,-7.4173,63.2226,232.8336,0.2713,-0.1179,11.4334,63.7994,233.3424,0.2736,0.1806
2015-06-03T03:13:59.605Z,6.5357,69.3202,232.2473,0.2985,0.0957,-7.9999,60.9474,232.7295,0.2617,-0.1362,11.7475,64.6376,233.4638,0.2767,0.1857
2015-06-03T03:14:59.864Z,6.0582,70.1686,231.6604,0.3029,0.0874,-7.4513,62.5076,232.9787,0.2685,-0.1226,11.7095,65.5198,233.3107,0.2816,0.1813
2015-06-03T03:15:59.099Z,6.4379,69.2316,231.8077,0.2981,0.0922,-7.4304,61.706,233.2358,0.2641,-0.1219,11.6654,65.0849,233.6547,0.2788,0.1783
2015-06-03T03:16:59.313Z,6.1737,69.3018,231.6174,0.2993,0.0899,-7.6726,62.9877,233.2181,0.2699,-0.1225,11.6593,64.797,233.4325,0.2778,0.1803
2015-06-03T03:17:59.645Z,6.2035,68.598,230.4381,0.2971,0.0901,-7.7325,64.1131,233.5325,0.2746,-0.1231,11.8954,63.7973,233.6408,0.2732,0.1889
2015-06-03T03:18:59.938Z,6.2528,69.9882,230.454,0.3027,0.0903,-7.3029,62.3782,233.6083,0.2671,-0.1176,11.4645,64.7696,233.7728,0.2773,0.1774
2015-06-03T03:19:59.213Z,6.4054,69.1123,230.7026,0.2992,0.0943,-7.7643,63.4656,233.7079,0.272,-0.1233,11.7667,64.6946,233.2702,0.277,0.1838
2015-06-03T03:20:59.381Z,6.9258,70.7664,231.4622,0.3056,0.0984,-7.7334,61.7333,232.9416,0.2651,-0.1262,11.8734,64.3752,233.2327,0.2754,0.1852
2015-06-03T03:21:59.454Z,6.6378,69.8503,231.6668,0.3018,0.0955,-7.3659,61.5402,232.8884,0.2642,-0.1221,11.7368,62.5792,233.9031,0.268,0.188
2015-06-03T03:22:59.745Z,6.8597,69.0578,232.7585,0.2965,0.1009,-7.3803,62.896,233.2811,0.2696,-0.1204,11.3478,64.9288,234.1914,0.2773,0.179
2015-06-03T03:23:59.052Z,6.773,68.4703,233.0743,0.2939,0.1002,-7.443,62.9683,233.1409,0.2703,-0.125,11.5298,63.2854,234.2357,0.27,0.1863
2015-06-03T03:24:59.335Z,6.7767,69.7518,232.8078,0.2998,0.0989,-7.3258,65.3531,233.4675,0.2801,-0.1174,12.0276,63.5347,233.8618,0.2719,0.1913
2015-06-03T03:25:59.838Z,6.2483,70.8703,232.7263,0.3048,0.0893,-7.5698,62.4403,233.6763,0.2675,-0.1214,11.5812,64.2557,233.7203,0.2751,0.1815
2015-06-03T03:26:59.948Z,7.0107,70.1292,232.8943,0.3013,0.1009,-7.8258,61.4954,233.7087,0.2631,-0.1269,11.7754,63.079,233.8242,0.2695,0.1876
2015-06-03T03:27:59.306Z,6.1392,70.4737,232.9682,0.3028,0.0871,-7.648,63.3291,233.4993,0.2711,-0.1232,11.2321,64.5922,233.5668,0.2768,0.1752
2015-06-03T03:28:59.717Z,6.4203,69.558,233.0673,0.298,0.0935,-7.3377,62.5398,232.7811,0.269,-0.1177,11.6878,64.9138,234.0655,0.2775,0.1844
2015-06-03T03:29:59.893Z,5.9796,69.9095,232.8835,0.3002,0.0859,-7.4559,61.4546,232.377,0.2648,-0.1218,11.5111,63.4653,234.4887,0.2705,0.1825
2015-06-03T03:30:59.296Z,6.5074,70.2323,232.739,0.3022,0.0934,-7.9959,61.6887,232.7036,0.2654,-0.1302,11.9438,65.9114,234.4796,0.2811,0.1834
2015-06-03T03:31:59.753Z,6.5749,70.0292,232.3601,0.3012,0.0952,-7.5477,63.5464,232.4111,0.2741,-0.1208,11.712,65.5545,234.6354,0.2796,0.1798
2015-06-03T03:32:59.966Z,6.9816,69.9682,231.7984,0.3017,0.1001,-7.5817,62.8238,232.5427,0.27,-0.1224,11.7834,66.0121,235.4015,0.2802,0.179
2015-06-03T03:33:59.109Z,6.2562,70.4721,230.6789,0.3052,0.0894,-8.2245,63.2716,233.3016,0.2706,-0.1299,11.778,64.4927,235.3235,0.2743,0.1821
2015-06-03T03:34:59.558Z,5.9641,69.1247,230.9695,0.2993,0.087,-7.1236,62.962,232.8313,0.2699,-0.1153,11.7186,64.9725,235.0164,0.2763,0.1799
2015-06-03T03:35:59.744Z,6.3984,69.0963,231.2786,0.2989,0.0934,-7.8171,63.7676,232.4922,0.2742,-0.1236,11.7766,63.9662,234.8611,0.2723,0.1826
2015-06-03T03:36:59.145Z,6.4181,69.0822,231.1013,0.2988,0.0956,-7.5997,64.0792,232.4279,0.2757,-0.1212,11.9831,66.3081,234.741,0.2822,0.1827
2015-06-03T03:37:59.503Z,6.4201,70.0343,230.8856,0.3031,0.0923,-7.8926,61.804,232.4168,0.2663,-0.1277,11.7668,64.8292,234.8313,0.2755,0.1827
2015-06-03T03:38:59.816Z,6.1138,69.281,230.4776,0.301,0.09,-7.7486,62.6092,231.9639,0.2692,-0.1266,11.8512,63.9959,234.6699,0.273,0.1854
2015-06-03T03:39:59.977Z,6.4343,70.0264,230.5491,0.3036,0.0929,-7.5774,63.2253,232.0632,0.2724,-0.1199,11.6891,65.9819,234.5058,0.2809,0.1777
2015-06-03T03:40:59.182Z,6.0692,68.9071,230.3378,0.2984,0.088,-7.3859,62.9891,232.172,0.2712,-0.1199,11.6671,65.204,233.864,0.279,0.18
2015-06-03T03:41:59.365Z,6.4234,69.1788,228.6437,0.3027,0.0933,-7.8095,63.8159,232.4055,0.2742,-0.1225,11.869,65.7837,234.2147,0.2809,0.1816
2015-06-03T03:42:59.593Z,5.901,68.8554,228.5886,0.3003,0.0865,-7.5487,62.0071,232.5502,0.2666,-0.1264,12.0085,63.1968,234.4118,0.2701,0.1962
2015-06-03T03:43:59.811Z,5.6881,68.3746,228.4087,0.2996,0.0831,-7.5695,61.5487,232.537,0.2647,-0.1233,11.3315,65.8896,234.4391,0.2813,0.1736
2015-06-03T03:44:59.063Z,6.1919,70.109,228.4912,0.3071,0.0899,-7.723,63.0603,233.2558,0.2707,-0.1239,11.7646,62.8098,234.2217,0.2681,0.1881
2015-06-03T03:45:59.334Z,5.7538,68.5648,228.7134,0.2997,0.0842,-7.7458,64.0654,233.6904,0.2742,-0.1203,11.689,65.7951,234.0063,0.2813,0.1778
2015-06-03T03:46:59.643Z,6.4063,69.6924,229.7038,0.3037,0.0925,-7.8833,63.4027,233.5438,0.2711,-0.1251,11.9945,64.6607,233.7413,0.2766,0.1879
2015-06-03T03:47:59.895Z,5.8125,68.357,229.79,0.2975,0.0857,-7.6959,62.227,233.3505,0.2665,-0.128,11.3119,64.5077,233.6244,0.2762,0.177
2015-06-03T03:48:59.266Z,5.8499,69.7781,230.1523,0.3036,0.0846,-7.4942,63.8414,233.3819,0.274,-0.1188,11.3687,63.6236,233.7248,0.2723,0.1798
2015-06-03T03:49:59.567Z,6.85,69.786,229.8763,0.3033,0.0995,-7.7874,62.6809,233.5945,0.2685,-0.1235,11.8149,64.3024,233.0534,0.2762,0.1854
2015-06-03T03:50:59.653Z,6.5438,69.6927,229.5546,0.3032,0.095,-7.8599,61.4863,233.8173,0.263,-0.1286,11.3567,62.3002,232.8715,0.2676,0.1835
2015-06-03T03:51:59.737Z,6.1515,68.4495,228.9568,0.2987,0.0908,-7.5632,61.3696,233.9146,0.2623,-0.1241,11.7047,62.5149,233.8593,0.2676,0.1868
2015-06-03T03:52:59.955Z,6.247,68.5362,228.7713,0.2996,0.0923,-7.6214,62.4088,233.7079,0.2669,-0.1262,11.5207,63.007,234.0903,0.2684,0.1877
2015-06-03T03:53:59.155Z,6.484,69.2217,229.0316,0.3021,0.0953,-7.6323,63.5867,233.314,0.2724,-0.1219,11.7179,64.312,234.2168,0.2747,0.1836
2015-06-03T03:54:59.383Z,6.2402,69.9366,228.8807,0.3052,0.0909,-7.1946,62.3903,232.8266,0.2675,-0.1179,11.4249,65.4424,234.0357,0.2796,0.175
2015-06-03T03:55:59.846Z,6.0656,70.1564,228.9681,0.3064,0.088,-7.5277,64.5493,233.1262,0.2769,-0.1184,11.6058,63.4904,233.7368,0.2719,0.1845
2015-06-03T03:56:59.013Z,6.099,69.1103,229.1221,0.3016,0.0891,-7.7218,64.2243,233.5286,0.2752,-0.123,11.4343,64.6198,233.1188,0.2777,0.1768
2015-06-03T03:57:59.396Z,6.6807,68.8759,229.1611,0.301,0.0982,-7.7924,62.9642,233.8403,0.2698,-0.1281,11.7162,63.3812,233.1575,0.2718,0.1879
2015-06-03T03:58:59.498Z,6.3308,68.2744,229.4723,0.2971,0.0943,-7.5704,61.9125,233.9274,0.2648,-0.1247,12.1152,63.8857,232.9412,0.2742,0.192
2015-06-03T03:59:59.819Z,6.251,68.8216,229.1304,0.3002,0.0923,-7.6715,63.6264,233.7863,0.2724,-0.1215,11.6425,65.2189,232.8695,0.2798,0.1796
