2015-02-09T00:00:59.037Z,1171.8812,1573.759,230.1664,6.8373,0.7444,1240.3234,1658.7619,228.696,7.2525,0.748,1693.8339,2209.4254,228.394,9.6736,0.7675
2015-02-09T00:01:59.243Z,1150.9954,1567.8128,230.5589,6.7993,0.7343,1209.6198,1624.3022,228.1758,7.1187,0.7443,1690.7702,2200.4283,228.5221,9.6292,0.7683
2015-02-09T00:02:59.457Z,1157.4754,1573.4096,230.3114,6.8314,0.7357,1209.6668,1613.7404,227.4049,7.0956,0.7494,1703.1486,2197.5749,227.866,9.6441,0.7752
2015-02-09T00:03:59.661Z,1161.1569,1572.7749,230.3896,6.8266,0.7383,1202.9794,1611.5368,227.2166,7.0924,0.7468,1691.3519,2179.0733,227.4084,9.5823,0.7761
2015-02-09T00:04:59.113Z,1093.5487,1509.7167,230.2212,6.5573,0.724,1202.3303,1609.4702,228.8387,7.033,0.7474,1655.3017,2191.3497,229.0969,9.5654,0.7553
2015-02-09T00:05:59.308Z,1060.8392,1491.9531,230.5087,6.472,0.7111,1166.4182,1581.4846,229.2126,6.8999,0.7376,1629.9675,2172.2422,229.767,9.4536,0.7506
2015-02-09T00:06:59.543Z,1071.7581,1508.1821,230.7661,6.5349,0.71,1151.4518,1572.1456,228.8808,6.869,0.7322,1629.1917,2159.991,230.0886,9.3876,0.7541
2015-02-09T00:07:59.679Z,1075.5306,1508.2099,230.8293,6.5344,0.7128,1149.8881,1572.5926,228.8697,6.8711,0.7312,1625.2243,2153.2416,230.055,9.3599,0.7547
2015-02-09T00:08:59.904Z,1085.3394,1506.5732,230.8761,6.5252,0.72,1155.6541,1583.5889,229.0473,6.9136,0.73,1614.9276,2137.0918,229.2758,9.3204,0.7562
2015-02-09T00:09:59.059Z,1084.2166,1498.8293,230.2744,6.5083,0.7232,1170.747,1585.1019,228.7723,6.9284,0.739,1625.791,2147.3859,229.0549,9.3751,0.7567
2015-02-09T00:10:59.099Z,1100.7343,1510.3583,229.6669,6.5764,0.7288,1177.2911,1580.6326,227.8887,6.935,0.7451,1645.0986,2150.1771,228.5858,9.4062,0.7658
2015-02-09T00:11:59.278Z,1088.9224,1482.4128,229.0169,6.4729,0.7345,1189.892,1594.4425,228.5966,6.9742,0.746,1618.0275,2134.536,228.167,9.3547,0.7579
2015-02-09T00:12:59.507Z,1099.3992,1477.4137,228.1054,6.4768,0.7439,1227.1927,1624.1123,229.317,7.0823,0.7564,1632.5552,2157.6217,227.9578,9.4648,0.7576
2015-02-09T00:13:59.846Z,1114.2716,1495.1409,228.6331,6.5402,0.7454,1230.9247,1637.6856,229.7141,7.1298,0.7519,1635.8241,2158.202,228.2312,9.4557,0.7584
2015-02-09T00:14:59.050Z,1103.5089,1502.8226,229.8,6.5388,0.7338,1212.2613,1625.4807,229.6451,7.0781,0.7451,1635.8035,2165.2935,229.6121,9.4299,0.7548
2015-02-09T00:15:59.323Z,1131.5928,1527.3072,229.6364,6.6508,0.7408,1213.9186,1612.6444,228.2914,7.0641,0.753,1668.3627,2169.0799,228.3459,9.4992,0.7694
2015-02-09T00:16:59.591Z,1151.9279,1542.6394,229.1512,6.7316,0.7473,1223.656,1618.4114,227.8866,7.1014,0.7559,1679.9444,2168.8296,227.8752,9.5174,0.7736
2015-02-09T00:17:59.882Z,1150.934,1541.7902,229.7493,6.7106,0.7464,1205.2773,1614.4591,228.2428,7.0736,0.7462,1654.0323,2138.4567,227.0979,9.4164,0.7724
2015-02-09T00:18:59.038Z,1180.7789,1563.9894,229.9664,6.8006,0.7545,1219.8925,1635.2075,228.1175,7.1678,0.7465,1666.7095,2144.6255,226.9755,9.4487,0.7788
2015-02-09T00:19:59.245Z,1186.5151,1559.89,229.5237,6.7959,0.7603,1217.6933,1630.7771,227.574,7.1653,0.7467,1656.0948,2121.0957,226.1114,9.3803,0.781
2015-02-09T00:20:59.487Z,134.3246,232.1665,230.1201,1.0138,0.1416,136.9355,233.2855,228.2732,1.0277,0.1268,298.1245,388.4808,228.6252,1.7102,0.5368
2015-02-09T00:21:59.758Z,3.4629,70.622,229.7538,0.3075,0.0487,3.0619,61.9727,227.7342,0.2726,0.0502,3.0765,63.423,229.6323,0.2762,0.05
2015-02-09T00:22:59.061Z,2.7017,70.7038,229.5356,0.3074,0.038,2.7741,62.28,227.8497,0.2733,0.0432,2.4579,63.4166,229.7626,0.2759,0.0392
2015-02-09T00:23:59.271Z,2.3129,69.5253,229.4405,0.3025,0.0325,2.7549,61.8924,227.7274,0.2719,0.0465,2.6525,63.9062,229.9814,0.2777,0.042
2015-02-09T00:24:59.512Z,3.0165,70.1123,230.7232,0.3035,0.0429,3.1195,63.5234,229.0803,0.2772,0.05,3.353,64.3927,230.3536,0.2797,0.0513
2015-02-09T00:25:59.750Z,3.4488,69.1198,230.1363,0.3003,0.0499,2.7293,61.5086,228.7654,0.2687,0.0463,3.4185,63.0451,230.377,0.2733,0.0557
2015-02-09T00:26:59.932Z,2.6966,70.39,230.347,0.3058,0.0381,3.096,61.5292,229.1009,0.2692,0.0498,3.2933,64.377,230.6888,0.2795,0.0523
2015-02-09T00:27:59.180Z,2.1528,69.5242,229.6027,0.3028,0.0318,3.3323,62.3119,229.3023,0.2714,0.0526,2.837,64.8614,231.043,0.2807,0.0443
2015-02-09T00:28:59.483Z,2.692,70.1346,229.4554,0.3053,0.0386,2.7287,63.8753,229.0716,0.2786,0.0421,3.1798,63.516,231.1533,0.2753,0.0513
2015-02-09T00:29:59.734Z,3.5954,70.2441,229.5695,0.3049,0.0518,2.7832,63.1482,229.0079,0.2757,0.0446,45.9269,95.1285,231.051,0.4121,0.3234
2015-02-09T00:30:59.969Z,5.74,69.3649,229.1068,0.3024,0.0855,2.4274,61.4765,228.7632,0.2688,0.0379,20.8263,75.7891,230.4424,0.3293,0.1616
2015-02-09T00:31:59.204Z,5.874,70.6151,229.4092,0.308,0.0843,2.3489,62.8118,225.5569,0.2788,0.0369,3.0613,63.7233,232.2282,0.2744,0.0497
2015-02-09T00:32:59.401Z,5.0005,69.656,228.8146,0.3045,0.0729,2.4142,62.7717,227.176,0.2766,0.0365,2.7016,64.8045,231.3093,0.2803,0.0443
2015-02-09T00:33:59.705Z,5.4832,70.729,228.5341,0.3095,0.0795,2.2048,64.453,228.9897,0.2814,0.0354,3.1696,64.9362,231.2045,0.2811,0.0491
2015-02-09T00:34:59.932Z,5.8424,69.7878,229.3712,0.304,0.0853,2.6207,63.4519,230.8433,0.2744,0.0421,2.7935,63.0464,231.5181,0.2722,0.0469
2015-02-09T00:35:59.239Z,4.8862,70.4219,229.2816,0.3073,0.0704,2.7857,63.2807,230.5993,0.2743,0.0442,2.6527,64.4529,231.7672,0.2782,0.0401
2015-02-09T00:36:59.548Z,4.8008,69.456,229.3027,0.3032,0.0693,2.4874,63.5325,230.2785,0.2762,0.0382,3.1053,64.3942,231.2833,0.2788,0.0481
2015-02-09T00:37:59.983Z,5.5457,69.7663,230.756,0.3026,0.0814,2.7867,62.8998,230.0463,0.2735,0.044,2.9199,62.8684,231.1368,0.2717,0.0484
2015-02-09T00:38:59.232Z,5.7692,71.1258,230.8324,0.3078,0.0828,1.9482,62.71,227.3663,0.2757,0.0333,3.1527,64.262,231.6426,0.2776,0.0496
2015-02-09T00:39:59.471Z,5.4793,70.8355,230.816,0.3067,0.0787,3.1198,63.578,226.8299,0.2799,0.0485,13.8131,71.8148,230.8864,0.3113,0.1193
2015-02-09T00:40:59.750Z,4.226,70.1504,230.7187,0.304,0.0605,2.6688,62.9876,228.9435,0.2756,0.0405,51.9971,100.0204,229.5886,0.4354,0.3586
2015-02-09T00:41:59.274Z,3.5249,71.0095,229.7793,0.3089,0.051,2.6254,63.9845,229.9699,0.2781,0.0412,2.5765,63.0326,228.5935,0.2758,0.0409
2015-02-09T00:42:59.532Z,2.5388,69.1213,229.4989,0.3016,0.0381,3.1524,63.3408,230.2856,0.2747,0.0496,3.0989,62.7751,228.4382,0.2747,0.0504
2015-02-09T00:43:59.736Z,1.9487,69.1723,229.4485,0.3011,0.0285,3.0433,63.2714,229.5744,0.2754,0.0474,3.0229,63.5869,227.581,0.2793,0.0492
2015-02-09T00:44:59.015Z,2.8903,70.204,230.554,0.3043,0.0411,3.1983,64.7908,230.3508,0.2813,0.0474,2.8689,63.2833,229.9541,0.2752,0.0459
2015-02-09T00:45:59.320Z,3.2032,70.6864,230.7715,0.3066,0.0457,3.3714,62.9599,230.5305,0.273,0.0544,2.7484,64.688,230.2192,0.2809,0.0445
2015-02-09T00:46:59.567Z,2.6497,70.6513,230.6485,0.3062,0.0372,3.2036,64.3128,230.3639,0.2793,0.0502,2.9292,63.4488,229.7379,0.2764,0.0468
2015-02-09T00:47:59.711Z,2.8801,69.5003,229.9588,0.302,0.041,3.09,64.7475,229.421,0.282,0.0474,2.7156,62.0258,229.1932,0.2707,0.0423
2015-02-09T00:48:59.953Z,2.9568,68.5664,230.3178,0.2977,0.0431,2.6934,63.7503,229.3263,0.2781,0.0427,2.8044,63.7327,230.0553,0.2775,0.0443
2015-02-09T00:49:59.479Z,3.2846,70.5911,230.33,0.3064,0.0469,3.2794,63.7254,229.2887,0.278,0.0512,2.4573,63.7386,230.1172,0.2769,0.0377
2015-02-09T00:50:59.643Z,4.3154,70.8885,230.0766,0.3077,0.0629,2.7007,64.2707,229.4064,0.2801,0.0423,62.0311,107.0992,230.1985,0.4652,0.4249
2015-02-09T00:51:59.870Z,5.4855,71.4482,230.694,0.3097,0.0775,2.5847,63.276,228.6892,0.2764,0.0407,3.6457,62.7004,229.4567,0.2736,0.058
2015-02-09T00:52:59.079Z,5.4613,70.0457,230.5984,0.3041,0.0789,2.366,63.1494,228.6258,0.276,0.0374,2.559,64.5974,229.9812,0.2809,0.0407
2015-02-09T00:53:59.411Z,4.6705,70.037,230.5827,0.3036,0.067,2.9962,63.7257,228.2744,0.279,0.047,2.8052,62.2819,229.2221,0.2721,0.044
2015-02-09T00:54:59.602Z,4.7014,71.0525,230.5132,0.3082,0.067,2.0798,63.7187,230.0712,0.2764,0.0357,2.7987,63.0687,230.4014,0.2734,0.0462
2015-02-09T00:55:59.750Z,5.7669,70.0568,230.1105,0.3041,0.0838,2.8542,63.0482,229.7607,0.2746,0.0443,3.3699,64.5246,230.067,0.2804,0.0549
2015-02-09T00:56:59.941Z,6.1693,71.5376,231.1448,0.3093,0.0884,2.5603,62.4774,230.5776,0.2711,0.0417,3.1746,64.0538,230.8733,0.2775,0.0486
2015-02-09T00:57:59.230Z,5.8828,70.5981,231.1599,0.3056,0.0839,2.4089,64.5652,230.4757,0.2803,0.0373,3.1102,65.1648,231.0753,0.2816,0.048
2015-02-09T00:58:59.538Z,4.6973,71.2753,230.8759,0.3085,0.0663,2.4186,63.2243,230.3073,0.2743,0.0385,3.4463,63.9637,231.0418,0.2767,0.0562
2015-02-09T00:59:59.807Z,5.2953,70.9909,231.8624,0.3058,0.0766,2.6631,62.4871,230.5666,0.2712,0.0415,2.807,63.6152,230.7066,0.2763,0.0445
