2015-05-30T00:00:59.261Z,5.0081,67.0967,232.9355,0.2878,0.0756,-7.3077,61.5242,232.4988,0.2648,-0.1201,11.898,60.3375,230.556,0.262,0.2012
2015-05-30T00:01:59.705Z,4.8668,70.4122,232.7357,0.3025,0.0698,-7.686,63.6157,233.6266,0.2721,-0.1226,11.8666,63.3966,231.5711,0.2737,0.1886
2015-05-30T00:02:59.372Z,5.1753,70.4241,233.1153,0.3018,0.073,-7.9108,60.4766,232.5861,0.2593,-0.1337,11.9853,63.2378,231.8123,0.2732,0.1909
2015-05-30T00:03:59.800Z,5.1143,70.3818,233.0858,0.3013,0.0728,-7.7286,63.7026,232.563,0.2737,-0.1197,12.0713,63.6717,231.4416,0.2751,0.1895
2015-05-30T00:04:59.574Z,4.9241,69.7184,233.5586,0.2984,0.0728,-7.2121,62.0279,232.2374,0.2669,-0.1197,12.0916,63.9893,231.4294,0.2761,0.189
2015-05-30T00:05:59.956Z,5.2162,69.5417,233.2215,0.2978,0.0757,-7.4578,61.6223,232.5466,0.265,-0.123,11.8672,64.0379,231.701,0.277,0.1899
2015-05-30T00:06:59.367Z,5.0266,69.3217,233.1921,0.2972,0.0739,-7.8167,62.248,232.5911,0.267,-0.125,11.3236,63.3243,231.7244,0.2734,0.18
2015-05-30T00:07:59.253Z,4.822,69.9439,232.6114,0.301,0.0691,-7.3669,62.4374,231.9743,0.2693,-0.1183,11.8033,64.0633,231.8347,0.2761,0.1841
2015-05-30T00:08:59.618Z,5.0438,70.1241,232.2318,0.3018,0.072,-7.1652,63.2763,231.7788,0.273,-0.1153,12.2002,63.8514,231.9157,0.2759,0.1939
2015-05-30T00:09:59.035Z,4.9166,69.9238,231.8407,0.3014,0.0724,-7.2757,63.3893,231.6568,0.274,-0.1183,11.8991,62.6886,231.8321,0.2702,0.1909
2015-05-30T00:10:59.410Z,5.3399,70.2541,232.3316,0.3029,0.0777,-7.1452,62.0099,231.7625,0.2674,-0.1159,12.4675,64.4078,232.2436,0.2773,0.1942
2015-05-30T00:11:59.103Z,4.9897,69.5582,232.9559,0.299,0.0725,-7.6091,63.6023,232.2651,0.274,-0.1199,11.9448,64.174,232.752,0.2756,0.1868
2015-05-30T00:12:59.394Z,5.2205,70.5499,233.3925,0.3023,0.0741,-7.4003,62.7657,231.8055,0.2705,-0.1182,11.8545,64.7159,232.694,0.2785,0.1852
2015-05-30T00:13:59.599Z,5.0437,70.4092,233.8102,0.3015,0.0742,-7.5462,63.0699,233.3167,0.2705,-0.1202,11.9474,63.9367,232.8466,0.2741,0.1863
2015-05-30T00:14:59.484Z,4.8808,68.0104,233.3474,0.2915,0.074,-7.4593,62.4122,233.2174,0.2679,-0.1249,12.3991,62.5703,233.033,0.2682,0.2041
2015-05-30T00:15:59.903Z,4.7892,70.5721,233.3171,0.3026,0.069,-6.7355,62.764,232.9472,0.2696,-0.1117,12.3798,64.8884,233.4614,0.2777,0.1908
2015-05-30T00:16:59.147Z,6.0358,68.6434,233.4287,0.2938,0.0892,-7.3919,62.5013,233.0517,0.2676,-0.119,11.6773,65.1085,233.6516,0.2788,0.1821
2015-05-30T00:17:59.370Z,6.4475,71.082,233.4208,0.3043,0.0913,-7.8493,62.4587,233.0653,0.2676,-0.1274,11.9121,64.4957,233.7362,0.2762,0.1859
2015-05-30T00:18:59.948Z,6.2341,70.2378,233.4155,0.3012,0.0904,-8.2395,63.3711,232.7581,0.2719,-0.1301,12.1986,65.6744,233.3442,0.2819,0.1855
2015-05-30T00:19:59.174Z,6.4988,69.1348,233.2024,0.2962,0.0947,-7.7901,60.9581,232.525,0.2622,-0.1314,12.2294,64.0061,232.9527,0.2741,0.1932
2015-05-30T00:20:59.586Z,6.4397,69.29,233.6399,0.2968,0.0938,-7.8024,61.5866,233.0982,0.2647,-0.1296,12.1401,62.0122,233.1701,0.2664,0.1985
2015-05-30T00:21:59.444Z,6.6292,67.7961,233.5334,0.291,0.1006,-7.9682,60.274,232.9894,0.2584,-0.1353,11.6808,62.1544,233.1319,0.2664,0.1918
2015-05-30T00:22:59.725Z,6.2982,67.5838,233.3922,0.2892,0.0951,-8.2558,62.9149,233.2028,0.2699,-0.1323,11.6766,61.6638,233.0384,0.2647,0.1935
2015-05-30T00:23:59.025Z,6.5684,69.739,233.3703,0.2989,0.0968,-7.7573,62.2422,232.9787,0.2672,-0.1286,11.8267,61.704,232.8049,0.2649,0.1942
2015-05-30T00:24:59.339Z,6.3534,68.434,233.2843,0.2932,0.094,-7.6901,63.0674,233.0804,0.27,-0.1257,11.8534,62.1682,233.2487,0.2667,0.1974
2015-05-30T00:25:59.783Z,6.1684,69.9993,233.2805,0.3002,0.0883,-8.308,64.7373,233.1959,0.2776,-0.1308,12.0433,64.1001,233.3643,0.2743,0.1889
2015-05-30T00:26:59.617Z,6.4176,69.3854,232.5376,0.2983,0.094,-7.8354,64.2868,232.9899,0.2758,-0.1241,11.8833,64.1559,233.0218,0.2756,0.1854
2015-05-30T00:27:59.905Z,6.4796,69.8322,233.0614,0.2998,0.0948,-7.9816,62.7299,233.0305,0.2696,-0.1274,12.2249,63.2334,233.785,0.2707,0.1938
2015-05-30T00:28:59.584Z,6.2331,69.4419,232.9906,0.298,0.091,-8.2419,60.6941,232.28,0.2616,-0.138,12.1398,65.2369,233.1357,0.28,0.1901
2015-05-30T00:29:59.629Z,6.2689,69.8412,233.1245,0.3001,0.0901,-7.9834,62.3366,232.2569,0.2684,-0.1312,12.2264,65.2425,232.8504,0.2802,0.19
2015-05-30T00:30:59.875Z,5.774,70.8758,233.3902,0.3036,0.082,-7.34,63.8784,232.5609,0.2745,-0.1178,11.587,64.8921,232.236,0.2796,0.1791
2015-05-30T00:31:59.173Z,4.6104,69.662,232.8717,0.299,0.065,-7.6452,62.7451,232.0082,0.2706,-0.1223,12.1112,65.1962,231.3126,0.282,0.1873
2015-05-30T00:32:59.522Z,4.7442,70.0998,233.3203,0.3003,0.0683,-7.0039,63.4947,231.5826,0.2738,-0.111,11.5201,63.9884,231.6782,0.2763,0.1795
2015-05-30T00:33:59.037Z,4.885,70.4396,233.1351,0.3016,0.0714,-7.1223,61.9482,231.4842,0.2672,-0.12,12.0261,62.87,231.8429,0.2712,0.1956
2015-05-30T00:34:59.353Z,4.7789,70.4599,232.6097,0.3025,0.0674,-7.681,63.3113,231.8241,0.2729,-0.1218,12.0357,62.7854,231.3635,0.271,0.1921
2015-05-30T00:35:59.051Z,5.104,70.0421,232.4997,0.301,0.0744,-7.0158,62.922,231.58,0.2715,-0.1141,11.967,64.562,231.4313,0.2789,0.1878
2015-05-30T00:36:59.421Z,4.6058,68.9865,232.1573,0.2973,0.067,-7.6558,62.0263,231.3262,0.2678,-0.1235,12.1814,65.2612,231.3215,0.2821,0.1885
2015-05-30T00:37:59.874Z,4.2586,70.4051,232.1963,0.3029,0.0617,-7.5384,63.7185,231.7367,0.2754,-0.1202,11.8654,64.5295,231.4955,0.2789,0.1855
2015-05-30T00:38:59.094Z,4.9051,68.376,231.9921,0.295,0.0729,-7.5397,62.0508,231.6828,0.268,-0.1247,11.5967,64.3101,230.9319,0.2781,0.1841
2015-05-30T00:39:59.547Z,5.0108,69.203,231.5336,0.2988,0.0732,-7.8778,62.5381,231.7247,0.2698,-0.1308,11.6347,62.5559,230.5049,0.2713,0.1862
2015-05-30T00:40:59.837Z,4.981,70.8298,232.7199,0.3039,0.0716,-7.0639,63.514,232.4411,0.2733,-0.1117,12.1137,63.3148,231.303,0.2738,0.1924
2015-05-30T00:41:59.222Z,5.5964,69.3557,233.8037,0.2964,0.0816,-7.4399,63.928,233.0871,0.2743,-0.118,11.8667,62.7292,230.8484,0.2713,0.193
2015-05-30T00:42:59.779Z,4.5923,70.1029,233.9609,0.3,0.0673,-7.3867,62.3979,233.1468,0.2678,-0.1197,11.5029,63.4898,229.7773,0.2764,0.1827
2015-05-30T00:43:59.635Z,4.9681,69.8628,233.2304,0.2991,0.0721,-7.5742,63.5734,232.8186,0.2729,-0.1208,11.9239,62.1801,231.6724,0.2687,0.1946
2015-05-30T00:44:59.509Z,4.6776,69.8609,233.6342,0.299,0.069,-7.5273,63.3276,233.1315,0.2717,-0.1216,12.1277,63.9295,231.7307,0.2757,0.191
2015-05-30T00:45:59.804Z,5.9632,70.723,233.5895,0.3029,0.0855,-7.7291,62.2962,232.7452,0.2678,-0.1264,11.5716,65.2136,231.824,0.2818,0.1774
2015-05-30T00:46:59.906Z,6.729,69.1295,233.6709,0.2952,0.0992,-8.1869,62.8254,232.9836,0.2696,-0.1315,12.1736,63.1742,231.9853,0.272,0.1941
2015-05-30T00:47:59.147Z,6.6998,70.1431,233.9997,0.3,0.0953,-8.3552,61.0317,233.1642,0.2614,-0.1374,12.1966,64.7848,232.1141,0.2792,0.1886
2015-05-30T00:48:59.532Z,6.2474,70.392,232.7145,0.3023,0.0889,-7.6629,62.8887,233.4631,0.2696,-0.1243,11.828,64.0352,231.9779,0.2759,0.1853
2015-05-30T00:49:59.911Z,6.4076,69.2538,232.8272,0.2974,0.0937,-7.9525,63.4233,232.8432,0.2722,-0.1301,11.9465,63.0296,232.0425,0.2717,0.1928
2015-05-30T00:50:59.230Z,6.3979,70.3082,232.6697,0.3028,0.0916,-7.6668,63.454,232.7726,0.2723,-0.1236,12.0973,63.36,231.6403,0.2736,0.1918
2015-05-30T00:51:59.403Z,6.0411,70.4586,232.6152,0.3031,0.0863,-8.3147,62.4723,232.3884,0.2689,-0.1338,12.4973,63.9498,231.6152,0.2762,0.1957
2015-05-30T00:52:59.310Z,6.0099,69.5065,233.4855,0.2971,0.0875,-7.84,62.8497,231.8575,0.2708,-0.1276,11.8602,63.8715,231.1174,0.277,0.1873
2015-05-30T00:53:59.727Z,6.7811,69.5645,233.4608,0.2977,0.0991,-7.846,62.179,232.5689,0.2676,-0.1274,12.0647,64.2662,231.1969,0.2782,0.1918
2015-05-30T00:54:59.313Z,6.4259,69.6007,233.3054,0.2981,0.0941,-7.8025,62.3168,232.0364,0.2684,-0.1252,11.877,63.3413,231.4445,0.2735,0.1916
2015-05-30T00:55:59.741Z,6.6107,70.7658,233.8907,0.303,0.0929,-7.5325,63.947,232.4651,0.2752,-0.1197,11.8814,64.5335,232.0416,0.2788,0.1859
2015-05-30T00:56:59.138Z,6.0232,69.3672,233.163,0.2974,0.0873,-8.3163,62.1459,231.877,0.2674,-0.135,11.9881,62.48,231.6048,0.2693,0.1917
2015-05-30T00:57:59.564Z,6.1613,69.6392,231.4136,0.3009,0.0891,-7.9127,62.4952,231.8075,0.2696,-0.1286,11.9772,64.3132,232.2866,0.2767,0.1883
2015-05-30T00:58:59.783Z,6.4323,70.1781,231.3711,0.3031,0.0909,-7.9898,63.6486,232.4918,0.2738,-0.1274,12.4014,65.4626,232.5807,0.2813,0.1901
2015-05-30T00:59:59.479Z,6.2981,70.7703,231.3495,0.3059,0.089,-8.7911,62.0914,232.2008,0.2674,-0.1436,11.9777,64.4404,232.2099,0.277,0.186
