2015-02-15T00:00:59.572Z,5.4515,71.3457,230.5895,0.3091,0.0785,2.9559,64.2467,229.5814,0.2792,0.0465,80.1585,102.7799,230.8185,0.4453,0.7808
2015-02-15T00:01:59.954Z,4.9815,74.9775,231.1308,0.3242,0.0664,2.2692,68.4549,229.7602,0.2977,0.0318,81.0713,105.279,231.22,0.4554,0.7713
2015-02-15T00:02:59.797Z,4.6896,75.8665,231.4048,0.3279,0.062,2.6523,67.1255,227.601,0.2951,0.039,81.8078,105.6808,231.9744,0.4556,0.7752
2015-02-15T00:03:59.267Z,4.3408,75.1194,231.3104,0.3247,0.0593,1.9953,67.6824,227.7403,0.2971,0.0313,80.8108,105.0604,231.5503,0.4541,0.7703
2015-02-15T00:04:59.655Z,5.6023,73.9979,230.9071,0.3201,0.0767,3.2331,66.0586,229.0495,0.2885,0.0505,81.6809,106.1121,231.4118,0.4589,0.7711
2015-02-15T00:05:59.208Z,4.6803,73.2572,230.1887,0.3187,0.0653,2.6116,65.7513,228.8187,0.2873,0.0394,81.0888,105.4633,231.6594,0.4549,0.7703
2015-02-15T00:06:59.995Z,5.6916,73.7663,230.3192,0.3203,0.0788,3.1204,69.0283,228.9629,0.3014,0.0454,81.8123,105.1413,231.8967,0.453,0.7788
2015-02-15T00:07:59.138Z,5.2621,72.5333,229.8421,0.3154,0.0736,2.2142,67.8873,228.6062,0.2971,0.0332,82.0546,105.4904,231.8349,0.4548,0.779
2015-02-15T00:08:59.948Z,4.3889,73.5728,229.5317,0.3208,0.0608,2.5205,66.6268,227.8246,0.2929,0.0389,81.5546,106.6708,231.3709,0.4611,0.766
2015-02-15T00:09:59.286Z,4.5463,72.5086,228.702,0.3168,0.0642,2.701,67.54,228.1489,0.2966,0.0406,80.7762,104.88,230.6788,0.4547,0.7714
2015-02-15T00:10:59.657Z,5.551,72.5086,228.8489,0.3165,0.08,2.6804,65.5673,228.8922,0.2865,0.04,82.1204,106.2619,231.8207,0.4586,0.7751
2015-02-15T00:11:59.290Z,5.4398,73.2141,229.8897,0.3181,0.0754,3.1363,67.1136,228.9914,0.293,0.0474,82.2216,107.262,232.5969,0.4609,0.7678
2015-02-15T00:12:59.047Z,4.633,73.1862,230.4371,0.3175,0.0662,2.6146,67.6347,229.6896,0.2943,0.038,82.4754,106.7281,233.092,0.4578,0.7748
2015-02-15T00:13:59.559Z,4.6926,73.1936,230.8805,0.3171,0.066,2.9677,68.9851,230.0987,0.2995,0.0448,82.8635,106.9899,233.4907,0.458,0.7757
2015-02-15T00:14:59.564Z,5.1266,71.9351,231.3511,0.3109,0.0732,2.618,67.4534,230.1641,0.2933,0.0414,83.6109,107.1568,233.5705,0.4587,0.7834
2015-02-15T00:15:59.830Z,5.4414,73.9222,230.6315,0.3203,0.0743,2.7912,68.3096,229.6633,0.2975,0.04,81.719,106.0293,232.4304,0.4565,0.7726
2015-02-15T00:16:59.523Z,5.3546,73.7107,231.2468,0.3188,0.0734,2.4897,68.8874,230.2649,0.2986,0.0383,82.1512,107.0659,232.4277,0.4608,0.7682
2015-02-15T00:17:59.725Z,4.5758,73.8516,231.4922,0.3189,0.0627,2.647,67.896,229.7732,0.2953,0.0399,82.1728,106.8329,232.1762,0.4603,0.7704
2015-02-15T00:18:59.052Z,5.3827,74.1057,231.0189,0.3214,0.0732,2.4916,67.9586,229.3563,0.2967,0.0367,81.0429,105.3059,231.032,0.4559,0.7706
2015-02-15T00:19:59.402Z,6.0334,74.1913,231.0154,0.3213,0.0821,2.677,67.5451,227.6957,0.2967,0.0388,80.8863,104.5886,229.9577,0.4552,0.7748
2015-02-15T00:20:59.763Z,4.9779,73.0379,230.6592,0.3168,0.0696,2.6644,67.3385,228.0444,0.2953,0.0402,80.5716,104.7822,230.7664,0.4546,0.7703
2015-02-15T00:21:59.112Z,4.3599,75.4206,230.1463,0.3276,0.0578,2.6114,68.2059,229.3762,0.2978,0.0364,81.7404,107.2334,231.3702,0.4637,0.7633
2015-02-15T00:22:59.539Z,4.5477,73.6037,228.9525,0.3212,0.0629,2.73,68.511,229.4237,0.2985,0.0407,81.7862,107.1127,231.5589,0.4624,0.7645
2015-02-15T00:23:59.965Z,4.9237,73.9111,229.4311,0.3222,0.0676,3.1118,69.1923,229.9558,0.3009,0.0466,82.0533,105.5343,231.8114,0.4549,0.7782
2015-02-15T00:24:59.506Z,5.6349,74.3452,229.3556,0.324,0.0755,2.2397,67.1073,229.4958,0.2923,0.0345,82.1288,107.6763,231.5875,0.4648,0.7631
2015-02-15T00:25:59.223Z,5.3483,73.2119,230.3131,0.3174,0.0748,2.6883,65.2423,229.495,0.2841,0.041,81.6904,105.2551,231.3456,0.4549,0.7772
2015-02-15T00:26:59.868Z,5.326,73.4414,230.0857,0.3191,0.0744,2.8393,67.2002,229.1287,0.2929,0.042,81.0582,104.8353,231.1676,0.4534,0.7743
2015-02-15T00:27:59.109Z,5.5111,74.5205,229.6822,0.324,0.0745,2.756,68.1881,228.384,0.2991,0.0399,80.5034,103.987,229.8704,0.4524,0.7751
2015-02-15T00:28:59.435Z,5.5188,74.4536,230.6771,0.3226,0.0754,2.9386,68.2295,228.0133,0.2992,0.0424,80.1255,104.5119,229.5692,0.4552,0.7675
2015-02-15T00:29:59.154Z,4.9097,74.0923,232.3269,0.3187,0.067,2.7036,66.9364,228.3821,0.2935,0.0413,80.789,104.9631,230.1368,0.4562,0.7715
2015-02-15T00:30:59.753Z,5.0833,74.3825,231.7474,0.3207,0.0691,2.5408,66.6529,228.3403,0.2917,0.0411,81.4498,105.4713,230.998,0.4562,0.7743
2015-02-15T00:31:59.074Z,5.5967,74.5918,231.1328,0.3227,0.0765,2.0697,67.4396,228.7007,0.2946,0.0307,81.8894,105.7087,231.8625,0.4558,0.7751
2015-02-15T00:33:59.486Z,5.1937,74.5979,231.6986,0.322,0.0704,2.5697,68.066,229.4197,0.2966,0.0378,82.1909,106.2505,232.3954,0.4573,0.7743
2015-02-15T00:34:59.665Z,4.3516,72.4762,231.4992,0.313,0.0616,2.2635,67.1382,230.2279,0.2913,0.0336,81.4888,105.7455,231.7209,0.4564,0.7729
2015-02-15T00:35:59.198Z,5.3819,74.0517,231.6209,0.3194,0.0743,2.6825,66.7283,230.0891,0.2903,0.0392,82.1484,106.6022,232.34,0.4587,0.7717
2015-02-15T00:36:59.559Z,5.8861,75.1517,231.3555,0.3249,0.0786,2.6664,68.5161,230.7196,0.2968,0.0385,82.2185,107.0411,232.1146,0.4611,0.7692
2015-02-15T00:37:59.775Z,5.5659,74.9396,230.9348,0.3246,0.0749,2.9324,66.72,229.5007,0.2911,0.0428,80.7935,105.5752,231.4636,0.4559,0.7663
2015-02-15T00:38:59.424Z,5.07,74.1037,230.4131,0.3216,0.0687,2.813,67.5224,229.1558,0.2947,0.0419,80.9718,106.0819,231.2736,0.4589,0.7644
2015-02-15T00:39:59.018Z,5.4477,72.2523,229.4998,0.315,0.0774,2.9241,68.3801,228.3499,0.2992,0.0434,81.7262,105.7363,231.7712,0.4561,0.7744
2015-02-15T00:40:59.739Z,5.3254,75.3379,231.7899,0.3252,0.0716,2.7343,69.9632,231.1188,0.3026,0.0386,82.3678,106.5655,232.5198,0.4578,0.7739
2015-02-15T00:41:59.206Z,5.1716,74.3068,231.6237,0.3211,0.0714,2.6242,67.1011,230.3568,0.2917,0.0408,82.0658,105.5008,232.1048,0.4548,0.7788
2015-02-15T00:42:59.829Z,4.7272,72.8954,231.613,0.3142,0.066,2.5196,65.8703,230.3655,0.2854,0.0384,81.789,106.5318,232.1772,0.4583,0.7687
2015-02-15T00:43:59.070Z,5.4407,74.4697,232.1472,0.3206,0.0747,2.8366,68.4888,230.9643,0.2969,0.0412,82.5189,106.4044,232.2991,0.4581,0.7769
2015-02-15T00:44:59.320Z,5.4693,75.1121,232.2491,0.3233,0.074,2.9769,68.539,230.7942,0.2971,0.0433,81.9477,105.9145,232.1743,0.4565,0.7757
2015-02-15T00:45:59.944Z,5.3676,75.5071,232.2411,0.325,0.0733,2.8096,68.9039,230.0997,0.2997,0.0412,81.8929,105.8602,231.8808,0.4565,0.7739
2015-02-15T00:46:59.454Z,4.8753,74.1361,232.7418,0.318,0.067,2.2347,67.0052,228.2374,0.2939,0.033,82.1404,106.8812,232.9323,0.4587,0.7698
2015-02-15T00:47:59.382Z,5.3831,75.8765,231.8066,0.3273,0.0714,2.5056,68.6218,229.9577,0.2981,0.0374,81.4971,105.25,231.2693,0.4551,0.7752
2015-02-15T00:48:59.027Z,5.6081,74.277,231.7166,0.3196,0.0756,2.7301,67.8366,229.9995,0.2954,0.0397,81.1391,105.3341,231.1091,0.4555,0.7709
2015-02-15T00:49:59.337Z,5.5082,73.9733,231.3523,0.3199,0.0756,2.7432,67.7011,230.3563,0.2934,0.0401,81.0453,104.652,230.5629,0.4542,0.7764
2015-02-15T00:50:59.344Z,5.6,74.4874,231.9052,0.3209,0.0768,2.4007,67.1162,230.2401,0.2916,0.0358,81.8534,105.4708,231.9145,0.4544,0.7773
2015-02-15T00:51:59.990Z,5.4788,75.1115,232.4177,0.3232,0.0746,2.9668,68.0654,230.4749,0.2958,0.0452,82.8157,107.2243,233.2945,0.4598,0.773
2015-02-15T00:52:59.291Z,5.7899,74.3894,232.0182,0.3208,0.079,2.8829,67.7556,230.6691,0.294,0.0428,83.0979,107.716,233.2627,0.4613,0.7719
2015-02-15T00:53:59.101Z,5.4151,75.2509,232.4339,0.3238,0.0728,2.8804,68.2058,230.9492,0.2956,0.0422,82.9068,107.4594,233.7532,0.4598,0.7727
2015-02-15T00:54:59.902Z,4.8701,75.2772,232.6851,0.3237,0.0651,2.7758,69.1704,230.4823,0.3001,0.0403,83.3704,107.5382,234.0667,0.4592,0.7765
2015-02-15T00:55:59.403Z,5.5034,74.8318,232.5873,0.3219,0.0746,2.4091,68.5174,229.8915,0.2985,0.0335,83.1924,107.9348,234.1814,0.4605,0.7712
2015-02-15T00:56:59.685Z,5.9287,74.3381,232.8671,0.3188,0.0802,2.5909,65.7847,230.1052,0.2859,0.0397,83.0637,107.9676,233.65,0.4626,0.7705
2015-02-15T00:57:59.660Z,5.4011,73.8328,231.3182,0.3188,0.0726,2.4411,68.6074,230.6685,0.2974,0.0367,81.9185,106.4047,232.9396,0.4572,0.7701
2015-02-15T00:58:59.869Z,5.5895,74.4922,230.4089,0.3231,0.0758,2.5708,66.432,230.2106,0.2886,0.0374,82.2801,106.9216,232.6983,0.4594,0.771
2015-02-15T00:59:59.429Z,5.6206,73.4984,229.7388,0.3198,0.0769,2.7371,67.4058,230.5818,0.2924,0.0399,81.4577,106.3503,231.5818,0.459,0.7681
2015-02-15T01:00:59.562Z,4.9544,72.4844,230.879,0.3142,0.071,2.8973,66.8214,230.8231,0.2895,0.0455,81.8075,106.6565,232.1834,0.4591,0.7687
2015-02-15T01:01:59.014Z,4.833,75.0211,233.0856,0.3218,0.0643,2.985,68.6269,231.056,0.2971,0.0428,83.6516,108.3018,233.9541,0.4631,0.7738
2015-02-15T01:02:59.281Z,4.9026,75.753,232.8913,0.3254,0.0666,2.8902,66.0953,231.338,0.2853,0.0424,82.97,107.203,234.0139,0.4583,0.7748
2015-02-15T01:03:59.060Z,5.3346,75.2517,233.4589,0.3226,0.0713,2.9508,66.9336,229.079,0.2922,0.0452,84.5316,109.1581,235.0763,0.464,0.775
2015-02-15T01:04:59.696Z,5.4912,75.5827,233.228,0.324,0.0738,3.38,67.8871,228.4149,0.2972,0.0501,83.648,107.6876,234.6875,0.4591,0.7776
2015-02-15T01:05:59.036Z,5.9217,73.6626,231.4099,0.318,0.082,2.201,68.5963,230.2456,0.2983,0.0324,82.716,106.6174,232.7502,0.4578,0.7763
2015-02-15T01:06:59.362Z,4.2214,74.0184,232.0003,0.3193,0.058,2.9419,66.1509,231.2805,0.2863,0.0455,82.0352,105.4695,232.7465,0.4529,0.7786
2015-02-15T01:07:59.796Z,5.1992,72.1827,232.5667,0.3103,0.0733,2.2786,66.4311,231.2665,0.2867,0.0348,82.2862,104.6828,231.6337,0.4523,0.7879
2015-02-15T01:08:59.076Z,5.447,73.2167,231.7183,0.3162,0.0752,3.1041,65.8031,230.5154,0.2856,0.0522,81.27,104.4366,230.8294,0.4526,0.7792
2015-02-15T01:09:59.467Z,5.9096,72.4803,231.1498,0.3132,0.0838,2.3215,66.9805,229.9882,0.2915,0.0344,81.8727,105.1,232.3392,0.4521,0.7798
2015-02-15T01:10:59.943Z,5.0587,72.6692,231.1635,0.3138,0.0703,2.5642,66.325,230.2254,0.288,0.0372,82.4716,106.3945,232.3424,0.458,0.7755
2015-02-15T01:11:59.385Z,4.9388,73.698,231.9187,0.3178,0.068,2.8057,66.4816,231.3346,0.2873,0.0419,81.7807,105.0943,232.2236,0.4527,0.7797
2015-02-15T01:12:59.690Z,5.56,72.6958,231.9786,0.3131,0.0777,2.3582,65.7688,231.6411,0.284,0.0384,82.8492,105.5244,232.4212,0.4538,0.7863
2015-02-15T01:13:59.005Z,5.9093,73.1292,231.7268,0.3156,0.0818,3.3502,67.3228,231.5524,0.2904,0.0498,81.9396,106.2081,232.4877,0.4571,0.7727
2015-02-15T01:14:59.411Z,5.5546,73.8452,232.0913,0.3177,0.075,2.7591,66.6079,231.6717,0.2868,0.04,81.576,104.9363,232.5392,0.4511,0.7785
2015-02-15T01:15:59.946Z,5.1611,73.0626,232.1371,0.3147,0.0711,2.6242,69.0926,231.4401,0.2987,0.038,82.016,105.5521,232.4996,0.454,0.7779
2015-02-15T01:16:59.369Z,5.496,71.8459,231.5824,0.3103,0.0768,2.7592,67.1333,231.1823,0.2904,0.0413,82.422,105.6814,232.7034,0.4547,0.781
2015-02-15T01:17:59.954Z,6.0578,72.5918,232.3701,0.312,0.083,2.7503,66.7875,231.3222,0.2886,0.0414,82.7403,106.8478,232.9545,0.4587,0.7761
2015-02-15T01:18:59.817Z,5.8169,74.2956,231.9792,0.3204,0.0797,2.1601,65.3822,230.7741,0.2834,0.0331,82.5295,106.1138,232.0023,0.4577,0.7789
2015-02-15T01:19:59.144Z,4.8731,72.2223,232.2996,0.3113,0.0681,2.5802,65.0847,229.8708,0.2829,0.0397,81.5168,105.5647,231.8053,0.4553,0.7731
2015-02-15T01:20:59.852Z,4.8677,73.2703,232.3486,0.315,0.067,2.9421,67.0998,230.0338,0.2917,0.0438,81.7792,105.7002,232.0414,0.4552,0.7749
2015-02-15T01:21:59.246Z,5.7168,73.2243,232.4004,0.3147,0.0789,2.995,65.3116,231.2417,0.2824,0.0462,82.7619,107.7721,233.774,0.4612,0.7692
2015-02-15T01:22:59.696Z,5.4009,74.9477,233.1011,0.3213,0.0731,2.6419,66.2193,231.0605,0.2865,0.0402,83.4978,107.7555,234.5626,0.4598,0.7758
2015-02-15T01:23:59.393Z,4.6437,73.3262,232.6671,0.3144,0.0657,3.0937,67.0805,230.8666,0.2904,0.0467,83.9827,107.8862,234.2357,0.4607,0.7804
2015-02-15T01:24:59.969Z,4.5552,71.9482,232.6325,0.3102,0.0652,2.604,66.6998,230.8662,0.289,0.0388,83.4235,107.0797,233.7452,0.458,0.7807
2015-02-15T01:25:59.357Z,4.5619,73.723,232.9044,0.3166,0.0637,3.0524,69.2497,230.6008,0.3002,0.0449,82.9834,105.3457,233.6449,0.4506,0.7874
2015-02-15T01:26:59.672Z,5.2985,72.8091,232.4255,0.3133,0.0748,2.4965,66.586,230.5275,0.2891,0.0366,83.5751,106.4886,234.0023,0.4554,0.7859
2015-02-15T01:27:59.447Z,5.0532,72.8503,232.1299,0.3142,0.0693,2.4976,65.3354,230.2922,0.2841,0.0413,82.2938,106.3262,233.2023,0.4567,0.776
2015-02-15T01:28:59.801Z,5.3837,73.3045,231.9499,0.3161,0.0758,2.9615,66.4293,229.5099,0.2897,0.0449,81.9377,106.3952,232.372,0.4579,0.7713
2015-02-15T01:29:59.122Z,4.7133,72.7539,231.6728,0.3141,0.0643,2.7407,66.3763,228.6182,0.2906,0.0404,82.1296,106.7212,231.9023,0.46,0.7711
2015-02-15T01:30:59.755Z,4.7234,72.8332,232.2817,0.3136,0.0648,2.9701,66.0895,228.4832,0.2895,0.0447,81.9566,105.1967,231.9042,0.454,0.7797
2015-02-15T01:31:59.977Z,5.6846,73.0551,231.7219,0.3162,0.0791,3.0467,67.489,229.7264,0.2941,0.0451,82.5705,105.6787,232.8438,0.4541,0.7827
2015-02-15T01:32:59.669Z,5.3774,74.4163,232.0119,0.321,0.0734,2.4283,65.704,228.3057,0.2878,0.037,82.5001,106.8346,233.3821,0.4583,0.7731
2015-02-15T01:33:59.754Z,5.5835,73.0704,232.4855,0.3141,0.0779,3.0729,66.4622,228.1466,0.2909,0.0441,83.0098,106.7746,233.7656,0.457,0.7785
2015-02-15T01:34:59.620Z,4.9527,74.1784,231.8164,0.3193,0.067,2.8695,65.5516,230.4404,0.2852,0.0446,82.9245,106.5773,232.9943,0.4575,0.7788
2015-02-15T01:35:59.076Z,5.362,74.2058,231.5306,0.3202,0.0728,2.8598,66.276,230.6569,0.2876,0.0402,82.7383,105.7038,232.9928,0.454,0.7842
2015-02-15T01:36:59.344Z,5.4345,73.5485,232.0497,0.3166,0.0768,2.8936,66.5866,230.9837,0.2882,0.0435,83.0138,106.8265,233.4264,0.4575,0.7777
2015-02-15T01:37:59.817Z,5.0412,73.2012,231.6273,0.3165,0.0692,2.9845,67.2778,230.9968,0.2913,0.0441,82.4397,105.3596,233.0651,0.4523,0.7839
2015-02-15T01:38:59.644Z,4.2188,72.2412,231.1662,0.3124,0.0598,2.918,64.5376,230.1569,0.28,0.0474,81.982,104.9105,232.3747,0.4513,0.7821
2015-02-15T01:39:59.477Z,5.5138,72.0757,230.959,0.3122,0.078,2.2407,66.9428,231.0447,0.2894,0.0328,82.2178,105.6806,232.6659,0.4542,0.7794
2015-02-15T01:40:59.856Z,5.8901,74.4116,231.3304,0.3216,0.0804,2.6866,66.5439,231.4302,0.2876,0.0411,81.8939,105.6935,231.6904,0.4564,0.7757
2015-02-15T01:41:59.366Z,5.3137,73.8746,232.872,0.3172,0.0729,2.7797,65.9918,231.7541,0.2848,0.0424,80.9333,104.2552,230.7329,0.4519,0.7783
2015-02-15T01:42:59.762Z,4.7899,72.0869,231.4289,0.3116,0.0678,2.3968,66.1467,232.0386,0.2852,0.0374,82.412,105.4704,232.1645,0.4543,0.7826
2015-02-15T01:43:59.978Z,5.5782,73.7729,232.1097,0.3175,0.0768,2.9676,67.1114,231.8569,0.2892,0.0443,81.943,106.3538,233.1444,0.4564,0.7711
2015-02-15T01:44:59.240Z,5.327,73.0923,232.7596,0.3137,0.0746,2.4309,66.7339,232.1991,0.2872,0.0338,83.1227,106.7574,233.7131,0.4566,0.7804
2015-02-15T01:45:59.746Z,6.1341,73.5879,233.6378,0.3147,0.0846,2.8252,67.9813,232.3648,0.2927,0.0417,83.9896,107.828,234.4435,0.46,0.7796
2015-02-15T01:46:59.248Z,4.7787,74.302,233.8113,0.3182,0.0646,2.509,67.0904,231.9,0.2891,0.037,83.1558,107.4588,233.7852,0.4594,0.775
2015-02-15T01:47:59.592Z,5.7048,73.5266,233.2547,0.3147,0.0787,2.447,66.8932,231.9136,0.2889,0.0376,83.4525,106.961,233.8475,0.4577,0.781
2015-02-15T01:48:59.227Z,5.3357,73.8078,233.18,0.3164,0.073,3.122,65.0923,231.3347,0.2812,0.0488,82.5823,106.2392,233.5829,0.4552,0.7785
2015-02-15T01:49:59.448Z,5.3033,74.0714,232.3654,0.3189,0.0718,3.058,69.7009,231.6035,0.3012,0.0454,82.7479,106.2076,233.0695,0.4554,0.7797
2015-02-15T01:50:59.114Z,4.9464,73.3386,232.3903,0.316,0.0687,2.3824,65.4721,232.1511,0.2821,0.0353,82.548,106.9942,232.8591,0.46,0.772
2015-02-15T01:51:59.361Z,4.8771,74.1957,233.5691,0.3173,0.0654,2.6915,67.1587,232.4348,0.2891,0.0407,83.0576,106.7832,234.1073,0.4559,0.779
2015-02-15T01:52:59.746Z,5.107,74.2709,233.5751,0.318,0.0691,2.7584,66.6145,231.681,0.2877,0.0422,83.3929,106.7697,234.228,0.4556,0.7814
2015-02-15T01:53:59.521Z,5.5229,73.8414,233.2842,0.3164,0.0763,2.6432,65.2269,231.9153,0.2807,0.0404,83.4524,106.9241,233.8574,0.4571,0.7819
2015-02-15T01:54:59.141Z,5.3907,74.4763,233.2813,0.3193,0.0713,3.045,67.1628,231.8803,0.2901,0.046,83.0933,107.1952,233.7177,0.4588,0.7758
2015-02-15T01:55:59.096Z,5.0628,73.4372,232.8772,0.3149,0.0689,2.9028,66.7553,231.4629,0.2881,0.0443,83.2637,106.0763,233.5712,0.4545,0.7856
2015-02-15T01:56:59.389Z,5.5873,73.229,233.0951,0.3143,0.0778,3.1543,66.6241,232.1017,0.287,0.047,82.7756,106.6021,233.6476,0.4564,0.778
2015-02-15T01:57:59.034Z,5.601,73.85,232.5086,0.3178,0.0761,2.9386,66.5359,231.3738,0.2879,0.0437,82.7182,107.3582,233.0343,0.4603,0.7721
2015-02-15T01:58:59.837Z,5.2091,73.0043,231.484,0.3154,0.0734,2.879,67.1372,230.2278,0.2922,0.0421,82.4233,105.5197,232.0839,0.4548,0.7818
2015-02-15T01:59:59.275Z,4.8569,72.1918,230.8777,0.3126,0.0697,3.277,66.006,229.3377,0.288,0.0504,81.9412,105.1104,232.0186,0.453,0.7809
