2015-05-13T00:00:59.433Z,5.6351,66.7163,231.1086,0.2891,0.0866,-7.8671,61.2026,233.1134,0.2626,-0.1338,11.8316,62.5774,232.2719,0.2698,0.1944
2015-05-13T00:01:59.662Z,6.6858,69.1948,231.5867,0.2987,0.0977,-7.779,62.3647,233.576,0.267,-0.1254,12.2504,64.7459,232.5134,0.2782,0.1889
2015-05-13T00:02:59.809Z,6.446,69.7226,231.3147,0.3018,0.0927,-8.3246,63.9113,233.3311,0.2738,-0.1315,11.6444,62.983,232.0658,0.2709,0.1875
2015-05-13T00:03:59.033Z,6.0683,68.3749,231.0952,0.2958,0.0893,-8.0654,61.4727,230.8448,0.2664,-0.1304,11.6785,65.0212,232.5004,0.279,0.181
2015-05-13T00:04:59.281Z,6.1114,69.8078,230.9627,0.3024,0.0893,-8.3662,60.9838,229.6013,0.2655,-0.1392,11.4911,63.7939,232.6904,0.2741,0.1811
2015-05-13T00:05:59.601Z,5.997,68.2341,230.8431,0.2952,0.0897,-7.5035,62.8808,231.8824,0.2713,-0.1199,11.6875,63.7227,232.1088,0.2745,0.1842
2015-05-13T00:06:59.882Z,6.5091,69.352,230.629,0.3007,0.0942,-8.0882,63.2168,232.25,0.2719,-0.1315,12.377,65.5443,232.197,0.2826,0.19
2015-05-13T00:07:59.019Z,6.2989,69.7138,230.3309,0.3029,0.0916,-7.7509,61.847,232.1158,0.2664,-0.1266,11.5487,63.1984,231.9372,0.272,0.1836
2015-05-13T00:08:59.233Z,6.208,70.3588,230.3171,0.3051,0.0889,-7.7989,61.3259,232.1967,0.2644,-0.1269,11.4823,61.2097,231.617,0.2647,0.1874
2015-05-13T00:09:59.587Z,5.9327,68.6225,230.3415,0.2977,0.0874,-7.5722,60.6481,232.2026,0.2609,-0.1282,11.4534,64.1258,231.4057,0.2768,0.1815
2015-05-13T00:10:59.819Z,5.8086,69.6191,230.6652,0.3012,0.084,-7.9573,62.3172,232.3312,0.2683,-0.1278,11.6723,63.7918,231.6363,0.2751,0.184
2015-05-13T00:11:59.194Z,6.6759,70.2118,230.9938,0.3042,0.0946,-7.8042,64.4426,233.1666,0.2766,-0.1229,11.4682,63.8128,231.9733,0.2752,0.1799
2015-05-13T00:12:59.550Z,6.2602,68.1363,230.4774,0.2955,0.0933,-7.2854,62.1076,232.2113,0.267,-0.1187,11.3414,62.3818,231.3785,0.2698,0.1811
2015-05-13T00:13:59.744Z,6.0954,69.1824,230.5412,0.3003,0.0881,-7.7009,61.7733,232.0654,0.2658,-0.1251,11.5722,61.7775,231.396,0.2674,0.1887
2015-05-13T00:14:59.023Z,6.2434,70.3862,230.8243,0.3047,0.0896,-7.1592,64.3598,232.1184,0.2767,-0.1138,11.3783,63.4312,231.4706,0.2737,0.1794
2015-05-13T00:15:59.344Z,6.5281,70.1725,230.8024,0.3037,0.0934,-7.7156,61.9395,232.2547,0.2664,-0.1269,11.919,64.863,231.6241,0.28,0.1844
2015-05-13T00:16:59.607Z,6.1426,70.0238,230.9252,0.3024,0.0886,-7.5896,62.8342,232.4886,0.2703,-0.1215,11.7572,63.786,231.8143,0.275,0.184
2015-05-13T00:17:59.915Z,5.7958,70.3663,230.6248,0.3052,0.0826,-7.843,63.1221,232.3303,0.2719,-0.1245,11.5513,64.609,231.8547,0.2787,0.1792
2015-05-13T00:18:59.171Z,5.833,70.5021,230.9122,0.3058,0.0838,-7.4749,61.6003,232.548,0.2653,-0.1269,11.8246,63.0186,232.1686,0.2712,0.1892
2015-05-13T00:19:59.409Z,5.8429,69.509,231.0395,0.3011,0.0837,-7.5926,61.4954,232.6716,0.2643,-0.126,11.5716,63.216,232.344,0.2716,0.1827
2015-05-13T00:20:59.625Z,5.9812,70.3953,230.8069,0.3054,0.086,-7.608,62.9142,232.6586,0.2702,-0.1214,11.7044,63.023,232.3645,0.2714,0.1858
2015-05-13T00:21:59.843Z,6.4152,69.8127,230.872,0.3028,0.0925,-8.0115,62.6889,232.6339,0.2693,-0.1284,11.5738,63.066,232.4075,0.2721,0.1843
2015-05-13T00:22:59.100Z,5.7971,69.3572,231.1684,0.2994,0.0854,-7.662,63.2904,232.601,0.272,-0.1215,11.4291,64.2551,232.2312,0.2765,0.1784
2015-05-13T00:23:59.418Z,5.7675,70.1508,230.9458,0.3035,0.0824,-7.3007,63.8133,232.4334,0.2745,-0.1146,11.2276,63.9307,231.8108,0.2758,0.1751
2015-05-13T00:24:59.695Z,5.9025,70.6599,231.4845,0.3045,0.0844,-7.7995,62.0749,232.9864,0.266,-0.1271,11.4642,65.0399,232.3975,0.2795,0.1773
2015-05-13T00:25:59.945Z,6.3185,68.9584,231.0697,0.2981,0.0922,-8.0226,62.976,232.7148,0.2711,-0.1286,11.8918,63.7958,232.1549,0.2747,0.1874
2015-05-13T00:26:59.207Z,6.2047,68.18,230.7971,0.2953,0.0921,-7.4154,62.4286,232.6934,0.2686,-0.1191,11.6954,63.5597,232.8099,0.2733,0.1837
2015-05-13T00:27:59.359Z,6.4141,69.1395,230.4282,0.2998,0.0934,-8.1433,61.4596,233.1318,0.2633,-0.1319,11.4912,62.9484,233.1858,0.2692,0.1833
2015-05-13T00:28:59.676Z,6.0755,69.4423,231.2218,0.3003,0.0878,-7.2937,62.1171,232.9371,0.267,-0.1213,11.8312,62.8857,233.4868,0.2692,0.1917
2015-05-13T00:29:59.013Z,6.508,69.3186,230.9559,0.3004,0.0943,-7.4176,61.4474,232.7136,0.2643,-0.1243,11.5712,62.5288,232.9559,0.2692,0.188
2015-05-13T00:30:59.311Z,6.447,69.9055,231.3422,0.3021,0.0942,-7.8581,63.6525,232.7146,0.2731,-0.1237,11.476,64.1847,232.5391,0.2762,0.1791
2015-05-13T00:31:59.484Z,6.644,69.5446,231.2163,0.3005,0.0955,-7.0884,62.0291,232.2174,0.2675,-0.1149,11.6225,65.2882,232.3068,0.281,0.1789
2015-05-13T00:32:59.752Z,6.4768,68.9384,231.6229,0.2976,0.0957,-7.4259,63.3408,232.1295,0.2729,-0.1208,11.805,63.7913,232.1136,0.2747,0.1864
2015-05-13T00:33:59.054Z,6.2022,68.0831,231.6517,0.2939,0.0915,-7.371,62.7829,232.3013,0.2699,-0.122,12.3164,63.2989,232.249,0.2724,0.1976
2015-05-13T00:34:59.223Z,6.3361,70.9198,232.5423,0.3051,0.0899,-8.0747,62.4855,232.9447,0.268,-0.1301,11.4957,64.2805,232.4373,0.2766,0.1796
2015-05-13T00:35:59.534Z,6.413,69.5184,232.3746,0.2984,0.0931,-7.7018,63.1601,232.5374,0.271,-0.123,11.5371,63.5984,231.4737,0.2747,0.1816
2015-05-13T00:36:59.853Z,5.8963,70.0084,232.8611,0.3009,0.0855,-7.6773,62.4863,232.1958,0.2691,-0.1227,11.3866,64.2355,231.4548,0.2766,0.1782
2015-05-13T00:37:59.302Z,6.5722,69.8293,232.6532,0.3,0.0936,-7.8578,63.5943,232.2448,0.2738,-0.1256,11.4299,64.2496,231.3706,0.2774,0.1791
2015-05-13T00:38:59.542Z,6.5066,70.788,232.8062,0.3038,0.0925,-7.3784,62.7284,232.3502,0.2699,-0.1183,11.3201,64.3534,231.4412,0.2778,0.1766
2015-05-13T00:39:59.818Z,6.5584,69.3143,232.9944,0.2973,0.0959,-7.2268,64.1424,232.531,0.2755,-0.1142,11.2084,63.4751,231.5708,0.2743,0.177
2015-05-13T00:40:59.309Z,6.3784,69.7691,232.7454,0.3003,0.092,-7.4844,62.8551,232.6432,0.27,-0.1216,11.8117,64.7703,232.4882,0.279,0.1847
2015-05-13T00:41:59.583Z,6.799,68.818,232.7046,0.2955,0.0988,-7.4611,63.1731,232.5969,0.2718,-0.12,11.8433,63.0867,233.0086,0.2708,0.1878
2015-05-13T00:42:59.903Z,6.4251,70.1152,232.4133,0.3016,0.0932,-8.1639,63.6146,232.0193,0.2742,-0.1287,11.3514,63.3614,232.7607,0.2722,0.1805
2015-05-13T00:43:59.185Z,6.339,69.9301,232.6979,0.3004,0.0918,-7.4302,62.2867,231.6334,0.2693,-0.1202,11.5583,63.6337,233.1428,0.2724,0.1856
2015-05-13T00:44:59.560Z,6.4311,69.1605,232.9745,0.2971,0.094,-7.6177,63.5108,231.7685,0.274,-0.123,11.1501,65.3739,232.7787,0.2805,0.1718
2015-05-13T00:45:59.838Z,5.9969,69.7986,233.0471,0.3,0.0856,-7.0164,62.7751,231.7663,0.2703,-0.1146,11.5792,65.013,232.5743,0.279,0.1786
2015-05-13T00:46:59.074Z,6.8163,68.7898,232.8332,0.2957,0.1018,-7.6548,62.1831,232.3171,0.2673,-0.1256,11.3388,62.864,232.2644,0.2703,0.1824
2015-05-13T00:47:59.347Z,6.429,69.6292,232.8365,0.2993,0.0924,-7.4941,62.4201,232.4697,0.2691,-0.1219,11.7167,64.2396,232.2758,0.2763,0.184
2015-05-13T00:48:59.732Z,6.4021,69.8795,232.6745,0.3008,0.0925,-7.3498,62.7993,232.5666,0.2701,-0.121,11.5641,64.0703,232.5008,0.2754,0.1847
2015-05-13T00:49:59.103Z,6.1053,69.3962,232.5588,0.298,0.0887,-7.0629,62.4024,232.6456,0.2681,-0.1168,11.6628,64.0909,233.2246,0.2751,0.186
2015-05-13T00:50:59.344Z,6.673,69.3442,232.2658,0.2987,0.0959,-7.8619,62.6444,232.3254,0.2698,-0.1271,12.0207,63.897,232.6941,0.2747,0.1891
2015-05-13T00:51:59.751Z,6.3992,70.8674,232.5597,0.3042,0.0911,-6.9167,63.8075,232.5258,0.2742,-0.1095,11.7129,64.7834,232.6727,0.2787,0.1804
2015-05-13T00:52:59.093Z,6.619,69.1273,232.4041,0.2976,0.0963,-8.0671,61.8331,232.5541,0.2659,-0.1329,11.862,65.1737,232.9242,0.2796,0.1857
2015-05-13T00:53:59.426Z,6.5611,69.9643,232.2274,0.3004,0.0941,-6.9933,62.2592,232.4046,0.2676,-0.1128,11.8641,63.2651,232.7179,0.2718,0.1884
2015-05-13T00:54:59.757Z,6.7392,70.1944,231.7505,0.3027,0.0965,-7.7027,62.3576,231.6414,0.2696,-0.1264,11.1616,64.0282,232.1912,0.276,0.1749
2015-05-13T00:55:59.971Z,6.3555,70.2348,232.2707,0.3021,0.091,-7.6088,61.5974,231.8601,0.2656,-0.1237,11.4901,63.6634,232.2902,0.2738,0.1825
2015-05-13T00:56:59.291Z,6.0353,68.7262,232.5816,0.2951,0.0896,-7.8426,62.6308,232.3894,0.2699,-0.1264,11.8249,63.5473,232.5554,0.2734,0.1866
2015-05-13T00:57:59.647Z,6.2499,69.4451,232.5075,0.2985,0.0916,-7.4767,62.8876,232.4023,0.2704,-0.1207,11.4111,63.9453,232.4632,0.2757,0.1804
2015-05-13T00:58:59.079Z,6.4823,70.0953,232.2253,0.3014,0.0943,-6.9081,62.8776,232.1752,0.2707,-0.1118,11.6907,64.0587,232.3738,0.2756,0.1826
2015-05-13T00:59:59.390Z,6.1052,69.7176,232.1649,0.3002,0.0893,-7.4643,63.583,231.7975,0.2742,-0.1173,11.2126,64.4199,232.8482,0.2766,0.1737
2015-05-13T01:00:59.823Z,6.586,67.0068,232.2623,0.2881,0.1011,-6.7268,61.6804,231.4022,0.2666,-0.1098,11.9608,63.1523,233.0589,0.2705,0.1902
2015-05-13T01:01:59.106Z,6.6153,69.6696,232.0948,0.3001,0.0956,-7.9276,62.197,231.5914,0.2687,-0.1287,11.9226,64.2308,233.0214,0.2752,0.1862
2015-05-13T01:02:59.278Z,6.4941,70.2979,232.3905,0.3025,0.092,-7.0236,62.431,232.0821,0.269,-0.1136,11.7192,65.6124,233.0266,0.2818,0.18
2015-05-13T01:03:59.411Z,6.2731,70.3384,232.1865,0.3025,0.089,-7.7215,62.0602,231.8289,0.2676,-0.1264,11.451,65.4337,233.1657,0.2809,0.176
2015-05-13T01:04:59.625Z,6.1418,70.5851,232.4728,0.3039,0.0888,-7.5496,62.295,231.9418,0.2684,-0.1238,11.7543,63.3593,233.2868,0.2715,0.1862
2015-05-13T01:05:59.051Z,6.5004,70.7471,233.047,0.3034,0.0929,-7.6006,63.0328,232.2223,0.2714,-0.1212,11.7206,64.1081,233.9848,0.2743,0.1822
2015-05-13T01:06:59.262Z,6.356,70.3736,232.4705,0.3032,0.0915,-7.6069,62.0173,231.943,0.2674,-0.1241,11.859,64.0684,233.3159,0.2745,0.1876
2015-05-13T01:07:59.579Z,6.2446,68.8214,232.3487,0.2959,0.0923,-7.5287,62.0002,231.8413,0.2673,-0.1309,11.9555,63.8032,233.1321,0.2734,0.1914
2015-05-13T01:08:59.809Z,6.1427,69.4629,232.0571,0.2995,0.0898,-7.4871,62.9762,231.7193,0.2719,-0.1197,10.8919,64.2965,233.0812,0.2755,0.1704
2015-05-13T01:09:59.997Z,5.9485,70.27,232.6674,0.3018,0.0846,-7.3603,62.3864,232.0104,0.2692,-0.119,11.6666,63.0588,231.9701,0.2726,0.1873
2015-05-13T01:10:59.159Z,6.6288,71.0551,232.2709,0.3057,0.0949,-7.9355,61.2839,231.9552,0.2643,-0.1299,11.4329,64.0483,231.5753,0.2765,0.1806
2015-05-13T01:11:59.418Z,6.2635,69.3426,231.9736,0.2985,0.0915,-6.9939,64.0348,232.1191,0.2757,-0.1129,11.5791,64.5093,233.1051,0.277,0.1789
2015-05-13T01:12:59.695Z,6.408,69.359,232.1515,0.298,0.0944,-7.5569,61.8142,232.3438,0.2659,-0.1216,11.2993,64.5601,233.1426,0.2769,0.1766
2015-05-13T01:13:59.914Z,6.1431,69.9856,230.2797,0.3038,0.0886,-7.5254,63.3309,232.8613,0.2715,-0.1207,12.2081,64.8378,232.9678,0.2784,0.1876
2015-05-13T01:14:59.411Z,6.2529,69.3917,230.3863,0.3012,0.0902,-7.9167,63.5568,232.6996,0.2724,-0.1277,11.2016,63.6836,232.7441,0.2733,0.1798
2015-05-13T01:15:59.728Z,5.8588,68.9026,230.6821,0.299,0.0876,-7.7878,63.2172,232.8199,0.2714,-0.1262,11.7089,64.4373,233.0239,0.2765,0.1811
2015-05-13T01:17:59.292Z,6.0067,69.8003,231.086,0.302,0.087,-7.3612,63.1865,232.5257,0.2714,-0.1178,11.5418,64.9782,232.8018,0.279,0.1786
2015-05-13T01:18:59.532Z,5.909,68.1097,232.3156,0.293,0.0849,-7.5952,60.7588,232.8844,0.2602,-0.1285,11.0769,64.7065,233.1921,0.2775,0.1754
2015-05-13T01:19:59.787Z,6.4108,69.3768,232.2288,0.2987,0.0925,-7.5064,64.2465,232.7014,0.2762,-0.1171,11.0992,63.8679,233.0131,0.2745,0.1744
2015-05-13T01:20:59.971Z,6.4025,69.6659,231.8722,0.3001,0.0927,-7.9687,62.8453,232.3233,0.2703,-0.1274,11.3839,63.9238,232.722,0.2741,0.1798
2015-05-13T01:21:59.063Z,6.5418,69.8181,231.897,0.301,0.094,-7.6162,61.1965,232.2582,0.2637,-0.1255,11.6838,62.4711,232.7196,0.2685,0.1872
2015-05-13T01:22:59.357Z,5.9796,68.9455,231.8723,0.2973,0.0885,-7.527,61.304,232.5162,0.2635,-0.1242,11.67,63.1515,232.7724,0.271,0.1911
2015-05-13T01:23:59.578Z,6.5743,68.8931,232.0753,0.2967,0.0964,-8.0675,63.0854,232.4904,0.2713,-0.1288,11.4518,64.602,232.9885,0.2771,0.178
2015-05-13T01:24:59.864Z,6.3762,70.3564,232.4678,0.3027,0.0912,-7.7815,61.7865,232.6787,0.2659,-0.1275,11.5765,64.1981,233.2821,0.2753,0.1812
2015-05-13T01:25:59.938Z,6.6256,69.0654,232.3482,0.2971,0.0971,-7.2588,61.4313,232.7766,0.2638,-0.1193,12.0023,62.7875,233.4988,0.269,0.1913
2015-05-13T01:26:59.221Z,6.1324,69.7454,232.4038,0.3,0.0892,-8.0363,62.1538,232.5853,0.2674,-0.131,11.198,62.827,233.6201,0.2691,0.1797
2015-05-13T01:27:59.443Z,6.4955,66.8324,232.2423,0.2877,0.0988,-7.4126,59.0551,231.9238,0.2545,-0.1298,11.4132,61.6036,234.0496,0.2629,0.1901
2015-05-13T01:28:59.681Z,6.5289,69.439,232.456,0.2992,0.0947,-7.79,61.4324,232.1614,0.2644,-0.1305,11.5552,64.2837,234.2991,0.2741,0.1827
2015-05-13T01:29:59.828Z,6.132,69.3785,232.1936,0.2986,0.0896,-7.5355,63.4433,232.1862,0.273,-0.1223,11.7559,63.6049,233.9208,0.2715,0.1852
2015-05-13T01:30:59.068Z,4.7318,70.2373,232.4412,0.3021,0.0682,-6.7079,61.8819,232.4346,0.2662,-0.1085,12.1502,64.4369,233.606,0.2758,0.1901
2015-05-13T01:31:59.302Z,4.7796,69.4015,231.5851,0.2997,0.0691,-7.4367,62.6887,232.3442,0.2696,-0.1198,11.5132,64.3212,232.5799,0.2766,0.1797
2015-05-13T01:32:59.579Z,5.149,69.4321,231.628,0.2998,0.0747,-7.4374,63.2015,232.5538,0.2718,-0.1181,12.1149,64.8526,232.6126,0.279,0.1878
2015-05-13T01:33:59.909Z,5.5832,70.0026,231.4042,0.3023,0.0793,-7.1869,62.3169,232.3499,0.268,-0.1181,11.5724,63.682,232.3076,0.2747,0.1829
2015-05-13T01:34:59.269Z,4.8481,69.4838,231.6072,0.3,0.0712,-7.5468,63.8128,232.3268,0.2747,-0.1204,11.8088,63.4059,232.4129,0.2728,0.1859
2015-05-13T01:35:59.511Z,4.5316,68.9361,231.3742,0.298,0.0645,-6.9724,62.576,232.2899,0.2697,-0.1134,11.2515,63.0957,232.1845,0.2717,0.1789
2015-05-13T01:36:59.716Z,5.4826,69.6299,231.4411,0.3005,0.0802,-7.2813,63.29,232.1508,0.2729,-0.1176,11.94,65.1518,231.8938,0.2812,0.1837
2015-05-13T01:37:59.002Z,4.8302,69.7161,231.6578,0.3007,0.0696,-6.9187,63.467,232.2391,0.2732,-0.111,11.5736,62.5517,231.6701,0.27,0.1884
2015-05-13T01:38:59.294Z,5.0781,70.3927,231.7214,0.3037,0.0724,-7.3349,62.109,232.266,0.267,-0.1177,11.5705,64.8997,231.5884,0.28,0.18
2015-05-13T01:39:59.573Z,5.3341,69.7477,232.3048,0.3,0.0755,-6.8178,62.989,231.9946,0.2709,-0.1111,11.6141,62.6757,231.2152,0.2707,0.186
2015-05-13T01:40:59.893Z,6.1077,69.9187,232.3666,0.3007,0.0889,-7.2296,62.6266,232.0603,0.27,-0.1168,11.1703,62.2151,232.1567,0.2679,0.1805
2015-05-13T01:41:59.263Z,6.5084,69.0793,231.808,0.2979,0.0953,-8.0168,61.0672,232.5743,0.2624,-0.136,11.4643,61.6559,232.4731,0.265,0.1912
2015-05-13T01:42:59.605Z,5.7967,70.1865,232.0458,0.3021,0.0842,-7.143,62.5473,232.6066,0.2685,-0.1168,11.2668,63.3252,232.4975,0.2721,0.1807
2015-05-13T01:43:59.903Z,6.1697,69.8881,232.499,0.3004,0.0884,-7.8552,62.3997,232.8966,0.2681,-0.126,11.1436,64.6148,232.6332,0.2777,0.1756
2015-05-13T01:44:59.071Z,6.4187,69.4276,231.8704,0.3003,0.093,-8.1766,62.6007,232.1993,0.2697,-0.1326,11.745,64.0626,232.3344,0.276,0.184
2015-05-13T01:45:59.419Z,6.6165,70.4228,231.4108,0.3045,0.0942,-7.3432,62.3417,232.7301,0.2676,-0.119,12.2377,65.5947,232.7966,0.2817,0.1865
2015-05-13T01:46:59.725Z,5.8474,70.712,232.1398,0.3042,0.0843,-8.1288,62.436,232.4319,0.2686,-0.1312,11.9025,65.0278,232.7881,0.2795,0.1842
2015-05-13T01:47:59.124Z,6.6627,69.9859,233.099,0.2999,0.097,-7.5109,62.1043,232.5373,0.267,-0.1218,11.7521,64.4532,233.6521,0.2764,0.1832
2015-05-13T01:48:59.291Z,6.7946,70.9518,232.9574,0.3044,0.0971,-7.739,61.5371,232.323,0.2651,-0.1273,11.3582,64.256,233.5925,0.2749,0.1789
2015-05-13T01:49:59.488Z,6.1889,69.6919,232.5327,0.2997,0.0897,-7.6327,64.0833,232.2455,0.2762,-0.1196,11.5691,64.557,233.0312,0.2769,0.1818
2015-05-13T01:50:59.751Z,6.1093,69.7451,233.0398,0.2995,0.0879,-7.5354,63.7635,232.8072,0.2737,-0.1217,11.5949,64.4454,232.8508,0.2762,0.1793
2015-05-13T01:51:59.038Z,6.1519,70.4763,233.7753,0.3014,0.0879,-8.31,61.6167,230.2092,0.2679,-0.1354,12.4456,64.584,233.9283,0.276,0.193
2015-05-13T01:52:59.325Z,5.4871,71.1032,233.6702,0.3044,0.077,-6.8579,63.2479,230.8116,0.2742,-0.1118,12.0115,63.428,233.6086,0.2711,0.1899
2015-05-13T01:53:59.600Z,4.833,69.9701,233.3754,0.2998,0.0685,-7.4423,63.1176,233.501,0.2703,-0.119,12.1041,64.7609,232.7737,0.2786,0.1871
2015-05-13T01:54:59.034Z,4.6632,69.794,233.6249,0.299,0.0648,-6.7189,64.6579,233.6839,0.2764,-0.106,11.7417,63.2921,232.7316,0.2721,0.1846
2015-05-13T01:55:59.200Z,4.9927,69.3852,233.2167,0.2978,0.0721,-7.3614,62.0235,233.2846,0.2652,-0.1184,11.9387,63.1684,233.0946,0.2703,0.1909
2015-05-13T01:56:59.384Z,5.2473,69.666,232.9059,0.2991,0.0764,-6.9252,64.5146,232.7662,0.2769,-0.109,11.3423,63.6211,232.6647,0.2731,0.1796
2015-05-13T01:57:59.666Z,4.4563,69.5956,232.4947,0.2989,0.0641,-7.2789,64.7034,232.4657,0.2782,-0.1131,11.9316,64.0248,232.5895,0.2755,0.1882
2015-05-13T01:58:59.019Z,4.6983,70.2422,232.8839,0.3014,0.0683,-7.0797,62.8387,232.826,0.2693,-0.1127,11.4616,64.3604,232.5504,0.2771,0.1789
2015-05-13T01:59:59.290Z,4.9445,70.5156,233.3002,0.3025,0.0721,-7.4518,63.9708,233.1041,0.2745,-0.1169,11.2638,63.2735,232.9259,0.2713,0.1786
