2015-04-22T00:00:59.076Z,5.3241,68.4437,234.3033,0.292,0.0792,-7.4931,61.7783,235.5181,0.2624,-0.1216,11.4844,63.2121,234.1578,0.2702,0.1828
2015-04-22T00:01:59.233Z,4.7946,70.6609,233.2199,0.3033,0.0686,-6.7713,63.1062,234.7196,0.2682,-0.1096,10.9438,63.237,233.2812,0.2714,0.1741
2015-04-22T00:02:59.439Z,5.2224,70.5035,233.2513,0.3023,0.0754,-7.4159,64.2973,234.531,0.2745,-0.1157,11.5453,64.8173,232.7879,0.279,0.1807
2015-04-22T00:03:59.628Z,5.1789,71.2982,233.4479,0.3054,0.0732,-7.2153,62.7656,234.8933,0.2679,-0.1141,11.7603,63.6033,232.9545,0.2729,0.1857
2015-04-22T00:04:59.983Z,5.7259,69.3613,232.8396,0.2979,0.0837,-7.3893,64.6327,233.8718,0.2763,-0.1166,10.9843,64.5709,232.7424,0.2778,0.1711
2015-04-22T00:05:59.421Z,5.3353,70.5881,233.0485,0.3029,0.076,-7.2944,62.8403,234.0922,0.2689,-0.1165,11.1876,64.7725,233.1486,0.2779,0.1733
2015-04-22T00:06:59.620Z,5.1384,70.4824,232.3813,0.303,0.0745,-6.9116,62.656,233.9227,0.2675,-0.1118,11.1419,62.5126,232.4312,0.269,0.1798
2015-04-22T00:07:59.785Z,5.2682,68.7082,232.1512,0.2955,0.0778,-7.2837,62.4254,233.5122,0.2674,-0.1221,11.4533,63.7108,232.106,0.2745,0.186
2015-04-22T00:08:59.053Z,5.0846,69.9402,233.9127,0.2986,0.0739,-7.4653,63.8683,234.2644,0.2729,-0.1181,11.1629,64.9432,231.9291,0.28,0.1741
2015-04-22T00:09:59.389Z,5.6147,71.4444,234.2304,0.3051,0.0791,-7.2221,63.5282,234.7823,0.2704,-0.1164,11.2026,64.5086,232.1232,0.2781,0.1753
2015-04-22T00:10:59.626Z,5.3542,70.3746,234.5977,0.2999,0.078,-7.6593,65.1587,234.8769,0.2778,-0.1195,11.2358,64.4665,231.9836,0.2784,0.1748
2015-04-22T00:11:59.841Z,5.2127,71.4365,235.057,0.3042,0.0734,-7.304,64.1876,234.9701,0.273,-0.1153,10.7836,65.2519,232.0891,0.2809,0.1668
2015-04-22T00:12:59.076Z,5.741,70.2408,234.119,0.3001,0.0832,-7.0738,62.122,233.942,0.2657,-0.1149,10.8758,63.4303,230.8834,0.2746,0.1727
2015-04-22T00:13:59.429Z,5.227,71.5685,234.4584,0.3049,0.073,-7.0422,62.8178,234.5039,0.268,-0.1124,11.2847,64.4832,231.867,0.2783,0.1777
2015-04-22T00:14:59.727Z,5.3815,70.0356,234.4471,0.2988,0.0775,-7.4682,63.8596,234.5056,0.272,-0.1184,10.7381,64.9174,232.3041,0.279,0.1677
2015-04-22T00:15:59.966Z,5.5547,70.4459,234.3178,0.301,0.0784,-7.0114,62.9884,234.5313,0.2687,-0.1157,11.0288,63.5707,232.1573,0.2737,0.1741
2015-04-22T00:16:59.163Z,5.9437,71.4921,234.5703,0.3044,0.0843,-6.7691,63.3807,234.0324,0.2704,-0.1073,11.2171,63.831,232.3439,0.275,0.1774
2015-04-22T00:17:59.437Z,5.8144,69.1756,234.4248,0.2948,0.0856,-7.0777,63.2653,234.1535,0.2704,-0.1135,11.2074,63.2148,232.613,0.2715,0.1791
2015-04-22T00:18:59.629Z,5.6005,71.3741,234.6964,0.3037,0.0802,-7.1723,63.5738,234.3024,0.2714,-0.1146,11.5475,64.3073,232.4075,0.2766,0.1805
2015-04-22T00:19:59.790Z,5.3126,71.2026,234.6125,0.3034,0.0752,-7.4805,63.5496,234.1699,0.2713,-0.1188,11.2358,64.8791,233.5243,0.2779,0.1726
2015-04-22T00:20:59.084Z,4.9494,70.5864,234.3051,0.3018,0.0696,-7.2224,64.4241,234.0712,0.2752,-0.1137,11.3937,64.2474,233.3806,0.2748,0.1779
2015-04-22T00:21:59.359Z,5.674,69.2675,234.3557,0.2958,0.0823,-7.0418,63.8423,233.8125,0.2729,-0.111,11.3371,64.3927,233.4348,0.2758,0.1776
2015-04-22T00:22:59.767Z,5.3371,70.7155,234.56,0.3017,0.0758,-7.1528,63.7221,234.173,0.2718,-0.1145,11.1866,65.1258,233.5823,0.2784,0.1741
2015-04-22T00:23:59.034Z,5.1635,71.3906,234.7263,0.3043,0.0726,-7.2599,63.5237,234.5447,0.2706,-0.1135,11.372,64.5942,233.0876,0.2775,0.1752
2015-04-22T00:24:59.316Z,5.3265,71.3002,234.9976,0.3034,0.0753,-7.1504,63.3013,232.4051,0.2727,-0.1148,11.15,62.877,233.4188,0.2691,0.1793
2015-04-22T00:25:59.737Z,6.1481,71.018,234.9814,0.302,0.0871,-7.7989,62.8196,231.5003,0.2714,-0.1257,11.7667,65.2607,233.4841,0.2792,0.1812
2015-04-22T00:26:59.042Z,6.0888,70.1648,234.515,0.299,0.0886,-7.3889,62.9084,233.6816,0.269,-0.1191,10.7433,64.5734,232.4968,0.2777,0.1693
2015-04-22T00:27:59.244Z,5.3286,70.7701,234.4521,0.3015,0.0771,-7.2923,63.0141,233.9177,0.2696,-0.1163,11.3681,66.0325,233.3938,0.2832,0.1737
2015-04-22T00:28:59.527Z,5.6852,71.7289,234.2398,0.3055,0.0795,-7.0218,64.6312,233.7147,0.2773,-0.111,11.6398,65.1245,233.3378,0.2791,0.178
2015-04-22T00:29:59.712Z,5.3742,70.5056,232.8181,0.3025,0.0757,-7.0424,62.8418,233.3552,0.2691,-0.1133,11.1587,64.8301,233.4251,0.278,0.1737
2015-04-22T00:30:59.173Z,4.935,70.1378,232.0987,0.3021,0.0713,-7.2383,63.8633,232.7179,0.2744,-0.114,10.8361,64.2592,232.9226,0.2761,0.1708
2015-04-22T00:31:59.336Z,5.2235,69.6722,233.0124,0.2987,0.0754,-7.0153,61.6992,233.9841,0.2636,-0.1165,11.4321,64.4715,234.5552,0.2744,0.1808
2015-04-22T00:32:59.601Z,4.7049,70.0361,233.1297,0.3001,0.0671,-6.8336,63.7712,234.1314,0.2727,-0.1085,10.8539,63.1375,234.7841,0.2687,0.1721
2015-04-22T00:33:59.819Z,5.8178,70.9258,233.8082,0.3037,0.084,-6.9425,64.0816,233.8964,0.2734,-0.1102,11.434,65.9301,234.9063,0.2804,0.1754
2015-04-22T00:34:59.012Z,5.1131,70.5063,233.7084,0.302,0.0736,-6.9856,61.4096,233.9157,0.2627,-0.1147,11.2136,64.1664,235.2855,0.2731,0.1756
2015-04-22T00:35:59.134Z,5.2399,70.6991,233.5314,0.3026,0.0739,-6.5472,62.7361,233.9129,0.2684,-0.1063,11.2292,63.2778,235.0004,0.2689,0.1775
2015-04-22T00:36:59.369Z,5.5682,70.7705,233.5533,0.3036,0.08,-6.8162,63.2079,234.5297,0.2695,-0.111,11.3846,63.5671,235.2482,0.2702,0.1814
2015-04-22T00:37:59.617Z,6.1137,70.4949,233.76,0.301,0.0877,-7.2138,63.4018,235.1324,0.2701,-0.1153,11.1322,64.9987,235.0902,0.2767,0.172
2015-04-22T00:38:59.821Z,5.4168,70.6802,233.3811,0.3026,0.078,-7.6686,64.3656,234.6366,0.2747,-0.1209,11.2819,65.0732,234.349,0.2773,0.173
2015-04-22T00:39:59.144Z,5.2766,70.3014,233.3889,0.3008,0.0756,-7.1271,64.722,234.4167,0.2756,-0.1104,11.0414,64.2471,234.5293,0.2741,0.1722
2015-04-22T00:40:59.460Z,5.3599,70.3247,233.3415,0.3015,0.0775,-7.7726,62.2683,232.8851,0.2676,-0.1267,11.2792,65.2249,234.2161,0.2783,0.1741
2015-04-22T00:41:59.738Z,5.8807,69.9333,233.744,0.299,0.0842,-7.3308,61.3735,230.7949,0.2664,-0.1203,11.8193,65.411,234.5911,0.2792,0.183
2015-04-22T00:42:59.043Z,5.4404,69.6446,233.3556,0.2988,0.0787,-7.2732,64.5502,232.8806,0.277,-0.1148,11.302,65.1989,233.9979,0.2784,0.1746
2015-04-22T00:43:59.244Z,5.8252,69.9601,233.464,0.2991,0.0853,-6.9267,63.2576,234.3785,0.2695,-0.1089,11.0408,65.2679,233.9886,0.2786,0.1702
2015-04-22T00:44:59.607Z,5.071,70.9598,232.9223,0.3042,0.0723,-6.9858,64.1724,234.8305,0.2734,-0.1121,11.2236,64.528,233.7752,0.2758,0.1741
2015-04-22T00:45:59.898Z,5.1959,71.1966,233.9704,0.304,0.0738,-7.0151,64.9316,235.8066,0.2755,-0.1084,11.2011,64.8232,234.7487,0.2755,0.1734
2015-04-22T00:46:59.164Z,5.4049,70.1772,233.713,0.3004,0.0783,-7.162,64.5092,235.5454,0.2739,-0.1132,10.8872,64.8721,234.455,0.2769,0.17
2015-04-22T00:47:59.412Z,5.3515,70.0605,232.7129,0.3013,0.0774,-6.5986,63.4411,234.6331,0.2699,-0.1078,11.3725,64.2604,234.0032,0.2743,0.1791
2015-04-22T00:48:59.649Z,4.9784,68.9837,232.5354,0.2967,0.0732,-7.2847,64.8336,234.8449,0.2762,-0.1143,11.1237,64.0948,234.0564,0.2742,0.1741
2015-04-22T00:49:59.857Z,5.2655,69.9824,232.2889,0.3012,0.0757,-6.9704,63.5,234.5422,0.2705,-0.1125,11.366,63.9313,233.6335,0.2735,0.1774
2015-04-22T00:50:59.097Z,4.9935,71.1142,231.7271,0.3072,0.0702,-6.8297,64.8354,234.9212,0.2757,-0.1079,10.9564,64.9057,234.0042,0.2775,0.1697
2015-04-22T00:51:59.320Z,5.2661,68.8507,231.7047,0.2973,0.0784,-7.4613,62.327,235.8845,0.2646,-0.1198,11.5114,62.5351,234.7264,0.2663,0.1855
2015-04-22T00:52:59.509Z,5.9882,69.7475,231.4673,0.3011,0.087,-6.8309,63.4773,235.7262,0.2697,-0.1098,10.713,64.9073,234.5085,0.2766,0.1675
2015-04-22T00:53:59.702Z,5.164,70.6581,231.1343,0.3051,0.0734,-7.4015,62.1186,235.4211,0.2642,-0.1189,11.2991,63.7882,234.1826,0.2722,0.1768
2015-04-22T00:54:59.885Z,5.027,69.5098,232.9559,0.2984,0.0725,-6.9482,63.102,235.3968,0.268,-0.1111,11.704,65.747,234.6118,0.2805,0.179
2015-04-22T00:55:59.178Z,5.0986,69.4017,234.1307,0.2962,0.0756,-7.0103,63.8932,235.5509,0.2712,-0.1104,11.264,64.5511,235.0881,0.2741,0.1751
2015-04-22T00:56:59.499Z,5.0828,69.7775,234.1198,0.2977,0.0741,-7.6108,62.4971,235.6178,0.2647,-0.1242,11.258,63.2402,234.7977,0.2696,0.1812
2015-04-22T00:57:59.807Z,5.6954,71.519,234.2623,0.3054,0.0802,-7.3596,64.3393,235.1795,0.2732,-0.116,11.1905,65.0333,234.9616,0.2769,0.173
2015-04-22T00:58:59.091Z,5.9171,70.5336,235.0292,0.2999,0.0847,-7.2739,63.3247,233.2896,0.2716,-0.1168,11.537,64.9351,235.524,0.2753,0.1777
2015-04-22T00:59:59.332Z,5.5652,72.0175,235.3609,0.3057,0.0778,-7.0281,63.934,233.2541,0.2741,-0.1115,11.4676,66.1818,236.3271,0.2802,0.1736
