2015-05-09T00:00:59.878Z,4.9871,70.9748,233.8964,0.3033,0.0701,-6.833,65.6913,232.6804,0.282,-0.1055,11.3492,67.5589,233.0719,0.2899,0.1678
2015-05-09T00:01:59.691Z,5.2489,72.9118,233.2222,0.3122,0.0729,-6.6481,67.6248,233.3756,0.2892,-0.1005,10.9943,67.7149,233.3152,0.2904,0.1658
2015-05-09T00:02:59.956Z,4.5074,73.0051,232.5838,0.3138,0.0629,-6.85,66.7129,233.7838,0.2852,-0.1035,11.568,67.4984,232.8179,0.2901,0.1712
2015-05-09T00:03:59.520Z,4.987,73.908,232.7436,0.3169,0.0682,-7.0111,65.523,233.4286,0.281,-0.1097,11.6219,68.2032,233.0037,0.2924,0.171
2015-05-09T00:04:59.692Z,5.4881,72.4186,232.5369,0.3112,0.0765,-6.9033,65.9245,232.5757,0.2833,-0.1081,11.5918,67.7742,232.3241,0.2916,0.1744
2015-05-09T00:05:59.370Z,4.7915,72.9211,232.6841,0.3133,0.0667,-6.6149,67.833,233.221,0.2905,-0.0989,11.3432,67.5121,232.4024,0.2905,0.168
2015-05-09T00:06:59.251Z,5.5443,73.949,233.1708,0.317,0.0758,-7.2371,67.8752,234.1296,0.2899,-0.1085,11.4723,68.3267,232.9573,0.2932,0.1692
2015-05-09T00:07:59.647Z,4.9612,73.1612,233.1082,0.3134,0.0678,-6.5868,67.4321,234.3992,0.2879,-0.0988,11.5149,68.0648,232.8248,0.2923,0.1697
2015-05-09T00:08:59.934Z,5.5214,72.7964,232.261,0.3134,0.0766,-6.9566,66.2541,233.8205,0.2837,-0.1068,11.1247,68.3218,232.7486,0.2935,0.1629
2015-05-09T00:09:59.293Z,6.2687,72.1163,230.9612,0.3114,0.0873,-7.6228,67.4708,233.4237,0.2891,-0.1131,11.4533,68.6932,232.8587,0.2952,0.1678
2015-05-09T00:10:59.814Z,6.4667,72.7767,231.3546,0.3147,0.0903,-7.841,66.4251,233.9647,0.2842,-0.1215,11.8635,67.2315,233.3539,0.2875,0.1785
2015-05-09T00:12:59.382Z,6.6109,73.6175,231.6977,0.3174,0.0902,-7.4339,66.4253,234.0379,0.2837,-0.1132,10.9229,68.9601,233.4893,0.2954,0.1596
2015-05-09T00:13:59.069Z,6.2849,73.8574,233.5557,0.3166,0.0849,-7.4872,66.217,233.2497,0.2841,-0.1164,11.132,67.1171,232.811,0.2882,0.166
2015-05-09T00:14:59.311Z,5.1927,73.7199,233.4291,0.3159,0.0724,-6.7932,66.2348,233.1316,0.2834,-0.105,11.4417,66.4145,232.1437,0.286,0.1742
2015-05-09T00:15:59.079Z,5.1903,74.6353,233.4811,0.3196,0.069,-6.6903,67.2323,233.3366,0.2882,-0.1009,11.5658,67.7667,232.364,0.2919,0.1703
2015-05-09T00:16:59.315Z,5.0032,73.5745,233.5533,0.3146,0.0672,-6.89,66.8872,233.26,0.2864,-0.1037,11.0622,68.3403,232.4804,0.2939,0.1633
2015-05-09T00:17:59.523Z,4.9364,73.2951,233.2855,0.3144,0.0685,-7.2074,68.3837,233.2875,0.2932,-0.1085,11.3693,67.7682,232.7424,0.2909,0.1692
2015-05-09T00:18:59.738Z,4.9567,73.8347,232.7766,0.3174,0.0667,-6.7309,67.4858,232.8257,0.2897,-0.0991,11.6829,67.6066,233.234,0.2899,0.1732
2015-05-09T00:19:59.671Z,5.0176,73.7786,232.864,0.317,0.0689,-7.1476,66.7892,232.7181,0.2865,-0.1087,11.0703,66.8398,233.3868,0.2862,0.1701
2015-05-09T00:20:59.914Z,5.267,73.3176,232.7568,0.3152,0.074,-6.648,68.098,232.6927,0.2925,-0.0998,11.0462,67.2413,232.9295,0.2886,0.1665
2015-05-09T00:21:59.370Z,5.3416,73.8003,232.8751,0.316,0.0741,-7.2719,66.0726,232.7359,0.2843,-0.1123,11.9019,67.7292,232.8481,0.2912,0.1762
2015-05-09T00:22:59.662Z,499.9132,739.109,232.1742,3.1964,0.3648,524.9674,786.8492,232.1456,3.3992,0.2543,828.1636,1108.7555,231.4551,4.8138,0.7054
2015-05-09T00:23:59.383Z,1172.3533,1569.4029,230.826,6.799,0.747,1243.861,1692.3366,231.3442,7.3155,0.7346,1679.2001,2240.4462,230.1527,9.734,0.7498
2015-05-09T00:24:59.542Z,1184.9113,1572.9116,230.7881,6.8152,0.7532,1265.0202,1712.9276,231.5088,7.3994,0.7386,1674.415,2233.5834,229.9917,9.7121,0.7496
2015-05-09T00:25:59.764Z,1219.3598,1603.766,230.7012,6.9514,0.7603,1299.6449,1738.3528,231.2064,7.5181,0.7472,1709.7731,2259.7742,229.9342,9.8272,0.7566
2015-05-09T00:26:59.371Z,1241.688,1621.0094,230.3619,7.0366,0.7661,1331.7681,1756.2162,230.9335,7.6048,0.7583,1742.9129,2285.8231,229.7745,9.9482,0.7616
2015-05-09T00:27:59.616Z,1262.8836,1636.8574,230.2024,7.1104,0.7715,1359.8946,1776.2321,230.8881,7.6933,0.7657,1767.9407,2303.7357,229.5137,10.0371,0.7684
2015-05-09T00:28:59.063Z,1290.4295,1664.348,230.4973,7.2209,0.775,1385.3899,1808.4949,231.592,7.8088,0.7665,1781.4489,2315.8074,229.502,10.0903,0.7699
2015-05-09T00:29:59.475Z,1352.9209,1712.3453,232.0167,7.3803,0.7894,1395.5713,1855.1577,232.4363,7.9811,0.7518,1761.1394,2278.2204,227.7031,10.0049,0.773
2015-05-09T00:30:59.745Z,1314.8731,1689.9801,230.2574,7.34,0.7783,1431.2886,1843.4715,231.9493,7.9472,0.776,1823.6745,2364.1959,229.9908,10.2795,0.7705
2015-05-09T00:31:59.422Z,1330.9358,1701.2976,230.0193,7.396,0.7819,1453.4375,1854.6031,231.4517,8.0123,0.7834,1848.573,2383.1716,229.7564,10.3723,0.7758
2015-05-09T00:32:59.648Z,1362.1288,1732.0858,230.2445,7.5224,0.787,1462.8434,1864.4398,230.6108,8.0843,0.7847,1866.9129,2386.3342,229.6813,10.3891,0.7813
2015-05-09T00:33:59.944Z,1386.649,1761.0644,230.4142,7.6431,0.7886,1470.0664,1869.8856,230.3394,8.1176,0.7864,1887.7814,2396.8565,229.6595,10.4373,0.789
2015-05-09T00:34:59.313Z,1395.2034,1769.0551,230.6435,7.6697,0.7892,1487.7065,1890.0684,230.8281,8.1882,0.7878,1893.3978,2407.5915,229.7939,10.4766,0.7872
2015-05-09T00:35:59.006Z,1424.8624,1795.4371,230.5832,7.7867,0.7931,1520.1554,1919.507,230.9553,8.3113,0.7907,1922.9783,2436.5434,229.9209,10.5969,0.79
2015-05-09T00:36:59.134Z,838.8107,1091.4367,231.2849,4.7323,0.5076,888.0869,1161.7787,232.0043,5.0267,0.4319,1234.0777,1560.1686,230.5078,6.7888,0.8072
2015-05-09T00:37:59.347Z,6.6589,72.351,232.0065,0.3115,0.0924,-7.4878,66.5403,232.43,0.2865,-0.1141,25.4559,78.359,232.5849,0.3369,0.246
2015-05-09T00:38:59.577Z,6.2845,71.3549,232.5571,0.307,0.0909,-7.0441,65.1827,232.6833,0.2801,-0.1131,10.5852,66.7846,233.4747,0.2858,0.1653
2015-05-09T00:39:59.811Z,6.5951,72.7972,232.4889,0.3129,0.0903,-7.3308,65.9302,232.9659,0.2832,-0.1112,11.5566,68.4533,233.4512,0.2934,0.1708
2015-05-09T00:40:59.618Z,5.8707,71.6787,231.1556,0.3108,0.082,-7.6129,67.2763,233.2513,0.2884,-0.113,11.1633,68.4136,233.2008,0.2941,0.164
2015-05-09T00:41:59.864Z,6.8433,72.9633,231.0265,0.3158,0.0954,-6.8931,66.7487,233.2,0.2857,-0.1059,10.9518,67.7593,233.0752,0.2903,0.1634
2015-05-09T00:42:59.453Z,6.6102,73.8408,232.1986,0.3182,0.0909,-7.4337,67.6499,233.7252,0.2895,-0.11,10.9634,67.8787,232.6297,0.2916,0.1629
2015-05-09T00:43:59.220Z,6.6063,72.7977,231.9842,0.3137,0.0923,-6.7727,64.661,232.8826,0.278,-0.1106,11.1333,65.6989,231.8624,0.2828,0.1736
2015-05-09T00:44:59.448Z,6.8578,73.6859,233.0208,0.3164,0.0942,-7.5999,66.3999,233.2108,0.2846,-0.1163,11.468,67.9584,232.1827,0.2926,0.1703
2015-05-09T00:45:59.675Z,6.5271,74.0729,233.0015,0.3178,0.089,-6.9696,66.0938,232.9663,0.2841,-0.1067,10.8071,67.0609,231.9592,0.289,0.1628
2015-05-09T00:46:59.877Z,6.7904,73.6413,233.1993,0.3153,0.0927,-7.1719,67.4211,233.2613,0.2885,-0.1086,11.3808,67.9403,232.3605,0.2922,0.1695
2015-05-09T00:47:59.835Z,6.3515,73.2666,233.7413,0.3137,0.0871,-7.7514,67.152,233.9119,0.2867,-0.1184,11.7009,68.6337,232.7337,0.2951,0.1718
2015-05-09T00:48:59.028Z,6.6521,74.4676,233.7853,0.3187,0.0909,-7.4151,66.4818,233.7608,0.2847,-0.1127,11.5314,69.2651,232.3681,0.2984,0.1679
2015-05-09T00:49:59.455Z,6.5268,74.2831,234.2316,0.3171,0.088,-7.4022,66.9476,233.9133,0.2865,-0.1133,11.1941,68.2498,232.5157,0.2936,0.1648
2015-05-09T00:50:59.596Z,6.9265,73.2449,234.2348,0.3124,0.0955,-7.4943,64.8332,233.7734,0.2774,-0.1157,10.7443,67.1752,232.371,0.2892,0.1615
2015-05-09T00:52:59.475Z,6.4207,74.1907,233.9369,0.3173,0.0874,-7.2302,66.7722,233.5487,0.286,-0.1089,10.9234,68.1916,232.1075,0.2936,0.1612
2015-05-09T00:53:59.718Z,6.628,73.5738,234.0432,0.3141,0.0902,-7.2337,65.3056,233.5307,0.2798,-0.1132,11.3722,68.1618,232.351,0.2932,0.1705
2015-05-09T00:54:59.072Z,6.9112,72.9488,234.6437,0.3111,0.0949,-7.3169,66.1728,233.6378,0.2832,-0.1111,11.1797,69.4766,233.1298,0.2982,0.1652
2015-05-09T00:55:59.186Z,7.0951,74.1932,234.2056,0.3164,0.0964,-7.4933,65.4445,233.003,0.2811,-0.1148,11.5389,65.8782,233.0146,0.2825,0.1752
2015-05-09T00:56:59.391Z,6.2149,73.9345,234.0374,0.3164,0.0848,-6.9789,66.0185,232.754,0.2837,-0.1068,11.5243,68.2464,232.5468,0.2935,0.171
2015-05-09T00:57:59.900Z,6.5043,72.5775,234.3538,0.3099,0.092,-7.1376,65.5896,232.66,0.2814,-0.1122,10.8061,66.6407,232.382,0.2871,0.1663
2015-05-09T00:58:59.194Z,7.0513,72.3009,234.6342,0.3086,0.1,-7.539,65.1484,231.902,0.2812,-0.1202,10.5801,67.6596,232.628,0.2903,0.1596
2015-05-09T00:59:59.588Z,6.6987,73.726,234.2629,0.3147,0.0902,-7.0278,65.3419,229.9047,0.2845,-0.1089,11.5057,68.5682,232.3229,0.2949,0.1682
2015-05-09T01:00:59.971Z,6.7089,71.096,233.5347,0.3041,0.096,-7.7654,65.8508,232.1843,0.284,-0.1189,10.3582,65.6308,231.0161,0.2835,0.1585
2015-05-09T01:01:59.509Z,6.1536,73.5327,233.0801,0.3154,0.085,-7.2746,68.9334,232.6688,0.2962,-0.1072,11.1029,66.9643,231.6266,0.289,0.1661
2015-05-09T01:02:59.769Z,6.0801,73.5656,232.5387,0.3155,0.0822,-7.0356,65.6908,233.1421,0.2821,-0.1078,11.3453,68.8847,232.4435,0.296,0.1635
2015-05-09T01:03:59.437Z,6.2635,74.2829,233.0526,0.3184,0.0856,-7.5567,64.5598,233.7578,0.276,-0.1218,10.7021,66.3082,233.1365,0.2841,0.1629
2015-05-09T01:04:59.675Z,7.0285,73.4137,233.0614,0.3149,0.0977,-7.2847,65.2471,233.1918,0.2799,-0.112,11.2448,66.8802,232.5968,0.2876,0.1687
2015-05-09T01:05:59.938Z,6.6441,74.2024,233.5915,0.3177,0.0908,-7.6966,65.1886,232.8995,0.2799,-0.1202,10.9535,68.7916,232.7814,0.2953,0.1599
2015-05-09T01:06:59.104Z,6.0864,74.1837,233.4878,0.3173,0.0829,-6.7576,67.2407,233.0617,0.2881,-0.1039,10.3303,66.4593,233.2929,0.2848,0.1556
2015-05-09T01:07:59.646Z,6.5876,72.8565,233.4366,0.312,0.0921,-7.1026,67.3988,233.3897,0.2886,-0.108,10.7335,66.7358,233.3973,0.2862,0.1647
2015-05-09T01:09:59.386Z,6.7342,73.2015,232.8321,0.3144,0.0927,-7.3166,66.1609,232.9019,0.2842,-0.1126,11.3258,67.5834,232.9843,0.2903,0.1693
2015-05-09T01:10:59.841Z,6.6468,71.9945,234.4692,0.307,0.0924,-7.0809,65.5696,234.2529,0.28,-0.1095,11.1963,69.2858,234.504,0.2958,0.1623
2015-05-09T01:11:59.072Z,6.8784,71.037,234.9451,0.3023,0.0967,-7.8452,62.8199,234.713,0.2683,-0.1256,11.3928,64.072,234.901,0.2729,0.1789
2015-05-09T01:12:59.669Z,6.7365,71.0327,234.7813,0.3027,0.0966,-7.173,63.4445,234.2769,0.2711,-0.1135,11.3397,63.7419,234.398,0.2724,0.1807
2015-05-09T01:13:59.319Z,6.9618,70.6649,234.073,0.3015,0.1001,-7.247,63.4889,233.4516,0.2719,-0.1164,11.364,63.9495,233.5941,0.2737,0.1785
2015-05-09T01:14:59.656Z,6.175,70.4843,234.1288,0.301,0.0879,-7.2872,63.7816,233.5036,0.2727,-0.1166,11.0188,65.1935,233.1828,0.2801,0.1692
2015-05-09T01:15:59.228Z,6.621,69.3457,233.6182,0.2964,0.0971,-7.0463,63.9641,233.5056,0.2747,-0.1107,11.0063,65.3449,233.8874,0.2796,0.1698
2015-05-09T01:16:59.678Z,6.2336,69.522,233.4304,0.2978,0.0907,-7.515,63.0216,233.9479,0.269,-0.1209,11.0601,65.7812,234.1568,0.2813,0.1697
2015-05-09T01:17:59.249Z,6.9299,71.1966,233.6381,0.3049,0.0979,-7.6997,64.2182,233.4406,0.2748,-0.1214,11.323,65.142,233.995,0.2784,0.1741
2015-05-09T01:18:59.538Z,6.4557,70.2548,233.457,0.3008,0.0936,-6.9812,63.3835,233.3632,0.2721,-0.1134,11.4414,65.1255,233.9333,0.2781,0.1778
2015-05-09T01:19:59.840Z,6.0008,69.8802,233.6513,0.299,0.0873,-7.1923,63.4954,233.3483,0.2721,-0.1143,11.0989,65.2263,233.9418,0.2786,0.1721
2015-05-09T01:20:59.957Z,6.5515,69.9075,233.4268,0.299,0.0952,-6.9198,65.3642,233.2114,0.2804,-0.1096,10.9864,64.6159,233.8167,0.2765,0.1701
2015-05-09T01:21:59.311Z,6.5511,70.7452,233.4831,0.3024,0.0929,-7.742,64.3061,233.5536,0.2752,-0.121,11.1159,65.6811,233.8741,0.2807,0.1698
2015-05-09T01:22:59.902Z,6.5684,71.408,233.8067,0.305,0.0924,-6.6959,64.2714,233.811,0.2751,-0.1064,11.3032,63.6714,234.063,0.2724,0.1815
2015-05-09T01:23:59.180Z,6.911,70.0046,233.8466,0.2991,0.102,-7.5736,62.65,233.7428,0.2682,-0.1243,11.5046,65.3809,234.1079,0.2793,0.1797
2015-05-09T01:24:59.845Z,6.5129,70.574,234.1078,0.3014,0.0927,-6.8642,63.7257,233.8152,0.273,-0.1081,11.0886,65.1295,234.0653,0.2782,0.1702
2015-05-09T01:25:59.049Z,6.8672,70.3341,234.0421,0.3007,0.0976,-6.9654,63.0699,233.8576,0.2692,-0.1121,11.1189,64.6199,233.9218,0.2763,0.173
2015-05-09T01:26:59.381Z,6.8842,72.3236,233.8076,0.3089,0.0955,-6.9299,63.8773,233.3158,0.2735,-0.1108,11.446,64.034,233.8367,0.2735,0.1799
2015-05-09T01:27:59.121Z,6.4391,70.6694,233.5833,0.3023,0.091,-7.0333,63.0916,233.0526,0.2708,-0.1124,11.2097,65.9382,233.6137,0.2822,0.1721
2015-05-09T01:28:59.331Z,6.133,70.1591,233.4105,0.3004,0.0888,-7.4308,61.9609,232.96,0.2662,-0.1241,11.097,65.1773,233.6777,0.2795,0.1722
2015-05-09T01:29:59.432Z,6.5313,71.699,233.0409,0.3074,0.0913,-7.0741,63.9545,233.0497,0.2742,-0.1122,11.0336,64.6248,233.7742,0.2765,0.1726
2015-05-09T01:30:59.653Z,6.1748,69.9502,233.4177,0.2999,0.0889,-7.4567,63.5086,233.347,0.2717,-0.1191,11.6835,66.1214,234.1197,0.2829,0.1776
2015-05-09T01:31:59.022Z,6.8417,71.2572,233.5254,0.3052,0.0984,-7.4092,63.2029,232.682,0.2717,-0.1191,10.9914,64.2491,233.2569,0.275,0.1719
2015-05-09T01:33:59.303Z,6.7303,70.8919,233.9368,0.303,0.0957,-7.3877,63.5136,232.9752,0.2724,-0.1186,11.2053,64.2005,232.6117,0.2757,0.1745
2015-05-09T01:34:59.744Z,6.6741,71.4924,233.3933,0.3063,0.0936,-6.6818,64.1238,232.4544,0.2756,-0.1077,11.2743,64.2125,232.8395,0.2749,0.1766
2015-05-09T01:35:59.209Z,6.8601,70.748,233.1689,0.3036,0.098,-7.3095,63.5708,232.4654,0.2735,-0.1162,11.1768,65.0687,232.651,0.2797,0.1715
2015-05-09T01:36:59.502Z,6.3671,70.0777,233.2401,0.3007,0.0918,-7.5418,64.6607,232.7622,0.2777,-0.1174,11.3924,65.9966,233.0081,0.2832,0.1731
2015-05-09T01:37:59.851Z,5.952,69.1902,233.0737,0.2967,0.088,-6.6759,62.5046,232.7779,0.2684,-0.1107,10.6535,65.1422,232.8908,0.2795,0.1699
2015-05-09T01:38:59.525Z,5.557,70.9118,234.022,0.3035,0.0791,-7.0879,64.1841,234.1943,0.2742,-0.1127,11.7265,66.4467,234.1276,0.2841,0.176
2015-05-09T01:39:59.735Z,5.1351,70.4886,233.0335,0.3026,0.0743,-6.7597,63.5134,232.7537,0.2733,-0.1086,11.1153,63.2255,233.2059,0.2705,0.1779
2015-05-09T01:40:59.361Z,4.5873,70.4803,232.569,0.3029,0.0648,-6.9253,65.3531,233.0966,0.2798,-0.1067,11.0887,65.0431,232.6426,0.28,0.1707
2015-05-09T01:41:59.816Z,4.7511,69.9879,232.5333,0.301,0.0687,-6.9525,62.75,232.9242,0.2697,-0.114,10.6968,63.4101,232.6471,0.2725,0.1722
2015-05-09T01:42:59.684Z,5.3058,69.9678,232.229,0.3015,0.0767,-6.817,63.6425,233.9312,0.2718,-0.1109,11.1135,63.1669,233.4257,0.2704,0.1811
2015-05-09T01:43:59.772Z,4.7384,70.6263,232.5046,0.3033,0.0668,-7.4508,61.4314,231.8403,0.2649,-0.1224,11.5637,64.0801,234.5024,0.274,0.1802
2015-05-09T01:44:59.010Z,4.5554,70.0348,232.5367,0.3009,0.0662,-7.2274,63.2437,231.3199,0.2731,-0.1173,11.2473,65.3081,234.6572,0.2783,0.1743
2015-05-09T01:45:59.662Z,4.7965,71.4209,232.2809,0.3069,0.0679,-7.5267,63.9657,233.679,0.2736,-0.1175,11.4364,65.4334,233.9697,0.2795,0.1769
2015-05-09T01:46:59.052Z,4.7649,69.8257,233.2961,0.2994,0.0704,-6.7694,64.0243,233.3876,0.275,-0.1086,11.1424,63.1193,232.8884,0.2712,0.1777
2015-05-09T01:47:59.342Z,5.9488,69.0603,233.7261,0.2958,0.0885,-6.7352,62.7696,233.6575,0.2688,-0.111,10.5939,62.7751,232.8798,0.2695,0.1713
2015-05-09T01:48:59.599Z,5.0587,71.2197,233.6809,0.3049,0.0724,-6.8116,63.4889,234.1527,0.2716,-0.1097,10.976,64.199,233.0762,0.2756,0.1722
2015-05-09T01:49:59.916Z,4.9719,71.7782,233.5262,0.3071,0.0691,-6.7656,63.8829,233.8774,0.2727,-0.1076,11.2804,66.1069,233.0909,0.2836,0.1718
2015-05-09T01:50:59.101Z,5.1216,69.5922,233.8268,0.2977,0.0729,-6.7532,63.9816,234.0816,0.2732,-0.1047,10.7868,64.799,233.456,0.2778,0.1681
2015-05-09T01:51:59.314Z,4.9835,70.6834,233.6681,0.3026,0.0697,-6.7203,63.2836,234.5066,0.269,-0.1103,11.0746,63.1656,234.2144,0.2696,0.178
2015-05-09T01:52:59.539Z,5.1651,70.7841,233.6261,0.3026,0.0733,-7.3838,63.577,234.4537,0.2711,-0.1185,11.2145,64.67,234.1708,0.2763,0.1745
2015-05-09T01:53:59.730Z,4.9373,71.0279,233.9848,0.3034,0.0705,-6.2697,64.223,234.7049,0.2737,-0.0981,11.1532,65.1315,234.587,0.2773,0.1733
2015-05-09T01:54:59.937Z,5.1891,70.9858,234.0595,0.3037,0.0741,-6.5486,64.9046,234.0052,0.2774,-0.1034,11.6197,65.1835,234.1431,0.2786,0.1792
2015-05-09T01:55:59.577Z,5.0026,71.2229,233.857,0.3043,0.0726,-6.7212,65.1512,234.8101,0.2773,-0.1041,11.0934,64.889,234.0869,0.2773,0.1709
2015-05-09T01:56:59.129Z,5.239,70.504,234.1509,0.3009,0.074,-6.9098,62.3595,234.3346,0.266,-0.1148,11.1309,63.8976,234.567,0.2726,0.1781
2015-05-09T01:57:59.328Z,5.1533,71.1919,234.686,0.3037,0.0725,-6.6191,64.6592,234.0271,0.2762,-0.1053,11.7032,64.409,234.5022,0.2748,0.1815
2015-05-09T01:58:59.839Z,4.7938,70.6497,234.4033,0.3014,0.0683,-6.8076,64.0287,233.8322,0.2736,-0.1068,11.5223,63.4602,234.494,0.2712,0.1821
2015-05-09T01:59:59.938Z,4.5898,71.1327,234.6131,0.303,0.0642,-6.5564,62.7952,234.3288,0.2678,-0.1059,11.0853,63.4904,234.2122,0.2711,0.1759
2015-05-09T02:00:59.457Z,4.8918,68.6334,234.9659,0.292,0.0727,-6.717,62.5271,235.0578,0.2658,-0.1092,11.0431,63.5198,233.9378,0.2717,0.1778
2015-05-09T02:01:59.211Z,5.6898,71.0383,235.188,0.3014,0.0814,-6.9032,63.8683,235.5901,0.2714,-0.1111,11.7419,64.1222,234.362,0.2738,0.1863
2015-05-09T02:02:59.785Z,5.0076,70.4076,234.5955,0.3002,0.0723,-6.8015,63.7399,235.2036,0.2707,-0.1089,11.2029,65.1982,234.1511,0.2785,0.1737
2015-05-09T02:03:59.078Z,5.1001,71.4768,233.9263,0.3061,0.0721,-7.1694,63.8788,234.3268,0.2728,-0.1133,10.736,65.2748,233.5266,0.2796,0.1658
2015-05-09T02:04:59.671Z,5.1377,71.3275,233.9008,0.3051,0.0725,-6.6511,64.1447,234.3383,0.274,-0.1075,11.4412,66.2039,233.7498,0.2837,0.1743
2015-05-09T02:05:59.248Z,4.9169,69.5296,233.9354,0.2968,0.0702,-6.8468,66.3576,234.7197,0.283,-0.1041,10.8497,64.0248,233.7422,0.2734,0.1701
2015-05-09T02:06:59.627Z,5.2799,69.9181,234.2576,0.2981,0.0774,-6.5535,64.6454,235.2711,0.2754,-0.1029,10.8564,63.3931,234.0532,0.2709,0.1727
2015-05-09T02:07:59.763Z,4.9216,70.9421,233.9103,0.303,0.0708,-6.7846,62.3422,235.0985,0.2652,-0.1113,11.0685,62.5935,233.8604,0.2678,0.1818
2015-05-09T02:08:59.931Z,5.0118,70.9504,233.5124,0.3041,0.0709,-6.9222,61.8627,234.5248,0.2633,-0.1126,11.3801,63.5404,233.1499,0.2723,0.1788
2015-05-09T02:09:59.195Z,4.8273,70.8743,233.5756,0.3038,0.0689,-6.6912,64.1963,234.6651,0.2736,-0.1049,11.1923,65.1294,233.1646,0.2794,0.1724
2015-05-09T02:10:59.552Z,5.4464,69.9682,233.3352,0.3001,0.0791,-6.834,63.6085,235.3774,0.2699,-0.1076,11.0172,65.541,233.5568,0.2807,0.1705
2015-05-09T02:11:59.904Z,5.3069,70.3556,232.4441,0.302,0.0764,-6.5314,62.6058,234.6153,0.2668,-0.106,10.8619,64.9047,232.7947,0.2791,0.1675
2015-05-09T02:12:59.632Z,5.0446,69.6712,232.0041,0.3004,0.0729,-6.7308,63.7725,234.3146,0.2722,-0.1082,11.1995,64.8195,232.4867,0.2789,0.1737
2015-05-09T02:13:59.883Z,4.0941,69.6634,231.7642,0.3005,0.0598,-7.012,64.2369,234.2674,0.2742,-0.1112,11.1945,63.4838,232.6611,0.2733,0.1774
2015-05-09T02:14:59.241Z,4.7214,70.179,231.5491,0.3031,0.0673,-7.0933,62.8358,234.1611,0.2686,-0.1149,10.925,65.482,232.4123,0.2817,0.1687
2015-05-09T02:15:59.440Z,5.164,70.5031,231.9381,0.3045,0.072,-7.1071,63.1012,234.4831,0.2687,-0.1133,11.4681,63.1653,232.8163,0.2712,0.1829
2015-05-09T02:16:59.193Z,4.662,70.156,231.7558,0.3025,0.0666,-6.7927,64.0146,234.8023,0.2723,-0.1073,10.7858,63.0203,233.203,0.2702,0.1754
2015-05-09T02:17:59.407Z,4.6593,69.0693,230.7854,0.2995,0.0678,-6.772,64.4849,233.9222,0.276,-0.1063,11.2435,64.1995,232.4513,0.2763,0.1803
2015-05-09T02:18:59.648Z,6.2787,69.9062,231.2707,0.3024,0.0886,-6.9455,63.1238,233.5159,0.27,-0.1102,11.1408,64.0475,233.0357,0.2749,0.1745
2015-05-09T02:19:59.936Z,6.5507,69.9853,231.5485,0.3021,0.0926,-7.208,64.3625,233.6415,0.2755,-0.1147,11.3659,65.1179,233.0977,0.2796,0.1768
2015-05-09T02:20:59.343Z,6.1156,68.0976,231.1464,0.2947,0.0913,-7.2357,63.9172,233.6132,0.2739,-0.1134,11.0029,65.2134,233.1759,0.2797,0.1688
2015-05-09T02:21:59.581Z,6.1399,68.7222,231.1224,0.2971,0.09,-6.6732,63.4732,233.6113,0.2714,-0.1103,11.1325,64.9357,233.2699,0.2782,0.1768
2015-05-09T02:22:59.891Z,6.5011,69.9143,231.2002,0.3027,0.094,-7.4618,64.1874,233.7833,0.2742,-0.1176,11.0793,65.4021,233.4802,0.2802,0.1719
2015-05-09T02:23:59.552Z,6.4376,68.5674,231.4488,0.2959,0.0942,-7.0054,63.9841,233.9842,0.2736,-0.1107,11.3598,65.7478,233.7286,0.2812,0.1744
2015-05-09T02:24:59.795Z,7.0275,69.7409,231.9138,0.3008,0.1026,-6.8257,64.4149,233.3092,0.2761,-0.1075,10.9846,65.3232,233.744,0.279,0.1673
2015-05-09T02:25:59.008Z,7.1275,68.9862,232.4449,0.2963,0.1047,-7.5955,63.2042,232.5364,0.2719,-0.123,11.0052,64.4985,234.3521,0.2754,0.1761
2015-05-09T02:26:59.588Z,6.4735,71.2979,233.2234,0.305,0.0914,-6.8961,63.9771,232.9582,0.2742,-0.1086,11.4665,66.2108,234.9911,0.2816,0.1724
2015-05-09T02:27:59.352Z,6.2598,70.2846,233.8276,0.3001,0.0907,-7.4722,62.5609,233.0652,0.2685,-0.1232,10.9811,65.5322,235.2249,0.2788,0.1704
2015-05-09T02:28:59.590Z,6.8278,70.7292,233.1074,0.3035,0.0977,-7.238,63.776,232.4579,0.2741,-0.1155,11.142,66.3437,234.5855,0.2825,0.171
2015-05-09T02:29:59.883Z,6.8589,70.7837,232.9984,0.3038,0.0986,-7.4302,63.2867,232.2079,0.2725,-0.1171,11.5018,67.2033,234.474,0.2871,0.1725
2015-05-09T02:30:59.358Z,6.4523,68.8967,232.0829,0.2964,0.0941,-7.0192,64.3774,231.1258,0.2787,-0.1117,11.4831,64.8691,233.86,0.2777,0.1776
2015-05-09T02:31:59.257Z,6.4044,69.9499,231.9367,0.3016,0.0927,-7.0536,63.2643,231.0464,0.2745,-0.1166,11.0557,63.6023,233.8175,0.2723,0.177
2015-05-09T02:32:59.472Z,6.7051,70.6265,232.2,0.304,0.096,-7.1735,62.5662,231.4855,0.27,-0.1162,11.0009,65.0518,234.0846,0.2777,0.17
2015-05-09T02:33:59.726Z,6.6061,70.2546,232.3257,0.3025,0.0948,-7.0041,62.9917,231.8164,0.2716,-0.112,11.5276,65.303,233.9592,0.2789,0.1778
2015-05-09T02:34:59.149Z,6.4699,70.5829,232.7608,0.3033,0.0923,-7.0698,63.9317,232.1434,0.2756,-0.1119,11.3808,64.8341,234.3569,0.2767,0.1777
2015-05-09T02:35:59.472Z,6.1426,69.3115,233.0396,0.2973,0.0886,-6.6464,63.2418,232.4491,0.2716,-0.107,11.0334,65.8008,234.4132,0.2805,0.168
2015-05-09T02:36:59.835Z,6.3721,68.4849,233.4533,0.2936,0.095,-7.4533,61.6512,232.8963,0.2649,-0.1239,11.4427,63.6875,234.5542,0.2713,0.1824
2015-05-09T02:37:59.076Z,6.681,70.1846,233.4429,0.3008,0.0969,-7.156,63.0567,232.6858,0.2717,-0.114,10.9233,65.0834,234.4735,0.2774,0.1687
2015-05-09T02:38:59.427Z,6.8191,71.1853,233.4763,0.3048,0.0976,-7.2728,62.7413,233.174,0.2687,-0.1208,11.4078,65.4354,235.382,0.2783,0.176
2015-05-09T02:39:59.185Z,6.2747,71.0278,232.8141,0.3048,0.0884,-7.2748,64.5371,233.1711,0.2767,-0.1143,11.5016,66.563,234.9439,0.2831,0.1739
2015-05-09T02:40:59.690Z,6.4705,69.3787,232.4703,0.2985,0.0962,-7.4499,62.3021,232.8222,0.2676,-0.123,11.2386,64.4148,234.6154,0.2747,0.1762
2015-05-09T02:41:59.002Z,5.8829,69.1899,233.3357,0.2964,0.0856,-7.3107,63.0186,233.3688,0.27,-0.1197,11.2598,64.3669,235.2591,0.2739,0.1779
2015-05-09T02:42:59.630Z,6.8116,70.8659,233.1398,0.3034,0.0964,-7.3988,63.5132,233.102,0.2728,-0.1178,11.5454,65.5382,235.1137,0.2787,0.1761
2015-05-09T02:43:59.933Z,6.8853,70.9945,233.2643,0.3049,0.0973,-7.2949,65.2876,233.2197,0.2796,-0.1115,11.6813,65.1418,234.7127,0.2773,0.1782
2015-05-09T02:44:59.320Z,6.3234,71.6587,233.2694,0.3068,0.0894,-7.1428,63.3241,233.3556,0.2709,-0.114,11.6249,65.5364,234.5787,0.2797,0.1782
2015-05-09T02:45:59.801Z,6.2245,70.7018,232.5099,0.3038,0.0875,-7.3013,64.2248,233.0129,0.2752,-0.1162,11.0771,64.7754,234.5233,0.2764,0.1749
2015-05-09T02:46:59.743Z,6.234,70.4077,232.9137,0.3016,0.0902,-7.2856,65.1397,232.3384,0.2808,-0.1134,11.3152,65.6818,234.358,0.2804,0.1744
2015-05-09T02:47:59.989Z,6.3758,70.8981,233.7218,0.3034,0.091,-7.3927,63.9056,232.7722,0.2745,-0.12,11.4537,65.1376,235.1608,0.2767,0.1765
2015-05-09T02:48:59.527Z,6.4641,70.9018,233.6624,0.3034,0.0932,-7.5033,63.873,232.5561,0.2747,-0.1194,11.1471,66.4357,235.3257,0.2821,0.1696
2015-05-09T02:49:59.904Z,6.8865,69.7652,233.5915,0.2983,0.0989,-7.6797,63.5307,229.9289,0.2758,-0.122,11.2548,64.4434,235.6923,0.2729,0.1748
2015-05-09T02:50:59.236Z,6.7606,69.3648,233.2214,0.2978,0.1003,-8.0423,63.7621,229.9137,0.2769,-0.1278,11.1473,65.7231,235.2121,0.2797,0.1703
2015-05-09T02:51:59.548Z,6.5155,70.4693,231.9554,0.3037,0.0933,-7.3024,63.0131,232.8952,0.2705,-0.1176,11.6592,65.4788,234.6754,0.279,0.179
2015-05-09T02:52:59.945Z,6.6121,70.0393,231.2176,0.3023,0.0951,-7.0879,63.4975,233.2489,0.2726,-0.1124,11.6437,66.4815,233.9998,0.2837,0.177
2015-05-09T02:53:59.221Z,6.0741,70.2248,231.104,0.304,0.0864,-7.0508,63.4616,233.0304,0.2726,-0.112,10.6176,65.4529,233.5532,0.2804,0.1632
2015-05-09T02:54:59.636Z,5.9811,70.138,232.0337,0.3021,0.0862,-6.7477,64.2871,233.302,0.2758,-0.1074,11.4115,65.5142,233.9401,0.28,0.1751
2015-05-09T02:55:59.608Z,6.6014,69.0114,232.3124,0.297,0.0974,-7.2578,64.1801,232.8921,0.2759,-0.1136,11.2586,64.1668,233.7496,0.2744,0.1774
2015-05-09T02:56:59.904Z,6.9526,71.0263,232.3414,0.3051,0.098,-7.4267,62.2448,233.0576,0.2668,-0.1204,11.734,64.4989,234.0054,0.2757,0.1816
2015-05-09T02:57:59.311Z,6.2323,70.4517,232.622,0.3028,0.09,-7.0161,63.6464,232.6933,0.2733,-0.1116,11.1524,65.5141,234.1799,0.2799,0.1712
2015-05-09T02:58:59.662Z,6.1267,70.9603,232.6577,0.3051,0.086,-7.3855,64.8814,232.1927,0.2796,-0.1162,11.1582,65.1341,234.2108,0.2784,0.1714
2015-05-09T02:59:59.440Z,6.7782,71.1412,232.6911,0.3057,0.0954,-7.7128,62.2504,232.3621,0.268,-0.125,11.2166,63.9436,233.975,0.2723,0.1782
