2015-04-09T00:00:59.050Z,7.7562,47.0409,232.536,0.2024,0.1656,-6.9015,35.1054,232.2185,0.151,-0.2078,11.0511,38.6487,233.2919,0.1654,0.2933
2015-04-09T00:01:59.318Z,7.5047,49.1724,232.9896,0.2113,0.1513,-7.4573,36.2926,232.6768,0.1559,-0.2155,11.0116,40.3337,233.4799,0.173,0.282
2015-04-09T00:02:59.621Z,7.5449,48.8566,232.5087,0.21,0.1526,-6.5382,35.213,232.4136,0.1514,-0.1993,10.7395,39.2534,233.2145,0.168,0.283
2015-04-09T00:03:59.273Z,6.854,47.7898,232.4313,0.2058,0.1426,-6.672,32.8916,232.404,0.1416,-0.2209,10.6788,36.9002,233.5618,0.1581,0.2965
2015-04-09T00:04:59.519Z,5.7605,48.9,231.543,0.2112,0.1185,-7.6202,30.0366,231.7707,0.1299,-0.2566,10.3759,34.7618,233.1699,0.1487,0.3037
2015-04-09T00:05:59.736Z,5.2236,49.2323,231.5966,0.2124,0.1055,-6.9264,33.7013,231.7595,0.1454,-0.2177,10.1133,36.3219,233.3391,0.1554,0.2875
2015-04-09T00:06:59.915Z,5.2241,48.9646,232.3011,0.2105,0.1077,-6.3726,33.9527,231.9899,0.1464,-0.2007,10.5724,36.9674,233.5646,0.1584,0.2919
2015-04-09T00:07:59.398Z,5.1313,47.8902,231.9217,0.2068,0.106,-6.5981,34.8456,231.6194,0.1504,-0.1952,10.333,37.5874,233.0139,0.1618,0.2859
2015-04-09T00:08:59.783Z,6.1234,48.8995,231.9578,0.2108,0.1248,-6.4796,34.906,231.5567,0.1509,-0.1951,10.2333,38.0436,232.3271,0.1638,0.2763
2015-04-09T00:09:59.470Z,6.1237,47.0989,232.5386,0.2024,0.1298,-6.1602,36.6262,232.2909,0.1582,-0.1808,10.39,37.7086,233.0534,0.1617,0.2851
2015-04-09T00:10:59.764Z,7.4313,48.915,232.2039,0.2107,0.1515,-6.7202,35.6561,231.9888,0.1537,-0.2014,10.6285,38.853,233.5061,0.1666,0.2788
2015-04-09T00:11:59.341Z,6.693,48.6021,232.6412,0.2086,0.1379,-6.8843,35.8178,232.548,0.1539,-0.1992,10.4129,37.5173,233.5259,0.1607,0.2853
2015-04-09T00:12:59.695Z,7.268,47.6032,232.0447,0.2051,0.1525,-7.2063,34.0729,232.4067,0.1463,-0.2231,10.5889,38.0847,233.0498,0.1634,0.2885
2015-04-09T00:13:59.024Z,6.7839,48.9081,232.1148,0.2108,0.1397,-7.0421,35.427,232.1081,0.1524,-0.208,10.6251,37.7167,232.9417,0.1617,0.2886
2015-04-09T00:14:59.686Z,6.5921,48.4747,233.3305,0.2076,0.1349,-7.4543,34.0189,229.5147,0.1482,-0.2278,10.2746,37.8212,233.831,0.1618,0.2825
2015-04-09T00:15:59.906Z,5.724,48.3693,232.7105,0.2081,0.1166,-6.9635,33.9316,231.2604,0.1467,-0.2088,10.9357,37.3432,233.2589,0.1596,0.3003
2015-04-09T00:16:59.095Z,5.7114,48.863,232.4877,0.2102,0.1173,-7.0092,34.0788,231.9362,0.147,-0.2071,10.4752,39.1139,232.9388,0.1671,0.2734
2015-04-09T00:17:59.498Z,5.6319,47.5191,232.6792,0.2042,0.1189,-5.9984,34.022,232.2167,0.147,-0.1842,10.4126,37.603,233.3247,0.1613,0.2856
2015-04-09T00:18:59.202Z,5.5429,48.0213,232.7459,0.2067,0.1145,-6.9609,35.9492,230.6997,0.1564,-0.1998,10.7722,38.3685,232.3109,0.1648,0.2853
2015-04-09T00:19:59.820Z,5.0868,48.0129,232.6091,0.2065,0.1084,-6.1073,34.8079,232.4212,0.15,-0.1912,10.7886,39.18,233.1763,0.168,0.2862
2015-04-09T00:20:59.426Z,5.0486,48.2843,232.1917,0.2081,0.1062,-6.2964,34.3189,232.7709,0.1467,-0.1937,10.5296,38.2409,233.1676,0.164,0.2849
2015-04-09T00:21:59.680Z,5.5364,48.2857,231.9401,0.2078,0.1142,-6.8735,36.3063,232.5467,0.1557,-0.2038,10.8385,38.3258,233.1323,0.1644,0.2909
2015-04-09T00:22:59.009Z,5.691,48.1983,231.6964,0.2077,0.1181,-6.3568,36.2644,232.4959,0.1556,-0.1827,10.1512,38.5699,232.95,0.1659,0.272
2015-04-09T00:23:59.388Z,5.457,48.1647,231.7751,0.2082,0.1146,-6.1364,33.7346,232.4928,0.1449,-0.1912,10.5966,38.2797,232.432,0.1645,0.2827
2015-04-09T00:24:59.718Z,5.492,48.6302,231.4476,0.2098,0.1124,-6.3146,36.3288,232.2287,0.1563,-0.1821,10.3616,36.6053,232.6084,0.1573,0.2898
2015-04-09T00:25:59.248Z,4.8148,47.5606,230.9754,0.2056,0.1021,-6.4649,32.9811,232.256,0.1422,-0.2048,10.7924,38.7228,232.5678,0.1662,0.2848
2015-04-09T00:26:59.631Z,5.4188,47.8779,230.715,0.2074,0.1164,-5.98,33.418,232.2252,0.1438,-0.1868,10.0048,36.5322,232.483,0.1574,0.2811
2015-04-09T00:27:59.980Z,6.5576,47.9922,229.4123,0.209,0.1355,-6.7411,34.5535,231.387,0.1498,-0.2053,10.4412,36.9462,232.0074,0.1589,0.2897
2015-04-09T00:28:59.235Z,7.092,48.17,228.8437,0.2097,0.1459,-7.0597,34.4633,231.0923,0.1491,-0.213,10.0969,36.5887,232.9716,0.1569,0.2811
2015-04-09T00:29:59.470Z,6.3695,46.7589,229.2782,0.2037,0.1373,-6.9243,32.843,232.3004,0.1412,-0.2209,10.2477,38.4393,234.1262,0.1642,0.2786
2015-04-09T00:30:59.842Z,6.6184,48.4146,229.341,0.2109,0.1363,-6.8833,35.3411,232.082,0.1522,-0.2034,10.3616,39.1359,233.4746,0.1675,0.2718
2015-04-09T00:31:59.322Z,6.291,47.9802,230.8827,0.2078,0.1307,-6.7274,35.0829,232.1132,0.1511,-0.1993,10.0258,35.4544,233.6896,0.1516,0.2913
2015-04-09T00:32:59.718Z,6.2677,48.2005,231.1651,0.2085,0.1323,-6.8298,35.8163,232.3317,0.1542,-0.2012,10.5092,38.0765,233.9587,0.1629,0.2797
2015-04-09T00:33:59.860Z,5.3657,48.7676,231.3122,0.2107,0.1091,-6.2024,34.3703,232.38,0.1478,-0.1877,10.5234,38.4296,233.961,0.1644,0.2809
2015-04-09T00:34:59.189Z,5.1823,47.5522,232.1269,0.205,0.1083,-6.2367,35.5371,232.5438,0.1531,-0.1829,10.6166,38.5841,234.1917,0.1644,0.2858
2015-04-09T00:35:59.934Z,5.6097,47.9613,231.6942,0.2074,0.1169,-6.999,35.0935,232.2114,0.1503,-0.202,10.8568,39.4346,233.8074,0.1685,0.2824
2015-04-09T00:36:59.328Z,7.036,48.3988,231.1009,0.2091,0.1443,-6.8954,34.9326,231.3667,0.1514,-0.2094,10.3107,38.1064,233.0788,0.1634,0.2751
2015-04-09T00:37:59.874Z,7.1183,48.5058,231.3108,0.2097,0.1466,-6.916,36.0472,231.0046,0.1564,-0.1992,10.7722,36.7096,233.021,0.1577,0.3009
2015-04-09T00:38:59.262Z,6.8372,49.4903,230.4977,0.2151,0.1387,-6.4508,36.3082,230.6031,0.1571,-0.1901,10.5242,38.6361,232.3151,0.1661,0.2748
2015-04-09T00:39:59.618Z,7.2812,47.4504,230.5257,0.2057,0.1537,-6.7435,35.56,230.5278,0.1539,-0.1952,10.4918,37.7915,231.9082,0.1629,0.2897
2015-04-09T00:40:59.958Z,6.831,47.6433,231.8654,0.2059,0.1423,-6.6196,32.0812,231.6942,0.1387,-0.2136,10.4221,39.2819,231.7868,0.1691,0.2698
2015-04-09T00:41:59.583Z,6.9101,48.357,231.741,0.2091,0.1416,-7.4207,35.2517,231.3866,0.1521,-0.2171,10.3837,38.8297,231.2898,0.1683,0.2751
2015-04-09T00:42:59.877Z,6.8197,49.5812,232.6986,0.2126,0.1398,-6.8483,36.2351,231.9371,0.1564,-0.1954,10.3553,36.8784,230.8135,0.1601,0.2898
2015-04-09T00:43:59.154Z,6.8988,49.0702,231.6427,0.2111,0.1393,-7.112,34.1049,231.5466,0.1475,-0.2154,10.0736,37.8099,230.8526,0.1643,0.2744
2015-04-09T00:44:59.438Z,7.4847,47.4002,231.7817,0.2048,0.1577,-7.018,33.8613,231.2963,0.1463,-0.2138,10.0529,37.4954,230.8404,0.1621,0.2786
2015-04-09T00:45:59.923Z,6.6356,47.9749,230.5703,0.2078,0.1373,-6.3822,34.8966,229.8256,0.1514,-0.1949,10.1946,37.1787,229.4474,0.1626,0.2821
2015-04-09T00:46:59.678Z,6.4835,48.2736,230.5548,0.2097,0.1342,-7.1869,35.1715,229.7488,0.1533,-0.2099,10.2555,35.3471,229.1151,0.1545,0.2962
2015-04-09T00:47:59.127Z,7.1704,49.3146,230.6748,0.2138,0.1454,-6.607,33.6344,229.9284,0.1461,-0.2062,10.2098,37.4933,229.5243,0.1632,0.277
2015-04-09T00:48:59.438Z,7.0941,47.8049,230.2978,0.208,0.1475,-6.4138,36.2459,229.9284,0.1582,-0.1888,10.2221,36.9904,229.8136,0.1607,0.2856
2015-04-09T00:49:59.891Z,6.7816,47.6041,230.1903,0.207,0.1435,-6.8549,33.6105,230.054,0.1461,-0.2195,10.1215,38.6143,229.7388,0.168,0.2657
2015-04-09T00:50:59.159Z,6.1134,48.0558,230.6587,0.2086,0.1288,-7.075,35.5742,230.1861,0.1542,-0.2051,10.6059,37.9033,230.3884,0.1654,0.2859
2015-04-09T00:51:59.821Z,5.2153,47.6458,230.4915,0.2063,0.1105,-6.6488,36.636,230.3497,0.1591,-0.1865,10.3139,35.9361,230.5234,0.1558,0.2977
2015-04-09T00:52:59.322Z,5.4608,47.8066,231.1023,0.2064,0.1138,-6.4886,34.8862,230.7218,0.1516,-0.1911,10.5684,39.0139,231.3763,0.1691,0.2766
2015-04-09T00:53:59.711Z,5.409,48.7111,231.9432,0.2099,0.1116,-6.4915,36.1303,232.0615,0.156,-0.1899,10.0953,38.0832,231.1314,0.1638,0.2774
2015-04-09T00:54:59.990Z,6.8393,47.5413,232.3971,0.2045,0.1433,-7.0947,34.0786,232.3369,0.1468,-0.219,10.6251,39.6154,232.0633,0.1707,0.2801
2015-04-09T00:55:59.248Z,6.7454,48.2853,232.4516,0.2078,0.1393,-6.9182,34.2589,231.9848,0.1482,-0.2084,10.0114,38.4904,232.1258,0.1654,0.2667
2015-04-09T00:56:59.981Z,7.1905,48.3189,232.8452,0.2078,0.149,-7.0079,34.2961,232.1307,0.1476,-0.2195,10.641,39.1574,232.5562,0.1685,0.2795
2015-04-09T00:57:59.306Z,7.341,47.9686,232.0553,0.2064,0.1519,-7.3222,36.2773,230.7761,0.1573,-0.2103,10.9129,37.2082,232.1172,0.1606,0.3004
2015-04-09T00:58:59.876Z,7.187,48.6975,231.4377,0.2101,0.1463,-7.2729,34.368,230.621,0.149,-0.2198,10.4598,39.0686,231.7248,0.1687,0.2751
2015-04-09T00:59:59.097Z,6.8734,46.6894,231.1048,0.2018,0.1457,-6.577,33.0277,231.5634,0.143,-0.2103,10.1547,37.1712,231.988,0.1604,0.2846
2015-04-09T01:00:59.146Z,6.9969,47.5127,230.7519,0.2056,0.1466,-6.7509,34.7223,230.8973,0.1501,-0.2078,10.6315,37.6705,232.0655,0.1623,0.287
2015-04-09T01:01:59.277Z,6.3152,47.47,230.6801,0.2049,0.1331,-6.7564,35.3705,231.2046,0.1527,-0.1951,10.1045,37.1666,232.3911,0.1598,0.2843
2015-04-09T01:02:59.561Z,6.5568,48.6096,230.9187,0.2104,0.1365,-6.6233,36.4602,231.2535,0.1575,-0.1954,10.2196,38.1627,232.6974,0.1645,0.2765
2015-04-09T01:03:59.844Z,6.7087,48.2963,230.5033,0.2091,0.1388,-7.3369,34.3319,231.1679,0.1482,-0.2223,10.3771,37.0033,231.9133,0.16,0.2904
2015-04-09T01:04:59.149Z,6.7674,47.9242,231.0863,0.2074,0.1418,-6.9918,33.3603,231.3978,0.1443,-0.2139,10.0907,36.7051,231.7832,0.1581,0.2793
2015-04-09T01:05:59.607Z,7.1253,48.3928,231.013,0.2099,0.1487,-7.1982,34.3323,231.834,0.1479,-0.2186,10.3352,39.0896,232.5012,0.168,0.276
2015-04-09T01:06:59.896Z,6.8613,48.5593,230.5536,0.2107,0.1404,-6.4132,34.8391,231.8026,0.1503,-0.1962,10.1744,36.8065,233.1563,0.158,0.2851
2015-04-09T01:07:59.017Z,6.8547,47.9906,230.2579,0.2088,0.1424,-7.0632,34.6139,230.8867,0.1504,-0.2097,10.6624,39.4516,232.0119,0.1704,0.2777
2015-04-09T01:08:59.557Z,6.8566,48.1016,230.4057,0.2087,0.1411,-7.0854,34.1287,230.916,0.1481,-0.2197,10.2688,37.3622,231.5459,0.1612,0.2847
2015-04-09T01:09:59.468Z,6.5901,48.4611,231.1656,0.2097,0.1348,-7.0327,34.4038,230.9774,0.1492,-0.2119,10.3065,36.5066,232.1688,0.1573,0.2904
2015-04-09T01:10:59.793Z,7.271,47.6131,230.978,0.206,0.152,-7.1256,34.8286,231.75,0.1502,-0.2121,10.347,38.2971,232.5245,0.1644,0.2812
2015-04-09T01:11:59.294Z,7.0325,47.6807,230.5474,0.2069,0.147,-7.2555,36.0271,231.5564,0.1552,-0.2092,10.2718,38.6358,232.1346,0.166,0.2801
2015-04-09T01:12:59.939Z,7.0195,48.7365,230.9229,0.2112,0.1449,-6.6642,33.3487,231.7392,0.1438,-0.2083,10.4359,37.9567,232.2705,0.1633,0.2858
2015-04-09T01:13:59.283Z,6.2908,47.3797,230.2043,0.2057,0.1318,-6.931,35.7746,232.0343,0.1543,-0.203,10.0858,37.5296,232.5727,0.1616,0.2782
2015-04-09T01:14:59.279Z,6.9857,47.4336,230.2848,0.2059,0.1459,-7.0915,33.6636,231.7888,0.1454,-0.2179,10.2605,37.2733,232.9322,0.1596,0.2825
2015-04-09T01:15:59.783Z,6.4409,48.1804,230.5115,0.2085,0.1327,-7.564,35.7655,231.3127,0.1547,-0.219,10.4137,38.9801,232.3475,0.1676,0.2737
2015-04-09T01:16:59.030Z,7.1411,47.9454,231.1719,0.2072,0.1494,-6.7044,35.7572,231.2853,0.1546,-0.1984,10.4877,38.2283,232.318,0.1647,0.2807
2015-04-09T01:17:59.389Z,6.7624,48.4042,231.1911,0.2091,0.1395,-6.7,36.3981,231.1384,0.1571,-0.2,10.8201,39.368,232.3491,0.1696,0.2771
2015-04-09T01:18:59.614Z,5.7927,47.1843,230.8836,0.2048,0.1222,-7.0749,36.6887,229.4488,0.1597,-0.1963,10.5121,38.0227,231.9302,0.1642,0.2868
2015-04-09T01:19:59.984Z,6.0835,47.9599,231.3485,0.2074,0.1282,-6.4672,34.4663,228.4707,0.1505,-0.1999,10.2705,38.0126,233.0988,0.1634,0.2835
2015-04-09T01:20:59.217Z,6.9307,47.873,230.6637,0.2071,0.1451,-6.5612,35.6989,231.2377,0.1546,-0.1898,10.402,38.1976,232.8244,0.1639,0.2798
2015-04-09T01:21:59.467Z,7.0645,48.4871,230.5312,0.2101,0.1465,-7.7029,35.8871,231.4324,0.1553,-0.2237,10.7979,40.0881,232.6004,0.1721,0.2779
2015-04-09T01:22:59.200Z,5.934,47.4239,230.5922,0.2062,0.1254,-6.6906,31.7194,231.3432,0.1377,-0.2128,9.9743,35.0733,232.6223,0.1503,0.295
2015-04-09T01:23:59.442Z,5.5579,49.6849,231.809,0.214,0.1128,-6.9205,35.9602,231.0967,0.1552,-0.198,10.5957,38.2109,231.9253,0.165,0.2796
2015-04-09T01:24:59.707Z,7.0568,48.2923,231.3018,0.2089,0.1466,-7.2255,34.8907,231.1295,0.151,-0.2184,10.7844,37.3999,232.4685,0.1608,0.2991
2015-04-09T01:25:59.089Z,6.7457,48.3478,231.2759,0.2087,0.1389,-6.2429,35.9148,231.203,0.1551,-0.1863,10.4396,37.2629,232.8119,0.1594,0.285
2015-04-09T01:26:59.574Z,7.2205,48.4633,230.3354,0.2103,0.148,-6.7218,35.1789,230.8969,0.1521,-0.2025,10.2133,37.9253,232.1789,0.1631,0.2786
2015-04-09T01:27:59.833Z,7.0712,48.315,230.0723,0.2093,0.1468,-6.675,35.5596,230.7261,0.1546,-0.2053,10.3475,38.1051,231.6905,0.1645,0.2818
2015-04-09T01:28:59.078Z,7.1461,48.9033,231.4253,0.2119,0.1453,-7.1504,32.7976,230.335,0.1426,-0.2292,10.2729,36.9264,231.8707,0.1597,0.2907
2015-04-09T01:29:59.757Z,5.8602,48.0444,231.6305,0.2078,0.1234,-7.4111,34.8877,230.9127,0.1508,-0.2243,9.8453,37.5915,232.2215,0.1623,0.2704
2015-04-09T01:30:59.178Z,5.8942,48.4509,232.343,0.209,0.1212,-6.3438,36.5131,231.3181,0.1574,-0.1812,10.4077,38.5832,232.1567,0.1664,0.2799
2015-04-09T01:31:59.587Z,5.5786,46.9842,232.4596,0.2018,0.118,-6.1301,35.2367,231.3798,0.1524,-0.1847,10.5692,38.9553,232.4736,0.1676,0.2811
2015-04-09T01:32:59.837Z,6.6197,49.3433,232.0249,0.2131,0.1346,-7.9668,34.0636,231.1545,0.1476,-0.2363,10.0613,38.7364,232.2237,0.167,0.2654
2015-04-09T01:33:59.093Z,7.2381,48.6157,232.9578,0.2091,0.1497,-6.7277,36.1567,231.497,0.1564,-0.2004,10.6896,37.8964,232.7221,0.1626,0.2912
2015-04-09T01:34:59.851Z,6.5736,47.8801,232.2684,0.2059,0.1351,-7.2317,34.2374,230.8355,0.1487,-0.2193,10.3651,38.9338,232.2516,0.1679,0.2728
2015-04-09T01:35:59.413Z,6.6253,48.0816,232.5346,0.2067,0.138,-7.4224,38.8363,230.9634,0.1686,-0.1999,10.513,39.2458,232.0256,0.1698,0.2754
2015-04-09T01:36:59.878Z,7.0834,49.2259,232.4454,0.2121,0.1422,-6.993,36.1624,231.2278,0.1565,-0.2076,10.5627,38.6895,231.7665,0.1676,0.284
2015-04-09T01:37:59.321Z,6.2946,48.1291,231.9756,0.2073,0.1317,-6.8212,37.248,230.6388,0.1611,-0.1942,10.407,38.137,231.1671,0.1643,0.28
2015-04-09T01:38:59.644Z,7.1267,48.9384,231.5911,0.2113,0.1455,-6.7064,35.83,229.6047,0.1562,-0.1955,10.7146,37.0522,230.7576,0.1604,0.2936
2015-04-09T01:39:59.066Z,7.0037,48.4892,231.58,0.2093,0.1448,-6.7311,33.5652,229.908,0.1453,-0.2117,10.3319,36.9852,230.8971,0.1604,0.2832
2015-04-09T01:40:59.742Z,6.828,48.1913,231.558,0.2083,0.1402,-6.3892,37.7602,229.8871,0.1639,-0.182,10.593,37.2543,230.9207,0.1616,0.2924
2015-04-09T01:41:59.992Z,7.0473,48.7763,231.9235,0.21,0.144,-7.0852,35.4993,230.55,0.1542,-0.2124,10.5288,38.6273,231.2798,0.1664,0.2821
2015-04-09T01:42:59.119Z,7.094,48.4318,231.9189,0.2088,0.1471,-6.8516,33.5852,230.689,0.1456,-0.2106,10.06,37.0843,231.2409,0.1602,0.2758
2015-04-09T01:43:59.683Z,7.0071,48.1361,230.9814,0.2079,0.1454,-7.035,32.8936,229.5225,0.1428,-0.2259,10.2007,39.2847,231.6664,0.1697,0.2667
2015-04-09T01:44:59.852Z,6.7873,47.4412,231.3779,0.2054,0.1435,-6.9111,35.1158,230.1853,0.1521,-0.2081,10.3643,39.2421,232.7036,0.1685,0.2722
2015-04-09T01:45:59.367Z,6.8207,47.3849,232.1739,0.2041,0.1448,-6.8583,35.6906,230.6262,0.1546,-0.2,10.8433,37.9202,233.6103,0.1621,0.288
2015-04-09T01:46:59.367Z,7.406,48.4187,232.1878,0.2086,0.1538,-6.8445,35.8901,228.3395,0.1571,-0.2044,9.8384,38.5659,233.6073,0.1653,0.2671
2015-04-09T01:47:59.876Z,7.4653,48.4614,232.1505,0.2087,0.1537,-6.7736,32.5941,227.905,0.1426,-0.2191,10.131,39.4386,233.5624,0.1686,0.262
2015-04-09T01:48:59.301Z,7.1844,47.4061,231.3888,0.205,0.1507,-6.8422,35.4423,228.3388,0.1549,-0.207,10.3843,37.9547,232.7071,0.1628,0.2851
2015-04-09T01:49:59.733Z,6.2936,49.2477,231.0612,0.213,0.1274,-6.8035,35.9036,230.2897,0.1561,-0.2015,10.0822,37.6724,232.9755,0.1614,0.2788
2015-04-09T01:50:59.650Z,7.2122,48.2192,231.0503,0.2089,0.1498,-6.734,33.2147,230.6589,0.1441,-0.2169,10.5519,39.3098,232.9444,0.1687,0.2786
2015-04-09T01:51:59.982Z,7.1997,47.8002,230.9405,0.2067,0.1483,-6.8784,35.1383,230.1892,0.1524,-0.2028,10.5668,38.8935,232.3901,0.1673,0.2841
2015-04-09T01:52:59.354Z,7.3096,48.6344,230.6444,0.2102,0.1492,-6.7014,35.3857,230.13,0.1546,-0.2013,10.5821,39.3928,232.29,0.1697,0.2759
2015-04-09T01:53:59.683Z,5.7182,47.8886,231.7266,0.2063,0.1186,-6.5692,34.3879,230.8533,0.1485,-0.1973,10.9799,38.5526,232.1109,0.1662,0.296
2015-04-09T01:54:59.021Z,6.2952,48.6906,232.9016,0.2091,0.128,-6.1001,35.1168,231.8246,0.1513,-0.1867,10.3168,35.0636,230.8273,0.1519,0.3041
2015-04-09T01:55:59.307Z,5.402,48.6963,231.7655,0.2105,0.1131,-6.3598,34.8088,231.5062,0.15,-0.1953,10.7816,39.2096,233.3104,0.1687,0.2811
2015-04-09T01:56:59.606Z,5.9813,48.1521,231.0513,0.2086,0.1246,-6.5305,35.4008,231.0721,0.1534,-0.1903,10.7228,37.4886,232.6389,0.1612,0.2929
2015-04-09T01:57:59.209Z,5.3894,48.7512,230.9593,0.2109,0.1112,-6.4922,35.1341,231.3099,0.1518,-0.194,9.9644,39.3471,232.3306,0.1689,0.2647
2015-04-09T01:58:59.063Z,5.0578,47.8348,230.7211,0.2068,0.1068,-6.5045,35.6747,230.412,0.1545,-0.1903,10.263,38.0056,231.3379,0.1641,0.2823
2015-04-09T01:59:59.741Z,5.8807,46.7424,230.6897,0.2027,0.1238,-6.4805,34.647,230.7765,0.1504,-0.197,10.5488,38.3861,231.8858,0.1657,0.286
2015-04-09T02:00:59.851Z,4.9493,47.174,229.9801,0.2051,0.1062,-6.6037,35.0103,230.5654,0.1515,-0.196,10.6051,38.4075,231.4555,0.1653,0.2851
2015-04-09T02:01:59.305Z,5.5509,46.8562,229.9414,0.2039,0.1176,-6.4261,35.5068,230.2414,0.1537,-0.182,10.2114,36.8249,231.1031,0.1592,0.287
2015-04-09T02:02:59.513Z,6.9635,48.4562,230.2568,0.2104,0.1438,-6.5975,34.2599,227.8538,0.1503,-0.2116,10.7321,37.1115,232.1099,0.1595,0.2975
2015-04-09T02:03:59.734Z,7.0609,48.5323,231.5844,0.2096,0.1457,-7.1438,36.1908,228.7058,0.1582,-0.2071,10.6798,37.6046,233.0913,0.1613,0.292
2015-04-09T02:04:59.053Z,7.1112,47.9869,230.3396,0.2082,0.1499,-7.273,35.1401,229.439,0.1527,-0.2156,10.5503,36.6181,231.3499,0.1587,0.2916
2015-04-09T02:05:59.582Z,6.852,48.5943,230.0566,0.2113,0.1412,-6.9673,34.675,229.5565,0.1515,-0.2093,10.3765,37.6755,230.1779,0.1639,0.2815
2015-04-09T02:06:59.224Z,6.6853,47.6574,230.5236,0.2072,0.1398,-6.7356,33.9444,230.23,0.1479,-0.2014,10.424,35.987,230.7341,0.1561,0.2942
2015-04-09T02:07:59.888Z,5.0986,48.0604,230.1799,0.2089,0.1052,-6.683,30.2817,229.7992,0.1315,-0.2265,10.0023,34.7916,230.9687,0.1511,0.2938
2015-04-09T02:08:59.092Z,5.0266,47.5809,230.5441,0.2062,0.1053,-6.3181,31.5444,229.516,0.1377,-0.2058,9.9607,34.7746,231.1012,0.1506,0.2968
2015-04-09T02:09:59.709Z,5.5,48.7895,230.8288,0.2111,0.1133,-6.5155,34.3129,229.722,0.1497,-0.1989,10.3955,37.8612,231.3177,0.1635,0.2847
2015-04-09T02:10:59.071Z,5.7966,48.1072,231.0819,0.2084,0.1194,-6.02,34.2481,230.4272,0.1487,-0.1854,10.2937,38.4521,231.8833,0.1656,0.2772
2015-04-09T02:11:59.344Z,5.4002,48.3847,232.0012,0.2093,0.1125,-6.4795,34.0129,231.1223,0.147,-0.1948,10.3674,39.7651,232.9592,0.1705,0.272
2015-04-09T02:12:59.170Z,5.2338,47.9898,231.8024,0.2066,0.1101,-7.011,34.9941,231.1605,0.1512,-0.2055,10.9392,38.688,232.7232,0.1662,0.288
2015-04-09T02:13:59.452Z,5.3022,47.7397,231.2303,0.2064,0.1127,-6.1992,34.2609,230.6287,0.1486,-0.1931,10.3824,37.6753,232.2558,0.1619,0.2823
2015-04-09T02:14:59.777Z,5.2759,47.7946,232.0934,0.2056,0.1116,-6.0692,34.3993,231.3534,0.149,-0.1843,10.3062,37.5666,233.0126,0.1616,0.2823
2015-04-09T02:15:59.551Z,5.6942,47.7123,231.8182,0.2058,0.12,-6.7404,34.9675,231.5892,0.1511,-0.2024,11.7299,40.2937,233.0711,0.1729,0.284
2015-04-09T02:16:59.728Z,6.0248,47.7964,231.2492,0.2065,0.1274,-6.5879,35.9137,230.7714,0.1558,-0.1987,90.786,97.4771,232.3113,0.4193,0.9319
2015-04-09T02:17:59.194Z,5.2382,49.1268,231.813,0.2123,0.1081,-6.4742,35.1207,230.563,0.1521,-0.1947,90.3936,98.3369,232.6598,0.4234,0.9192
2015-04-09T02:18:59.957Z,5.5434,46.9911,231.6511,0.2024,0.1175,-6.4102,34.0354,230.427,0.1474,-0.1935,90.6101,98.1778,232.6574,0.4225,0.9237
2015-04-09T02:19:59.306Z,6.811,47.6892,231.2831,0.2063,0.1424,-7.0353,32.3471,229.5181,0.1407,-0.2264,89.0868,96.7531,231.7488,0.4178,0.9211
2015-04-09T02:20:59.513Z,6.4381,48.3927,231.4796,0.2096,0.1326,-6.976,33.8282,229.6462,0.1473,-0.2137,90.2637,97.7929,232.0247,0.4215,0.924
2015-04-09T02:21:59.729Z,5.7836,47.9295,231.8126,0.2064,0.1218,-6.4045,33.751,229.6898,0.1466,-0.1959,90.0498,97.7453,232.3621,0.4208,0.923
2015-04-09T02:22:59.940Z,5.8508,47.9121,230.2446,0.2084,0.1216,-6.6052,31.8449,229.9453,0.1384,-0.2168,89.6572,97.7246,232.0212,0.4212,0.9183
2015-04-09T02:23:59.201Z,6.0065,47.4952,229.7774,0.2067,0.1265,-6.8625,32.5607,231.2639,0.1403,-0.2126,89.7989,98.0712,232.2827,0.4218,0.9164
2015-04-09T02:24:59.367Z,5.8935,47.4749,228.7612,0.2075,0.1254,-6.7802,35.2911,230.6227,0.153,-0.1976,89.2248,96.9892,231.7371,0.4186,0.9202
2015-04-09T02:25:59.647Z,4.6713,46.5999,228.455,0.204,0.1005,-6.5963,33.8043,230.0466,0.1472,-0.2024,89.9314,97.7872,231.7839,0.422,0.9202
2015-04-09T02:26:59.168Z,5.0323,48.5378,230.2593,0.211,0.1026,-6.6302,37.2203,230.7691,0.1613,-0.189,90.2142,97.9187,232.6051,0.421,0.9217
2015-04-09T02:27:59.427Z,5.3398,47.7058,230.1976,0.2075,0.1122,-7.1002,33.8073,230.4855,0.1466,-0.2076,89.6848,97.1093,231.9651,0.4187,0.9242
2015-04-09T02:28:59.363Z,6.5027,47.818,229.6857,0.2084,0.1367,-6.937,33.1445,230.4987,0.1441,-0.2129,89.896,97.173,231.9827,0.4186,0.9253
2015-04-09T02:29:59.793Z,6.8474,48.5453,231.0235,0.2103,0.1412,-6.9129,34.9866,229.0903,0.1533,-0.2107,90.6805,98.5439,233.1358,0.4226,0.9216
2015-04-09T02:30:59.014Z,7.2864,48.018,231.7235,0.2066,0.1516,-7.2883,33.2484,227.1566,0.1463,-0.2261,91.3439,98.4591,233.8424,0.4209,0.9283
2015-04-09T02:31:59.563Z,6.5921,48.3608,231.2914,0.2091,0.1376,-6.7516,33.6111,229.4778,0.1464,-0.2115,90.7973,99.2793,233.2366,0.4251,0.9149
2015-04-09T02:32:59.408Z,7.2771,47.6862,231.3871,0.2055,0.1524,-6.9276,35.4947,229.8654,0.1538,-0.2045,90.997,98.3402,233.0675,0.4222,0.9253
2015-04-09T02:33:59.727Z,6.782,48.4618,231.72,0.2089,0.1384,-7.6059,34.736,231.4802,0.15,-0.2249,90.8946,98.5132,233.9291,0.4215,0.9236
2015-04-09T02:34:59.018Z,7.084,49.133,231.8571,0.212,0.1433,-7.1758,35.9467,231.3942,0.1551,-0.2107,91.2857,98.8474,233.793,0.4228,0.9237
2015-04-09T02:35:59.783Z,6.1685,48.0029,231.3862,0.2077,0.1274,-6.7973,32.8524,231.1353,0.1431,-0.2165,90.5147,98.6866,233.1343,0.4235,0.9178
2015-04-09T02:36:59.222Z,6.734,47.73,231.5525,0.2062,0.1415,-6.9284,34.3291,231.4503,0.1479,-0.2136,90.4396,97.9488,233.1332,0.42,0.924
2015-04-09T02:37:59.276Z,6.598,49.1997,232.3996,0.2114,0.1334,-7.1976,32.9762,232.0062,0.1418,-0.226,90.7364,98.71,233.4291,0.4222,0.9201
2015-04-09T02:38:59.583Z,5.0052,47.958,232.1413,0.2062,0.1053,-6.8707,35.9363,231.7688,0.1549,-0.1938,90.4671,97.8548,232.7082,0.4202,0.9256
2015-04-09T02:39:59.794Z,6.5789,48.6936,231.9714,0.2101,0.1332,-6.8026,33.0159,231.5896,0.1427,-0.219,90.6338,98.2159,232.9051,0.4214,0.9237
2015-04-09T02:40:59.140Z,5.5836,47.456,232.4345,0.2044,0.1185,-6.604,35.6772,232.0671,0.1533,-0.1921,90.2411,98.2544,232.9158,0.4226,0.9192
2015-04-09T02:41:59.400Z,5.5705,48.5459,232.7082,0.2084,0.1166,-6.0886,33.897,231.8723,0.1458,-0.1874,90.3316,97.396,232.558,0.4185,0.9276
2015-04-09T02:42:59.600Z,5.8056,48.8,232.1145,0.2105,0.1196,-6.9289,35.2669,230.9211,0.153,-0.2073,89.9757,97.3337,232.0613,0.4193,0.9251
2015-04-09T02:43:59.883Z,7.5512,48.2618,231.3713,0.2086,0.1547,-7.0548,32.9799,230.8873,0.1431,-0.2147,89.898,96.374,232.1245,0.4151,0.9329
2015-04-09T02:44:59.073Z,6.5671,48.2753,231.9486,0.2076,0.1343,-6.9297,31.627,231.7249,0.1363,-0.2271,90.3857,97.4077,232.7789,0.4181,0.9283
2015-04-09T02:45:59.399Z,6.91,47.8415,232.0338,0.2062,0.1427,-6.767,35.1995,232.2553,0.1515,-0.2011,90.6312,98.5771,232.9473,0.4231,0.9203
2015-04-09T02:46:59.967Z,6.4941,47.9895,232.3732,0.2063,0.1348,-7.0301,35.6923,232.734,0.1533,-0.2002,91.3551,98.7925,233.1687,0.4239,0.9258
2015-04-09T02:47:59.353Z,5.5483,49.0072,232.6237,0.2109,0.1139,-6.6972,33.7914,232.3162,0.1458,-0.2041,90.6396,98.2037,232.3948,0.4216,0.924
2015-04-09T02:48:59.050Z,5.7071,48.1899,232.3951,0.2072,0.1188,-7.0631,33.6043,230.1469,0.1466,-0.2162,89.7633,97.2724,231.9084,0.4196,0.9231
2015-04-09T02:49:59.359Z,6.3253,47.4923,232.2471,0.2046,0.1317,-6.9452,33.2618,227.5852,0.147,-0.2105,89.792,97.5539,232.1866,0.4198,0.9208
2015-04-09T02:50:59.604Z,6.081,48.2243,231.7142,0.2085,0.1274,-6.8701,33.5062,230.1296,0.1458,-0.2137,89.7245,96.8911,231.6433,0.4184,0.927
2015-04-09T02:51:59.864Z,6.7862,49.202,230.9448,0.2126,0.1386,-6.6138,34.4075,229.9699,0.1493,-0.2071,88.7982,96.1174,231.1973,0.4155,0.9247
2015-04-09T02:52:59.118Z,7.2979,47.2369,230.6383,0.2044,0.1551,-7.0567,35.1121,229.4866,0.1531,-0.2079,88.5973,96.6098,230.6632,0.4187,0.9183
2015-04-09T02:53:59.395Z,6.9764,48.1491,230.2513,0.2089,0.1431,-6.9492,36.5826,228.8382,0.1598,-0.1998,88.5423,95.1677,230.1304,0.4133,0.931
2015-04-09T02:54:59.644Z,20.0626,76.3007,231.2631,0.33,0.1333,9.9325,62.8991,229.5765,0.2746,-0.1812,221.5121,273.0325,230.4711,1.188,0.9046
2015-04-09T02:55:59.873Z,905.8277,1334.1658,229.5906,5.8112,0.6788,922.7713,1395.2009,227.7637,6.1254,0.6612,1416.4443,1971.1197,227.5754,8.6613,0.7189
2015-04-09T02:56:59.197Z,966.7399,1375.4565,228.7056,6.0138,0.7028,1002.2447,1443.6124,227.2461,6.3525,0.6942,1490.8475,2030.5358,227.2811,8.9338,0.7346
2015-04-09T02:57:59.534Z,980.4737,1381.1764,228.9123,6.034,0.7096,1042.4737,1484.5638,228.2079,6.5053,0.7024,1502.2274,2055.4203,227.7948,9.0232,0.7312
2015-04-09T02:58:59.836Z,974.9567,1387.1172,229.8193,6.0353,0.7027,1046.0297,1497.0217,228.8152,6.5424,0.6987,1502.0892,2069.109,228.8509,9.0409,0.7272
2015-04-09T02:59:59.103Z,982.368,1398.1761,229.8083,6.0845,0.7024,1056.9644,1499.8956,228.6813,6.5588,0.705,1523.3424,2086.2273,229.0307,9.1088,0.7306
2015-04-09T03:00:59.694Z,993.6746,1389.6693,228.9876,6.069,0.7155,1075.6268,1504.6944,228.058,6.5981,0.7145,1525.2424,2073.2825,227.8855,9.0977,0.7362
2015-04-09T03:01:59.187Z,998.6547,1392.6866,228.5157,6.0948,0.7173,1087.4275,1502.7966,227.7602,6.5982,0.7236,1544.1304,2085.8901,227.811,9.1564,0.7408
2015-04-09T03:02:59.818Z,997.9112,1442.64,230.1756,6.2671,0.6919,1050.457,1454.9707,226.0211,6.4368,0.7222,1600.6684,2127.2346,229.7578,9.2582,0.7529
2015-04-09T03:03:59.095Z,998.7091,1456.0858,230.6622,6.3125,0.6853,1036.9753,1448.5629,226.0494,6.4087,0.7158,1603.5173,2128.2503,230.2901,9.2415,0.7528
2015-04-09T03:04:59.472Z,1000.0771,1451.709,231.0502,6.2831,0.6888,1049.873,1470.6832,226.6408,6.4887,0.7136,1589.9012,2124.5752,230.3698,9.2224,0.7488
2015-04-09T03:05:59.813Z,1023.0214,1469.8601,231.6469,6.3447,0.6959,1040.4044,1477.3614,226.6598,6.5179,0.7038,1580.3651,2099.2504,229.4952,9.1472,0.7514
2015-04-09T03:06:59.801Z,1024.8051,1463.8,231.5058,6.323,0.6998,1061.6821,1496.8658,227.3128,6.5852,0.7093,1580.6744,2108.3098,229.3003,9.1951,0.7497
2015-04-09T03:07:59.052Z,973.4393,1423.33,231.0452,6.1608,0.684,1021.6511,1458.194,227.3325,6.4141,0.7001,1538.7005,2076.543,229.7013,9.0405,0.7414
2015-04-09T03:08:59.177Z,935.5948,1438.8454,231.7144,6.2099,0.6504,949.1856,1364.8682,224.7234,6.0733,0.6954,1572.4093,2086.1559,231.0936,9.0271,0.7532
2015-04-09T03:09:59.502Z,933.4333,1421.413,231.3646,6.1437,0.6563,956.1084,1383.2941,225.9657,6.121,0.691,1540.6239,2065.1693,230.7308,8.9503,0.7464
2015-04-09T03:10:59.885Z,959.2109,1411.0558,230.9639,6.1094,0.6798,1000.7867,1448.519,227.8762,6.3562,0.691,1512.076,2054.4688,230.2374,8.9231,0.7356
2015-04-09T03:11:59.745Z,959.3518,1373.2617,229.9248,5.9727,0.6984,1041.7372,1492.7021,229.2883,6.5099,0.6981,1479.6203,2037.8036,229.0875,8.8952,0.7262
2015-04-09T03:12:59.113Z,960.9551,1368.3842,229.4756,5.9631,0.7021,1041.3507,1486.7647,228.8066,6.4979,0.7004,1477.6683,2028.0283,228.8165,8.8631,0.7287
2015-04-09T03:13:59.452Z,970.8837,1380.3114,229.6106,6.0113,0.7032,1039.3406,1490.4807,228.7796,6.5152,0.6972,1478.6111,2025.4544,229.0836,8.8408,0.7302
2015-04-09T03:14:59.874Z,975.2836,1387.0921,229.7656,6.0373,0.7026,1045.6402,1496.5698,228.9866,6.5356,0.6988,1485.1822,2032.4592,229.2568,8.8647,0.7308
2015-04-09T03:15:59.510Z,987.319,1388.3524,229.3313,6.054,0.711,1049.8818,1497.3663,228.5324,6.5518,0.7012,1486.4898,2020.811,228.4688,8.8447,0.7357
2015-04-09T03:16:59.746Z,984.9662,1383.7159,228.8082,6.0474,0.7114,1065.8458,1503.6629,228.8047,6.572,0.7088,1496.8313,2040.6954,228.8479,8.9167,0.7329
2015-04-09T03:17:59.025Z,987.8919,1376.8424,228.4306,6.0272,0.7173,1082.2063,1513.369,228.8791,6.6128,0.7152,1499.1654,2042.0589,228.2587,8.9464,0.7335
2015-04-09T03:18:59.373Z,1015.9398,1402.6783,229.346,6.1157,0.7243,1062.7537,1498.139,227.5936,6.5821,0.7093,1504.1819,2011.5067,226.4096,8.8838,0.7487
2015-04-09T03:19:59.580Z,1023.8417,1432.2224,229.9372,6.229,0.7151,1044.5643,1473.1218,226.7183,6.4981,0.7091,1535.8579,2029.4862,227.1387,8.9351,0.7576
2015-04-09T03:20:59.949Z,1007.4587,1428.1809,229.737,6.2162,0.7044,1060.5588,1482.468,227.1302,6.5259,0.7152,1550.9644,2069.7419,229.2862,9.0263,0.7499
2015-04-09T03:21:59.305Z,1014.4004,1416.1263,229.3145,6.1758,0.7165,1084.8058,1519.3449,228.6593,6.6445,0.7137,1530.04,2063.5085,229.0689,9.0079,0.741
2015-04-09T03:22:59.420Z,1018.7588,1420.7831,229.2487,6.1978,0.7177,1091.6163,1524.2174,228.8754,6.6592,0.7161,1537.2416,2073.5829,229.3409,9.0413,0.7418
2015-04-09T03:23:59.749Z,1043.971,1441.11,229.7757,6.2714,0.7244,1085.7011,1530.7287,228.981,6.6847,0.7092,1531.5868,2050.2364,228.1141,8.9871,0.7471
2015-04-09T03:24:59.075Z,1043.6625,1406.9994,228.3002,6.1626,0.7417,1121.8264,1560.0801,229.4455,6.7993,0.7192,1511.1139,2036.6797,226.7485,8.982,0.7415
2015-04-09T03:25:59.394Z,1012.3401,1390.4988,228.012,6.0976,0.7277,1144.2323,1563.1839,229.5131,6.8104,0.7322,1537.142,2092.3421,229.0228,9.1359,0.7339
2015-04-09T03:26:59.715Z,999.0824,1389.0249,228.7552,6.0719,0.7187,1118.7677,1546.7851,229.3729,6.7436,0.7231,1523.1483,2081.7402,229.5448,9.0687,0.731
2015-04-09T03:27:59.131Z,998.3657,1369.8769,226.9637,6.0353,0.7284,1150.4415,1558.1454,229.2296,6.7969,0.739,1531.9066,2092.9712,229.3165,9.1265,0.7312
2015-04-09T03:28:59.329Z,1048.8229,1410.4816,227.0467,6.2124,0.7431,1187.0223,1588.5544,228.5586,6.95,0.7476,1576.1773,2118.56,228.6303,9.2657,0.7448
2015-04-09T03:29:59.641Z,1081.5562,1465.6139,228.5798,6.4119,0.7384,1164.6774,1557.8972,226.0712,6.8914,0.7474,1623.0061,2127.803,228.2906,9.3207,0.7617
2015-04-09T03:30:59.544Z,1071.6134,1448.171,229.288,6.3156,0.7401,1125.2819,1540.0904,226.2118,6.8076,0.7307,1568.6102,2062.7821,226.874,9.0911,0.7608
2015-04-09T03:31:59.735Z,1062.5249,1424.0859,228.6033,6.2294,0.7462,1131.015,1554.836,227.4726,6.8349,0.7274,1539.8923,2043.6498,226.4718,9.0237,0.7526
2015-04-09T03:32:59.126Z,1091.2812,1455.2356,227.8493,6.3869,0.7499,1165.1256,1569.1817,227.3025,6.903,0.7429,1594.5382,2093.1,226.8579,9.226,0.7619
2015-04-09T03:33:59.577Z,1094.6083,1476.6187,226.7558,6.5118,0.7416,1173.2891,1548.3932,226.2338,6.8446,0.7573,1653.8191,2149.7117,228.3201,9.4154,0.77
2015-04-09T03:34:59.830Z,1045.4022,1444.2977,226.3661,6.3804,0.7232,1150.3586,1516.932,226.5738,6.6952,0.7582,1644.0923,2157.8518,229.5244,9.4011,0.7621
2015-04-09T03:35:59.479Z,1029.9194,1420.6851,226.259,6.2789,0.7249,1136.0783,1507.5272,226.424,6.6581,0.7535,1612.6507,2124.3124,228.8312,9.2827,0.7596
2015-04-09T03:36:59.786Z,1096.9037,1463.4822,226.7952,6.4529,0.7491,1167.8349,1550.2252,226.1402,6.8556,0.7534,1623.7507,2108.1227,226.7274,9.2979,0.7702
2015-04-09T03:37:59.014Z,1139.5819,1494.5306,227.4057,6.5716,0.7628,1186.553,1580.0688,226.2473,6.9834,0.7511,1632.1724,2102.6964,225.2847,9.3334,0.7769
2015-04-09T03:38:59.728Z,1113.4645,1482.6722,228.2219,6.4969,0.7511,1161.9153,1560.8074,226.7575,6.8835,0.7448,1617.3674,2097.2067,225.7327,9.291,0.7705
2015-04-09T03:39:59.276Z,1051.6875,1441.6628,227.2872,6.3422,0.7296,1144.4336,1520.7349,226.5231,6.7133,0.7528,1624.0788,2127.4457,227.8791,9.3347,0.763
2015-04-09T03:40:59.617Z,1051.7343,1443.154,226.7579,6.3641,0.7292,1169.76,1529.2828,226.3683,6.7556,0.7649,1654.3236,2164.4717,228.4477,9.4739,0.764
2015-04-09T03:41:59.833Z,1063.4698,1451.2619,226.6713,6.4027,0.7322,1182.0306,1540.3043,226.2442,6.8083,0.7674,1665.65,2174.2804,228.4589,9.5169,0.767
2015-04-09T03:42:59.177Z,1038.3082,1421.9644,225.942,6.293,0.7302,1177.0332,1533.9228,226.7027,6.7661,0.7676,1643.1206,2164.9074,228.6894,9.4664,0.758
2015-04-09T03:43:59.428Z,1044.2844,1425.1451,225.1401,6.3301,0.7322,1179.2997,1532.8418,226.6528,6.7631,0.7697,1646.137,2164.1507,228.7624,9.4607,0.76
2015-04-09T03:44:59.480Z,1068.42,1451.7664,226.5454,6.4082,0.7363,1161.8734,1530.9869,225.9362,6.7761,0.7593,1638.543,2136.9449,228.1741,9.3657,0.7671
2015-04-09T03:45:59.249Z,1103.3018,1477.0116,227.8496,6.4822,0.7465,1152.2788,1549.5421,226.3274,6.8462,0.7442,1613.8575,2095.4891,226.7619,9.2407,0.7701
2015-04-09T03:46:59.236Z,1132.9558,1514.8285,229.4609,6.6012,0.7488,1129.5067,1548.9284,226.2987,6.8445,0.7299,1607.6306,2070.3271,226.2608,9.15,0.7778
2015-04-09T03:47:59.532Z,1111.8612,1518.0823,229.3876,6.618,0.733,1130.3053,1528.2997,226.006,6.7622,0.7392,1650.1486,2125.9384,228.0858,9.3198,0.7761
2015-04-09T03:48:59.226Z,1117.8458,1531.199,229.0567,6.6848,0.7297,1170.7055,1551.3799,226.2038,6.8582,0.7544,1699.9019,2190.7469,229.4261,9.549,0.7763
2015-04-09T03:49:59.820Z,1105.0375,1527.3675,229.6669,6.6505,0.7232,1136.0556,1517.4899,225.1248,6.7402,0.7487,1687.0957,2164.4716,229.0296,9.4503,0.7792
2015-04-09T03:50:59.154Z,1099.9501,1521.7992,229.4255,6.6333,0.7225,1138.6415,1517.271,225.1931,6.7375,0.7508,1686.7633,2167.4764,229.0881,9.4616,0.7792
2015-04-09T03:51:59.397Z,1130.4243,1540.1849,229.324,6.7162,0.7342,1173.8622,1547.9646,225.0216,6.8791,0.7584,1711.083,2189.0817,228.6853,9.5727,0.7808
2015-04-09T03:52:59.831Z,1092.8994,1498.6672,229.2947,6.5357,0.7289,1177.75,1550.6918,225.8239,6.8669,0.7601,1686.4638,2185.5256,228.8086,9.552,0.7712
2015-04-09T03:53:59.051Z,1086.1188,1495.489,228.4749,6.5452,0.7265,1158.2392,1521.8553,225.2119,6.7566,0.7607,1690.0252,2177.3069,228.5456,9.5264,0.7767
2015-04-09T03:54:59.430Z,1095.1363,1501.7469,228.7458,6.565,0.7291,1161.5562,1528.3563,225.3986,6.7809,0.7598,1689.8656,2174.6571,228.1967,9.5299,0.7779
2015-04-09T03:55:59.634Z,1075.5255,1477.9287,228.7708,6.4602,0.7281,1163.5699,1536.8479,226.1142,6.797,0.757,1665.946,2166.9781,228.5198,9.482,0.7694
2015-04-09T03:56:59.061Z,1095.0996,1498.4548,229.4643,6.53,0.7307,1179.6691,1560.5392,226.6175,6.8863,0.7553,1677.3148,2180.9592,228.7165,9.536,0.7691
2015-04-09T03:57:59.466Z,1072.5417,1474.6986,228.6489,6.4496,0.7274,1179.9977,1552.1591,226.9339,6.8391,0.7606,1673.3382,2188.0261,229.1252,9.5493,0.7642
2015-04-09T03:58:59.944Z,1099.7557,1495.8612,228.5656,6.545,0.7357,1190.6629,1563.4776,226.5557,6.9008,0.7611,1684.386,2185.664,228.6531,9.5582,0.7704
2015-04-09T03:59:59.436Z,1092.7883,1493.8115,228.8722,6.5272,0.7315,1173.2742,1547.8713,226.0947,6.846,0.7578,1677.7925,2174.4553,228.769,9.5054,0.7707
