2015-02-20T00:00:59.803Z,4.8327,68.9301,232.2332,0.2965,0.0722,2.182,63.878,232.2276,0.2749,0.0358,82.2095,103.6709,232.5751,0.446,0.7947
2015-02-20T00:01:59.111Z,5.9257,71.3294,232.8852,0.3061,0.0841,2.7249,64.2197,231.1412,0.2774,0.0423,82.243,104.2069,231.5091,0.45,0.7898
2015-02-20T00:02:59.516Z,6.1096,71.7696,233.8158,0.3069,0.0854,2.8445,64.4534,232.0026,0.2777,0.046,83.236,104.9262,232.9914,0.4504,0.7938
2015-02-20T00:03:59.755Z,5.3312,71.8735,233.6289,0.307,0.074,2.5868,65.0205,233.2822,0.2791,0.0392,83.235,105.4992,233.8373,0.451,0.7896
2015-02-20T00:04:59.997Z,5.7051,71.7743,233.6876,0.3073,0.0801,2.7237,64.6547,233.5373,0.277,0.0415,82.8885,105.0227,233.9136,0.4489,0.7896
2015-02-20T00:05:59.312Z,6.1246,71.0466,233.89,0.3033,0.0892,2.6769,63.314,233.8809,0.2708,0.042,83.9132,106.1686,233.9946,0.4538,0.7921
2015-02-20T00:06:59.545Z,4.9351,72.0665,233.6634,0.3088,0.0714,2.2277,63.9576,233.2223,0.2743,0.0357,83.3525,105.498,234.2015,0.4504,0.79
2015-02-20T00:07:59.841Z,5.2327,72.227,233.9141,0.3087,0.0741,2.5858,64.3465,233.1431,0.2757,0.039,83.027,104.9108,234.0477,0.4481,0.793
2015-02-20T00:08:59.003Z,5.6114,72.7423,234.1079,0.3106,0.0797,2.7682,64.3002,232.6646,0.2761,0.0439,82.6196,104.5234,233.5107,0.4473,0.7906
2015-02-20T00:09:59.233Z,6.1958,72.114,233.5519,0.3089,0.0868,2.1785,64.7452,232.3133,0.279,0.0332,82.566,104.5693,232.9745,0.449,0.7907
2015-02-20T00:10:59.487Z,4.5525,71.3686,233.6669,0.3055,0.0638,3.3085,63.4823,231.8264,0.2738,0.0524,143.6031,164.4749,232.4186,0.7081,0.8531
2015-02-20T00:11:59.782Z,3.6934,71.1856,232.9037,0.3049,0.0521,3.2404,63.477,231.2035,0.2747,0.0499,82.8424,104.0395,233.082,0.4466,0.7965
2015-02-20T00:12:59.186Z,3.1713,70.7212,233.103,0.3033,0.0452,3.0493,64.8651,231.3883,0.2806,0.0464,82.8126,104.9091,233.2282,0.4496,0.7906
2015-02-20T00:13:59.418Z,2.9821,71.3047,234.0049,0.3043,0.0408,2.459,63.222,231.996,0.2722,0.0412,83.366,105.4497,233.7151,0.4513,0.7914
2015-02-20T00:14:59.863Z,3.2929,70.2779,232.8908,0.3019,0.0464,3.6502,63.0712,232.0825,0.2715,0.0581,82.466,104.6836,233.2862,0.4491,0.7891
2015-02-20T00:15:59.251Z,2.8757,70.8934,232.7628,0.3041,0.0409,2.8228,64.4192,231.8814,0.2776,0.045,82.8406,104.8578,233.2377,0.4498,0.7907
2015-02-20T00:16:59.615Z,4.1736,71.5162,232.7542,0.3073,0.0602,3.1305,64.7849,231.6128,0.2799,0.048,83.2592,105.3088,233.5942,0.451,0.7914
2015-02-20T00:17:59.765Z,3.3185,72.9466,232.4103,0.3141,0.0459,2.8701,63.8018,230.0969,0.2776,0.047,82.8065,105.0442,233.0045,0.4507,0.7895
2015-02-20T00:18:59.933Z,2.9186,71.3095,233.3909,0.3057,0.0409,3.2465,63.8264,228.4673,0.2795,0.0513,83.1126,104.9299,233.6038,0.4496,0.7931
2015-02-20T00:19:59.265Z,2.9502,70.7953,233.4156,0.3036,0.0423,2.6219,64.4352,231.3036,0.2789,0.0421,112.5297,135.4024,232.2679,0.583,0.8112
2015-02-20T00:20:59.517Z,4.9484,70.5303,232.529,0.3027,0.0701,3.0942,64.8474,231.3842,0.2797,0.0456,113.1119,134.2716,232.17,0.5786,0.8231
2015-02-20T00:21:59.860Z,5.2147,70.8308,231.5918,0.3058,0.0746,2.8452,64.5197,231.2569,0.2786,0.044,83.0744,105.7954,233.2604,0.4536,0.7865
2015-02-20T00:22:59.049Z,5.2387,70.647,230.9286,0.3066,0.0746,2.1306,63.8701,231.204,0.2763,0.0313,83.0601,104.9153,234.0863,0.4484,0.792
2015-02-20T00:23:59.457Z,5.9713,72.3368,232.3285,0.3113,0.0825,1.8053,64.4412,228.6367,0.2816,0.0259,84.705,106.7178,235.5235,0.453,0.7942
2015-02-20T00:24:59.700Z,5.6221,71.4051,233.3857,0.3057,0.0791,2.578,63.1432,228.6202,0.276,0.041,84.1048,107.048,235.3709,0.4548,0.7869
2015-02-20T00:25:59.012Z,4.214,71.5052,232.8519,0.307,0.0592,2.8459,62.2489,231.3569,0.2694,0.0468,83.3737,105.455,233.9176,0.4509,0.7917
2015-02-20T00:26:59.201Z,5.7321,72.1149,232.962,0.3095,0.0801,2.3835,63.5958,231.9431,0.2743,0.0376,82.6655,105.0514,233.6413,0.4496,0.7877
2015-02-20T00:27:59.544Z,5.117,71.8987,233.1262,0.3077,0.0713,2.8197,62.4293,231.5698,0.2695,0.0461,82.6439,105.0567,233.5488,0.4499,0.7883
2015-02-20T00:28:59.882Z,5.7637,72.6042,232.8438,0.3116,0.0801,3.078,63.3057,231.37,0.2735,0.0495,82.4557,105.6766,233.3256,0.4531,0.7815
2015-02-20T00:29:59.197Z,4.4658,71.4778,232.9508,0.3066,0.0628,2.9676,63.8294,230.9151,0.2761,0.047,88.7694,111.1628,233.1809,0.4763,0.7951
2015-02-20T00:30:59.501Z,4.8436,72.2284,232.5563,0.31,0.0678,2.7362,63.2613,230.5499,0.2752,0.0432,138.3015,160.1179,232.8035,0.6874,0.8414
2015-02-20T00:31:59.926Z,5.3536,72.342,232.5354,0.3113,0.075,2.6868,63.0358,230.8835,0.2733,0.0442,82.04,103.035,231.9386,0.444,0.797
2015-02-20T00:32:59.170Z,5.4399,72.3169,233.3808,0.3097,0.0757,3.0284,65.3965,232.0361,0.2816,0.0457,82.3931,104.2026,232.8848,0.4478,0.7916
2015-02-20T00:33:59.374Z,4.6108,71.4362,234.2172,0.3048,0.0657,2.1713,63.696,230.8637,0.2757,0.0347,83.4026,105.8505,233.5865,0.4529,0.7888
2015-02-20T00:34:59.666Z,5.0986,72.4069,234.3878,0.309,0.0715,2.6786,63.438,230.3737,0.2753,0.0412,83.3901,105.6521,234.3685,0.4511,0.7899
2015-02-20T00:35:59.995Z,5.4885,72.6698,234.0975,0.3103,0.0771,2.2314,65.816,233.4755,0.282,0.0345,83.5956,105.4312,234.1321,0.4509,0.7934
2015-02-20T00:36:59.245Z,5.4098,72.7614,233.8836,0.3106,0.0746,2.9422,64.1364,233.6428,0.2743,0.0446,83.2486,105.3529,234.1287,0.4497,0.7913
2015-02-20T00:37:59.505Z,6.0731,72.3367,233.7902,0.3095,0.0853,2.3633,63.6429,233.67,0.2719,0.0379,83.001,104.3653,233.8573,0.4468,0.7959
2015-02-20T00:38:59.643Z,5.8433,72.9965,234.4704,0.311,0.0793,2.7723,63.1767,233.5204,0.2709,0.0435,82.9778,104.3758,233.2183,0.4479,0.7954
2015-02-20T00:39:59.920Z,5.5287,72.0267,233.9403,0.3076,0.0771,2.9238,64.6696,233.3292,0.2771,0.0445,83.1305,105.6364,233.2554,0.4531,0.7874
2015-02-20T00:40:59.089Z,162.3844,302.3306,233.142,1.3026,0.1778,174.5766,311.2654,232.0785,1.3481,0.1522,472.2467,637.2675,232.1056,2.7625,0.8345
2015-02-20T00:41:59.356Z,1013.5206,1457.4608,231.7406,6.2889,0.6947,1063.8886,1526.4171,230.4829,6.6222,0.6971,1543.5726,2108.7924,229.3038,9.1967,0.7323
2015-02-20T00:42:59.553Z,1077.5186,1522.1723,232.0809,6.558,0.7076,1136.6792,1588.3577,230.7983,6.8816,0.7154,1621.5167,2184.639,230.3486,9.483,0.743
2015-02-20T00:43:59.791Z,1123.2642,1567.3516,232.4107,6.744,0.7168,1208.4137,1651.7603,231.2981,7.1408,0.7312,1684.9747,2256.0983,231.0494,9.7646,0.7478
2015-02-20T00:44:59.154Z,1111.8057,1551.0575,232.3745,6.674,0.7175,1221.2815,1662.3703,231.5325,7.1803,0.7345,1676.7283,2256.3805,230.9803,9.7682,0.7419
2015-02-20T00:45:59.282Z,1110.2553,1549.8142,232.2009,6.6743,0.7159,1212.8008,1652.804,231.2819,7.1467,0.7341,1673.7452,2247.1167,230.7857,9.7363,0.7447
2015-02-20T00:46:59.544Z,1132.5028,1566.5504,231.9841,6.753,0.7224,1232.9493,1672.0809,231.5589,7.2208,0.7379,1686.3404,2254.6394,230.52,9.7802,0.7491
2015-02-20T00:47:59.745Z,1143.8983,1576.9309,231.7226,6.8051,0.7253,1239.8558,1672.1279,231.1191,7.2347,0.7416,1702.6727,2261.0538,230.5616,9.8057,0.7521
2015-02-20T00:48:59.987Z,1135.4349,1605.6579,232.4654,6.9068,0.7073,1213.8354,1619.4312,228.6303,7.0831,0.7501,1761.5018,2300.7067,231.8563,9.9229,0.7657
2015-02-20T00:49:59.246Z,1168.2095,1606.7022,231.8585,6.9295,0.7274,1234.464,1653.4288,228.8615,7.2237,0.7464,1731.4673,2257.8128,230.2407,9.8058,0.7664
2015-02-20T00:50:59.571Z,1197.1253,1607.7619,231.3534,6.9492,0.7439,1267.068,1693.5262,229.6758,7.3738,0.7483,1720.7476,2243.6514,228.9914,9.7976,0.7684
2015-02-20T00:51:59.809Z,696.7056,973.3067,232.643,4.1956,0.4564,733.7362,1009.0134,230.0192,4.392,0.4551,1061.2181,1378.8525,231.048,5.9934,0.7884
2015-02-20T00:52:59.020Z,258.1526,510.076,232.6715,2.1997,0.2462,300.5317,540.9347,230.6722,2.3435,0.2582,408.57,709.9676,232.4206,3.0594,0.7118
2015-02-20T00:53:59.301Z,105.4899,225.0403,233.5348,0.9689,0.1288,117.9509,229.3282,232.0729,0.9926,0.1189,235.8368,334.6582,233.5115,1.4384,0.7897
2015-02-20T00:54:59.684Z,386.8273,581.6405,233.5477,2.5053,0.2841,417.1782,608.8586,232.1682,2.636,0.2865,892.1673,1160.2249,232.028,5.0153,0.8231
2015-02-20T00:55:59.952Z,1168.7884,1606.8657,232.7341,6.9041,0.7272,1242.0568,1686.0034,230.9019,7.3019,0.7363,1704.3074,2262.1971,231.1152,9.788,0.7527
2015-02-20T00:56:59.177Z,1117.5345,1565.0518,232.7623,6.7236,0.7141,1179.4166,1633.8467,230.7542,7.0799,0.7218,1648.5556,2204.7925,230.9918,9.5448,0.7481
2015-02-20T00:57:59.399Z,1116.768,1557.8699,232.2316,6.7078,0.7164,1177.1101,1621.6309,230.4409,7.0368,0.7257,1647.4811,2194.7037,230.5789,9.5183,0.7502
2015-02-20T00:58:59.706Z,1039.4418,1481.4746,231.3394,6.4044,0.7017,1119.0744,1566.6818,230.6847,6.7911,0.714,1575.5196,2136.1249,230.6917,9.2591,0.7387
2015-02-20T00:59:59.966Z,1039.6518,1484.2289,231.1327,6.4211,0.7003,1105.1903,1551.1369,230.4052,6.7317,0.7121,1572.9242,2124.1252,230.7529,9.2051,0.7411
2015-02-20T01:00:59.324Z,1048.2028,1482.9873,230.1766,6.4426,0.7067,1120.1222,1553.316,230.2325,6.7464,0.721,1585.2476,2129.5954,230.159,9.2518,0.7434
2015-02-20T01:01:59.643Z,1124.9137,1561.3033,231.1921,6.7531,0.7204,1150.8709,1585.068,229.0242,6.9207,0.7259,1645.1494,2158.3532,229.793,9.3922,0.7627
2015-02-20T01:02:59.830Z,1147.4571,1579.6627,231.125,6.8346,0.727,1174.7619,1604.2078,228.8832,7.0089,0.7322,1668.0554,2177.954,229.5327,9.4881,0.7656
2015-02-20T01:03:59.150Z,1129.8164,1557.6841,230.6663,6.7526,0.7256,1200.0574,1627.4384,230.1177,7.0726,0.7369,1664.4206,2200.7924,230.4333,9.5511,0.7565
2015-02-20T01:04:59.425Z,1099.3499,1528.4856,231.1758,6.6116,0.7191,1194.4514,1633.9022,231.0788,7.071,0.7309,1630.7102,2191.0614,231.1063,9.4808,0.7439
2015-02-20T01:05:59.657Z,1103.5512,1527.9559,231.3031,6.6059,0.7223,1192.8393,1632.5562,230.9631,7.0683,0.7302,1626.0733,2180.4694,230.5848,9.456,0.7469
2015-02-20T01:06:59.258Z,1103.3307,1530.7564,231.1707,6.6216,0.7209,1191.4101,1628.5154,231.064,7.0476,0.7317,1632.2628,2182.7739,230.6958,9.4617,0.7484
2015-02-20T01:07:59.426Z,1119.9094,1545.044,231.3118,6.6797,0.7251,1203.4178,1639.6865,230.9398,7.0993,0.7337,1646.5928,2193.137,230.7603,9.5038,0.7503
2015-02-20T01:08:59.717Z,1126.0361,1542.2524,231.1229,6.6731,0.7298,1208.8532,1650.7259,231.2583,7.1378,0.7326,1635.7977,2181.332,230.365,9.4687,0.751
2015-02-20T01:09:59.969Z,1163.4146,1557.5604,230.8771,6.7461,0.7468,1219.6527,1664.3754,230.8057,7.2111,0.7331,1635.0148,2152.1894,228.344,9.4243,0.7593
2015-02-20T01:10:59.178Z,169.9451,286.6584,231.9516,1.2411,0.1534,180.8087,294.3857,231.5208,1.2772,0.144,364.599,481.3152,232.4789,2.0862,0.5597
2015-02-20T01:11:59.427Z,5.8013,72.6604,231.6071,0.3138,0.0804,3.3147,64.2847,231.4778,0.2774,0.0516,2.9014,65.9937,233.6163,0.2826,0.044
2015-02-20T01:12:59.650Z,5.5779,70.6945,232.0166,0.3047,0.0805,2.736,64.8758,231.1751,0.281,0.0427,2.8227,65.1927,234.1911,0.2782,0.0436
2015-02-20T01:13:59.858Z,6.2975,71.9375,233.6885,0.3078,0.0878,3.0001,63.9665,232.3429,0.2751,0.0465,3.1341,65.6037,234.256,0.2804,0.0474
2015-02-20T01:14:59.205Z,4.9426,70.6785,233.9756,0.3021,0.0709,2.5782,63.7026,230.7238,0.2757,0.0383,3.118,65.2731,234.6551,0.2785,0.0485
2015-02-20T01:15:59.399Z,5.5191,70.9355,233.9322,0.3032,0.0785,2.297,63.7518,230.603,0.2763,0.0367,2.6875,64.9958,234.1547,0.2775,0.041
2015-02-20T01:16:59.646Z,5.7841,72.0819,233.2448,0.3092,0.0811,2.6012,64.3712,232.8552,0.276,0.0396,2.7457,64.7007,232.963,0.2777,0.0424
2015-02-20T01:17:59.809Z,5.8934,72.4131,233.2416,0.3108,0.082,2.2577,65.5978,233.1693,0.2813,0.0346,3.1027,64.2541,233.1563,0.2757,0.0492
2015-02-20T01:18:59.034Z,5.2691,70.7717,233.2519,0.3038,0.0761,3.0898,64.7353,232.8923,0.2779,0.0471,2.7309,65.649,233.1329,0.282,0.0428
2015-02-20T01:19:59.284Z,5.7292,71.901,232.7588,0.309,0.0815,2.5419,65.8181,232.178,0.2831,0.0387,3.0325,64.1675,232.6518,0.2758,0.0474
2015-02-20T01:20:59.486Z,5.8138,71.8693,232.8018,0.3087,0.0824,2.5044,63.5837,232.4164,0.2734,0.0409,3.3255,65.3307,232.8749,0.2807,0.0498
2015-02-20T01:21:59.927Z,5.6742,71.6422,231.9452,0.309,0.0804,2.5512,64.6224,231.9405,0.2786,0.0399,2.965,64.1141,233.2446,0.2746,0.0472
2015-02-20T01:22:59.179Z,5.4072,72.0641,233.0546,0.3093,0.0753,3.001,65.1549,232.8669,0.2802,0.047,2.7579,64.1969,233.863,0.2744,0.044
2015-02-20T01:23:59.499Z,6.0342,71.577,234.2203,0.3051,0.0847,2.7319,65.4407,234.1787,0.279,0.0429,2.7134,63.643,233.9955,0.2716,0.0415
2015-02-20T01:24:59.838Z,5.5904,72.2352,233.686,0.3088,0.0782,2.0577,65.6409,233.9168,0.28,0.0317,3.686,65.3321,233.8366,0.2797,0.057
2015-02-20T01:25:59.076Z,5.7572,71.5332,234.0187,0.3057,0.0823,2.5809,64.7429,233.7756,0.2774,0.04,2.9588,64.9563,233.8826,0.2782,0.0479
2015-02-20T01:26:59.417Z,4.7941,71.607,234.1859,0.306,0.0675,2.3922,64.9881,233.8011,0.2778,0.0373,2.6198,64.1634,233.6604,0.2747,0.0411
2015-02-20T01:27:59.705Z,5.2501,72.6413,234.1955,0.3101,0.0749,3.1364,65.2319,233.9043,0.2793,0.0478,3.2091,64.3205,233.5598,0.2754,0.0508
2015-02-20T01:28:59.946Z,6.0193,72.1773,234.3423,0.3077,0.0842,2.9774,64.4973,233.6116,0.2759,0.0443,2.7379,64.605,233.7593,0.2763,0.043
2015-02-20T01:29:59.215Z,5.8777,70.7782,233.4654,0.3036,0.0853,2.9716,65.4174,233.0689,0.2802,0.0447,2.8828,64.6504,234.0186,0.2766,0.0447
2015-02-20T01:30:59.479Z,5.6136,71.8802,233.638,0.3073,0.0773,2.8752,64.2033,233.0414,0.2753,0.0459,3.1631,66.3287,233.5797,0.2838,0.047
2015-02-20T01:31:59.921Z,4.7604,71.0909,232.9008,0.3046,0.0681,2.6041,65.4869,233.2198,0.2811,0.0405,3.0316,63.8357,232.4744,0.2746,0.0492
2015-02-20T01:32:59.152Z,5.001,71.085,233.0378,0.3049,0.0716,2.6106,64.1004,233.2071,0.275,0.0417,2.877,65.7852,233.4792,0.2818,0.0423
2015-02-20T01:33:59.414Z,5.4508,71.7677,234.4241,0.3062,0.0773,2.3097,65.0113,233.5001,0.2791,0.0358,37.2021,91.6327,233.9047,0.3924,0.2555
2015-02-20T01:34:59.669Z,5.7436,71.8429,234.3152,0.3065,0.0813,2.9228,64.2158,232.7467,0.2759,0.0464,29.8213,84.6873,232.9911,0.3636,0.2165
2015-02-20T01:35:59.017Z,5.2367,72.121,234.0482,0.3083,0.0744,3.0157,65.3648,232.9003,0.2803,0.0442,3.0356,65.519,233.3633,0.2809,0.0462
2015-02-20T01:36:59.369Z,5.0098,71.9044,233.8748,0.3076,0.071,2.7241,62.8644,232.8253,0.2698,0.0443,3.1875,66.103,233.9726,0.2827,0.0492
2015-02-20T01:37:59.614Z,6.0352,71.7403,233.7446,0.3071,0.086,2.2637,63.8071,232.9079,0.2736,0.0347,3.0259,64.958,233.6582,0.2776,0.0484
2015-02-20T01:38:59.815Z,6.1351,72.5569,233.8052,0.3098,0.0856,2.9537,64.314,232.506,0.2764,0.0453,2.4567,65.1682,233.3876,0.2789,0.0389
2015-02-20T01:39:59.119Z,5.1547,71.9634,233.4771,0.3086,0.0727,2.1693,62.737,231.2307,0.2711,0.0353,3.5766,64.1961,233.2124,0.275,0.0563
2015-02-20T01:40:59.455Z,5.5088,71.2524,232.7639,0.3057,0.0783,2.3376,63.3735,230.7062,0.275,0.0372,3.3445,63.8626,232.5983,0.274,0.0524
2015-02-20T01:41:59.713Z,6.2637,71.0393,232.2685,0.3064,0.091,2.3727,63.3571,230.6718,0.2747,0.0374,2.9346,63.6211,231.4507,0.2749,0.0459
2015-02-20T01:42:59.972Z,5.6595,71.84,232.1531,0.3096,0.0796,2.6187,63.3386,230.8782,0.2743,0.0413,3.3553,64.9933,231.6166,0.2805,0.0499
2015-02-20T01:43:59.234Z,5.1903,72.3423,232.2763,0.3108,0.0733,2.9518,64.4311,232.1404,0.2774,0.0454,2.7818,63.5184,233.0853,0.2727,0.0439
2015-02-20T01:44:59.627Z,4.4676,71.8143,232.58,0.3086,0.0633,2.6566,63.8884,232.4423,0.2746,0.0409,64.163,110.19,233.6398,0.4718,0.426
2015-02-20T01:45:59.850Z,2.8601,71.1076,231.9566,0.307,0.0403,3.2403,65.5827,232.46,0.2822,0.0483,2.7667,65.0833,233.6932,0.2785,0.0425
2015-02-20T01:46:59.040Z,2.2636,71.2553,232.8107,0.3062,0.0325,3.4022,63.842,232.1647,0.2746,0.0551,2.9665,65.4031,233.7451,0.2801,0.0462
2015-02-20T01:47:59.371Z,2.9304,72.165,232.9437,0.3103,0.041,2.9011,63.0362,232.0921,0.2717,0.0458,3.1695,65.3698,233.6818,0.2797,0.0497
2015-02-20T01:48:59.761Z,3.3044,70.6044,232.7634,0.3033,0.0484,3.5502,65.1502,232.4915,0.2802,0.0551,2.6789,64.5366,234.0047,0.2759,0.0423
2015-02-20T01:49:59.044Z,2.8026,70.8656,232.6507,0.3047,0.0379,3.1031,64.4126,231.9766,0.2774,0.0498,2.7926,64.4216,233.2953,0.2758,0.0449
2015-02-20T01:50:59.288Z,2.7348,72.4011,232.9687,0.3111,0.036,3.2145,64.62,232.3938,0.2785,0.0513,3.2369,65.4064,233.5473,0.2799,0.0497
2015-02-20T01:51:59.439Z,2.77,71.594,233.2502,0.307,0.0378,3.332,64.4778,231.817,0.278,0.0524,3.2603,63.9373,233.0524,0.2742,0.052
2015-02-20T01:52:59.672Z,3.1146,71.7366,233.5534,0.3069,0.0436,2.9786,62.989,232.1563,0.2713,0.0464,2.8641,64.409,233.8913,0.2755,0.0426
2015-02-20T01:53:59.060Z,3.4756,71.8721,233.5339,0.3074,0.0479,3.2739,64.6654,233.2073,0.2777,0.0518,3.2212,64.876,234.653,0.2764,0.0501
2015-02-20T01:54:59.376Z,2.5877,71.0689,233.62,0.304,0.0351,3.3422,63.146,233.2238,0.271,0.0533,2.4677,64.1424,234.5993,0.2732,0.0427
2015-02-20T01:55:59.561Z,2.6087,71.9668,233.528,0.3085,0.0362,3.3046,64.4468,233.3475,0.2765,0.0511,3.1255,65.3507,234.7536,0.2782,0.047
2015-02-20T01:56:59.791Z,2.6878,72.3392,233.4997,0.3099,0.0375,3.2332,65.7057,233.3629,0.2815,0.0502,3.0846,64.9572,234.1568,0.2775,0.0476
2015-02-20T01:57:59.033Z,3.8506,70.7888,233.6788,0.3027,0.0542,2.9831,64.7318,233.1074,0.2779,0.0475,3.184,64.3169,233.7162,0.2752,0.0488
2015-02-20T01:58:59.272Z,3.1427,72.6364,233.977,0.3104,0.0441,2.9852,64.9509,233.0364,0.2792,0.0477,2.9208,64.4379,233.7811,0.2751,0.0467
2015-02-20T01:59:59.616Z,2.8049,71.6088,233.3437,0.3073,0.0391,3.7035,64.524,232.4353,0.2777,0.0557,3.2104,64.3629,232.6981,0.2767,0.0491
