2015-02-17T00:00:59.891Z,4.4939,70.6605,233.0808,0.3029,0.0628,2.6633,64.6186,232.0745,0.2789,0.0418,83.1632,105.3763,233.8348,0.4503,0.79
2015-02-17T00:01:59.176Z,5.4877,72.9994,232.9533,0.3133,0.0777,2.894,65.2159,232.0404,0.2811,0.0458,83.6566,105.8807,233.9009,0.4531,0.7907
2015-02-17T00:02:59.478Z,5.5568,70.7924,232.4222,0.3048,0.08,2.2931,64.5608,230.9124,0.2796,0.0349,82.4071,105.0158,233.4685,0.45,0.7852
2015-02-17T00:03:59.762Z,5.0618,70.5752,232.3579,0.3038,0.0726,2.9051,63.7635,230.4981,0.2762,0.0454,82.6909,104.1592,233.248,0.4467,0.7942
2015-02-17T00:04:59.098Z,4.8713,71.4001,232.3401,0.3073,0.0693,2.9698,65.1994,230.3643,0.2828,0.045,82.8957,104.6493,233.1371,0.449,0.793
2015-02-17T00:05:59.397Z,4.8197,71.5986,232.5196,0.3082,0.0698,2.1145,64.4965,230.8921,0.2791,0.0337,82.8931,106.0188,233.399,0.4542,0.7824
2015-02-17T00:06:59.818Z,5.329,71.9934,232.5337,0.3096,0.0761,2.8513,63.8871,230.0436,0.2776,0.044,82.3561,104.7504,232.916,0.4493,0.7873
2015-02-17T00:07:59.203Z,4.4972,72.1104,232.1183,0.3101,0.063,2.8986,65.7358,229.7218,0.2859,0.0438,82.3704,104.2048,232.5946,0.4482,0.7911
2015-02-17T00:08:59.077Z,5.4097,70.824,231.8968,0.3053,0.078,2.9166,62.8474,230.879,0.272,0.0452,82.4876,103.7036,233.2559,0.4448,0.7957
2015-02-17T00:09:59.314Z,4.982,70.4812,231.6385,0.3036,0.0707,2.4977,64.548,231.3238,0.279,0.0386,82.2703,103.9604,232.9991,0.4461,0.7923
2015-02-17T00:10:59.640Z,4.4793,70.3743,231.3157,0.3044,0.0646,2.741,65.2767,230.731,0.2833,0.0413,82.781,104.9316,233.3026,0.4496,0.7898
2015-02-17T00:11:59.081Z,5.4187,72.4896,231.3171,0.3136,0.0758,2.494,64.5821,230.3119,0.2801,0.039,83.7351,105.7826,233.713,0.4522,0.7924
2015-02-17T00:12:59.444Z,5.1204,71.6729,231.7926,0.3085,0.0733,2.6062,64.0625,230.662,0.2777,0.0392,82.906,105.0512,233.5805,0.4498,0.7893
2015-02-17T00:13:59.292Z,5.146,72.4735,232.574,0.3112,0.0714,2.7767,64.2487,231.2401,0.2778,0.0429,82.7136,105.7573,233.5052,0.4531,0.7835
2015-02-17T00:14:59.690Z,4.431,70.4418,232.7515,0.3027,0.0631,2.3359,65.0924,231.033,0.2824,0.0355,83.3565,105.3378,233.3516,0.4516,0.792
2015-02-17T00:15:59.004Z,5.0679,71.598,232.5438,0.3076,0.073,2.428,62.6333,230.8788,0.2714,0.0383,82.7067,104.6716,233.2027,0.449,0.7909
2015-02-17T00:16:59.200Z,5.1554,72.7796,231.6858,0.3143,0.0702,2.473,64.512,229.9212,0.2812,0.0384,81.8625,103.3724,231.6713,0.446,0.793
2015-02-17T00:17:59.568Z,4.8023,71.9048,231.7374,0.3107,0.0665,2.7386,62.3367,230.2009,0.2705,0.0458,81.9224,103.87,231.5488,0.4489,0.7897
2015-02-17T00:18:59.084Z,4.2202,70.2851,232.1099,0.3026,0.0594,2.3978,64.4972,231.2491,0.2791,0.0357,82.092,103.5333,232.6857,0.445,0.7941
2015-02-17T00:19:59.576Z,5.0604,70.8698,232.5586,0.3047,0.0716,2.2485,63.3924,231.4823,0.2741,0.0357,82.4222,104.8698,232.7858,0.4502,0.7874
2015-02-17T00:20:59.797Z,5.2582,72.3923,232.7866,0.3105,0.0751,3.034,65.0836,231.692,0.2808,0.0448,82.7566,105.1377,233.3098,0.4512,0.7884
2015-02-17T00:21:59.308Z,4.9019,70.2474,233.2929,0.3013,0.0692,2.7472,64.1316,232.1096,0.2759,0.0438,83.0944,105.1079,233.5604,0.45,0.7918
2015-02-17T00:22:59.524Z,5.1286,71.6142,233.0226,0.3069,0.0732,2.5852,64.4616,231.4224,0.2784,0.0413,83.4216,104.9005,233.9832,0.4486,0.7963
2015-02-17T00:23:59.780Z,5.0739,71.6479,232.6721,0.3079,0.0715,2.7588,64.891,230.9275,0.2813,0.0434,83.2753,105.3318,233.9316,0.4498,0.791
2015-02-17T00:24:59.309Z,5.1969,71.1272,232.5063,0.3054,0.0739,2.7289,63.4594,230.3858,0.2752,0.0434,83.0401,105.333,233.5107,0.4509,0.7892
2015-02-17T00:25:59.800Z,4.8646,72.4674,232.5008,0.3117,0.0678,2.4568,63.9386,230.5949,0.2773,0.0408,82.7685,104.8163,233.1892,0.4499,0.7898
2015-02-17T00:26:59.119Z,4.7003,70.5442,231.8751,0.3048,0.0673,2.6104,64.1973,229.6764,0.28,0.0408,82.967,104.7389,232.8916,0.4492,0.7932
2015-02-17T00:27:59.038Z,5.0346,71.4373,232.5082,0.3071,0.0708,2.4382,61.8612,227.9283,0.272,0.0399,82.6936,104.2111,232.9531,0.4472,0.7961
2015-02-17T00:28:59.393Z,4.9479,71.0741,232.6896,0.3054,0.0695,2.7215,63.1608,231.0309,0.2734,0.0437,82.9687,105.4899,233.1334,0.4525,0.7878
2015-02-17T00:29:59.840Z,5.2837,71.2207,232.348,0.3071,0.0753,2.0729,65.9954,231.5505,0.2852,0.0326,82.5273,103.689,232.821,0.4452,0.7965
2015-02-17T00:30:59.747Z,4.8158,70.3958,231.6559,0.3037,0.0687,2.7086,64.7858,231.0997,0.2807,0.0412,82.0945,105.0162,232.2286,0.4527,0.7833
2015-02-17T00:31:59.960Z,4.9216,71.6553,230.3159,0.3109,0.0698,2.4962,63.9968,231.3611,0.2767,0.0397,82.2663,104.8358,232.4277,0.4514,0.786
2015-02-17T00:32:59.431Z,5.6244,70.8364,230.5158,0.3074,0.0809,3.0447,63.0014,231.753,0.2722,0.0493,82.0508,103.8963,232.6601,0.447,0.7909
2015-02-17T00:33:59.724Z,4.7834,69.9521,230.591,0.3033,0.0691,2.448,64.1396,231.5793,0.2774,0.0389,82.4134,104.7099,232.4023,0.45,0.7879
2015-02-17T00:34:59.320Z,5.4506,70.6564,230.6597,0.3058,0.0788,2.4954,63.8751,231.8309,0.2759,0.0399,81.8276,104.9048,231.976,0.452,0.7816
2015-02-17T00:35:59.587Z,5.3288,70.7201,232.0399,0.3043,0.0759,2.2035,65.7014,232.18,0.2826,0.0342,82.446,103.9123,233.2458,0.4455,0.7936
2015-02-17T00:36:59.926Z,4.9622,70.1826,232.2965,0.3014,0.0726,2.7033,65.0583,231.6771,0.2812,0.0405,82.8445,105.2521,232.896,0.4518,0.7876
2015-02-17T00:37:59.777Z,5.0398,71.0012,232.5831,0.3047,0.0728,2.8466,65.6028,231.6828,0.2826,0.0436,82.7852,105.0254,232.8193,0.4509,0.7888
2015-02-17T00:38:59.367Z,5.11,72.8946,233.1243,0.3124,0.0708,2.7626,63.4871,231.3404,0.2744,0.043,82.0112,104.1971,232.9047,0.4475,0.7876
2015-02-17T00:39:59.893Z,5.9077,71.6358,232.4886,0.3085,0.084,2.5365,65.1209,232.4324,0.2801,0.0386,83.0413,105.6886,233.553,0.4523,0.7858
2015-02-17T00:40:59.477Z,5.0851,72.1873,232.5457,0.3101,0.0718,2.0829,63.8543,232.3286,0.2752,0.0338,83.1825,105.3799,233.2943,0.4519,0.7907
2015-02-17T00:41:59.411Z,4.744,71.6898,233.3082,0.3074,0.0668,2.7779,63.5512,232.4044,0.2734,0.0432,82.2986,104.845,232.4256,0.4513,0.7859
2015-02-17T00:42:59.708Z,5.622,71.0717,233.1647,0.3046,0.0807,2.438,64.0265,232.1246,0.2764,0.038,82.178,103.5226,231.9897,0.4466,0.7953
2015-02-17T00:43:59.949Z,5.4589,71.7936,232.9218,0.3078,0.0776,2.5904,63.8374,231.7443,0.2757,0.0399,81.9236,104.0021,231.9451,0.4484,0.7893
2015-02-17T00:44:59.987Z,4.8182,72.3589,232.6343,0.3105,0.0682,2.8549,64.9445,231.6958,0.2804,0.0448,81.9182,104.8963,232.1005,0.4516,0.7821
2015-02-17T00:45:59.144Z,5.6892,71.1669,232.3823,0.3061,0.0818,2.4798,64.581,231.8422,0.2786,0.0398,82.5834,103.9758,232.7861,0.4467,0.7941
2015-02-17T00:46:59.558Z,5.5722,71.6422,232.2247,0.3089,0.078,2.9787,63.5138,230.8526,0.2748,0.0471,82.0193,104.443,232.2746,0.4502,0.7855
2015-02-17T00:47:59.880Z,5.0574,73.2538,231.9339,0.3161,0.0701,2.8537,63.9566,230.1721,0.2782,0.0459,82.3673,104.3784,232.1041,0.4497,0.7902
2015-02-17T00:48:59.263Z,4.4557,73.4762,233.0423,0.3152,0.0617,2.4384,63.0284,229.9748,0.2743,0.0388,81.6263,103.8004,232.3887,0.4467,0.7867
2015-02-17T00:49:59.395Z,4.3602,71.4303,232.9251,0.3066,0.061,2.1309,62.7657,231.1696,0.2713,0.0342,83.0558,105.2975,233.2113,0.4516,0.7897
2015-02-17T00:50:59.145Z,5.2467,71.1194,233.0382,0.3053,0.0749,2.9206,64.8063,231.1232,0.2801,0.044,83.1261,104.9314,233.7866,0.4492,0.7933
2015-02-17T00:51:59.564Z,5.4085,72.1784,232.8847,0.3099,0.0767,3.0448,64.28,231.0077,0.2783,0.0483,83.472,105.3679,234.1441,0.4498,0.7933
2015-02-17T00:52:59.744Z,4.7397,72.07,232.94,0.3096,0.066,2.7158,64.6259,231.3066,0.2797,0.0421,83.3391,105.6436,234.2186,0.451,0.7891
2015-02-17T00:53:59.212Z,4.502,71.7127,232.8748,0.3086,0.0637,2.3488,66.3218,231.2028,0.2874,0.0337,83.7281,105.7996,234.2882,0.4512,0.7922
2015-02-17T00:54:59.180Z,4.4259,71.3021,233.1882,0.3059,0.0632,2.3524,66.4968,231.5591,0.2874,0.0365,83.2587,105.4788,234.2596,0.4501,0.7902
2015-02-17T00:55:59.740Z,5.3508,72.5861,232.9159,0.3116,0.0743,3.177,65.4309,231.6135,0.2824,0.0505,83.5749,104.8513,234.1664,0.4477,0.7983
2015-02-17T00:56:59.935Z,5.4763,71.5197,233.1874,0.3067,0.0781,3.0475,64.0179,231.2908,0.2766,0.0473,83.1229,104.6853,233.5921,0.4481,0.7953
2015-02-17T00:57:59.830Z,4.7956,70.5018,232.9911,0.3027,0.0712,2.7419,61.6597,230.8781,0.2671,0.0455,81.9849,103.3019,232.5798,0.4443,0.7947
2015-02-17T00:58:59.064Z,5.2023,71.1664,232.6772,0.3059,0.0742,2.4389,63.5237,231.0924,0.2749,0.0404,82.9119,104.8766,233.6718,0.4493,0.7916
2015-02-17T00:59:59.214Z,5.0248,72.5704,233.3022,0.3105,0.0713,2.4809,65.3814,232.2907,0.2809,0.0384,83.1544,105.2663,233.8677,0.4502,0.7909
