2015-03-31T00:00:59.605Z,5.2145,47.8051,232.3547,0.206,0.112,-6.0888,38.1811,232.1277,0.1642,-0.1659,11.1518,39.2535,232.9515,0.1687,0.2935
2015-03-31T00:01:59.844Z,4.9663,47.834,231.2016,0.2067,0.1038,-6.1192,35.6079,231.0693,0.1539,-0.173,10.3948,37.4249,231.9255,0.1617,0.2888
2015-03-31T00:02:59.041Z,4.5469,48.2219,231.3074,0.2085,0.0951,-6.7519,36.9269,230.6198,0.1598,-0.1834,9.9646,38.3288,231.1878,0.1654,0.273
2015-03-31T00:03:59.316Z,5.5616,48.4946,231.2023,0.2093,0.1148,-6.7889,36.3187,231.1913,0.1573,-0.1913,10.1827,39.2601,232.2122,0.1685,0.2683
2015-03-31T00:04:59.581Z,7.2288,48.9096,231.7648,0.2109,0.146,-7.2322,37.1366,231.6096,0.1602,-0.1998,11.0597,38.7521,232.1489,0.1666,0.2914
2015-03-31T00:05:59.991Z,7.0371,49.5085,231.5424,0.2141,0.1412,-6.9645,36.6951,230.8021,0.1592,-0.1919,10.3881,38.2701,231.3877,0.1655,0.2821
2015-03-31T00:06:59.181Z,6.1664,49.6112,231.0752,0.2151,0.1236,-6.8321,34.3389,230.3444,0.1492,-0.2057,9.9244,38.5137,230.8118,0.1668,0.2658
2015-03-31T00:07:59.467Z,6.7751,48.3393,231.2157,0.209,0.1397,-7.3701,36.6732,230.1743,0.159,-0.2056,10.377,37.0159,230.4065,0.1609,0.2887
2015-03-31T00:08:59.639Z,6.411,49.4713,230.9682,0.2144,0.1279,-7.1882,35.7524,230.4197,0.1548,-0.2054,10.417,38.4923,230.9262,0.1665,0.2813
2015-03-31T00:09:59.815Z,7.1454,48.3634,231.3174,0.2092,0.1476,-7.0753,35.2592,231.2254,0.1524,-0.2075,10.735,37.6092,231.2049,0.1628,0.291
2015-03-31T00:10:59.070Z,5.7211,49.9234,232.2439,0.2149,0.1162,-6.7524,34.6236,229.2647,0.1509,-0.2001,10.3515,38.1403,231.8515,0.1645,0.2754
2015-03-31T00:11:59.258Z,6.9232,49.5733,231.2699,0.2147,0.1385,-7.502,34.3001,228.0048,0.1505,-0.2199,10.3284,39.0176,231.0033,0.1685,0.2757
2015-03-31T00:12:59.442Z,6.8216,49.8649,231.3495,0.2153,0.1363,-6.6487,34.6061,230.6084,0.1502,-0.1972,10.4961,38.6065,231.7166,0.1663,0.2793
2015-03-31T00:13:59.627Z,6.8065,49.1469,231.9153,0.2115,0.1356,-6.9351,36.0262,231.8187,0.1556,-0.202,10.8623,39.1651,232.9997,0.1681,0.2818
2015-03-31T00:14:59.860Z,6.4104,49.051,231.6851,0.2119,0.1302,-6.8199,36.8668,231.6422,0.1593,-0.1875,10.5316,38.4763,232.6989,0.1653,0.2801
2015-03-31T00:15:59.130Z,6.5451,48.9554,231.6622,0.212,0.1332,-6.361,35.3331,231.632,0.1528,-0.1882,10.9776,38.1028,232.4829,0.1643,0.2897
2015-03-31T00:16:59.318Z,5.272,49.208,232.3498,0.2114,0.1076,-6.458,35.0476,231.8166,0.1516,-0.1874,10.4334,38.4325,232.7866,0.1649,0.2778
2015-03-31T00:17:59.616Z,5.5014,49.6487,232.0737,0.2138,0.1112,-6.3543,35.9568,232.0308,0.1547,-0.1854,10.5573,38.5841,232.579,0.1657,0.279
2015-03-31T00:18:59.853Z,5.3602,49.5576,231.0561,0.2143,0.1062,-6.5468,34.6777,232.6623,0.1488,-0.1964,11.0166,39.0001,232.4875,0.1678,0.2886
2015-03-31T00:19:59.047Z,5.7866,48.5769,231.4561,0.2098,0.1185,-6.7347,36.5152,232.7903,0.1571,-0.1909,10.7775,40.1226,232.5237,0.1721,0.2743
2015-03-31T00:20:59.177Z,4.9784,48.4147,231.7963,0.2086,0.1034,-6.2105,33.4055,233.0029,0.1435,-0.1892,10.5145,36.8803,232.5129,0.1584,0.2947
2015-03-31T00:21:59.343Z,5.1135,49.1116,231.8429,0.2118,0.1046,-6.7179,34.1056,232.0742,0.1469,-0.1978,10.4012,37.3468,231.6843,0.1612,0.2808
2015-03-31T00:22:59.492Z,5.2995,49.4387,232.5547,0.2125,0.1064,-6.4578,35.9879,230.1368,0.1563,-0.1835,10.8346,39.2287,231.1116,0.17,0.284
2015-03-31T00:23:59.754Z,6.1846,49.5782,232.9424,0.2126,0.1246,-6.7012,34.8959,229.068,0.1522,-0.1977,10.4557,38.4685,230.9643,0.1668,0.2793
2015-03-31T00:24:59.987Z,5.234,49.0619,232.1881,0.2111,0.1058,-6.3775,36.2669,231.4707,0.1566,-0.1836,10.7999,39.1701,230.7869,0.1692,0.283
2015-03-31T00:25:59.136Z,4.9132,49.5384,232.3079,0.2133,0.0974,-6.5549,36.815,232.2583,0.1584,-0.1821,10.495,38.5316,231.5621,0.166,0.2813
2015-03-31T00:26:59.525Z,5.3908,49.2597,231.8942,0.2128,0.1089,-6.6041,37.035,232.0511,0.1595,-0.1864,10.3518,37.5522,231.9511,0.1617,0.2827
2015-03-31T00:27:59.881Z,5.7181,49.3593,232.077,0.2131,0.1166,-6.7103,35.8385,231.8031,0.1551,-0.1902,10.4787,39.3251,232.368,0.1701,0.2757
2015-03-31T00:28:59.236Z,5.9268,49.2251,231.706,0.2129,0.1212,-7.1123,37.1331,231.5236,0.1609,-0.1999,10.4887,39.2731,232.4304,0.1696,0.2731
2015-03-31T00:29:59.457Z,6.6449,49.2644,232.0325,0.212,0.1358,-7.4851,35.9705,230.8038,0.1554,-0.2149,11.1599,37.8895,231.7079,0.1632,0.2954
2015-03-31T00:30:59.706Z,6.5051,49.3486,231.8303,0.2122,0.1311,-7.0658,35.9716,231.0809,0.1563,-0.1984,10.4535,39.6593,231.7773,0.1705,0.2757
2015-03-31T00:31:59.938Z,7.116,49.4732,231.6051,0.2135,0.1431,-7.0204,35.5423,230.7613,0.1541,-0.2073,10.5095,39.5695,232.0451,0.1702,0.2709
2015-03-31T00:32:59.213Z,6.5191,49.6446,231.7646,0.2142,0.131,-7.3,36.8587,230.2437,0.1602,-0.2088,10.6407,38.3573,231.6696,0.1657,0.2891
2015-03-31T00:33:59.438Z,6.6201,49.4274,232.14,0.2125,0.1332,-6.98,35.3222,230.8367,0.1527,-0.1996,10.8327,39.4288,232.029,0.1699,0.2787
2015-03-31T00:34:59.599Z,7.08,49.8521,232.6208,0.2152,0.1415,-6.8265,34.5473,231.0388,0.1495,-0.2009,10.6305,39.441,231.6156,0.171,0.2764
2015-03-31T00:35:59.721Z,6.9711,49.2238,232.311,0.2123,0.1411,-7.0481,36.3454,230.5502,0.1577,-0.1966,10.129,38.1724,231.4204,0.1651,0.2724
2015-03-31T00:36:59.854Z,7.1322,49.6481,231.8591,0.214,0.1427,-6.6646,35.1469,230.8495,0.1524,-0.199,10.5434,41.367,232.1969,0.1785,0.2623
2015-03-31T00:37:59.153Z,6.538,49.5219,231.8833,0.2133,0.1312,-6.8419,37.5618,230.5832,0.1623,-0.1874,10.2369,38.095,232.0623,0.1636,0.2788
2015-03-31T00:38:59.494Z,6.8719,48.9296,232.1962,0.2109,0.1401,-6.3746,34.8291,230.7212,0.1514,-0.1921,10.6985,37.6858,232.2934,0.1624,0.2867
2015-03-31T00:39:59.778Z,6.548,50.1051,232.0218,0.2162,0.1308,-7.2035,35.4665,230.885,0.154,-0.209,10.1993,40.6658,232.363,0.1751,0.2607
2015-03-31T00:40:59.078Z,6.1331,49.4768,232.1071,0.2137,0.122,-6.8908,36.5854,231.1129,0.1579,-0.2036,10.834,38.2142,232.5782,0.1643,0.2968
2015-03-31T00:41:59.326Z,7.6284,49.6641,231.5949,0.2145,0.1514,-7.3216,36.5127,230.8513,0.1584,-0.2069,10.303,37.5675,231.9105,0.1624,0.2819
2015-03-31T00:42:59.656Z,5.9691,49.1047,231.8812,0.2122,0.1214,-6.7247,35.8914,230.6845,0.1555,-0.1964,10.6691,41.6258,231.9109,0.1795,0.2635
2015-03-31T00:44:59.190Z,6.6648,49.8601,232.2302,0.2148,0.1332,-6.8804,37.0708,231.2775,0.1603,-0.1924,10.675,38.4521,232.1915,0.1654,0.2825
2015-03-31T00:45:59.350Z,6.6257,48.9938,232.7411,0.2105,0.1346,-6.4175,36.7033,231.7285,0.1583,-0.1873,10.726,39.3134,232.7711,0.1689,0.2833
2015-03-31T00:46:59.662Z,6.8838,49.5075,232.5987,0.2123,0.1367,-7.1769,34.3595,228.4315,0.1498,-0.2138,10.3693,39.6168,233.387,0.1693,0.2682
2015-03-31T00:47:59.014Z,6.1208,48.663,232.6646,0.2089,0.1248,-7.4867,37.5518,229.9598,0.1632,-0.2029,10.3431,39.7567,232.5329,0.171,0.2693
2015-03-31T00:48:59.348Z,6.4827,49.6753,232.5793,0.2135,0.1329,-6.8977,35.099,231.4134,0.1511,-0.2003,10.0941,38.8979,231.8782,0.1674,0.2662
2015-03-31T00:49:59.577Z,6.7611,49.126,232.3183,0.2113,0.1367,-6.6664,33.9862,231.6517,0.1467,-0.1959,10.0497,39.1837,232.2793,0.1686,0.2585
2015-03-31T00:50:59.985Z,6.4692,49.6454,231.9829,0.2145,0.129,-7.217,37.0925,231.6351,0.1604,-0.2043,10.4619,37.6279,232.7413,0.1614,0.288
2015-03-31T00:51:59.250Z,5.7396,48.4698,231.6232,0.2091,0.1173,-6.3904,35.8166,231.6482,0.1548,-0.1861,10.3693,39.1863,231.8054,0.1687,0.2719
2015-03-31T00:52:59.510Z,5.464,49.1548,231.2811,0.2133,0.1114,-5.9187,35.7068,231.5342,0.1545,-0.1686,10.7377,39.3702,231.5025,0.1701,0.2776
2015-03-31T00:53:59.749Z,6.9841,49.4429,232.0241,0.2134,0.1385,-7.6293,36.3954,232.8884,0.1566,-0.2124,10.3301,38.4434,232.7674,0.1651,0.2779
2015-03-31T00:55:59.302Z,7.1136,49.4775,231.7657,0.2136,0.1437,-7.1846,36.1768,232.6525,0.1556,-0.2062,10.546,38.4748,232.6051,0.1655,0.2826
2015-03-31T00:56:59.396Z,6.0433,49.416,231.4275,0.2133,0.122,-6.9397,34.6915,232.4204,0.1495,-0.2077,10.5004,39.5111,231.7297,0.1704,0.2711
2015-03-31T00:57:59.760Z,4.9029,48.2756,231.2357,0.2093,0.0993,-6.6954,36.4836,232.34,0.1568,-0.1818,10.2704,38.8201,231.4396,0.1677,0.2775
2015-03-31T00:58:59.878Z,4.8442,49.2023,231.0759,0.2127,0.0986,-6.3298,35.2042,232.0286,0.1518,-0.1884,10.652,39.0175,231.2066,0.1689,0.2813
2015-03-31T00:59:59.134Z,5.3177,48.6599,230.9168,0.211,0.1082,-6.2308,37.2582,231.9199,0.1603,-0.171,10.6592,39.1733,230.971,0.1693,0.2851
