2015-04-17T00:00:59.273Z,7.074,69.6318,233.7528,0.2979,0.1026,-7.2913,62.9296,233.354,0.2696,-0.1199,11.0148,64.2991,234.9648,0.2739,0.1722
2015-04-17T00:01:59.681Z,6.508,69.6853,233.8962,0.2977,0.0954,-6.8189,61.6798,233.4284,0.264,-0.1171,11.64,65.0451,235.0432,0.2768,0.182
2015-04-17T00:02:59.984Z,7.1276,72.1815,233.8157,0.3088,0.0985,-7.121,63.3476,233.3819,0.2715,-0.1131,11.4323,63.5511,234.7862,0.2711,0.1807
2015-04-17T00:03:59.302Z,7.206,70.9173,234.4247,0.3021,0.1041,-7.5362,63.9353,233.443,0.2731,-0.1188,11.3358,65.2547,234.7912,0.2778,0.1751
2015-04-17T00:04:59.592Z,7.4455,70.1016,234.1697,0.2993,0.107,-7.6597,62.9603,232.6573,0.2708,-0.1244,11.2955,65.2653,235.0578,0.2779,0.1737
2015-04-17T00:05:59.877Z,7.7049,69.5788,234.5365,0.2967,0.1119,-7.9654,63.6935,230.7345,0.2757,-0.1278,11.8096,64.3013,235.7741,0.2729,0.1851
2015-04-17T00:06:59.142Z,6.5807,71.0034,234.9467,0.3024,0.0921,-8.045,64.0847,232.4468,0.2757,-0.1267,11.383,63.9278,234.8022,0.2728,0.1792
2015-04-17T00:07:59.373Z,6.5949,70.5465,234.8035,0.3005,0.0945,-7.6025,63.2091,233.1642,0.271,-0.1248,11.436,63.2381,234.443,0.2701,0.1822
2015-04-17T00:08:59.735Z,7.1058,68.9471,234.3796,0.2938,0.1038,-7.6217,62.3815,232.9117,0.2679,-0.1243,11.2621,65.892,233.9385,0.2812,0.1714
2015-04-17T00:09:59.952Z,6.8088,70.8307,234.1848,0.3018,0.097,-7.5155,63.7946,232.6498,0.2742,-0.1168,11.4198,65.1219,234.0616,0.2781,0.1762
2015-04-17T00:10:59.044Z,7.2457,70.7361,234.2637,0.3014,0.1039,-7.8708,61.2843,232.7713,0.2633,-0.13,11.4918,62.3519,234.0622,0.2664,0.1847
2015-04-17T00:11:59.200Z,7.4825,69.6093,234.4319,0.2969,0.1095,-7.4133,61.377,232.9287,0.2629,-0.12,11.2368,63.4834,234.2238,0.2712,0.179
2015-04-17T00:12:59.570Z,7.0229,70.4956,234.0633,0.3012,0.1008,-7.2741,63.1521,232.6992,0.2713,-0.1156,10.8791,64.681,234.4205,0.276,0.1709
2015-04-17T00:13:59.062Z,7.2134,69.6933,234.0377,0.2976,0.1042,-7.3189,63.4002,233.1769,0.2717,-0.1154,11.2341,64.3383,235.0403,0.2748,0.1757
2015-04-17T00:14:59.204Z,6.2367,70.923,234.4382,0.303,0.0885,-7.4781,61.6389,233.5449,0.2638,-0.1224,11.2218,62.9143,235.3652,0.2676,0.179
2015-04-17T00:15:59.392Z,7.1588,71.0623,234.5253,0.3027,0.1015,-7.7534,62.0834,233.7518,0.2655,-0.1249,11.3564,64.1035,235.6762,0.2714,0.1774
2015-04-17T00:16:59.695Z,7.1758,70.6977,234.4746,0.3011,0.1021,-7.8729,62.7222,233.5793,0.2684,-0.1289,11.5727,64.4735,235.9578,0.2732,0.1823
2015-04-17T00:17:59.954Z,7.0591,70.0653,234.3763,0.299,0.101,-7.4374,63.7165,233.8324,0.2722,-0.1154,11.3516,64.3277,236.1452,0.2726,0.1775
2015-04-17T00:18:59.321Z,6.7881,70.0007,234.3426,0.2986,0.0984,-7.25,63.9161,233.9457,0.2727,-0.1146,11.4407,65.9323,236.0962,0.2792,0.1747
2015-04-17T00:19:59.572Z,6.7887,70.6254,233.8574,0.3016,0.0963,-7.7625,62.8234,234.0567,0.2678,-0.1237,11.4979,65.7339,235.8222,0.2783,0.1762
2015-04-17T00:20:59.869Z,6.9819,69.4997,232.4544,0.2985,0.1019,-7.5036,62.4792,233.9513,0.2669,-0.121,11.4768,64.6885,235.1762,0.2751,0.1797
2015-04-17T00:21:59.137Z,6.6914,68.944,232.5028,0.2963,0.0987,-7.9416,61.4488,234.1183,0.2626,-0.1356,11.6003,66.2938,235.0539,0.282,0.1772
2015-04-17T00:22:59.424Z,6.9565,70.1002,232.7988,0.3008,0.1003,-7.4726,63.5218,234.2882,0.2712,-0.1207,11.519,65.3942,236.1045,0.2767,0.1765
2015-04-17T00:23:59.745Z,7.1846,70.4618,233.8691,0.3013,0.1045,-7.186,64.2303,234.3247,0.2747,-0.1145,11.6778,65.5761,236.5558,0.2773,0.1788
2015-04-17T00:24:59.031Z,6.9056,70.7848,234.3708,0.3017,0.099,-7.9107,64.0643,234.2175,0.2738,-0.1238,11.5148,65.6938,236.312,0.2785,0.1748
2015-04-17T00:25:59.350Z,6.6253,69.7762,231.754,0.3011,0.0943,-7.6258,61.4355,231.5033,0.2652,-0.128,11.1197,64.1966,233.4504,0.2748,0.1755
2015-04-17T00:26:59.597Z,6.4549,68.4603,231.176,0.2964,0.0955,-7.9266,63.6997,231.5046,0.2754,-0.1281,11.2079,63.6402,232.2721,0.2742,0.1816
2015-04-17T00:27:59.788Z,6.7616,70.0686,231.1646,0.3031,0.0976,-7.7249,62.6277,231.0359,0.2707,-0.1247,11.0386,63.7885,232.0151,0.2748,0.174
2015-04-17T00:28:59.030Z,7.1977,68.5272,231.0117,0.2969,0.1069,-7.7078,63.1397,230.4459,0.2739,-0.126,11.1619,63.6591,231.3552,0.2752,0.1769
2015-04-17T00:29:59.387Z,6.3074,69.1546,230.7051,0.2999,0.0927,-7.334,64.6712,230.4622,0.2803,-0.1168,10.7134,63.3225,231.0883,0.2734,0.1689
2015-04-17T00:30:59.770Z,7.0422,69.3612,230.912,0.3004,0.1021,-7.5084,61.6864,230.6279,0.2677,-0.1216,11.2316,64.3726,231.3338,0.2784,0.1755
2015-04-17T00:31:59.029Z,6.5492,69.2186,230.737,0.3003,0.0946,-7.4482,62.56,230.58,0.272,-0.1236,11.3983,63.3726,231.3227,0.2743,0.1834
2015-04-17T00:32:59.193Z,7.0654,68.9437,230.3393,0.2991,0.1033,-7.2379,61.8218,230.3592,0.2681,-0.1196,11.037,63.7422,231.7353,0.2748,0.1727
2015-04-17T00:33:59.478Z,7.099,68.3237,229.9188,0.297,0.1064,-7.4241,63.021,230.732,0.2734,-0.1197,10.7496,62.6498,232.1376,0.2696,0.1712
2015-04-17T00:34:59.657Z,6.9133,68.9543,230.1975,0.2997,0.1016,-7.5927,63.8684,231.2745,0.2762,-0.1186,11.0186,64.4951,232.6112,0.2768,0.1713
2015-04-17T00:35:59.739Z,7.2441,69.2442,230.2968,0.3007,0.1067,-7.3385,59.4575,231.6067,0.2564,-0.1236,11.3699,63.0843,232.5201,0.2713,0.1839
2015-04-17T00:36:59.035Z,6.8835,68.3309,230.3663,0.2969,0.1025,-7.7688,62.7338,231.4044,0.2712,-0.1282,11.4421,64.6844,232.5335,0.2781,0.1813
2015-04-17T00:37:59.338Z,5.7591,69.0071,230.7077,0.2991,0.0851,-7.5482,62.0816,231.6658,0.2678,-0.1239,10.8,64.4157,232.541,0.2773,0.169
2015-04-17T00:38:59.585Z,5.2751,69.1011,230.272,0.3,0.0766,-6.9189,64.2305,231.2367,0.278,-0.1091,11.1819,63.8545,232.0059,0.2753,0.1742
2015-04-17T00:39:59.877Z,5.4986,69.6491,230.5333,0.302,0.0785,-6.8831,62.8154,230.9404,0.2718,-0.1107,11.0786,63.6356,231.9871,0.2741,0.1751
2015-04-17T00:40:59.188Z,4.9296,69.5296,230.6222,0.3008,0.0713,-6.9648,63.9161,231.433,0.2758,-0.1118,11.329,62.9999,231.9603,0.2714,0.1806
2015-04-17T00:41:59.466Z,5.2604,68.6325,231.1345,0.2965,0.077,-6.721,62.6637,231.9774,0.2702,-0.1084,10.9714,63.2904,232.1188,0.2721,0.1733
2015-04-17T00:42:59.085Z,6.8301,69.662,231.3278,0.3012,0.0993,-7.5816,63.1081,231.5966,0.2724,-0.1217,10.8941,61.9768,232.1193,0.2667,0.1756
2015-04-17T00:43:59.344Z,6.6731,69.0347,232.2268,0.297,0.0979,-7.6758,62.3914,231.4788,0.2695,-0.1232,10.8657,63.844,231.762,0.2755,0.1696
2015-04-17T00:44:59.569Z,6.4543,70.0955,231.6085,0.3026,0.0921,-7.5775,62.7902,231.4189,0.2711,-0.1215,11.125,63.1598,231.934,0.2722,0.1764
2015-04-17T00:45:59.774Z,6.8519,70.1254,230.8457,0.3037,0.0978,-7.7846,63.0488,231.3144,0.2731,-0.1263,10.8953,63.64,232.1549,0.274,0.1705
2015-04-17T00:46:59.070Z,7.1882,68.5291,230.7158,0.2961,0.1062,-7.6378,62.9961,231.2602,0.2727,-0.1247,10.9831,63.7,232.1976,0.2749,0.1752
2015-04-17T00:47:59.311Z,6.5045,68.8695,230.8912,0.2986,0.0934,-7.401,62.0133,230.8773,0.2681,-0.1196,10.869,64.0162,232.1356,0.2756,0.1703
2015-04-17T00:48:59.538Z,7.2536,69.6301,231.0702,0.3013,0.1073,-7.7011,62.5956,230.7654,0.2716,-0.1248,11.5151,63.7952,232.3144,0.2746,0.1813
2015-04-17T00:49:59.857Z,6.7829,69.048,230.9418,0.2986,0.0983,-7.4992,62.1276,230.7288,0.2696,-0.1226,11.5922,65.7141,232.0979,0.2828,0.1777
2015-04-17T00:50:59.090Z,6.8784,69.3727,231.2398,0.2999,0.1008,-7.6162,62.8592,230.1278,0.273,-0.1224,11.0004,62.6194,232.1415,0.2699,0.1755
2015-04-17T00:51:59.361Z,6.9152,68.7788,231.3274,0.2979,0.1025,-7.3361,62.1208,230.3275,0.2698,-0.1196,11.0966,62.9537,232.246,0.2714,0.1768
2015-04-17T00:52:59.520Z,7.2155,69.5988,231.4775,0.3005,0.1048,-7.6073,61.0263,230.5218,0.2648,-0.1253,11.2846,62.6202,232.3892,0.2693,0.1814
2015-04-17T00:53:59.785Z,304.8034,467.2885,231.1398,2.029,0.266,325.67,522.7847,230.1441,2.2824,0.1136,565.5832,759.3703,230.9682,3.3089,0.6251
2015-04-17T00:54:59.981Z,1157.1744,1550.9654,230.1727,6.7373,0.747,1219.5433,1646.6843,228.9394,7.1931,0.7403,1680.6373,2221.2849,229.1922,9.6919,0.7568
2015-04-17T00:55:59.384Z,1154.128,1550.4135,229.7523,6.7485,0.7447,1234.9499,1645.9461,228.897,7.1911,0.75,1701.9877,2241.619,229.3284,9.7741,0.7592
2015-04-17T00:56:59.582Z,1169.3918,1554.5843,229.4876,6.7744,0.7526,1263.8651,1670.6989,228.6618,7.3066,0.7564,1712.3989,2250.3911,229.1239,9.8222,0.761
2015-04-17T00:57:59.784Z,1197.8198,1578.187,229.2121,6.8852,0.7592,1290.8922,1687.5111,228.3234,7.3904,0.7649,1744.3838,2268.2053,228.6342,9.9206,0.7696
2015-04-17T00:58:59.979Z,1224.4038,1602.9029,228.918,7.0024,0.7637,1303.9748,1693.1683,227.7766,7.4338,0.7699,1769.6943,2278.8872,228.3072,9.9819,0.7772
2015-04-17T00:59:59.296Z,1233.8864,1614.8713,228.8461,7.0569,0.764,1327.2253,1709.5938,227.9564,7.4991,0.7766,1793.3774,2302.5802,228.6072,10.0725,0.7795
