2015-02-24T00:00:59.784Z,4.3893,71.453,231.6436,0.3083,0.0623,2.7694,64.987,233.0503,0.278,0.0426,2.8607,65.9216,234.2162,0.2809,0.0432
2015-02-24T00:01:59.198Z,4.9548,72.7149,231.7927,0.3137,0.0688,2.7677,67.5659,233.0696,0.29,0.042,3.006,67.2898,234.7576,0.2864,0.0429
2015-02-24T00:02:59.950Z,5.4224,73.4502,231.8104,0.3162,0.0737,2.988,67.5191,233.0007,0.2905,0.045,3.0767,67.4927,235.172,0.2874,0.0451
2015-02-24T00:03:59.227Z,6.0736,73.1073,231.7701,0.315,0.0848,2.5102,67.4732,232.7047,0.2897,0.0368,3.4127,68.2201,234.9164,0.2908,0.0507
2015-02-24T00:04:59.463Z,5.6531,72.8724,231.5767,0.3143,0.0778,2.6107,67.8937,232.4145,0.2923,0.04,2.84,67.9853,235.1238,0.2891,0.0416
2015-02-24T00:05:59.147Z,5.1066,72.0813,231.2201,0.3114,0.0719,2.8992,65.3576,231.6969,0.2821,0.0442,3.0317,68.4218,234.3856,0.2919,0.0453
2015-02-24T00:06:59.592Z,5.2457,74.2807,231.7768,0.3214,0.0722,2.2605,65.9735,231.5865,0.2848,0.0322,2.6954,68.2046,234.5512,0.2903,0.0407
2015-02-24T00:07:59.873Z,5.8787,74.6367,232.2493,0.3213,0.0804,3.4405,65.6971,231.2463,0.2843,0.0542,2.9429,66.9911,234.4431,0.2863,0.0438
2015-02-24T00:08:59.703Z,5.5712,73.19,231.7108,0.3159,0.076,3.2959,66.662,232.7513,0.2867,0.0504,3.1607,66.9848,234.0241,0.2857,0.0489
2015-02-24T00:09:59.248Z,4.4127,72.7199,231.9346,0.3132,0.0609,2.1678,68.402,232.791,0.2941,0.0331,3.1886,66.2986,232.4746,0.2856,0.0489
2015-02-24T00:10:59.946Z,5.341,72.5647,231.3284,0.3137,0.075,2.6288,67.944,233.0227,0.291,0.0375,3.3605,67.5102,234.323,0.2884,0.0498
2015-02-24T00:11:59.234Z,5.4854,74.3657,231.5032,0.3209,0.0736,2.8654,66.5807,232.6053,0.2868,0.0431,2.7532,68.5831,234.4768,0.2922,0.04
2015-02-24T00:12:59.507Z,5.7936,72.8507,232.0807,0.314,0.078,2.8401,68.0546,232.5069,0.2927,0.0419,3.1593,66.6065,234.542,0.2844,0.0475
2015-02-24T00:13:59.749Z,5.0308,73.5589,231.2911,0.318,0.0687,2.6997,64.7437,231.629,0.2797,0.0407,3.1852,68.161,233.8433,0.2918,0.0478
2015-02-24T00:14:59.007Z,4.85,72.0253,230.9926,0.3112,0.0688,2.8688,65.8604,231.3579,0.2843,0.0417,2.7709,66.0244,233.8111,0.2827,0.0433
2015-02-24T00:15:59.985Z,5.4933,72.4403,230.4667,0.3139,0.077,2.5661,65.7714,230.8623,0.2842,0.0385,2.5446,65.7813,233.571,0.2815,0.0387
2015-02-24T00:16:59.183Z,5.8981,72.572,231.2673,0.3137,0.0821,2.6974,68.6602,230.6157,0.2976,0.0386,3.4599,65.949,233.1518,0.2826,0.0526
2015-02-24T00:17:59.339Z,5.3412,75.0395,232.341,0.3229,0.0726,2.7189,65.4865,230.0869,0.2844,0.0423,2.6482,67.2871,232.9044,0.2885,0.0379
2015-02-24T00:18:59.550Z,5.2003,72.529,232.1856,0.3124,0.0704,2.3155,66.464,232.1996,0.2863,0.0357,2.7416,67.667,234.0489,0.2891,0.0424
2015-02-24T00:19:59.751Z,4.405,73.0538,232.1249,0.3147,0.0605,2.8842,66.9322,232.0302,0.2884,0.0439,3.0612,66.1588,234.0352,0.2828,0.0472
2015-02-24T00:20:59.324Z,4.9443,73.5736,231.7656,0.3166,0.0676,2.5662,67.5502,232.2268,0.2911,0.0393,3.39,66.9602,234.1042,0.2862,0.0504
2015-02-24T00:21:59.618Z,5.952,72.663,232.2692,0.3129,0.0829,2.6851,66.2966,232.3079,0.2852,0.0404,3.0581,66.731,234.1021,0.2851,0.0463
2015-02-24T00:22:59.922Z,5.5786,73.8675,232.4897,0.3179,0.0763,2.6876,67.6679,232.3146,0.2914,0.039,2.9061,67.2352,234.0317,0.2874,0.0422
2015-02-24T00:23:59.496Z,5.6892,74.1189,232.7448,0.3184,0.0788,2.8041,65.6264,231.303,0.2841,0.0424,3.0457,67.865,234.3347,0.2897,0.0457
2015-02-24T00:24:59.913Z,5.2459,72.2184,233.1495,0.3095,0.073,2.8812,63.566,228.5987,0.2782,0.0463,3.0302,68.1941,234.8086,0.2903,0.046
2015-02-24T00:25:59.305Z,5.6626,74.0283,232.5051,0.3187,0.0772,2.7102,66.6884,231.1522,0.2889,0.0411,3.002,67.3661,233.6369,0.2881,0.045
2015-02-24T00:26:59.537Z,6.0863,74.3143,232.5611,0.3193,0.0835,2.7602,65.6472,232.173,0.2827,0.0439,3.5317,66.5528,233.6752,0.2853,0.0541
2015-02-24T00:27:59.384Z,5.135,73.6883,232.472,0.3168,0.0698,2.6363,68.154,232.3213,0.2931,0.0386,3.1253,66.5809,232.7838,0.2859,0.0471
2015-02-24T00:28:59.779Z,4.4654,74.4913,233.5984,0.3186,0.0605,2.747,65.1895,233.2851,0.279,0.0436,2.5893,67.5524,234.4816,0.2885,0.0367
2015-02-24T00:29:59.626Z,5.1519,74.2176,234.3292,0.3167,0.0708,2.4509,66.484,234.0377,0.284,0.0376,3.51,67.6333,234.5536,0.2885,0.0518
2015-02-24T00:30:59.903Z,2.9491,73.7882,233.4889,0.3153,0.0401,3.4313,67.1688,234.2082,0.2869,0.0523,3.5252,67.1496,234.3256,0.2865,0.0534
2015-02-24T00:31:59.153Z,2.6047,74.1709,232.8526,0.3184,0.0357,3.327,67.0143,234.3033,0.2861,0.0498,3.054,68.2014,233.9249,0.2914,0.0452
2015-02-24T00:32:59.655Z,3.1845,73.3155,232.8227,0.3148,0.0432,3.2705,66.2987,233.8537,0.2834,0.0504,2.9249,66.6404,233.18,0.2859,0.0443
2015-02-24T00:33:59.606Z,3.078,73.3713,232.5344,0.3152,0.0414,2.6771,68.2275,233.7036,0.2921,0.0387,3.0592,67.5253,233.2455,0.2896,0.0447
2015-02-24T00:34:59.851Z,2.5804,72.5433,233.469,0.3108,0.0356,3.2722,67.0223,232.7501,0.288,0.048,3.0967,66.9063,232.4349,0.2882,0.0476
2015-02-24T00:35:59.031Z,2.6714,72.9251,232.6963,0.313,0.0361,3.5692,67.9396,231.9371,0.2921,0.0517,3.0696,65.1954,231.8612,0.2808,0.0472
2015-02-24T00:36:59.403Z,3.4416,73.3139,232.4876,0.3153,0.0484,3.0772,66.2363,231.6737,0.2858,0.0474,3.3538,67.0551,231.8534,0.2897,0.0492
2015-02-24T00:37:59.684Z,3.4933,72.67,231.7449,0.3137,0.0471,2.9263,66.3552,231.133,0.2876,0.0437,3.1651,65.9951,232.0076,0.2847,0.0489
2015-02-24T00:38:59.890Z,3.1366,71.5258,232.8935,0.3064,0.0449,2.8587,65.3458,232.5045,0.2813,0.0452,2.7431,64.0481,231.8278,0.2766,0.0437
2015-02-24T00:39:59.223Z,2.2712,72.9757,232.4878,0.3136,0.031,3.5639,68.0116,232.1472,0.2923,0.0509,2.9819,66.4231,231.2739,0.2869,0.0447
2015-02-24T00:40:59.586Z,2.6756,73.2235,232.4602,0.3151,0.0362,2.8343,67.7185,231.9988,0.2923,0.0416,3.8935,67.4876,231.2653,0.2922,0.0582
2015-02-24T00:41:59.862Z,3.5713,73.7204,232.9575,0.3159,0.0485,3.584,67.9721,232.5823,0.292,0.0539,2.8988,66.1141,231.7392,0.2857,0.0445
2015-02-24T00:42:59.177Z,4.1344,73.1329,233.6817,0.313,0.0587,3.0414,67.6812,233.1226,0.2909,0.0444,3.8856,66.1164,232.8493,0.2834,0.0576
2015-02-24T00:43:59.657Z,2.8853,72.1203,233.2282,0.3095,0.0411,3.2052,67.5066,233.0343,0.2893,0.0471,2.8744,67.5954,232.7438,0.2902,0.0437
2015-02-24T00:44:59.919Z,2.8651,73.8209,233.0976,0.3163,0.0386,3.5468,66.7767,233.2209,0.2865,0.0526,2.9895,67.3165,233.2117,0.2886,0.0459
2015-02-24T00:45:59.149Z,2.3758,73.5397,232.7809,0.3161,0.0321,4.027,67.1884,232.4534,0.2889,0.0601,3.3979,67.3919,233.3363,0.289,0.0499
2015-02-24T00:46:59.653Z,2.9686,73.292,232.7275,0.3142,0.0402,2.6977,67.5477,232.8582,0.2901,0.04,3.2092,66.9354,233.3897,0.2864,0.048
2015-02-24T00:47:59.343Z,3.3181,72.6973,231.9099,0.3128,0.0448,2.7633,67.3781,231.4876,0.2906,0.0411,3.3061,66.6528,233.8886,0.2848,0.0491
2015-02-24T00:48:59.690Z,2.6049,73.8812,233.1411,0.3172,0.0339,3.0129,66.6082,233.1582,0.2858,0.048,3.4327,67.0961,234.3988,0.2865,0.0525
2015-02-24T00:49:59.883Z,2.7818,72.5233,232.1726,0.3126,0.0378,3.5598,65.7703,233.3595,0.2822,0.0548,3.3103,65.2997,233.9825,0.2795,0.0544
2015-02-24T00:50:59.529Z,3.1258,73.6662,232.2342,0.3172,0.0428,3.0557,67.1749,232.9246,0.2881,0.0442,3.547,66.9176,233.7597,0.2863,0.0528
2015-02-24T00:51:59.763Z,2.6991,72.3561,232.0821,0.312,0.037,2.5987,67.4017,233.0004,0.2898,0.0392,2.5697,67.2428,234.0365,0.2872,0.0389
2015-02-24T00:52:59.980Z,2.5908,74.1135,232.886,0.318,0.0338,3.1065,65.9108,233.3803,0.2822,0.047,3.0503,67.8814,234.3578,0.2897,0.0459
2015-02-24T00:53:59.245Z,2.9823,72.9002,233.0454,0.312,0.0409,3.3048,67.1734,233.2392,0.2879,0.0484,3.1539,66.9668,234.5473,0.286,0.0484
2015-02-24T00:54:59.289Z,3.396,72.251,232.8553,0.3099,0.0476,2.6335,64.7434,233.1103,0.2779,0.0445,3.0611,66.8562,234.313,0.2859,0.0468
2015-02-24T00:55:59.692Z,2.7226,73.3084,232.8734,0.3142,0.0379,2.8224,67.3574,232.4351,0.2903,0.043,2.816,67.1442,234.1693,0.2869,0.0405
2015-02-24T00:56:59.101Z,2.8023,72.7658,232.6252,0.312,0.0377,3.4509,66.6437,231.7986,0.2876,0.0527,2.8733,66.2009,233.6513,0.2832,0.0432
2015-02-24T00:57:59.755Z,2.4078,72.7713,231.9434,0.3139,0.033,2.6601,67.8271,232.279,0.2926,0.0389,2.8618,67.7241,232.4471,0.2913,0.0421
2015-02-24T00:58:59.145Z,3.5424,74.2159,233.325,0.3181,0.0483,2.6649,68.2371,230.354,0.2967,0.0401,2.8871,66.6822,234.3274,0.2844,0.0434
2015-02-24T00:59:59.972Z,3.0838,74.435,233.1421,0.3192,0.0407,3.0337,65.9896,231.1215,0.2854,0.0458,3.54,68.2874,234.314,0.2914,0.0514
