2015-03-19T00:00:59.290Z,1333.0792,1688.4249,233.5082,7.2304,0.7899,1329.1019,1828.8709,232.3288,7.8712,0.7264,1691.0984,2193.3638,226.6473,9.6775,0.7711
2015-03-19T00:01:59.641Z,1270.7882,1638.7767,232.1966,7.0574,0.7753,1325.5532,1794.3688,231.8246,7.7397,0.7383,1703.2359,2232.8278,228.8121,9.7579,0.7618
2015-03-19T00:02:59.977Z,246.1355,367.0573,233.097,1.5816,0.218,243.507,389.6451,232.5847,1.6819,0.0324,433.6245,563.4244,230.823,2.457,0.6122
2015-03-19T00:03:59.542Z,6.835,72.8778,232.974,0.3127,0.0941,-7.8346,65.8887,232.5613,0.2834,-0.1201,11.015,66.77,232.7621,0.2867,0.1643
2015-03-19T00:04:59.757Z,5.5172,71.5905,232.143,0.3084,0.078,-7.4545,63.9767,232.2758,0.2757,-0.1197,11.6732,66.6117,232.8455,0.2862,0.1751
2015-03-19T00:05:59.052Z,5.4564,72.0729,231.9407,0.3103,0.0764,-7.6415,63.9755,231.9939,0.2756,-0.1213,11.2007,65.833,232.5817,0.2827,0.17
2015-03-19T00:06:59.791Z,5.4443,71.6123,232.3247,0.3084,0.0765,-6.8608,64.0698,232.0005,0.2763,-0.1086,11.522,67.5309,233.4361,0.2889,0.1715
2015-03-19T00:07:59.181Z,6.7703,71.8609,233.5878,0.3076,0.0958,-7.8134,64.9782,230.2961,0.2823,-0.1254,11.215,66.7832,234.8806,0.2844,0.1697
2015-03-19T00:08:59.418Z,5.9389,72.2565,232.8424,0.3103,0.0829,-7.1065,65.0143,231.9091,0.2805,-0.1097,11.6498,67.2709,234.4392,0.287,0.174
2015-03-19T00:09:59.718Z,5.6369,71.5762,232.3159,0.3078,0.0798,-6.941,66.3658,233.1091,0.2844,-0.1055,11.301,67.328,233.5692,0.2877,0.1684
2015-03-19T00:10:59.935Z,5.3998,72.4624,233.2112,0.3107,0.0765,-7.2307,65.3422,233.6036,0.28,-0.1114,11.6857,66.8767,234.1969,0.2863,0.1756
2015-03-19T00:11:59.311Z,5.986,70.7169,232.7391,0.3034,0.0848,-7.3472,65.6349,233.2988,0.2818,-0.1163,11.0757,65.8041,233.5837,0.2821,0.1732
2015-03-19T00:12:59.985Z,5.7751,71.4125,233.2724,0.3065,0.0833,-7.3995,65.6271,233.4251,0.2812,-0.1153,11.3398,66.1988,234.0205,0.2828,0.1738
2015-03-19T00:13:59.278Z,5.5659,71.6877,232.901,0.3076,0.0774,-7.433,66.162,232.9732,0.2839,-0.116,11.0502,67.9278,233.8268,0.2908,0.165
2015-03-19T00:14:59.679Z,5.0053,72.7077,233.1187,0.3121,0.068,-7.0108,66.1012,233.5153,0.283,-0.1062,11.4858,67.236,234.4486,0.2873,0.1713
2015-03-19T00:15:59.028Z,5.5869,72.1876,231.3738,0.312,0.078,-8.0596,65.4856,232.1342,0.2826,-0.1231,11.0029,66.6719,234.0898,0.2846,0.1658
2015-03-19T00:16:59.524Z,5.9665,70.7493,231.5709,0.3057,0.0846,-7.503,64.211,231.6703,0.2775,-0.1181,11.2829,66.3643,234.1701,0.283,0.1711
2015-03-19T00:17:59.831Z,5.6118,72.6132,232.6045,0.3121,0.0777,-6.8808,64.0192,230.5441,0.2777,-0.1092,11.7611,67.9878,235.7951,0.2886,0.1739
2015-03-19T00:18:59.333Z,6.3624,72.6461,233.7039,0.3111,0.089,-7.511,64.481,231.544,0.2786,-0.1159,10.8394,68.5473,235.1313,0.2913,0.1599
2015-03-19T00:19:59.233Z,5.831,72.5945,233.4553,0.3107,0.0814,-7.02,66.354,233.1552,0.2847,-0.108,11.3901,67.0921,234.6949,0.2858,0.1707
2015-03-19T00:20:59.672Z,5.4329,71.9865,233.7421,0.3081,0.0773,-7.1636,65.8836,232.7282,0.2835,-0.1107,11.3857,66.0896,233.5827,0.2826,0.1721
2015-03-19T00:21:59.943Z,5.9868,72.0064,233.9918,0.3076,0.0835,-7.4701,64.871,233.0634,0.2787,-0.1162,10.7765,65.9928,231.891,0.2846,0.1648
2015-03-19T00:22:59.687Z,5.7904,71.1649,233.4019,0.305,0.0827,-7.0492,66.0474,233.2592,0.2832,-0.111,11.5401,65.2636,231.8231,0.2811,0.1814
2015-03-19T00:23:59.147Z,5.4913,72.5479,232.7004,0.3118,0.0769,-7.5722,65.1292,232.4221,0.2801,-0.1172,10.9708,66.8647,231.5006,0.2892,0.1643
2015-03-19T00:24:59.511Z,5.2866,72.6889,232.5601,0.3126,0.0727,-7.2039,65.5301,232.0163,0.2827,-0.1113,11.0508,67.2064,231.7564,0.2905,0.1661
2015-03-19T00:25:59.177Z,5.3667,71.2874,232.1166,0.3069,0.0759,-7.3769,64.4697,231.6041,0.2778,-0.1164,11.2404,67.6916,231.8164,0.2924,0.167
2015-03-19T00:26:59.614Z,6.0799,71.8468,232.4739,0.3086,0.0845,-7.1572,64.9449,231.9346,0.2801,-0.109,10.9586,66.1832,231.678,0.2854,0.1666
2015-03-19T00:27:59.943Z,5.6875,72.5575,232.9581,0.3111,0.0803,-7.4544,65.1511,231.8658,0.2808,-0.1146,11.6195,67.1496,232.9398,0.2884,0.1736
2015-03-19T00:28:59.373Z,5.7976,71.4019,232.8864,0.3064,0.0818,-7.4332,65.9781,231.1073,0.2856,-0.1143,10.9491,66.022,231.5158,0.2852,0.1666
2015-03-19T00:29:59.756Z,6.8222,71.3514,232.9453,0.3059,0.0967,-7.7858,65.7322,231.3436,0.2842,-0.1204,11.2553,66.9322,232.0829,0.2882,0.1686
2015-03-19T00:30:59.182Z,6.9648,73.466,233.6491,0.3146,0.095,-7.9977,66.0722,230.5931,0.2866,-0.1229,11.0724,65.8187,233.3293,0.282,0.1676
2015-03-19T00:31:59.488Z,7.5696,73.8434,234.061,0.3152,0.1036,-7.4692,64.5742,229.3707,0.2819,-0.1164,11.6753,66.1321,234.0385,0.2826,0.1778
2015-03-19T00:32:59.716Z,6.9232,72.0504,233.818,0.3082,0.0973,-7.8891,64.8392,232.2032,0.2792,-0.1234,11.4252,68.7942,233.9846,0.2941,0.168
2015-03-19T00:33:59.987Z,7.1098,71.7354,233.3691,0.3077,0.0999,-7.868,65.9945,232.7068,0.2836,-0.1198,11.2403,66.8479,233.8647,0.2854,0.1678
2015-03-19T00:34:59.327Z,6.8493,73.2744,234.025,0.3129,0.0929,-7.6281,66.0489,233.8126,0.2823,-0.1163,11.2806,67.8582,234.3512,0.2899,0.1668
2015-03-19T00:35:59.042Z,6.8003,72.0957,233.3379,0.3087,0.0959,-7.4319,65.9157,233.1264,0.2829,-0.1164,10.8108,67.4297,233.5429,0.2883,0.1629
2015-03-19T00:36:59.257Z,7.3165,71.0293,234.0911,0.3033,0.1055,-7.7853,63.6603,233.5637,0.2727,-0.1281,10.8608,66.6235,233.8345,0.2854,0.1676
2015-03-19T00:37:59.145Z,7.086,71.8195,234.3305,0.3059,0.1003,-7.8847,68.2276,234.2157,0.2912,-0.1195,11.279,66.1398,234.22,0.2823,0.1719
2015-03-19T00:38:59.327Z,7.0184,71.921,233.7242,0.3074,0.0993,-8.01,66.2593,233.969,0.2832,-0.1209,11.3475,67.2169,233.6981,0.2876,0.1705
2015-03-19T00:39:59.578Z,6.7241,71.712,232.2334,0.3086,0.0943,-7.7808,65.223,232.0672,0.281,-0.1212,11.1523,67.5082,232.0443,0.2912,0.1653
2015-03-19T00:40:59.279Z,7.4471,72.3617,232.5767,0.3111,0.1028,-8.0949,64.3782,232.3714,0.277,-0.1258,11.7436,65.97,232.4524,0.2841,0.178
2015-03-19T00:41:59.584Z,7.0582,72.527,233.3153,0.3111,0.098,-7.3541,65.0623,232.1374,0.28,-0.1175,11.3027,66.9777,232.6251,0.2881,0.1737
2015-03-19T00:42:59.864Z,6.9266,73.2815,233.5536,0.3139,0.0954,-7.795,67.0359,232.5458,0.2886,-0.1165,10.9712,66.1457,232.4435,0.2845,0.1668
2015-03-19T00:43:59.080Z,6.8271,72.0325,233.0361,0.3091,0.096,-7.3944,65.0171,232.364,0.28,-0.1143,10.8762,65.994,232.2671,0.284,0.1656
2015-03-19T00:44:59.718Z,7.1365,72.574,233.0796,0.3114,0.1001,-7.8148,66.0321,232.1312,0.2842,-0.1203,11.8783,67.1277,231.9864,0.2898,0.178
2015-03-19T00:45:59.099Z,7.1947,70.9096,232.5078,0.3046,0.1024,-8.065,64.5956,231.5407,0.2797,-0.1241,11.381,67.6427,231.3159,0.2924,0.1682
2015-03-19T00:46:59.319Z,7.0454,70.2656,232.4534,0.302,0.1025,-7.3348,63.9493,232.0336,0.2758,-0.1203,11.1815,65.6064,231.8016,0.2826,0.1809
2015-03-19T00:47:59.690Z,7.2282,72.6593,233.032,0.3118,0.101,-7.4447,65.0524,232.26,0.2799,-0.1168,10.5891,66.8303,232.3246,0.2878,0.1604
2015-03-19T00:48:59.109Z,7.1087,71.9063,232.1317,0.3097,0.0992,-6.8134,66.4498,231.6588,0.2872,-0.1058,11.265,66.7403,232.4821,0.2873,0.1694
2015-03-19T00:49:59.650Z,6.5874,72.5326,231.8747,0.3127,0.0911,-7.6824,64.4288,231.2992,0.2785,-0.1189,11.2563,66.8934,232.1663,0.2882,0.1689
2015-03-19T00:50:59.919Z,6.4965,71.7827,231.836,0.3101,0.0908,-7.5941,65.0007,231.114,0.2809,-0.1223,11.3527,66.1396,231.7627,0.2852,0.1736
2015-03-19T00:51:59.367Z,7.183,69.6153,231.4357,0.3007,0.1058,-7.6743,63.6031,230.8739,0.2758,-0.1266,10.9136,65.2084,231.8344,0.281,0.1737
2015-03-19T00:52:59.740Z,6.6717,71.5805,231.3821,0.309,0.0954,-7.7845,65.7605,230.6274,0.2852,-0.1195,11.035,64.5775,231.5611,0.279,0.1728
2015-03-19T00:53:59.004Z,6.8576,71.7099,231.1798,0.31,0.0983,-7.7098,66.0636,230.5493,0.2867,-0.119,11.0472,65.9331,231.7287,0.2847,0.1674
2015-03-19T00:54:59.219Z,7.088,71.5924,230.874,0.3095,0.1003,-7.6546,65.5479,231.154,0.2834,-0.1174,10.977,66.8101,232.0536,0.2878,0.165
2015-03-19T00:55:59.116Z,6.9457,70.5356,230.5121,0.3061,0.1012,-7.5502,65.1417,230.826,0.282,-0.1224,10.7596,64.5878,231.8111,0.2788,0.169
2015-03-19T00:56:59.405Z,7.1857,72.9384,229.4997,0.3177,0.0998,-7.9555,65.0121,231.2435,0.2809,-0.1223,10.8622,65.899,232.1407,0.2837,0.1652
2015-03-19T00:57:59.381Z,5.7587,71.0237,230.4042,0.3086,0.0813,-7.0641,64.6154,231.3803,0.2792,-0.111,11.1736,67.6591,232.2738,0.2914,0.166
2015-03-19T00:58:59.689Z,6.4674,72.5914,230.7329,0.3145,0.091,-7.3273,65.1869,232.1601,0.281,-0.114,11.6786,67.8709,232.8612,0.2919,0.1726
2015-03-19T00:59:59.260Z,7.2661,72.7957,231.6637,0.314,0.101,-7.7274,66.002,232.2703,0.2839,-0.1189,10.9367,68.575,233.2251,0.2938,0.1599
