2015-01-04T00:00:59.933Z,4.9599,44.3781,230.5018,0.1929,0.1138,2.5632,32.4836,233.4076,0.139,0.0802,82.3877,89.094,232.3342,0.3831,0.9253
2015-01-04T00:01:59.849Z,4.2737,45.3927,229.2891,0.1986,0.0943,2.7307,34.2099,233.9484,0.1459,0.0787,82.9051,90.5512,232.3849,0.3899,0.9179
2015-01-04T00:02:59.555Z,4.9082,44.9699,228.7735,0.1966,0.1082,2.666,35.0019,233.9767,0.1493,0.0789,82.037,88.9168,232.3514,0.3826,0.9244
2015-01-04T00:03:59.096Z,4.982,44.6103,228.8024,0.1947,0.1084,2.6213,35.8773,234.3169,0.1533,0.0737,83.1839,91.0823,232.6264,0.3918,0.9159
2015-01-04T00:04:59.195Z,4.8433,43.8393,229.2519,0.191,0.11,3.1896,34.8043,234.2432,0.1482,0.0933,82.458,89.6588,232.7963,0.3851,0.9204
2015-01-04T00:05:59.635Z,5.1927,46.4365,230.319,0.2015,0.1145,2.3887,35.5953,233.4496,0.1524,0.072,83.1498,91.4129,232.6965,0.3924,0.9127
2015-01-04T00:06:59.828Z,4.9427,44.4417,230.1185,0.1935,0.1124,1.6525,33.9503,233.198,0.1458,0.0613,82.4895,90.2268,232.0026,0.389,0.9161
2015-01-04T00:07:59.645Z,4.7111,46.4076,227.692,0.2037,0.101,3.016,37.9661,232.8574,0.1627,0.0834,82.2822,87.7722,232.5941,0.3768,0.9382
2015-01-04T00:08:59.749Z,4.0785,44.1599,227.1273,0.1944,0.0913,2.7521,37.468,232.4891,0.1616,0.0711,82.6212,90.4273,232.4614,0.3889,0.9152
2015-01-04T00:09:59.112Z,4.1278,42.553,227.3028,0.1878,0.0953,2.2944,33.4982,232.2401,0.1433,0.0752,82.4176,90.3408,232.2954,0.3891,0.915
2015-01-04T00:10:59.658Z,4.8362,44.6419,228.7431,0.1949,0.1071,2.2661,33.8251,233.1357,0.1456,0.0696,82.5082,90.2461,232.397,0.3877,0.9163
2015-01-04T00:11:59.041Z,5.2155,45.1686,230.2847,0.1959,0.1121,2.806,33.5038,233.3932,0.1437,0.089,82.1737,89.612,232.2432,0.3858,0.9188
2015-01-04T00:12:59.214Z,4.8032,46.032,230.9018,0.1992,0.1034,2.7259,33.0603,232.3351,0.1421,0.0858,82.4567,88.9329,232.4808,0.3823,0.9282
2015-01-04T00:13:59.427Z,4.0515,43.5354,230.5426,0.1889,0.0946,2.5636,35.0182,232.2982,0.1515,0.0665,82.9843,92.9964,232.1414,0.4009,0.8959
2015-01-04T00:14:59.233Z,4.8247,43.7057,231.5343,0.1887,0.1081,2.6235,35.2338,232.079,0.1516,0.0804,82.4222,91.1875,231.4215,0.3942,0.906
2015-01-04T00:15:59.144Z,5.2013,45.2355,231.4243,0.1956,0.1126,2.5874,33.7008,231.3034,0.1456,0.0774,81.092,88.5321,230.7903,0.3837,0.9185
2015-01-04T00:16:59.628Z,5.1169,47.2801,231.4998,0.2044,0.1073,2.4856,30.8836,230.9452,0.1336,0.083,80.8493,87.5246,230.3345,0.3804,0.9245
2015-01-04T00:17:59.464Z,4.5026,44.2795,230.976,0.1919,0.099,2.7781,29.0758,231.4687,0.1256,0.098,80.4959,86.6795,229.9095,0.3768,0.929
2015-01-04T00:18:59.514Z,5.0351,45.4996,231.161,0.1965,0.1081,2.1344,32.5687,229.692,0.1416,0.069,81.4547,89.4698,230.4367,0.3882,0.9131
2015-01-04T00:19:59.767Z,4.8391,45.1659,231.2071,0.1954,0.1068,2.2843,33.6951,228.9765,0.1468,0.0695,81.701,88.6908,231.5062,0.3832,0.9222
2015-01-04T00:20:59.607Z,4.2371,44.6207,231.6456,0.1934,0.0954,2.4625,32.6192,230.8562,0.1412,0.079,82.8201,91.347,232.0395,0.3934,0.9088
2015-01-04T00:22:59.412Z,4.6145,45.2725,231.2537,0.1962,0.1009,2.7883,34.6134,231.8273,0.1492,0.0856,82.0999,89.3018,231.9105,0.3851,0.9214
2015-01-04T00:23:59.983Z,5.0665,44.5015,231.3565,0.1928,0.1122,2.2227,36.6501,231.9448,0.1584,0.0672,82.8123,90.61,231.7812,0.391,0.9159
2015-01-04T00:24:59.092Z,4.0656,47.0888,231.0962,0.2038,0.0873,2.5244,34.5108,232.1742,0.1485,0.0733,81.733,87.9654,231.6617,0.3796,0.9304
2015-01-04T00:25:59.226Z,4.2902,44.7212,231.271,0.1934,0.096,2.4884,35.7754,232.2266,0.154,0.0708,82.1254,90.1599,231.4999,0.3899,0.9131
2015-01-04T00:26:59.396Z,5.1398,45.028,231.1814,0.1947,0.1127,2.4285,32.3358,229.3966,0.1414,0.0812,81.6334,88.5098,231.4434,0.3828,0.9234
2015-01-04T00:27:59.054Z,5.2963,45.0007,230.3392,0.1958,0.1154,1.9364,37.5298,229.2928,0.1636,0.0587,82.1501,90.057,231.5907,0.389,0.9138
2015-01-04T00:29:59.328Z,5.0513,44.6293,230.5764,0.1936,0.1136,2.3297,32.6077,232.4493,0.14,0.0775,80.5855,87.5993,229.2175,0.3818,0.9224
2015-01-04T00:30:59.737Z,5.1934,46.8442,231.2947,0.2032,0.1109,2.4415,33.0139,232.5917,0.1422,0.079,81.9085,89.2865,231.4133,0.3861,0.9193
2015-01-04T00:31:59.177Z,4.6018,44.4674,231.2546,0.1923,0.1074,2.9443,36.7036,232.66,0.158,0.0803,81.5168,88.1078,231.1653,0.381,0.926
2015-01-04T00:32:59.274Z,4.6397,47.6843,231.163,0.2064,0.097,2.7975,34.4754,232.0997,0.1484,0.0858,81.4262,87.2989,231.2053,0.3779,0.9337
2015-01-04T00:33:59.026Z,5.0414,46.2126,231.5843,0.2002,0.1102,2.0437,31.885,232.7993,0.137,0.0681,82.5218,90.6421,231.9908,0.3908,0.913
2015-01-04T00:34:59.079Z,4.929,45.6182,230.9763,0.1975,0.1074,2.671,38.0554,232.6256,0.1633,0.074,81.9454,89.2495,231.5108,0.3857,0.921
2015-01-04T00:35:59.226Z,4.7638,44.6537,230.707,0.1938,0.1068,2.2178,33.5272,231.7192,0.145,0.0666,82.4579,91.0968,231.5004,0.393,0.909
2015-01-04T00:36:59.439Z,4.811,44.9578,230.9095,0.1953,0.1069,2.0221,33.2938,229.2399,0.1455,0.0623,81.9464,89.0177,231.8823,0.384,0.922
2015-01-04T00:37:59.862Z,4.5759,44.0023,229.7862,0.1912,0.1041,2.267,33.7995,230.9256,0.146,0.0774,81.8171,89.2775,231.3796,0.3856,0.9185
2015-01-04T00:39:59.844Z,5.1456,44.4016,229.2875,0.1934,0.1135,2.3422,31.2082,232.2365,0.1341,0.0785,82.1192,88.6773,231.9293,0.3821,0.9276
2015-01-04T00:40:59.518Z,4.7863,45.5658,230.8955,0.1977,0.1073,2.3949,39.8938,233.4575,0.1702,0.0664,82.3005,89.514,231.6749,0.3859,0.9211
2015-01-04T00:41:59.675Z,5.2662,45.0126,230.6843,0.1948,0.1184,2.6369,35.8115,233.1053,0.1537,0.0719,82.5866,90.137,232.5091,0.3876,0.9186
2015-01-04T00:42:59.425Z,4.8261,45.8167,231.5851,0.1977,0.1049,2.8678,36.7109,232.2703,0.158,0.0827,82.1117,88.3216,232.2311,0.3806,0.9303
2015-01-04T00:43:59.635Z,4.9058,45.1853,232.1762,0.1945,0.1076,2.3788,36.6614,232.0822,0.1578,0.0654,83.1543,90.4968,233.0079,0.388,0.9209
2015-01-04T00:44:59.842Z,5.2554,46.8452,232.5009,0.2013,0.1125,2.3184,32.8169,231.8215,0.1415,0.0745,83.0596,90.4296,233.0919,0.3877,0.9204
2015-01-04T00:45:59.808Z,4.7137,44.8868,232.2411,0.1931,0.1044,2.4164,33.2327,231.7984,0.1441,0.0771,82.8884,91.3552,233.0509,0.3919,0.9099
2015-01-04T00:46:59.420Z,4.9796,45.8459,232.2411,0.1977,0.1066,2.6114,33.4727,231.3179,0.1447,0.0821,82.796,89.8569,232.2909,0.3871,0.923
2015-01-04T00:47:59.394Z,5.264,47.004,232.5852,0.202,0.1129,2.6243,37.2096,230.992,0.1616,0.0756,82.7122,89.216,232.0992,0.3842,0.9277
2015-01-04T00:48:59.793Z,4.7646,45.3993,232.2716,0.1952,0.1024,2.4751,32.8243,229.458,0.1428,0.0803,82.6636,90.3827,232.4239,0.3886,0.9171
2015-01-04T00:49:59.924Z,3.9744,44.97,231.577,0.1947,0.0874,1.9764,34.2191,228.5662,0.1497,0.061,83.4619,91.9898,233.4187,0.3941,0.9093
2015-01-04T00:50:59.276Z,4.8867,44.1898,230.8606,0.1911,0.1084,2.2051,39.0248,232.7732,0.1674,0.0651,83.1976,90.8227,233.6253,0.3888,0.9186
2015-01-04T00:51:59.400Z,5.383,45.5225,231.0754,0.1968,0.1179,2.1271,33.5108,233.333,0.1436,0.0742,83.3567,90.3821,233.5338,0.3874,0.9235
2015-01-04T00:52:59.814Z,4.6441,45.7029,231.2653,0.1975,0.1026,2.6267,37.9399,233.1923,0.1628,0.0743,82.8698,89.2761,233.4601,0.3825,0.9288
2015-01-04T00:53:59.345Z,4.3568,44.2637,231.327,0.1914,0.0986,2.7677,34.8322,232.984,0.1498,0.0834,82.6443,90.2044,233.5927,0.386,0.9176
2015-01-04T00:54:59.897Z,4.9864,45.0159,231.1159,0.1951,0.1116,2.4608,31.7016,232.1958,0.1367,0.0817,83.3582,90.8141,233.0092,0.39,0.9199
2015-01-04T00:55:59.760Z,4.9974,47.2682,232.447,0.2031,0.1044,2.6732,36.4356,231.9408,0.157,0.0787,82.7276,89.5179,233.0188,0.3841,0.9249
2015-01-04T00:56:59.842Z,4.3826,45.5387,232.1756,0.196,0.0949,2.9598,35.1252,231.4929,0.151,0.0858,82.4444,88.9738,232.501,0.383,0.9276
2015-01-04T00:57:59.864Z,5.3204,46.5422,232.4501,0.2005,0.1145,2.9345,34.4348,230.7514,0.149,0.0893,82.1154,88.3069,232.3227,0.38,0.9309
2015-01-04T00:58:59.217Z,4.9007,45.6351,232.6289,0.196,0.1073,2.5021,37.6626,230.2841,0.1631,0.0709,82.0039,89.1454,231.4062,0.3848,0.9219
2015-01-04T00:59:59.136Z,4.4131,44.7793,232.8124,0.1924,0.0957,2.7505,34.6222,230.5344,0.1508,0.0824,81.9163,88.829,231.5371,0.3834,0.9241
