2015-03-25T00:00:59.683Z,6.7778,67.696,231.1146,0.2933,0.1024,-7.4224,60.9598,231.2784,0.2628,-0.1229,10.8073,62.8882,233.6513,0.2692,0.1728
2015-03-25T00:01:59.940Z,7.0048,69.6275,230.9745,0.3015,0.102,-7.2365,60.2787,231.0077,0.2601,-0.1226,11.3473,63.4724,233.1151,0.2716,0.1818
2015-03-25T00:02:59.239Z,7.2698,68.4749,230.3796,0.2974,0.108,-7.4939,62.2161,230.5827,0.2703,-0.1248,11.0846,62.7602,232.605,0.2699,0.1799
2015-03-25T00:03:59.536Z,6.7402,68.6836,229.9911,0.2985,0.0986,-7.5207,62.0884,230.5298,0.2695,-0.1232,10.7686,63.604,233.2732,0.2723,0.1695
2015-03-25T00:04:59.774Z,6.3919,68.6335,229.8712,0.2982,0.0936,-7.3486,61.9669,231.3263,0.268,-0.1209,11.2069,63.751,233.8804,0.2726,0.1764
2015-03-25T00:05:59.044Z,6.823,69.6914,231.456,0.301,0.0982,-7.4243,62.7212,231.9006,0.2706,-0.1199,11.3114,65.1342,234.3079,0.2777,0.174
2015-03-25T00:06:59.353Z,6.7693,69.2413,231.6293,0.2991,0.0984,-8.1399,62.7849,231.0178,0.2713,-0.1324,10.7534,65.1818,232.7798,0.2799,0.1658
2015-03-25T00:07:59.469Z,6.6881,69.3287,231.6352,0.2991,0.0971,-7.9054,60.8936,229.4646,0.2657,-0.1308,11.2487,62.9126,230.7379,0.2731,0.1782
2015-03-25T00:08:59.691Z,7.207,70.1291,231.0008,0.3037,0.1042,-7.829,61.3733,227.2012,0.2705,-0.1291,11.5011,64.9595,233.1549,0.2787,0.1778
2015-03-25T00:09:59.997Z,7.1552,67.9124,230.0583,0.295,0.1059,-7.5943,61.0629,229.4171,0.2666,-0.1264,11.0413,62.2284,232.3378,0.2675,0.1786
2015-03-25T00:10:59.244Z,7.3565,67.2084,229.6419,0.2926,0.1122,-7.5293,62.0079,229.6887,0.2696,-0.1239,10.9756,62.1098,232.3752,0.2671,0.1797
2015-03-25T00:11:59.797Z,6.6235,69.7013,230.0033,0.3035,0.0971,-7.6436,62.0433,229.7025,0.2702,-0.1242,11.215,63.9515,232.475,0.2755,0.1759
2015-03-25T00:12:59.022Z,7.1264,69.1014,230.3026,0.2992,0.1054,-7.0016,62.5349,230.8477,0.2707,-0.1139,11.3583,64.384,233.1298,0.2758,0.1777
2015-03-25T00:13:59.257Z,6.8881,69.2641,229.5431,0.3014,0.101,-7.5952,63.62,231.1286,0.2753,-0.1223,11.1892,64.2056,232.843,0.2756,0.1755
2015-03-25T00:14:59.416Z,6.9708,68.3671,229.2403,0.2984,0.102,-7.5555,61.8933,231.3786,0.2676,-0.121,11.0791,63.3986,232.8533,0.2719,0.1745
2015-03-25T00:15:59.572Z,6.4913,69.0199,229.358,0.301,0.0942,-7.3809,60.7109,231.2505,0.2631,-0.1227,10.9747,63.3981,232.8195,0.2729,0.1747
2015-03-25T00:16:59.808Z,6.5489,67.9467,228.9849,0.2964,0.0968,-7.3553,61.0925,230.5626,0.2647,-0.1221,10.6674,64.4832,232.3475,0.278,0.1664
2015-03-25T00:17:59.302Z,5.8632,67.9597,229.048,0.2965,0.0868,-7.0859,62.5916,231.4616,0.2701,-0.1157,11.3625,63.6233,232.4225,0.2738,0.1789
2015-03-25T00:18:59.687Z,5.1975,69.4169,230.9696,0.3005,0.0762,-7.2266,62.6073,231.7126,0.2707,-0.1166,11.0289,64.8682,232.7873,0.2784,0.172
2015-03-25T00:19:59.999Z,5.5921,69.8867,231.213,0.302,0.0801,-6.9774,62.4075,231.7721,0.2696,-0.1125,11.3195,65.7896,232.922,0.2825,0.1733
2015-03-25T00:20:59.304Z,5.1593,69.9879,231.458,0.3024,0.0747,-7.4328,63.7614,231.82,0.2754,-0.1179,11.5274,64.9619,231.917,0.2803,0.177
2015-03-25T00:21:59.617Z,6.2817,70.6807,231.8618,0.3049,0.0899,-7.1142,62.5739,231.6109,0.2707,-0.1171,11.061,63.9278,231.4992,0.2763,0.1764
2015-03-25T00:22:59.062Z,6.2311,70.9443,231.685,0.3062,0.0893,-7.1603,63.5392,231.2537,0.2749,-0.1154,11.4651,62.3048,231.2789,0.2694,0.1846
2015-03-25T00:23:59.226Z,5.3796,68.9934,232.4484,0.2969,0.079,-7.3002,60.9671,230.7907,0.2634,-0.1214,11.3068,63.5145,232.2951,0.2731,0.1792
2015-03-25T00:24:59.545Z,5.941,69.8216,233.0303,0.2995,0.0852,-7.0802,63.2859,230.7432,0.2737,-0.1127,11.0499,62.8213,231.9759,0.2705,0.1772
2015-03-25T00:25:59.828Z,5.4232,70.386,232.9432,0.3014,0.0777,-7.4211,62.3801,229.133,0.2718,-0.1192,11.0898,64.3856,232.6614,0.2767,0.1735
2015-03-25T00:26:59.046Z,6.5644,69.4639,232.622,0.2986,0.095,-8.1957,60.992,228.5681,0.2667,-0.1361,11.4964,63.1429,232.4568,0.2718,0.1851
2015-03-25T00:27:59.415Z,5.5315,68.5457,231.5916,0.2962,0.081,-7.16,62.122,231.8258,0.2682,-0.1167,11.1976,64.8685,232.9119,0.2781,0.1746
2015-03-25T00:28:59.658Z,5.5326,70.1945,231.834,0.3023,0.0792,-7.8281,63.5547,231.9741,0.2741,-0.1257,11.7889,64.3421,232.966,0.2763,0.1834
2015-03-25T00:29:59.900Z,5.3513,69.2343,231.8164,0.2989,0.0789,-7.2821,62.3652,232.2424,0.2684,-0.1191,11.1974,63.3084,233.0473,0.2715,0.1775
2015-03-25T00:30:59.284Z,5.4176,70.3233,231.3128,0.3039,0.0773,-7.0909,62.72,232.0647,0.2703,-0.1128,11.5373,62.6956,232.424,0.2696,0.1857
2015-03-25T00:31:59.650Z,5.8921,68.5169,231.5068,0.2951,0.0876,-7.3527,61.6432,232.0281,0.2653,-0.1219,11.976,63.2802,232.4696,0.2725,0.1915
2015-03-25T00:32:59.925Z,5.703,69.5465,231.504,0.3004,0.0835,-6.9136,63.5701,231.8314,0.2741,-0.1102,11.708,64.5847,232.0249,0.2788,0.1814
2015-03-25T00:33:59.093Z,5.5802,69.8318,232.5529,0.3002,0.0813,-7.2089,62.3645,232.1729,0.2685,-0.1166,10.8598,63.2189,231.8291,0.273,0.173
2015-03-25T00:34:59.463Z,5.3907,69.6889,233.0991,0.2989,0.0768,-7.3346,62.9439,232.1908,0.2708,-0.1176,11.3998,63.5667,231.8177,0.2743,0.1796
2015-03-25T00:35:59.912Z,6.0353,68.7942,232.352,0.296,0.0873,-7.2179,63.5175,231.512,0.2749,-0.1173,11.4751,64.4104,231.6101,0.2782,0.1842
2015-03-25T00:36:59.133Z,5.3178,68.3256,232.8113,0.2933,0.0789,-7.4037,61.4791,230.7994,0.2659,-0.1252,11.4637,62.2832,231.4822,0.2696,0.1897
2015-03-25T00:37:59.303Z,5.5134,69.4851,232.5346,0.2989,0.08,-7.0921,60.6209,230.8687,0.2624,-0.1177,10.881,63.8078,231.5067,0.2753,0.1709
2015-03-25T00:38:59.651Z,5.6054,70.1157,231.1366,0.304,0.08,-7.4043,62.2154,231.7425,0.2682,-0.1205,11.1809,63.1674,231.9262,0.2725,0.1793
2015-03-25T00:39:59.942Z,6.017,70.7738,231.3847,0.3058,0.0858,-6.9507,62.3692,231.8873,0.2695,-0.1124,10.9856,63.3182,232.7586,0.2715,0.1745
2015-03-25T00:40:59.225Z,5.1571,68.7247,231.7376,0.2967,0.076,-7.0773,60.8462,231.7552,0.2627,-0.1211,11.255,63.4092,232.7651,0.272,0.1818
2015-03-25T00:41:59.409Z,5.4075,69.8447,232.872,0.3,0.0779,-6.8671,62.1408,231.863,0.2678,-0.1164,10.9323,62.6137,233.0522,0.268,0.1776
2015-03-25T00:42:59.653Z,5.5197,70.3758,233.4353,0.3012,0.0788,-6.9803,63.574,232.5941,0.273,-0.1112,11.1341,64.0478,233.6814,0.2741,0.1752
2015-03-25T00:43:59.958Z,5.7992,69.6454,232.6359,0.2992,0.0846,-7.8658,63.3296,231.8776,0.2732,-0.1257,11.0826,63.8415,233.0656,0.2737,0.174
2015-03-25T00:44:59.374Z,5.9183,69.0141,232.2859,0.2972,0.0871,-7.2111,62.2589,230.9882,0.2693,-0.1196,10.9631,63.1733,232.4329,0.2716,0.1738
2015-03-25T00:45:59.610Z,5.6125,68.391,231.709,0.2947,0.0836,-7.3516,62.6427,230.4777,0.272,-0.1196,11.4445,63.5963,232.0115,0.2745,0.1833
2015-03-25T00:46:59.932Z,5.0386,69.0423,231.0129,0.299,0.074,-7.3155,61.8563,230.0787,0.2685,-0.1202,11.088,63.9298,232.3624,0.2749,0.1738
2015-03-25T00:47:59.298Z,5.5282,69.1142,229.6884,0.3008,0.0801,-7.1624,62.398,230.4422,0.2708,-0.1181,11.2091,62.6767,232.9111,0.2691,0.1801
2015-03-25T00:48:59.466Z,5.468,69.0516,230.1756,0.2996,0.0788,-6.9051,62.5015,231.5237,0.2701,-0.1115,10.7854,64.8127,233.1278,0.2778,0.1667
2015-03-25T00:49:59.774Z,4.9213,69.6768,230.0663,0.3024,0.0721,-7.4723,63.3637,231.044,0.2742,-0.119,11.5787,64.335,232.899,0.2762,0.1827
2015-03-25T00:50:59.116Z,5.6412,68.811,230.6383,0.2983,0.0821,-7.6532,60.6079,228.3521,0.265,-0.1293,11.7056,64.3704,233.8041,0.2754,0.1822
2015-03-25T00:51:59.331Z,5.8245,69.5923,231.1601,0.301,0.0835,-7.0798,61.6311,227.2184,0.2711,-0.1158,10.9553,64.1357,233.4125,0.2747,0.172
2015-03-25T00:52:59.552Z,5.2213,68.7737,230.4441,0.2985,0.0763,-7.2547,62.4114,229.268,0.2723,-0.1186,11.5731,63.989,231.7524,0.276,0.1803
2015-03-25T00:53:59.870Z,4.9901,69.5882,230.0572,0.3025,0.0725,-6.8197,62.5867,229.6943,0.2717,-0.1107,10.839,63.6047,231.5784,0.2746,0.1724
2015-03-25T00:54:59.235Z,5.8678,68.9437,230.5729,0.2991,0.086,-6.9701,62.9617,230.0075,0.2743,-0.1134,11.3528,63.0958,231.6546,0.2721,0.1804
2015-03-25T00:55:59.507Z,5.6163,67.948,230.1226,0.2951,0.0837,-7.3588,60.7183,229.3799,0.2649,-0.1259,10.6646,63.7964,231.3287,0.276,0.1708
2015-03-25T00:56:59.873Z,4.7945,69.4958,229.808,0.3018,0.0695,-6.9552,62.9135,229.6246,0.2738,-0.111,11.0799,63.7007,230.4009,0.2764,0.1752
2015-03-25T00:57:59.070Z,5.4994,68.5377,230.58,0.2976,0.0811,-7.5888,62.0079,230.1686,0.2694,-0.1231,11.3827,63.2218,231.083,0.2734,0.1816
2015-03-25T00:58:59.352Z,5.8419,68.5203,231.8766,0.2954,0.0856,-7.4741,63.0107,230.9558,0.2722,-0.1193,11.1637,64.5643,232.8454,0.2774,0.1743
2015-03-25T00:59:59.680Z,5.342,69.5052,231.755,0.2999,0.0778,-7.4732,62.0105,231.2878,0.2683,-0.1202,11.6023,65.4614,232.2442,0.2818,0.1777
2015-03-25T01:00:59.889Z,5.4382,68.4757,232.0745,0.2952,0.0813,-7.8171,61.7168,231.4118,0.2664,-0.1276,11.0193,62.9813,232.1541,0.2714,0.177
2015-03-25T01:01:59.370Z,5.0132,70.1578,232.2533,0.3018,0.0719,-7.4161,63.4012,232.0591,0.2738,-0.118,11.3589,64.5082,232.552,0.2774,0.1769
2015-03-25T01:02:59.662Z,5.7771,70.6299,232.3802,0.3043,0.0824,-7.2989,61.6956,231.3714,0.2668,-0.1182,11.7738,64.0563,232.2091,0.2758,0.1848
2015-03-25T01:03:59.832Z,5.7257,69.1526,233.1318,0.297,0.0832,-7.062,62.3757,231.5097,0.2692,-0.1155,11.0682,63.1098,230.3748,0.2738,0.1772
2015-03-25T01:04:59.999Z,6.4919,69.0275,232.7118,0.297,0.0947,-7.7043,61.4757,230.9589,0.2665,-0.1256,11.1952,64.4336,230.7886,0.2797,0.1735
2015-03-25T01:05:59.224Z,7.2902,69.2442,232.3594,0.2978,0.1081,-8.0435,61.8704,230.2122,0.2692,-0.1319,11.3633,63.3666,229.8324,0.2757,0.1799
2015-03-25T01:06:59.547Z,6.8961,69.1688,231.7342,0.2984,0.1011,-7.2876,61.9439,230.3365,0.269,-0.1209,10.6725,60.702,228.6103,0.2654,0.1797
2015-03-25T01:07:59.919Z,7.1359,69.8115,231.6293,0.3013,0.1027,-7.803,63.1036,230.5351,0.2738,-0.1238,11.0445,63.1608,228.5677,0.2765,0.1752
2015-03-25T01:08:59.081Z,6.6346,69.8864,231.7248,0.3016,0.096,-7.7431,62.3164,231.1817,0.2699,-0.1263,11.0367,63.9634,230.8782,0.2771,0.175
2015-03-25T01:09:59.317Z,6.9556,68.251,230.5315,0.296,0.1034,-7.9757,62.5454,231.1557,0.2708,-0.1312,11.1229,63.0551,231.1959,0.2725,0.1801
2015-03-25T01:10:59.543Z,6.8154,69.2102,230.2627,0.3001,0.0993,-7.9629,62.1151,230.4703,0.2695,-0.129,11.1738,64.3809,230.8195,0.2789,0.1753
2015-03-25T01:11:59.847Z,7.2627,68.6126,230.4779,0.2979,0.1064,-7.294,62.371,230.7014,0.2703,-0.1195,10.7321,62.231,231.3545,0.2692,0.1734
2015-03-25T01:12:59.255Z,6.0004,68.7363,231.1192,0.2976,0.0878,-7.4352,61.9724,230.2332,0.2691,-0.1227,11.1626,62.691,231.3363,0.2709,0.1792
2015-03-25T01:13:59.408Z,6.9498,70.1095,231.5791,0.3025,0.1004,-7.964,60.6932,230.1232,0.2638,-0.1316,11.1911,62.4174,231.1024,0.2701,0.18
2015-03-25T01:14:59.609Z,7.2374,68.9905,231.9787,0.2976,0.1051,-8.1151,60.1818,230.6889,0.261,-0.1347,11.2812,63.406,231.8551,0.2738,0.1793
2015-03-25T01:15:59.724Z,7.5389,69.9676,232.2041,0.3016,0.109,-7.9638,60.3684,230.5451,0.2619,-0.1313,10.9949,62.0632,232.2895,0.2666,0.1773
2015-03-25T01:16:59.909Z,6.9663,69.5573,231.9891,0.2995,0.1019,-8.1684,60.9471,228.7822,0.2666,-0.1351,11.1927,63.2134,231.148,0.2737,0.1786
2015-03-25T01:17:59.294Z,6.8726,70.1477,232.1053,0.3017,0.0996,-7.475,62.5783,228.2824,0.2741,-0.1228,11.1704,63.4129,230.8612,0.2746,0.1773
2015-03-25T01:18:59.629Z,7.1871,71.2945,232.712,0.3064,0.1017,-7.5218,62.5687,227.7065,0.2742,-0.1226,11.5808,63.9551,232.8797,0.2752,0.1833
2015-03-25T01:19:59.882Z,7.0857,69.8935,232.4054,0.3007,0.1035,-7.7295,61.631,229.8674,0.2688,-0.1284,11.4756,64.3999,232.282,0.2771,0.1809
2015-03-25T01:20:59.283Z,6.7531,69.8228,233.0777,0.2994,0.0976,-7.8399,61.6068,231.0658,0.2664,-0.1291,11.4533,63.6164,232.3436,0.2738,0.1819
2015-03-25T01:21:59.518Z,6.6744,69.6671,232.6879,0.2992,0.0965,-7.9853,62.7235,230.2313,0.2726,-0.1295,11.2565,65.0142,232.3786,0.2797,0.1734
2015-03-25T01:22:59.722Z,6.9939,69.7235,232.5957,0.2995,0.1013,-7.5862,63.225,230.4238,0.2742,-0.1209,11.2014,63.6916,232.369,0.2741,0.1785
2015-03-25T01:23:59.911Z,6.9351,69.524,232.3538,0.2992,0.1013,-7.4579,62.0571,230.2124,0.2698,-0.121,10.9849,63.192,232.7941,0.2712,0.1741
2015-03-25T01:24:59.135Z,6.9586,70.1609,231.5604,0.3031,0.1007,-8.2142,62.0293,229.1632,0.2703,-0.1352,11.3571,63.8738,231.939,0.2759,0.1792
2015-03-25T01:25:59.529Z,6.9018,69.7259,231.2075,0.3021,0.0999,-7.584,62.9395,228.6769,0.2757,-0.1218,11.0702,63.0335,231.6513,0.2718,0.1747
2015-03-25T01:26:59.753Z,7.2299,69.5858,232.088,0.2998,0.1029,-7.5827,61.1707,228.2579,0.2683,-0.1242,11.2626,63.8412,231.5255,0.2757,0.1779
2015-03-25T01:27:59.117Z,7.1483,69.4934,232.1924,0.2997,0.1038,-7.3801,61.5978,229.489,0.2687,-0.1212,11.0691,64.6092,231.9134,0.278,0.1733
2015-03-25T01:28:59.455Z,6.9732,70.5174,231.7197,0.3043,0.0992,-7.6813,62.317,229.9255,0.2712,-0.1234,11.3474,63.1432,232.2629,0.2716,0.1792
2015-03-25T01:29:59.660Z,7.3149,70.3422,231.4535,0.3042,0.1049,-7.5448,61.2075,229.9519,0.2663,-0.1251,11.0608,65.274,232.2881,0.2813,0.1712
2015-03-25T01:30:59.893Z,6.6922,69.0375,231.051,0.2988,0.0982,-7.8551,62.7702,230.4897,0.2724,-0.1301,10.7314,62.0657,231.9653,0.2676,0.1768
2015-03-25T01:31:59.207Z,7.4408,69.6527,231.9374,0.2997,0.1075,-7.9508,62.3233,231.1369,0.2694,-0.129,11.3539,63.1915,232.5079,0.2724,0.1811
2015-03-25T01:32:59.454Z,7.0002,69.4612,230.9741,0.3014,0.1014,-7.302,64.209,230.4983,0.2789,-0.1157,11.4425,63.1913,231.1945,0.2727,0.1814
2015-03-25T01:33:59.629Z,6.8046,69.7196,231.2577,0.3015,0.1002,-7.3835,60.8725,230.3141,0.2638,-0.1247,10.9536,63.2529,231.281,0.2733,0.1744
2015-03-25T01:34:59.749Z,7.5195,68.5004,231.4531,0.2964,0.1112,-7.627,60.8929,230.2187,0.2644,-0.1264,11.3556,61.5268,231.6569,0.2656,0.1851
2015-03-25T01:35:59.030Z,6.7942,69.5334,230.6828,0.301,0.1001,-7.3177,62.4589,229.7328,0.2719,-0.1182,11.4901,64.3794,230.9569,0.2787,0.1786
2015-03-25T01:36:59.583Z,6.4591,68.8633,230.0384,0.2995,0.0949,-7.6018,60.8963,228.3513,0.2664,-0.1267,10.783,63.6967,230.734,0.2759,0.1708
2015-03-25T01:37:59.899Z,6.9636,68.3108,230.0193,0.2967,0.1034,-8.0648,62.4838,228.614,0.2738,-0.1309,10.8799,63.5203,230.534,0.2755,0.1726
2015-03-25T01:38:59.199Z,7.0939,69.8744,231.1061,0.3018,0.1021,-7.7311,61.8592,230.1422,0.2687,-0.1258,10.6081,63.5647,230.7673,0.2754,0.1656
2015-03-25T01:39:59.387Z,7.5369,69.3093,231.3724,0.3,0.1102,-7.7299,60.9258,230.1705,0.2651,-0.1301,11.0367,63.583,231.0662,0.2756,0.1784
2015-03-25T01:40:59.870Z,7.2254,68.4429,229.657,0.2982,0.1064,-7.742,62.6196,230.1789,0.2716,-0.1257,11.1739,64.0932,230.4686,0.278,0.1758
2015-03-25T01:41:59.043Z,6.5108,69.9265,229.2048,0.3054,0.0945,-7.9076,61.6712,230.5274,0.2673,-0.129,11.0656,63.6055,230.3546,0.2762,0.1744
2015-03-25T01:42:59.412Z,6.9362,68.7288,229.036,0.3001,0.1027,-7.5808,63.0358,230.6527,0.2732,-0.123,11.17,62.5446,230.568,0.2714,0.1788
2015-03-25T01:43:59.635Z,6.8687,69.3579,228.9607,0.3029,0.0999,-7.5759,61.611,230.239,0.2674,-0.1248,10.732,64.0216,231.5514,0.277,0.1677
2015-03-25T01:44:59.868Z,6.5177,67.6705,230.2286,0.2936,0.0971,-7.4164,62.4596,228.6145,0.2734,-0.1198,11.4421,64.0516,231.3259,0.2768,0.1795
2015-03-25T01:45:59.097Z,6.6182,69.0469,229.3804,0.3014,0.0962,-7.3232,61.5668,228.0832,0.2702,-0.118,11.0203,63.3253,230.716,0.2746,0.1749
2015-03-25T01:46:59.241Z,6.8946,69.9498,229.2977,0.3048,0.0995,-7.3448,62.3082,228.1095,0.273,-0.119,11.1385,63.5892,231.708,0.2742,0.1757
2015-03-25T01:47:59.638Z,7.4323,68.9509,230.5355,0.299,0.1095,-7.2626,62.4846,229.7464,0.272,-0.1186,11.186,64.4152,232.2795,0.2771,0.1745
2015-03-25T01:48:59.853Z,7.2,69.508,230.5408,0.3012,0.1043,-7.7015,60.774,227.0811,0.2671,-0.1303,11.1244,64.1171,232.6354,0.2756,0.1764
2015-03-25T01:49:59.298Z,6.5876,72.2892,230.9372,0.3126,0.0939,-7.6089,64.5578,227.9153,0.2827,-0.1188,11.4421,67.2202,232.5061,0.289,0.1707
2015-03-25T01:50:59.521Z,6.9813,73.3476,231.318,0.3173,0.0956,-7.7463,65.3863,230.1656,0.2843,-0.121,11.6874,69.2141,232.6456,0.2978,0.1719
2015-03-25T01:51:59.842Z,7.488,73.466,230.5213,0.3188,0.1032,-7.1014,66.3582,229.3022,0.2888,-0.109,10.711,69.8363,231.8316,0.301,0.1538
2015-03-25T01:52:59.018Z,7.0307,73.8018,231.1267,0.3189,0.0964,-8.0983,67.8821,229.9202,0.2948,-0.1225,11.911,70.0696,232.4904,0.301,0.1691
2015-03-25T01:53:59.421Z,7.1351,73.8121,231.2403,0.3192,0.0978,-7.6745,67.6601,230.1524,0.2939,-0.115,11.7152,68.9354,232.4132,0.2963,0.1688
2015-03-25T01:54:59.808Z,6.7008,72.6209,230.0188,0.316,0.0922,-7.6049,64.4777,228.5353,0.2821,-0.1188,11.6551,68.0368,231.0848,0.2945,0.1711
2015-03-25T01:55:59.101Z,6.805,74.2074,229.7621,0.3227,0.0933,-7.2582,65.9678,228.1274,0.2888,-0.1134,11.195,70.2416,230.8847,0.3043,0.1589
2015-03-25T01:56:59.378Z,6.909,73.5567,228.9918,0.3214,0.0942,-8.0193,65.1103,228.2856,0.2851,-0.1244,11.1722,68.3921,229.7321,0.2976,0.1635
2015-03-25T01:57:59.632Z,7.0734,73.0196,229.6425,0.3177,0.0977,-7.7101,67.6983,228.5958,0.296,-0.1165,11.1654,67.6139,230.2463,0.2941,0.166
2015-03-25T01:58:59.087Z,7.0831,74.8113,230.9813,0.3237,0.0956,-8.0709,65.8981,229.7978,0.2866,-0.1231,11.557,70.0736,231.9001,0.3021,0.1661
2015-03-25T01:59:59.812Z,7.1297,74.1092,230.989,0.3207,0.0968,-7.3857,65.5765,229.5421,0.2861,-0.1166,11.1032,66.4908,231.7582,0.2871,0.1726
