2015-06-02T00:00:59.539Z,6.2778,66.9081,233.2472,0.2874,0.0957,-7.1202,61.5957,232.5557,0.2649,-0.1173,11.1146,64.3655,233.6545,0.2761,0.1743
2015-06-02T00:01:59.765Z,6.184,70.6793,233.0036,0.3033,0.0872,-7.7471,62.0984,233.5274,0.2658,-0.1254,12.0438,64.629,233.5415,0.2767,0.1884
2015-06-02T00:02:59.252Z,6.7596,69.7299,231.7098,0.3004,0.0973,-7.8416,62.6597,233.2251,0.2682,-0.1263,11.8081,63.2151,233.628,0.2706,0.1873
2015-06-02T00:03:59.348Z,6.1121,70.4976,232.3563,0.3033,0.0869,-7.879,60.7858,231.1964,0.2627,-0.129,12.3412,63.3089,234.6181,0.2699,0.1948
2015-06-02T00:04:59.782Z,6.618,70.53,232.4866,0.303,0.0942,-7.5526,61.0493,231.5221,0.2639,-0.1243,11.7965,64.1334,234.6111,0.2734,0.1862
2015-06-02T00:05:59.658Z,6.7046,69.3203,232.5193,0.2979,0.0961,-7.5191,64.2704,233.7501,0.275,-0.1178,11.86,65.1848,233.2227,0.2797,0.1824
2015-06-02T00:06:59.028Z,6.4761,70.3158,234.0466,0.3004,0.0942,-7.7251,61.7996,234.0898,0.2641,-0.1278,11.9374,64.5063,233.3931,0.2762,0.1874
2015-06-02T00:07:59.649Z,5.9436,69.78,233.9774,0.2979,0.085,-7.6,64.2545,234.0608,0.2747,-0.1214,11.7027,64.641,233.5134,0.2773,0.1821
2015-06-02T00:08:59.877Z,6.2935,69.3757,234.0249,0.2964,0.0924,-7.5215,64.4495,233.8569,0.2754,-0.1169,11.4946,64.0469,233.53,0.2744,0.1798
2015-06-02T00:09:59.825Z,6.7066,69.667,233.8485,0.298,0.0968,-7.8186,62.8124,233.1751,0.2689,-0.1253,11.6778,64.7952,233.9627,0.2765,0.1831
2015-06-02T00:10:59.005Z,6.7967,70.6504,233.944,0.3019,0.0977,-7.793,61.8247,233.0053,0.2652,-0.126,11.5872,62.3537,234.1651,0.266,0.185
2015-06-02T00:11:59.331Z,7.0155,71.4673,234.3265,0.3046,0.0995,-8.053,60.4626,231.2463,0.2613,-0.1344,12.0165,63.5731,234.5643,0.2708,0.1892
2015-06-02T00:12:59.574Z,6.6067,70.4602,234.4484,0.3003,0.0935,-8.2692,61.8309,230.7695,0.2685,-0.1346,12.1574,64.6401,234.39,0.275,0.1893
2015-06-02T00:13:59.780Z,6.0332,70.0644,234.1689,0.2989,0.0875,-7.7021,62.9914,233.877,0.2691,-0.1241,12.4277,65.4299,233.5257,0.2804,0.192
2015-06-02T00:14:59.115Z,6.8826,71.443,234.3952,0.3048,0.0974,-8.1086,62.5749,234.054,0.2677,-0.1318,11.8297,65.8163,233.8332,0.2814,0.1813
2015-06-02T00:15:59.614Z,6.6629,70.8315,234.2796,0.3024,0.0959,-7.3621,61.7091,233.7604,0.2641,-0.1209,11.4803,65.1164,233.7232,0.2785,0.1787
2015-06-02T00:16:59.920Z,7.2122,70.3551,234.256,0.3004,0.1034,-7.5295,62.8639,233.9535,0.2689,-0.1224,12.0218,64.0124,233.81,0.2738,0.1922
2015-06-02T00:17:59.162Z,5.8643,70.1433,234.4499,0.2998,0.0846,-7.7981,63.3894,233.9519,0.2703,-0.1233,11.3436,64.2636,234.1184,0.2744,0.1765
2015-06-02T00:18:59.314Z,6.302,70.281,234.2202,0.2997,0.0896,-7.5252,64.5165,234.0236,0.2759,-0.1186,11.8158,64.4122,234.1086,0.2752,0.1843
2015-06-02T00:19:59.481Z,6.4703,70.052,234.0146,0.2993,0.0936,-7.7693,62.7981,234.1498,0.2685,-0.1246,11.9235,65.464,234.3582,0.279,0.1848
2015-06-02T00:20:59.875Z,6.7232,71.1137,233.8447,0.3042,0.0942,-7.3546,63.9675,233.8652,0.2735,-0.1152,11.8229,64.0855,234.1085,0.2736,0.1874
2015-06-02T00:21:59.311Z,6.1811,69.5831,234.0402,0.2972,0.0908,-7.7649,64.225,234.0318,0.2748,-0.1229,12.4544,64.0564,234.6767,0.2733,0.1946
2015-06-02T00:22:59.668Z,6.4434,70.8079,233.9328,0.3026,0.0902,-8.0821,62.9586,234.1958,0.2688,-0.1303,11.9545,65.795,234.5604,0.2803,0.1839
2015-06-02T00:23:59.243Z,6.5787,68.8896,233.8162,0.2947,0.0966,-8.2908,65.2508,234.12,0.2788,-0.1277,11.5834,63.385,234.4849,0.2702,0.184
2015-06-02T00:24:59.032Z,6.1166,69.2409,233.5949,0.2959,0.0904,-7.6811,62.6814,234.3678,0.2673,-0.1257,12.0586,63.6656,234.5342,0.2719,0.1903
2015-06-02T00:25:59.294Z,5.9152,69.7374,232.8597,0.2991,0.0858,-8.0024,62.5381,234.8878,0.2663,-0.1336,12.0484,64.0929,234.5671,0.2737,0.1908
2015-06-02T00:26:59.917Z,5.931,69.7818,232.714,0.2998,0.0855,-7.7388,61.8696,234.624,0.2637,-0.1254,11.7459,63.5608,234.2847,0.2715,0.1851
2015-06-02T00:27:59.023Z,6.8356,70.5691,232.6504,0.3029,0.0984,-8.1737,61.4564,234.6324,0.2626,-0.1326,11.9164,63.5654,234.0358,0.2717,0.1873
2015-06-02T00:28:59.135Z,6.4621,71.0029,232.8279,0.3049,0.092,-7.5373,61.5022,234.9766,0.262,-0.1229,11.4232,63.3224,234.032,0.2707,0.1808
2015-06-02T00:29:59.659Z,6.5192,69.8747,233.4736,0.2998,0.094,-7.6069,62.0733,234.5748,0.2643,-0.1232,11.6481,64.5033,234.1873,0.2753,0.1809
2015-06-02T00:30:59.279Z,5.956,70.4265,233.8252,0.3013,0.0866,-7.8024,62.9901,233.9571,0.2693,-0.1276,12.2336,63.3949,233.9278,0.2714,0.1949
2015-06-02T00:31:59.850Z,5.9926,71.4673,233.7753,0.3055,0.0855,-7.326,65.0925,233.855,0.278,-0.1159,11.5733,63.578,233.7577,0.2723,0.183
2015-06-02T00:32:59.202Z,6.53,70.7216,233.9229,0.3018,0.0936,-7.9187,63.7031,232.2878,0.2738,-0.1254,11.979,66.142,234.3436,0.2822,0.1828
2015-06-02T00:33:59.509Z,6.7334,70.7443,233.7837,0.3025,0.0965,-8.0433,61.8783,230.8805,0.2677,-0.1298,12.6417,64.278,234.7149,0.2739,0.1958
2015-06-02T00:34:59.303Z,6.3522,69.8412,233.6172,0.2993,0.095,-7.9337,64.346,233.9676,0.2752,-0.1256,11.6801,63.9421,233.951,0.2731,0.186
2015-06-02T00:35:59.319Z,6.3535,70.0021,233.6052,0.2997,0.0914,-7.913,63.7682,233.9773,0.2726,-0.1262,11.8185,63.4702,233.6123,0.2718,0.1882
2015-06-02T00:36:59.619Z,6.626,71.0634,234.4368,0.3026,0.0949,-6.9787,64.4052,234.4778,0.2747,-0.1116,11.6771,64.218,232.0143,0.2766,0.1824
2015-06-02T00:37:59.930Z,6.364,70.0684,233.9481,0.2998,0.0911,-7.9551,62.9501,234.1473,0.2684,-0.1286,12.1642,65.1092,233.0382,0.2796,0.1863
2015-06-02T00:38:59.122Z,6.5437,70.8301,233.3973,0.3033,0.0923,-7.4733,63.1066,233.8496,0.2697,-0.1188,12.1038,64.6132,234.2073,0.2763,0.1863
2015-06-02T00:39:59.978Z,6.3576,69.4661,233.833,0.2968,0.0922,-7.9717,63.2609,234.277,0.2702,-0.1292,12.4424,64.3678,234.8202,0.2741,0.1996
2015-06-02T00:40:59.563Z,6.6574,70.0292,233.5751,0.3002,0.0951,-7.7161,63.9102,234.0327,0.273,-0.1242,12.0758,66.0652,234.5269,0.2818,0.1863
2015-06-02T00:41:59.846Z,6.5373,70.4003,233.6788,0.3013,0.095,-7.8989,63.2718,233.6477,0.2709,-0.1251,11.7502,63.1398,233.7067,0.2702,0.1889
2015-06-02T00:42:59.144Z,6.4528,70.0476,233.5767,0.3003,0.0929,-7.4233,62.8019,233.536,0.2692,-0.1193,11.5716,63.7349,233.655,0.2728,0.1836
2015-06-02T00:43:59.542Z,6.2888,70.4815,233.6957,0.3013,0.0889,-7.5324,63.4178,233.6841,0.2707,-0.1193,11.4463,65.3914,233.5809,0.2797,0.1771
2015-06-02T00:44:59.394Z,6.311,70.7716,233.82,0.3027,0.0898,-7.8598,63.5291,233.813,0.2715,-0.1248,12.064,63.7897,233.9336,0.2721,0.1893
2015-06-02T00:45:59.930Z,6.8248,71.0416,233.7824,0.3037,0.0981,-7.4607,64.2548,233.6684,0.2747,-0.1185,11.4895,65.2965,234.0754,0.2784,0.1771
2015-06-02T00:46:59.186Z,6.6252,69.9096,233.6802,0.2987,0.097,-7.9386,62.8229,233.6572,0.2687,-0.1253,11.7931,65.8738,233.8418,0.281,0.1804
2015-06-02T00:47:59.402Z,6.5643,70.3422,233.779,0.3008,0.0945,-8.0871,61.5201,233.6722,0.2627,-0.1311,11.6878,62.855,234.0984,0.2683,0.1852
2015-06-02T00:48:59.737Z,6.5092,70.4829,233.5066,0.3018,0.0924,-7.9413,62.8414,233.6759,0.2688,-0.1265,11.7624,63.4727,233.7265,0.2722,0.1847
2015-06-02T00:49:59.952Z,6.5733,70.7014,233.4662,0.3027,0.0947,-7.5581,63.3831,233.0348,0.2718,-0.1244,12.1073,65.1293,233.7924,0.2785,0.1879
2015-06-02T00:50:59.201Z,6.4089,70.6118,234.1046,0.3018,0.093,-7.9773,63.7268,233.8256,0.2727,-0.1274,11.7962,64.0232,233.1469,0.2748,0.1863
2015-06-02T00:51:59.997Z,6.2922,70.2349,234.003,0.3002,0.0893,-7.4715,63.7764,233.7633,0.2732,-0.1197,12.343,64.4935,233.6796,0.2753,0.1929
2015-06-02T00:52:59.421Z,6.7827,70.7194,234.3249,0.3013,0.0969,-8.401,61.9932,230.498,0.2684,-0.1357,11.968,64.8204,234.513,0.2767,0.1859
2015-06-02T00:53:59.711Z,7.0075,69.9358,233.7911,0.2996,0.1021,-8.109,64.1747,232.0137,0.2767,-0.1289,11.666,65.6302,234.879,0.2792,0.1796
2015-06-02T00:54:59.464Z,6.4027,70.6418,233.965,0.3019,0.0909,-7.8681,63.0572,233.8561,0.2696,-0.1268,11.7297,64.2124,234.1908,0.274,0.184
2015-06-02T00:56:59.625Z,5.9641,70.4166,234.3112,0.3002,0.0858,-7.6965,63.1397,233.4343,0.2702,-0.1234,11.7638,65.6817,234.277,0.2802,0.1809
2015-06-02T00:57:59.753Z,6.7599,69.6812,233.0833,0.2984,0.0984,-7.8689,62.0219,233.6423,0.2653,-0.1275,11.6976,63.3477,234.5485,0.2698,0.1854
2015-06-02T00:58:59.947Z,6.8661,70.7611,232.9671,0.3036,0.0983,-7.8711,60.9493,233.5122,0.2612,-0.1296,11.7382,62.2358,234.3848,0.2653,0.19
2015-06-02T00:59:59.129Z,6.6611,70.1061,232.6549,0.3018,0.0957,-7.6404,61.3709,234.0538,0.2622,-0.1258,11.7587,63.7199,234.4351,0.272,0.1885
