2015-01-28T00:00:59.522Z,3.7914,72.4869,232.1348,0.3123,0.0523,2.9978,64.877,229.5927,0.2827,0.0482,144.4123,166.9238,232.5813,0.718,0.8445
2015-01-28T00:01:59.870Z,2.7905,74.8746,232.9043,0.3214,0.0361,2.5868,65.4549,226.8224,0.2884,0.0422,83.5828,107.801,233.1515,0.4625,0.7761
2015-01-28T00:02:59.001Z,2.5166,74.1783,234.2687,0.3164,0.0347,2.9187,65.3406,230.2071,0.2838,0.0443,82.7362,105.0203,233.2509,0.4504,0.7882
2015-01-28T00:03:59.137Z,2.1666,73.8663,233.6807,0.3159,0.029,3.6809,67.5525,231.5168,0.2922,0.0538,83.2147,106.1633,233.1343,0.4551,0.7847
2015-01-28T00:04:59.399Z,3.5864,73.4073,232.381,0.3158,0.0495,3.6439,68.3608,231.2052,0.2957,0.0532,83.7295,107.0171,233.2796,0.4583,0.7829
2015-01-28T00:05:59.766Z,3.5096,74.7324,232.6089,0.321,0.0473,3.5591,68.2584,231.569,0.2949,0.053,83.143,106.8795,233.9421,0.4565,0.7786
2015-01-28T00:06:59.330Z,3.34,75.1519,232.9812,0.3222,0.0446,3.1353,68.4584,231.878,0.2956,0.0447,84.2683,107.4119,234.4036,0.4587,0.7846
2015-01-28T00:07:59.600Z,2.8777,73.4359,231.5924,0.3169,0.0379,3.0833,67.0033,231.1333,0.2897,0.0462,83.1792,106.7755,233.2374,0.4578,0.7803
2015-01-28T00:08:59.759Z,2.4585,73.3736,231.9963,0.3164,0.0342,3.4866,65.8823,231.9065,0.2843,0.0533,82.9463,106.1542,233.1939,0.4557,0.7817
2015-01-28T00:09:59.969Z,3.6849,73.1514,231.4863,0.3158,0.0507,3.0479,66.1374,231.4571,0.2864,0.0469,82.4075,104.8877,232.3935,0.4512,0.7865
2015-01-28T00:10:59.197Z,3.824,72.481,230.9219,0.3136,0.0537,2.7917,65.5224,231.4493,0.2829,0.0421,129.4061,151.884,231.8682,0.6554,0.8281
2015-01-28T00:11:59.439Z,2.6376,74.2474,231.5962,0.3201,0.0357,3.255,66.6422,230.5572,0.2892,0.0497,97.5666,121.3911,231.6729,0.5241,0.7901
2015-01-28T00:12:59.811Z,3.1887,73.0025,231.0624,0.3157,0.0448,2.838,65.6218,228.8982,0.2868,0.047,81.2268,104.4185,230.7023,0.4524,0.7789
2015-01-28T00:13:59.113Z,3.1296,74.0044,230.6203,0.3206,0.0437,2.8849,65.9662,229.3586,0.2876,0.0441,81.2066,104.5453,230.6607,0.4534,0.7779
2015-01-28T00:14:59.414Z,3.4338,73.2242,230.2714,0.3181,0.0465,2.9368,66.6904,230.0437,0.29,0.0443,80.6507,104.6392,230.2608,0.4546,0.7719
2015-01-28T00:15:59.663Z,2.8827,72.7316,229.6636,0.3168,0.0405,2.6329,65.8666,229.5822,0.2867,0.0403,81.0009,104.9914,229.9491,0.4563,0.7724
2015-01-28T00:16:59.890Z,2.2469,71.2491,229.0455,0.3113,0.0313,2.8416,65.722,229.1325,0.2869,0.0445,80.4056,103.5088,229.5982,0.4511,0.7788
2015-01-28T00:17:59.362Z,3.3801,71.7771,228.692,0.3141,0.0467,2.8702,65.8609,230.0914,0.2862,0.0452,80.0519,103.2016,228.3611,0.4524,0.7766
2015-01-28T00:18:59.844Z,3.9141,72.7664,228.6788,0.3177,0.0532,2.7512,66.3241,230.1572,0.2879,0.0402,80.3735,103.9642,228.9718,0.454,0.7741
2015-01-28T00:19:59.222Z,3.2156,72.9556,228.6482,0.3192,0.0434,2.7021,66.554,229.8903,0.2898,0.0402,80.8911,104.8881,229.787,0.4564,0.7728
2015-01-28T00:20:59.661Z,2.8187,72.6755,229.0767,0.3171,0.0389,3.1101,66.754,228.4552,0.2921,0.0462,95.0287,118.2404,229.0047,0.5163,0.7901
2015-01-28T00:21:59.838Z,5.1118,74.2502,229.927,0.3225,0.0682,2.7015,65.9635,228.8429,0.2882,0.0402,126.7575,149.178,230.6459,0.6466,0.8251
2015-01-28T00:22:59.248Z,4.9204,73.5868,229.6302,0.32,0.0679,2.5917,67.6956,228.6947,0.2962,0.0392,81.4208,103.7127,230.9671,0.4492,0.7858
2015-01-28T00:23:59.522Z,4.9374,73.0062,230.8083,0.3162,0.069,2.8199,66.2577,229.543,0.2889,0.0417,81.735,104.8608,231.3633,0.4532,0.7803
2015-01-28T00:24:59.834Z,5.122,74.2009,231.0592,0.3216,0.0699,2.5541,66.2576,230.146,0.2882,0.0379,81.5369,105.189,231.4784,0.4543,0.7757
2015-01-28T00:25:59.095Z,5.2838,74.4069,231.296,0.3213,0.0714,2.53,67.4924,231.124,0.2921,0.0383,81.9653,105.492,232.4571,0.4536,0.7776
2015-01-28T00:26:59.484Z,5.2884,73.5001,231.327,0.3176,0.0723,2.7192,66.0441,231.3701,0.2856,0.0434,82.5115,105.5315,232.6296,0.4536,0.7835
2015-01-28T00:27:59.879Z,4.9771,72.4082,230.8597,0.3136,0.0711,2.7553,65.4378,231.1792,0.2828,0.0429,82.1105,105.5605,232.023,0.455,0.779
2015-01-28T00:28:59.257Z,5.1644,74.9809,231.5503,0.3236,0.0686,2.7772,66.7973,231.5597,0.2883,0.0409,82.0026,105.8769,232.1543,0.4558,0.7757
2015-01-28T00:29:59.554Z,5.5456,75.2237,230.7501,0.3257,0.0747,2.864,66.2356,231.4749,0.2866,0.0423,82.6681,106.3585,231.9816,0.4582,0.7779
2015-01-28T00:30:59.829Z,5.3097,72.8283,229.9442,0.317,0.0737,2.8346,67.0073,229.968,0.2911,0.0413,81.3088,104.9929,230.8507,0.4547,0.7751
2015-01-28T00:31:59.080Z,4.4233,71.9648,228.9917,0.3138,0.0631,2.5947,64.2294,228.3124,0.2815,0.0429,144.1139,166.4887,231.0376,0.721,0.8439
2015-01-28T00:32:59.486Z,4.2416,74.3814,229.1059,0.3246,0.0579,3.0097,66.8529,227.9338,0.2932,0.045,81.8043,105.3816,231.887,0.4546,0.7768
2015-01-28T00:33:59.876Z,5.5136,73.41,230.1566,0.3191,0.0757,2.079,66.7726,228.9248,0.2918,0.0325,81.7165,105.1784,231.5156,0.4544,0.7779
2015-01-28T00:34:59.078Z,5.1631,74.3064,231.1049,0.3211,0.0716,2.6088,66.922,230.1156,0.2908,0.0387,82.4657,107.002,232.103,0.4613,0.7717
2015-01-28T00:35:59.429Z,5.483,73.2134,230.5848,0.3167,0.0753,2.143,68.0976,230.3925,0.2958,0.0312,82.2909,105.4814,231.7226,0.4554,0.7802
2015-01-28T00:36:59.802Z,4.716,73.397,230.3523,0.3182,0.0654,2.884,65.4036,230.4429,0.2836,0.0455,82.2022,106.264,232.2207,0.4577,0.7748
2015-01-28T00:37:59.170Z,4.9073,71.5787,230.0586,0.3112,0.0694,2.3087,66.0281,228.6619,0.2882,0.0334,82.7212,106.2291,232.6103,0.4568,0.7801
2015-01-28T00:38:59.446Z,5.2957,73.2471,230.1692,0.3178,0.0744,2.0221,65.2577,226.5578,0.288,0.0309,82.7955,105.8068,232.774,0.4547,0.7837
2015-01-28T00:39:59.664Z,5.3767,72.196,229.4448,0.3148,0.0749,2.6211,65.1257,226.8496,0.2867,0.0418,82.309,105.8358,231.9014,0.4567,0.7789
2015-01-28T00:40:59.870Z,5.1076,74.1808,229.4438,0.3234,0.0702,2.6037,65.7163,227.4403,0.2891,0.0391,81.4345,105.1108,231.527,0.4542,0.7754
2015-01-28T00:41:59.923Z,4.5242,73.299,228.9295,0.3197,0.0626,2.6214,65.4293,229.8229,0.2841,0.0397,142.6841,163.6841,230.5156,0.7099,0.8492
2015-01-28T00:42:59.268Z,5.4149,71.8702,228.831,0.3139,0.0763,2.8266,65.5418,229.9672,0.285,0.0451,81.4577,105.3443,231.1354,0.4552,0.7739
2015-01-28T00:43:59.505Z,5.4414,73.0091,229.4544,0.3186,0.0758,2.5908,66.6416,230.4704,0.2891,0.0389,81.4458,106.0341,231.378,0.4584,0.7689
2015-01-28T00:44:59.710Z,5.2868,73.1688,229.9492,0.3179,0.072,2.3384,66.2059,230.7043,0.2868,0.0354,82.0761,104.9665,231.8149,0.4525,0.7832
2015-01-28T00:45:59.978Z,4.37,73.7648,230.0797,0.3201,0.0599,2.364,66.7336,230.7907,0.2891,0.0369,81.6616,105.4235,231.7309,0.4551,0.7755
2015-01-28T00:46:59.301Z,4.4521,73.5127,230.373,0.3187,0.0601,2.5218,66.9053,230.0397,0.291,0.0363,81.8826,105.4119,231.1594,0.4559,0.7779
2015-01-28T00:47:59.744Z,5.2718,73.9013,230.5668,0.3198,0.071,2.4812,65.8348,229.7311,0.2863,0.038,81.0613,104.326,230.7704,0.452,0.7779
2015-01-28T00:48:59.983Z,5.3157,73.1115,230.6592,0.3172,0.0729,2.6635,64.5998,229.7675,0.2809,0.0408,80.4117,104.0943,230.9465,0.4514,0.7742
2015-01-28T00:49:59.214Z,5.0492,73.0428,230.3132,0.317,0.0699,2.6098,66.6847,229.6219,0.2903,0.038,80.957,104.4384,230.714,0.4523,0.7756
2015-01-28T00:50:59.577Z,4.8103,74.4171,230.5864,0.3229,0.0658,2.4681,65.836,229.0047,0.2879,0.0369,80.9765,104.1177,230.6219,0.4515,0.7782
2015-01-28T00:51:59.746Z,4.7142,72.021,230.3476,0.3129,0.0664,2.8848,64.952,229.7298,0.2825,0.0457,118.7244,142.0227,230.021,0.6178,0.8123
2015-01-28T00:52:59.912Z,5.6421,73.179,229.4798,0.319,0.078,2.3677,64.4037,229.9967,0.2802,0.0384,102.8781,124.6202,229.2666,0.543,0.807
2015-01-28T00:53:59.068Z,5.4923,73.9962,229.8744,0.3221,0.0746,2.8284,63.975,228.9653,0.2796,0.0437,80.3731,102.8041,229.863,0.4477,0.7822
2015-01-28T00:54:59.353Z,5.1131,73.9027,230.6058,0.3207,0.0711,2.3807,66.1285,227.6069,0.2903,0.0348,81.4375,105.133,231.4443,0.4536,0.7757
2015-01-28T00:55:59.646Z,4.3035,72.94,230.7029,0.3161,0.0604,1.9684,64.2697,228.3401,0.2814,0.0308,82.3884,106.308,232.4627,0.4574,0.7757
2015-01-28T00:56:59.071Z,5.5503,73.5401,229.5778,0.3203,0.0771,2.6867,65.8716,231.7383,0.2848,0.0427,82.2912,105.4406,232.3007,0.4541,0.782
2015-01-28T00:57:59.376Z,5.2249,74.1981,229.7407,0.3229,0.0711,2.4549,67.8595,232.0796,0.2925,0.0351,82.4393,105.8643,232.4513,0.4558,0.7796
2015-01-28T00:58:59.566Z,4.6548,73.0145,230.0051,0.317,0.0647,2.5565,65.6811,231.842,0.2835,0.0385,82.4574,105.2434,232.1932,0.4529,0.7852
2015-01-28T00:59:59.912Z,4.573,73.111,232.0987,0.3151,0.061,2.4787,67.0598,232.2527,0.2887,0.0385,82.8871,105.3801,232.7832,0.4527,0.7864
