2015-05-16T00:00:59.179Z,7.1579,66.9772,232.204,0.2883,0.11,-7.4843,60.2892,228.3103,0.2637,-0.1261,11.8148,63.5722,233.0257,0.2724,0.1877
2015-05-16T00:01:59.379Z,6.2518,70.3702,231.8889,0.3032,0.0892,-7.9213,63.5537,231.8278,0.2744,-0.1254,11.2829,65.1469,232.4759,0.2796,0.1732
2015-05-16T00:02:59.783Z,6.4297,68.9671,231.8993,0.2973,0.0935,-7.7911,61.5798,231.7186,0.2653,-0.1313,11.6646,63.6454,231.968,0.2749,0.1839
2015-05-16T00:03:59.100Z,6.1756,69.2507,231.9614,0.2981,0.0884,-7.7236,63.157,231.3177,0.2734,-0.1226,11.8642,64.3308,231.6696,0.2772,0.1851
2015-05-16T00:04:59.412Z,6.1788,68.887,232.0821,0.2973,0.0902,-7.1654,62.0732,230.8187,0.269,-0.1154,11.1432,64.0758,231.3415,0.2777,0.1752
2015-05-16T00:05:59.607Z,6.8049,69.0602,232.2355,0.2976,0.0999,-7.4867,61.5038,229.8612,0.2674,-0.1229,11.854,62.3902,230.9766,0.2699,0.1908
2015-05-16T00:06:59.885Z,6.5786,70.0123,232.3613,0.3007,0.0951,-7.4673,63.0045,231.0141,0.2726,-0.119,11.5573,64.4163,232.2357,0.2775,0.1799
2015-05-16T00:07:59.201Z,6.6358,69.4858,232.3087,0.2988,0.0954,-7.5754,61.6989,232.2471,0.2656,-0.1248,11.6239,66.6352,233.3343,0.2859,0.1768
2015-05-16T00:08:59.219Z,6.8293,69.0057,230.9805,0.2984,0.1003,-7.6096,63.3026,232.0141,0.2729,-0.122,12.0248,63.8299,233.0588,0.2737,0.1913
2015-05-16T00:09:59.577Z,6.4052,70.2216,230.1293,0.3053,0.0917,-7.6758,63.816,231.8074,0.276,-0.1233,11.0473,65.1323,232.5948,0.2803,0.1696
2015-05-16T00:10:59.777Z,6.4681,69.8738,230.5463,0.3027,0.0936,-7.3198,61.6879,230.0031,0.2686,-0.1214,11.7429,64.2615,232.6815,0.2763,0.184
2015-05-16T00:11:59.452Z,6.7054,67.2813,230.9579,0.2912,0.1004,-8.0096,58.9913,228.5068,0.2581,-0.138,12.1161,63.9431,233.1371,0.2744,0.1927
2015-05-16T00:12:59.629Z,6.4768,68.0502,231.3399,0.2946,0.0977,-7.8068,62.0725,231.1827,0.2685,-0.1295,11.5982,63.8263,232.7321,0.2736,0.1836
2015-05-16T00:13:59.938Z,6.8474,68.7775,232.0041,0.296,0.102,-6.9437,61.071,231.7061,0.2633,-0.1168,11.9368,63.7013,233.1088,0.2729,0.1935
2015-05-16T00:14:59.685Z,6.3798,70.0666,232.1143,0.3019,0.0908,-7.6631,62.552,231.8648,0.2697,-0.1233,12.2281,64.719,233.4556,0.2774,0.1899
2015-05-16T00:15:59.041Z,6.0809,69.6501,232.2511,0.2998,0.0873,-7.6313,62.2711,232.0109,0.2686,-0.1271,11.5149,65.7489,233.8023,0.2814,0.1761
2015-05-16T00:16:59.995Z,5.8708,70.1872,231.2609,0.3038,0.0852,-7.5033,61.2909,231.3017,0.2651,-0.1242,11.8575,64.7672,233.1798,0.2775,0.1851
2015-05-16T00:17:59.243Z,6.3812,69.4015,230.8702,0.3012,0.0921,-6.9287,61.9012,230.727,0.268,-0.1149,11.6449,65.712,232.6709,0.2829,0.1776
2015-05-16T00:18:59.458Z,6.6278,70.3449,231.2326,0.304,0.096,-7.4666,60.9809,230.7636,0.2642,-0.1276,11.7512,63.6509,232.9659,0.2733,0.1916
2015-05-16T00:19:59.747Z,5.6392,68.654,231.0558,0.2971,0.0826,-7.5321,61.5215,230.9586,0.2671,-0.1235,11.9873,65.2724,232.7027,0.2803,0.1845
2015-05-16T00:20:59.091Z,6.4217,68.9762,230.8726,0.2989,0.0929,-7.8968,61.9444,230.7466,0.2686,-0.1304,11.631,64.5954,232.2966,0.2781,0.1817
2015-05-16T00:21:59.979Z,5.6582,69.2985,231.193,0.3001,0.0821,-7.6766,64.3483,231.177,0.2787,-0.1216,11.8745,64.8249,232.5183,0.2788,0.1837
2015-05-16T00:22:59.232Z,6.9442,69.2883,231.3801,0.2991,0.1021,-7.5131,61.2177,231.6999,0.2641,-0.1277,11.702,63.1526,232.7567,0.271,0.1901
2015-05-16T00:23:59.502Z,6.5176,69.3378,231.5415,0.2998,0.0954,-7.5682,63.708,231.8767,0.2744,-0.1204,11.5936,63.268,232.8025,0.272,0.1853
2015-05-16T00:24:59.799Z,6.3075,68.5209,231.1389,0.2963,0.0924,-7.4102,62.305,232.2172,0.2684,-0.1189,11.9171,64.3145,232.7248,0.276,0.1864
2015-05-16T00:25:59.197Z,5.6173,69.2979,231.598,0.2991,0.0814,-7.8268,62.6924,232.5088,0.2697,-0.127,12.1013,64.4846,232.4956,0.2773,0.1901
2015-05-16T00:26:59.512Z,6.7713,70.2154,232.1088,0.3024,0.096,-7.8999,62.9682,230.1666,0.2734,-0.128,11.6387,63.1431,233.4145,0.2707,0.1838
2015-05-16T00:27:59.873Z,6.9666,69.56,231.6268,0.3002,0.1018,-8.2857,62.5805,229.3084,0.2734,-0.1366,12.1786,63.6748,234.0096,0.2725,0.197
2015-05-16T00:28:59.114Z,6.209,70.2558,231.1753,0.3036,0.0899,-7.2556,62.489,232.3397,0.2687,-0.119,11.5192,64.3629,233.2393,0.2756,0.1812
2015-05-16T00:29:59.420Z,5.7458,69.8353,231.134,0.3017,0.0838,-7.38,63.381,232.4633,0.2725,-0.1207,11.7379,63.4451,233.021,0.2724,0.1858
2015-05-16T00:30:59.654Z,6.2593,70.3335,231.4574,0.3037,0.0899,-7.7137,62.0716,232.4201,0.2667,-0.1252,12.1571,65.6736,233.0812,0.2815,0.1853
2015-05-16T00:31:59.159Z,6.7323,69.1498,231.634,0.2977,0.0993,-8.3106,63.324,232.582,0.2718,-0.1313,12.4144,63.9194,233.0463,0.2748,0.1951
2015-05-16T00:32:59.411Z,6.6877,70.5985,233.4945,0.3024,0.0955,-7.7042,62.471,233.3032,0.2685,-0.1251,11.1789,65.5044,230.6363,0.2843,0.1731
2015-05-16T00:33:59.730Z,5.9691,70.0116,232.6758,0.3007,0.0848,-8.3333,62.5957,232.9349,0.2686,-0.1338,12.339,64.4845,233.225,0.2761,0.1913
2015-05-16T00:34:59.012Z,5.9937,70.5664,232.746,0.3031,0.0838,-7.8476,61.4011,232.8974,0.2641,-0.129,11.8766,63.7041,233.5271,0.2729,0.1874
2015-05-16T00:35:59.714Z,6.6091,69.4948,232.6533,0.2986,0.0955,-7.7389,62.1636,232.8713,0.2664,-0.1258,11.4255,64.48,233.5654,0.2758,0.1799
2015-05-16T00:36:59.934Z,6.1439,69.9925,232.7632,0.3009,0.0908,-7.2366,60.8854,232.8812,0.2617,-0.1252,11.7971,63.1172,233.5591,0.2699,0.1903
2015-05-16T00:37:59.327Z,6.6683,70.3389,232.6851,0.3027,0.0966,-7.8033,62.7622,232.9914,0.2691,-0.131,11.4743,64.092,233.4187,0.2742,0.1812
2015-05-16T00:38:59.581Z,6.468,70.8797,233.0224,0.3038,0.0914,-7.2149,65.4181,233.4231,0.28,-0.1141,11.6835,64.0923,233.427,0.2748,0.1845
2015-05-16T00:39:59.906Z,6.7867,70.3579,233.6032,0.301,0.0976,-7.6601,64.4427,233.8467,0.2757,-0.1212,11.841,65.6973,234.1144,0.2809,0.181
2015-05-16T00:40:59.481Z,6.5321,69.8068,232.5618,0.3002,0.0948,-8.1259,63.1699,232.9405,0.2719,-0.1295,11.8792,64.6265,233.856,0.2764,0.1856
2015-05-16T00:41:59.848Z,6.6101,69.2188,232.509,0.2973,0.1,-8.4235,62.3638,232.531,0.2681,-0.1384,11.4875,64.358,233.1645,0.2758,0.182
2015-05-16T00:42:59.136Z,5.7869,68.7671,232.4912,0.2953,0.0859,-7.4354,61.4897,231.9453,0.265,-0.1288,11.9484,62.4552,233.0529,0.2677,0.1937
2015-05-16T00:43:59.334Z,5.9777,70.4919,232.8385,0.3032,0.086,-7.6931,63.0942,231.9015,0.272,-0.1231,11.4764,63.3381,233.7575,0.2712,0.1799
2015-05-16T00:44:59.095Z,6.4404,69.9453,233.0976,0.3002,0.0937,-7.6205,63.5433,230.0266,0.2766,-0.1242,12.2964,64.9192,234.3252,0.2771,0.1891
2015-05-16T00:45:59.426Z,6.5947,69.9265,232.3821,0.3011,0.096,-8.1397,62.553,232.1288,0.2693,-0.1314,11.8212,64.8162,233.2714,0.2781,0.1813
2015-05-16T00:46:59.730Z,6.1104,70.5248,232.2864,0.3038,0.0861,-7.6871,61.5774,230.8387,0.2674,-0.1253,11.4261,64.4083,233.1516,0.2761,0.1779
2015-05-16T00:47:59.067Z,6.6332,69.6663,232.5288,0.2997,0.0966,-7.4254,62.8847,229.8086,0.2732,-0.1206,11.6563,63.9847,233.2566,0.2746,0.1833
2015-05-16T00:48:59.747Z,5.9268,69.7197,232.446,0.3001,0.0861,-7.7805,61.8618,231.6148,0.2671,-0.1272,11.7928,62.5923,232.717,0.2689,0.1891
2015-05-16T00:49:59.981Z,6.3003,71.059,232.3297,0.3062,0.0892,-8.2593,63.8571,232.0616,0.2753,-0.1298,11.4892,64.7497,232.6167,0.2782,0.1804
2015-05-16T00:50:59.174Z,7.4557,69.6578,232.0189,0.3001,0.1056,-7.5757,62.0481,232.638,0.2669,-0.1242,11.0647,63.6327,232.2153,0.2741,0.1759
2015-05-16T00:51:59.757Z,6.1548,69.4452,231.7113,0.2992,0.0897,-7.7937,62.4858,232.3412,0.2692,-0.1291,11.5812,62.0924,231.9291,0.2673,0.1899
2015-05-16T00:52:59.146Z,6.5427,70.4333,231.9644,0.3032,0.0939,-7.6052,63.2902,232.3439,0.2727,-0.1229,11.4911,63.2021,231.7686,0.2731,0.1829
2015-05-16T00:53:59.380Z,6.2683,69.3639,231.7886,0.2992,0.0905,-7.6409,60.9346,232.1397,0.2623,-0.1274,11.9599,64.8824,231.8874,0.2804,0.1845
2015-05-16T00:54:59.707Z,6.4392,69.1289,231.8573,0.2985,0.0955,-7.1187,63.7125,232.2968,0.2748,-0.1158,11.8858,64.4384,232.3564,0.2774,0.1852
2015-05-16T00:55:59.156Z,6.2471,69.1292,231.5752,0.2983,0.0912,-7.6313,61.7892,231.8366,0.2667,-0.1244,11.9173,65.4737,232.1951,0.2824,0.184
2015-05-16T00:56:59.440Z,5.9922,69.135,232.2089,0.2975,0.0862,-7.4838,61.7609,232.8289,0.2653,-0.1228,11.4362,64.0411,233.0099,0.2743,0.1796
2015-05-16T00:57:59.971Z,6.4499,69.4659,232.3632,0.2988,0.0936,-8.1386,63.3863,233.0151,0.272,-0.1322,12.2292,63.7458,233.273,0.2736,0.1952
2015-05-16T00:58:59.750Z,6.809,70.3201,233.1896,0.302,0.0982,-7.9531,64.249,233.566,0.2745,-0.124,11.8829,64.3437,234.1612,0.2745,0.1843
2015-05-16T00:59:59.288Z,6.1947,69.6598,232.8803,0.2984,0.0889,-7.4156,63.8273,233.4982,0.2733,-0.117,12.0259,64.8192,233.0579,0.278,0.1872
