2015-04-21T00:00:59.033Z,6.6804,66.8373,231.7102,0.2887,0.1019,-6.711,60.3894,228.8775,0.2642,-0.1113,11.6191,65.2445,233.4687,0.2794,0.1781
2015-04-21T00:01:59.587Z,6.9583,69.3197,231.1789,0.3,0.1011,-7.5955,61.6985,230.8,0.2671,-0.1254,11.013,65.2649,233.1764,0.2799,0.1728
2015-04-21T00:02:59.879Z,6.6804,70.331,230.5686,0.3051,0.096,-7.7395,62.2592,230.1233,0.2704,-0.1235,10.8573,63.8668,232.2002,0.2747,0.1721
2015-04-21T00:03:59.945Z,6.2187,69.4978,230.3522,0.3016,0.0895,-7.4546,60.2598,229.9793,0.2625,-0.124,10.8486,62.382,231.3858,0.2693,0.1737
2015-04-21T00:04:59.167Z,6.9593,69.5754,230.3273,0.302,0.101,-7.7743,62.0719,230.76,0.2689,-0.1237,11.4186,63.965,231.0047,0.2769,0.1791
2015-04-21T00:05:59.553Z,7.0948,68.9838,230.3996,0.2997,0.1045,-7.3546,61.164,230.9814,0.2646,-0.1252,11.5332,63.4453,231.2014,0.274,0.1854
2015-04-21T00:06:59.758Z,6.4958,68.5291,230.8774,0.2973,0.0971,-7.367,62.4398,231.3121,0.27,-0.1219,10.7249,63.1132,231.9556,0.2722,0.1747
2015-04-21T00:07:59.084Z,6.348,68.1388,231.3591,0.2949,0.0954,-7.6928,62.3409,231.7024,0.2688,-0.1236,11.0179,64.8323,232.1299,0.2792,0.1721
2015-04-21T00:08:59.519Z,7.1248,70.4851,231.932,0.3037,0.1018,-7.122,63.3896,232.3863,0.2726,-0.1154,11.1478,63.9974,232.8048,0.2747,0.1746
2015-04-21T00:09:59.850Z,6.378,69.4545,231.5543,0.3004,0.092,-7.3027,64.4758,231.8833,0.2779,-0.1182,11.0523,64.1665,231.9747,0.2764,0.1715
2015-04-21T00:10:59.170Z,6.5148,69.4439,230.8609,0.3009,0.0947,-7.3987,61.4225,231.3689,0.2655,-0.122,10.9889,64.7831,231.2645,0.2804,0.1718
2015-04-21T00:11:59.696Z,6.7885,69.3672,231.4301,0.2997,0.0989,-7.4701,61.5518,232.1154,0.2653,-0.1253,10.9791,62.3832,231.9762,0.2688,0.1826
2015-04-21T00:12:59.265Z,6.4367,69.9549,231.8331,0.3017,0.0911,-6.9901,64.6671,231.981,0.2789,-0.1092,11.3148,64.6024,232.6381,0.2777,0.1751
2015-04-21T00:13:59.078Z,6.8725,69.5633,232.1788,0.2995,0.1008,-7.6136,62.5115,232.2095,0.2693,-0.1242,11.6842,64.6821,233.3909,0.277,0.1814
2015-04-21T00:14:59.345Z,6.7279,70.41,232.0579,0.3034,0.0966,-7.1146,64.1375,231.6595,0.2764,-0.1146,10.7422,64.4133,234.0262,0.2754,0.1676
2015-04-21T00:15:59.900Z,5.6363,69.7018,231.9696,0.3003,0.082,-7.1528,64.5708,232.1166,0.2784,-0.1147,11.4446,63.5095,233.4557,0.2723,0.182
2015-04-21T00:16:59.165Z,5.9183,69.7912,232.3071,0.3,0.0828,-7.1818,64.359,232.4719,0.2769,-0.1148,11.0092,65.073,233.7577,0.2788,0.1712
2015-04-21T00:17:59.889Z,5.4087,70.5174,231.5002,0.3049,0.0759,-7.4955,62.1596,231.4353,0.2691,-0.1211,10.666,63.7764,233.0296,0.2738,0.1691
2015-04-21T00:18:59.063Z,5.4121,69.8738,232.0322,0.3012,0.0776,-7.5811,62.8136,231.9308,0.2711,-0.1213,11.9276,65.6119,233.7731,0.2808,0.1819
2015-04-21T00:19:59.381Z,5.066,69.3124,230.5041,0.3008,0.0741,-7.1736,63.2551,231.8424,0.273,-0.113,11.6552,63.5422,233.0986,0.2722,0.1825
2015-04-21T00:20:59.689Z,5.6551,68.1741,230.1527,0.2962,0.0844,-7.0492,60.3871,231.89,0.2602,-0.1225,11.0759,63.4782,232.8489,0.2725,0.1798
2015-04-21T00:21:59.352Z,4.9033,69.6452,230.4851,0.3023,0.0707,-7.0356,61.7649,232.1115,0.2662,-0.1188,11.5087,64.5298,232.878,0.2767,0.1814
2015-04-21T00:22:59.617Z,4.9193,68.9674,230.0032,0.2997,0.0718,-7.0835,63.2921,231.6767,0.2735,-0.1129,11.5264,64.5481,232.177,0.2784,0.1784
2015-04-21T00:23:59.196Z,4.9308,69.3084,230.1357,0.3017,0.0711,-7.21,64.8549,232.1637,0.2794,-0.1118,10.9488,63.95,232.3938,0.275,0.1719
2015-04-21T00:24:59.989Z,5.2289,69.2922,231.7729,0.2989,0.075,-7.1562,62.8137,232.6905,0.2703,-0.1146,11.2111,65.4112,232.5108,0.2812,0.1724
2015-04-21T00:25:59.315Z,5.4587,69.9678,232.4111,0.3011,0.0781,-7.5983,63.638,232.9958,0.2729,-0.12,11.1122,63.9492,232.6716,0.2749,0.1749
2015-04-21T00:26:59.730Z,5.669,70.071,231.8807,0.3021,0.0804,-7.1151,63.0408,232.9252,0.2707,-0.113,11.4157,64.1113,232.5214,0.2758,0.18
2015-04-21T00:27:59.323Z,5.3889,69.6223,231.8014,0.3002,0.0776,-7.4459,63.3267,232.828,0.2716,-0.1162,11.2644,63.8571,232.5352,0.2743,0.1774
2015-04-21T00:28:59.110Z,5.4002,70.2552,232.5591,0.3018,0.0771,-7.4193,62.446,233.1869,0.2679,-0.1193,11.1857,64.9778,233.1674,0.2791,0.1732
2015-04-21T00:29:59.403Z,5.308,70.8289,233.0891,0.3033,0.0767,-7.1884,64.0742,232.9886,0.2749,-0.1137,10.7088,64.0489,232.1404,0.2759,0.1692
2015-04-21T00:30:59.950Z,5.6573,69.6026,233.8463,0.298,0.0829,-7.7746,62.2398,233.4375,0.2668,-0.1274,10.9595,63.1349,231.9868,0.2722,0.1766
2015-04-21T00:31:59.266Z,5.7337,69.8077,233.3222,0.2993,0.0829,-7.1718,61.9798,233.4049,0.2662,-0.1182,11.396,64.0992,232.6112,0.2754,0.1818
2015-04-21T00:32:59.413Z,5.4154,70.1302,232.27,0.3021,0.0773,-6.9549,62.6703,233.0918,0.2691,-0.1105,11.3135,64.8863,233.1724,0.2782,0.1741
2015-04-21T00:33:59.380Z,5.4765,69.0751,232.2877,0.2974,0.0788,-7.3731,62.9687,232.9114,0.2698,-0.1187,11.1143,64.6907,232.8474,0.2779,0.1733
2015-04-21T00:34:59.654Z,5.0821,70.4859,232.4792,0.3033,0.0735,-7.0389,63.9886,233.0657,0.2743,-0.1109,10.7104,63.7773,232.24,0.2742,0.1676
2015-04-21T00:35:59.887Z,5.1258,69.3014,232.4193,0.2987,0.0745,-7.1105,63.3685,233.5263,0.2714,-0.116,11.1798,63.7982,233.2419,0.2732,0.1778
2015-04-21T00:36:59.116Z,4.8517,71.333,232.2934,0.3069,0.069,-6.9,61.189,233.1972,0.2627,-0.1134,11.4197,64.804,233.2728,0.2773,0.1783
2015-04-21T00:37:59.753Z,5.9068,69.518,232.4558,0.2995,0.0854,-6.9657,62.8205,233.2809,0.269,-0.1118,11.2351,64.2292,233.044,0.2761,0.1766
2015-04-21T00:38:59.147Z,5.7017,70.6134,233.0042,0.303,0.0827,-7.3931,62.2882,233.6083,0.2666,-0.1189,10.9997,63.8016,233.3139,0.2738,0.1724
2015-04-21T00:39:59.432Z,5.6129,70.8882,232.7313,0.3042,0.0805,-7.3667,62.0696,233.4592,0.2657,-0.1216,11.6663,65.1252,232.9904,0.2796,0.1781
2015-04-21T00:41:59.199Z,5.4392,69.0423,232.1902,0.297,0.0793,-7.2896,63.6036,232.4693,0.2739,-0.1184,11.0495,63.6019,233.0077,0.2729,0.1754
2015-04-21T00:42:59.612Z,5.3552,69.6929,232.5846,0.2997,0.0768,-7.2648,62.3638,232.6953,0.2677,-0.1175,11.2695,63.8768,233.0541,0.2745,0.1776
2015-04-21T00:43:59.241Z,5.2536,69.0069,232.4958,0.2964,0.0762,-7.1647,63.3793,232.636,0.2729,-0.1161,11.195,65.1418,232.8232,0.2796,0.1739
2015-04-21T00:44:59.461Z,5.3817,68.8175,233.0847,0.2951,0.0786,-7.3278,61.1692,231.9739,0.2639,-0.1254,11.2785,64.3683,233.1091,0.2766,0.1778
2015-04-21T00:45:59.810Z,5.4615,69.8449,232.7522,0.2999,0.0791,-7.7984,63.8366,229.9068,0.2773,-0.1225,11.0131,65.213,233.5643,0.2792,0.1689
2015-04-21T00:46:59.289Z,5.7308,70.25,233.3257,0.3009,0.081,-7.233,62.4052,231.2599,0.2699,-0.1181,11.5349,64.2259,234.2362,0.2743,0.1808
2015-04-21T00:47:59.647Z,5.3426,70.023,232.939,0.3009,0.0779,-6.8235,63.0934,233.5233,0.2701,-0.1109,11.2949,64.5649,233.0976,0.2771,0.1754
2015-04-21T00:48:59.832Z,5.4482,70.2021,232.6388,0.3012,0.0784,-7.2931,62.304,233.5519,0.2666,-0.118,11.7804,64.086,233.4316,0.2744,0.1836
2015-04-21T00:49:59.249Z,5.1488,69.9112,232.5931,0.3007,0.0731,-7.1326,63.8219,233.5879,0.2733,-0.1113,10.833,65.0814,233.1619,0.2793,0.1683
2015-04-21T00:50:59.026Z,5.4104,68.409,233.2395,0.2933,0.0821,-7.4474,63.014,234.0925,0.2693,-0.1188,11.6005,63.1415,233.9157,0.2692,0.1863
2015-04-21T00:51:59.294Z,5.5975,70.4332,232.9315,0.3027,0.0815,-7.1234,63.5935,233.4225,0.2726,-0.1141,11.5304,63.1105,232.9849,0.2704,0.184
2015-04-21T00:52:59.638Z,5.5787,69.7109,233.5279,0.2981,0.081,-6.9338,63.5493,233.796,0.2725,-0.1118,11.2375,63.5189,232.9585,0.2731,0.1775
2015-04-21T00:53:59.965Z,6.0024,69.9952,233.7834,0.2992,0.0858,-7.1229,62.3464,234.0663,0.2665,-0.1163,11.4099,64.2797,233.2302,0.2752,0.1785
2015-04-21T00:54:59.038Z,5.523,71.1533,234.0721,0.3042,0.0781,-6.9425,63.8162,234.2454,0.2724,-0.1101,11.8057,64.3234,233.6572,0.2752,0.1825
2015-04-21T00:55:59.224Z,5.2367,70.2253,232.8308,0.3014,0.0758,-6.993,63.7059,233.5732,0.2733,-0.1104,11.7303,65.3515,233.2186,0.2801,0.1788
2015-04-21T00:56:59.504Z,4.9786,69.4877,232.5478,0.2989,0.0719,-7.2678,61.6937,233.4992,0.2638,-0.1192,10.9734,64.2365,232.9768,0.2758,0.1743
2015-04-21T00:57:59.085Z,5.5467,70.8302,232.2064,0.3047,0.0794,-7.0122,62.9948,232.9227,0.2706,-0.1127,11.1678,64.5953,232.5807,0.2783,0.1739
2015-04-21T00:58:59.515Z,5.4982,69.5089,232.5118,0.299,0.0788,-7.3835,62.6432,232.9846,0.2685,-0.1192,11.1628,64.3827,232.7476,0.2767,0.174
2015-04-21T00:59:59.814Z,5.5698,69.4977,232.3338,0.2992,0.081,-6.9515,63.067,232.714,0.2712,-0.1131,11.0645,64.3051,232.7553,0.2762,0.1721
