2015-04-05T00:00:59.820Z,7.0173,46.5112,231.4938,0.2014,0.1522,-6.604,37.9069,231.2649,0.1637,-0.1847,90.56,98.6863,232.6343,0.4245,0.9181
2015-04-05T00:01:59.606Z,6.4763,48.4768,231.7618,0.2092,0.1333,-7.0321,34.4815,231.2266,0.1492,-0.2147,90.4762,97.7773,232.7333,0.4196,0.9258
2015-04-05T00:02:59.979Z,6.2145,48.4462,231.659,0.2097,0.1277,-6.499,35.9025,231.3221,0.1555,-0.1957,90.2044,98.8399,232.7166,0.4245,0.9138
2015-04-05T00:03:59.759Z,6.1394,49.2928,231.5363,0.2128,0.1256,-7.0248,35.8381,231.3328,0.1549,-0.2053,89.9619,97.1888,232.3384,0.418,0.9262
2015-04-05T00:04:59.990Z,6.4145,48.568,231.3026,0.2105,0.1312,-7.1536,36.4625,231.1283,0.1583,-0.2097,90.0716,97.4013,231.9899,0.4199,0.9263
2015-04-05T00:05:59.202Z,6.5596,48.1106,231.111,0.2079,0.1338,-7.04,36.0809,230.5939,0.1566,-0.2052,89.8734,97.2685,231.6752,0.4198,0.9252
2015-04-05T00:06:59.473Z,7.2217,48.443,231.0526,0.2096,0.1476,-5.9941,34.8085,230.5067,0.1512,-0.1913,90.1629,97.0674,232.2637,0.4174,0.9293
2015-04-05T00:07:59.191Z,6.2876,48.8039,231.3392,0.2108,0.1289,-6.7587,34.6838,230.798,0.15,-0.2093,89.7941,98.2316,232.2652,0.4229,0.9154
2015-04-05T00:08:59.490Z,5.3034,48.8413,231.807,0.2107,0.1098,-6.7091,35.3725,230.892,0.1532,-0.2009,89.1369,97.1718,232.1004,0.4184,0.9184
2015-04-05T00:09:59.761Z,5.3201,47.441,232.3499,0.2039,0.1135,-6.6162,32.4724,230.8616,0.1408,-0.2082,90.4167,97.4615,232.7577,0.4183,0.9275
2015-04-05T00:10:59.546Z,5.8891,49.0774,232.2033,0.2109,0.1193,-6.6351,36.0667,230.7583,0.1563,-0.1893,89.9199,97.12,231.8876,0.4187,0.9271
2015-04-05T00:11:59.033Z,6.4008,49.6097,232.1588,0.214,0.1298,-7.0142,35.0558,230.5583,0.1524,-0.2083,90.1459,97.6926,231.9351,0.4211,0.9229
2015-04-05T00:12:59.416Z,6.6767,48.1862,232.3223,0.2075,0.1391,-6.5661,35.717,230.8703,0.1545,-0.2002,90.0841,97.5957,232.3235,0.4196,0.9239
2015-04-05T00:13:59.826Z,6.7823,48.7318,230.999,0.2104,0.139,-7.0337,36.4963,231.162,0.158,-0.2003,90.7129,98.047,232.5789,0.4214,0.9259
2015-04-05T00:14:59.845Z,6.7659,49.0611,230.9982,0.2123,0.1378,-7.011,34.2104,230.6074,0.1481,-0.2148,89.6768,96.7396,231.919,0.4166,0.9275
2015-04-05T00:15:59.674Z,6.5664,48.5877,231.0445,0.2105,0.1338,-7.1743,35.8712,231.1307,0.1554,-0.2099,89.7615,97.3089,231.473,0.4199,0.9237
2015-04-05T00:16:59.901Z,5.7708,49.008,231.3555,0.2118,0.1177,-6.3407,36.5192,231.9221,0.1578,-0.1864,89.683,97.5642,231.3857,0.4219,0.9196
2015-04-05T00:17:59.012Z,5.5181,48.047,232.9716,0.206,0.1157,-6.8874,35.862,232.0722,0.1548,-0.1982,90.4728,97.773,232.6558,0.42,0.9263
2015-04-05T00:18:59.629Z,5.8266,48.7008,233.5005,0.209,0.1189,-6.8882,34.5191,232.277,0.1485,-0.2057,90.1552,97.9286,232.576,0.4211,0.9215
2015-04-05T00:19:59.203Z,6.1376,49.6676,233.3912,0.2131,0.1226,-7.5407,35.351,231.9271,0.1525,-0.2166,90.5176,97.6312,232.5108,0.4202,0.9278
2015-04-05T00:20:59.130Z,6.6615,47.9383,233.118,0.2056,0.1401,-6.7917,34.7016,231.8776,0.1501,-0.2099,90.5271,97.9404,232.6354,0.4216,0.9256
2015-04-05T00:21:59.367Z,6.2926,48.2231,232.8685,0.2067,0.1301,-6.7086,34.9181,231.9114,0.1503,-0.2005,90.9988,98.6998,232.9357,0.4234,0.923
2015-04-05T00:22:59.575Z,5.3785,48.92,233.3231,0.2093,0.1089,-6.5129,35.3681,231.9378,0.1525,-0.1904,90.5843,98.6136,233.0736,0.4233,0.9197
2015-04-05T00:23:59.301Z,6.2232,48.5032,232.6123,0.208,0.1254,-6.5552,34.8932,232.0089,0.1501,-0.1963,90.7386,98.5282,232.7762,0.4233,0.9224
2015-04-05T00:24:59.025Z,5.9186,48.9221,232.0954,0.2109,0.1219,-6.7769,35.9858,231.5448,0.1554,-0.1952,90.6859,98.0034,232.3534,0.4218,0.9266
2015-04-05T00:25:59.374Z,6.1742,48.0491,231.9807,0.207,0.1283,-7.0858,33.2376,231.5388,0.1437,-0.2195,89.7922,98.0287,232.1572,0.4223,0.9171
2015-04-05T00:26:59.835Z,6.4716,48.2647,231.3729,0.2085,0.1345,-7.0077,35.7822,231.7358,0.1543,-0.2025,89.6757,97.188,231.383,0.42,0.9245
2015-04-05T00:27:59.126Z,6.2409,48.017,232.0966,0.2071,0.128,-7.1736,38.7263,231.8176,0.1669,-0.2024,90.0443,97.6856,232.2348,0.4211,0.9226
2015-04-05T00:28:59.428Z,6.4867,49.5741,232.3101,0.2133,0.1307,-6.7263,34.0233,231.9058,0.1465,-0.2131,90.1029,96.97,232.2451,0.4175,0.9301
2015-04-05T00:29:59.635Z,5.2236,48.6601,232.2004,0.2098,0.107,-6.6002,33.2404,232.0651,0.1428,-0.2103,90.1473,96.9632,232.0775,0.4178,0.9305
2015-04-05T00:30:59.280Z,5.593,48.8669,232.3723,0.2104,0.1157,-6.4398,34.3791,232.2108,0.1479,-0.1952,90.5812,97.7574,232.2854,0.4212,0.9276
2015-04-05T00:31:59.998Z,5.1866,47.8685,231.4473,0.2066,0.1098,-6.6654,35.6041,232.1432,0.1536,-0.195,89.9259,97.2412,232.5626,0.4185,0.9249
2015-04-05T00:32:59.186Z,5.077,48.7368,232.2349,0.2097,0.104,-6.6389,31.9496,229.6598,0.1392,-0.2199,91.2757,98.5867,233.4896,0.4226,0.927
2015-04-05T00:33:59.510Z,6.0278,48.1454,232.0795,0.2074,0.1222,-6.9852,36.3963,229.8832,0.1582,-0.1976,91.0696,98.9186,233.2805,0.4236,0.9212
2015-04-05T00:34:59.586Z,6.5797,48.733,232.1467,0.21,0.1347,-7.0491,36.0754,231.6803,0.1558,-0.2037,90.2887,97.7166,232.432,0.4201,0.9245
2015-04-05T00:35:59.830Z,5.763,48.8481,232.4911,0.2104,0.1181,-6.7475,36.4958,231.8977,0.1571,-0.1931,90.5542,97.8211,232.2907,0.4208,0.9267
2015-04-05T00:36:59.475Z,5.5805,48.3691,232.8584,0.2079,0.1153,-6.8999,35.3009,231.5491,0.1524,-0.2011,90.3271,97.9312,232.5019,0.4205,0.9231
2015-04-05T00:37:59.776Z,5.8324,48.5523,232.5854,0.2085,0.1187,-6.8919,36.3516,232.689,0.156,-0.2,90.3373,96.9243,232.8399,0.4165,0.9322
2015-04-05T00:38:59.239Z,6.514,48.4611,232.2161,0.2087,0.134,-6.5351,37.4456,232.4598,0.1619,-0.1951,90.1612,98.0189,232.796,0.421,0.9201
2015-04-05T00:39:59.956Z,5.5264,47.4247,232.3272,0.2039,0.1153,-6.7101,36.2298,232.0448,0.1563,-0.1905,90.4879,98.6612,232.8091,0.4236,0.9183
2015-04-05T00:40:59.400Z,6.3546,49.1811,232.339,0.2121,0.127,-6.7276,35.3568,231.725,0.1526,-0.2091,91.4613,98.9438,233.5041,0.4239,0.9253
2015-04-05T00:41:59.869Z,6.7796,48.468,232.4853,0.2087,0.1391,-7.3346,35.5552,231.5246,0.1535,-0.2162,91.0146,99.0702,233.6532,0.4239,0.9202
2015-04-05T00:42:59.843Z,6.7119,48.047,232.5947,0.2067,0.1395,-7.2598,35.9524,231.2884,0.1557,-0.2113,91.236,98.5834,233.6116,0.4216,0.9266
2015-04-05T00:43:59.081Z,7.0228,47.8628,232.3375,0.2063,0.1461,-6.6692,36.9234,231.6112,0.1591,-0.193,91.4487,99.3446,233.6934,0.4255,0.9218
2015-04-05T00:44:59.444Z,5.8695,50.0303,232.504,0.2157,0.1174,-6.7649,33.9923,231.5212,0.1467,-0.2103,90.6734,99.1058,233.3524,0.425,0.9153
2015-04-05T00:45:59.757Z,6.2278,48.0988,232.1164,0.2079,0.1282,-7.2418,35.868,230.9595,0.1552,-0.2142,90.6135,98.5457,232.7803,0.4233,0.9207
2015-04-05T00:46:59.137Z,6.3077,48.8139,233.062,0.2096,0.1282,-7.049,36.1436,230.8217,0.1563,-0.2022,90.9183,98.9051,232.8152,0.4252,0.9203
2015-04-05T00:47:59.865Z,6.2595,49.1807,232.8977,0.2112,0.128,-6.6428,35.6446,232.11,0.1533,-0.1986,91.2932,98.1462,233.6571,0.4198,0.9303
2015-04-05T00:48:59.050Z,6.816,48.8867,231.7918,0.211,0.1383,-7.359,35.723,231.9463,0.1541,-0.2177,90.9859,98.547,233.3464,0.4227,0.9234
2015-04-05T00:49:59.215Z,6.569,48.6705,231.6626,0.2108,0.1327,-6.7247,37.7462,231.8091,0.1626,-0.1927,90.7998,97.8452,233.3987,0.4191,0.9284
2015-04-05T00:50:59.481Z,6.7338,48.7536,231.4195,0.2107,0.1399,-6.7527,35.0012,231.6885,0.1512,-0.2018,91.1281,98.4142,233.4278,0.422,0.9267
2015-04-05T00:51:59.753Z,6.7445,48.7254,231.489,0.2107,0.1397,-6.9637,34.5704,231.5689,0.149,-0.2117,90.9004,97.7503,233.174,0.4192,0.9307
2015-04-05T00:52:59.021Z,5.9743,49.3573,232.2541,0.2126,0.12,-7.205,34.9326,231.0888,0.1513,-0.216,90.5871,98.3556,232.5381,0.4231,0.9219
2015-04-05T00:53:59.491Z,6.6632,48.2624,232.1385,0.2077,0.1393,-7.1642,35.1301,231.2346,0.152,-0.2143,89.9714,97.7557,232.5357,0.4207,0.9215
2015-04-05T00:54:59.011Z,5.3092,47.9733,232.5078,0.2064,0.111,-6.5296,34.349,231.287,0.1483,-0.1942,90.052,97.515,232.401,0.4197,0.9243
2015-04-05T00:55:59.419Z,6.1154,48.3487,231.583,0.209,0.1248,-7.2109,38.3182,230.6417,0.1663,-0.2005,89.8682,97.0976,231.7117,0.419,0.9262
2015-04-05T00:56:59.625Z,6.1725,47.3692,231.0873,0.2051,0.1287,-7.2207,34.777,230.4365,0.1508,-0.2176,90.1186,98.634,232.0075,0.4254,0.9151
2015-04-05T00:57:59.488Z,6.7627,48.6972,232.0142,0.21,0.1375,-7.1896,33.9382,231.0391,0.1469,-0.2258,90.6955,98.7261,232.5761,0.4245,0.9202
2015-04-05T00:58:59.644Z,6.7617,49.922,232.2258,0.2154,0.1359,-7.5272,36.9588,231.3117,0.1598,-0.2117,90.9003,98.1105,233.2678,0.4211,0.9268
2015-04-05T00:59:59.234Z,6.565,48.6926,232.5423,0.2093,0.134,-6.5837,35.3309,231.5728,0.1528,-0.198,91.5111,99.1086,233.842,0.4234,0.9243
2015-04-05T01:00:59.843Z,6.4525,48.0247,232.4966,0.2066,0.1353,-6.8245,36.45,231.3421,0.1578,-0.1984,91.6437,99.9889,234.1093,0.4272,0.9176
2015-04-05T01:01:59.199Z,6.9934,49.6633,232.3449,0.2141,0.1408,-6.9911,36.3471,231.4558,0.1568,-0.2027,91.3976,99.1747,233.8216,0.4238,0.9231
2015-04-05T01:02:59.703Z,7.1336,47.9908,232.4461,0.2062,0.1465,-7.0665,34.0815,231.5107,0.1475,-0.2146,91.1508,98.4203,233.9017,0.4208,0.9268
2015-04-05T01:03:59.449Z,6.4027,49.1442,232.3026,0.2118,0.1299,-6.936,36.1528,231.7152,0.1564,-0.203,91.6032,99.0317,233.732,0.4238,0.9262
2015-04-05T01:04:59.993Z,6.1419,49.308,232.538,0.2124,0.1237,-6.6894,34.144,231.6701,0.1479,-0.2051,90.6179,98.9617,233.552,0.4239,0.9161
2015-04-05T01:05:59.734Z,6.6541,49.1432,231.8996,0.2115,0.1385,-7.5346,36.5711,231.1043,0.1585,-0.2178,91.5773,99.2586,233.278,0.4251,0.9234
2015-04-05T01:06:59.529Z,6.8309,48.3382,231.3589,0.209,0.1409,-6.5312,35.7281,230.9823,0.1549,-0.1932,91.5324,98.6676,233.42,0.4229,0.9288
2015-04-05T01:07:59.098Z,6.7423,49.0864,232.2009,0.2119,0.1368,-6.8243,34.987,231.5477,0.151,-0.2043,91.4477,99.7896,233.644,0.4264,0.917
2015-04-05T01:08:59.104Z,6.8891,47.8184,232.0386,0.2063,0.1442,-7.2458,36.9948,231.5787,0.1599,-0.2076,91.1173,98.231,233.7432,0.4207,0.928
2015-04-05T01:09:59.608Z,6.263,49.4346,232.0962,0.213,0.125,-6.8033,38.2934,231.3684,0.165,-0.1923,91.1545,98.7833,233.778,0.4223,0.9232
2015-04-05T01:11:59.621Z,5.4943,48.385,231.9015,0.2089,0.1139,-6.8317,34.3978,230.914,0.1493,-0.2082,90.7795,98.4802,233.1104,0.4222,0.9223
2015-04-05T01:12:59.010Z,5.9403,49.5739,232.2686,0.2136,0.1187,-6.8258,34.2569,231.4672,0.1482,-0.2031,90.96,98.0976,233.458,0.4207,0.9281
2015-04-05T01:13:59.519Z,6.1596,48.0412,232.0859,0.2072,0.1264,-6.9062,34.0782,231.4034,0.1476,-0.214,90.9046,98.9455,233.2452,0.4241,0.9196
2015-04-05T01:14:59.752Z,6.0992,47.8465,232.437,0.2053,0.1264,-6.8408,33.9355,231.5343,0.1465,-0.2138,91.5719,99.5457,233.1734,0.4269,0.9205
2015-04-05T01:15:59.255Z,6.6093,48.4691,232.0572,0.2086,0.1369,-6.8019,35.0155,230.8206,0.1517,-0.2048,90.849,98.8035,232.7959,0.4243,0.9199
2015-04-05T01:16:59.634Z,5.8402,47.8991,231.6785,0.2064,0.1222,-7.0731,34.969,231.3211,0.1512,-0.2084,90.1219,97.7393,232.2274,0.4206,0.9224
2015-04-05T01:17:59.260Z,6.5168,48.8582,232.4341,0.2103,0.1317,-7.4251,37.6786,231.6284,0.1627,-0.2077,91.3286,98.9311,233.2132,0.4241,0.9243
2015-04-05T01:18:59.518Z,5.5476,48.9324,232.8449,0.2098,0.118,-7.0702,39.3679,231.7105,0.1696,-0.1878,90.8789,98.3072,233.136,0.4214,0.9259
2015-04-05T01:19:59.949Z,5.282,48.0338,232.8035,0.2064,0.1114,-6.4927,34.2812,232.2753,0.1479,-0.2003,91.2168,98.654,233.5212,0.4227,0.9256
2015-04-05T01:20:59.309Z,5.7661,50.2701,232.8758,0.216,0.1164,-6.463,36.5037,232.3509,0.1572,-0.1912,90.5183,97.9687,232.9266,0.4211,0.9248
2015-04-05T01:21:59.655Z,6.3113,49.0085,232.7982,0.2102,0.1303,-6.832,35.707,232.1726,0.1541,-0.1987,90.5348,98.37,232.6055,0.423,0.9214
2015-04-05T01:22:59.604Z,6.1274,48.593,233.4638,0.208,0.1247,-6.6142,34.0981,232.2404,0.1469,-0.2027,90.3909,98.0009,232.5259,0.4215,0.9232
2015-04-05T01:23:59.639Z,7.1707,48.5729,233.0512,0.2093,0.1477,-7.2395,35.854,231.9522,0.1541,-0.2113,90.9262,98.8519,232.6107,0.4252,0.9212
2015-04-05T01:24:59.986Z,6.7416,49.5493,232.1214,0.2133,0.1377,-7.3391,37.2042,232.0787,0.1599,-0.2095,90.7189,98.0154,232.6505,0.4212,0.9266
2015-04-05T01:25:59.344Z,6.8424,48.1903,231.8067,0.207,0.1429,-7.1479,37.3644,231.8797,0.1613,-0.1981,89.9516,97.4103,232.2289,0.4196,0.9232
2015-04-05T01:26:59.620Z,5.9267,48.6148,231.9221,0.2093,0.1193,-7.0388,36.098,232.4633,0.1554,-0.1993,89.9689,97.9588,231.8049,0.423,0.9189
2015-04-05T01:27:59.943Z,7.0481,49.614,232.3171,0.2134,0.1408,-6.621,36.1302,232.6707,0.1553,-0.1937,90.5018,98.0231,232.8611,0.4212,0.9243
2015-04-05T01:28:59.643Z,6.9109,48.7785,232.5014,0.2096,0.1411,-7.0178,35.9687,232.3443,0.1554,-0.2062,91.0566,98.606,232.9936,0.4233,0.9242
2015-04-05T01:29:59.987Z,5.9818,48.7837,232.6603,0.2097,0.1209,-6.9127,36.6556,232.5744,0.1576,-0.2009,91.0931,98.7838,233.2062,0.424,0.9236
2015-04-05T01:30:59.093Z,5.6209,49.21,232.7819,0.2112,0.1159,-7.1046,36.969,232.874,0.1592,-0.2057,90.8761,99.1626,233.466,0.4249,0.918
2015-04-05T01:31:59.329Z,6.6518,49.0356,232.2681,0.2113,0.1347,-7.1141,37.606,232.5254,0.1619,-0.1915,90.9959,98.6166,233.0136,0.424,0.9237
2015-04-05T01:32:59.567Z,6.434,48.9552,232.176,0.2108,0.1316,-6.9312,34.1984,232.424,0.1469,-0.2051,90.6329,98.7796,232.5944,0.4252,0.9193
2015-04-05T01:33:59.050Z,7.0442,49.1511,232.685,0.2114,0.1457,-7.0023,34.7641,230.6388,0.1503,-0.2108,91.1278,98.7146,233.486,0.4223,0.9242
2015-04-05T01:34:59.334Z,5.8127,48.5417,232.9211,0.2084,0.1197,-7.1311,36.3462,228.947,0.1587,-0.2057,91.4785,98.9679,233.7907,0.4233,0.9254
2015-04-05T01:35:59.483Z,6.6716,48.8521,231.123,0.2119,0.1368,-6.7667,34.7958,229.7574,0.1511,-0.2045,90.1582,97.6312,232.6453,0.4196,0.9236
2015-04-05T01:36:59.854Z,5.8027,48.6716,231.0499,0.2107,0.1207,-6.8388,36.5756,230.1098,0.1587,-0.1964,90.4198,97.5907,232.6733,0.4196,0.9275
2015-04-05T01:37:59.405Z,6.7371,48.9587,231.1999,0.2114,0.137,-7.3769,36.1711,231.5868,0.1558,-0.2146,91.907,99.7599,233.652,0.4274,0.9219
2015-04-05T01:38:59.076Z,6.2849,47.7738,231.6246,0.2064,0.1307,-6.8285,32.4163,231.5464,0.1405,-0.2166,91.2469,99.2481,233.6022,0.4246,0.9204
2015-04-05T01:39:59.171Z,6.8962,48.4423,232.4265,0.209,0.1427,-6.8029,36.2808,231.2775,0.1568,-0.1946,91.3476,98.546,233.0555,0.4226,0.9278
2015-04-05T01:40:59.398Z,6.9611,49.1258,232.4555,0.2111,0.1411,-7.6068,34.5393,231.8913,0.1488,-0.2274,91.0837,98.4058,233.689,0.4212,0.9258
2015-04-05T01:41:59.943Z,6.4257,48.8233,232.5233,0.2101,0.1332,-7.2757,36.7952,231.9132,0.1583,-0.206,91.2366,98.8971,233.5943,0.4237,0.9233
2015-04-05T01:42:59.707Z,6.4038,47.8176,232.8133,0.2049,0.1341,-6.7549,37.749,232.1413,0.162,-0.1939,91.1639,98.3586,233.0866,0.4224,0.9274
2015-04-05T01:43:59.910Z,6.1028,48.8926,232.8108,0.2104,0.1261,-7.2833,35.6648,232.1261,0.1539,-0.2074,91.3303,99.0663,233.6818,0.4239,0.9228
2015-04-05T01:44:59.471Z,6.1543,48.9184,233.1372,0.2101,0.1246,-7.0527,34.3509,232.2859,0.1483,-0.2162,91.9256,100.2696,233.9389,0.4288,0.9176
2015-04-05T01:45:59.818Z,5.6748,48.031,232.5902,0.2065,0.1182,-6.6098,32.3604,231.611,0.1399,-0.2116,91.0856,99.9174,233.7952,0.4274,0.9125
2015-04-05T01:46:59.772Z,6.4467,48.1984,232.6451,0.207,0.1305,-6.7555,35.0342,230.818,0.1518,-0.2052,91.017,99.353,233.986,0.4243,0.9168
2015-04-05T01:47:59.848Z,6.167,48.1091,232.8144,0.2066,0.128,-6.9125,36.5953,231.8432,0.1574,-0.1974,91.7627,99.4993,234.3092,0.4248,0.9227
2015-04-05T01:48:59.171Z,5.7459,49.5777,232.814,0.2128,0.1177,-7.0451,36.9054,232.0296,0.1586,-0.2028,91.7697,99.0386,234.0279,0.4236,0.9273
2015-04-05T01:50:59.545Z,6.3738,48.8567,233.2913,0.2097,0.1301,-7.1794,37.1514,232.0616,0.1602,-0.2009,91.365,98.6237,233.7005,0.422,0.9275
2015-04-05T01:51:59.106Z,6.8225,47.3767,233.6936,0.2027,0.1446,-6.9346,33.1943,232.0245,0.1431,-0.217,90.6016,98.9338,232.8707,0.4251,0.9173
2015-04-05T01:52:59.436Z,5.3784,49.2618,233.3637,0.2108,0.109,-6.4663,36.5373,232.197,0.1575,-0.1884,90.9564,99.1645,233.4785,0.4247,0.9181
2015-04-05T01:53:59.812Z,5.9734,49.0705,233.1434,0.2107,0.1209,-6.5685,35.4703,231.9516,0.1538,-0.1943,91.1617,99.1592,233.3301,0.4257,0.9208
2015-04-05T01:54:59.848Z,6.8702,49.5525,233.2953,0.2126,0.1375,-6.8269,38.1035,232.0189,0.1647,-0.1951,91.3797,99.2459,233.7563,0.4242,0.9219
2015-04-05T01:55:59.234Z,6.8396,48.2403,232.7309,0.2077,0.1427,-7.0738,33.8802,231.1337,0.1464,-0.2113,90.3773,98.1178,233.1034,0.4212,0.9229
2015-04-05T01:56:59.786Z,7.3638,48.7763,232.2108,0.2096,0.149,-7.3165,35.132,231.3726,0.1519,-0.2195,90.8535,98.6863,233.0664,0.4236,0.9222
2015-04-05T01:57:59.374Z,6.0846,49.8251,233.6513,0.2135,0.1227,-7.3434,36.7965,231.6089,0.1586,-0.207,91.1407,98.9153,233.3757,0.424,0.9224
2015-04-05T01:58:59.150Z,6.4661,48.7238,233.9623,0.2087,0.133,-6.5309,35.4016,229.5672,0.154,-0.1987,91.3862,98.9682,234.0656,0.4228,0.9248
2015-04-05T01:59:59.473Z,6.9908,48.6461,233.5271,0.2084,0.1435,-7.4014,34.07,231.4159,0.1475,-0.2221,91.639,99.3461,233.402,0.426,0.9227
