2015-05-24T00:00:59.360Z,6.0754,70.7698,232.9866,0.3037,0.0871,-7.5375,65.3177,233.5293,0.2799,-0.1186,11.7685,67.0288,232.8567,0.2877,0.1757
2015-05-24T00:01:59.725Z,5.9775,73.0088,232.8497,0.3135,0.0823,-7.6334,67.0759,233.2193,0.2877,-0.1159,11.8352,66.9924,232.9697,0.2877,0.177
2015-05-24T00:02:59.867Z,6.1367,72.8699,232.534,0.3132,0.0862,-8.1466,65.9575,233.1734,0.2827,-0.1236,12.0875,67.6655,233.1424,0.2902,0.1793
2015-05-24T00:03:59.224Z,6.7504,73.1656,232.5555,0.3146,0.0936,-7.4751,65.8944,233.1525,0.2821,-0.1143,12.0187,67.0402,233.434,0.2872,0.1802
2015-05-24T00:04:59.563Z,6.3507,71.7266,231.7677,0.3092,0.0898,-8.0342,66.1747,233.5948,0.2836,-0.1267,12.2254,66.8171,232.8524,0.2874,0.1904
2015-05-24T00:05:59.560Z,6.5024,72.7749,232.0237,0.3133,0.0909,-7.6746,65.7488,233.8514,0.2805,-0.1163,12.1822,67.5796,232.9908,0.29,0.1811
2015-05-24T00:06:59.903Z,6.5508,71.7991,232.1292,0.3092,0.0926,-7.7414,66.8943,233.7514,0.2863,-0.1189,12.293,66.9954,232.7754,0.2878,0.1851
2015-05-24T00:07:59.300Z,7.0123,72.3487,232.0866,0.3113,0.0974,-7.737,66.7137,233.7369,0.2851,-0.1178,12.1,66.6017,233.0623,0.2858,0.1828
2015-05-24T00:08:59.938Z,6.0307,69.2666,230.98,0.2995,0.0882,-7.9639,64.786,234.0841,0.2764,-0.1268,12.1915,65.6724,233.0284,0.2818,0.1882
2015-05-24T00:09:59.512Z,5.866,71.5241,231.0401,0.3097,0.0826,-7.5317,67.919,234.0034,0.2901,-0.1177,12.3106,66.6563,232.8277,0.2866,0.1902
2015-05-24T00:10:59.131Z,6.2691,70.5155,230.8147,0.3048,0.0899,-7.7711,67.0187,233.5453,0.2871,-0.1184,11.9907,65.716,232.9591,0.2816,0.1836
2015-05-24T00:11:59.450Z,6.286,71.9916,231.2065,0.3115,0.0873,-7.8192,65.4852,233.3319,0.2804,-0.1222,12.5522,66.7689,232.9073,0.2868,0.1899
2015-05-24T00:12:59.918Z,7.0616,73.2261,233.2475,0.3143,0.0986,-7.8976,66.0809,231.2427,0.2855,-0.1225,11.8479,66.7577,233.3114,0.2862,0.1782
2015-05-24T00:13:59.858Z,7.3234,72.5,233.3921,0.3106,0.1034,-8.3533,66.1533,231.1484,0.2866,-0.1281,12.5534,65.738,233.0923,0.2821,0.1967
2015-05-24T00:14:59.253Z,5.8203,72.1688,232.8222,0.3101,0.082,-7.6558,66.5208,233.4859,0.2844,-0.116,12.2277,66.3058,232.7133,0.2851,0.1857
2015-05-24T00:15:59.447Z,6.4029,71.7169,232.7047,0.3082,0.0912,-8.0923,65.8423,233.5042,0.2814,-0.1232,12.3048,68.3841,232.7221,0.2938,0.1786
2015-05-24T00:16:59.656Z,6.6773,71.9722,232.8397,0.3086,0.0947,-7.9614,64.5738,233.3493,0.2773,-0.1226,12.3688,66.8473,232.8597,0.2875,0.1869
2015-05-24T00:17:59.160Z,6.4212,72.5709,233.0536,0.3118,0.0883,-8.11,67.2151,233.5598,0.2878,-0.1223,11.3728,66.8364,233.0118,0.2868,0.1722
2015-05-24T00:18:59.145Z,6.3701,71.7747,232.9137,0.3082,0.0904,-7.9542,66.2864,233.8177,0.2837,-0.1224,12.0911,66.4419,233.2315,0.2845,0.1821
2015-05-24T00:19:59.634Z,6.4874,72.6003,232.7798,0.3114,0.0899,-7.5505,65.6287,233.7257,0.2809,-0.1176,12.1964,67.216,233.2097,0.2885,0.1823
2015-05-24T00:20:59.933Z,6.2575,72.5914,233.0596,0.3109,0.0875,-8.1391,65.9938,233.8879,0.2814,-0.1241,12.1553,67.9033,233.5295,0.2907,0.1804
2015-05-24T00:21:59.082Z,6.6044,72.7488,232.4116,0.313,0.0912,-7.3891,66.1125,233.4662,0.2833,-0.1133,11.5722,67.743,233.3652,0.2902,0.1706
2015-05-24T00:22:59.448Z,6.4467,70.3176,232.4285,0.3025,0.0924,-7.8748,65.4554,233.2271,0.2811,-0.1271,11.8337,65.7264,232.715,0.2825,0.1828
2015-05-24T00:23:59.787Z,6.7429,71.7882,232.7745,0.3086,0.0946,-8.3215,67.6314,233.3542,0.2898,-0.128,11.891,66.1572,232.5428,0.2845,0.1827
2015-05-24T00:24:59.095Z,6.5329,71.6066,232.3909,0.3083,0.0928,-7.9202,63.7612,233.1617,0.2733,-0.1241,11.5989,64.3516,232.6428,0.2767,0.1819
2015-05-24T00:25:59.583Z,6.1973,71.228,232.1774,0.3064,0.0893,-7.4744,65.1043,233.1554,0.2793,-0.1176,12.2543,65.6695,232.5255,0.2826,0.1878
2015-05-24T00:26:59.131Z,6.5225,72.1967,232.6067,0.3105,0.0913,-8.3624,65.6767,233.4131,0.2813,-0.1312,12.0684,67.6605,233.174,0.29,0.1793
2015-05-24T00:27:59.863Z,6.5526,72.9489,232.9692,0.313,0.09,-8.0691,65.4343,233.3871,0.2808,-0.1262,12.0103,65.0896,233.1662,0.2795,0.1905
2015-05-24T00:28:59.212Z,6.5441,72.1092,232.9349,0.3094,0.0914,-7.6524,66.3632,233.5007,0.2843,-0.1164,12.4083,67.3699,233.217,0.2886,0.1907
2015-05-24T00:29:59.812Z,6.4229,73.384,233.2614,0.3143,0.089,-7.6085,68.0267,233.6896,0.2905,-0.113,12.3329,68.1934,233.5658,0.2912,0.1814
2015-05-24T00:30:59.720Z,6.5956,72.3734,232.8429,0.3111,0.0911,-7.6787,66.541,233.5125,0.2844,-0.1165,12.0699,67.5823,233.1929,0.2895,0.1776
2015-05-24T00:31:59.658Z,5.6851,73.7536,233.2079,0.3162,0.0778,-7.5107,67.9915,234.0247,0.2905,-0.1135,12.0112,66.3474,233.8609,0.2842,0.1804
2015-05-24T00:32:59.909Z,6.2048,72.7565,232.1312,0.3127,0.0868,-8.2389,64.7245,233.9551,0.2768,-0.1278,12.0704,67.5998,233.7373,0.289,0.1789
2015-05-24T00:33:59.264Z,6.4698,71.264,232.227,0.3063,0.0928,-7.7613,64.7501,234.1899,0.2766,-0.1252,11.8314,67.6731,233.8307,0.2897,0.1769
2015-05-24T00:34:59.265Z,6.4558,72.3309,232.8048,0.311,0.0905,-8.1338,66.642,232.4042,0.2873,-0.1235,12.2576,65.9165,234.0834,0.2812,0.1915
2015-05-24T00:35:59.644Z,6.3662,73.4066,233.7678,0.3137,0.0875,-8.1447,66.8146,231.1621,0.2888,-0.1233,12.0973,68.0782,235.1328,0.29,0.1774
2015-05-24T00:36:59.367Z,6.1739,74.0632,233.6543,0.3172,0.0844,-8.7918,67.2233,233.1648,0.2886,-0.1312,12.0243,67.99,234.2742,0.2899,0.1783
2015-05-24T00:37:59.682Z,6.4982,71.8771,232.9436,0.3093,0.0909,-7.9688,66.1305,234.1933,0.282,-0.1243,12.6535,67.6223,234.0521,0.2888,0.1899
2015-05-24T00:38:59.226Z,6.3001,72.794,233.26,0.3121,0.0881,-8.0066,65.2226,233.605,0.2789,-0.1243,12.0743,66.3451,233.8608,0.2832,0.1878
2015-05-24T00:39:59.479Z,6.2273,71.8658,232.364,0.3092,0.0874,-8.0216,65.5558,234.3287,0.2798,-0.1236,12.0214,67.9677,234.0209,0.2907,0.1787
2015-05-24T00:40:59.079Z,6.66,72.4722,232.6388,0.3113,0.0934,-8.016,65.8107,234.1559,0.281,-0.1256,12.0103,67.1102,233.5599,0.2871,0.1788
2015-05-24T00:41:59.314Z,6.4324,73.8154,232.4235,0.317,0.0875,-7.7903,64.6908,233.9651,0.2767,-0.1218,12.3633,67.697,233.383,0.2902,0.183
2015-05-24T00:42:59.867Z,6.6148,72.5732,232.1104,0.3126,0.0928,-8.0539,67.0296,234.1423,0.2863,-0.1227,11.9997,67.4239,234.0376,0.2879,0.1808
2015-05-24T00:43:59.199Z,6.2353,72.7229,232.764,0.3127,0.0873,-7.7237,67.3618,233.7711,0.288,-0.1174,12.2548,67.2799,234.028,0.288,0.1824
2015-05-24T00:44:59.622Z,6.0493,72.6118,233.4621,0.3111,0.0844,-8.101,65.3516,234.0903,0.279,-0.1248,12.4048,68.2637,234.6801,0.2904,0.1829
2015-05-24T00:45:59.619Z,6.6655,72.7415,232.914,0.312,0.0916,-8.1681,65.7765,234.1378,0.2809,-0.1247,12.4014,67.9707,234.6569,0.2899,0.1836
2015-05-24T00:47:59.194Z,6.7886,72.8999,232.3323,0.3135,0.0943,-7.8554,65.753,233.7002,0.2812,-0.1215,12.0422,66.5355,234.177,0.2839,0.1809
2015-05-24T00:48:59.140Z,6.6718,72.083,232.3075,0.3109,0.0947,-7.9968,65.5751,233.4973,0.2803,-0.1251,11.9856,65.87,233.9679,0.2812,0.1865
2015-05-24T00:49:59.721Z,6.053,72.1696,232.0471,0.3115,0.0843,-7.7148,67.8576,233.4032,0.2908,-0.1162,11.9703,67.7705,233.7571,0.2903,0.1765
2015-05-24T00:50:59.843Z,6.1159,73.1559,232.4504,0.3145,0.0829,-8.2112,67.0841,233.7887,0.2875,-0.1234,12.1441,67.8232,234.3677,0.2893,0.1793
2015-05-24T00:51:59.147Z,6.4459,72.6906,232.0664,0.3132,0.0903,-7.8882,66.6267,233.6708,0.2853,-0.1203,11.9432,69.3313,234.0756,0.2962,0.1741
2015-05-24T00:52:59.169Z,6.5069,72.3031,232.0219,0.3114,0.0916,-8.1763,67.8936,232.8326,0.2913,-0.1225,12.4866,67.247,233.641,0.2873,0.186
2015-05-24T00:53:59.868Z,5.9984,72.0601,232.7321,0.3095,0.0845,-7.6225,67.4743,232.8237,0.2899,-0.1209,11.8457,65.2113,233.2295,0.2793,0.1866
2015-05-24T00:54:59.284Z,6.2441,72.5322,232.8663,0.3113,0.0876,-7.6877,67.1948,232.3967,0.289,-0.1162,11.7782,66.8782,233.1481,0.2864,0.1774
2015-05-24T00:55:59.069Z,6.281,72.2871,232.9324,0.3101,0.0891,-7.7745,66.748,231.9445,0.2877,-0.119,11.7648,67.5486,233.3963,0.2898,0.174
2015-05-24T00:56:59.361Z,6.6177,72.7204,232.6798,0.3125,0.0919,-7.8991,66.9422,232.846,0.2881,-0.1209,12.6899,67.3382,233.1755,0.2888,0.189
2015-05-24T00:57:59.997Z,6.9783,73.274,232.6017,0.3152,0.0975,-7.9096,66.5021,233.011,0.2853,-0.1203,12.1017,66.8984,233.3586,0.2866,0.1823
2015-05-24T00:59:59.355Z,6.2193,72.8531,232.6736,0.3133,0.0864,-7.4639,66.1564,232.8914,0.2842,-0.1144,11.7244,67.5959,232.8857,0.2902,0.1743
