2015-02-27T00:00:59.927Z,3.2396,67.3916,232.5043,0.2898,0.0502,3.0291,62.1051,233.681,0.2659,0.0502,82.6655,102.933,233.4738,0.4407,0.8041
2015-02-27T00:01:59.139Z,2.5474,70.975,232.3608,0.3051,0.0362,3.4323,62.6584,233.8639,0.268,0.0551,82.9737,102.837,233.4448,0.4407,0.8081
2015-02-27T00:02:59.438Z,2.4234,69.9546,232.6833,0.3,0.0341,2.4955,61.593,233.3393,0.2637,0.0404,82.8874,104.3846,233.7953,0.4466,0.7952
2015-02-27T00:03:59.658Z,2.5018,68.914,232.982,0.2958,0.0368,2.8249,61.3392,233.3033,0.2631,0.0503,83.6497,104.063,234.0513,0.4446,0.8053
2015-02-27T00:04:59.975Z,3.26,69.3571,233.1729,0.297,0.0466,3.1362,63.3909,233.4373,0.2714,0.0511,83.1348,103.657,233.8526,0.443,0.8024
2015-02-27T00:05:59.128Z,2.9146,68.9418,232.3674,0.2966,0.0432,2.6988,61.4538,233.3933,0.2633,0.0433,83.3407,103.0711,233.9061,0.4403,0.8094
2015-02-27T00:06:59.348Z,3.0459,70.3648,231.8295,0.3034,0.0425,3.0986,61.3811,231.1714,0.2649,0.0505,83.5357,104.8425,233.5789,0.4489,0.7971
2015-02-27T00:07:59.676Z,2.7453,69.3459,231.8662,0.2988,0.0407,2.4959,61.2537,228.5548,0.268,0.0411,82.8666,103.3712,233.7877,0.442,0.8025
2015-02-27T00:08:59.996Z,2.9648,68.8977,232.5986,0.2962,0.0442,3.1692,60.683,231.6966,0.2622,0.0544,82.2326,103.18,232.5601,0.4443,0.7982
2015-02-27T00:09:59.280Z,2.7931,70.243,232.9366,0.3014,0.0392,3.3319,61.1777,230.5322,0.2651,0.0553,82.1974,102.6672,232.0593,0.4428,0.802
2015-02-27T00:10:59.510Z,2.6195,69.0796,232.4437,0.2975,0.0374,2.9403,61.854,231.799,0.2663,0.0481,82.6497,102.7601,232.759,0.4416,0.8057
2015-02-27T00:11:59.737Z,2.9413,69.1325,232.685,0.2972,0.0435,2.7282,60.9532,231.82,0.2633,0.0449,82.3841,102.9537,232.8462,0.4422,0.8016
2015-02-27T00:12:59.036Z,3.3819,69.3737,233.0637,0.2974,0.049,3.3572,61.7575,231.9603,0.2658,0.0544,83.6656,105.1936,233.3737,0.451,0.7961
2015-02-27T00:13:59.329Z,3.0089,69.246,233.4947,0.2968,0.0437,2.9836,61.7961,231.8195,0.2664,0.0488,83.17,104.1026,233.3536,0.446,0.7998
2015-02-27T00:14:59.498Z,2.4571,68.5807,232.916,0.2942,0.0354,2.8614,61.8756,231.4527,0.2673,0.0447,82.9313,103.5544,233.5911,0.4432,0.8013
2015-02-27T00:15:59.720Z,2.4441,69.2098,233.0225,0.2968,0.0363,2.9725,62.0085,231.3499,0.2679,0.0485,83.5795,104.9735,233.9504,0.4485,0.7971
2015-02-27T00:16:59.999Z,3.3115,68.8733,233.2333,0.2953,0.0479,3.1362,61.0404,231.8687,0.2638,0.0513,83.8934,104.7334,234.308,0.4472,0.8023
2015-02-27T00:17:59.366Z,3.4351,67.6322,232.479,0.291,0.0521,3.2824,60.7,230.7067,0.2627,0.0527,83.0212,103.4046,233.7163,0.4428,0.8039
2015-02-27T00:18:59.680Z,3.4167,69.8238,232.6322,0.3005,0.0487,3.4454,61.383,227.9387,0.2692,0.0541,83.5327,104.0132,234.1742,0.4443,0.8041
2015-02-27T00:19:59.988Z,2.936,68.9827,232.6873,0.296,0.043,2.5359,61.5249,228.8668,0.2689,0.0391,82.3525,102.7392,232.2964,0.4423,0.8033
2015-02-27T00:20:59.281Z,2.8438,70.1012,232.4816,0.3013,0.0418,3.0981,60.6226,229.6983,0.2639,0.052,83.0878,104.0172,233.021,0.4464,0.7994
2015-02-27T00:21:59.546Z,3.0674,70.0034,232.7526,0.3011,0.0446,3.0182,61.633,227.9235,0.2708,0.0462,82.9212,102.6824,233.6156,0.4401,0.8087
2015-02-27T00:22:59.766Z,3.5699,68.6709,232.5901,0.2951,0.0527,3.4638,61.1902,229.9614,0.266,0.0559,82.7135,103.5266,233.0255,0.4441,0.8
2015-02-27T00:23:59.994Z,2.6068,69.3482,232.8633,0.2978,0.0374,2.5459,64.1585,231.9776,0.2764,0.0391,83.1543,104.2534,233.4144,0.4463,0.7985
2015-02-27T00:24:59.161Z,2.414,69.5731,232.91,0.2987,0.0359,2.9729,60.7663,231.9919,0.2619,0.0488,83.4238,104.6926,233.5913,0.448,0.7979
2015-02-27T00:25:59.339Z,2.8678,68.0675,232.5341,0.2925,0.0421,2.956,62.2343,232.3364,0.268,0.0469,83.528,103.5821,233.6249,0.4436,0.8071
2015-02-27T00:26:59.567Z,3.26,68.9181,232.4075,0.296,0.048,3.0432,61.8389,232.9579,0.2653,0.0498,84.1393,104.5418,234.0822,0.4466,0.8058
2015-02-27T00:27:59.915Z,2.9448,67.7423,231.4985,0.2926,0.0436,3.3372,61.1138,232.1743,0.2629,0.0572,82.6699,103.9754,233.4116,0.4458,0.7964
2015-02-27T00:28:59.135Z,2.5999,67.6345,232.137,0.2915,0.0382,2.7658,61.0228,231.4071,0.2636,0.0467,82.7575,103.3908,232.9611,0.4439,0.8012
2015-02-27T00:29:59.373Z,2.6748,69.1553,232.2021,0.298,0.0395,2.6379,60.87,232.2213,0.2623,0.0439,81.7161,101.6599,232.1026,0.4383,0.804
2015-02-27T00:30:59.587Z,3.212,68.6501,232.6237,0.2949,0.0469,3.1308,61.9342,231.8943,0.2673,0.0497,82.9365,102.9935,233.3564,0.4412,0.806
2015-02-27T00:31:59.875Z,2.8904,68.5646,232.2438,0.2949,0.042,2.5358,60.6255,231.7155,0.2614,0.0427,83.0748,103.5023,233.5014,0.4433,0.804
2015-02-27T00:32:59.157Z,2.6314,68.2486,232.4976,0.2934,0.0384,2.4261,59.9651,229.4231,0.2616,0.0393,83.9122,104.5899,234.33,0.4458,0.8029
2015-02-27T00:33:59.447Z,3.19,68.7938,232.6255,0.2958,0.0482,2.7352,61.5587,230.2857,0.2675,0.0447,83.8184,104.1247,234.1905,0.4449,0.8066
2015-02-27T00:34:59.646Z,3.0393,68.4987,232.369,0.2951,0.0451,2.792,61.0964,232.164,0.2638,0.0458,83.0873,103.6443,233.8292,0.443,0.8022
2015-02-27T00:35:59.868Z,2.7238,69.4379,232.7795,0.2988,0.0393,3.0676,60.9627,232.0613,0.2627,0.0507,83.4795,104.3858,234.0067,0.4458,0.8007
2015-02-27T00:36:59.005Z,2.4876,69.1773,232.2954,0.2973,0.0356,2.5518,60.7604,231.3999,0.2631,0.043,82.7826,102.9423,233.3626,0.4411,0.8044
2015-02-27T00:37:59.323Z,2.6999,69.6025,232.3531,0.2999,0.0373,3.1462,60.8745,231.1646,0.2631,0.0541,83.2796,103.0479,233.1963,0.4415,0.8095
2015-02-27T00:38:59.492Z,2.3065,67.9359,231.6744,0.2932,0.0335,2.7164,59.0499,230.6509,0.2566,0.0466,82.2686,102.6073,232.3776,0.4419,0.8027
2015-02-27T00:39:59.727Z,2.7602,68.8718,231.2643,0.2977,0.0419,2.8686,60.4024,230.9196,0.2616,0.0479,81.2255,101.8579,231.062,0.4407,0.7986
2015-02-27T00:40:59.075Z,3.1167,68.961,231.9997,0.2969,0.0442,3.2583,61.2023,231.2441,0.2644,0.0532,82.4914,103.1303,232.7122,0.4433,0.8007
2015-02-27T00:41:59.322Z,3.4863,68.2184,232.3199,0.2936,0.0509,3.0089,63.1229,231.6811,0.272,0.0497,83.5771,104.0615,233.3788,0.4454,0.8036
2015-02-27T00:42:59.747Z,3.3781,67.7398,232.4278,0.2913,0.051,2.9719,61.9907,232.3002,0.2673,0.0489,83.0577,103.8604,233.6485,0.4447,0.8005
2015-02-27T00:43:59.035Z,2.4124,69.7436,232.5843,0.2999,0.0337,2.9829,60.8713,232.7669,0.2619,0.0498,83.1689,104.5209,233.987,0.4472,0.7963
2015-02-27T00:44:59.306Z,3.2082,69.6824,232.4818,0.2997,0.0463,3.3449,64.6203,233.2491,0.2768,0.0538,83.8938,103.8287,234.319,0.4426,0.8091
2015-02-27T00:45:59.803Z,3.403,69.2359,232.8149,0.297,0.0492,2.9593,61.1058,232.9452,0.2625,0.0479,83.53,104.0759,234.1978,0.4441,0.8034
2015-02-27T00:46:59.177Z,3.0727,68.5539,232.9189,0.2944,0.0456,2.9054,62.5449,232.9422,0.2687,0.0459,83.5348,104.2208,234.0448,0.4456,0.8026
2015-02-27T00:47:59.449Z,2.3995,69.2569,232.7691,0.2979,0.0359,2.688,60.9308,232.2693,0.2626,0.0438,83.611,104.8278,233.7855,0.4488,0.7993
2015-02-27T00:48:59.734Z,2.6728,68.3118,232.7767,0.294,0.0399,2.9662,62.9692,232.0654,0.2714,0.0467,82.913,103.5088,233.8318,0.4428,0.8024
2015-02-27T00:49:59.984Z,2.8476,68.5971,231.6403,0.2963,0.0421,2.6662,61.4011,231.0288,0.2657,0.0437,83.6516,105.0999,234.0286,0.4489,0.7969
2015-02-27T00:50:59.237Z,3.8131,69.8739,233.787,0.2993,0.0553,2.388,61.2702,229.8941,0.2666,0.0393,83.7374,104.4293,234.9544,0.4449,0.8028
2015-02-27T00:51:59.443Z,2.9623,69.4615,233.2355,0.2984,0.0429,2.8998,60.9654,230.3658,0.2646,0.0485,84.2479,104.7921,234.9773,0.446,0.8041
2015-02-27T00:52:59.578Z,2.5653,69.3525,233.1544,0.2975,0.0374,3.4047,61.3959,232.4469,0.2643,0.0564,83.8458,104.4268,235.0486,0.4442,0.804
2015-02-27T00:53:59.762Z,2.5119,68.5077,232.8799,0.294,0.0365,2.9801,60.5513,231.868,0.2614,0.0502,83.5489,103.2751,233.971,0.4412,0.8104
2015-02-27T00:54:59.969Z,3.3527,69.4295,232.9537,0.2977,0.0483,2.883,62.5921,232.017,0.2701,0.0475,82.8891,103.5408,233.4198,0.4436,0.801
2015-02-27T00:55:59.298Z,3.1649,68.7454,232.9157,0.2952,0.0465,2.906,62.8783,232.0837,0.2707,0.0462,83.179,103.447,233.302,0.4434,0.8046
2015-02-27T00:56:59.663Z,2.8575,69.1478,233.127,0.2963,0.0421,2.8903,61.9579,232.2485,0.2674,0.0484,83.0538,103.0088,233.9525,0.4398,0.8071
2015-02-27T00:57:59.839Z,2.7634,68.4602,231.7559,0.2952,0.0405,2.962,60.6416,232.1037,0.2616,0.0495,82.888,103.0653,233.6456,0.4411,0.8057
2015-02-27T00:58:59.108Z,2.7152,68.7884,231.5153,0.2967,0.041,3.5873,62.9816,231.917,0.2712,0.0579,82.934,103.2682,233.1883,0.443,0.804
2015-02-27T00:59:59.335Z,3.9037,68.6899,230.5724,0.2977,0.0578,3.254,61.0218,230.796,0.2642,0.0518,82.8138,103.3164,233.3977,0.4425,0.8033
