2015-01-27T00:00:59.511Z,1009.3357,1412.7333,228.5399,6.1817,0.7141,1083.5358,1503.9417,227.7791,6.6026,0.7203,1521.5143,2023.9734,227.9761,8.8782,0.7528
2015-01-27T00:01:59.913Z,1025.0748,1447.1688,228.3703,6.3364,0.7088,1083.5217,1472.8616,225.1654,6.5414,0.7354,1582.9006,2062.686,228.2054,9.0382,0.7684
2015-01-27T00:02:59.287Z,995.8822,1412.0534,227.9965,6.1935,0.7055,1069.5975,1464.6874,225.7598,6.4867,0.7301,1545.6844,2037.4436,227.9862,8.9363,0.7579
2015-01-27T00:03:59.619Z,997.3269,1381.9908,227.2888,6.0801,0.7217,1109.3762,1518.1431,227.9209,6.6607,0.7306,1510.5799,2025.0163,227.0044,8.92,0.7458
2015-01-27T00:04:59.033Z,1029.7649,1414.3767,226.9322,6.2327,0.7285,1133.0664,1529.3142,227.33,6.7269,0.7411,1553.9573,2053.8774,226.7718,9.0563,0.7568
2015-01-27T00:05:59.885Z,1024.3563,1415.594,227.7158,6.2164,0.7236,1092.352,1507.4975,227.3023,6.6325,0.7246,1521.361,2012.2395,226.5331,8.883,0.7569
2015-01-27T00:06:59.146Z,1019.9628,1421.9872,227.5535,6.2486,0.7176,1078.3802,1476.905,226.1517,6.53,0.7308,1544.9317,2021.7313,226.6219,8.921,0.7643
2015-01-27T00:07:59.446Z,1036.7217,1455.1249,227.9098,6.3849,0.7128,1099.7029,1482.8363,225.5019,6.5753,0.7408,1600.8976,2078.5063,227.9912,9.1162,0.7702
2015-01-27T00:08:59.769Z,1018.8731,1429.1717,228.3669,6.2577,0.7131,1102.7478,1515.0611,228.0227,6.6436,0.7281,1546.9547,2054.2987,228.3452,8.9964,0.7537
2015-01-27T00:09:59.056Z,1000.6788,1404.9142,228.1158,6.1585,0.7126,1113.0973,1525.4369,228.9275,6.6635,0.7296,1535.0487,2059.8031,228.451,9.016,0.7454
2015-01-27T00:10:59.277Z,1032.6149,1427.5098,228.1547,6.2562,0.7236,1152.7274,1563.9678,229.0367,6.8287,0.7373,1561.3223,2088.8,228.6438,9.136,0.7486
2015-01-27T00:11:59.645Z,1018.782,1423.2226,228.1182,6.239,0.7159,1117.999,1533.818,228.8308,6.7024,0.7291,1544.2919,2065.7542,228.8492,9.0257,0.7491
2015-01-27T00:12:59.763Z,982.8115,1410.5752,228.057,6.1848,0.6971,1077.6288,1472.2885,226.7543,6.4925,0.7317,1555.7538,2065.3683,229.4648,9,0.7539
2015-01-27T00:13:59.994Z,994.255,1429.017,228.534,6.2531,0.6956,1083.975,1471.7686,226.1228,6.5083,0.7368,1579.6424,2082.9162,229.6226,9.0709,0.7594
2015-01-27T00:14:59.627Z,1010.9061,1400.6306,227.7993,6.1487,0.7219,1115.3573,1526.749,228.2415,6.6889,0.7307,1525.0957,2037.2075,227.5876,8.9507,0.7481
2015-01-27T00:15:59.965Z,999.9771,1377.3191,227.6132,6.0508,0.726,1113.534,1531.9253,228.7116,6.6977,0.7272,1492.3626,2009.4864,226.7006,8.8638,0.7413
2015-01-27T00:16:59.670Z,62.8634,150.9071,228.6495,0.6619,0.1001,64.3691,145.9877,230.4008,0.6355,0.0771,199.3662,252.9144,229.127,1.1084,0.8196
2015-01-27T00:17:59.156Z,306.794,538.4975,228.7254,2.3651,0.2927,362.1663,602.7048,229.6778,2.6313,0.2938,431.2287,730.8057,229.1742,3.2053,0.7131
2015-01-27T00:18:59.827Z,4.4574,70.1972,230.065,0.3054,0.0649,2.8648,63.0534,229.1368,0.2755,0.0442,319.4484,361.622,230.5497,1.5686,0.8602
2015-01-27T00:19:59.773Z,1018.8622,1409.6791,227.6946,6.1957,0.6855,1135.3879,1517.3173,225.6642,6.7249,0.7247,1614.2171,2099.5691,229.4208,9.1537,0.7733
2015-01-27T00:20:59.264Z,1072.026,1463.0658,227.4258,6.4333,0.733,1213.3946,1603.3975,228.3729,7.0199,0.7567,1628.8717,2165.7235,229.1848,9.4499,0.7517
2015-01-27T00:21:59.622Z,1086.5189,1466.9976,227.6997,6.4427,0.741,1215.2947,1615.5902,228.7042,7.0643,0.7523,1613.0307,2143.3098,228.707,9.3718,0.7527
2015-01-27T00:22:59.395Z,1001.9594,1384.4658,226.7994,6.1046,0.7234,1158.985,1564.1368,229.4812,6.8154,0.7407,1534.2891,2089.6772,229.2689,9.1141,0.7342
2015-01-27T00:23:59.810Z,1019.2852,1396.8433,226.8883,6.1567,0.7297,1170.8817,1575.8896,229.2029,6.8752,0.7428,1544.2689,2092.3822,228.9988,9.1368,0.7387
2015-01-27T00:24:59.048Z,1001.6798,1378.6783,226.8044,6.079,0.7268,1142.6451,1549.2147,228.5028,6.7795,0.7374,1519.811,2060.3247,228.5564,9.014,0.739
2015-01-27T00:25:59.911Z,1028.1186,1406.5047,228.5412,6.1547,0.7311,1118.5767,1545.643,227.8871,6.7831,0.7238,1506.4429,2022.6605,227.4866,8.8915,0.7447
2015-01-27T00:26:59.624Z,1056.4113,1468.7742,229.01,6.4137,0.7198,1093.66,1481.7547,223.6002,6.6262,0.7383,1598.5926,2065.4451,227.7724,9.0675,0.7746
2015-01-27T00:27:59.005Z,1034.6424,1448.1428,229.2616,6.3172,0.7147,1084.7402,1486.5156,225.0234,6.6054,0.7296,1567.8761,2052.1017,228.0465,8.9981,0.7638
2015-01-27T00:28:59.413Z,1021.3041,1422.2788,229.1317,6.2072,0.718,1100.6967,1527.9704,228.1822,6.6957,0.72,1523.4864,2040.4267,228.5548,8.9271,0.7477
2015-01-27T00:29:59.844Z,1015.0481,1414.577,229.521,6.1638,0.7179,1101.0466,1535.7562,228.4693,6.7218,0.7173,1509.6358,2036.384,228.7981,8.9002,0.742
2015-01-27T00:30:59.249Z,998.3873,1392.3013,229.5028,6.0666,0.717,1108.2456,1555.536,229.8092,6.7684,0.7127,1480.8955,2029.1451,228.9955,8.861,0.7298
2015-01-27T00:31:59.912Z,1018.7662,1413.3488,229.2995,6.1631,0.7207,1124.2974,1563.5011,229.68,6.8075,0.7196,1510.1752,2052.5702,229.1185,8.9581,0.736
2015-01-27T00:32:59.125Z,1014.6969,1401.2675,228.837,6.1238,0.7242,1128.6777,1562.0535,229.412,6.8089,0.7225,1504.8926,2045.1589,228.6215,8.9453,0.7364
2015-01-27T00:33:59.442Z,1006.1098,1398.5288,228.604,6.1174,0.7194,1107.5898,1544.2283,229.5882,6.7259,0.7172,1497.3994,2031.6182,228.6411,8.8854,0.7371
2015-01-27T00:34:59.825Z,1038.5918,1427.7226,228.546,6.2469,0.7268,1113.0341,1543.5708,228.7258,6.7476,0.721,1522.2126,2033.9799,227.9271,8.924,0.7494
2015-01-27T00:35:59.201Z,1036.0217,1454.9418,228.7097,6.3613,0.7116,1067.5352,1466.1139,225.1302,6.5115,0.7288,1573.2954,2045.994,228.0436,8.9724,0.7683
2015-01-27T00:36:59.566Z,1029.9791,1442.8983,229.5268,6.2859,0.7142,1064.0198,1484.917,226.5199,6.5543,0.7166,1535.7984,2019.1222,227.6869,8.8676,0.7603
2015-01-27T00:37:59.937Z,1045.5924,1427.0696,229.0948,6.2292,0.7323,1116.0648,1549.3051,228.6352,6.7763,0.7204,1516.2546,2022.5593,227.1049,8.9053,0.7484
2015-01-27T00:38:59.213Z,1036.6901,1407.644,228.3096,6.166,0.7364,1139.5327,1568.916,229.5452,6.8345,0.7261,1510.0254,2031.692,226.9316,8.9535,0.7427
2015-01-27T00:39:59.627Z,1026.9124,1398.9522,228.5796,6.1197,0.7339,1119.2741,1555.4398,229.4214,6.7794,0.7201,1489.7579,2008.953,226.9199,8.853,0.7407
2015-01-27T00:40:59.035Z,1083.7109,1425.7853,229.0093,6.2253,0.7606,1128.975,1590.0816,229.3612,6.9322,0.7099,1467.0513,1954.7418,224.1298,8.7211,0.75
2015-01-27T00:41:59.341Z,1049.2792,1405.4364,227.9289,6.1657,0.7459,1111.4303,1551.7611,228.6394,6.7866,0.7163,1477.483,1971.5022,225.2978,8.75,0.7497
2015-01-27T00:42:59.608Z,1052.3827,1420.1231,227.6893,6.2373,0.7412,1120.6131,1544.2672,228.1828,6.7672,0.7259,1515.9977,2008.7524,226.1926,8.8804,0.7547
2015-01-27T00:43:59.419Z,1043.1129,1407.5546,227.6461,6.1827,0.7413,1112.3984,1536.3982,228.0968,6.7358,0.724,1497.0593,1990.7532,225.9204,8.8119,0.7514
2015-01-27T00:44:59.703Z,1066.6038,1419.7363,227.3291,6.2451,0.7513,1126.9954,1552.934,227.4954,6.8262,0.7257,1504.823,1991.0384,225.7722,8.8186,0.7567
2015-01-27T00:45:59.962Z,1034.5796,1406.9392,226.8679,6.2021,0.7354,1110.6546,1525.7472,227.5587,6.7046,0.728,1511.2529,2009.8621,227.1773,8.8468,0.7509
2015-01-27T00:46:59.758Z,1029.2491,1436.4903,227.2455,6.3208,0.7171,1099.4766,1482.241,225.6188,6.569,0.7416,1583.0792,2070.8233,228.6496,9.0567,0.7652
2015-01-27T00:48:59.201Z,1030.7113,1434.7997,228.5372,6.2778,0.7185,1106.4009,1518.414,227.8062,6.6639,0.7293,1552.9316,2059.618,228.8631,8.9991,0.7546
2015-01-27T00:49:59.944Z,1035.1465,1432.8452,229.3445,6.2476,0.7226,1109.1041,1542.5523,229.1516,6.7311,0.7191,1527.1122,2044.7153,228.6777,8.9409,0.7485
2015-01-27T00:50:59.527Z,1043.9897,1437.9573,228.9934,6.2797,0.7256,1126.9838,1553.0771,229.0966,6.779,0.7257,1542.1498,2058.7826,228.6824,9.0024,0.749
2015-01-27T00:51:59.692Z,1044.3156,1424.5707,228.9091,6.2236,0.7326,1121.1581,1555.3343,228.8501,6.796,0.721,1512.7841,2023.3751,227.4956,8.8943,0.7487
2015-01-27T00:52:59.925Z,1066.6167,1446.575,229.2929,6.3087,0.7371,1125.6852,1562.3419,228.8203,6.8274,0.7201,1527.5443,2028.6481,227.4928,8.9168,0.7523
2015-01-27T00:53:59.250Z,1057.0215,1439.6416,229.3698,6.2765,0.7341,1114.9319,1552.9103,228.7886,6.7877,0.7181,1519.6827,2021.0983,227.2878,8.8922,0.7517
2015-01-27T00:54:59.463Z,1068.4439,1443.6054,228.67,6.3132,0.7401,1128.0744,1555.9807,228.3504,6.813,0.7248,1530.1932,2023.3879,227.0267,8.9123,0.7572
2015-01-27T00:55:59.791Z,1033.7414,1423.193,227.7223,6.2498,0.7266,1118.267,1524.0144,228.0417,6.6832,0.7341,1548.4523,2052.3258,227.8887,9.0051,0.7541
2015-01-27T00:56:59.370Z,1036.44,1440.9985,227.4352,6.3357,0.7194,1110.4996,1502.8929,227.35,6.6102,0.7393,1579.82,2074.4219,228.4654,9.08,0.7618
2015-01-27T00:57:59.632Z,1024.1803,1456.4641,228.0223,6.3873,0.7031,1080.9016,1458.5049,225.2692,6.4739,0.7414,1609.5157,2092.0598,229.3912,9.1197,0.7686
2015-01-27T00:58:59.593Z,1042.094,1458.1696,229.7983,6.3457,0.715,1110.2804,1526.1837,227.8409,6.6976,0.7278,1571.0181,2078.1572,229.243,9.0644,0.7548
2015-01-27T00:59:59.213Z,1039.4103,1426.9597,229.2108,6.2254,0.728,1141.2948,1576.4382,230.1327,6.8497,0.7235,1530.7833,2065.6348,228.6888,9.0321,0.7408
2015-01-27T01:00:59.557Z,1044.8391,1439.8618,229.8481,6.2649,0.7261,1139.4343,1584.1832,230.4526,6.8736,0.7193,1529.2247,2065.8273,229.0436,9.0191,0.7404
2015-01-27T01:01:59.852Z,1050.2111,1445.5982,230.077,6.2829,0.727,1141.15,1589.4878,230.4907,6.8963,0.7178,1528.3651,2064.2931,228.9169,9.0176,0.7399
2015-01-27T01:02:59.777Z,1042.7021,1423.8839,228.6651,6.2264,0.7319,1153.1374,1588.6438,230.3542,6.8966,0.7249,1523.1684,2060.7188,228.53,9.0167,0.7394
2015-01-27T01:03:59.110Z,1047.1415,1431.1389,228.7802,6.2554,0.7316,1154.1224,1587.8929,230.2067,6.8975,0.7275,1530.8978,2065.1999,228.6473,9.0319,0.7409
2015-01-27T01:04:59.427Z,334.872,505.7263,229.1696,2.2132,0.2762,362.7471,542.5222,230.6386,2.3629,0.2599,568.9569,754.4888,230.0479,3.3014,0.7987
2015-01-27T01:05:59.771Z,295.4176,523.2486,230.0574,2.2812,0.2842,337.7744,575.2278,230.337,2.5044,0.2787,426.1996,714.6353,229.8546,3.1226,0.7189
2015-01-27T01:06:59.772Z,4.2695,70.7252,230.0826,0.3076,0.0604,3.1403,62.4941,230.6551,0.2711,0.0501,218.651,254.7324,229.6499,1.1098,0.8376
2015-01-27T01:07:59.963Z,762.4343,1055.1089,229.367,4.6074,0.5307,828.372,1143.9688,229.8227,4.9906,0.5283,1287.5072,1693.3227,227.9948,7.437,0.7959
2015-01-27T01:08:59.536Z,1118.7387,1522.34,230.0657,6.617,0.7348,1201.6902,1632.8869,229.4872,7.1153,0.7361,1625.2156,2146.2017,229.4102,9.3554,0.7589
2015-01-27T01:09:59.978Z,1153.8056,1545.799,230.0966,6.7182,0.7464,1220.3691,1652.5238,229.1016,7.2131,0.7387,1637.7703,2143.1385,228.1789,9.3915,0.7644
2015-01-27T01:10:59.221Z,1121.5932,1512.9558,230.1418,6.5745,0.7411,1206.7023,1642.6791,229.5591,7.1558,0.7341,1608.1336,2126.0567,228.5643,9.3017,0.7558
2015-01-27T01:11:59.601Z,1213.1511,1578.765,229.544,6.8774,0.7692,1294.0834,1720.7703,228.8602,7.5187,0.752,1676.8302,2174.6228,227.4347,9.5617,0.7704
2015-01-27T01:12:59.860Z,1194.6608,1560.7887,229.4701,6.802,0.7656,1288.3522,1712.7069,228.9454,7.4808,0.7521,1662.3293,2166.7793,227.2986,9.5324,0.7683
2015-01-27T01:13:59.478Z,1186.9,1557.676,229.4063,6.7902,0.7622,1264.9879,1689.8865,228.253,7.4033,0.7488,1656.0753,2152.4166,226.9617,9.4835,0.7694
2015-01-27T01:14:59.236Z,1170.1218,1551.4324,229.441,6.7618,0.7543,1247.7519,1669.0396,228.1781,7.3147,0.7483,1656.9307,2156.3784,227.6761,9.4707,0.769
2015-01-27T01:15:59.620Z,1160.8403,1531.5312,229.2214,6.6807,0.7578,1238.5103,1667.0907,228.3732,7.3,0.7424,1624.4573,2122.6432,226.8454,9.3577,0.7656
2015-01-27T01:16:59.863Z,1147.0167,1518.901,228.869,6.6364,0.7548,1209.5799,1633.8591,227.7702,7.1729,0.7404,1613.6344,2099.1182,226.3412,9.2738,0.769
2015-01-27T01:17:59.866Z,1090.6583,1508.3479,229.6136,6.5686,0.7229,1090.6987,1507.2626,225.2164,6.6923,0.7233,1593.5757,2049.5356,226.9053,9.0326,0.7778
2015-01-27T01:18:59.115Z,1079.4672,1487.874,230.7231,6.4485,0.7255,1087.6516,1550.2115,228.0378,6.7975,0.7018,1528.2395,2014.9822,227.7577,8.8472,0.7576
2015-01-27T01:19:59.368Z,1116.5354,1502.1729,230.2343,6.5243,0.7431,1137.9159,1603.6597,228.763,7.0092,0.7101,1538.2409,2026.3071,227.0622,8.9238,0.7598
2015-01-27T01:20:59.556Z,1113.2886,1500.639,230.4123,6.5128,0.742,1159.813,1627.1377,229.8902,7.0774,0.7126,1545.7814,2054.9027,227.892,9.0167,0.7529
2015-01-27T01:21:59.811Z,1065.1734,1459.953,230.7561,6.3269,0.7297,1132.0699,1607.904,230.609,6.9719,0.7043,1503.1781,2032.733,228.4323,8.8982,0.74
2015-01-27T01:22:59.287Z,1054.8778,1445.7846,230.6864,6.2673,0.7299,1133.8194,1606.1534,230.537,6.9667,0.7057,1499.7848,2033.2194,228.3874,8.9019,0.7384
2015-01-27T01:23:59.405Z,1101.4722,1490.8777,230.6474,6.4636,0.7391,1163.7012,1625.3823,229.9686,7.0673,0.7158,1547.9922,2062.7696,228.0704,9.0444,0.7502
2015-01-27T01:24:59.873Z,1118.3469,1505.106,230.5812,6.5269,0.7437,1170.4074,1631.4124,229.7566,7.1007,0.7173,1557.6064,2065.5333,227.9608,9.0608,0.7538
2015-01-27T01:25:59.232Z,1079.536,1473.2255,230.3523,6.395,0.7331,1118.6802,1578.3776,228.8987,6.8959,0.7091,1523.063,2023.3747,227.687,8.8869,0.7522
2015-01-27T01:26:59.500Z,1085.7757,1484.4148,230.4613,6.4411,0.7316,1094.882,1557.6419,228.5051,6.8164,0.7026,1523.1372,2006.238,227.2538,8.8279,0.7592
2015-01-27T01:27:59.710Z,1119.6573,1517.3419,230.4222,6.5853,0.7376,1137.545,1592.495,228.8456,6.9584,0.7144,1565.4188,2051.5487,227.6727,9.0102,0.7628
2015-01-27T01:28:59.140Z,1118.9085,1511.7401,230.2825,6.5646,0.7406,1182.7574,1640.2448,230.5821,7.1134,0.7211,1575.4492,2092.0518,228.5898,9.1519,0.7528
2015-01-27T01:29:59.605Z,1102.4829,1489.1997,230.849,6.4514,0.7401,1143.3402,1619.2454,230.4579,7.0256,0.7056,1523.9244,2031.9562,227.5328,8.9298,0.7498
2015-01-27T01:30:59.016Z,1115.3784,1498.5287,230.4749,6.502,0.7436,1157.7949,1623.2576,230.229,7.0503,0.7134,1540.9938,2043.9696,227.2291,8.9946,0.7535
2015-01-27T01:31:59.368Z,1163.025,1545.9774,229.8263,6.7266,0.752,1222.2388,1664.8652,230.0274,7.2376,0.7342,1622.5427,2121.7038,227.8757,9.3107,0.7652
2015-01-27T01:32:59.816Z,1201.1508,1581.9276,229.8382,6.883,0.7594,1263.5644,1700.0033,229.9504,7.3927,0.7431,1665.0832,2161.8214,227.8021,9.4897,0.7701
2015-01-27T01:33:59.014Z,1193.9849,1571.7792,229.808,6.8396,0.7596,1263.6039,1700.822,230.0473,7.3931,0.7428,1656.3728,2157.4344,227.7506,9.4725,0.768
2015-01-27T01:34:59.425Z,1181.4711,1547.0829,228.988,6.7562,0.7634,1256.0343,1683.6912,229.4888,7.3367,0.746,1640.1642,2131.4536,226.6961,9.4021,0.77
2015-01-27T01:35:59.786Z,1238.4463,1596.7563,229.3906,6.9607,0.7754,1291.3934,1716.499,228.6364,7.5072,0.752,1678.6738,2149.9973,225.8564,9.5191,0.781
2015-01-27T01:36:59.744Z,1287.902,1645.7179,229.3857,7.1743,0.7824,1316.308,1738.1633,228.1691,7.618,0.7574,1723.1302,2178.9278,225.5383,9.6602,0.79
2015-01-27T01:37:59.014Z,1305.7645,1662.1833,229.3736,7.2466,0.7861,1343.7284,1764.3557,228.6399,7.7158,0.7611,1742.2044,2204.1426,225.9169,9.7557,0.7892
2015-01-27T01:38:59.749Z,1250.7566,1606.4752,229.2309,7.0078,0.7789,1332.9628,1761.1134,230.1824,7.6508,0.7576,1699.5567,2193.1671,227.0847,9.6573,0.7746
2015-01-27T01:39:59.151Z,101.411,190.1077,231.6117,0.825,0.1201,105.2128,196.9791,231.8492,0.8536,0.0979,249.6988,330.7967,230.2493,1.4463,0.515
2015-01-27T01:40:59.465Z,4.4617,72.0941,232.0158,0.3107,0.0615,2.6377,63.9915,231.9786,0.2759,0.0423,2.9999,64.8341,231.1728,0.2804,0.047
2015-01-27T01:41:59.186Z,5.2559,71.7839,231.907,0.3091,0.0746,2.4812,64.6581,232.1284,0.2789,0.0368,3.6094,65.426,231.682,0.2829,0.0568
2015-01-27T01:42:59.546Z,6.1725,71.3277,232.2546,0.3068,0.0875,2.5663,65.1677,232.6989,0.2796,0.0398,3.0347,64.2508,232.2218,0.2765,0.0483
2015-01-27T01:43:59.777Z,5.649,72.5508,231.6747,0.3131,0.0804,2.9453,66.544,232.5019,0.2862,0.0454,3.5031,64.1341,231.941,0.2766,0.0543
2015-01-27T01:44:59.493Z,4.8924,72.2107,231.451,0.3121,0.0688,2.0393,63.8229,232.0588,0.2751,0.0327,2.6393,64.5357,231.5476,0.2791,0.0406
2015-01-27T01:45:59.434Z,5.2773,71.1556,230.7258,0.3089,0.0744,2.6607,65.2835,231.7844,0.2816,0.0413,3.1342,65.7984,231.6099,0.2837,0.0474
2015-01-27T01:46:59.696Z,6.0227,70.0943,229.3105,0.3052,0.0868,2.6273,65.748,231.1142,0.2848,0.0396,2.7672,64.8691,231.5042,0.2799,0.0427
2015-01-27T01:47:59.241Z,5.6938,72.4909,229.7807,0.3153,0.0783,2.1539,64.7904,231.1522,0.28,0.0331,2.884,65.496,231.8472,0.2827,0.0442
2015-01-27T01:48:59.793Z,5.4486,71.1151,230.3207,0.3087,0.0776,2.3486,65.1922,232.4825,0.2804,0.0368,2.9268,64.1462,232.6686,0.2758,0.0489
2015-01-27T01:49:59.204Z,5.9722,71.9848,229.9864,0.313,0.0848,2.9406,64.5771,232.238,0.2784,0.0446,3.2807,65.7306,233.753,0.2811,0.0506
2015-01-27T01:50:59.516Z,5.6192,70.5137,230.3212,0.3057,0.0816,2.2743,64.0431,230.0292,0.2785,0.0352,3.1168,66.5419,233.9741,0.284,0.0464
2015-01-27T01:51:59.791Z,5.6546,71.2198,230.2401,0.3092,0.079,2.5832,65.3082,232.4557,0.2815,0.0392,3.017,65.1731,233.051,0.2796,0.046
2015-01-27T01:52:59.496Z,4.4781,71.5154,230.8866,0.3095,0.0638,2.3975,65.3516,232.1604,0.2819,0.0363,2.7908,65.8979,232.8291,0.2832,0.0414
2015-01-27T01:53:59.708Z,5.5316,72.203,230.88,0.3127,0.0777,2.4698,65.2998,231.5673,0.282,0.0382,20.9684,78.5274,232.6046,0.3378,0.1615
2015-01-27T01:54:59.024Z,5.3187,71.6889,230.6723,0.3104,0.0746,2.4036,64.5707,232.1891,0.278,0.0372,47.3087,97.3227,231.8121,0.42,0.3298
2015-01-27T01:55:59.347Z,4.421,72.869,230.8234,0.3153,0.0605,2.3262,64.3734,231.9189,0.2774,0.0373,3.7147,65.2952,232.0046,0.2816,0.0558
2015-01-27T01:56:59.694Z,5.3759,70.9463,230.7116,0.3076,0.0765,2.4704,65.3836,231.5488,0.2825,0.0395,3.1067,63.843,232.247,0.2746,0.0491
2015-01-27T01:57:59.100Z,5.7661,71.8914,230.555,0.3117,0.0809,2.3503,65.9662,231.5917,0.2848,0.0347,3.098,65.4924,232.3157,0.2817,0.0478
2015-01-27T01:58:59.328Z,5.6727,72.8489,231.8577,0.314,0.078,2.709,65.7032,232.5629,0.2825,0.0418,3.2989,65.2069,232.3433,0.2807,0.0507
2015-01-27T01:59:59.127Z,5.2366,71.4182,231.4811,0.308,0.0732,2.757,62.8012,232.5345,0.2699,0.0453,2.8878,64.8736,232.6234,0.2788,0.0441
