2015-04-12T00:00:59.427Z,4.9721,47.1684,232.5143,0.2031,0.1076,-6.5105,36.8627,231.9053,0.1595,-0.1831,11,39.1022,232.9162,0.1673,0.2907
2015-04-12T00:01:59.756Z,5.1462,48.0875,232.5633,0.2068,0.109,-6.7313,34.9821,231.9147,0.1505,-0.1955,10.2367,39.4095,233.093,0.1689,0.2687
2015-04-12T00:02:59.573Z,5.6839,48.8362,231.9736,0.2104,0.1177,-6.544,36.9304,230.967,0.1599,-0.1863,11.0163,37.2884,232.6198,0.1599,0.3019
2015-04-12T00:03:59.145Z,5.2247,47.8999,232.1603,0.2066,0.1079,-6.0964,34.3324,231.1251,0.1486,-0.1893,10.5094,39.5552,232.4791,0.1702,0.2746
2015-04-12T00:04:59.651Z,5.2061,48.3475,232.4471,0.2086,0.1072,-6.5504,35.0597,231.0693,0.1518,-0.1993,10.7926,38.3178,232.9309,0.1646,0.291
2015-04-12T00:05:59.016Z,7.0457,49.6628,232.4117,0.2138,0.1429,-6.6697,35.0444,231.6627,0.1512,-0.204,10.7007,37.6838,232.8142,0.1617,0.2928
2015-04-12T00:06:59.520Z,6.7135,48.1048,232.1839,0.2071,0.1397,-6.6112,34.7699,231.4534,0.15,-0.1993,10.3824,38.2395,232.8965,0.1642,0.2836
2015-04-12T00:07:59.780Z,5.987,47.7832,232.7055,0.2055,0.1255,-6.3552,33.7875,231.9926,0.1449,-0.2019,10.2095,38.5381,232.3743,0.1657,0.2713
2015-04-12T00:08:59.157Z,5.4603,47.49,232.9902,0.2038,0.1151,-6.1743,36.6604,232.1388,0.158,-0.1733,10.5361,39.803,231.92,0.1714,0.2788
2015-04-12T00:09:59.458Z,5.3595,49.167,232.5833,0.2121,0.108,-6.8693,35.8502,231.8434,0.1548,-0.198,10.3656,37.0731,232.3901,0.1598,0.2899
2015-04-12T00:10:59.795Z,5.397,48.4605,233.1265,0.2078,0.1113,-6.2089,35.7897,232.0379,0.1538,-0.1842,11.3042,39.1605,233.1167,0.168,0.3012
2015-04-12T00:11:59.114Z,5.5437,49.2427,234.4034,0.2101,0.1124,-6.3144,34.048,233.2182,0.1457,-0.1875,10.5731,37.4965,234.4025,0.1598,0.2911
2015-04-12T00:12:59.883Z,5.462,48.6586,234.0829,0.2078,0.1117,-6.6252,35.6956,231.881,0.1539,-0.1903,10.9124,37.8012,234.7377,0.1612,0.2971
2015-04-12T00:13:59.469Z,5.758,49.378,234.3247,0.2109,0.1138,-6.8044,34.8372,230.1894,0.1514,-0.2077,10.8438,40.2524,234.8654,0.1714,0.2858
2015-04-12T00:14:59.962Z,5.6342,49.431,234.2062,0.2109,0.1151,-7.0888,35.8459,230.4534,0.1554,-0.2009,10.5441,40.3162,234.9051,0.1721,0.2697
2015-04-12T00:15:59.719Z,6.1194,47.7281,234.4938,0.2032,0.1276,-6.6928,37.5667,231.1264,0.163,-0.1863,11.3851,38.9489,235.2968,0.1653,0.3019
2015-04-12T00:16:59.375Z,5.6861,48.0382,233.5223,0.2059,0.1173,-6.7443,35.714,231.139,0.1542,-0.198,10.9484,40.2774,235.321,0.1713,0.2774
2015-04-12T00:17:59.596Z,5.1971,47.395,231.9453,0.2039,0.1091,-6.8429,34.5752,231.4486,0.1496,-0.2074,10.4414,38.6017,234.3093,0.165,0.281
2015-04-12T00:18:59.021Z,5.895,48.6253,231.8603,0.2098,0.1203,-6.7417,34.3124,233.2461,0.1466,-0.2043,10.9198,37.7089,233.5233,0.1619,0.2996
2015-04-12T00:19:59.325Z,6.742,48.2566,231.8278,0.2081,0.1388,-6.8919,35.2335,232.8343,0.1518,-0.2091,10.801,39.0292,233.4301,0.1669,0.2819
2015-04-12T00:20:59.865Z,7.2837,48.5086,232.6218,0.2088,0.1488,-6.6335,36.4032,232.0699,0.1563,-0.1932,10.6849,38.6515,233.0474,0.1655,0.2848
2015-04-12T00:21:59.671Z,6.7288,47.8756,233.379,0.2048,0.1402,-7.2342,33.3611,231.2246,0.1449,-0.2227,10.8851,38.6197,233.7605,0.1648,0.2866
2015-04-12T00:22:59.851Z,7.4649,49.4992,233.8102,0.2118,0.1488,-7.1502,34.4069,229.4466,0.1502,-0.2214,10.179,38.6582,234.2626,0.1647,0.2752
2015-04-12T00:23:59.312Z,7.0186,48.7154,233.7311,0.2077,0.145,-7.074,34.8704,230.1462,0.1516,-0.2129,11.2058,38.5306,234.4527,0.1644,0.2961
2015-04-12T00:24:59.201Z,6.3105,48.2571,232.5985,0.2073,0.1305,-7.5229,38.0258,232.6521,0.1638,-0.206,11.3529,38.688,233.5782,0.1658,0.3009
2015-04-12T00:25:59.326Z,6.4966,47.8225,232.594,0.2055,0.1347,-7.4351,37.5889,233.2325,0.161,-0.208,10.2956,39.8171,233.5812,0.1705,0.2675
2015-04-12T00:26:59.514Z,6.5436,48.5674,232.5211,0.2091,0.1342,-6.5457,34.3551,232.9531,0.1468,-0.2009,10.334,39.8741,234.0884,0.1702,0.2705
2015-04-12T00:27:59.119Z,6.0331,47.9102,232.6939,0.2056,0.1241,-6.9334,36.4358,230.1997,0.1581,-0.1969,10.6527,39.2979,234.9223,0.1679,0.2786
2015-04-12T00:28:59.647Z,5.4934,48.8307,233.1725,0.2091,0.1147,-6.4238,35.717,229.5767,0.1559,-0.1935,10.7636,38.0597,234.9352,0.1622,0.2938
2015-04-12T00:29:59.106Z,5.7442,47.6231,233.2864,0.2042,0.1219,-5.8001,36.0036,230.4097,0.1563,-0.1751,10.8244,38.6997,232.9413,0.1663,0.2847
2015-04-12T00:30:59.788Z,5.4747,47.5266,233.0455,0.2037,0.1142,-6.6375,36.9172,229.3476,0.1613,-0.189,10.0249,39.7059,232.8271,0.1704,0.2642
2015-04-12T00:31:59.068Z,5.4596,49.0391,232.1748,0.211,0.1097,-6.4807,34.9499,230.0319,0.1521,-0.1933,10.8701,39.2126,232.845,0.1688,0.2843
2015-04-12T00:32:59.414Z,4.7289,47.3141,232.1725,0.2037,0.0993,-6.1648,35.0227,231.7689,0.1509,-0.1863,10.558,36.8767,232.4684,0.1586,0.2962
2015-04-12T00:33:59.963Z,5.0543,48.6751,231.5765,0.2096,0.105,-6.6441,35.5251,231.2909,0.1536,-0.1915,10.7836,37.5234,231.9658,0.1618,0.2968
2015-04-12T00:34:59.150Z,5.4693,48.7598,231.5114,0.2109,0.1124,-6.7519,33.8424,231.3576,0.1468,-0.2082,10.4877,37.6826,232.3891,0.1623,0.2863
2015-04-12T00:35:59.378Z,4.9563,47.8084,231.1722,0.2073,0.1056,-6.1421,35.1421,231.2901,0.1519,-0.182,10.1111,37.8243,232.4654,0.1621,0.276
2015-04-12T00:36:59.733Z,5.4754,48.5,231.7218,0.2089,0.113,-6.8149,35.0266,231.1124,0.1516,-0.2028,10.3955,38.549,232.8554,0.1653,0.2807
2015-04-12T00:37:59.150Z,5.6713,48.1314,231.954,0.2074,0.1189,-6.1211,38.1037,231.7812,0.1643,-0.1702,10.9786,37.8986,233.4341,0.1617,0.2966
2015-04-12T00:38:59.486Z,4.798,47.6746,231.4077,0.206,0.1004,-6.1101,32.4386,231.344,0.1401,-0.1954,10.8135,38.6911,233.3615,0.1655,0.2897
2015-04-12T00:39:59.885Z,6.536,48.5759,231.9179,0.2097,0.1349,-6.7622,35.8023,229.6965,0.156,-0.2029,10.392,38.9623,234.3304,0.1667,0.2798
2015-04-12T00:40:59.294Z,6.8297,47.8114,231.506,0.2061,0.1441,-6.8658,34.4092,228.2631,0.1508,-0.2086,10.2919,39.552,234.2098,0.1692,0.2753
2015-04-12T00:41:59.129Z,5.6284,47.8234,231.2294,0.2067,0.1164,-6.3512,32.7389,229.8603,0.1426,-0.2078,10.4009,39.8787,233.0436,0.1711,0.2658
2015-04-12T00:42:59.591Z,5.2423,48.524,231.2918,0.2092,0.1084,-6.9872,37.0579,230.7487,0.1607,-0.1955,10.7232,37.8396,232.9226,0.1626,0.2905
2015-04-12T00:43:59.918Z,5.6945,47.826,231.8735,0.2062,0.1178,-6.7607,35.4998,231.6485,0.1531,-0.1978,10.4733,38.5259,233.4029,0.1651,0.2836
2015-04-12T00:44:59.381Z,6.5757,48.9072,232.0547,0.2108,0.1323,-7.116,35.151,231.7303,0.1519,-0.2178,10.6907,39.3681,233.5978,0.1684,0.2837
2015-04-12T00:45:59.491Z,5.4715,49.3431,231.698,0.2132,0.1125,-6.8088,37.6113,231.2727,0.1624,-0.1879,10.6565,37.6385,232.4776,0.1616,0.2954
2015-04-12T00:46:59.242Z,5.4518,48.1601,232.2993,0.2073,0.1138,-6.5278,34.9491,231.9096,0.1505,-0.1958,10.3151,37.696,232.9665,0.1619,0.2874
2015-04-12T00:47:59.597Z,5.1891,49.35,231.7798,0.2126,0.1057,-6.2424,36.0385,231.1464,0.156,-0.1835,9.7996,36.4965,231.8359,0.1576,0.2798
2015-04-12T00:48:59.902Z,5.1595,47.5955,231.9091,0.2057,0.1083,-6.4804,34.8547,231.649,0.1505,-0.1939,10.5002,39.1842,232.2559,0.1692,0.2815
2015-04-12T00:49:59.379Z,6.8163,48.7532,231.6496,0.2108,0.1403,-6.647,36.4046,231.3787,0.157,-0.1971,10.8017,37.4537,232.7734,0.161,0.2923
2015-04-12T00:50:59.754Z,6.697,48.557,232.1638,0.2091,0.1377,-7.1677,34.9025,232.0282,0.151,-0.2087,10.1912,38.6031,233.5613,0.1656,0.2752
2015-04-12T00:51:59.186Z,6.9187,48.9932,232.2322,0.211,0.1416,-6.521,35.6681,231.6499,0.1535,-0.1955,10.6714,38.2556,233.1686,0.1635,0.2896
2015-04-12T00:52:59.565Z,7.2535,48.2014,232.1418,0.2074,0.1496,-7.0602,35.299,230.2535,0.1529,-0.2137,10.6468,37.6526,233.144,0.1614,0.2855
2015-04-12T00:53:59.180Z,6.2109,47.7778,232.4742,0.2052,0.1293,-7.027,35.1193,229.0848,0.1529,-0.2161,10.3056,40.0763,233.5523,0.1714,0.2677
2015-04-12T00:54:59.204Z,6.2218,48.3411,231.9516,0.2085,0.1273,-7.0874,35.4302,231.3384,0.1531,-0.2097,10.5943,38.6108,232.6298,0.1652,0.2836
2015-04-12T00:55:59.408Z,6.5641,49.3367,230.9072,0.2137,0.134,-6.8138,35.1627,231.1498,0.1518,-0.2045,10.5389,37.1937,231.8378,0.1604,0.2891
2015-04-12T00:56:59.871Z,5.863,48.6401,231.4219,0.2103,0.1195,-6.7036,36.8056,231.6091,0.1592,-0.1931,10.5448,38.798,231.8585,0.1678,0.2837
2015-04-12T00:57:59.138Z,5.0962,48.6637,232.3309,0.2092,0.1058,-6.5419,37.0577,232.2052,0.16,-0.1894,10.5917,37.5447,232.0517,0.1616,0.2957
2015-04-12T00:58:59.921Z,7.0625,47.9158,230.5667,0.2078,0.145,-6.8792,34.5616,232.1442,0.1484,-0.2096,10.8066,37.9899,231.9887,0.163,0.2889
2015-04-12T00:59:59.159Z,7.218,48.265,230.8902,0.2089,0.1486,-6.8191,35.0013,232.4639,0.1507,-0.2049,10.6376,39.747,232.2658,0.1714,0.2734
2015-04-12T01:00:59.411Z,6.3676,47.7353,231.1418,0.2065,0.1369,-6.6436,36.7467,232.6954,0.158,-0.196,10.3733,37.0822,232.6442,0.1596,0.2858
2015-04-12T01:01:59.804Z,6.7489,47.737,231,0.2063,0.1408,-6.9971,35.7385,231.9298,0.154,-0.2024,10.675,38.3429,232.4259,0.1642,0.2818
2015-04-12T01:02:59.178Z,6.9822,49.2464,232.3889,0.2113,0.1413,-7.2486,35.7106,232.3402,0.1541,-0.211,10.2661,38.8278,232.7484,0.1666,0.2744
2015-04-12T01:03:59.452Z,7.0775,49.4396,232.2899,0.2126,0.1435,-7.2313,36.4286,232.3496,0.1569,-0.2081,10.8643,38.6792,232.8935,0.1657,0.2862
2015-04-12T01:04:59.799Z,6.7458,48.5117,232.3476,0.2091,0.1393,-7.0475,34.8982,232.256,0.1504,-0.2065,11.0132,38.6702,232.7788,0.1652,0.2937
2015-04-12T01:05:59.271Z,7.3894,49.6552,232.8734,0.2134,0.1494,-6.6761,37.1221,232.5678,0.1593,-0.1976,10.6354,38.0962,232.6401,0.1637,0.2876
2015-04-12T01:06:59.697Z,6.2899,48.0147,232.9531,0.2058,0.1318,-7.1564,36.5541,232.7402,0.157,-0.208,10.4979,39.7497,232.1771,0.1709,0.2749
2015-04-12T01:07:59.548Z,6.4433,48.8613,233.0366,0.2096,0.1314,-6.9875,36.9842,232.0334,0.1595,-0.1982,10.6973,39.9886,232.3382,0.1721,0.2749
2015-04-12T01:08:59.956Z,7.0538,49.1552,232.7257,0.2116,0.1425,-6.8126,36.0766,231.2795,0.1559,-0.1986,10.6999,39.0457,232.1975,0.1682,0.2809
2015-04-12T01:09:59.570Z,6.9532,49.3293,232.9403,0.212,0.1412,-7.0991,33.5073,231.2623,0.1448,-0.2212,10.7331,37.0583,231.9233,0.1598,0.2959
2015-04-12T01:10:59.422Z,7.0963,49.0896,232.6923,0.2109,0.1435,-7.0448,37.3752,231.7733,0.1613,-0.1997,10.3041,38.4543,232.6858,0.1648,0.2779
2015-04-12T01:11:59.690Z,6.1732,48.8967,232.6089,0.2104,0.126,-6.6393,34.8534,232.2391,0.1499,-0.1981,10.7497,38.1038,232.7229,0.1636,0.2916
2015-04-12T01:12:59.577Z,6.9945,47.553,232.7962,0.2044,0.1456,-6.592,36.5123,232.1913,0.1581,-0.1905,10.6777,37.7626,232.8188,0.1623,0.2924
2015-04-12T01:13:59.911Z,7.0274,49.6349,232.2832,0.2136,0.1398,-7.1489,35.1877,231.7027,0.1523,-0.2096,10.4421,39.3864,232.4863,0.1695,0.2767
2015-04-12T01:14:59.647Z,6.1236,48.5751,232.0173,0.209,0.1271,-6.7439,34.0869,231.2917,0.1471,-0.2097,9.9862,38.3527,232.5791,0.1646,0.2716
2015-04-12T01:15:59.060Z,6.9336,47.7037,231.8103,0.2054,0.1437,-6.3091,34.2987,231.4346,0.1485,-0.2004,10.4697,37.2223,232.5462,0.1609,0.2949
2015-04-12T01:16:59.748Z,7.1834,49.3558,232.04,0.2128,0.1445,-7.4428,34.0191,228.9066,0.149,-0.2272,11.0399,37.7965,233.4571,0.1622,0.3004
2015-04-12T01:17:59.251Z,7.0963,49.1924,232.7916,0.2118,0.1438,-6.5106,34.3338,230.0103,0.1492,-0.1993,10.5639,38.7031,233.8514,0.1651,0.2788
2015-04-12T01:18:59.548Z,6.8024,48.0408,232.3319,0.2067,0.1405,-7.1069,36.0473,232.1899,0.1551,-0.2126,10.7213,38.6915,233.0635,0.1654,0.2908
2015-04-12T01:19:59.765Z,5.4644,47.9259,232.6011,0.2058,0.1143,-6.6177,35.8029,232.2541,0.154,-0.1935,10.7199,38.5716,232.8054,0.1658,0.29
2015-04-12T01:20:59.065Z,5.1566,48.6392,232.626,0.2091,0.106,-6.197,35.2157,231.7156,0.1521,-0.1861,10.6754,38.9256,232.0188,0.1681,0.2843
2015-04-12T01:21:59.253Z,5.3812,48.5412,232.5419,0.2081,0.1098,-6.2831,35.963,231.7691,0.1551,-0.1868,10.3069,37.6089,232.2745,0.1612,0.2845
2015-04-12T01:22:59.970Z,6.3221,47.5329,232.5195,0.2037,0.1326,-6.4607,34.839,231.7191,0.1501,-0.1958,10.554,39.3724,232.614,0.1692,0.2751
2015-04-12T01:23:59.536Z,5.5078,48.2059,233.1403,0.2064,0.1141,-6.6037,37.1622,232.2048,0.1601,-0.1853,10.4703,37.3053,232.8738,0.1601,0.2915
2015-04-12T01:24:59.239Z,5.1206,48.5433,233.3088,0.2078,0.1069,-6.6839,37.1366,232.2701,0.1589,-0.1893,10.8847,39.3953,233.0272,0.1689,0.288
2015-04-12T01:25:59.462Z,4.922,48.8868,233.2116,0.2098,0.1008,-6.4238,35.1842,232.0605,0.1513,-0.1923,10.5407,39.5665,233.1192,0.1702,0.2767
2015-04-12T01:26:59.659Z,5.3233,47.5793,232.4983,0.2054,0.11,-6.5516,32.7002,231.6348,0.1413,-0.2055,10.9688,38.5325,232.6089,0.1662,0.2935
2015-04-12T01:27:59.995Z,5.5048,49.2289,232.9905,0.2116,0.1116,-7.0654,38.418,232.2244,0.1654,-0.1934,10.6412,38.0247,233.3611,0.163,0.2893
2015-04-12T01:28:59.421Z,5.5189,48.9924,233.0856,0.2107,0.1137,-6.7754,36.0452,231.9927,0.1557,-0.1957,10.9731,36.6172,233.2646,0.1567,0.3094
2015-04-12T01:29:59.876Z,5.0813,47.0002,232.5657,0.2021,0.1076,-6.8653,33.8291,231.8829,0.1457,-0.209,11.3961,38.0475,233.0512,0.1632,0.3043
2015-04-12T01:30:59.191Z,4.8149,48.8741,231.8573,0.2107,0.098,-6.16,33.571,231.3527,0.1452,-0.1937,10.3994,38.8893,232.4244,0.1672,0.2822
2015-04-12T01:31:59.545Z,4.8558,48.1041,231.6407,0.2075,0.0999,-7.172,34.2187,232.1509,0.148,-0.216,10.9982,39.5229,232.9791,0.1699,0.2905
2015-04-12T01:32:59.892Z,5.016,48.2476,232.2158,0.2075,0.1018,-6.6558,37.8224,232.5729,0.163,-0.1836,10.1848,36.4375,233.3625,0.1562,0.2909
2015-04-12T01:33:59.084Z,5.1248,49.2983,232.426,0.2125,0.1047,-6.5392,36.0888,233.0337,0.1547,-0.1918,10.8451,40.2173,233.7408,0.1717,0.2718
2015-04-12T01:34:59.349Z,5.3839,47.8166,232.8704,0.2052,0.1103,-6.6196,36.4587,233.5654,0.156,-0.1897,10.4867,39.7196,234.3593,0.1693,0.282
2015-04-12T01:35:59.450Z,5.251,48.3849,232.8014,0.2079,0.1057,-6.9062,35.6502,233.3192,0.153,-0.2037,10.7033,38.9058,233.9414,0.1666,0.2826
2015-04-12T01:36:59.738Z,6.5475,48.2754,231.6959,0.2085,0.1365,-6.9071,33.8067,232.967,0.1444,-0.2124,10.819,38.8167,233.0541,0.1665,0.2854
2015-04-12T01:37:59.987Z,5.5959,48.1118,232.3268,0.2068,0.1151,-7.2016,34.9646,233.2367,0.15,-0.2132,10.8474,37.6054,233.5609,0.1611,0.2968
2015-04-12T01:38:59.812Z,5.8569,48.2397,232.1518,0.2081,0.1193,-6.8493,36.3329,233.4098,0.1556,-0.2015,10.7629,39.054,233.2859,0.1669,0.2867
2015-04-12T01:39:59.167Z,7.3396,48.8364,231.5131,0.2111,0.1504,-6.6128,38.8126,232.9079,0.1662,-0.1832,10.5452,36.4556,233.0171,0.157,0.2951
2015-04-12T01:40:59.392Z,6.7403,48.7405,231.8052,0.2101,0.1367,-6.5469,34.5149,232.6232,0.1487,-0.2022,10.7144,39.282,232.3691,0.1691,0.2793
2015-04-12T01:41:59.919Z,7.0864,48.1166,232.244,0.2076,0.1452,-6.7468,36.2239,232.7047,0.1555,-0.1991,10.776,38.2337,232.442,0.1642,0.2907
2015-04-12T01:42:59.343Z,6.8906,49.1047,233.2427,0.2104,0.1422,-6.7722,36.4391,232.7339,0.1562,-0.1934,11.1034,38.9939,232.7574,0.1678,0.2924
2015-04-12T01:43:59.723Z,6.8835,48.8513,233.543,0.2092,0.1401,-6.8723,35.9296,232.8225,0.1544,-0.2036,10.0269,38.3633,232.7101,0.1645,0.2787
2015-04-12T01:44:59.857Z,4.9869,48.9856,232.7267,0.2107,0.1008,-6.7648,37.8916,233.111,0.1629,-0.1936,10.6366,38.3071,231.9922,0.1652,0.2898
2015-04-12T01:45:59.251Z,5.1973,47.374,231.3369,0.2051,0.1096,-5.9602,35.3936,231.954,0.1524,-0.1767,10.8461,39.4009,230.7739,0.1709,0.2868
2015-04-12T01:46:59.873Z,5.4698,48.2425,231.1001,0.2087,0.1152,-6.3693,34.0751,231.8375,0.1466,-0.1975,10.4117,37.3546,230.7683,0.1616,0.2872
2015-04-12T01:47:59.015Z,7.3112,49.0372,231.5509,0.212,0.1493,-6.7298,31.134,230.9949,0.1346,-0.219,10.0522,35.155,231.3616,0.1517,0.2962
2015-04-12T01:48:59.393Z,6.9476,48.5098,232.1608,0.2087,0.1435,-7.001,34.0043,230.7101,0.1474,-0.2122,10.7809,37.861,231.1847,0.1637,0.2936
2015-04-12T01:49:59.523Z,6.7436,48.7225,232.4211,0.2093,0.1364,-6.8059,38.5145,231.7819,0.1664,-0.1898,10.7913,36.5123,231.3238,0.1576,0.3013
2015-04-12T01:50:59.687Z,6.7093,47.9709,232.1793,0.2067,0.14,-7.39,34.4027,231.4642,0.148,-0.2189,10.6565,39.3566,230.9665,0.1702,0.282
2015-04-12T01:51:59.948Z,6.5005,48.7113,232.686,0.209,0.1329,-7.1948,34.9165,232.247,0.1503,-0.2161,10.911,40.3808,232.002,0.1742,0.2774
2015-04-12T01:52:59.557Z,7.1071,49.0258,232.4951,0.2106,0.1448,-6.9169,34.6326,232.3159,0.1487,-0.2156,10.6392,40.4048,233.0211,0.1739,0.2739
2015-04-12T01:53:59.072Z,6.4649,48.9456,232.1301,0.2109,0.1304,-6.9084,36.6362,231.9111,0.1579,-0.2006,10.1833,37.2967,232.7451,0.1603,0.2827
2015-04-12T01:55:59.860Z,5.3894,48.5349,231.987,0.2091,0.1118,-6.7475,34.4569,232.5884,0.1483,-0.2031,10.6528,38.7301,233.2543,0.1658,0.2836
2015-04-12T01:56:59.763Z,5.1363,48.6287,232.13,0.2095,0.1071,-7.0866,37.4924,232.4796,0.1611,-0.1987,10.4337,38.8229,232.7827,0.1667,0.2756
2015-04-12T01:57:59.156Z,5.2568,47.6952,231.917,0.2056,0.1108,-6.471,34.6988,232.7874,0.1493,-0.1937,10.762,39.953,232.9474,0.1712,0.2812
2015-04-12T01:58:59.409Z,5.4263,48.2735,231.5892,0.2084,0.1122,-6.758,32.7974,232.0416,0.1415,-0.2138,11.7831,39.6007,232.5019,0.17,0.3032
2015-04-12T01:59:59.113Z,4.9738,47.6326,230.9184,0.206,0.1034,-5.8121,36.4969,231.8853,0.157,-0.169,10.3778,37.7897,231.8491,0.1626,0.2841
