2015-02-01T00:00:59.153Z,4.9197,65.8152,230.1766,0.2857,0.0758,1.8173,61.1702,232.0418,0.2631,0.0286,81.8451,102.0722,231.3579,0.4412,0.8032
2015-02-01T00:01:59.518Z,4.9774,68.0746,229.901,0.2953,0.0735,2.3402,63.729,232.2315,0.2744,0.0368,81.607,102.8054,231.4632,0.4444,0.7958
2015-02-01T00:02:59.876Z,5.3614,68.9698,230.1128,0.2996,0.0797,2.7449,63.29,232.7657,0.272,0.044,81.8595,102.566,230.9563,0.4436,0.7991
2015-02-01T00:03:59.119Z,5.4882,68.718,231.3071,0.2972,0.0818,2.4028,60.3872,232.0422,0.2609,0.0393,81.4961,102.3182,231.0851,0.4428,0.7973
2015-02-01T00:04:59.785Z,4.917,69.6054,232.7961,0.2992,0.0727,2.4395,60.7322,232.6758,0.2602,0.0412,82.4146,101.9178,232.3513,0.4386,0.8099
2015-02-01T00:05:59.245Z,5.6482,69.3159,233.6213,0.2964,0.0826,2.1712,62.5767,233.8243,0.2679,0.0347,83.4178,103.8304,233.3873,0.4447,0.8049
2015-02-01T00:06:59.617Z,5.3679,68.7548,233.6062,0.2942,0.0803,2.5309,61.4791,233.4664,0.263,0.0422,82.8693,103.7388,232.9824,0.4453,0.7997
2015-02-01T00:07:59.972Z,5.3284,69.5842,233.3204,0.2981,0.0766,2.3107,62.8431,233.2467,0.2695,0.0363,82.8863,103.6715,232.664,0.4455,0.8001
2015-02-01T00:08:59.395Z,4.1907,68.3206,232.7464,0.2931,0.0637,2.7378,62.1749,233.3644,0.267,0.0426,83.1427,103.6094,233.1699,0.4444,0.8038
2015-02-01T00:09:59.767Z,3.9681,68.6492,232.5735,0.2949,0.0591,2.4146,64.6827,233.2201,0.2776,0.0375,83.1554,102.7087,233.5682,0.4403,0.8105
2015-02-01T00:10:59.696Z,5.2986,69.4132,232.2856,0.2988,0.0773,2.772,61.7827,232.0189,0.2659,0.0465,83.5079,103.4726,233.6211,0.443,0.8077
2015-02-01T00:11:59.022Z,5.6094,69.6099,231.6049,0.3007,0.0803,2.349,61.8741,231.2086,0.2674,0.0369,83.0189,103.345,233.342,0.4428,0.8039
2015-02-01T00:12:59.393Z,5.1758,69.7889,232.0857,0.301,0.0751,2.7123,60.8687,230.7038,0.2642,0.0454,82.9241,103.8155,233.0247,0.4453,0.8
2015-02-01T00:13:59.210Z,4.9833,69.5852,232.1789,0.2996,0.0723,2.1764,60.9714,230.8077,0.2642,0.0346,83.111,103.2756,232.5367,0.4441,0.8056
2015-02-01T00:14:59.568Z,5.5038,69.062,232.624,0.2968,0.081,2.7349,61.0236,232.0705,0.2632,0.0461,83.4922,104.1007,233.8517,0.4453,0.8034
2015-02-01T00:15:59.985Z,5.2023,70.3632,232.6399,0.3018,0.0748,2.1847,62.9259,232.1454,0.2707,0.0353,136.4466,157.7409,233.534,0.6759,0.8458
2015-02-01T00:16:59.954Z,3.2521,68.9876,232.6341,0.2966,0.0469,2.7436,63.7009,232.6673,0.274,0.0425,92.8378,113.6163,233.7484,0.486,0.8099
2015-02-01T00:17:59.325Z,4.1133,69.9568,232.8974,0.3001,0.0592,2.7059,64.0696,233.2889,0.274,0.044,83.8184,104.7759,234.0557,0.4487,0.8013
2015-02-01T00:18:59.736Z,4.0725,69.7429,231.8098,0.3004,0.0592,3.0987,64.4403,233.6971,0.2759,0.046,83.3732,103.6149,234.0052,0.443,0.8055
2015-02-01T00:19:59.263Z,3.0322,69.4766,232.7963,0.2984,0.0433,3.2534,61.6301,234.028,0.2634,0.0527,83.9214,103.789,234.537,0.4422,0.8101
2015-02-01T00:20:59.505Z,3.1418,70.3516,232.6686,0.3025,0.0452,2.7247,61.5968,232.7338,0.2646,0.0446,83.5745,104.2969,233.9327,0.4456,0.803
2015-02-01T00:21:59.030Z,2.7563,69.7157,233.0819,0.2984,0.0409,3.087,62.8083,231.998,0.2704,0.0496,82.5318,102.6978,233.1596,0.441,0.8043
2015-02-01T00:22:59.099Z,3.2642,69.3745,233.533,0.2968,0.0486,2.6636,62.2156,230.784,0.27,0.0431,82.8708,103.5903,232.7058,0.4453,0.8002
2015-02-01T00:23:59.565Z,3.176,69.5907,233.4383,0.2984,0.0461,3.0151,61.9064,231.0335,0.2679,0.0484,82.9433,102.6112,232.7837,0.4408,0.8083
2015-02-01T00:24:59.823Z,2.8887,68.8884,232.744,0.2958,0.0433,2.9832,61.4305,232.3065,0.2643,0.0478,82.9577,103.06,233.5397,0.4409,0.8056
2015-02-01T00:25:59.068Z,4.8004,69.49,232.8343,0.2986,0.0709,2.4357,61.08,232.0543,0.2633,0.0399,146.5033,167.7364,233.3322,0.7188,0.8544
2015-02-01T00:26:59.319Z,5.6054,68.7564,232.9231,0.2955,0.0822,2.3653,63.2749,232.5779,0.2722,0.0365,83.4685,103.82,234.0514,0.4438,0.8054
2015-02-01T00:27:59.657Z,4.4595,69.5275,232.99,0.2987,0.0634,2.9507,61.9503,232.3764,0.2665,0.0472,83.2932,104.2036,233.6099,0.4454,0.801
2015-02-01T00:28:59.999Z,5.3999,71.2974,234.0768,0.3045,0.0785,2.7276,63.3816,232.9433,0.2719,0.0422,83.8229,104.0381,234.6544,0.4435,0.8069
2015-02-01T00:29:59.318Z,5.2046,69.3619,233.7183,0.2972,0.0764,2.8504,62.7088,233.1549,0.2693,0.0463,84.164,104.7097,234.5848,0.4467,0.8051
2015-02-01T00:30:59.769Z,5.5222,69.5589,233.4274,0.2976,0.0792,2.4012,61.7342,232.3324,0.2659,0.0392,83.0574,102.9909,233.7222,0.4403,0.8072
2015-02-01T00:31:59.178Z,4.3311,70.0578,233.7473,0.2998,0.062,2.8017,63.2317,232.3422,0.2721,0.0426,83.2287,103.4299,233.7314,0.4427,0.805
2015-02-01T00:32:59.508Z,4.7259,70.0724,232.8368,0.3008,0.0678,2.7433,61.6158,231.539,0.2666,0.0438,83.6401,103.306,234.1259,0.4414,0.8107
2015-02-01T00:33:59.321Z,4.9764,68.7869,232.9679,0.2951,0.0744,2.5224,60.6865,231.5249,0.2621,0.0423,83.7759,103.3048,234.4749,0.4405,0.8114
2015-02-01T00:34:59.902Z,4.9837,70.6884,233.6766,0.302,0.0727,2.4635,61.2645,231.524,0.2648,0.0408,83.8659,104.347,234.7078,0.4443,0.8051
2015-02-01T00:36:59.497Z,3.9337,69.8243,233.7426,0.2985,0.0563,2.7112,61.8262,231.0435,0.2673,0.0446,115.4404,136.5381,234.4079,0.5825,0.8284
2015-02-01T00:37:59.933Z,3.15,70.1055,232.6511,0.3016,0.0478,2.9781,60.8638,232.1363,0.2624,0.0488,83.5591,104.3558,233.5257,0.4473,0.8014
2015-02-01T00:38:59.918Z,3.0901,69.3838,232.5716,0.2977,0.0454,2.8386,61.0111,232.1559,0.2627,0.0478,83.3774,103.7632,233.5576,0.4441,0.8048
2015-02-01T00:39:59.307Z,2.7128,69.0678,232.19,0.2972,0.0397,2.5769,59.6891,232.1516,0.2569,0.0468,83.5308,102.7981,233.5647,0.4406,0.8131
2015-02-01T00:40:59.442Z,2.7518,68.677,230.8696,0.2974,0.0408,2.8926,60.2957,231.7515,0.2605,0.0501,82.9058,102.489,232.9102,0.4402,0.8093
2015-02-01T00:41:59.443Z,2.8511,68.9715,230.6953,0.2992,0.0414,3.462,62.5062,231.0329,0.271,0.0541,81.8556,101.818,232.0533,0.4385,0.8042
2015-02-01T00:42:59.967Z,3.1772,69.4068,230.3699,0.301,0.0453,3.0054,60.8707,230.7436,0.2642,0.0484,82.9203,103.0433,232.9087,0.4418,0.8059
2015-02-01T00:43:59.259Z,3.2556,69.8372,231.4341,0.3016,0.047,2.9351,60.6653,229.9611,0.2638,0.0486,82.8268,103.2843,232.7784,0.4442,0.803
2015-02-01T00:44:59.283Z,3.0637,69.5379,232.8698,0.2987,0.0463,2.4581,60.756,231.3029,0.2627,0.0401,83.1272,104.2334,233.4154,0.4465,0.7984
2015-02-01T00:45:59.006Z,3.3466,69.6275,233.0427,0.299,0.0489,2.7488,61.7386,231.6855,0.2667,0.0441,83.3241,103.8865,233.4983,0.445,0.8025
2015-02-01T00:46:59.289Z,3.2185,69.0253,233.2965,0.2962,0.0457,2.9211,62.4805,232.1042,0.269,0.0495,83.5646,105.0557,233.8001,0.449,0.7972
2015-02-01T00:47:59.607Z,3.1441,69.6468,232.7856,0.2999,0.0454,3.0459,63.4396,231.8565,0.2731,0.0486,83.0147,103.5207,233.6244,0.4434,0.8026
2015-02-01T00:48:59.453Z,3.1062,68.1202,233.0832,0.2923,0.0447,3.1741,61.4398,232.4442,0.2643,0.0552,83.4593,104.2564,233.8737,0.4462,0.8021
2015-02-01T00:49:59.876Z,3.3396,70.0538,233.5353,0.3001,0.0488,3.0916,63.6698,232.7126,0.2735,0.0488,83.7164,104.4336,234.4203,0.4456,0.8022
2015-02-01T00:50:59.389Z,2.4763,68.4216,233.0921,0.2932,0.0357,3.3522,60.664,232.65,0.2605,0.0578,83.5625,104.1468,234.281,0.4449,0.8042
2015-02-01T00:51:59.780Z,2.952,69.2558,232.227,0.2982,0.0433,2.7958,63.3668,231.9233,0.2731,0.0435,83.3854,103.911,233.3265,0.4452,0.8034
2015-02-01T00:52:59.162Z,2.8918,68.9732,232.6263,0.2962,0.0424,3.1383,61.1828,232.653,0.2627,0.0521,82.8971,103.4541,233.2512,0.4437,0.8028
2015-02-01T00:53:59.501Z,3.3191,67.6082,232.4224,0.291,0.0507,2.9396,60.0716,232.7435,0.2585,0.052,83.4621,103.3967,233.1477,0.4436,0.8087
2015-02-01T00:54:59.219Z,3.4027,70.6032,232.9552,0.303,0.0476,2.8997,60.6516,232.6731,0.2607,0.0494,83.2581,103.0124,234.02,0.4401,0.809
2015-02-01T00:55:59.837Z,2.7309,68.7801,232.865,0.2953,0.0396,3.0954,60.8801,232.5377,0.262,0.0527,83.6072,104.1795,234.2504,0.4449,0.8039
2015-02-01T00:56:59.311Z,2.9317,69.5319,233.0773,0.2982,0.0428,3.3172,62.5946,233.1969,0.2681,0.0536,84.1202,104.877,234.0532,0.4474,0.8037
2015-02-01T00:57:59.234Z,3.0923,69.691,233.532,0.2982,0.0451,2.7059,61.5655,233.1673,0.2641,0.0432,83.6982,103.8889,233.9624,0.4436,0.8065
2015-02-01T00:58:59.978Z,2.9493,68.7615,233.1312,0.2941,0.0427,2.6614,62.1003,232.5688,0.2673,0.0422,83.456,105.0288,233.5816,0.4491,0.7962
2015-02-01T00:59:59.469Z,2.8791,68.8832,232.9523,0.2954,0.0419,2.8238,61.941,232.8808,0.2657,0.0458,83.2964,103.6337,233.6043,0.4434,0.8052
2015-02-01T01:00:59.851Z,3.6203,68.7468,233.5501,0.2943,0.0527,2.8258,61.4838,233.0527,0.2638,0.0471,94.5854,114.0197,233.8582,0.4876,0.8223
2015-02-01T01:01:59.563Z,3.9629,71.4772,233.1559,0.3066,0.0554,2.4124,61.5426,232.7836,0.2643,0.0399,133.6341,153.3698,233.4282,0.6564,0.855
2015-02-01T01:02:59.189Z,2.8914,67.7541,231.5706,0.2927,0.0431,2.8699,60.8511,231.9692,0.2622,0.0484,81.0014,102.4579,230.9331,0.4429,0.7923
2015-02-01T01:03:59.751Z,2.24,68.5432,231.7061,0.296,0.0337,2.9495,62.4924,231.9003,0.269,0.0451,80.5796,100.9896,230.1454,0.4389,0.7992
2015-02-01T01:04:59.162Z,2.5314,69.7664,232.834,0.2998,0.0367,2.6924,63.4878,232.7786,0.2731,0.0447,82.0583,102.2931,231.8761,0.4409,0.8034
2015-02-01T01:05:59.132Z,3.2595,68.9564,233.2118,0.2954,0.0475,3.3878,63.4809,232.8323,0.2732,0.0536,81.9573,102.5318,232.2784,0.4419,0.7998
2015-02-01T01:06:59.569Z,3.1795,68.693,232.9535,0.2945,0.0465,2.7629,62.7677,232.0197,0.2704,0.0449,82.6431,102.8091,232.7919,0.4421,0.8044
2015-02-01T01:07:59.863Z,3.322,68.802,232.4878,0.2958,0.0486,2.5464,60.5693,231.8251,0.2615,0.0439,83.3873,104.9128,233.7686,0.4488,0.7959
2015-02-01T01:08:59.180Z,2.7188,69.299,232.2976,0.2983,0.0392,2.694,61.1688,231.9147,0.2637,0.0444,83.2591,104.9086,233.6067,0.4487,0.7949
2015-02-01T01:09:59.562Z,2.9145,69.0199,232.5305,0.2967,0.0429,2.772,62.9897,232.5578,0.271,0.0443,82.9997,103.6802,233.6996,0.4438,0.8015
2015-02-01T01:10:59.535Z,2.9874,69.048,233.5687,0.2953,0.043,2.6274,63.2221,232.8492,0.2713,0.0421,83.5542,103.333,234.0945,0.441,0.8088
2015-02-01T01:11:59.794Z,3.7409,69.4373,234.3785,0.2962,0.0551,2.7871,60.5937,232.4171,0.2604,0.0448,84.0102,104.9116,234.0687,0.448,0.8011
2015-02-01T01:12:59.159Z,3.0393,70.4411,233.6009,0.3012,0.0434,3.1796,62.2702,230.7667,0.2701,0.0513,82.7929,103.2132,232.7883,0.4431,0.803
2015-02-01T01:13:59.450Z,2.7924,70.5708,232.2307,0.3045,0.0398,2.8779,61.0373,229.0965,0.2664,0.0484,81.3522,101.7816,230.9784,0.4411,0.8003
2015-02-01T01:14:59.339Z,3.1612,69.2185,232.204,0.2984,0.0464,2.5908,62.4424,230.5381,0.2709,0.0419,82.1671,101.8707,232.0762,0.4388,0.8066
2015-02-01T01:15:59.813Z,3.4996,69.2772,231.0362,0.2993,0.0496,2.5425,61.9086,230.0958,0.2691,0.041,81.9575,102.3384,231.4372,0.4421,0.8018
2015-02-01T01:16:59.254Z,3.6693,69.1978,231.0769,0.2988,0.0534,3.0748,61.7428,230.0761,0.2684,0.05,81.9369,102.0758,231.5003,0.4413,0.8031
2015-02-01T01:17:59.267Z,2.6133,68.4811,231.6708,0.2957,0.0377,2.6243,61.9184,230.6159,0.2682,0.0422,82.0855,102.1713,232.0647,0.4403,0.8045
2015-02-01T01:18:59.996Z,2.8987,69.5788,231.6051,0.3003,0.0422,2.9058,61.6101,230.6351,0.2673,0.0475,82.6305,103.4393,232.1129,0.4457,0.8003
2015-02-01T01:19:59.111Z,2.6663,68.8242,231.1519,0.2974,0.0401,2.7837,62.1203,230.2752,0.2689,0.0451,81.6884,102.6723,231.4614,0.4432,0.7971
2015-02-01T01:20:59.580Z,3.9259,69.2142,230.4298,0.3008,0.0571,3.2325,61.7234,229.6022,0.2689,0.0534,81.9401,102.0925,231.3516,0.4409,0.8031
2015-02-01T01:21:59.233Z,2.9034,69.2049,230.328,0.3003,0.0425,2.48,62.4264,228.1771,0.2733,0.042,81.6993,102.0081,231.6138,0.4408,0.8014
2015-02-01T01:22:59.564Z,2.946,69.232,230.7245,0.2997,0.0425,2.4389,60.3818,226.2779,0.2671,0.0397,82.0614,101.9579,232.1473,0.4391,0.8071
2015-02-01T01:23:59.738Z,2.4153,68.6854,230.4131,0.2981,0.0347,2.494,57.9131,225.6885,0.2565,0.0433,81.2238,100.5979,231.5179,0.4346,0.8085
2015-02-01T01:24:59.937Z,3.417,68.4384,229.7521,0.2979,0.0488,2.6761,60.6163,229.2663,0.2647,0.0455,81.6671,101.4142,230.8189,0.4391,0.8062
2015-02-01T01:25:59.290Z,3.4328,67.02,229.0692,0.293,0.0524,2.9184,62.5234,229.8281,0.2726,0.0472,81.1768,102.2593,230.8067,0.4429,0.7958
2015-02-01T01:26:59.597Z,3.3525,67.7548,228.869,0.296,0.0498,3.3688,61.8237,230.1065,0.2691,0.0542,80.6575,101.8237,230.5633,0.4415,0.7934
2015-02-01T01:27:59.017Z,2.534,68.5398,229.5553,0.2986,0.0379,2.5287,60.537,229.7941,0.2632,0.0427,81.7572,102.7376,230.7653,0.445,0.7986
2015-02-01T01:28:59.563Z,2.375,68.1474,229.5887,0.2971,0.0359,3.2522,61.9262,229.6241,0.2696,0.0523,81.0443,101.4536,230.796,0.4397,0.7997
2015-02-01T01:29:59.745Z,2.9962,68.6734,229.9863,0.2984,0.046,3.4238,60.8395,229.8629,0.2647,0.0565,80.9164,101.0364,230.9826,0.4371,0.8019
2015-02-01T01:30:59.321Z,3.0063,68.8431,230.2412,0.2989,0.0435,3.1446,61.3998,229.8375,0.2668,0.0503,81.1769,102.5749,230.8525,0.4445,0.793
2015-02-01T01:31:59.679Z,2.6189,69.4009,229.8753,0.3025,0.0379,2.4324,61.0489,226.8269,0.2692,0.0408,81.3352,102.3227,230.368,0.4444,0.7962
2015-02-01T01:32:59.185Z,2.5852,68.9254,229.3083,0.3008,0.0382,3.0007,59.997,225.6723,0.2666,0.0514,80.5281,102.1349,230.4581,0.4436,0.7907
2015-02-01T01:33:59.909Z,2.9771,67.6776,228.3734,0.2957,0.0451,2.2463,62.2539,228.3227,0.2727,0.0373,80.5017,100.9264,229.6196,0.4396,0.7984
2015-02-01T01:34:59.344Z,2.7212,67.1326,229.051,0.2934,0.0416,2.7718,61.3494,229.5657,0.2678,0.0464,81.0529,101.127,230.4008,0.4389,0.8021
2015-02-01T01:35:59.801Z,2.7397,68.2501,229.9809,0.2971,0.0416,2.7874,61.5311,230.1387,0.2671,0.0468,81.9173,102.1116,231.0228,0.442,0.8039
2015-02-01T01:36:59.608Z,2.8663,67.8384,229.1095,0.2958,0.0414,2.5069,61.6308,230.081,0.2678,0.0421,81.6811,102.6124,231.0324,0.4445,0.7975
2015-02-01T01:37:59.415Z,3.5906,69.6378,229.5184,0.3033,0.0529,2.8594,62.7754,229.7816,0.2734,0.0436,80.5839,100.9124,229.9951,0.4393,0.8001
2015-02-01T01:38:59.720Z,2.5976,68.3965,229.9021,0.2976,0.0386,2.5396,60.6436,229.9007,0.2635,0.0434,80.9187,101.2179,230.2375,0.4399,0.8015
2015-02-01T01:39:59.280Z,2.7424,68.1021,229.8902,0.2963,0.0406,3.1008,60.9111,228.612,0.2666,0.053,81.3876,102.7727,231.4579,0.4443,0.7937
2015-02-01T01:40:59.043Z,2.4427,68.5465,230.1898,0.2978,0.0373,3.1659,60.5191,228.3522,0.2656,0.0524,80.804,101.28,229.5313,0.4415,0.7991
2015-02-01T01:41:59.443Z,3.2258,67.6616,228.0652,0.2975,0.0486,2.9586,60.4653,227.7498,0.2659,0.0467,80.9532,100.4544,230.2189,0.4364,0.8064
2015-02-01T01:42:59.762Z,2.8937,67.7136,227.2973,0.2978,0.0453,3.2247,62.1577,230.1227,0.2701,0.0507,80.8893,101.7713,230.7518,0.4411,0.7964
2015-02-01T01:43:59.556Z,2.27,68.0086,227.9342,0.2986,0.0332,2.9169,61.4306,227.7459,0.2692,0.0458,81.6797,102.0199,231.6727,0.4404,0.8014
2015-02-01T01:44:59.899Z,2.6553,69.0874,229.5614,0.3011,0.0387,2.6751,61.0908,227.5233,0.2688,0.0429,82.4465,102.9316,232.6354,0.4423,0.8016
2015-02-01T01:45:59.114Z,3.2751,68.6474,229.5501,0.2992,0.0473,2.6964,63.1926,230.8663,0.2739,0.0435,81.7948,101.8199,231.7047,0.4394,0.804
2015-02-01T01:46:59.377Z,3.1867,68.1261,229.2232,0.2972,0.0464,3.1575,61.2254,230.354,0.2659,0.0517,81.496,102.7621,231.269,0.444,0.7941
2015-02-01T01:47:59.697Z,3.1652,69.152,229.2546,0.3016,0.0466,3.1395,63.103,230.3168,0.2738,0.0501,81.5679,102.1024,231.2551,0.4418,0.8001
2015-02-01T01:48:59.692Z,2.986,67.6848,229.1659,0.2956,0.0449,3.0111,60.9156,230.2419,0.2649,0.049,81.2229,100.5963,230.6367,0.4363,0.8082
2015-02-01T01:49:59.494Z,4.1008,68.8963,229.2566,0.3007,0.0602,2.6541,62.2415,229.752,0.2705,0.0429,80.6554,101.1846,230.5222,0.4389,0.7977
2015-02-01T01:50:59.508Z,3.3949,67.0389,228.9504,0.2925,0.0512,2.7522,61.1071,229.4858,0.2663,0.0474,80.3764,100.672,230.1044,0.4375,0.7984
2015-02-01T01:51:59.817Z,2.672,67.559,228.4608,0.2954,0.0389,2.8901,60.4935,228.712,0.2646,0.0482,80.3325,100.5268,229.6534,0.4377,0.8001
2015-02-01T01:52:59.378Z,2.4539,68.1438,228.5471,0.2983,0.0351,2.5593,60.6588,229.1429,0.2644,0.0422,79.7397,100.6953,228.7457,0.4399,0.7933
2015-02-01T01:53:59.232Z,2.8093,67.4657,227.5798,0.2968,0.0407,2.6951,61.002,228.6571,0.267,0.046,78.8047,99.1435,227.0709,0.4369,0.7967
2015-02-01T01:54:59.837Z,2.5812,69.0876,229.9546,0.3001,0.0385,2.3662,59.5538,230.3866,0.2586,0.0413,80.7986,100.5059,229.9511,0.4368,0.8042
2015-02-01T01:55:59.010Z,2.5064,68.4311,231.4753,0.2954,0.0362,2.8926,61.9923,231.425,0.2673,0.0462,82.2049,103.8734,232.3953,0.4466,0.793
2015-02-01T01:56:59.304Z,2.9546,69.0457,231.5401,0.2981,0.0432,3.0232,60.9362,231.2269,0.2631,0.0497,83.4164,103.2077,233.328,0.4422,0.8089
2015-02-01T01:57:59.310Z,3.238,68.8529,232.7871,0.2959,0.0486,3.3571,62.9232,232.2304,0.2707,0.0527,83.6192,103.6336,233.707,0.4429,0.807
2015-02-01T01:58:59.003Z,3.777,68.23,232.8293,0.293,0.0551,2.9573,61.3677,232.465,0.2636,0.0499,83.1678,103.6346,232.9932,0.4444,0.8034
2015-02-01T01:59:59.503Z,3.4046,68.4528,233.477,0.2928,0.0507,2.682,61.8607,232.9573,0.2651,0.0441,83.2872,104.449,233.8066,0.4472,0.7988
