2015-04-10T00:00:59.802Z,7.5488,47.6473,233.3653,0.2042,0.1607,-7.4332,36.7966,232.9529,0.1581,-0.2126,10.1997,39.8733,233.8769,0.1709,0.2625
2015-04-10T00:01:59.948Z,7.2482,48.5651,232.4432,0.209,0.1491,-7.2771,35.1579,232.9346,0.151,-0.2149,10.409,39.688,234.4696,0.1699,0.2709
2015-04-10T00:02:59.240Z,6.7532,49.464,232.4169,0.2131,0.1379,-7.0012,33.9772,233.0482,0.1458,-0.2174,10.3104,40.4218,234.3843,0.1726,0.2634
2015-04-10T00:03:59.549Z,6.5784,49.8158,232.2701,0.2141,0.1312,-6.5331,36.0052,233.2803,0.1546,-0.1953,10.1312,38.967,233.9614,0.1665,0.2677
2015-04-10T00:04:59.120Z,5.1323,47.8001,231.0802,0.2068,0.1082,-6.1616,35.1477,233.2471,0.1502,-0.1831,10.1959,38.7336,233.8593,0.1659,0.2782
2015-04-10T00:05:59.349Z,6.0671,47.6217,231.5083,0.2058,0.1276,-7.1527,33.6635,232.885,0.144,-0.2155,10.5314,37.8299,234.7099,0.1612,0.286
2015-04-10T00:06:59.672Z,6.972,48.9811,231.5126,0.2116,0.1426,-7.4529,36.6471,229.3697,0.1597,-0.2104,10.4932,38.1397,234.9886,0.1621,0.2854
2015-04-10T00:07:59.976Z,6.8903,48.8595,232.1245,0.2109,0.1404,-6.707,33.8031,230.2109,0.1474,-0.2085,10.781,39.1853,233.7556,0.1678,0.2863
2015-04-10T00:08:59.326Z,6.7853,47.9124,232.2166,0.2061,0.1411,-7.0339,34.6694,232.2827,0.1496,-0.2109,10.6057,38.3797,233.9542,0.164,0.286
2015-04-10T00:09:59.468Z,6.3079,47.4697,231.7919,0.2046,0.1322,-7.0932,36.4502,232.4697,0.157,-0.2004,10.3714,37.4097,233.5136,0.1603,0.2859
2015-04-10T00:10:59.713Z,7.2077,49.096,232.0036,0.2114,0.1456,-6.7993,34.263,233.6318,0.1466,-0.2056,10.5098,38.0793,234.2459,0.1622,0.2833
2015-04-10T00:11:59.936Z,7.0524,47.9721,232.0789,0.207,0.1463,-7.0105,35.273,233.7466,0.1511,-0.2057,10.303,38.8234,234.3322,0.1655,0.2724
2015-04-10T00:12:59.244Z,7.4213,49.1557,232.106,0.2111,0.1493,-7.4837,35.5792,233.1379,0.1534,-0.2211,10.5937,36.329,234.0253,0.1554,0.2963
2015-04-10T00:13:59.590Z,6.851,49.1986,232.1112,0.2122,0.1404,-7.0521,36.159,232.6598,0.1556,-0.2049,10.3886,36.994,233.7755,0.1584,0.2807
2015-04-10T00:14:59.825Z,7.7696,48.497,231.951,0.2089,0.1598,-7.5429,35.301,232.6296,0.1515,-0.2185,10.0919,36.9019,233.6136,0.1576,0.2792
2015-04-10T00:15:59.119Z,7.5939,48.9542,231.8627,0.2113,0.1538,-6.8414,35.0596,232.539,0.1512,-0.2074,10.5156,37.0022,233.5502,0.1586,0.2923
2015-04-10T00:16:59.470Z,6.389,48.2487,231.7727,0.2082,0.1338,-7.2922,34.6203,231.4155,0.1491,-0.2211,10.2159,37.2091,232.8266,0.1597,0.2751
2015-04-10T00:17:59.779Z,6.3874,48.434,231.3671,0.2091,0.1305,-7.5591,34.3098,231.2402,0.1485,-0.2266,10.5022,36.7196,232.2354,0.1589,0.2895
2015-04-10T00:18:59.062Z,5.0636,48.7238,232.1703,0.2092,0.1038,-6.479,32.3081,231.8332,0.1391,-0.2099,10.0577,35.4249,232.7269,0.1521,0.293
2015-04-10T00:19:59.322Z,5.2403,48.2116,231.9811,0.208,0.1066,-7.0808,33.4892,231.6667,0.1451,-0.2188,10.8491,38.1173,232.4785,0.1637,0.2931
2015-04-10T00:20:59.610Z,5.7284,48.4871,232.3219,0.2087,0.1167,-6.9035,33.9085,232.0803,0.146,-0.2024,10.5849,38.0902,232.7279,0.1631,0.287
2015-04-10T00:21:59.995Z,6.087,48.2814,232.711,0.2074,0.1252,-6.5837,33.7622,232.0818,0.1452,-0.2009,10.5582,38.2855,233.3104,0.1646,0.2866
2015-04-10T00:22:59.400Z,5.8484,48.2287,232.6774,0.207,0.121,-6.3471,35.1092,232.2361,0.1512,-0.197,10.1218,36.9303,233.4947,0.1583,0.2864
2015-04-10T00:23:59.588Z,5.2643,48.5435,232.3068,0.209,0.1077,-6.6254,35.0351,232.4698,0.1507,-0.1982,10.5499,37.5159,232.9365,0.1612,0.2854
2015-04-10T00:24:59.803Z,5.5487,48.4579,232.1954,0.2086,0.1154,-6.2438,34.8726,232.5782,0.15,-0.1876,11.0347,37.2158,232.8996,0.1595,0.3015
2015-04-10T00:25:59.291Z,5.6421,48.4478,231.8088,0.2088,0.1172,-6.6442,36.7598,232.163,0.1581,-0.1873,10.3904,37.6133,232.6537,0.1618,0.2852
2015-04-10T00:26:59.547Z,5.4897,48.5785,232.0226,0.2091,0.1146,-6.0934,34.5784,232.2053,0.1487,-0.1822,10.4373,39.3001,232.9507,0.1686,0.2701
2015-04-10T00:27:59.724Z,4.9826,48.1107,231.5098,0.2081,0.1046,-6.5904,33.9873,232.3256,0.1465,-0.1946,11.1622,39.0182,232.9755,0.1675,0.2921
2015-04-10T00:28:59.962Z,5.4395,48.7214,232.8144,0.2091,0.1107,-6.9811,34.9122,233.4543,0.1492,-0.2065,10.922,38.3271,233.8827,0.1637,0.2951
2015-04-10T00:29:59.213Z,6.9683,49.1326,233.2589,0.2101,0.1411,-6.7832,36.0724,233.7049,0.1543,-0.1972,10.5193,38.2888,234.5007,0.1633,0.287
2015-04-10T00:30:59.574Z,5.5161,48.644,233.1516,0.2089,0.1129,-6.4895,36.5342,233.7137,0.1557,-0.1865,10.2335,37.3628,234.7223,0.1588,0.2857
2015-04-10T00:31:59.880Z,7.0504,48.9221,232.8959,0.2102,0.1434,-7.1204,36.4932,233.4319,0.1563,-0.2086,10.8312,38.5257,234.6343,0.1646,0.2865
2015-04-10T00:32:59.250Z,6.9268,48.681,232.5008,0.2094,0.1424,-6.9389,35.5903,233.5378,0.1522,-0.2024,10.6794,39.159,234.4357,0.1669,0.276
2015-04-10T00:33:59.497Z,7.1718,48.6271,232.8589,0.2086,0.1479,-7.1675,34.7126,233.7305,0.1484,-0.2182,10.1248,37.4634,234.8315,0.1591,0.2824
2015-04-10T00:34:59.925Z,7.1182,48.9596,233.027,0.2099,0.1467,-6.9896,35.5361,233.2754,0.152,-0.2083,10.4161,38.4883,234.8261,0.1634,0.2778
2015-04-10T00:35:59.086Z,6.6522,48.6358,232.2447,0.2098,0.135,-7.0482,34.5512,232.7732,0.1481,-0.2116,10.2178,37.8143,233.8159,0.1617,0.2787
2015-04-10T00:36:59.498Z,7.0724,48.5554,231.802,0.2098,0.1456,-6.9019,34.9516,231.9274,0.1504,-0.2057,10.5116,38.0614,233.443,0.1626,0.2827
2015-04-10T00:37:59.778Z,7.5033,48.697,231.6552,0.2108,0.1538,-7.039,34.1816,231.9899,0.147,-0.2158,10.5463,38.7774,233.6089,0.1668,0.279
2015-04-10T00:38:59.083Z,6.8496,47.9156,231.8046,0.2067,0.1433,-7.0878,36.0008,232.1929,0.1549,-0.2074,10.8072,39.669,233.6147,0.1696,0.2807
2015-04-10T00:39:59.410Z,7.1408,48.7886,232.2528,0.21,0.1468,-7.1461,35.7528,232.4686,0.154,-0.2132,10.3654,38.906,233.7821,0.1662,0.2716
2015-04-10T00:40:59.744Z,7.2334,49.2181,231.922,0.2123,0.1454,-7.3716,35.1792,232.1067,0.1513,-0.2188,10.7463,37.9846,233.7009,0.1625,0.29
2015-04-10T00:41:59.038Z,7.2687,48.4762,232.6947,0.2082,0.1482,-6.4466,34.842,232.5889,0.1501,-0.1982,10.655,38.1264,234.391,0.1627,0.2894
2015-04-10T00:42:59.377Z,6.8905,48.4,232.479,0.2084,0.1411,-6.6115,35.118,232.4934,0.1509,-0.2004,10.7709,39.1196,233.9634,0.1668,0.281
2015-04-10T00:43:59.662Z,6.9167,47.6598,231.373,0.2062,0.1445,-6.9848,34.7074,232.5436,0.149,-0.2067,10.8758,37.9549,233.4547,0.1633,0.2952
2015-04-10T00:44:59.872Z,7.2587,48.0458,231.9403,0.2076,0.1509,-6.8901,35.5266,232.7058,0.153,-0.2048,10.7449,37.1276,233.4779,0.1592,0.2962
2015-04-10T00:45:59.202Z,7.398,49.121,231.4517,0.2119,0.1477,-7.6504,35.2842,232.1152,0.1517,-0.2207,10.1827,37.7257,233.3386,0.1618,0.2772
2015-04-10T00:46:59.550Z,7.0675,47.9833,230.4234,0.2082,0.1468,-6.4078,36.3192,230.4738,0.1576,-0.1868,10.313,37.8314,232.0871,0.1628,0.2788
2015-04-10T00:47:59.902Z,6.1589,47.6318,230.2219,0.2069,0.1287,-7.0733,33.9648,230.5001,0.1471,-0.2134,10.8141,37.844,231.7846,0.163,0.2884
2015-04-10T00:48:59.237Z,6.3918,48.2963,230.6554,0.2094,0.1341,-6.8203,34.4162,231.2806,0.1483,-0.2088,10.4571,38.5332,232.5398,0.1657,0.2737
2015-04-10T00:49:59.483Z,7.0729,48.0278,229.5856,0.2091,0.1449,-6.7956,35.0624,231.2014,0.1516,-0.2038,10.4774,37.9259,232.2973,0.1629,0.2857
2015-04-10T00:50:59.627Z,6.7832,48.1343,229.518,0.2101,0.1405,-6.8014,35.3036,231.5288,0.1526,-0.2065,10.2754,37.6046,232.6065,0.1616,0.2825
2015-04-10T00:51:59.846Z,7.0286,48.0187,229.7212,0.2084,0.145,-6.6711,34.135,231.7361,0.1473,-0.2068,10.6088,38.1685,233.4035,0.1633,0.2868
2015-04-10T00:52:59.029Z,6.7291,48.1479,229.7842,0.2091,0.1391,-6.8058,34.2411,231.4143,0.1479,-0.2088,10.1725,37.3813,233.2653,0.1599,0.281
2015-04-10T00:53:59.314Z,6.8084,48.4935,230.9007,0.2101,0.1416,-6.7102,34.6686,231.9368,0.1492,-0.2055,10.3163,38.0922,232.9903,0.1633,0.2802
2015-04-10T00:54:59.591Z,7.1057,49.1105,231.4293,0.212,0.1443,-6.8525,35.0625,232.0318,0.1511,-0.206,10.3341,38.6464,232.4195,0.166,0.272
2015-04-10T00:55:59.811Z,6.8229,47.7279,230.9299,0.2068,0.1444,-7.0359,35.4659,231.3477,0.1534,-0.2081,10.5232,36.4393,232.1621,0.1568,0.2979
2015-04-10T00:56:59.020Z,6.4743,48.1576,231.3997,0.2083,0.1313,-6.5784,33.7867,232.0896,0.1461,-0.2056,10.525,37.5459,232.4996,0.1613,0.2847
2015-04-10T00:57:59.472Z,6.4353,47.6556,231.9251,0.2054,0.133,-6.7451,36.7777,231.6403,0.1584,-0.1908,10.6797,37.8674,232.0802,0.1634,0.2965
2015-04-10T00:58:59.809Z,6.8946,48.9615,231.8536,0.2109,0.1416,-7.1426,33.9363,231.8343,0.146,-0.2193,10.3029,38.0622,232.0265,0.1639,0.2778
2015-04-10T00:59:59.021Z,6.8887,48.3297,231.2888,0.2087,0.1443,-6.9336,33.6926,230.8004,0.1455,-0.2149,10.7283,37.0204,232.2842,0.1598,0.2956
