2015-04-02T00:00:59.054Z,6.9292,48.2207,231.8297,0.208,0.1441,-6.2237,35.9826,227.6448,0.1579,-0.1842,10.5134,39.3091,233.3794,0.1684,0.2753
2015-04-02T00:01:59.771Z,6.5693,49.1201,231.7337,0.2117,0.1355,-6.9888,33.0651,227.6732,0.1449,-0.2242,10.519,38.9809,233.898,0.1666,0.2779
2015-04-02T00:02:59.988Z,6.1374,48.7025,231.212,0.211,0.1263,-6.4058,32.7157,230.372,0.1421,-0.2119,10.1018,38.2002,233.3579,0.164,0.2692
2015-04-02T00:03:59.012Z,6.4482,48.8301,231.2994,0.2108,0.1332,-6.4617,37.1179,230.4658,0.1616,-0.1859,10.6768,38.4461,233.1139,0.1651,0.2807
2015-04-02T00:04:59.381Z,6.7488,48.243,230.8447,0.2087,0.1433,-6.6681,34.8263,230.1678,0.1513,-0.2066,10.2493,38.4863,232.7726,0.1655,0.2755
2015-04-02T00:05:59.941Z,7.0851,47.746,230.9459,0.2063,0.1482,-7.6851,35.7438,230.5808,0.1549,-0.222,10.8595,37.0665,232.8285,0.1596,0.2984
2015-04-02T00:06:59.157Z,6.5791,47.8201,231.2572,0.2068,0.1373,-6.5203,34.2227,230.4621,0.1488,-0.2053,10.5824,38.8004,232.7833,0.1668,0.2813
2015-04-02T00:07:59.709Z,6.8242,49.0748,231.5781,0.2115,0.1396,-6.6136,33.4369,228.8362,0.1459,-0.2142,10.1227,37.6534,232.5881,0.1619,0.2835
2015-04-02T00:08:59.211Z,7.0941,48.7967,230.8609,0.2119,0.1423,-7.6732,33.4018,227.3851,0.1468,-0.2314,10.5032,38.9924,233.4286,0.1672,0.2788
2015-04-02T00:09:59.471Z,6.1447,47.1315,231.1072,0.2041,0.1311,-7.4263,34.5164,229.069,0.1505,-0.2151,10.4016,38.7337,233.1939,0.1664,0.2807
2015-04-02T00:10:59.013Z,5.57,46.6843,231.8573,0.2014,0.118,-6.6712,34.9999,231.3456,0.1507,-0.1911,10.2303,37.6408,233.6444,0.1612,0.2802
2015-04-02T00:11:59.340Z,5.13,48.9786,231.6948,0.2114,0.1062,-6.4724,33.5951,231.4884,0.1451,-0.2004,9.8477,38.374,233.8712,0.164,0.27
2015-04-02T00:12:59.684Z,5.2399,47.5013,231.7627,0.2053,0.1091,-6.2905,35.5589,231.1591,0.1537,-0.1818,9.9357,38.2404,233.5549,0.1641,0.2735
2015-04-02T00:13:59.483Z,6.3423,48.1117,231.619,0.2076,0.1299,-6.6154,35.2928,230.9259,0.1531,-0.1946,10.4847,38.0432,233.1632,0.1624,0.2861
2015-04-02T00:14:59.837Z,5.9271,48.0078,231.1536,0.2076,0.1222,-6.5187,35.0616,230.6001,0.1525,-0.2001,11.017,39.9993,232.9271,0.1713,0.2868
2015-04-02T00:15:59.064Z,6.379,47.2611,231.3774,0.2041,0.1336,-6.7706,31.6536,231.0393,0.1371,-0.215,10.2582,39.129,232.9217,0.1682,0.2719
2015-04-02T00:16:59.499Z,7.0845,47.7682,231.488,0.2067,0.1492,-6.8922,35.2013,230.2029,0.1529,-0.2074,10.6122,37.3083,233.4718,0.1599,0.2899
2015-04-02T00:17:59.058Z,7.4196,49.8952,232.2004,0.2147,0.1486,-6.5338,35.6047,228.398,0.1563,-0.1971,10.4149,39.0733,233.706,0.1671,0.2736
2015-04-02T00:18:59.428Z,6.8964,48.9362,231.6063,0.2112,0.1422,-6.2209,34.687,230.0746,0.1509,-0.1889,10.3264,37.2949,233.5254,0.1599,0.2857
2015-04-02T00:19:59.216Z,6.6281,48.0057,231.9627,0.2072,0.1367,-6.5854,36.6859,232.4792,0.1579,-0.1967,10.9256,37.8827,233.7383,0.162,0.2922
2015-04-02T00:20:59.704Z,6.988,48.3103,232.2027,0.2079,0.1453,-6.9017,35.565,232.118,0.1534,-0.204,10.1362,37.9198,233.6435,0.1622,0.2803
2015-04-02T00:21:59.247Z,7.063,48.5874,230.987,0.2106,0.1452,-6.8184,35.864,230.4919,0.1561,-0.1982,10.8532,38.6057,232.4041,0.1654,0.2898
2015-04-02T00:22:59.523Z,6.3121,47.8475,231.389,0.2065,0.1319,-6.8407,34.0252,230.5492,0.1475,-0.2089,10.6516,39.2976,232.1533,0.169,0.274
2015-04-02T00:23:59.874Z,6.3223,47.7885,231.8214,0.2065,0.1305,-6.2829,33.9102,230.6078,0.1471,-0.1991,10.5663,38.249,232.1697,0.1646,0.2847
2015-04-02T00:24:59.317Z,5.7467,48.7696,231.6046,0.2108,0.1172,-6.4163,36.2521,230.8503,0.1574,-0.1873,10.6512,36.3977,231.9826,0.1568,0.2979
2015-04-02T00:25:59.648Z,6.6167,47.9176,230.4734,0.208,0.137,-6.5075,36.1893,230.7029,0.1568,-0.1916,10.5702,37.0485,231.677,0.1609,0.2897
2015-04-02T00:26:59.101Z,6.5859,48.7546,230.0897,0.2117,0.1362,-7.2137,35.1794,230.801,0.1524,-0.2099,10.6183,38.3221,231.8194,0.1653,0.2863
2015-04-02T00:27:59.509Z,6.5538,48.4511,229.9455,0.2104,0.1348,-6.451,36.9941,230.7437,0.1601,-0.1862,10.2145,35.8468,231.7996,0.1543,0.2943
2015-04-02T00:28:59.291Z,6.4147,48.8865,230.5742,0.2122,0.1308,-6.8607,38.5259,228.9588,0.1684,-0.1877,10.6736,38.1603,232.6249,0.164,0.2878
2015-04-02T00:29:59.414Z,6.8747,48.8503,231.9774,0.2104,0.1388,-6.8689,35.0954,228.013,0.1541,-0.2074,10.5187,38.1025,233.0475,0.164,0.2834
2015-04-02T00:30:59.638Z,7.3735,48.4723,232.0029,0.209,0.1525,-6.7954,35.8879,230.9286,0.1558,-0.2022,10.5459,36.0591,232.3801,0.1554,0.2915
2015-04-02T00:31:59.923Z,7.0819,48.3787,231.7459,0.2086,0.1468,-6.9103,34.6375,230.7577,0.1499,-0.2085,10.7509,38.9326,231.9279,0.1675,0.2873
2015-04-02T00:32:59.636Z,6.9016,47.9093,231.4814,0.2065,0.1447,-6.7123,33.8762,230.4337,0.1469,-0.2071,10.3773,39.0035,231.6751,0.1685,0.2734
2015-04-02T00:33:59.301Z,6.5638,48.9829,231.5892,0.2114,0.1347,-6.6981,34.5697,230.0253,0.1499,-0.2008,10.4977,37.8346,231.9071,0.1632,0.2852
2015-04-02T00:34:59.615Z,6.3998,49.1165,232.0727,0.2124,0.1299,-6.6065,36.042,230.3665,0.1564,-0.194,10.1488,37.9225,232.0812,0.1634,0.2787
2015-04-02T00:35:59.379Z,6.8913,48.011,231.8796,0.2071,0.1429,-6.7003,34.4614,230.7764,0.1494,-0.2019,10.6843,38.4416,232.7388,0.1649,0.2856
2015-04-02T00:36:59.015Z,6.6774,48.4216,231.8262,0.2085,0.1377,-6.1858,34.1327,230.5725,0.1481,-0.1904,10.2526,35.6702,232.6652,0.1526,0.2968
2015-04-02T00:37:59.709Z,5.4823,48.7624,232.2773,0.2095,0.1114,-6.5313,37.1703,230.7386,0.161,-0.1839,10.7649,38.2205,232.5723,0.1647,0.2901
2015-04-02T00:38:59.447Z,5.5503,47.7357,232.3151,0.2056,0.1169,-6.3408,33.2007,231.2252,0.1432,-0.1972,10.9748,39.5257,232.8144,0.1697,0.2806
2015-04-02T00:39:59.734Z,5.226,48.8099,232.3682,0.2099,0.1059,-6.4868,34.8487,231.1141,0.1502,-0.1936,9.9858,39.1208,232.8747,0.1682,0.2662
2015-04-02T00:40:59.970Z,6.3357,48.4587,231.587,0.2093,0.1292,-6.6996,33.5464,230.2954,0.1461,-0.2066,10.0255,38.5183,232.6595,0.1653,0.2733
2015-04-02T00:41:59.496Z,6.4818,47.6174,231.4638,0.2058,0.1353,-6.7104,36.1338,229.9497,0.1569,-0.1971,11.0767,37.0369,232.8249,0.1586,0.3059
2015-04-02T00:42:59.784Z,6.6555,48.2091,231.2229,0.2086,0.1388,-7.0585,35.9514,230.1278,0.1559,-0.2051,10.712,38.1485,232.9001,0.1636,0.2893
2015-04-02T00:43:59.232Z,6.7333,48.9716,231.1503,0.2117,0.1362,-7.1101,35.4222,230.473,0.1538,-0.2086,10.1428,37.4897,232.962,0.1604,0.2852
2015-04-02T00:44:59.804Z,6.403,48.2565,231.4301,0.2088,0.1314,-6.1391,32.933,230.91,0.143,-0.1991,10.7438,38.5321,233.149,0.1654,0.2879
2015-04-02T00:45:59.116Z,6.4707,48.5341,232.0786,0.2091,0.1321,-6.9884,37.0372,231.363,0.16,-0.1976,10.5046,37.9738,233.4661,0.1623,0.2851
2015-04-02T00:46:59.413Z,6.4403,48.4421,232.0276,0.2089,0.1337,-7.1059,35.8885,229.592,0.1568,-0.2053,10.9804,38.9357,234.0743,0.1666,0.2878
2015-04-02T00:47:59.722Z,7.2292,48.2133,232.244,0.2077,0.1505,-6.4849,34.3708,228.5126,0.1508,-0.2036,10.5692,38.3191,234.3973,0.1636,0.2871
2015-04-02T00:48:59.029Z,5.9033,48.4131,232.0221,0.2088,0.1224,-6.9983,35.1578,231.6032,0.1516,-0.2048,10.1521,38.8633,233.4159,0.1663,0.271
2015-04-02T00:49:59.745Z,5.4811,47.6677,232.2425,0.2054,0.1132,-6.4203,34.1124,232.7197,0.147,-0.1962,10.5824,37.4877,233.4559,0.1603,0.2925
2015-04-02T00:50:59.393Z,5.4876,47.5882,232.4256,0.2046,0.1151,-6.5123,34.5586,232.5099,0.1484,-0.1962,10.0508,37.3388,233.2692,0.16,0.2762
2015-04-02T00:51:59.824Z,4.9304,47.3875,231.7781,0.204,0.1033,-6.3823,32.6931,231.6849,0.1411,-0.2,10.9625,40.66,232.4253,0.1746,0.2781
2015-04-02T00:52:59.122Z,5.301,48.3042,231.7749,0.2089,0.1122,-5.9432,33.1076,231.8196,0.1434,-0.1865,10.5368,39.1107,232.4649,0.1686,0.2791
2015-04-02T00:53:59.362Z,4.6569,48.3571,232.1104,0.2084,0.0975,-6.2007,36.137,231.6585,0.1559,-0.187,10.8203,38.4953,232.3668,0.1656,0.292
2015-04-02T00:54:59.142Z,5.6864,49.097,231.9988,0.2121,0.1143,-6.1362,34.8611,231.9313,0.1504,-0.1841,10.7116,38.4893,232.6732,0.1655,0.2881
2015-04-02T00:55:59.613Z,6.921,48.3305,231.9142,0.2082,0.1429,-6.4932,33.2887,231.2723,0.144,-0.2035,10.2867,37.2144,232.456,0.1597,0.2891
2015-04-02T00:56:59.655Z,6.3153,48.2178,232.1675,0.2081,0.1305,-7.0205,34.749,231.8425,0.15,-0.2114,10.7262,39.3451,233.3841,0.1685,0.2776
2015-04-02T00:57:59.095Z,6.5806,49.0449,231.6398,0.212,0.1324,-6.9854,35.6767,231.4687,0.1541,-0.2047,10.1946,38.7118,233.0378,0.1659,0.2729
2015-04-02T00:58:59.291Z,6.3932,49.3068,231.8266,0.2126,0.129,-7.0423,35.3785,231.7168,0.153,-0.2063,11.0593,39.8782,233.3099,0.1705,0.2846
2015-04-02T00:59:59.837Z,6.7234,49.4773,232.507,0.213,0.1348,-6.8593,35.4724,232.2257,0.1526,-0.2036,10.6744,39.0001,233.9554,0.1665,0.2753
2015-04-02T01:00:59.429Z,7.0836,47.0243,232.623,0.2021,0.1488,-7.1431,37.1535,231.9646,0.1603,-0.201,11.3304,40.6171,232.5997,0.1751,0.2843
2015-04-02T01:01:59.825Z,5.204,47.8498,233.08,0.2049,0.1093,-6.3138,35.8511,232.1402,0.1542,-0.1864,10.6495,38.0704,232.579,0.1637,0.2876
2015-04-02T01:02:59.325Z,5.2399,49.0124,232.9027,0.2108,0.1069,-6.9112,35.3341,232.0673,0.152,-0.2036,10.9261,39.7538,232.8457,0.1702,0.2841
2015-04-02T01:03:59.586Z,6.1735,47.9585,232.0641,0.2065,0.1281,-6.3967,35.183,231.3442,0.1519,-0.1895,10.2259,36.5238,232.0543,0.1568,0.2905
2015-04-02T01:04:59.951Z,5.9534,48.8748,232.4604,0.2099,0.1221,-7.0696,36.6885,231.2878,0.1586,-0.2001,10.9032,38.0967,232.2852,0.1642,0.2897
2015-04-02T01:05:59.403Z,7.0953,48.3794,232.1363,0.2087,0.1457,-7.0309,38.5488,231.319,0.1661,-0.1912,11.0963,38.3961,231.7992,0.1658,0.2934
2015-04-02T01:06:59.660Z,6.3565,48.5455,231.9553,0.2092,0.1333,-6.3742,35.1946,230.6778,0.1527,-0.1932,10.1068,37.1273,233.1015,0.1597,0.2807
2015-04-02T01:07:59.985Z,7.1258,48.8949,232.0235,0.2111,0.1462,-6.6232,34.5705,230.739,0.1499,-0.2071,10.558,38.8362,232.8109,0.167,0.2833
2015-04-02T01:08:59.313Z,6.7379,48.3909,231.743,0.2087,0.1397,-6.8127,34.2075,230.6096,0.1478,-0.206,10.6122,38.0276,232.6293,0.1643,0.2835
2015-04-02T01:09:59.683Z,6.7793,48.2475,232.0277,0.2076,0.1384,-7.031,33.3375,229.7704,0.146,-0.2183,10.1537,36.0843,232.8477,0.1549,0.2924
2015-04-02T01:10:59.810Z,6.7666,48.2592,231.9535,0.2081,0.1365,-6.7613,36.2631,230.027,0.1573,-0.201,10.6589,38.0235,232.7709,0.1632,0.2879
2015-04-02T01:11:59.127Z,6.6204,49.0617,232.3986,0.2111,0.1347,-6.5266,34.9092,231.2563,0.1509,-0.2003,10.4898,37.6621,233.0329,0.1611,0.2871
2015-04-02T01:12:59.407Z,6.9952,48.2988,232.6024,0.2076,0.1427,-6.7484,35.4056,231.2643,0.1532,-0.202,10.9545,37.8933,232.9549,0.1623,0.2974
2015-04-02T01:13:59.884Z,6.7074,48.5597,232.7526,0.2085,0.1371,-6.9015,34.0099,231.5252,0.1468,-0.213,11.0972,38.4562,233.2379,0.1648,0.2964
2015-04-02T01:14:59.230Z,6.5783,48.974,232.4364,0.2104,0.1334,-6.7581,34.8738,231.2032,0.1514,-0.2052,10.7352,37.4831,232.4074,0.1612,0.29
2015-04-02T01:15:59.567Z,7.1426,48.0722,232.7296,0.2071,0.1487,-6.2977,35.2674,231.2099,0.1523,-0.1893,10.5373,35.9393,231.5966,0.1549,0.2991
2015-04-02T01:16:59.877Z,7.0788,49.4354,232.2542,0.2129,0.143,-7.0171,34.3026,230.4271,0.1493,-0.2099,10.4104,36.8334,230.9104,0.1598,0.2905
2015-04-02T01:17:59.196Z,6.6256,48.0685,232.4301,0.2076,0.134,-7.5657,34.1798,230.7482,0.1479,-0.2284,10.8217,38.5466,231.1402,0.1667,0.2901
2015-04-02T01:18:59.540Z,6.8075,49.3074,231.9642,0.2132,0.1382,-6.6236,35.1809,230.7966,0.1524,-0.198,10.5457,37.1039,231.9201,0.16,0.2834
2015-04-02T01:19:59.024Z,6.8223,49.6256,230.3551,0.2156,0.1357,-6.9813,34.9552,230.3477,0.1516,-0.2007,10.4761,36.8383,231.2838,0.1599,0.2929
2015-04-02T01:20:59.944Z,4.6789,47.2991,230.3825,0.2053,0.0976,-6.0471,34.6497,230.2802,0.1504,-0.1873,10.6625,39.1132,230.751,0.17,0.2837
2015-04-02T01:21:59.311Z,5.4367,48.209,230.5906,0.2089,0.1132,-6.3318,35.4736,230.5621,0.1541,-0.1878,10.5938,37.7623,230.7979,0.1631,0.284
2015-04-02T01:22:59.740Z,5.4368,48.4517,231.5442,0.2098,0.1129,-6.5221,36.927,230.6851,0.1597,-0.1788,10.9884,37.9722,232.2788,0.1635,0.2903
2015-04-02T01:23:59.072Z,5.0044,49.4531,232.3948,0.2127,0.1026,-6.1872,36.5476,230.4843,0.1591,-0.1816,10.6562,36.0991,232.6774,0.1551,0.3
2015-04-02T01:24:59.431Z,6.4134,50.1789,231.8316,0.2162,0.1298,-7.0592,36.7254,230.6024,0.1589,-0.2021,10.4187,37.8693,232.9336,0.1619,0.2784
2015-04-02T01:25:59.751Z,6.3257,48.5748,231.9621,0.2093,0.1309,-6.7683,36.136,230.774,0.1573,-0.1948,10.6795,38.8451,233.6062,0.1662,0.2764
2015-04-02T01:26:59.349Z,5.1773,48.6658,231.8909,0.2093,0.1069,-6.1639,35.646,231.351,0.1546,-0.1799,10.7467,38.7376,233.0382,0.166,0.2807
2015-04-02T01:27:59.584Z,5.639,48.6441,231.3073,0.2105,0.1152,-6.8201,35.2753,231.0441,0.1529,-0.1938,10.6959,39.2364,233.0767,0.168,0.2864
2015-04-02T01:28:59.839Z,5.3719,48.6904,231.551,0.2103,0.1093,-6.509,35.6785,230.5416,0.1548,-0.1876,10.6066,39.9027,233.073,0.1713,0.2821
2015-04-02T01:29:59.375Z,4.7607,48.8379,231.2225,0.211,0.1002,-5.9069,33.6266,230.3662,0.1463,-0.1868,10.3413,38.0262,232.8369,0.1635,0.2834
2015-04-02T01:30:59.933Z,5.6168,48.9688,231.3462,0.2114,0.1155,-6.7305,35.7845,230.7508,0.1549,-0.193,10.6666,36.5975,232.6901,0.1573,0.2963
2015-04-02T01:31:59.190Z,4.7553,48.8601,231.4077,0.2116,0.0963,-6.0971,35.5254,230.7532,0.1537,-0.1767,10.3112,37.8916,232.4161,0.1631,0.2796
2015-04-02T01:32:59.613Z,5.0625,48.8753,231.8892,0.2103,0.1028,-6.3138,34.1865,231.2855,0.1477,-0.1965,10.4898,37.1571,232.4818,0.1593,0.2917
2015-04-02T01:33:59.322Z,5.7344,48.0501,231.2102,0.2081,0.1184,-6.2046,37.841,230.5558,0.164,-0.1737,10.1789,37.8401,232.0549,0.1633,0.2837
2015-04-02T01:34:59.534Z,7.0022,50.0587,232.0716,0.2159,0.1396,-5.9916,35.3949,231.1982,0.153,-0.1814,10.8265,37.8359,233.091,0.1623,0.2935
2015-04-02T01:35:59.044Z,6.8471,48.0564,231.9984,0.2069,0.1442,-6.7787,34.9934,231.1998,0.1502,-0.2042,11.2057,39.2054,232.8507,0.1684,0.2917
2015-04-02T01:36:59.822Z,6.046,48.8086,232.4653,0.2101,0.1218,-6.7346,36.7988,231.4462,0.159,-0.1903,10.7768,40.1085,233.0466,0.1725,0.2787
2015-04-02T01:37:59.598Z,6.1178,48.6433,231.9686,0.2093,0.1272,-6.8316,34.842,230.5183,0.151,-0.2022,10.518,38.5003,231.4798,0.1663,0.286
2015-04-02T01:38:59.918Z,6.5864,48.2414,231.4475,0.2086,0.1358,-6.3893,35.5521,230.4585,0.154,-0.1998,10.6549,38.7789,230.8141,0.1681,0.2871
2015-04-02T01:39:59.158Z,6.8243,48.4129,231.3038,0.2094,0.141,-6.4039,35.2209,230.2271,0.1527,-0.1947,10.6804,38.918,231.4104,0.1679,0.2882
2015-04-02T01:40:59.713Z,6.8334,48.7066,231.3567,0.2111,0.1395,-6.611,36.5,230.3565,0.1582,-0.1904,10.2118,38.0562,231.4965,0.1639,0.2735
2015-04-02T01:41:59.045Z,5.2752,47.7198,231.6829,0.2064,0.1106,-6.7422,35.0626,230.8612,0.1518,-0.1956,10.348,37.8296,231.6464,0.1636,0.288
2015-04-02T01:42:59.330Z,6.3714,49.0137,231.7832,0.211,0.1315,-7.1355,35.244,231.194,0.1526,-0.212,10.7497,38.6604,231.7122,0.1671,0.2831
2015-04-02T01:43:59.653Z,6.7386,48.1513,231.8089,0.2072,0.1399,-6.767,37.1307,231.2761,0.161,-0.1996,10.5751,36.204,231.5411,0.157,0.3043
2015-04-02T01:44:59.144Z,7.2907,48.9562,231.8973,0.2106,0.1486,-7.2773,35.1764,231.7029,0.1514,-0.2132,10.4366,37.9562,231.9339,0.1633,0.2811
2015-04-02T01:45:59.501Z,6.2792,48.8774,232.1219,0.2108,0.1276,-7.1638,34.397,231.8347,0.1486,-0.217,10.7868,40.0421,232.4886,0.1715,0.2777
2015-04-02T01:46:59.663Z,7.1218,47.8588,232.0721,0.2063,0.1474,-7.2615,36.2333,231.7432,0.1565,-0.2109,10.0667,36.813,232.3095,0.1585,0.282
2015-04-02T01:47:59.930Z,7.0093,48.8137,231.6728,0.2108,0.1438,-7.0321,36.886,231.3097,0.1591,-0.2001,10.5898,38.2426,232.1525,0.1647,0.2865
2015-04-02T01:48:59.231Z,7.1102,48.7759,232.1779,0.2099,0.1438,-6.5936,35.7759,231.5309,0.1546,-0.1992,10.9019,37.8206,232.8542,0.1621,0.2977
2015-04-02T01:49:59.761Z,6.642,48.5271,231.8244,0.2093,0.137,-7.0299,34.9276,231.4655,0.1512,-0.2104,10.6114,37.4952,232.3642,0.1613,0.2881
2015-04-02T01:50:59.046Z,6.4092,49.0259,232.2648,0.2118,0.1303,-6.6611,35.9884,231.2088,0.1554,-0.1961,10.6611,38.1532,232.1928,0.1646,0.2857
2015-04-02T01:51:59.324Z,6.7905,48.2488,232.3597,0.2073,0.1405,-7.1747,34.2359,232.0032,0.1474,-0.2182,10.6845,37.3284,233.4696,0.16,0.289
2015-04-02T01:52:59.597Z,7.011,48.779,232.3255,0.2099,0.1453,-6.6284,34.1563,232.2162,0.1467,-0.2049,10.8485,37.7642,233.3242,0.1614,0.2925
2015-04-02T01:53:59.958Z,7,48.1924,232.0259,0.2079,0.1432,-7.1568,34.1381,231.9801,0.1476,-0.2219,10.442,39.2964,232.9336,0.1681,0.2764
2015-04-02T01:54:59.155Z,7.2419,47.9362,232.0622,0.2063,0.1508,-7.0282,34.7304,231.9787,0.1498,-0.2094,10.4217,37.9948,233.2729,0.1632,0.2798
2015-04-02T01:55:59.609Z,7.0131,47.9921,231.8915,0.2076,0.1449,-6.8674,33.7347,232.1357,0.1454,-0.2091,10.1195,38.1005,233.1859,0.1626,0.2722
2015-04-02T01:56:59.768Z,6.523,48.9986,232.1618,0.2109,0.1328,-6.616,35.0041,230.3175,0.1518,-0.202,10.5502,39.0275,233.3465,0.1671,0.2815
2015-04-02T01:57:59.976Z,7.183,48.6557,232.0782,0.2098,0.148,-7.62,34.9452,228.4762,0.1529,-0.2222,10.848,37.1443,234.1801,0.1586,0.2958
2015-04-02T01:58:59.491Z,6.1663,49.4,232.2634,0.2127,0.1254,-6.2191,35.9087,230.6928,0.1556,-0.1886,10.76,38.1142,233.51,0.1634,0.2912
2015-04-02T01:59:59.749Z,4.9554,48.1496,232.3341,0.2071,0.1054,-6.7178,36.1913,231.2585,0.156,-0.1964,10.3955,37.9442,233.2384,0.1623,0.2858
