2015-02-21T00:00:59.873Z,3.3964,69.4113,231.5246,0.2999,0.0499,2.9298,61.3607,228.4689,0.2689,0.0505,82.6687,104.6237,232.5236,0.45,0.7927
2015-02-21T00:01:59.316Z,3.3309,70.6384,228.9254,0.3084,0.0484,2.3798,65.2108,229.6202,0.2839,0.0368,81.1107,102.9858,231.468,0.4449,0.7881
2015-02-21T00:02:59.740Z,3.6319,71.4389,229.5077,0.3105,0.0511,2.931,63.6597,230.7697,0.2763,0.0465,81.657,104.0022,231.3153,0.4497,0.7859
2015-02-21T00:03:59.036Z,3.2827,71.2484,230.286,0.3098,0.0473,2.4058,64.3796,231.5992,0.2779,0.0388,143.3098,165.0923,231.2926,0.714,0.848
2015-02-21T00:04:59.329Z,3.3192,71.1485,231.2546,0.3074,0.0463,2.9785,64.3103,231.2929,0.2781,0.048,81.8326,103.9225,231.801,0.4487,0.7881
2015-02-21T00:05:59.398Z,2.839,72.1181,232.0243,0.3105,0.0401,3.1893,63.0373,229.0675,0.2756,0.0503,82.4047,104.3531,232.6089,0.4487,0.7907
2015-02-21T00:06:59.163Z,4.2156,72.4407,231.5292,0.3127,0.0597,3.6303,65.0333,231.8222,0.2801,0.0557,81.8668,103.8351,231.9177,0.448,0.7892
2015-02-21T00:07:59.612Z,3.242,70.6572,231.5567,0.3049,0.0466,3.5452,65.582,233.0987,0.281,0.0548,82.0175,103.5973,232.0972,0.4458,0.7921
2015-02-21T00:08:59.264Z,2.9468,72.7454,231.2094,0.3151,0.0421,3.0478,64.2194,232.9597,0.2751,0.0469,82.235,104.6282,232.078,0.4508,0.7864
2015-02-21T00:09:59.666Z,2.8005,70.9273,230.8351,0.307,0.0403,3.411,64.2654,233.2722,0.2759,0.053,81.7567,103.5192,232.1825,0.4459,0.791
2015-02-21T00:10:59.127Z,3.5581,71.2457,231.078,0.3081,0.0513,2.838,61.5866,229.6456,0.2681,0.0458,83.1492,104.4335,232.9482,0.4482,0.7971
2015-02-21T00:11:59.341Z,3.1663,71.2257,230.5868,0.3086,0.0451,2.4949,64.8466,231.0315,0.2807,0.0397,82.1154,104.653,232.068,0.4509,0.7855
2015-02-21T00:12:59.595Z,3.2368,70.7552,230.6026,0.3068,0.0473,3.3926,64.6943,232.7023,0.2782,0.0521,82.5401,104.0008,232.1291,0.4484,0.7941
2015-02-21T00:13:59.776Z,3.0863,70.9469,232.913,0.3037,0.0423,3.4419,64.0966,233.3546,0.2751,0.0526,126.0956,148.2285,232.7574,0.6371,0.8298
2015-02-21T00:14:59.189Z,773.0191,1149.4557,232.3654,4.9538,0.5508,817.2519,1208.7692,232.4847,5.2071,0.5439,1276.4703,1751.4911,230.5121,7.6084,0.7557
2015-02-21T00:15:59.119Z,1046.9704,1491.2867,232.1387,6.4233,0.7023,1107.959,1567.2543,231.0947,6.7813,0.707,1593.7382,2166.8311,230.2837,9.4093,0.7361
2015-02-21T00:16:59.604Z,1103.9048,1561.7688,232.1509,6.7276,0.7061,1148.6347,1580.405,229.4182,6.8876,0.7262,1683.0642,2231.0286,231.0324,9.6566,0.7537
2015-02-21T00:17:59.939Z,1147.5803,1554.1242,230.3929,6.7452,0.7386,1274.192,1708.226,232.549,7.3451,0.7458,1696.2189,2283.3222,230.7871,9.8931,0.7413
2015-02-21T00:18:59.149Z,1165.7123,1573.1653,230.6665,6.8203,0.7413,1274.5673,1712.2847,231.9957,7.3808,0.7439,1703.6633,2277.1795,230.5433,9.8774,0.7492
2015-02-21T00:19:59.639Z,1162.2988,1566.4018,230.6908,6.7898,0.7419,1278.4222,1717.3802,231.8254,7.4081,0.7446,1692.6337,2268.9831,230.57,9.8407,0.7467
2015-02-21T00:20:59.435Z,1170.8936,1570.1957,230.395,6.8153,0.7459,1293.0829,1722.226,231.4634,7.4402,0.7507,1707.4819,2275.9226,230.1453,9.8889,0.7501
2015-02-21T00:21:59.830Z,1166.672,1586.1181,230.6271,6.877,0.7353,1275.6049,1682.2924,229.5103,7.329,0.7587,1748.4791,2296.8494,230.7635,9.9531,0.7616
2015-02-21T00:22:59.134Z,1157.8136,1575.3552,230.2202,6.8424,0.7348,1287.7097,1682.1283,229.2456,7.3366,0.7656,1759.1002,2310.3967,230.8559,10.0072,0.7612
2015-02-21T00:23:59.453Z,1173.2123,1559.7021,229.8194,6.7869,0.7522,1324.5544,1740.4098,231.0256,7.5334,0.7614,1719.3791,2285.8319,229.8138,9.9466,0.7518
2015-02-21T00:24:59.713Z,1185.3987,1573.0603,229.6281,6.8506,0.7538,1335.4136,1744.1089,230.7103,7.5599,0.7655,1739.6193,2299.0374,229.6976,10.0085,0.757
2015-02-21T00:25:59.979Z,1012.0082,1356.5663,229.5742,5.9142,0.6539,1139.1793,1493.6444,230.8473,6.4753,0.664,1499.2297,1977.3896,230.7094,8.585,0.7681
2015-02-21T00:26:59.328Z,71.9294,218.045,231.1821,0.9451,0.1082,79.2354,209.4634,232.1493,0.9062,0.0932,187.7404,290.8209,232.1253,1.256,0.7812
2015-02-21T00:27:59.624Z,317.7589,608.9621,230.7723,2.6457,0.3002,384.8836,672.3146,230.6532,2.9133,0.3191,444.7766,786.8092,231.9056,3.4069,0.6763
2015-02-21T00:28:59.940Z,4.2034,70.351,231.5123,0.3033,0.0598,2.4432,65.0061,229.9971,0.2823,0.0377,341.4326,391.9954,232.4309,1.6876,0.8493
2015-02-21T00:29:59.592Z,1089.5817,1528.1635,230.1421,6.6421,0.6981,1188.5409,1572.8337,228.2393,6.8928,0.7381,1724.7869,2278.6909,230.6556,9.8791,0.7618
2015-02-21T00:31:59.289Z,1150.7099,1567.3874,230.4046,6.8025,0.734,1229.3065,1651.272,229.4099,7.198,0.7443,1692.4152,2218.9393,229.1133,9.6844,0.7632
2015-02-21T00:32:59.560Z,1114.4908,1533.3396,230.2261,6.66,0.7267,1184.0756,1612.3804,229.3888,7.0287,0.7341,1644.8767,2168.9343,228.938,9.4732,0.7581
2015-02-21T00:33:59.909Z,1086.7947,1508.8022,229.9929,6.5601,0.7203,1181.2079,1608.9358,230.398,6.9828,0.7341,1631.97,2173.093,229.6896,9.4608,0.7504
2015-02-21T00:34:59.115Z,1112.3097,1563.5911,231.2631,6.7607,0.711,1188.8239,1601.751,228.8515,6.9985,0.7419,1699.4129,2227.1571,230.8662,9.6464,0.7626
2015-02-21T00:35:59.113Z,1115.8422,1575.1416,232.0257,6.7884,0.7085,1196.7357,1621.0354,229.7288,7.0557,0.7378,1701.4988,2243.802,231.6184,9.6874,0.7575
2015-02-21T00:36:59.395Z,1091.1354,1541.2846,231.9888,6.6441,0.7079,1189.7814,1632.5801,231.6888,7.0459,0.729,1653.2074,2217.3404,231.645,9.5718,0.7451
2015-02-21T00:37:59.973Z,1116.1825,1578.46,232.4576,6.7903,0.7068,1187.9957,1628.6231,231.2927,7.0414,0.7292,1686.6937,2234.0849,231.9316,9.6319,0.7546
2015-02-21T00:38:59.819Z,1162.9153,1614.263,232.6787,6.9374,0.7204,1232.3618,1679.7096,231.8679,7.244,0.7334,1712.0865,2260.9894,231.959,9.747,0.7571
2015-02-21T00:39:59.353Z,1190.3521,1616.7811,231.6096,6.9809,0.7365,1253.0358,1689.5545,230.8621,7.3184,0.7415,1718.676,2244.7881,230.1984,9.7517,0.7661
2015-02-21T00:40:59.575Z,1168.2418,1598.9716,231.5838,6.9046,0.7306,1204.7703,1636.3698,229.5506,7.1279,0.7359,1695.167,2199.1404,229.5052,9.582,0.7717
2015-02-21T00:41:59.942Z,1159.8973,1613.4901,231.8052,6.9606,0.7189,1199.0096,1601.5951,227.8172,7.0299,0.7488,1749.0102,2244.2126,230.3516,9.7428,0.7799
2015-02-21T00:42:59.977Z,1224.7981,1640.8361,232.3548,7.062,0.7467,1269.0418,1708.8407,230.4804,7.4129,0.7426,1730.4274,2238.7479,229.2352,9.7662,0.7722
2015-02-21T00:43:59.496Z,1253.2756,1653.9611,232.3291,7.119,0.758,1307.7627,1750.9118,230.8842,7.5834,0.7473,1741.9002,2249.7919,228.5627,9.8431,0.7735
2015-02-21T00:44:59.847Z,1119.5902,1483.1954,230.1397,6.4471,0.7122,1220.0733,1618.7858,231.4381,6.9987,0.7061,1624.5818,2121.2939,228.7367,9.2804,0.7716
2015-02-21T00:45:59.817Z,5.5029,71.2957,231.077,0.3089,0.0773,2.7229,64.199,233.3513,0.2747,0.0431,83.841,133.3914,232.9653,0.5732,0.3919
2015-02-21T00:46:59.157Z,5.3454,71.7207,231.0773,0.3099,0.076,2.6744,65.5074,233.2189,0.281,0.0402,3.4277,64.0154,233.5753,0.2739,0.0523
2015-02-21T00:47:59.302Z,6.2533,72.5555,232.8747,0.3119,0.0877,2.6177,63.3657,232.2187,0.2733,0.0419,3.0677,64.2079,233.0232,0.276,0.0485
2015-02-21T00:48:59.821Z,5.6257,72.9392,234.201,0.3112,0.0768,2.289,63.5139,229.8622,0.2759,0.0364,3.357,64.1535,233.822,0.2745,0.0515
2015-02-21T00:49:59.069Z,4.6729,70.9952,233.8944,0.3037,0.0669,2.3809,62.1731,232.7427,0.2679,0.0403,3.1891,63.339,233.9928,0.2711,0.0539
2015-02-21T00:50:59.533Z,4.9125,71.1057,233.3076,0.3048,0.0692,2.472,65.8967,232.5585,0.2836,0.038,2.8137,66.3633,233.9147,0.2836,0.0436
2015-02-21T00:51:59.747Z,5.5752,72.638,232.8227,0.3121,0.0797,2.0551,63.7795,232.9835,0.2737,0.0337,3.1579,65.429,233.7358,0.2804,0.0481
2015-02-21T00:52:59.210Z,6.2574,71.7991,233.4906,0.3076,0.0903,2.4127,64.9822,233.917,0.278,0.0364,3.036,65.4356,234.1312,0.2793,0.047
2015-02-21T00:53:59.703Z,5.437,71.8003,233.6134,0.3071,0.0762,2.4089,64.0582,233.5655,0.2748,0.0374,3.0133,66.5628,234.3184,0.2841,0.0462
2015-02-21T00:54:59.059Z,5.3869,72.1928,233.4751,0.3091,0.0753,2.8091,64.8016,234.0508,0.2773,0.0426,35.3969,90.4993,234.3369,0.386,0.2445
2015-02-21T00:55:59.337Z,5.3922,72.1322,233.3572,0.3087,0.0751,2.6647,64.4378,231.2491,0.2778,0.0422,33.5451,87.6524,234.9635,0.3733,0.2335
2015-02-21T00:56:59.691Z,6.1313,71.4086,233.204,0.3061,0.0873,2.7568,65.6953,231.9512,0.2835,0.0424,3.2324,66.0593,234.8839,0.2814,0.05
2015-02-21T00:57:59.983Z,5.0451,72.2688,232.7602,0.3107,0.0704,3.1026,66.0313,232.9833,0.2831,0.0485,3.2809,64.679,234.4232,0.276,0.0511
2015-02-21T00:58:59.407Z,6.0709,71.106,233.5736,0.3039,0.0858,2.7029,66.8501,234.1416,0.2854,0.0416,2.6283,65.3274,235.6277,0.2771,0.0399
2015-02-21T00:59:59.726Z,5.9913,71.5105,233.1834,0.3069,0.0874,2.6009,63.5285,233.7366,0.272,0.0405,2.7636,64.4278,235.2575,0.2738,0.0435
