2015-03-02T00:00:59.019Z,4.89,68.0449,230.0899,0.2953,0.0711,2.7849,62.8247,230.0918,0.2733,0.0444,3.2291,63.8636,231.5918,0.2759,0.052
2015-03-02T00:01:59.288Z,5.7348,72.0262,230.6333,0.3122,0.0803,3.1727,63.3507,227.797,0.2782,0.0507,3.0876,65.9625,232.4951,0.2833,0.0474
2015-03-02T00:02:59.584Z,6.1051,71.1811,230.1203,0.3092,0.0875,2.3121,63.0199,230.0362,0.2741,0.0392,3.0353,62.6653,232.0103,0.2696,0.0503
2015-03-02T00:03:59.912Z,5.1127,69.5538,230.3546,0.3018,0.0743,2.6055,63.1336,231.0827,0.2734,0.0421,3.1893,65.32,232.2437,0.2811,0.0507
2015-03-02T00:04:59.084Z,5.1282,70.7861,230.8024,0.3065,0.0734,2.9982,63.0865,230.7017,0.2736,0.0476,2.7284,64.4728,232.0812,0.2781,0.0429
2015-03-02T00:05:59.293Z,6.0524,70.3789,230.3537,0.3058,0.0884,2.6689,64.803,231.2395,0.2804,0.0424,3.3909,64.0815,231.8318,0.2767,0.0521
2015-03-02T00:06:59.645Z,5.7827,70.567,230.4889,0.3058,0.0838,2.3075,63.7624,232.2827,0.2745,0.0357,2.6872,63.5577,232.5224,0.2735,0.0434
2015-03-02T00:07:59.824Z,5.0997,70.2532,231.0157,0.304,0.0727,2.2597,63.9146,232.5726,0.2754,0.0364,3.2937,64.066,232.4222,0.2756,0.0523
2015-03-02T00:08:59.062Z,5.1892,71.4511,231.6112,0.3084,0.0722,2.7113,63.9349,232.6356,0.2749,0.0439,3.2773,64.2083,231.8337,0.2766,0.0509
2015-03-02T00:09:59.376Z,5.6035,71.7741,232.2112,0.3093,0.0789,2.614,63.5026,232.1799,0.2733,0.0404,3.0501,64.4402,232.1305,0.2776,0.0475
2015-03-02T00:10:59.647Z,5.9968,71.6641,231.9811,0.3088,0.0841,2.6305,64.1651,232.2355,0.2765,0.0403,3.1073,64.7942,231.7383,0.2797,0.0478
2015-03-02T00:12:59.187Z,5.0134,71.0565,231.8235,0.3065,0.0723,2.629,64.7113,232.072,0.2788,0.0398,2.594,63.463,231.6706,0.2742,0.0418
2015-03-02T00:13:59.765Z,5.8967,72.4377,231.5408,0.3129,0.0831,2.9885,64.5543,231.7975,0.2784,0.044,3.2889,63.409,231.6289,0.2736,0.0525
2015-03-02T00:14:59.994Z,5.5323,70.8025,230.2572,0.3074,0.0785,2.767,64.1428,231.5693,0.2767,0.0436,2.9545,63.2371,231.8074,0.2722,0.048
2015-03-02T00:15:59.235Z,5.68,69.724,229.0511,0.3046,0.0822,2.2383,64.3443,231.2089,0.2785,0.034,2.8889,64.018,231.3515,0.2771,0.0451
2015-03-02T00:16:59.436Z,6.0676,70.9147,230.783,0.3073,0.0876,3.2001,65.3072,232.7403,0.2805,0.0482,2.6721,62.981,232.0137,0.2714,0.0422
2015-03-02T00:17:59.689Z,5.8593,70.554,231.2745,0.3048,0.0844,2.4396,64.824,231.4448,0.28,0.0384,2.5699,64.2091,231.8462,0.2767,0.0397
2015-03-02T00:18:59.152Z,5.2011,70.7594,231.8539,0.3051,0.0747,2.5273,64.8301,231.1603,0.2808,0.0398,3.1448,63.6943,231.7013,0.2746,0.0504
2015-03-02T00:19:59.395Z,5.3129,72.6269,232.314,0.3125,0.0745,2.6541,64.1064,231.06,0.2771,0.0426,3.2134,64.8302,232.0481,0.2795,0.049
2015-03-02T00:20:59.788Z,5.6929,72.16,232.441,0.3102,0.0814,2.4963,64.3187,231.4834,0.2779,0.0398,3.4566,64.1867,232.3583,0.2763,0.054
2015-03-02T00:22:59.222Z,4.9229,70.8455,231.9998,0.3052,0.071,2.0394,63.4677,231.0396,0.275,0.0328,3.0907,64.8204,231.9987,0.2797,0.0479
2015-03-02T00:23:59.632Z,4.8828,70.5272,231.1227,0.3054,0.0695,1.9508,62.2658,230.0703,0.2703,0.0302,2.708,64.1682,231.3555,0.2771,0.0433
2015-03-02T00:24:59.861Z,5.6036,70.8078,230.8545,0.3073,0.0809,2.5319,62.1207,229.4179,0.2705,0.0429,3.3726,64.1663,231.5515,0.277,0.053
2015-03-02T00:25:59.046Z,5.5606,71.0936,231.3869,0.3069,0.0808,2.8592,63.7234,229.8397,0.2777,0.0442,2.8659,64.407,231.3824,0.2786,0.0473
2015-03-02T00:26:59.286Z,5.8931,70.8941,231.5973,0.3054,0.0832,3.1334,63.3438,230.6314,0.2749,0.0508,2.7464,64.8446,231.8358,0.28,0.0434
2015-03-02T00:27:59.476Z,4.8102,71.992,232.3957,0.3104,0.0681,2.856,63.6204,231.7733,0.2748,0.0445,2.5796,64.0407,232.2965,0.2756,0.0396
2015-03-02T00:28:59.820Z,4.9543,71.2697,232.2561,0.3068,0.0702,2.9313,65.034,232.395,0.2799,0.0426,3.1342,64.6138,232.435,0.2779,0.05
2015-03-02T00:29:59.989Z,5.9014,71.4012,232.1729,0.3077,0.0848,3.2735,63.5416,232.3611,0.2734,0.0519,2.567,63.7692,232.7541,0.2743,0.0402
2015-03-02T00:30:59.361Z,5.5656,71.2628,232.6116,0.3061,0.0802,2.4199,64.6387,232.5376,0.2778,0.0374,2.9762,64.4734,232.6522,0.2772,0.0474
2015-03-02T00:31:59.601Z,5.7504,71.6424,232.7093,0.3078,0.0825,2.406,63.5951,232.5585,0.2735,0.0398,3.1689,63.8666,232.8025,0.2742,0.0495
2015-03-02T00:32:59.904Z,4.5384,71.463,233.0534,0.3067,0.0655,2.3768,63.7577,232.2279,0.2747,0.0405,2.6822,63.4387,232.3937,0.2737,0.0423
2015-03-02T00:33:59.266Z,4.6969,71.7151,233.014,0.308,0.067,2.3667,64.9691,231.2561,0.2808,0.0359,3.1622,64.0992,232.1792,0.2764,0.0492
2015-03-02T00:34:59.391Z,5.4415,71.294,232.3898,0.3065,0.0763,2.7019,63.4364,228.9345,0.2765,0.043,3.1086,63.1373,232.7392,0.2716,0.0492
2015-03-02T00:35:59.661Z,5.9547,71.186,232.7898,0.3064,0.0851,2.3796,63.6887,229.3667,0.2777,0.0375,3.2625,64.7896,233.2852,0.2782,0.051
2015-03-02T00:36:59.358Z,5.306,72.0644,233.3991,0.3087,0.0742,2.3425,64.9904,229.7212,0.2827,0.0351,3.0193,64.3831,234.6554,0.2744,0.0476
2015-03-02T00:37:59.890Z,4.3474,70.2244,232.4899,0.3018,0.0637,2.4527,61.8995,229.7982,0.2693,0.0404,3.2884,65.3107,234.8065,0.2779,0.0522
2015-03-02T00:38:59.201Z,4.1632,72.032,232.2678,0.3104,0.0572,2.8713,63.3492,229.6832,0.2756,0.0456,3.6079,65.4133,234.5142,0.2791,0.0552
2015-03-02T00:39:59.547Z,5.2824,71.8847,232.2562,0.31,0.0752,2.6828,63.4963,229.4412,0.2765,0.0423,3.3399,64.5338,234.5041,0.2753,0.0518
2015-03-02T00:40:59.798Z,5.4855,71.8509,233.5099,0.3077,0.0766,2.5497,63.4546,229.3157,0.2765,0.0415,3.2063,65.7174,234.4685,0.28,0.0474
2015-03-02T00:41:59.164Z,5.6074,71.4403,233.2959,0.3059,0.0807,2.408,62.0659,228.5491,0.2711,0.0392,3.5081,64.9707,234.0314,0.2777,0.0548
2015-03-02T00:42:59.565Z,4.9779,72.5712,233.277,0.3116,0.0699,2.158,64.5758,228.1655,0.2838,0.0328,2.8847,63.3284,233.9682,0.2708,0.0467
2015-03-02T00:43:59.838Z,4.927,70.6247,233.7831,0.302,0.0708,2.4811,63.1065,228.0179,0.2767,0.0387,3.1027,63.6629,230.5566,0.276,0.0482
2015-03-02T00:44:59.117Z,5.6774,71.8022,232.0652,0.3096,0.0803,2.1258,62.8457,227.8777,0.276,0.0352,3.1223,65.2998,231.133,0.2827,0.0487
2015-03-02T00:45:59.409Z,5.7364,71.2847,232.9215,0.3063,0.0816,2.4522,63.8603,228.5129,0.2793,0.0402,3.0148,64.2237,232.1259,0.2768,0.0473
2015-03-02T00:46:59.726Z,5.7869,71.2977,233.0042,0.3057,0.0844,2.2003,61.4116,229.3788,0.2682,0.0348,2.9512,64.0619,232.0712,0.2762,0.0471
2015-03-02T00:47:59.042Z,5.3367,70.0761,232.3043,0.3017,0.077,2.4036,63.6232,231.8694,0.2748,0.0394,3.0433,64.4946,231.378,0.2784,0.0478
2015-03-02T00:48:59.520Z,4.5328,71.7697,232.6988,0.3088,0.0638,2.7826,65.4867,232.1875,0.2821,0.0426,3.4557,64.6003,231.4748,0.2789,0.0549
2015-03-02T00:49:59.823Z,5.7046,71.3475,232.4281,0.3069,0.081,2.5209,65.3133,230.548,0.2831,0.0392,3.2362,64.5687,231.8666,0.2787,0.0497
2015-03-02T00:50:59.102Z,5.6077,71.2006,232.4148,0.3062,0.0802,2.4403,63.5136,229.9108,0.276,0.0382,3.1653,65.2772,233.0749,0.2797,0.0482
2015-03-02T00:51:59.390Z,6.0863,69.4044,232.3349,0.2986,0.0891,2.328,63.2101,230.5752,0.2732,0.0375,3.027,64.2495,234.0845,0.2744,0.0509
2015-03-02T00:52:59.669Z,4.8993,69.1327,231.0101,0.2992,0.0718,2.9877,64.7604,232.864,0.278,0.0461,2.9153,65.3986,232.9551,0.2808,0.0458
2015-03-02T00:53:59.020Z,4.9863,70.7252,230.7949,0.3061,0.0711,2.9406,64.341,232.3141,0.2769,0.0469,3.942,64.5937,232.4386,0.278,0.0602
2015-03-02T00:54:59.333Z,5.0741,71.8678,231.1409,0.3108,0.0715,2.7997,65.3441,231.1289,0.2832,0.0431,3.6442,64.5732,231.953,0.2779,0.0563
2015-03-02T00:55:59.689Z,5.2556,71.1844,231.7071,0.3064,0.0753,3.0403,63.3299,230.7795,0.2744,0.0482,3.2065,64.4521,233.3831,0.2757,0.0491
2015-03-02T00:56:59.995Z,5.7517,70.0738,231.8699,0.3018,0.0846,2.7971,63.2203,229.7053,0.2754,0.0453,2.8828,63.9371,233.5349,0.2739,0.047
2015-03-02T00:57:59.185Z,5.0096,70.89,230.8497,0.3066,0.0706,2.1853,64.8733,231.0296,0.2809,0.0354,2.7314,63.5639,232.9882,0.273,0.0429
2015-03-02T00:58:59.561Z,4.5425,71.1371,230.7864,0.3077,0.0651,2.3451,65.1911,232.1992,0.2811,0.0356,3.2266,64.118,232.1241,0.2765,0.0512
2015-03-02T00:59:59.857Z,5.2745,71.3801,230.8568,0.3093,0.0746,2.4379,63.9842,232.4745,0.2757,0.0384,3.4502,63.7534,232.3551,0.2744,0.0556
2015-03-02T01:00:59.189Z,4.7683,68.0427,231.0017,0.295,0.0717,2.4632,61.7364,232.5537,0.2653,0.0404,3.0287,61.5097,232.6907,0.2642,0.0487
2015-03-02T01:01:59.518Z,5.7226,70.698,231.5248,0.3055,0.082,2.5673,63.247,231.2143,0.2737,0.0414,3.5908,66.1945,233.4692,0.2833,0.055
2015-03-02T01:02:59.790Z,4.852,70.1813,231.0279,0.3042,0.0704,2.2245,62.2767,229.414,0.2715,0.0362,2.7062,65.2348,233.7023,0.2793,0.0419
2015-03-02T01:03:59.275Z,4.9557,70.9358,229.9562,0.3089,0.0709,2.1324,65.6181,230.8821,0.2842,0.0327,3.4671,65.5309,233.2241,0.2808,0.0523
2015-03-02T01:04:59.677Z,5.4035,71.0255,230.3116,0.3084,0.0754,2.7298,64.6272,230.461,0.2805,0.0416,3.3285,65.1577,232.6063,0.2797,0.0503
2015-03-02T01:05:59.922Z,5.539,71.2756,230.9213,0.3082,0.0785,2.3219,63.2625,231.3157,0.2732,0.0364,3.1215,64.3324,232.9089,0.2764,0.0492
2015-03-02T01:06:59.287Z,5.7192,69.9448,231.9473,0.3017,0.0833,2.2051,62.5276,231.002,0.2711,0.0379,3.7552,64.7623,232.8209,0.2784,0.0596
2015-03-02T01:07:59.482Z,5.8867,71.1388,231.6053,0.307,0.0834,2.3145,62.2522,228.5188,0.2725,0.0407,3.352,64.7545,233.1773,0.2778,0.0555
2015-03-02T01:08:59.762Z,5.9834,71.4429,232.3001,0.3073,0.0835,2.344,63.5399,228.2621,0.2786,0.0374,2.9264,64.4014,233.7515,0.2758,0.046
2015-03-02T01:09:59.995Z,5.2376,72.1145,232.6803,0.3098,0.0743,2.7582,63.339,228.6608,0.2772,0.0446,3.0384,65.3559,234.0114,0.2787,0.0464
2015-03-02T01:10:59.276Z,5.3748,71.1615,232.0138,0.3069,0.0764,2.6735,63.897,231.1903,0.276,0.0433,3.5725,64.2527,233.7248,0.2747,0.0558
2015-03-02T01:11:59.574Z,4.9054,71.7422,232.1885,0.3087,0.0688,2.5254,64.3379,231.5552,0.2784,0.039,2.8561,65.0487,233.7371,0.2784,0.0437
2015-03-02T01:12:59.979Z,4.7698,70.297,232.0149,0.3029,0.0691,2.6489,63.9458,231.289,0.2767,0.0443,2.9256,63.2607,233.4126,0.2708,0.048
2015-03-02T01:13:59.247Z,5.3178,71.7553,231.5258,0.3094,0.075,2.7708,63.8533,231.1279,0.2758,0.0448,3.3596,63.4576,232.7607,0.273,0.0534
2015-03-02T01:14:59.456Z,6.3785,72.4162,231.7026,0.3126,0.0879,2.4144,65.5866,231.4078,0.2832,0.0379,2.9326,63.4726,233.8897,0.2712,0.0463
2015-03-02T01:15:59.777Z,5.3695,70.8895,232.0083,0.3059,0.0774,2.6768,62.9609,232.3182,0.2712,0.0432,3.4352,65.497,234.2271,0.2796,0.0521
2015-03-02T01:16:59.155Z,4.6267,70.3913,232.9207,0.3021,0.0682,2.9459,62.1228,232.1578,0.2677,0.0489,2.7651,63.2628,234.6272,0.2697,0.0483
2015-03-02T01:17:59.457Z,5.5033,72.1833,232.9833,0.3097,0.0773,2.4751,64.8344,229.8214,0.2824,0.0384,3.0967,65.0622,235.186,0.276,0.048
2015-03-02T01:18:59.708Z,5.7017,71.533,232.4273,0.3078,0.08,2.5675,64.5951,231.359,0.2796,0.0397,3.2866,64.7242,234.3672,0.2764,0.0512
2015-03-02T01:19:59.018Z,5.7575,71.3721,232.5824,0.3065,0.0819,2.6403,64.4091,232.8748,0.2762,0.0422,3.2904,63.6989,233.8955,0.2722,0.0533
2015-03-02T01:20:59.318Z,4.5098,71.226,232.4985,0.3061,0.0637,2.7795,65.1195,232.666,0.2802,0.042,3.7183,65.6984,233.8828,0.2805,0.0577
2015-03-02T01:21:59.608Z,4.7473,70.961,232.9662,0.3041,0.0668,2.5946,62.9516,232.7091,0.2705,0.0405,3.202,64.8515,234.172,0.2769,0.0498
2015-03-02T01:22:59.827Z,6.1841,71.0997,232.993,0.3051,0.0879,2.6607,63.6244,232.4562,0.2738,0.0422,3.1968,64.1877,233.8614,0.2746,0.0505
2015-03-02T01:23:59.107Z,5.7529,70.9308,232.526,0.3049,0.0828,2.222,63.8551,231.7918,0.2751,0.0356,3.0023,65.2998,233.1082,0.2804,0.0453
2015-03-02T01:24:59.290Z,5.8375,70.3949,232.5438,0.3027,0.0853,2.0178,62.6239,228.4593,0.2737,0.0339,2.7909,64.4987,234.3649,0.275,0.0426
2015-03-02T01:25:59.598Z,4.6375,69.2988,232.721,0.2976,0.0691,2.2534,58.0842,228.5984,0.2536,0.0426,2.924,65.5441,235.0964,0.2787,0.046
2015-03-02T01:26:59.790Z,5.699,71.1771,233.4292,0.3053,0.0824,2.644,64.632,233.2293,0.2769,0.0431,2.8641,64.0564,234.2279,0.2735,0.0481
2015-03-02T01:27:59.078Z,5.9621,71.1443,233.3658,0.3047,0.0858,2.3673,65.9884,233.4932,0.2826,0.036,3.1991,65.2851,234.5251,0.2779,0.0487
2015-03-02T01:28:59.491Z,5.5308,71.1759,232.9239,0.3058,0.0774,2.2882,64.4014,233.128,0.2759,0.0358,2.814,65.7833,233.8141,0.2817,0.0435
2015-03-02T01:29:59.670Z,4.852,71.9795,232.8526,0.309,0.0681,2.5348,64.2146,232.5291,0.2766,0.0389,3.2901,64.6076,233.0581,0.2775,0.0532
2015-03-02T01:30:59.958Z,4.5166,70.6992,232.2936,0.3042,0.0646,2.8835,64.4341,232.1608,0.2777,0.0449,3.013,65.0931,232.6132,0.2795,0.0477
2015-03-02T01:31:59.137Z,6.1116,70.65,232.2841,0.3044,0.0886,2.2076,63.3178,231.9812,0.2728,0.0363,3.0221,63.5219,232.7349,0.2731,0.0521
2015-03-02T01:32:59.461Z,5.9667,71.2243,232.9708,0.3055,0.0862,2.5386,63.5669,229.2955,0.2767,0.0408,2.89,65.6711,233.7278,0.2809,0.0437
2015-03-02T01:33:59.718Z,5.373,72.319,232.3175,0.3114,0.0742,2.8929,62.4377,229.1487,0.2727,0.0451,2.8491,64.6359,233.2118,0.2775,0.0434
2015-03-02T01:34:59.045Z,5.1031,71.0101,231.4546,0.307,0.0726,2.4744,64.507,231.3324,0.2788,0.0377,3.5399,65.7163,231.73,0.2833,0.0531
2015-03-02T01:35:59.281Z,5.1436,70.2616,230.4497,0.3049,0.0729,2.3165,62.5065,231.9526,0.2691,0.0417,3.1838,63.2972,231.5336,0.2728,0.0503
2015-03-02T01:36:59.634Z,5.6062,71.4938,230.7727,0.3098,0.0782,1.9993,63.6243,232.7071,0.2736,0.0315,3.3286,64.1167,232.0444,0.2758,0.0535
2015-03-02T01:37:59.961Z,5.774,71.5568,231.9308,0.3085,0.0818,3.2879,65.216,233.356,0.2797,0.0519,2.8085,66.2665,233.0852,0.284,0.0435
2015-03-02T01:38:59.202Z,5.0326,71.0282,233.4858,0.3043,0.071,2.699,64.1473,233.5988,0.2746,0.0419,3.0287,65.7096,233.5641,0.2819,0.0467
2015-03-02T01:39:59.492Z,5.585,71.6951,232.913,0.3079,0.0783,2.8136,64.2682,233.3878,0.275,0.0435,2.8538,64.9461,233.5205,0.278,0.0434
2015-03-02T01:40:59.861Z,5.7646,72.3863,232.8067,0.311,0.0789,2.6977,64.8305,233.4381,0.278,0.0418,3.4204,65.1248,234.1753,0.2777,0.0514
2015-03-02T01:41:59.119Z,5.5634,70.4531,232.7634,0.3026,0.0791,2.5039,63.2722,233.5559,0.2707,0.0422,3.281,63.6973,234.0952,0.272,0.0553
2015-03-02T01:42:59.574Z,4.6189,71.2607,233.184,0.3059,0.065,2.5357,63.4874,230.1757,0.2762,0.04,3.1603,64.6983,234.4589,0.2763,0.0497
2015-03-02T01:43:59.864Z,5.5048,72.4276,232.7508,0.311,0.0767,2.4922,63.2156,230.1555,0.2745,0.0412,3.1982,65.1129,233.7859,0.2786,0.0497
2015-03-02T01:44:59.122Z,5.3297,70.6281,231.7296,0.3048,0.0764,2.8082,63.7929,232.13,0.2749,0.0428,2.943,66.0877,232.4863,0.2844,0.0453
2015-03-02T01:45:59.290Z,5.3762,70.8887,231.0548,0.3068,0.0759,2.5753,63.9384,231.8469,0.2751,0.0411,2.6798,64.3867,232.0064,0.2775,0.0409
2015-03-02T01:46:59.656Z,5.3993,69.8833,231.48,0.3018,0.0771,2.8005,65.1923,232.6099,0.2804,0.043,3.0391,64.85,233.1933,0.2779,0.0477
2015-03-02T01:47:59.979Z,4.8971,70.5141,231.6977,0.3046,0.0695,2.341,64.2196,232.782,0.2762,0.0362,2.7307,65.36,233.0029,0.2805,0.0425
2015-03-02T01:48:59.235Z,5.7198,72.2068,232.1027,0.311,0.0796,2.8276,64.4134,232.7453,0.2768,0.045,2.8246,63.695,233.5704,0.2726,0.043
2015-03-02T01:49:59.515Z,5.647,72.8737,232.597,0.3127,0.078,2.406,64.5214,232.4213,0.2781,0.0362,3.5712,65.767,233.3621,0.282,0.0536
2015-03-02T01:50:59.642Z,5.7596,70.9587,232.7874,0.3046,0.0821,2.442,63.6541,232.3788,0.2738,0.0389,2.8848,63.8119,233.5655,0.2729,0.044
2015-03-02T01:51:59.907Z,5.3489,71.2501,232.7604,0.3058,0.0767,2.7396,64.516,232.5989,0.2773,0.0422,3.4049,65.2836,233.8503,0.2792,0.0535
2015-03-02T01:52:59.217Z,5.7992,70.3256,232.3471,0.3033,0.0841,2.8417,66.0667,232.5262,0.2837,0.0413,3.0337,64.2658,232.8511,0.2764,0.0473
2015-03-02T01:53:59.405Z,5.2482,71.7259,231.0922,0.3107,0.0748,2.333,64.2545,231.1524,0.2779,0.0364,3.1612,64.8533,231.759,0.2803,0.049
2015-03-02T01:54:59.714Z,4.4623,70.2533,230.799,0.3043,0.0644,2.2474,65.3371,230.6258,0.2834,0.0341,2.5202,64.1485,231.5863,0.277,0.0402
2015-03-02T01:55:59.044Z,4.8601,70.5657,232.0926,0.3041,0.0691,2.2818,63.7163,227.5076,0.2803,0.0357,3.4981,63.0363,231.8941,0.2713,0.0556
2015-03-02T01:56:59.311Z,5.4711,71.9024,232.2049,0.3098,0.077,2.3954,63.1042,229.34,0.2747,0.0378,2.9209,63.1847,232.5855,0.2712,0.0479
2015-03-02T01:57:59.607Z,5.6024,71.8479,231.5659,0.3103,0.0793,2.5223,64.689,231.5696,0.2798,0.0409,2.952,64.0871,232.1609,0.2762,0.0443
2015-03-02T01:58:59.947Z,5.7144,71.2396,231.5419,0.3076,0.0811,2.4144,63.6359,231.5159,0.2747,0.037,3.2973,64.4956,232.1496,0.2777,0.0514
2015-03-02T01:59:59.191Z,4.6293,71.7703,231.9629,0.3091,0.0652,2.662,64.5903,231.6978,0.2788,0.0416,3.2573,64.7677,232.2456,0.2787,0.0502
2015-03-02T02:00:59.649Z,4.9056,69.0835,231.9859,0.2978,0.0715,2.4816,62.4637,231.3655,0.2697,0.042,3.0359,62.262,232.1948,0.2685,0.0508
2015-03-02T02:01:59.902Z,5.078,70.8311,232.3428,0.3052,0.0754,2.6676,62.9243,231.3284,0.2721,0.044,3.4099,64.2065,232.5515,0.2762,0.0549
2015-03-02T02:02:59.277Z,5.812,72.5707,232.5093,0.312,0.0808,2.791,63.541,231.8469,0.2742,0.0437,2.8037,64.9077,233.1681,0.2784,0.0438
2015-03-02T02:03:59.508Z,5.5424,71.4073,232.5402,0.3074,0.0797,2.504,63.7521,231.0513,0.2759,0.0402,3.0616,63.7218,232.6292,0.2741,0.0462
2015-03-02T02:04:59.831Z,4.5767,69.7997,232.4874,0.3005,0.0662,3.0023,64.9189,230.3502,0.2816,0.0449,3.1077,64.3875,231.6516,0.2777,0.0473
2015-03-02T02:05:59.376Z,4.5951,72.3881,232.4538,0.3114,0.0642,3.1474,62.4941,229.8848,0.2723,0.05,2.8581,62.9224,230.3874,0.2734,0.0454
2015-03-02T02:06:59.659Z,5.6877,70.3066,232.2084,0.3023,0.0827,2.5826,64.5398,231.6511,0.2789,0.0389,3.498,63.859,231.2721,0.2757,0.0542
2015-03-02T02:07:59.892Z,5.5133,71.3985,232.0512,0.3076,0.0787,3.1135,63.4444,231.6744,0.2733,0.0504,2.4178,63.1055,231.2448,0.2727,0.0373
2015-03-02T02:08:59.136Z,5.5511,71.19,231.5603,0.3073,0.0803,2.4629,65.1219,231.6863,0.2812,0.0384,3.3098,64.275,231.1783,0.2779,0.0507
2015-03-02T02:09:59.377Z,6.1204,70.3579,230.5856,0.3052,0.0891,2.5075,63.1393,231.717,0.2722,0.04,4.0703,64.3275,231.4029,0.278,0.0635
2015-03-02T02:10:59.658Z,5.7429,69.5684,230.4723,0.3018,0.0858,2.3599,63.964,232.2134,0.2753,0.0354,3.3058,62.7305,231.957,0.2707,0.0543
2015-03-02T02:11:59.914Z,5.4846,70.5611,231.4129,0.3051,0.08,2.4645,65.0723,232.0943,0.2799,0.0368,3.1934,64.3295,232.163,0.277,0.0503
2015-03-02T02:12:59.192Z,4.6253,70.3851,232.828,0.3018,0.067,2.2783,64.9603,230.1522,0.2823,0.0337,3.3379,64.7823,233.2128,0.2774,0.0534
2015-03-02T02:13:59.537Z,4.6991,71.722,232.539,0.3079,0.0673,2.7948,62.5996,228.7264,0.2734,0.0447,2.8699,64.7884,232.9251,0.2782,0.0432
2015-03-02T02:14:59.843Z,5.3787,71.2405,232.0525,0.3065,0.0759,2.8123,64.383,230.9121,0.2784,0.0425,2.6986,63.9757,233.181,0.2743,0.0432
2015-03-02T02:15:59.185Z,5.7988,71.2386,231.1462,0.3078,0.0829,2.5582,64.0786,230.8414,0.277,0.0406,2.844,64.683,233.4633,0.2772,0.0438
2015-03-02T02:16:59.481Z,5.6651,71.104,232.5143,0.3055,0.0789,2.3446,64.0858,232.6942,0.2754,0.0382,3.2545,65.204,233.1479,0.2798,0.0508
2015-03-02T02:17:59.844Z,5.4191,72.2295,232.3986,0.3105,0.0746,2.4485,64.7015,232.5038,0.2786,0.038,2.7927,63.0787,232.8534,0.2703,0.0447
2015-03-02T02:18:59.172Z,4.697,71.3929,231.9982,0.3081,0.0657,2.3078,65.7236,232.3787,0.2824,0.0353,3.2236,64.9082,232.5801,0.279,0.0492
2015-03-02T02:19:59.427Z,5.536,71.2323,232.8898,0.3057,0.0778,2.2501,64.4621,232.7436,0.2765,0.0365,3.1018,65.4142,232.8962,0.281,0.0484
2015-03-02T02:20:59.689Z,5.9436,71.543,232.6959,0.308,0.0848,2.8765,64.0614,232.6636,0.2753,0.0459,3.0907,64.0382,232.7466,0.2753,0.0501
2015-03-02T02:21:59.967Z,5.8492,71.6679,232.518,0.3079,0.0805,2.6692,63.1958,232.2572,0.2716,0.043,3.3698,65.9795,232.4778,0.2838,0.0525
2015-03-02T02:22:59.264Z,5.4042,71.3221,232.5154,0.3063,0.0784,2.9745,63.0662,231.6207,0.2722,0.0479,2.8579,63.1007,232.9371,0.2712,0.0462
2015-03-02T02:23:59.467Z,5.6152,70.0939,231.3978,0.3029,0.081,2.107,63.6296,230.8584,0.2754,0.0325,3.0534,64.1278,232.5234,0.2753,0.0464
2015-03-02T02:24:59.713Z,5.4595,72.1263,231.6614,0.3114,0.0776,2.7669,64.7189,230.9092,0.2804,0.0427,3.0132,65.0384,233.0019,0.279,0.0464
2015-03-02T02:25:59.972Z,5.5411,71.9107,231.6047,0.3108,0.0776,2.4711,64.9445,231.6265,0.2804,0.0388,3.1874,65.2498,232.2682,0.2807,0.0491
2015-03-02T02:26:59.336Z,5.5359,70.9963,232.613,0.3056,0.0792,2.9504,65.2986,232.5034,0.281,0.045,2.8401,63.2383,234.0052,0.2701,0.0491
2015-03-02T02:27:59.902Z,4.9176,71.3848,232.546,0.3066,0.0696,2.7189,64.2452,232.0263,0.2772,0.0405,3.0546,63.8353,233.6091,0.2728,0.0483
2015-03-02T02:28:59.161Z,5.6014,72.3808,232.9408,0.3106,0.0799,3.095,64.3674,231.9269,0.2782,0.0478,2.829,63.4828,233.8864,0.2713,0.0459
2015-03-02T02:29:59.413Z,5.9548,71.0519,232.6732,0.3056,0.086,2.6043,64.1916,231.7504,0.2767,0.0411,3.1127,64.3785,233.8712,0.2752,0.0482
2015-03-02T02:30:59.728Z,5.7736,71.6777,232.5636,0.3074,0.0811,2.5255,64.7255,231.8753,0.279,0.0381,2.6698,65.0302,234.3984,0.2769,0.0396
2015-03-02T02:31:59.023Z,5.0883,72.044,232.6258,0.3087,0.0714,2.4091,63.0348,231.7274,0.2722,0.0399,3.5011,64.7917,234.5144,0.2764,0.0543
2015-03-02T02:32:59.155Z,4.957,71.3644,233.2137,0.3059,0.0709,2.469,65.0666,232.2079,0.2805,0.0376,2.722,64.5447,234.6547,0.2749,0.0425
2015-03-02T02:33:59.356Z,5.9513,72.0078,232.8775,0.3088,0.0824,3.1007,64.6483,231.4607,0.2792,0.0492,3.0349,65.6546,234.0868,0.2805,0.0463
2015-03-02T02:34:59.675Z,5.4279,71.5445,232.2643,0.3085,0.0758,2.8178,63.8122,230.7664,0.2768,0.0434,2.8942,64.4986,233.6729,0.2754,0.0426
2015-03-02T02:35:59.981Z,5.2479,70.9005,231.2376,0.3065,0.0729,2.74,65.0782,230.5896,0.2829,0.0413,3.0284,64.6753,232.3212,0.2779,0.0468
2015-03-02T02:36:59.261Z,5.0867,70.1278,230.7101,0.3038,0.0733,2.9794,63.6357,231.4057,0.2751,0.0489,3.2742,63.3941,233.7884,0.2713,0.0542
2015-03-02T02:37:59.535Z,4.9133,70.4624,231.3522,0.3045,0.0709,2.4165,64.9628,231.9048,0.28,0.0376,3.4152,64.9116,234.4915,0.2772,0.0526
2015-03-02T02:38:59.012Z,5.5652,71.2268,231.162,0.3083,0.0782,3.285,64.538,231.7039,0.2788,0.0517,2.9134,63.9509,233.7838,0.2737,0.0461
2015-03-02T02:39:59.269Z,5.4765,71.0795,232.1137,0.3058,0.0773,3.0796,65.0657,231.4614,0.281,0.047,2.8158,64.7125,233.4142,0.277,0.044
2015-03-02T02:40:59.528Z,4.98,71.2892,232.3356,0.3063,0.0715,2.5675,64.7096,231.2067,0.28,0.0393,3.6618,64.9022,233.1619,0.2782,0.0574
2015-03-02T02:41:59.799Z,5.2807,69.9295,232.745,0.3001,0.0771,2.9197,63.8609,231.8495,0.2755,0.0452,3.516,65.2277,233.4529,0.2792,0.0549
2015-03-02T02:42:59.033Z,5.7916,72.2316,232.7563,0.3107,0.0803,2.6904,65.4426,232.1075,0.282,0.0421,3.3867,64.6073,233.3355,0.2769,0.054
2015-03-02T02:43:59.240Z,5.8011,69.8234,231.9773,0.3014,0.0839,2.2825,64.4007,231.8205,0.2773,0.0352,3.3324,63.4568,233.1713,0.2722,0.0523
2015-03-02T02:44:59.508Z,5.1202,72.6093,231.496,0.3141,0.0697,2.5826,62.2616,231.2847,0.269,0.0419,2.6691,63.002,232.5909,0.271,0.0457
2015-03-02T02:45:59.782Z,4.7338,69.8663,230.6943,0.3029,0.07,3.0433,63.0712,230.2649,0.2736,0.048,3.1093,64.4641,232.797,0.277,0.0493
2015-03-02T02:46:59.015Z,5.8552,70.0141,232.4428,0.3009,0.0847,2.2983,63.0903,230.246,0.2744,0.0373,3.2342,64.676,233.8089,0.2763,0.0504
2015-03-02T02:47:59.348Z,6.0067,71.753,232.427,0.3087,0.085,2.615,63.5885,229.787,0.2764,0.0416,2.8725,65.1715,233.6962,0.2787,0.0433
2015-03-02T02:48:59.597Z,4.9598,70.6564,232.7696,0.3036,0.0722,2.3665,65.0613,232.5831,0.2797,0.0348,3.4303,64.4359,233.7727,0.2764,0.0535
2015-03-02T02:49:59.850Z,5.2986,71.9992,232.6392,0.3096,0.0732,2.493,65.1757,232.7379,0.28,0.0385,3.0713,64.2241,233.9677,0.2743,0.0484
2015-03-02T02:50:59.083Z,5.6272,72.0923,232.8094,0.3093,0.079,1.9669,63.3401,232.6627,0.2722,0.0326,3.2747,64.8471,234.1228,0.2766,0.0509
2015-03-02T02:51:59.283Z,5.6079,71.2626,232.563,0.3068,0.0793,2.2998,63.7204,232.386,0.2742,0.0347,2.9582,63.4044,233.7621,0.2711,0.0486
2015-03-02T02:52:59.538Z,6.0497,71.2936,232.5641,0.3065,0.0838,2.8427,63.6457,232.7195,0.2735,0.0455,3.1485,64.0605,234.1296,0.2735,0.0511
2015-03-02T02:53:59.984Z,4.5255,71.9185,232.6132,0.3092,0.0632,2.4264,64.01,232.237,0.276,0.0379,3.1162,63.797,233.9109,0.2724,0.0486
2015-03-02T02:54:59.250Z,5.8464,71.6559,232.0756,0.3088,0.0824,2.5979,64.7599,232.1949,0.2794,0.0394,3.6638,64.6992,233.4112,0.277,0.0569
2015-03-02T02:55:59.636Z,5.9508,72.2823,232.6692,0.3105,0.0837,2.644,64.6809,231.4056,0.2799,0.0411,3.1792,64.2655,232.7301,0.2758,0.0497
2015-03-02T02:56:59.994Z,5.5786,70.0832,233.092,0.3005,0.0829,2.27,63.8451,233.107,0.2741,0.036,3.3464,65.5263,233.6952,0.2802,0.0515
2015-03-02T02:57:59.218Z,256.1642,470.5076,232.2904,2.0352,0.224,275.987,464.84,232.7393,2.0078,0.2193,515.5403,740.8513,232.9784,3.1999,0.5707
2015-03-02T02:58:59.421Z,914.5979,1380.3787,231.6771,5.9573,0.6623,1017.4047,1498.7199,231.4593,6.475,0.6786,1461.3063,2079.8123,231.672,8.9774,0.7023
2015-03-02T02:59:59.723Z,950.163,1416.738,232.1507,6.1026,0.67,1061.7572,1541.0133,231.8721,6.6454,0.6886,1493.9019,2115.3162,232.2887,9.1061,0.7071
2015-03-02T03:00:59.864Z,939.142,1426.1099,232.6317,6.1301,0.6594,1055.8084,1528.9616,231.7042,6.5986,0.6901,1512.3686,2138.5953,233.1612,9.1718,0.7073
2015-03-02T03:01:59.124Z,941.1891,1420.5545,232.6042,6.1072,0.662,1064.0658,1536.7689,231.8081,6.6293,0.6928,1512.7255,2136.3713,232.7531,9.1784,0.7081
2015-03-02T03:02:59.317Z,963.5552,1431.2189,232.1652,6.1647,0.6734,1068.6221,1534.7933,231.2011,6.6381,0.6967,1519.1639,2118.4786,231.8673,9.1363,0.7174
2015-03-02T03:03:59.616Z,970.9444,1433.6274,231.7377,6.1859,0.6771,1076.852,1529.0122,230.452,6.6344,0.7043,1533.5541,2120.2407,231.3808,9.1634,0.7234
2015-03-02T03:04:59.844Z,975.0378,1437.1062,231.5932,6.2051,0.6789,1077.5668,1526.3376,230.2907,6.628,0.706,1535.4879,2114.6016,231.1336,9.1484,0.7272
2015-03-02T03:05:59.152Z,985.6401,1452.369,231.7122,6.2683,0.6783,1064.5741,1507.4034,229.2495,6.5753,0.7058,1553.8184,2114.3864,230.987,9.1533,0.7349
2015-03-02T03:06:59.315Z,982.5991,1443.922,231.8372,6.2278,0.6804,1090.1241,1541.5308,230.5347,6.6863,0.7076,1544.469,2127.5109,231.8274,9.1768,0.7259
2015-03-02T03:07:59.606Z,976.2329,1428.2367,231.3242,6.174,0.6831,1072.6574,1525.5526,229.9689,6.6338,0.7031,1520.2522,2091.9828,231.3361,9.0426,0.7268
2015-03-02T03:08:59.059Z,935.6145,1397.4644,231.7465,6.03,0.6698,1019.562,1491.0025,230.194,6.4769,0.6836,1464.264,2041.1656,231.2869,8.8252,0.7182
2015-03-02T03:09:59.283Z,928.301,1401.593,232.1081,6.0389,0.6619,1010.5131,1482.4832,230.2697,6.4386,0.681,1469.5619,2047.6513,231.5766,8.8419,0.7186
2015-03-02T03:10:59.471Z,953.5423,1419.8007,231.6743,6.1283,0.6712,1044.9136,1504.5167,230.5722,6.525,0.6941,1502.0218,2074.896,231.4147,8.9662,0.7246
2015-03-02T03:11:59.709Z,967.5861,1443.0782,232.2956,6.212,0.6703,1058.5584,1516.8746,230.8866,6.5703,0.6986,1526.9246,2102.8586,231.9553,9.066,0.7266
2015-03-02T03:12:59.909Z,956.325,1426.0808,232.1981,6.142,0.6709,1040.7908,1511.7556,231.035,6.543,0.6887,1492.3182,2067.0778,231.803,8.917,0.7214
2015-03-02T03:13:59.334Z,948.6017,1411.9581,232.0432,6.085,0.6715,1037.0578,1512.4214,231.3893,6.5362,0.6859,1475.8005,2054.5165,231.4783,8.8756,0.7176
2015-03-02T03:14:59.592Z,975.0538,1431.6168,231.0994,6.1941,0.6812,1071.0719,1525.2402,231.1151,6.599,0.7017,1518.3026,2089.271,231.7711,9.0141,0.726
2015-03-02T03:15:59.949Z,990.6222,1447.9448,229.9916,6.2956,0.6842,1094.2293,1523.0681,230.5639,6.6056,0.7183,1564.8263,2126.042,231.7846,9.1722,0.7364
2015-03-02T03:16:59.212Z,988.9779,1440.6413,231.219,6.2307,0.6867,1096.4029,1560.6751,232.232,6.7202,0.7026,1517.373,2102.5839,232.1002,9.0589,0.7224
2015-03-02T03:17:59.537Z,984.2058,1435.5967,232.2044,6.1823,0.6854,1074.8917,1558.8767,232.2204,6.7127,0.6893,1486.813,2070.0289,231.8461,8.9282,0.7188
2015-03-02T03:18:59.739Z,998.2288,1437.792,231.6136,6.2074,0.6939,1103.3428,1569.9742,231.8811,6.7704,0.7032,1508.5706,2084.2931,231.3174,9.0106,0.7234
2015-03-02T03:19:59.963Z,1019.6076,1447.8761,231.9417,6.2427,0.7034,1118.9836,1588.1277,231.6044,6.857,0.7048,1516.6489,2083.1583,230.8272,9.0241,0.729
2015-03-02T03:20:59.315Z,1006.7514,1445.2094,232.0835,6.2273,0.6965,1100.2493,1569.1911,231.5515,6.777,0.7014,1512.9984,2079.9705,230.881,9.0081,0.7289
2015-03-02T03:21:59.593Z,1008.5552,1444.3866,231.9039,6.228,0.6988,1103.2792,1573.8229,231.8404,6.7888,0.7016,1507.6144,2073.3726,230.7,8.9873,0.7282
2015-03-02T03:22:59.883Z,1024.4296,1465.019,232.362,6.3041,0.6994,1100.2071,1570.6768,231.3642,6.7882,0.7004,1524.0758,2079.2896,230.6856,9.0136,0.7326
2015-03-02T03:23:59.101Z,1023.8085,1464.7451,232.0566,6.3119,0.6991,1099.6562,1556.6644,230.8282,6.7433,0.7066,1540.206,2086.0003,230.4761,9.0504,0.7385
2015-03-02T03:24:59.217Z,1018.3261,1457.5022,231.2201,6.3034,0.6988,1096.634,1543.1274,230.489,6.6952,0.7107,1542.3462,2083.021,230.1958,9.0488,0.7401
2015-03-02T03:25:59.422Z,1038.6407,1462.6953,230.7054,6.3393,0.7101,1100.4483,1544.6023,230.1494,6.7109,0.7126,1542.4854,2066.0617,228.9119,9.0254,0.7466
2015-03-02T03:26:59.688Z,1042.7224,1471.9849,231.0939,6.3699,0.7086,1112.9887,1558.4054,230.5398,6.7591,0.7142,1554.9519,2086.1551,229.6648,9.0833,0.7466
2015-03-02T03:27:59.984Z,1017.1406,1458.7712,231.822,6.2929,0.6977,1109.4732,1566.5207,231.8271,6.7571,0.7079,1541.3857,2100.0911,230.8351,9.0971,0.7336
2015-03-02T03:28:59.280Z,1038.2002,1476.9939,231.6292,6.3762,0.7027,1131.0819,1578.3088,231.4975,6.8175,0.7172,1567.2957,2121.9517,230.8347,9.1922,0.7392
2015-03-02T03:29:59.497Z,1014.1523,1446.9929,230.904,6.2668,0.7003,1128.9381,1572.6336,231.6208,6.7892,0.7177,1546.1553,2108.2737,230.6717,9.1394,0.7323
2015-03-02T03:30:59.766Z,1049.3632,1477.5671,231.1943,6.3913,0.7102,1141.6161,1586.9052,231.0437,6.8683,0.7194,1566.6183,2113.0121,230.4711,9.1677,0.7412
2015-03-02T03:31:59.904Z,1042.6578,1469.9027,231.0054,6.3631,0.7092,1122.7471,1571.3582,230.7539,6.8091,0.7144,1551.3839,2090.7342,230.2567,9.0803,0.7426
2015-03-02T03:32:59.180Z,1067.2908,1503.0946,231.0862,6.5043,0.7101,1132.053,1566.9033,229.9596,6.8138,0.7227,1596.2564,2120.8902,230.492,9.2017,0.7517
2015-03-02T03:33:59.340Z,1051.5559,1488.7597,231.2379,6.4381,0.7067,1119.2001,1553.7342,229.7699,6.762,0.7199,1581.8254,2108.243,230.3974,9.1503,0.7503
2015-03-02T03:34:59.643Z,1073.7048,1506.5512,230.8758,6.5251,0.7127,1140.7841,1567.4443,229.6973,6.8241,0.7281,1608.2353,2126.2991,229.9382,9.2468,0.7568
2015-03-02T03:35:59.881Z,1057.7216,1492.5802,230.6922,6.4701,0.7086,1127.8464,1555.8736,229.9426,6.7661,0.7244,1593.8636,2115.1093,229.8578,9.2013,0.7527
2015-03-02T03:36:59.162Z,1083.7999,1513.5567,231.6419,6.5336,0.7165,1157.3815,1600.056,230.7651,6.9338,0.7236,1602.2822,2135.8519,230.3648,9.2714,0.7501
2015-03-02T03:37:59.406Z,1069.8439,1504.5909,232.0091,6.4849,0.7111,1148.4039,1597.6396,230.9413,6.9179,0.7192,1587.2519,2127.8041,230.7949,9.2198,0.7463
2015-03-02T03:38:59.708Z,1087.7506,1513.035,231.5769,6.533,0.7198,1170.2509,1612.5708,230.8876,6.9842,0.726,1603.9141,2142.3022,230.3856,9.2986,0.7494
2015-03-02T03:39:59.917Z,1070.2936,1499.4257,231.0818,6.489,0.7143,1164.3373,1601.8422,231.1863,6.9287,0.7269,1600.3026,2143.3931,230.6643,9.2919,0.7468
2015-03-02T03:40:59.219Z,1056.7601,1498.6379,231.4379,6.4755,0.7055,1154.7043,1593.8862,231.4358,6.8867,0.7244,1600.8637,2154.6466,231.5061,9.3064,0.7411
2015-03-02T03:41:59.513Z,1054.7037,1483.5913,230.1248,6.4464,0.7106,1168.9047,1596.1234,231.5549,6.8928,0.732,1598.6969,2151.0247,231.1303,9.3067,0.7417
2015-03-02T03:42:59.803Z,1058.3491,1483.5023,230.2018,6.4443,0.7132,1174.0027,1606.2531,231.915,6.926,0.7317,1594.5666,2149.8321,231.2331,9.2971,0.7408
2015-03-02T03:43:59.087Z,1066.4145,1487.8043,230.4956,6.4551,0.7178,1176.7103,1615.161,231.771,6.9684,0.7286,1590.2819,2146.2339,231.1416,9.2852,0.7417
2015-03-02T03:44:59.349Z,1080.4142,1502.9264,230.7508,6.5131,0.7194,1167.6691,1604.485,230.9593,6.9469,0.728,1598.2213,2135.4589,230.5292,9.2633,0.7498
2015-03-02T03:45:59.705Z,1076.4114,1504.7939,230.0289,6.5416,0.7148,1165.3944,1587.5244,230.2267,6.8957,0.7341,1619.9697,2151.851,230.9364,9.3174,0.7517
2015-03-02T03:46:59.069Z,1068.3733,1498.6098,230.8642,6.491,0.7133,1176.1098,1611.9418,231.5919,6.9604,0.7298,1606.9245,2161.8325,231.5264,9.3373,0.7427
2015-03-02T03:47:59.512Z,1079.1301,1499.3231,230.7658,6.4971,0.7194,1186.3928,1626.6064,231.6911,7.0212,0.7297,1603.3268,2154.8774,231.1914,9.3209,0.7441
2015-03-02T03:48:59.816Z,1079.6667,1504.0473,231.0291,6.5101,0.7181,1181.794,1617.0422,231.0052,7.0003,0.7309,1610.2447,2156.2036,231.0428,9.3321,0.7466
2015-03-02T03:49:59.128Z,1082.467,1506.6431,230.6201,6.5332,0.718,1179.2782,1600.6192,230.0957,6.9565,0.7372,1622.9282,2154.8026,230.5332,9.3464,0.7524
2015-03-02T03:50:59.355Z,1084.8862,1510.7733,230.8649,6.5443,0.7184,1171.0626,1599.5702,230.056,6.9524,0.732,1616.751,2147.1833,230.4989,9.3154,0.7518
2015-03-02T03:51:59.622Z,1089.1338,1511.5344,230.659,6.5529,0.7204,1173.1864,1598.7576,229.9927,6.9512,0.7341,1617.8321,2142.6733,230.2911,9.304,0.7551
2015-03-02T03:52:59.145Z,1099.5774,1515.5119,230.1739,6.584,0.7252,1183.8699,1604.4263,229.8476,6.9804,0.7382,1624.6987,2144.078,229.7676,9.3313,0.7587
2015-03-02T03:53:59.413Z,1098.0509,1512.2267,230.2833,6.5666,0.7261,1178.3727,1604.5586,229.85,6.9811,0.7349,1614.7916,2135.2766,229.7708,9.2931,0.7566
2015-03-02T03:54:59.740Z,1105.5312,1524.9704,230.5129,6.6151,0.7256,1177.761,1603.4461,229.7149,6.9801,0.7348,1624.6966,2141.585,230.2687,9.3009,0.7589
2015-03-02T03:55:59.928Z,1116.7379,1546.3969,230.5868,6.7061,0.7222,1167.884,1587.7122,229.1911,6.9273,0.7358,1647.5931,2152.4381,230.2652,9.3472,0.7652
2015-03-02T03:56:59.325Z,1142.3522,1554.1865,231.4364,6.7158,0.7347,1175.4935,1627.176,230.6326,7.0551,0.7228,1612.3989,2115.4488,228.8334,9.2436,0.762
2015-03-02T03:57:59.680Z,1087.1572,1514.2423,230.587,6.5668,0.7176,1191.2251,1619.6076,231.2471,7.0038,0.7358,1630.7751,2176.3743,231.377,9.4058,0.7499
2015-03-02T03:58:59.027Z,1097.4788,1517.8428,230.5472,6.5834,0.7231,1215.6565,1644.7889,231.7452,7.0974,0.7392,1635.0593,2191.0165,231.632,9.4585,0.7471
2015-03-02T03:59:59.315Z,1098.0201,1519.2934,231.1406,6.5732,0.7228,1198.1181,1636.1256,231.3226,7.0731,0.732,1621.164,2165.751,231.117,9.3708,0.7489
