2015-01-05T00:00:59.236Z,2.6324,44.2723,231.9241,0.1908,0.0597,3.0909,33.1108,230.4386,0.1442,0.093,81.288,88.4922,230.642,0.3839,0.9195
2015-01-05T00:01:59.426Z,2.3096,45.2627,231.6359,0.1958,0.0498,3.1077,31.8865,230.8597,0.1384,0.0997,82.3408,88.9225,231.7155,0.3836,0.9274
2015-01-05T00:02:59.788Z,3.0296,45.5833,230.0619,0.1974,0.0663,2.8337,31.126,230.5133,0.1349,0.0989,81.8812,88.3123,231.3382,0.3818,0.9282
2015-01-05T00:03:59.002Z,2.2299,45.1909,230.6452,0.1959,0.0507,2.6524,31.5643,229.9572,0.1374,0.087,81.4723,88.133,231.3148,0.381,0.9254
2015-01-05T00:04:59.290Z,2.5108,45.1911,231.7095,0.1951,0.0547,2.1942,30.8244,231.2499,0.133,0.0757,81.4759,88.0875,230.2978,0.3824,0.9254
2015-01-05T00:05:59.525Z,2.6003,45.2074,231.9501,0.1946,0.0578,3.41,32.812,231.7414,0.1417,0.1029,80.8971,87.304,230.1677,0.3795,0.9274
2015-01-05T00:06:59.884Z,3.214,46.3301,232.4678,0.1997,0.0681,2.6815,32.4164,231.937,0.1404,0.0888,80.9073,87.6519,230.4701,0.3804,0.9247
2015-01-05T00:07:59.132Z,3.1243,45.6794,232.3819,0.1964,0.0684,2.5064,31.161,231.821,0.135,0.0857,80.8029,86.5094,230.1448,0.3758,0.9347
2015-01-05T00:08:59.332Z,2.9801,46.1498,232.0766,0.199,0.0636,2.6656,29.8812,231.5649,0.1287,0.0952,106.681,114.8124,230.0663,0.499,0.9273
2015-01-05T00:09:59.531Z,2.9569,45.9609,232.0002,0.1974,0.0627,2.6251,32.8233,231.5463,0.142,0.0848,114.0371,122.139,229.5851,0.5324,0.9322
2015-01-05T00:10:59.827Z,3.0251,44.6927,232.3758,0.1923,0.0678,2.8178,33.4826,231.0477,0.1451,0.088,80.2943,86.4902,229.2691,0.3771,0.9297
2015-01-05T00:11:59.120Z,3.6088,46.1278,232.2784,0.1991,0.0783,2.4856,32.8743,230.7727,0.1427,0.0806,80.2554,86.8117,229.251,0.3786,0.9251
2015-01-05T00:12:59.280Z,2.303,45.7099,231.0432,0.1981,0.0508,2.8804,31.7641,231.1775,0.1374,0.0976,79.4408,85.4254,228.2629,0.3743,0.9303
2015-01-05T00:13:59.570Z,2.9924,46.1161,231.3579,0.1993,0.064,2.5683,31.5346,231.0925,0.1363,0.0861,80.0367,86.2388,228.6945,0.3773,0.9291
2015-01-05T00:14:59.801Z,2.4141,45.7908,232.3032,0.1975,0.0518,2.9837,32.8124,231.2707,0.1416,0.0971,80.7877,87.2488,230.2808,0.3789,0.9269
2015-01-05T00:15:59.153Z,3.4059,46.2057,232.2936,0.1986,0.0717,2.8667,31.2853,230.9869,0.136,0.0943,81.6503,87.8072,230.7913,0.3801,0.9302
2015-01-05T00:16:59.442Z,3.1035,45.2684,232.4398,0.1948,0.0687,2.5593,32.4765,230.9602,0.1405,0.088,81.197,87.8007,230.6226,0.3808,0.9256
2015-01-05T00:17:59.680Z,2.3536,46.2488,231.9189,0.1989,0.0501,2.8445,31.8805,232.1553,0.1379,0.0925,81.2646,87.5479,231.2118,0.3787,0.9285
2015-01-05T00:18:59.939Z,2.4833,45.7622,231.4009,0.198,0.0542,2.8986,31.5966,232.7891,0.1353,0.0951,82.5466,89.256,232.1604,0.3845,0.9258
2015-01-05T00:19:59.096Z,3.7734,45.9609,231.5866,0.198,0.0836,2.6498,32.6147,233.234,0.1399,0.0857,146.1979,156.3364,232.4622,0.672,0.936
2015-01-05T00:20:59.550Z,4.9038,46.9576,231.7312,0.2026,0.1049,2.4967,32.387,232.0651,0.1397,0.0745,82.148,88.6161,231.9574,0.382,0.9283
2015-01-05T00:21:59.876Z,5.5648,46.5522,232.6956,0.2003,0.1208,2.3897,31.9462,232.3038,0.1374,0.0801,82.594,88.7632,231.7359,0.383,0.9314
2015-01-05T00:22:59.180Z,5.2536,46.4287,231.9897,0.2001,0.1122,2.418,32.1024,232.1928,0.139,0.08,81.3237,87.0849,230.8646,0.3771,0.9342
2015-01-05T00:23:59.362Z,5.3432,46.4551,232.0115,0.2,0.115,2.4973,31.5482,232.4064,0.1358,0.0827,81.4146,88.302,231.9853,0.3807,0.9229
2015-01-05T00:24:59.565Z,5.1029,45.8715,232.881,0.197,0.1113,2.3588,31.4013,232.5116,0.1349,0.0759,82.4568,89.0534,232.1727,0.383,0.9269
2015-01-05T00:25:59.785Z,4.8427,46.4115,232.6279,0.1992,0.1038,2.436,31.6492,232.4573,0.1364,0.083,82.02,88.2103,231.7689,0.3809,0.9309
2015-01-05T00:26:59.023Z,4.8169,45.7686,231.9707,0.1969,0.1058,2.3574,32.0474,232.5816,0.1377,0.0724,82.9484,89.7803,232.5364,0.386,0.9252
2015-01-05T00:27:59.268Z,4.0293,45.6766,231.7333,0.1966,0.0874,2.4623,32.7348,232.5433,0.1407,0.076,82.35,88.9288,232.68,0.382,0.9275
2015-01-05T00:28:59.593Z,4.9876,46.1946,231.4547,0.1997,0.1068,2.3127,32.7942,232.1921,0.1409,0.0755,82.7786,89.0455,232.4351,0.3832,0.9305
2015-01-05T00:29:59.823Z,3.8704,45.6082,231.4575,0.1969,0.0854,3.0249,32.1815,232.3501,0.138,0.0947,145.1474,155.9651,232.5341,0.6714,0.9304
2015-01-05T00:30:59.011Z,2.4973,45.2576,230.8111,0.1957,0.0553,2.7127,31.9333,231.293,0.1374,0.0906,81.5713,88.4028,231.9769,0.3808,0.9236
2015-01-05T00:31:59.281Z,3.5071,46.2644,231.8013,0.1993,0.0763,2.7937,32.5897,231.7127,0.141,0.0958,82.4516,88.7959,232.1332,0.3819,0.9292
2015-01-05T00:32:59.694Z,2.7454,45.7537,232.7252,0.1964,0.0588,2.7982,31.4018,231.0398,0.1357,0.0933,82.0115,87.9216,231.5959,0.3796,0.9335
2015-01-05T00:33:59.951Z,2.7385,45.76,232.2491,0.1971,0.0601,3.195,31.7683,230.8977,0.1378,0.1042,81.7418,87.6438,231.6414,0.3786,0.9328
2015-01-05T00:34:59.135Z,2.6398,46.0642,232.0433,0.1987,0.0569,3.0534,33.3008,232.1656,0.1435,0.1004,82.7457,89.2925,232.7524,0.3835,0.9272
2015-01-05T00:35:59.447Z,2.7012,45.4859,231.3327,0.1966,0.0585,2.4951,30.3643,232.1533,0.1311,0.0845,82.5421,88.8374,232.3263,0.3828,0.9298
2015-01-05T00:36:59.817Z,3.3729,45.9662,231.9795,0.198,0.0735,2.8831,32.9873,232.7956,0.1421,0.093,82.3079,88.2568,232.1746,0.3798,0.9333
2015-01-05T00:37:59.028Z,2.8456,45.5676,232.2781,0.1961,0.0621,2.6317,33.1479,232.7758,0.1432,0.089,82.1914,88.9362,231.8749,0.3834,0.9248
2015-01-05T00:38:59.278Z,2.5644,46.312,231.947,0.2001,0.0526,2.7618,31.9311,232.4951,0.1377,0.0907,82.2332,88.0108,231.844,0.3798,0.9354
2015-01-05T00:39:59.585Z,3.2926,47.0671,232.2864,0.2027,0.0701,2.4209,30.8601,232.6893,0.1326,0.0864,132.8371,142.5114,231.7696,0.6146,0.9297
2015-01-05T00:40:59.828Z,434.3226,636.9998,231.5366,2.7604,0.3551,484.7634,739.818,232.0387,3.1996,0.3627,820.4793,1092.33,230.2083,4.766,0.8354
2015-01-05T00:41:59.086Z,1072.484,1465.7624,230.6744,6.3539,0.7319,1147.4003,1609.0724,230.8952,6.9684,0.7135,1554.3308,2109.1924,228.6136,9.2261,0.737
2015-01-05T00:42:59.311Z,1164.7889,1544.2179,231.4073,6.6736,0.7541,1215.9301,1676.8991,230.1226,7.2869,0.7248,1621.2323,2148.1721,227.6764,9.4353,0.7541
2015-01-05T00:43:59.534Z,1207.8893,1582.2887,231.6622,6.83,0.7631,1256.6399,1714.3616,230.2763,7.4446,0.7327,1657.1438,2173.4277,227.1282,9.5692,0.7611
2015-01-05T00:44:59.851Z,1192.922,1565.0158,231.3398,6.7652,0.7621,1269.4527,1735.756,231.6798,7.492,0.7316,1637.7621,2175.9789,227.9338,9.5464,0.7518
2015-01-05T00:45:59.985Z,1169.5294,1581.6226,231.2257,6.8403,0.7392,1231.8616,1655.7689,228.9819,7.2311,0.7438,1703.306,2219.9329,228.9792,9.6948,0.769
2015-01-05T00:46:59.262Z,1186.6657,1572.46,230.9538,6.8088,0.7547,1281.2689,1722.9255,231.339,7.4464,0.7438,1679.3192,2217.5722,228.5898,9.7008,0.7568
2015-01-05T00:47:59.664Z,1206.3623,1577.1553,231.1028,6.8239,0.7644,1293.5976,1751.7727,231.9398,7.5523,0.7382,1660.0932,2196.3074,228.0048,9.6326,0.7557
2015-01-05T00:48:59.998Z,1219.3979,1586.8851,231.1944,6.8638,0.768,1292.3229,1759.187,232.1223,7.5786,0.7343,1651.5503,2178.5226,227.5241,9.5748,0.7584
2015-01-05T00:49:59.167Z,1229.1597,1597.6598,231.9881,6.8867,0.7694,1302.7961,1778.264,232.3499,7.6534,0.7321,1653.9552,2186.2844,227.8294,9.5955,0.7573
2015-01-05T00:50:59.508Z,1243.1138,1610.7817,231.8608,6.9473,0.772,1318.4917,1782.4922,231.926,7.686,0.7394,1677.9421,2201.8483,227.456,9.6802,0.7624
2015-01-05T00:51:59.699Z,1213.5422,1585.6219,230.8092,6.8698,0.7656,1307.544,1752.4386,231.6609,7.5644,0.7462,1681.7761,2208.934,227.7686,9.6986,0.7608
2015-01-05T00:52:59.971Z,1205.4972,1575.1657,230.3002,6.8394,0.7653,1312.5832,1748.2629,231.269,7.559,0.7501,1682.5368,2210.0033,227.9938,9.6931,0.7607
2015-01-05T00:53:59.173Z,1219.1859,1587.9759,230.09,6.9015,0.7678,1313.0997,1746.7553,230.7997,7.5686,0.7519,1691.7695,2210.3984,228.0836,9.6909,0.7655
2015-01-05T00:54:59.355Z,1179.9796,1556.4922,231.5994,6.7204,0.7584,1247.8013,1718.9048,231.5426,7.4234,0.7253,1610.6587,2136.9319,228.2908,9.3604,0.7538
2015-01-05T00:55:59.641Z,1156.5951,1533.6606,230.7363,6.6469,0.7542,1227.5228,1687.4094,231.4747,7.2896,0.7277,1602.2116,2123.4832,228.1237,9.3088,0.754
2015-01-05T00:56:59.030Z,1145.6235,1520.6711,230.2846,6.6034,0.7527,1226.4234,1679.6084,231.5718,7.2531,0.7303,1600.2207,2122.4292,227.9484,9.3112,0.7529
2015-01-05T00:57:59.348Z,1151.6366,1524.317,230.522,6.6126,0.7553,1236.6677,1689.5642,231.4754,7.2996,0.7318,1600.9926,2124.0516,227.861,9.3219,0.7528
2015-01-05T00:58:59.956Z,1165.5158,1540.5324,231.7819,6.6462,0.7561,1217.4686,1692.0533,231.5441,7.3074,0.7192,1584.1586,2096.7476,227.4702,9.2176,0.7558
2015-01-05T00:59:59.241Z,1182.586,1559.5043,232.3722,6.7107,0.7585,1223.4071,1699.0921,231.3674,7.3437,0.7201,1596.5479,2101.9842,227.4097,9.2427,0.76
2015-01-05T01:00:59.496Z,1216.6374,1588.2012,232.1539,6.8407,0.7661,1259.6742,1725.5253,230.8218,7.4752,0.7308,1634.3681,2131.5644,226.9629,9.3916,0.767
2015-01-05T01:01:59.750Z,1244.2627,1610.4873,231.6912,6.9513,0.7718,1281.3838,1740.9107,230.3596,7.5573,0.7361,1656.8334,2146.1978,226.7291,9.4659,0.7709
2015-01-05T01:02:59.079Z,1206.814,1584.7968,230.6803,6.8699,0.7612,1263.2586,1696.3725,229.7659,7.3828,0.7452,1670.582,2161.0084,227.1761,9.5122,0.7731
2015-01-05T01:03:59.411Z,807.8181,1093.5387,230.7713,4.7486,0.5368,845.4659,1139.8252,230.0348,4.9654,0.5366,1179.1998,1516.7775,229.6346,6.6358,0.8107
2015-01-05T01:04:59.636Z,231.2723,422.2862,231.7722,1.8283,0.2392,265.9553,442.9849,232.0337,1.9168,0.2527,376.9839,609.3539,232.21,2.6333,0.7816
2015-01-05T01:05:59.899Z,24.1585,76.6821,232.7198,0.3309,0.1013,19.2636,58.4974,232.487,0.2524,0.0952,140.5698,166.1907,232.7174,0.7147,0.8663
2015-01-05T01:06:59.181Z,560.0802,792.3402,231.9561,3.4306,0.3731,587.6261,788.4355,231.7273,3.4165,0.3767,1083.616,1337.5962,230.8976,5.8081,0.8487
2015-01-05T01:07:59.468Z,1292.5961,1689.9844,230.9304,7.3179,0.7654,1365.5474,1783.729,230.4949,7.7387,0.7654,1808.1902,2314.9825,229.7496,10.0762,0.7801
2015-01-05T01:08:59.646Z,1301.6534,1695.0754,231.088,7.3351,0.7675,1375.0639,1800.2762,230.2776,7.8178,0.7635,1801.8347,2308.6349,229.5515,10.0567,0.7815
2015-01-05T01:09:59.020Z,1249.5114,1649.3849,231.4695,7.126,0.7572,1331.3573,1765.0465,230.7244,7.65,0.7539,1751.3127,2268.7051,229.6056,9.8807,0.7722
2015-01-05T01:10:59.311Z,1287.5427,1675.92,231.2314,7.2476,0.7684,1390.0798,1814.5749,230.7491,7.8638,0.7659,1794.3317,2314.3586,229.6134,10.0792,0.7752
2015-01-05T01:11:59.691Z,1295.478,1682.7801,230.9215,7.2871,0.7699,1388.2882,1807.4481,230.446,7.8434,0.7687,1802.1427,2312.2306,229.2194,10.0875,0.78
2015-01-05T01:12:59.891Z,1276.7402,1656.8591,230.6225,7.1839,0.7707,1360.553,1787.9785,230.4363,7.7587,0.7607,1759.1316,2265.2239,228.3415,9.9203,0.7757
2015-01-05T01:13:59.037Z,1237.561,1618.0253,230.976,7.0056,0.7647,1308.4582,1747.3042,230.6148,7.5769,0.7483,1700.7769,2203.9276,227.7097,9.6788,0.7706
2015-01-05T01:14:59.250Z,1214.1775,1612.8181,231.7252,6.96,0.7529,1282.4652,1727.0956,231.0567,7.4748,0.742,1696.0502,2208.5891,228.974,9.6457,0.7684
2015-01-05T01:15:59.606Z,553.8337,762.4573,232.9493,3.288,0.4016,578.7386,793.7079,232.1569,3.4337,0.3808,887.7826,1131.5631,230.5859,4.9335,0.8115
2015-01-05T01:16:59.015Z,5.718,46.7904,233.8001,0.2006,0.1201,2.5021,32.2376,232.7926,0.1388,0.0812,2.8906,32.2079,232.3684,0.1382,0.0937
2015-01-05T01:17:59.274Z,5.3412,46.3684,233.5174,0.1986,0.1162,1.9821,32.1823,233.1278,0.1384,0.0623,3.2972,33.2554,232.7573,0.1429,0.1015
2015-01-05T01:18:59.571Z,5.0026,47.4582,233.9591,0.2036,0.1052,2.4743,31.7753,232.9842,0.1366,0.087,3.6419,32.6396,232.9979,0.14,0.11
2015-01-05T01:19:59.978Z,5.5897,46.5562,233.9184,0.199,0.1202,2.3307,32.7299,232.6216,0.1407,0.0744,3.0682,33.9505,233.022,0.1453,0.0947
2015-01-05T01:20:59.286Z,5.4028,46.5004,233.5533,0.199,0.1164,2.5747,32.0288,233.1488,0.1374,0.0822,3.3151,33.4119,232.4337,0.1437,0.1031
2015-01-05T01:21:59.501Z,4.6824,46.2963,233.4279,0.199,0.1,2.7682,32.493,232.5349,0.14,0.0905,3.1829,31.7133,231.6532,0.137,0.1047
2015-01-05T01:22:59.955Z,4.7353,46.2263,233.7853,0.1975,0.1016,2.7619,33.9863,232.8735,0.1458,0.0836,3.4599,33.5086,231.0011,0.1453,0.1088
2015-01-05T01:23:59.257Z,5.1098,46.5793,233.5278,0.1993,0.1102,2.3987,32.2697,232.7113,0.1382,0.0783,3.4639,32.7732,230.2913,0.1427,0.1047
2015-01-05T01:24:59.455Z,5.1842,46.7623,234.0069,0.2002,0.1115,2.1107,32.2775,233.0099,0.1387,0.0693,2.8434,34.6344,231.8334,0.1492,0.0848
2015-01-05T01:25:59.753Z,5.0047,46.1126,234.2493,0.1972,0.1075,2.7191,31.8942,232.7599,0.1367,0.0864,3.0717,33.9924,231.8058,0.1471,0.0978
2015-01-05T01:26:59.057Z,3.9499,45.9196,234.3683,0.1957,0.086,2.5873,30.574,232.0181,0.132,0.0844,3.4719,33.0956,231.5751,0.143,0.1051
2015-01-05T01:27:59.275Z,5.1705,46.6418,234.5074,0.1995,0.1099,2.0437,31.0357,229.4492,0.1357,0.0725,2.8425,33.9874,232.2918,0.1467,0.0825
2015-01-05T01:28:59.504Z,4.8078,46.5744,234.3726,0.1986,0.1044,2.1709,30.934,232.1392,0.1338,0.0746,3.4276,33.6219,231.7799,0.1449,0.1029
2015-01-05T01:29:59.723Z,6.3197,46.6145,234.4093,0.1986,0.1349,2.5242,27.6959,233.0425,0.1196,0.0958,2.8108,29.113,231.5753,0.1257,0.0999
2015-01-05T01:30:59.975Z,5.1683,46.5473,234.0777,0.1987,0.1105,2.2859,31.2363,233.1459,0.1337,0.0776,2.9389,33.0915,231.4476,0.1434,0.0965
2015-01-05T01:31:59.345Z,4.8902,46.2913,233.5936,0.198,0.106,2.2539,31.8963,232.2857,0.1368,0.068,3.338,31.7958,230.7562,0.1383,0.1029
2015-01-05T01:32:59.717Z,5.7563,46.1986,233.6751,0.1979,0.1235,2.2651,30.6346,232.0201,0.1319,0.0748,3.4018,31.8076,230.4005,0.1374,0.1097
2015-01-05T01:33:59.970Z,5.4422,47.0889,234.007,0.2009,0.1147,2.5658,31.9746,231.1743,0.1382,0.0826,2.9152,33.6752,229.8279,0.1463,0.0899
2015-01-05T01:34:59.238Z,5.407,46.9513,234.1379,0.2001,0.1135,2.3153,32.4067,232.44,0.1402,0.0774,2.9094,31.8991,230.807,0.1381,0.0936
2015-01-05T01:35:59.654Z,3.9179,46.0388,234.0638,0.1971,0.0841,2.5158,32.1839,233.2753,0.1385,0.0812,2.9998,32.6796,231.4584,0.1413,0.0923
2015-01-05T01:36:59.095Z,4.6254,46.0011,233.031,0.1974,0.1019,2.5137,31.8609,233.1026,0.1367,0.082,2.8906,33.852,231.2483,0.1463,0.0907
2015-01-05T01:37:59.372Z,5.6638,46.1091,233.1197,0.1985,0.1209,2.1721,32.7918,233.363,0.1409,0.0713,3.2763,32.4651,231.4132,0.1404,0.1069
2015-01-05T01:38:59.623Z,5.4295,46.8891,232.6712,0.202,0.1165,2.6382,31.0377,233.3601,0.1334,0.0903,2.9787,33.2174,231.1665,0.1439,0.0909
2015-01-05T01:39:59.967Z,4.7153,46.6902,231.1749,0.2027,0.1011,2.0053,32.4882,233.251,0.1389,0.066,3.0342,32.7822,230.9449,0.1418,0.0925
2015-01-05T01:40:59.297Z,4.7201,45.5499,231.5664,0.1969,0.1022,2.2692,31.9562,233.5618,0.1366,0.0731,2.8607,34.6632,231.7604,0.1502,0.0834
2015-01-05T01:41:59.534Z,5.2931,46.3636,231.8433,0.2001,0.1142,2.3885,32.3873,232.7836,0.1392,0.0791,3.3077,34.1674,231.1393,0.1481,0.1014
2015-01-05T01:42:59.697Z,5.5353,46.6977,233.3522,0.2002,0.1188,2.3164,30.9301,231.9419,0.1335,0.0777,3.4354,33.7352,231.1285,0.1458,0.106
2015-01-05T01:43:59.917Z,4.5032,46.371,233.5532,0.1989,0.0966,2.1155,31.6024,231.2558,0.1372,0.0729,2.7143,32.9772,230.851,0.143,0.0874
2015-01-05T01:44:59.200Z,5.1579,47.1871,233.9093,0.2016,0.109,2.7512,32.7215,232.9258,0.1407,0.0845,3.2946,32.0729,232.5235,0.1382,0.1069
2015-01-05T01:45:59.370Z,5.1603,46.4159,233.8486,0.199,0.1103,2.5173,32.0162,233.2715,0.1373,0.0827,3.5112,34.2841,232.6191,0.1477,0.1066
2015-01-05T01:46:59.662Z,5.5636,46.1191,233.7309,0.1976,0.1198,2.4176,33.4557,233.3944,0.1431,0.079,3.3405,32.3135,232.6355,0.1395,0.107
2015-01-05T01:47:59.970Z,5.4844,46.9329,234.0925,0.2002,0.1173,2.192,32.4045,232.9531,0.1393,0.0705,3.148,34.4409,232.6496,0.1478,0.0966
2015-01-05T01:48:59.285Z,5.7289,46.7236,234.112,0.1992,0.1227,2.5914,30.9057,232.6111,0.1327,0.0886,3.0317,33.5998,232.7343,0.144,0.0952
2015-01-05T01:49:59.480Z,5.3525,47.3139,234.124,0.2024,0.1124,2.6353,31.0229,232.1868,0.1329,0.0851,2.862,31.5212,232.2489,0.1354,0.0946
2015-01-05T01:50:59.803Z,5.5892,46.6216,234.0435,0.199,0.1182,2.6085,32.3575,231.85,0.1395,0.0863,3.2634,33.4852,232.3267,0.1446,0.1007
2015-01-05T01:51:59.082Z,5.2833,46.0571,233.2592,0.1976,0.1144,2.1426,31.2709,231.8144,0.1346,0.0762,2.9573,33.6681,231.5899,0.1452,0.0921
2015-01-05T01:52:59.320Z,5.5911,46.6511,233.1869,0.2001,0.1209,2.7445,31.9995,231.7546,0.1385,0.0907,3.2548,32.5564,231.6484,0.1403,0.1031
2015-01-05T01:53:59.517Z,4.9076,46.3025,232.5117,0.199,0.1065,2.3635,32.1357,231.1126,0.139,0.0759,3.3289,34.4428,232.0214,0.1484,0.0995
2015-01-05T01:54:59.859Z,4.8216,46.4374,233.2411,0.1991,0.1009,2.1274,31.5555,232.2722,0.1359,0.0688,3.0919,31.7743,232.7497,0.136,0.1036
2015-01-05T01:55:59.087Z,5.4561,46.5289,233.4991,0.199,0.1158,2.7077,33.441,232.3713,0.1436,0.0822,2.9388,33.2289,233.0362,0.1427,0.0942
2015-01-05T01:56:59.368Z,5.2449,46.8009,233.094,0.2008,0.1121,2.0433,31.7398,232.3048,0.1367,0.0722,3.1576,32.1927,232.8463,0.1386,0.1026
2015-01-05T01:57:59.827Z,4.9278,46.3552,232.9405,0.1991,0.1078,2.3995,31.3642,232.332,0.1357,0.0825,3.2291,33.0467,233.0492,0.1418,0.1018
2015-01-05T01:58:59.115Z,4.3988,46.1207,232.9811,0.1978,0.0948,2.2949,32.988,232.671,0.1418,0.0757,3.087,33.5509,233.2402,0.1438,0.0927
2015-01-05T01:59:59.404Z,4.5041,45.6235,233.4278,0.1952,0.0975,2.7546,31.8926,232.9769,0.137,0.0902,2.7695,34.1068,233.4307,0.1464,0.0834
2015-01-05T02:00:59.599Z,5.1159,44.6264,233.9632,0.1907,0.1168,2.7221,32.3657,232.898,0.1392,0.0879,3.2812,33.6609,233.6423,0.144,0.1005
2015-01-05T02:01:59.900Z,5.1152,47.5115,233.5051,0.2043,0.1082,2.4462,32.4057,231.9449,0.1397,0.0808,2.877,33.4696,232.8974,0.1429,0.0873
2015-01-05T02:02:59.316Z,5.5988,45.7341,233.3916,0.1957,0.1218,2.3037,33.127,231.3672,0.1427,0.0749,3.2118,32.717,233.1356,0.14,0.1042
2015-01-05T02:03:59.598Z,4.5597,46.6898,233.3593,0.1999,0.0979,2.1821,31.6705,230.7371,0.1367,0.0746,2.584,33.513,233.592,0.1435,0.0838
2015-01-05T02:04:59.861Z,5.3252,46.9584,233.938,0.2007,0.1131,2.2101,32.636,232.404,0.1405,0.073,3.8121,32.2165,233.047,0.1384,0.1187
2015-01-05T02:05:59.026Z,5.3914,46.9983,235.0691,0.2,0.1153,2.9583,31.3532,230.3362,0.1359,0.0941,3.2464,31.0216,233.7382,0.1331,0.1041
2015-01-05T02:06:59.152Z,4.9195,46.9807,235.0693,0.1997,0.1056,2.4056,32.2535,230.648,0.14,0.0767,3.1747,33.4059,233.513,0.143,0.0937
2015-01-05T02:07:59.471Z,4.7852,46.1611,234.5303,0.1973,0.1034,2.312,32.367,233.0565,0.1384,0.0712,2.8407,32.8252,232.7073,0.141,0.0991
2015-01-05T02:08:59.700Z,5.1838,46.7529,234.0121,0.1996,0.1103,2.434,31.3568,233.182,0.1347,0.0814,3.4088,32.3596,232.4685,0.139,0.1054
2015-01-05T02:09:59.879Z,5.7018,46.2921,233.9223,0.1977,0.1232,2.4684,30.6632,233.4328,0.1312,0.081,3.3108,33.2017,232.7939,0.1424,0.1011
2015-01-05T02:10:59.140Z,4.8348,46.7585,233.6758,0.2,0.1053,2.5538,31.093,233.1318,0.1336,0.0851,3.1653,35.147,232.4083,0.1509,0.0916
2015-01-05T02:11:59.452Z,4.6137,45.6553,233.3442,0.1961,0.101,1.9752,32.1454,232.6899,0.138,0.0676,3.0593,30.5199,231.824,0.1314,0.1082
2015-01-05T02:12:59.708Z,3.9565,46.4557,232.8232,0.2001,0.0842,2.0521,30.6208,233.0616,0.1315,0.0777,3.7648,34.9063,230.7793,0.1521,0.1032
2015-01-05T02:13:59.976Z,5.3524,46.0985,233.2545,0.1973,0.1155,2.3827,33.5826,233.4157,0.1438,0.0721,2.8922,31.9119,230.6326,0.138,0.0973
2015-01-05T02:14:59.323Z,5.3152,47.0882,234.2678,0.2013,0.1127,2.683,31.4154,233.7958,0.1347,0.0932,3.5037,34.041,232.0352,0.1462,0.0997
2015-01-05T02:15:59.652Z,5.7445,46.8862,234.5597,0.1996,0.1227,2.4705,33.8648,233.819,0.144,0.0726,3.2595,33.253,232.0928,0.1432,0.0963
2015-01-05T02:16:59.061Z,4.8133,46.9109,233.8636,0.2001,0.1037,2.145,32.608,233.7369,0.139,0.0663,76.0516,84.7912,232.3707,0.3654,0.8514
2015-01-05T02:17:59.347Z,5.6999,47.5273,234.0564,0.2034,0.1187,2.5453,32.5943,234.0203,0.139,0.083,82.6213,89.2445,232.5311,0.384,0.9266
2015-01-05T02:18:59.687Z,4.8677,47.5952,234.3052,0.2029,0.1044,2.311,33.2624,233.86,0.1422,0.0737,82.9074,89.1965,232.8903,0.383,0.93
2015-01-05T02:19:59.944Z,5.0445,46.2049,234.1664,0.1973,0.1082,2.8066,32.9389,233.6961,0.1405,0.0864,83.3573,88.9655,232.8687,0.382,0.9377
2015-01-05T02:20:59.254Z,4.4029,46.0927,233.7313,0.1976,0.0957,2.0598,32.3807,233.9953,0.1389,0.0712,82.5921,89.0507,232.6539,0.3833,0.9284
2015-01-05T02:21:59.557Z,4.3796,46.8642,233.8161,0.1999,0.0948,2.3655,31.6292,233.4868,0.1354,0.0751,82.5857,88.9751,232.3837,0.3833,0.9287
2015-01-05T02:22:59.712Z,5.4016,46.4651,233.1034,0.1991,0.1162,2.8164,29.6721,233.7088,0.1268,0.0971,81.8019,87.8334,231.4478,0.3796,0.9314
2015-01-05T02:23:59.054Z,4.7458,46.2732,232.025,0.2001,0.1021,2.2996,31.899,233.763,0.1363,0.081,81.7036,88.1962,231.4776,0.3811,0.9273
2015-01-05T02:24:59.517Z,4.8768,46.3072,232.6434,0.1991,0.105,2.7727,34.27,234.3886,0.1462,0.0784,83.0071,89.5588,233.3487,0.3836,0.9276
2015-01-05T02:25:59.879Z,4.8852,45.7325,233.2167,0.1958,0.1049,2.4744,31.6519,234.4242,0.1351,0.0835,82.3974,89.0788,231.5568,0.3849,0.9252
2015-01-05T02:26:59.436Z,4.5411,46.6477,233.4961,0.2001,0.0959,2.3042,31.3559,234.1536,0.1339,0.0752,82.4243,88.8341,232.5059,0.382,0.9284
2015-01-05T02:27:59.718Z,5.24,47.0826,234.0427,0.2012,0.1105,2.794,32.4101,233.5628,0.1386,0.0868,83.833,90.4209,233.3778,0.3877,0.9286
2015-01-05T02:28:59.009Z,5.4711,46.645,234.0269,0.1992,0.1159,2.3884,30.8379,233.667,0.132,0.0816,82.9713,89.3893,233.2766,0.3826,0.9284
2015-01-05T02:29:59.228Z,4.974,47.1451,234.5503,0.201,0.1056,2.1195,31.941,232.1131,0.1378,0.0722,83.1668,89.526,233.4505,0.3834,0.9304
2015-01-05T02:30:59.521Z,4.778,46.7279,234.5918,0.199,0.1009,2.1133,31.8697,229.582,0.1389,0.069,83.7448,90.4791,233.9627,0.3865,0.9262
2015-01-05T02:31:59.044Z,4.6158,45.274,234.1107,0.1932,0.1021,2.2388,30.2566,228.7942,0.132,0.0744,83.0383,89.4823,233.4494,0.3829,0.9288
2015-01-05T02:32:59.370Z,5.8513,46.9302,234.6355,0.2,0.1238,1.8357,31.5354,228.8645,0.1374,0.0614,82.5945,89.4341,232.8354,0.3841,0.9247
2015-01-05T02:33:59.635Z,5.3108,46.9963,234.3158,0.2001,0.1123,2.5301,30.4173,230.7826,0.1315,0.0835,81.9797,88.0895,231.7404,0.3799,0.9314
2015-01-05T02:34:59.018Z,5.224,47.5003,234.4454,0.2026,0.109,2.2857,32.9093,232.9582,0.1414,0.0712,82.9286,89.6133,232.5861,0.3851,0.9261
2015-01-05T02:35:59.315Z,5.5622,46.5096,234.1026,0.1983,0.1192,2.3847,31.5738,232.7958,0.1354,0.0798,82.2954,88.9101,232.9872,0.382,0.9258
2015-01-05T02:36:59.540Z,5.067,46.9308,234.1042,0.1999,0.1081,2.57,30.7442,232.9407,0.1318,0.0876,83.1614,89.836,232.9116,0.3863,0.927
2015-01-05T02:37:59.886Z,5.1285,46.6396,234.3914,0.1989,0.11,2.4568,30.2249,232.7109,0.1297,0.086,82.3452,89.0876,232.4177,0.3836,0.9253
2015-01-05T02:38:59.226Z,4.1603,45.5652,234.4242,0.1937,0.0902,2.5798,31.6569,233.0709,0.1362,0.0827,82.2142,88.9924,232.3892,0.383,0.9248
2015-01-05T02:39:59.691Z,5.4239,45.9258,235.0676,0.1952,0.1176,2.3827,32.6391,233.2177,0.1401,0.0724,81.9239,88.4379,232.2091,0.381,0.9274
2015-01-05T02:40:59.937Z,5.5547,47.0188,235.0726,0.2002,0.1181,2.4244,31.7377,232.6585,0.1362,0.0785,82.1681,88.6929,231.6713,0.3836,0.9276
2015-01-05T02:41:59.225Z,5.1927,47.0134,234.562,0.201,0.1098,2.2843,32.2816,232.0177,0.1394,0.0726,81.8253,88.2578,231.5313,0.3814,0.929
2015-01-05T02:42:59.646Z,4.4304,46.0833,234.9184,0.1959,0.0946,2.3858,29.6466,230.6327,0.1279,0.0836,81.5215,87.3271,231.1874,0.3776,0.9342
2015-01-05T02:43:59.986Z,4.6638,45.8987,234.1064,0.1959,0.1009,2.9537,30.6588,230.2645,0.133,0.0965,81.5751,88.3584,231.0053,0.3829,0.9241
2015-01-05T02:44:59.442Z,4.8574,46.8309,234.4466,0.1994,0.1047,2.2564,33.9327,232.1868,0.1459,0.0729,82.4577,88.3986,232.4473,0.3801,0.9332
2015-01-05T02:45:59.784Z,5.566,46.9205,234.4332,0.1999,0.1182,2.5317,30.6,232.0543,0.1317,0.0841,83.2489,89.589,232.6102,0.385,0.9299
2015-01-05T02:46:59.105Z,5.3111,46.7351,233.5896,0.2002,0.1135,2.6779,32.1929,231.6803,0.1394,0.0793,82.2762,88.9356,232.2334,0.383,0.9257
2015-01-05T02:47:59.458Z,5.0392,46.0236,233.9158,0.1972,0.1092,2.0852,32.5941,231.8943,0.1407,0.069,82.1367,88.3318,232.079,0.3805,0.9305
2015-01-05T02:48:59.758Z,4.7591,46.1586,234.1511,0.1969,0.1009,2.3203,32.5637,232.1241,0.1405,0.0746,82.3358,89.2237,232.2589,0.384,0.924
2015-01-05T02:49:59.071Z,5.3754,47.0868,233.9626,0.2017,0.1153,2.2221,32.8519,232.0218,0.1421,0.0708,82.5161,89.2277,232.3997,0.3839,0.926
2015-01-05T02:50:59.325Z,4.8837,46.7033,233.6739,0.1997,0.1067,2.6457,31.3996,231.8462,0.1355,0.0817,82.2402,88.4936,231.7682,0.3815,0.9305
2015-01-05T02:51:59.651Z,4.7098,46.7144,233.6642,0.2002,0.1013,2.5505,31.7401,232.2055,0.137,0.0795,82.0516,88.6435,231.6615,0.3826,0.9266
2015-01-05T02:52:59.850Z,4.5203,45.7599,233.1056,0.1962,0.0988,2.286,30.6184,231.3443,0.1322,0.0813,81.6277,88.5702,231.6121,0.3827,0.9224
2015-01-05T02:53:59.221Z,4.6089,46.2882,234.0436,0.198,0.0982,2.5618,31.9707,232.1477,0.1376,0.0837,82.1574,89.0052,232.0168,0.3836,0.9238
2015-01-05T02:54:59.424Z,5.1558,47.1346,234.1675,0.2012,0.1107,2.7571,31.6448,233.0526,0.1361,0.09,81.9548,88.3243,231.6398,0.3812,0.9287
2015-01-05T02:55:59.917Z,5.3545,47.1418,234.6514,0.2008,0.1129,2.5045,33.2066,232.7174,0.1424,0.0793,82.0227,88.5471,231.6954,0.3816,0.9278
2015-01-05T02:56:59.191Z,5.416,46.0816,234.2026,0.1969,0.1177,2.5429,31.929,232.7382,0.1372,0.0768,81.9561,88.7363,231.7759,0.3832,0.9247
2015-01-05T02:57:59.479Z,4.6802,45.9638,233.7288,0.1963,0.0986,2.5427,30.0781,232.7579,0.1295,0.0838,82.0553,89.0675,231.3107,0.3851,0.9227
2015-01-05T02:59:59.281Z,4.9498,46.6519,234.078,0.1995,0.1057,2.3579,31.4038,233.0329,0.1348,0.0791,81.7833,88.3384,230.9954,0.3826,0.927
