2015-03-20T00:00:59.395Z,7.2631,66.5792,233.6212,0.2854,0.1116,-7.659,60.3148,233.448,0.2584,-0.1264,11.763,63.3907,234.8295,0.2703,0.1903
2015-03-20T00:01:59.663Z,7.2216,69.188,233.2944,0.2967,0.1064,-8.0186,61.8898,233.5931,0.2648,-0.1319,11.0068,62.9187,235.192,0.2678,0.1757
2015-03-20T00:02:59.812Z,6.871,69.1929,233.2665,0.2966,0.1004,-7.7861,62.8171,233.5729,0.2687,-0.1266,11.3616,64.5545,235.3484,0.2739,0.1777
2015-03-20T00:03:59.099Z,6.6916,69.0225,233.1331,0.2964,0.0992,-7.7239,61.6255,233.5225,0.2642,-0.1266,11.5831,64.5649,235.4676,0.2739,0.1817
2015-03-20T00:04:59.346Z,7.463,69.9926,233.5653,0.2996,0.1075,-7.6586,61.0329,233.1917,0.2621,-0.1278,11.5874,63.8487,235.8004,0.271,0.1821
2015-03-20T00:05:59.616Z,7.5793,69.0762,233.6234,0.2953,0.1118,-7.794,62.1304,232.6192,0.2668,-0.1304,11.0501,64.2962,235.6197,0.273,0.177
2015-03-20T00:06:59.870Z,7.348,69.5062,233.716,0.297,0.1086,-7.4092,60.8962,229.6419,0.2653,-0.1227,11.5681,63.9831,236.0731,0.2711,0.1819
2015-03-20T00:07:59.206Z,6.8376,68.8107,233.6517,0.2943,0.0998,-7.5822,63.0931,231.4417,0.2727,-0.1226,11.4747,64.1847,235.7358,0.272,0.1809
2015-03-20T00:08:59.835Z,6.9391,69.3063,233.1264,0.2968,0.0982,-7.3583,62.2858,231.7973,0.2689,-0.1207,11.4157,65.5292,235.191,0.2786,0.176
2015-03-20T00:09:59.243Z,6.8534,70.5168,232.7657,0.3029,0.0961,-8.0146,62.7257,232.6506,0.2696,-0.1306,11.0784,64.7881,235.0794,0.2754,0.1728
2015-03-20T00:10:59.565Z,7.1984,68.7304,233.0047,0.2949,0.1053,-7.452,61.6919,232.7595,0.2651,-0.1241,11.8054,63.6943,234.7329,0.271,0.1882
2015-03-20T00:11:59.835Z,6.8455,68.7018,233.1488,0.2948,0.1034,-7.7748,62.2359,233.1804,0.2672,-0.1271,11.3461,64.1013,234.6695,0.2729,0.1795
2015-03-20T00:12:59.047Z,6.95,68.4731,233.0789,0.294,0.1016,-7.3821,63.1042,233.0608,0.2703,-0.1188,10.7829,62.9785,234.3576,0.2689,0.1737
2015-03-20T00:13:59.219Z,7.1076,68.796,233.2008,0.2947,0.107,-7.7173,62.1489,232.8266,0.2671,-0.1287,11.0659,64.1352,234.0814,0.274,0.1751
2015-03-20T00:14:59.599Z,7.1805,68.5292,232.7729,0.2941,0.1059,-7.8143,63.1525,233.1402,0.2707,-0.1255,11.5634,63.253,233.9833,0.2709,0.1864
2015-03-20T00:15:59.920Z,7.0151,68.5618,232.7424,0.2943,0.104,-7.8952,60.7996,232.7684,0.2614,-0.1347,10.9113,63.0637,233.6825,0.27,0.1768
2015-03-20T00:16:59.089Z,6.6552,69.5691,232.8813,0.2991,0.0982,-7.8771,60.8882,232.9501,0.2614,-0.1309,11.0758,64.3051,233.904,0.275,0.1739
2015-03-20T00:17:59.296Z,7.5275,70.3618,233.1174,0.302,0.1093,-7.7622,62.2408,233.3778,0.2667,-0.128,11.2089,64.9562,234.0263,0.2774,0.1742
2015-03-20T00:18:59.628Z,6.7671,69.7523,233.2088,0.299,0.0995,-7.5933,61.8708,233.3558,0.2649,-0.1248,11.3932,62.6618,234.1155,0.2671,0.1838
2015-03-20T00:19:59.842Z,7.2323,69.1635,232.9912,0.2971,0.106,-7.9667,61.9957,233.089,0.2657,-0.1302,11.2111,61.6651,234.2925,0.2635,0.1858
2015-03-20T00:20:59.099Z,7.3252,68.8359,233.6087,0.2943,0.1069,-7.6822,63.1629,233.5482,0.2703,-0.1223,11.2784,63.5117,234.548,0.2706,0.178
2015-03-20T00:21:59.347Z,7.4188,69.5058,233.2109,0.2977,0.1075,-7.4949,62.1081,233.1851,0.2664,-0.1224,11.0786,64.3745,234.2663,0.2746,0.1744
2015-03-20T00:22:59.606Z,7.1245,69.0365,232.9665,0.2969,0.1049,-7.4431,63.3145,233.6002,0.2712,-0.1211,11.1932,63.4567,234.1069,0.2709,0.179
2015-03-20T00:23:59.868Z,7.0999,68.3663,233.4788,0.2928,0.105,-7.9402,61.9828,233.9641,0.2645,-0.1296,11.5368,63.2623,234.7718,0.2696,0.1832
2015-03-20T00:24:59.213Z,6.8866,69.5844,233.3136,0.298,0.0998,-8.0988,62.4509,234.2391,0.2668,-0.131,11.3147,65.735,234.9648,0.2797,0.1731
2015-03-20T00:25:59.508Z,7.2476,68.3837,232.0889,0.2945,0.1077,-7.8044,63.0359,234.6893,0.2681,-0.1249,11.5734,63.6623,235.1242,0.2704,0.1843
2015-03-20T00:26:59.758Z,7.1597,67.8191,232.4482,0.2916,0.1076,-7.4762,61.9641,234.8438,0.2636,-0.123,11.4848,64.8769,235.1348,0.2758,0.1807
2015-03-20T00:27:59.264Z,7.2135,70.4223,232.468,0.3032,0.1025,-7.91,62.0513,234.2525,0.2644,-0.1286,11.6564,63.4607,234.7702,0.2702,0.1849
2015-03-20T00:28:59.676Z,6.2293,70.3863,233.6768,0.3008,0.0901,-7.6592,61.9241,233.5303,0.2649,-0.1251,11.0658,63.7218,235.0627,0.2712,0.1766
2015-03-20T00:29:59.886Z,6.5498,69.5054,233.8941,0.2965,0.0954,-8.353,63.4337,233.3424,0.2714,-0.1337,11.1056,64.0178,235.3824,0.2722,0.1759
2015-03-20T00:30:59.025Z,7.4089,69.05,234.3997,0.2948,0.1078,-7.7397,61.456,233.3323,0.2637,-0.1273,10.7707,63.2057,235.498,0.2682,0.1771
2015-03-20T00:31:59.345Z,7.2174,71.0034,234.7062,0.3022,0.1027,-7.7738,61.5259,233.667,0.2634,-0.1299,11.1601,65.1435,235.6284,0.2759,0.1735
2015-03-20T00:32:59.548Z,7.6729,69.0776,233.892,0.2952,0.1129,-8.433,61.6104,233.3527,0.264,-0.1389,11.2524,63.8928,235.5325,0.2714,0.1774
2015-03-20T00:33:59.728Z,7.2519,69.7047,233.1858,0.2992,0.1045,-7.6009,62.4045,233.7846,0.2674,-0.1247,11.3431,64.2314,235.7222,0.272,0.1778
2015-03-20T00:34:59.870Z,6.904,68.3892,233.6923,0.2924,0.1027,-7.999,62.5303,234.3389,0.2668,-0.1292,11.5157,64.5479,235.9274,0.2735,0.1796
2015-03-20T00:35:59.170Z,7.3668,70.3089,233.5104,0.3012,0.1059,-7.5972,62.9049,233.9816,0.269,-0.1218,11.0449,63.6314,235.2569,0.27,0.176
2015-03-20T00:36:59.581Z,6.9453,69.8458,232.4841,0.3008,0.0998,-7.2398,62.5566,231.6577,0.2699,-0.1158,11.4515,63.0535,232.9558,0.2701,0.182
2015-03-20T00:37:59.803Z,6.7913,68.1026,231.9989,0.2936,0.1008,-7.924,62.9755,231.5686,0.2718,-0.1299,11.4546,63.5164,232.6785,0.2726,0.1816
2015-03-20T00:38:59.125Z,6.8583,69.1057,231.5861,0.2986,0.1018,-7.7019,61.3197,231.2668,0.265,-0.1287,10.7148,61.6963,232.9579,0.2653,0.1761
2015-03-20T00:39:59.385Z,6.671,68.8543,231.2234,0.2981,0.0987,-7.6964,62.2679,230.8599,0.2699,-0.124,11.0149,64.4282,232.4182,0.2769,0.1716
2015-03-20T00:40:59.538Z,6.8908,67.4469,231.2253,0.2913,0.1034,-7.9181,61.9287,231.0548,0.2678,-0.1321,10.9913,63.07,232.5533,0.2715,0.1782
2015-03-20T00:41:59.996Z,6.5817,68.983,231.5117,0.298,0.0965,-7.9435,61.4291,230.809,0.2662,-0.133,11.4691,61.8242,232.5443,0.2661,0.187
2015-03-20T00:42:59.271Z,7.504,68.032,231.3812,0.2943,0.1117,-7.969,61.7936,231.0774,0.2678,-0.1319,11.4135,63.5446,232.4526,0.273,0.1788
2015-03-20T00:43:59.359Z,7.0555,68.4577,230.7575,0.2963,0.1045,-7.507,60.1138,230.8551,0.261,-0.1255,11.2199,61.3367,231.9825,0.2642,0.1842
2015-03-20T00:44:59.629Z,6.701,69.7918,231.2938,0.3015,0.0964,-7.9052,61.7609,231.0054,0.2671,-0.1281,11.3365,62.3569,232.292,0.2686,0.1819
2015-03-20T00:45:59.826Z,6.5679,67.6421,230.8346,0.2927,0.0985,-8.0418,60.6618,230.8598,0.2632,-0.1355,11.1648,62.9307,231.8893,0.2713,0.1812
2015-03-20T00:46:59.223Z,6.4887,68.322,230.8494,0.2959,0.0959,-7.9208,61.6516,230.7351,0.2672,-0.1294,11.1452,63.0839,231.9411,0.2717,0.1758
2015-03-20T00:47:59.565Z,6.693,68.9235,230.5759,0.2995,0.0996,-7.8052,61.0938,230.177,0.2651,-0.1298,11.3912,63.2729,232.3638,0.2726,0.1832
2015-03-20T00:48:59.766Z,7.1495,70.0733,231.2025,0.303,0.102,-7.8084,60.7379,231.1286,0.2627,-0.1318,11.2374,63.1926,233.1018,0.2709,0.1775
2015-03-20T00:49:59.937Z,6.6148,67.5393,231.7218,0.2918,0.1002,-7.441,59.6399,231.3521,0.258,-0.134,11.2734,62.0845,233.3352,0.2657,0.1869
2015-03-20T00:50:59.225Z,7.1937,69.1519,231.8916,0.2984,0.105,-7.415,61.5489,231.0809,0.266,-0.1228,11.4567,63.9882,232.937,0.275,0.181
2015-03-20T00:51:59.647Z,6.8264,69.3137,232.2345,0.2983,0.0998,-7.6326,60.7459,231.5066,0.262,-0.1268,11.4848,63.718,232.2105,0.2741,0.1824
2015-03-20T00:52:59.920Z,7.143,68.1333,231.9235,0.2934,0.1058,-7.6653,63.2781,231.5637,0.2732,-0.1232,11.4348,62.6379,232.0774,0.2699,0.184
2015-03-20T00:53:59.216Z,7.3938,70.0761,231.546,0.3027,0.1066,-7.6138,61.7776,231.1492,0.2678,-0.1248,11.2662,62.6863,232.6319,0.2693,0.1808
2015-03-20T00:54:59.479Z,7.4905,67.7305,232.0246,0.2923,0.113,-7.8278,60.4255,231.1175,0.2614,-0.1358,11.2653,63.9002,232.8993,0.2742,0.1811
2015-03-20T00:55:59.743Z,6.9657,67.8916,231.6949,0.2929,0.103,-7.507,62.7448,231.0626,0.2719,-0.1241,11.6114,61.7381,232.5486,0.2658,0.1913
2015-03-20T00:56:59.014Z,6.5004,68.8617,231.7088,0.2969,0.095,-7.5903,61.3058,231.1879,0.2658,-0.1239,11.328,64.7742,232.4524,0.2789,0.1764
2015-03-20T00:57:59.375Z,6.7104,69.9753,231.934,0.3015,0.0975,-7.8892,60.8165,231.048,0.2635,-0.1308,11.2285,63.4138,232.3839,0.2733,0.1782
2015-03-20T00:58:59.646Z,7.1713,68.9425,231.2615,0.2985,0.1045,-7.5931,62.1889,230.8695,0.2695,-0.1249,11.2562,62.5245,232.178,0.2691,0.1812
2015-03-20T00:59:59.899Z,6.9,69.624,230.6346,0.302,0.101,-7.9695,62.9471,230.4046,0.2733,-0.1295,10.7168,63.3018,232.2245,0.2722,0.1709
2015-03-20T01:00:59.447Z,6.4844,66.6502,230.3334,0.2891,0.1001,-7.9691,60.1614,231.0404,0.2609,-0.1379,11.3142,61.771,232.5867,0.2655,0.1878
2015-03-20T01:01:59.693Z,6.4322,68.2263,229.8557,0.2965,0.0963,-7.5275,61.1565,230.7749,0.2651,-0.1274,10.8771,63.5987,232.3293,0.2736,0.1729
2015-03-20T01:02:59.947Z,6.9397,69.2768,231.1007,0.3003,0.1013,-8.171,62.878,230.3403,0.2729,-0.131,10.7759,62.1023,230.7385,0.2689,0.1759
2015-03-20T01:03:59.124Z,7.3601,67.7808,231.294,0.2931,0.1096,-7.7534,61.3711,230.9098,0.2656,-0.131,11.5862,62.0784,230.946,0.2692,0.1909
2015-03-20T01:04:59.412Z,6.9705,68.3432,230.8663,0.2962,0.1024,-7.3544,59.5075,230.4031,0.2586,-0.1284,11.5944,64.4456,231.3904,0.2785,0.1834
2015-03-20T01:05:59.678Z,6.4693,68.0015,230.594,0.2949,0.0963,-7.702,61.352,230.021,0.2663,-0.1267,10.9357,61.9248,231.0546,0.2674,0.1784
2015-03-20T01:06:59.972Z,7.1828,67.7783,230.2159,0.2946,0.1078,-7.7064,59.1107,229.9215,0.2565,-0.1334,11.4911,63.4146,230.4965,0.2749,0.1835
2015-03-20T01:07:59.137Z,6.9526,69.43,230.6973,0.3013,0.1007,-7.8273,60.0271,229.5327,0.2616,-0.1308,10.5158,63.0066,229.9916,0.2742,0.1687
2015-03-20T01:08:59.468Z,6.9346,67.7113,230.9168,0.2929,0.1049,-7.8017,61.1957,230.068,0.2657,-0.1317,11.168,62.2162,230.3232,0.2697,0.1811
2015-03-20T01:09:59.909Z,6.8318,67.3766,231.3209,0.2913,0.1037,-7.5236,61.5965,229.6396,0.2687,-0.1235,11.6154,62.0274,230.7959,0.2682,0.193
2015-03-20T01:10:59.227Z,6.9219,68.5171,231.5163,0.2959,0.1013,-7.3292,61.8428,229.6328,0.27,-0.1192,10.8239,62.4217,230.8381,0.2702,0.1747
2015-03-20T01:11:59.601Z,6.9338,69.6938,231.1976,0.3015,0.1007,-7.1107,61.5266,229.9648,0.2674,-0.1185,11.4093,62.2577,230.8254,0.2697,0.1832
2015-03-20T01:12:59.841Z,7.4753,69.0841,231.3284,0.2986,0.1095,-7.7752,60.8184,229.8076,0.2649,-0.1299,11.1768,62.5157,230.6225,0.2716,0.1807
2015-03-20T01:13:59.214Z,6.9001,68.0071,231.3426,0.294,0.103,-7.1973,62.1447,230.4551,0.2692,-0.1176,11.0052,63.9377,231.6502,0.2756,0.1744
2015-03-20T01:14:59.542Z,6.6414,66.7433,230.7864,0.2893,0.1012,-7.7335,61.1212,230.5095,0.2656,-0.1336,11.2435,62.1201,232.3788,0.2681,0.1859
2015-03-20T01:15:59.775Z,6.9888,69.278,231.2984,0.2996,0.1041,-8.0648,61.8688,230.9567,0.2681,-0.1311,11.1067,64.6775,232.768,0.2779,0.1746
2015-03-20T01:16:59.077Z,7.2839,67.6048,231.4401,0.2924,0.1114,-7.5773,62.8076,231.5941,0.2714,-0.1223,11.5742,63.608,232.797,0.273,0.1827
2015-03-20T01:17:59.513Z,7.0625,69.0426,231.677,0.2977,0.1038,-7.7759,61.35,231.341,0.2651,-0.1291,11.3908,63.9068,232.7637,0.2746,0.1797
2015-03-20T01:18:59.721Z,6.4535,68.1534,231.7362,0.2946,0.0955,-7.7451,61.2418,231.4304,0.2646,-0.1282,11.3157,62.9832,232.9792,0.2702,0.1809
2015-03-20T01:19:59.156Z,6.645,69.033,231.7371,0.2982,0.0986,-7.9887,61.0191,231.4327,0.2641,-0.1338,11.3738,63.7557,233.1306,0.2741,0.1808
2015-03-20T01:20:59.334Z,7.109,68.4152,232.3386,0.2944,0.1053,-7.6199,61.2482,231.6822,0.2642,-0.1254,10.7837,62.9192,232.8891,0.2704,0.1746
2015-03-20T01:21:59.615Z,7.0049,68.8593,231.892,0.2971,0.1035,-7.8667,62.1789,231.6975,0.2683,-0.1297,11.0501,63.7878,232.6192,0.2741,0.1761
2015-03-20T01:22:59.951Z,6.6392,68.5533,231.7727,0.2957,0.099,-7.5467,61.7129,230.989,0.2671,-0.1243,11.7943,63.2893,232.8295,0.272,0.1879
2015-03-20T01:23:59.183Z,6.7711,67.411,231.518,0.291,0.1037,-7.6263,62.8416,231.2876,0.2716,-0.1269,11.3122,62.0947,232.8416,0.2672,0.1856
2015-03-20T01:24:59.443Z,7.196,69.252,231.3376,0.2993,0.1043,-8.0613,61.5047,230.9892,0.2667,-0.1324,11.1525,64.5924,232.764,0.2776,0.1755
2015-03-20T01:25:59.740Z,7.6025,68.9789,231.5558,0.2975,0.1116,-7.4948,62.0279,230.7586,0.2688,-0.124,10.7851,63.598,232.8169,0.273,0.1716
2015-03-20T01:26:59.950Z,6.9255,68.9005,231.444,0.2973,0.0995,-7.8836,61.6366,231.1415,0.2671,-0.131,11.3615,63.8901,233.0234,0.2742,0.1793
2015-03-20T01:27:59.321Z,6.4993,69.623,231.8127,0.3002,0.0937,-7.7487,62.2357,231.5289,0.2684,-0.1282,11.1721,64.3283,232.8994,0.2761,0.1757
2015-03-20T01:28:59.458Z,7.6262,68.4844,231.5553,0.2957,0.1121,-8.3457,61.3251,231.2109,0.2652,-0.1368,11.3801,62.958,232.4718,0.271,0.1836
2015-03-20T01:29:59.915Z,6.7488,68.4501,231.1153,0.2962,0.0996,-7.697,60.9273,230.6593,0.2642,-0.1297,11.6636,63.1879,232.1299,0.2721,0.1874
2015-03-20T01:30:59.299Z,6.3374,68.266,231.2066,0.2948,0.0919,-7.6828,61.6748,230.442,0.2679,-0.1269,10.9514,63.6042,231.5626,0.274,0.1728
2015-03-20T01:31:59.580Z,7.2013,69.071,231.5451,0.2984,0.1051,-7.5652,61.6607,230.8178,0.2671,-0.127,11.6034,63.6648,231.9095,0.2747,0.1837
2015-03-20T01:32:59.815Z,7.1112,69.6196,231.849,0.3004,0.1025,-7.9533,61.6815,231.0899,0.2668,-0.1319,10.9057,63.6642,232.0603,0.2744,0.1748
2015-03-20T01:33:59.044Z,7.4492,68.2762,232.1289,0.2939,0.1113,-7.8633,59.1974,231.2224,0.2563,-0.1396,11.1643,61.7403,232.3633,0.265,0.1878
2015-03-20T01:34:59.353Z,7.0113,68.1964,231.9578,0.2941,0.1037,-7.4516,62.1451,231.2473,0.2691,-0.1246,10.8942,62.7453,232.5518,0.2699,0.1752
2015-03-20T01:35:59.603Z,7.0908,68.7778,231.9807,0.2962,0.1049,-7.7123,61.6542,230.9151,0.267,-0.1253,11.6555,63.2602,232.7287,0.2723,0.1872
2015-03-20T01:36:59.991Z,6.9857,68.2975,232.0501,0.2944,0.1033,-8.0602,61.8189,231.2601,0.2669,-0.1322,11.5999,63.8491,232.6423,0.2743,0.1843
2015-03-20T01:37:59.308Z,6.8972,68.1638,230.3004,0.296,0.1056,-8.4153,61.2921,231.6687,0.2647,-0.1392,11.3391,63.1019,232.5332,0.2709,0.1807
2015-03-20T01:38:59.659Z,7.1932,68.2023,230.6764,0.2957,0.1086,-7.5108,61.1908,232.0953,0.264,-0.1285,11.2725,62.5165,233.3029,0.268,0.1867
2015-03-20T01:39:59.801Z,7.3963,67.9886,230.8693,0.2942,0.1111,-7.6565,62.167,232.7935,0.2667,-0.125,11.0509,64.855,233.2712,0.2783,0.1696
2015-03-20T01:40:59.075Z,7.059,70.4872,232.2929,0.3034,0.1009,-7.4754,62.4383,232.4072,0.2685,-0.1229,11.487,62.9478,232.7378,0.2704,0.1822
2015-03-20T01:41:59.307Z,7.3947,68.837,232.1427,0.2963,0.109,-8.316,62.9105,232.3084,0.2711,-0.1341,11.0036,63.6157,232.3828,0.2732,0.1749
2015-03-20T01:42:59.546Z,6.5495,68.2749,231.9611,0.2941,0.0965,-7.6666,61.2744,232.2019,0.2642,-0.1287,11.3701,62.1423,232.2638,0.2671,0.1857
2015-03-20T01:43:59.813Z,7.1713,67.9924,232.5697,0.2927,0.1051,-7.8595,60.6489,232.2621,0.2612,-0.1331,11.1246,60.7325,232.8136,0.261,0.1849
2015-03-20T01:44:59.029Z,6.9264,68.7032,231.775,0.2964,0.1026,-7.9733,61.2094,232.6678,0.2637,-0.135,11.0094,63.4976,232.7731,0.2727,0.1751
2015-03-20T01:45:59.293Z,6.7569,69.0651,231.501,0.2987,0.1001,-7.8386,62.2274,232.2368,0.2676,-0.1278,11.613,64.5353,233.4434,0.2763,0.1811
2015-03-20T01:46:59.799Z,6.466,69.6326,231.4264,0.3012,0.0934,-7.0045,62.6175,232.4302,0.2698,-0.1157,11.3484,63.6025,233.1643,0.2725,0.1797
2015-03-20T01:47:59.069Z,7.2404,68.9978,231.5807,0.2976,0.1061,-7.6959,61.1803,232.2501,0.2636,-0.1287,11.2137,63.6254,232.9244,0.2729,0.1781
2015-03-20T01:48:59.322Z,7.4159,69.4368,231.9447,0.2992,0.1077,-7.8735,61.4119,232.2286,0.2647,-0.1293,11.6878,64.3871,232.9923,0.276,0.183
2015-03-20T01:49:59.559Z,6.8585,69.0522,232.0874,0.2974,0.0993,-7.0676,60.8468,232.1557,0.2618,-0.1204,11.384,64.3012,233.0471,0.2758,0.1804
2015-03-20T01:50:59.920Z,6.4047,69.8592,231.9357,0.3013,0.0929,-7.4999,61.3179,232.0912,0.2645,-0.1246,11.2562,63.4552,232.9775,0.2722,0.1777
2015-03-20T01:51:59.066Z,6.6601,68.3173,232.1116,0.2941,0.0993,-7.7272,61.6064,232.5414,0.265,-0.1274,11.6382,64.8024,233.1464,0.278,0.1822
2015-03-20T01:52:59.309Z,6.9852,68.7487,231.7436,0.2966,0.1012,-7.489,61.7955,232.0265,0.2659,-0.1219,11.1968,64.4184,232.9099,0.2768,0.1752
2015-03-20T01:53:59.549Z,7.0925,69.1838,231.5445,0.2987,0.104,-8.098,60.7498,231.19,0.2624,-0.1355,11.6936,62.9942,232.6229,0.2708,0.1888
2015-03-20T01:54:59.959Z,7.3685,69.2653,231.4918,0.2983,0.1073,-7.331,61.1168,230.5132,0.2649,-0.1233,10.6646,62.9576,232.1935,0.2707,0.17
2015-03-20T01:55:59.487Z,6.3159,69.4022,231.1899,0.3,0.0917,-7.1184,64.0528,230.4366,0.2776,-0.1162,11.491,63.0654,232.1121,0.2717,0.1816
2015-03-20T01:56:59.730Z,7.1464,69.0168,231.6469,0.2977,0.1045,-8.2427,60.6562,230.813,0.2626,-0.138,11.423,64.0847,232.6591,0.2754,0.1791
2015-03-20T01:57:59.982Z,6.7889,69.3982,231.5545,0.2998,0.1,-8.0117,60.9072,230.4454,0.2643,-0.1345,11.0613,63.2528,232.9689,0.2721,0.1754
2015-03-20T01:58:59.371Z,6.7837,68.7999,231.4394,0.2971,0.1021,-7.1922,61.2706,230.342,0.2666,-0.1196,11.1992,63.2061,232.9542,0.2713,0.1824
2015-03-20T01:59:59.646Z,6.967,69.5238,231.5447,0.2999,0.1015,-7.4832,63.206,230.2871,0.2745,-0.1214,11.6348,64.1944,233.0848,0.2752,0.1811
