2015-01-12T00:00:59.575Z,3.2384,67.0125,232.7588,0.288,0.0484,3.1517,60.2705,229.6758,0.2624,0.0522,81.3701,100.5498,231.5761,0.4347,0.81
2015-01-12T00:01:59.776Z,2.4367,68.4162,233.093,0.2932,0.0351,2.8624,60.0437,229.0074,0.2618,0.0484,82.9521,102.9953,233.2166,0.4419,0.806
2015-01-12T00:02:59.085Z,2.9297,68.7744,233.4024,0.2943,0.0428,2.071,61.5016,227.8308,0.2696,0.0352,83.129,103.4962,233.6628,0.4428,0.8049
2015-01-12T00:03:59.298Z,2.4891,67.7098,232.4362,0.2912,0.0376,3.2866,60.602,228.6591,0.2657,0.0559,82.4792,102.0233,232.7486,0.4381,0.8104
2015-01-12T00:04:59.747Z,3.7797,68.5547,231.5074,0.296,0.0563,2.9774,60.8384,230.8491,0.2634,0.0491,82.281,102.5084,232.4334,0.4407,0.8032
2015-01-12T00:05:59.015Z,3.198,67.7046,231.7776,0.2919,0.0479,2.7367,60.3274,231.0487,0.2611,0.046,83.2098,103.3856,232.7009,0.4446,0.8061
2015-01-12T00:06:59.286Z,2.601,67.9965,232.0871,0.293,0.0385,3.1412,62.6422,231.3688,0.2705,0.0498,82.7962,103.1485,232.7649,0.4432,0.8036
2015-01-12T00:07:59.476Z,2.9297,68.9437,233.2503,0.2956,0.0425,2.9965,60.6567,228.8816,0.2652,0.0515,83.0285,103.4595,233.2411,0.4437,0.8041
2015-01-12T00:08:59.692Z,3.5741,68.7809,233.5742,0.2951,0.0519,2.5518,59.0252,227.3343,0.2592,0.0426,83.378,103.3816,232.8778,0.4441,0.8071
2015-01-12T00:09:59.030Z,3.683,69.2182,233.8483,0.2959,0.0536,2.4331,58.976,226.6774,0.26,0.04,82.1293,102.5251,232.2246,0.4412,0.8018
2015-01-12T00:10:59.306Z,3.4173,69.2846,233.9893,0.296,0.051,2.9422,59.791,229.1933,0.2608,0.05,81.5988,102.0253,231.4375,0.4408,0.8013
2015-01-12T00:11:59.553Z,2.7376,69.8905,233.1018,0.2996,0.0386,2.3641,59.3902,231.3387,0.2566,0.0404,82.6393,103.1268,232.8403,0.4429,0.8018
2015-01-12T00:12:59.911Z,2.6684,67.5085,232.1613,0.2905,0.0377,2.2564,60.4109,230.9504,0.2616,0.0413,82.6771,103.0047,232.5139,0.4434,0.8041
2015-01-12T00:13:59.221Z,2.8832,68.6547,232.4299,0.2959,0.0424,3.1284,61.7247,231.0308,0.2676,0.0513,82.4099,103.3888,232.4753,0.4443,0.7979
2015-01-12T00:14:59.656Z,3.3602,67.9287,232.723,0.2922,0.0489,3.1459,60.7304,231.0251,0.2627,0.0522,82.2036,102.358,232.6552,0.4397,0.804
2015-01-12T00:15:59.901Z,3.5878,69.1473,232.1238,0.2978,0.0525,2.9313,60.8199,230.6252,0.2637,0.049,82.0605,102.9236,231.9869,0.4433,0.7982
2015-01-12T00:16:59.160Z,3.0186,68.686,232.8553,0.2947,0.0452,2.6242,60.6828,228.2877,0.2662,0.0434,82.7823,103.2314,232.4678,0.4437,0.8032
2015-01-12T00:17:59.578Z,2.3728,69.9574,233.1512,0.2999,0.0357,3.0658,60.8164,227.4558,0.2676,0.0504,82.5949,102.5235,232.3321,0.4416,0.8059
2015-01-12T00:18:59.878Z,3.5815,67.1289,232.3827,0.2892,0.0542,2.7178,59.9868,229.9543,0.2609,0.0465,81.8103,102.1933,231.7571,0.4409,0.8026
2015-01-12T00:19:59.328Z,3.2378,67.4989,232.0432,0.2911,0.0482,3.3568,61.3359,230.3738,0.2666,0.0543,81.7584,101.554,230.8039,0.4409,0.8056
2015-01-12T00:20:59.611Z,2.7222,68.0558,232.292,0.2933,0.0396,2.9429,61.2807,230.4749,0.2659,0.0473,81.9579,101.747,231.5676,0.4393,0.8057
2015-01-12T00:21:59.802Z,3.1473,69.2628,233.5439,0.2962,0.0447,2.8301,60.3677,231.0625,0.2616,0.0459,82.5541,102.2009,232.648,0.4391,0.8085
2015-01-12T00:22:59.049Z,2.7096,68.7237,233.2175,0.2944,0.0389,2.9835,59.5244,230.8013,0.2576,0.0504,82.6631,102.6865,232.5245,0.4418,0.8067
2015-01-12T00:23:59.439Z,3.1936,68.686,233.5303,0.2939,0.0459,2.8421,62.48,231.0677,0.2704,0.0468,82.201,101.8811,232.1945,0.4392,0.8077
2015-01-12T00:24:59.749Z,45.9642,137.1204,234.0591,0.588,0.0914,50.6085,158.6676,229.0988,0.694,0.0733,271.3179,352.6879,232.8335,1.5215,0.8344
2015-01-12T00:25:59.127Z,977.3893,1451.7911,232.1481,6.2537,0.6731,990.3572,1445.7517,228.1616,6.3357,0.6847,1538.0172,2074.178,230.2382,9.0083,0.741
2015-01-12T00:26:59.507Z,1022.8257,1462.3876,231.8883,6.3061,0.6991,1050.1244,1519.3891,229.9692,6.6071,0.6911,1530.6912,2072.3096,229.2421,9.0398,0.7386
2015-01-12T00:27:59.752Z,1113.8916,1531.7134,231.6514,6.6124,0.7269,1140.39,1595.9438,229.4722,6.9547,0.7141,1611.8071,2135.3087,229.01,9.3239,0.7541
2015-01-12T00:28:59.090Z,1150.7689,1568.5076,231.5572,6.774,0.7333,1146.3903,1594.8205,228.6586,6.9738,0.7192,1638.4363,2133.8602,227.9772,9.3593,0.7691
2015-01-12T00:29:59.356Z,1118.6969,1547.4046,230.732,6.7064,0.7229,1129.8417,1564.4674,228.1641,6.8564,0.7218,1639.9953,2139.9738,228.8321,9.3511,0.7666
2015-01-12T00:30:59.646Z,1128.9396,1551.0011,230.4371,6.7306,0.7278,1148.8177,1581.3911,228.1182,6.9317,0.7267,1647.342,2147.113,228.9151,9.3799,0.767
2015-01-12T00:31:59.989Z,1146.1378,1574.5703,232.2238,6.7801,0.7281,1154.9232,1620.0633,229.7668,7.0507,0.7129,1629.1521,2142.5832,229.3094,9.3436,0.7594
2015-01-12T00:32:59.360Z,1151.6424,1564.669,232.3388,6.7343,0.7362,1186.2291,1654.7198,230.4853,7.1794,0.7171,1624.8853,2151.0303,229.1562,9.3865,0.7554
2015-01-12T00:33:59.582Z,1164.1742,1592.6084,232.7288,6.8429,0.7314,1177.4171,1628.8736,228.506,7.1282,0.7228,1663.9392,2167.7551,229.3461,9.4522,0.7672
2015-01-12T00:34:59.937Z,1174.176,1609.3189,232.7691,6.914,0.7299,1157.7404,1607.2673,227.6147,7.0611,0.7204,1671.0534,2155.0424,229.1482,9.4044,0.7761
2015-01-12T00:35:59.220Z,1178.8331,1584.7052,232.2322,6.8234,0.7433,1181.6409,1661.3816,230.329,7.2124,0.711,1615.5807,2120.9765,228.6045,9.2778,0.7608
2015-01-12T00:36:59.449Z,1168.3039,1582.4541,231.8054,6.8268,0.739,1199.0604,1660.6792,230.4493,7.2061,0.722,1643.6253,2160.6241,229.5356,9.4131,0.7594
2015-01-12T00:37:59.784Z,1094.3761,1508.3966,230.9207,6.532,0.7258,1169.0817,1623.4871,230.6208,7.0389,0.72,1593.7397,2134.7793,230.0897,9.2778,0.7466
2015-01-12T00:38:59.128Z,1098.1424,1503.849,229.56,6.5507,0.7301,1163.3542,1595.8006,229.267,6.9601,0.7289,1604.3981,2121.3127,228.9967,9.2636,0.7575
2015-01-12T00:39:59.423Z,1081.9951,1478.7587,228.456,6.4722,0.7316,1168.3478,1583.1642,228.7199,6.9218,0.7381,1604.3991,2119.6867,228.6639,9.2696,0.7573
2015-01-12T00:40:59.712Z,1073.0951,1477.5759,228.8814,6.4552,0.7257,1169.0682,1580.3039,228.7897,6.907,0.7398,1614.2504,2133.4132,229.0172,9.3149,0.7566
2015-01-12T00:41:59.049Z,1091.3067,1500.476,230.7874,6.5018,0.7272,1169.3907,1612.7612,230.0749,7.0092,0.7251,1594.8741,2123.1291,229.3609,9.2568,0.7507
2015-01-12T00:42:59.399Z,1129.8169,1532.7727,230.9264,6.6368,0.737,1203.3286,1644.9918,230.186,7.1464,0.7317,1626.3673,2147.7116,229.1266,9.3736,0.7582
2015-01-12T00:43:59.825Z,1110.3593,1513.4918,230.8973,6.5549,0.734,1197.2774,1639.9015,230.5212,7.113,0.7295,1612.4108,2143.1191,229.5295,9.3373,0.7512
2015-01-12T00:44:59.245Z,1101.9107,1514.4503,231.3103,6.5472,0.7273,1185.2984,1628.2248,230.1873,7.0724,0.7283,1613.6699,2143.3814,229.8983,9.323,0.7538
2015-01-12T00:45:59.538Z,1100.7246,1543.4577,231.799,6.6583,0.7131,1158.5478,1572.6863,227.7014,6.907,0.737,1667.2752,2170.6598,230.3088,9.4249,0.7692
2015-01-12T00:46:59.831Z,1094.5899,1529.872,231.5399,6.6073,0.7152,1157.4094,1584.5376,229.2314,6.912,0.7301,1639.1797,2153.8979,230.1316,9.359,0.762
2015-01-12T00:47:59.047Z,1132.4658,1564.1199,231.9436,6.7436,0.7236,1177.3333,1615.5398,229.6945,7.0335,0.7292,1655.3283,2165.2303,230.4318,9.3957,0.7635
2015-01-12T00:48:59.275Z,1149.7004,1578.189,231.3416,6.822,0.7285,1176.9108,1605.139,228.9016,7.0126,0.7333,1672.464,2163.8422,230.0015,9.4071,0.7717
2015-01-12T00:49:59.476Z,1141.0144,1546.63,230.7152,6.7032,0.7379,1192.943,1623.1881,229.4996,7.0724,0.7352,1643.9773,2140.9631,228.9713,9.3507,0.7683
2015-01-12T00:50:59.017Z,1152.6249,1545.6443,230.6687,6.7007,0.7458,1224.9076,1651.393,229.669,7.1898,0.7409,1650.7891,2154.527,228.6427,9.4229,0.767
2015-01-12T00:51:59.380Z,1144.2552,1553.3822,231.1923,6.7184,0.7363,1217.6342,1643.2419,229.9656,7.1458,0.7407,1664.6783,2174.2726,229.7653,9.4631,0.7664
2015-01-12T00:52:59.604Z,1155.2678,1559.3313,231.1224,6.7464,0.7412,1231.3848,1653.8279,229.7941,7.197,0.7444,1674.0734,2179.8737,229.2138,9.5102,0.7693
2015-01-12T00:53:59.907Z,1155.9879,1559.7606,231.4377,6.7397,0.741,1230.018,1657.7934,230.0107,7.2074,0.7408,1668.1267,2176.3176,229.1567,9.497,0.768
2015-01-12T00:54:59.239Z,1177.4842,1574.5684,231.419,6.8043,0.7478,1246.602,1676.0643,229.8467,7.2918,0.7434,1677.5837,2180.8603,229.1682,9.5167,0.7693
2015-01-12T00:55:59.553Z,1187.2284,1589.1414,231.6784,6.8594,0.7476,1234.5872,1672.25,229.7652,7.2779,0.7388,1673.2518,2170.5292,229.2297,9.4686,0.7701
2015-01-12T00:56:59.778Z,1197.5396,1597.6424,231.859,6.8902,0.7496,1252.7527,1686.1478,229.877,7.3346,0.7429,1687.8001,2186.7141,229.1713,9.5414,0.7708
2015-01-12T00:57:59.070Z,1191.1008,1598.6518,232.1486,6.8861,0.7448,1249.9432,1685.8276,230.2927,7.32,0.7416,1693.8969,2200.4401,229.7365,9.5776,0.7703
2015-01-12T00:58:59.379Z,1200.746,1624.02,231.3162,7.0206,0.7399,1237.0048,1645.4597,228.8138,7.1904,0.7516,1743.5773,2224.8164,229.9337,9.6761,0.7839
2015-01-12T00:59:59.719Z,1215.6883,1628.2392,231.6351,7.0294,0.7467,1244.2361,1664.4428,228.9448,7.2701,0.747,1726.7711,2206.3841,229.37,9.6194,0.7823
2015-01-12T01:00:59.959Z,1225.7642,1636.1174,232.3189,7.0422,0.7493,1255.1401,1679.7303,228.8146,7.3409,0.7476,1729.196,2209.398,229.0864,9.6439,0.7818
2015-01-12T01:01:59.378Z,1208.5551,1647.2535,231.9533,7.1015,0.7336,1247.4576,1643.9997,227.598,7.223,0.759,1784.3089,2263.6709,230.6397,9.8143,0.7889
2015-01-12T01:02:59.682Z,1219.8071,1646.8281,231.8543,7.1026,0.7407,1259.1601,1667.2429,228.3977,7.2986,0.7548,1766.9276,2249.6857,230.3006,9.7688,0.7856
2015-01-12T01:03:59.932Z,1237.4607,1645.5329,232.0331,7.0921,0.7523,1291.2813,1716.7934,230.0243,7.4633,0.7523,1747.665,2243.967,229.8144,9.7644,0.7789
2015-01-12T01:04:59.292Z,1228.906,1640.3169,232.0831,7.068,0.7495,1293.3789,1716.2397,230.2585,7.4533,0.7541,1749.8036,2250.3326,230.0323,9.7826,0.7781
2015-01-12T01:05:59.592Z,1126.106,1512.2708,232.8371,6.5029,0.678,1166.1298,1552.0502,230.3458,6.7442,0.6827,1650.073,2098.4756,230.1384,9.114,0.7951
2015-01-12T01:06:59.240Z,4.4171,67.3458,235.348,0.2864,0.0674,2.7076,60.3447,232.1464,0.2597,0.0434,64.6958,109.2091,231.0566,0.4731,0.3676
2015-01-12T01:07:59.581Z,4.7026,67.6866,234.2598,0.2888,0.0716,2.1484,60.4055,231.5973,0.2608,0.0348,3.0768,61.0758,233.1496,0.2615,0.0533
2015-01-12T01:08:59.739Z,5.5549,69.7589,233.9941,0.2982,0.0815,2.4655,60.6798,230.5899,0.2632,0.0416,3.291,61.4699,232.7422,0.2642,0.0531
2015-01-12T01:09:59.040Z,5.402,68.7772,233.7182,0.2942,0.0791,2.4767,62.5766,230.2667,0.2716,0.0391,3.1577,61.6921,232.7076,0.2654,0.0507
2015-01-12T01:10:59.494Z,5.5517,70.4688,234.282,0.3004,0.0804,2.9476,60.0202,230.0726,0.2609,0.0492,2.9966,60.6789,232.477,0.2612,0.0491
2015-01-12T01:11:59.813Z,5.5003,69.1244,233.8598,0.2955,0.08,3.097,62.1947,231.5515,0.2687,0.0515,2.8378,61.4342,233.0796,0.2636,0.0468
2015-01-12T01:12:59.085Z,5.6478,68.9474,233.7297,0.2952,0.0836,2.6732,60.5209,232.1776,0.2606,0.0458,2.8551,62.1903,233.3251,0.2668,0.0472
2015-01-12T01:13:59.411Z,5.3086,69.9552,234.1786,0.2982,0.0768,2.4444,60.9569,232.5111,0.2622,0.0391,2.6654,60.8978,233.5656,0.2608,0.0444
2015-01-12T01:14:59.709Z,5.1999,69.7487,234.4295,0.2974,0.0758,2.832,61.0673,232.8149,0.2624,0.047,2.898,60.5334,233.4543,0.2597,0.0492
2015-01-12T01:15:59.042Z,5.7994,69.5972,234.0218,0.2974,0.0837,2.634,61.8806,232.7437,0.2658,0.043,3.3781,62.5591,233.3047,0.2678,0.0548
2015-01-12T01:16:59.333Z,5.7577,70.1327,234.3259,0.2993,0.0829,2.48,61.0043,232.9178,0.2623,0.0415,2.9298,62.2901,233.4134,0.2666,0.0459
2015-01-12T01:17:59.563Z,5.242,69.9395,234.3093,0.2987,0.0754,2.6307,63.5965,232.9246,0.2725,0.0378,3.1593,61.8415,233.2271,0.2648,0.051
2015-01-12T01:18:59.818Z,4.8677,68.8518,233.5679,0.2948,0.0713,2.1103,61.7468,231.6112,0.2663,0.0348,2.9733,61.5429,232.523,0.2643,0.0488
2015-01-12T01:19:59.053Z,4.9611,69.8294,233.3863,0.2996,0.0729,2.49,60.4923,231.1106,0.2618,0.0417,3.3124,60.7602,232.376,0.2612,0.0548
2015-01-12T01:20:59.469Z,5.4282,68.0815,231.5148,0.294,0.081,2.3031,60.7514,231.271,0.2627,0.0397,3.317,61.6575,233.3084,0.2647,0.0532
2015-01-12T01:21:59.817Z,5.6702,68.963,232.6598,0.2963,0.0826,2.4318,61.6393,232.8265,0.2651,0.0385,2.811,61.5343,234.0093,0.2626,0.0472
2015-01-12T01:22:59.255Z,5.5274,69.5808,232.3822,0.2999,0.0803,2.8147,61.1553,232.504,0.2623,0.0457,3.1228,63.3969,233.7031,0.2716,0.0501
2015-01-12T01:23:59.737Z,4.8078,70.1333,233.1585,0.3005,0.0689,2.3674,61.7717,231.9257,0.2665,0.0413,3.1745,61.5451,233.5004,0.2639,0.0518
2015-01-12T01:24:59.085Z,6.1392,70.3477,234.0004,0.3007,0.0882,2.4362,61.8028,231.8968,0.2666,0.0386,2.9344,61.8032,233.6972,0.2646,0.0493
2015-01-12T01:25:59.282Z,5.6223,70.0442,233.6149,0.2999,0.0809,2.4559,62.0578,231.6785,0.267,0.0387,2.8908,61.8084,233.5238,0.2646,0.0485
2015-01-12T01:26:59.554Z,4.9059,68.9988,233.3833,0.2953,0.0738,1.9021,61.2184,231.6219,0.2641,0.0329,3.2638,63.008,233.4218,0.2703,0.0531
2015-01-12T01:27:59.884Z,5.5062,69.4876,234.4804,0.2961,0.0807,2.622,61.5372,232.3639,0.2646,0.0426,3.5623,61.7114,233.2318,0.2648,0.0584
2015-01-12T01:28:59.148Z,5.5764,69.5151,233.6638,0.2978,0.0818,2.3634,61.1667,231.3042,0.2642,0.0384,2.9109,61.8864,232.5783,0.2658,0.0484
2015-01-12T01:29:59.432Z,5.2848,69.902,233.1604,0.3,0.0787,2.6566,61.349,231.2215,0.2648,0.042,3.3436,62.1684,232.6252,0.2673,0.0539
2015-01-12T01:30:59.655Z,4.3947,69.2429,232.9868,0.2975,0.0632,2.4329,59.8721,230.9471,0.2586,0.0395,3.2556,63.2198,233.4835,0.2711,0.0514
2015-01-12T01:31:59.908Z,4.2757,69.7047,234.2349,0.2977,0.062,2.0886,61.6098,232.2762,0.2647,0.0347,3.4827,62.1311,233.4849,0.2657,0.0567
2015-01-12T01:32:59.210Z,5.6588,70.2673,234.3976,0.2999,0.084,2.5491,61.9466,229.8556,0.2697,0.0396,3.4443,61.769,233.9739,0.264,0.0557
2015-01-12T01:33:59.499Z,5.8052,69.7372,234.1165,0.2975,0.0859,2.6555,60.389,230.2568,0.2623,0.0424,3.3266,62.0624,233.7515,0.2655,0.0529
2015-01-12T01:34:59.741Z,5.7911,70.0902,233.8431,0.2993,0.0848,2.7452,61.0532,232.0742,0.263,0.0457,3.3175,61.6847,233.7685,0.264,0.0546
2015-01-12T01:36:59.346Z,4.8124,68.904,233.9313,0.2944,0.0707,2.5502,61.005,232.2268,0.2628,0.0418,3.1783,63.1043,234.2811,0.2693,0.0509
2015-01-12T01:37:59.642Z,5.6181,68.5737,233.5938,0.2933,0.0836,2.5281,61.1571,231.5381,0.2641,0.0402,2.8931,61.6707,234.0236,0.2638,0.0486
2015-01-12T01:38:59.910Z,5.4974,68.3026,232.2921,0.2942,0.0798,2.8101,61.0501,230.093,0.2653,0.0474,3.0067,61.2647,233.141,0.2631,0.0504
2015-01-12T01:39:59.140Z,5.0679,70.5325,232.2211,0.3034,0.0705,2.6623,60.3437,230.1382,0.2625,0.0451,2.7362,61.2859,233.2021,0.2623,0.0456
2015-01-12T01:40:59.492Z,4.833,66.8633,232.287,0.2881,0.0736,2.0477,62.3982,231.1486,0.2702,0.0327,3.0218,60.4314,232.699,0.2595,0.0515
2015-01-12T01:41:59.769Z,4.8781,68.4359,231.9312,0.2949,0.0745,2.7541,61.5496,230.8063,0.267,0.0441,3.2352,61.6384,233.0613,0.2643,0.0518
2015-01-12T01:42:59.050Z,5.5572,69.4286,232.5734,0.2987,0.0806,2.6534,61.6048,230.5639,0.2676,0.0431,3.327,61.9026,232.8589,0.2658,0.0551
2015-01-12T01:43:59.403Z,5.4491,69.7818,232.6825,0.3,0.0796,2.1695,61.5818,231.427,0.2661,0.0349,3.4922,61.9927,232.9924,0.2662,0.0573
2015-01-12T01:44:59.706Z,5.4157,69.3523,233.1144,0.2975,0.0789,2.3889,60.9274,232.0502,0.2622,0.0407,3.1727,61.7034,233.4599,0.2642,0.0488
2015-01-12T01:45:59.119Z,4.8299,68.8382,233.3999,0.2944,0.073,2.4554,61.142,232.1873,0.2632,0.0376,3.1162,63.0979,233.4979,0.2709,0.0498
2015-01-12T01:46:59.416Z,4.4357,68.7613,233.0398,0.2949,0.0664,2.5601,62.1024,232.4917,0.267,0.0412,3.0061,63.0188,233.4992,0.2699,0.0491
2015-01-12T01:47:59.680Z,5.8409,69.2452,233.2696,0.2968,0.0854,2.4907,60.4636,232.2512,0.2603,0.0395,3.228,61.0418,233.3046,0.2615,0.0535
2015-01-12T01:48:59.938Z,5.166,68.999,232.1189,0.297,0.0749,2.3836,61.707,231.2633,0.2668,0.0395,3.0147,63.1329,232.5487,0.2715,0.0479
2015-01-12T01:49:59.223Z,5.4254,68.6709,231.1722,0.2973,0.0803,2.5678,60.7146,231.5293,0.2624,0.0419,2.7662,62.5282,232.4098,0.2688,0.0442
2015-01-12T01:50:59.486Z,5.0448,68.0031,230.8662,0.2944,0.0737,2.7568,60.9681,232.0181,0.2631,0.0486,3.3503,61.8899,231.7286,0.2671,0.0555
2015-01-12T01:51:59.768Z,4.833,69.173,231.7918,0.2979,0.0703,2.805,61.6425,232.3132,0.2652,0.0452,3.4215,61.7099,233.1767,0.2648,0.0554
2015-01-12T01:52:59.320Z,4.4363,69.2151,232.3346,0.2981,0.0651,3.0262,61.9434,231.8713,0.2673,0.0498,2.959,61.5907,233.2399,0.2641,0.0488
2015-01-12T01:53:59.507Z,6.0015,69.723,232.9898,0.2989,0.0867,2.9314,61.6138,231.6507,0.2657,0.0486,3.1938,63.1476,233.3258,0.2702,0.0499
2015-01-12T01:54:59.973Z,5.4396,69.3142,232.7397,0.2976,0.0786,2.4134,61.4293,231.8264,0.2649,0.0379,3.222,61.4976,233.4147,0.2633,0.0517
2015-01-12T01:55:59.321Z,4.9189,69.6979,233.1874,0.2988,0.0721,2.5987,61.1442,232.0099,0.2628,0.0426,3.1211,61.3579,233.5794,0.2628,0.0512
2015-01-12T01:56:59.624Z,4.0701,69.4458,233.2778,0.2974,0.0587,2.7355,60.6216,231.6257,0.2615,0.0453,3.0885,62.2096,233.3669,0.2663,0.0488
2015-01-12T01:57:59.965Z,4.7647,68.9039,233.0005,0.2963,0.0692,2.7009,61.9512,231.4678,0.2677,0.0424,3.247,62.3592,233.2303,0.2673,0.0518
2015-01-12T01:58:59.244Z,5.0487,69.2868,233.2084,0.2972,0.0727,2.6336,60.6298,230.9388,0.2627,0.042,3.3584,62.7339,232.8584,0.2697,0.0537
2015-01-12T01:59:59.560Z,5.7066,69.7348,233.2014,0.2989,0.0832,2.3385,62.2029,230.014,0.27,0.0384,3.1293,61.0932,232.6078,0.2624,0.051
2015-01-12T02:00:59.795Z,5.4197,66.4,233.0471,0.2844,0.0829,2.531,60.2173,230.2652,0.2618,0.0431,3.5727,59.9414,232.3573,0.2579,0.0592
2015-01-12T02:01:59.223Z,4.988,68.7667,232.8441,0.2957,0.0732,2.2241,59.9682,232.2545,0.2578,0.037,3.1791,60.8421,233.4493,0.2609,0.0543
2015-01-12T02:02:59.474Z,6.0647,70.4921,232.651,0.3026,0.0881,3.1691,61.1516,232.0126,0.2637,0.0507,3.4347,62.1934,233.2249,0.2669,0.056
2015-01-12T02:03:59.917Z,5.4526,69.5866,233.1832,0.2987,0.0802,2.3247,61.1984,231.913,0.2645,0.039,3.326,62.8955,233.1615,0.2705,0.0527
2015-01-12T02:04:59.157Z,5.8977,68.8352,233.7743,0.2942,0.0874,2.596,61.8654,232.4669,0.266,0.0434,2.5282,61.7662,233.8128,0.264,0.0404
2015-01-12T02:05:59.548Z,5.0355,68.7491,233.5258,0.2946,0.0746,2.8003,61.8665,232.5443,0.2665,0.046,3.2664,62.7179,234.0813,0.2679,0.0533
2015-01-12T02:06:59.846Z,4.1499,67.6918,232.673,0.2911,0.0612,2.5232,61.0692,232.1538,0.2632,0.0414,73.7391,118.5579,233.9358,0.5075,0.3841
2015-01-12T02:07:59.317Z,5.3439,69.7433,231.7881,0.3014,0.0777,2.7564,61.3524,232.2856,0.264,0.0456,98.1379,118.143,233.3163,0.5068,0.8196
2015-01-12T02:08:59.767Z,5.5271,68.6236,231.2646,0.2966,0.081,2.1393,61.4651,231.5159,0.2655,0.0354,82.9596,103.151,232.6084,0.4433,0.8054
2015-01-12T02:09:59.155Z,4.7461,70.4917,232.8733,0.3027,0.0694,2.2653,60.1149,230.4347,0.2609,0.0376,82.225,102.3829,232.263,0.4411,0.8037
2015-01-12T02:10:59.544Z,4.2087,69.8177,233.3696,0.2984,0.0603,2.638,60.1031,229.9022,0.2615,0.0449,82.1182,102.9133,231.8974,0.4438,0.7989
2015-01-12T02:11:59.866Z,4.4804,67.9532,233.1286,0.2912,0.0673,2.2224,61.7864,231.2765,0.2674,0.0369,82.8112,103.4856,232.6218,0.4449,0.8016
2015-01-12T02:12:59.084Z,5.3222,69.3812,233.2136,0.2978,0.0772,2.7551,60.5359,231.3457,0.2611,0.0472,82.956,104.0081,232.9467,0.4462,0.7988
2015-01-12T02:13:59.357Z,5.3324,69.7427,233.0173,0.2989,0.0769,2.6021,62.6082,231.6448,0.2704,0.0422,82.8496,103.2279,232.4873,0.4441,0.8031
2015-01-12T02:14:59.594Z,5.3843,69.0961,233.1151,0.2962,0.0792,2.6166,61.9827,231.3604,0.2676,0.0411,82.6214,102.5097,232.2845,0.441,0.8067
2015-01-12T02:15:59.822Z,5.1556,69.1215,232.7459,0.297,0.0771,2.4948,61.9496,231.0764,0.2677,0.0395,82.2826,101.9024,232.0571,0.4395,0.8078
2015-01-12T02:17:59.280Z,5.5707,69.407,233.3296,0.2972,0.081,2.7422,60.9905,231.3275,0.2637,0.0442,82.8357,103.3267,232.641,0.4441,0.8028
2015-01-12T02:18:59.687Z,4.7356,69.4826,232.9373,0.2978,0.0695,2.7351,60.3587,230.7931,0.2614,0.044,82.4724,103.3095,232.5516,0.4446,0.7993
2015-01-12T02:19:59.955Z,4.8112,67.333,232.3844,0.2897,0.0723,2.4954,61.252,229.9914,0.2673,0.038,82.6803,103.0266,232.8309,0.4422,0.8027
2015-01-12T02:20:59.607Z,4.7832,68.101,231.3486,0.2941,0.0715,2.887,59.4273,229.4533,0.2587,0.0503,83.0089,103.3735,232.9678,0.4437,0.8042
2015-01-12T02:21:59.920Z,5.0247,67.4663,232.6624,0.2899,0.0759,2.452,60.1141,230.8607,0.2604,0.0396,83.1047,101.9412,232.5365,0.4389,0.8159
2015-01-12T02:22:59.227Z,4.9049,69.0506,233.161,0.2958,0.0729,2.8063,60.177,230.779,0.2608,0.0462,88.4313,109.2631,232.7056,0.4688,0.8062
2015-01-12T02:23:59.475Z,3.0246,69.1103,233.0911,0.2968,0.0439,2.959,59.1889,230.7879,0.2565,0.0502,138.5916,157.8783,232.3352,0.6791,0.8588
2015-01-12T02:24:59.722Z,3.1879,69.4538,234.0209,0.2974,0.046,2.5345,61.6695,230.8563,0.267,0.0404,82.4341,103.2867,232.3814,0.4446,0.7992
2015-01-12T02:25:59.009Z,2.411,68.7191,234.0946,0.293,0.0361,2.8853,59.0092,231.113,0.255,0.05,82.6472,102.9664,232.599,0.4428,0.805
2015-01-12T02:26:59.289Z,3.2907,68.852,233.5369,0.2942,0.0491,3.2597,59.9751,230.7158,0.2599,0.0587,82.5979,102.9209,231.9227,0.4443,0.8036
2015-01-12T02:27:59.540Z,3.4071,70.1833,233.8382,0.3001,0.0486,3.299,61.9987,230.5518,0.2686,0.0507,82.4787,103.2662,231.8786,0.4452,0.7997
2015-01-12T02:28:59.836Z,2.4937,68.7959,233.0649,0.2957,0.0375,2.9221,59.6593,230.359,0.2588,0.0502,81.5182,101.8971,231.5627,0.4396,0.8005
2015-01-12T02:29:59.012Z,2.9812,67.7655,232.709,0.2913,0.0453,2.9329,60.3645,230.1803,0.2621,0.0474,81.8927,101.6509,230.8709,0.44,0.8067
2015-01-12T02:30:59.305Z,2.9012,67.7211,232.7722,0.2911,0.0435,2.7598,61.1993,230.5503,0.2661,0.0473,80.6817,100.3979,230.2286,0.4358,0.8045
2015-01-12T02:31:59.523Z,2.9155,69.0589,233.897,0.2951,0.0426,2.9876,61.238,231.3795,0.2645,0.0497,82.7025,102.7232,232.2242,0.4423,0.8053
2015-01-12T02:32:59.947Z,2.6755,68.7488,233.943,0.2936,0.0389,3.0547,60.1849,231.3078,0.2605,0.0512,82.7118,102.7041,232.0918,0.4424,0.8066
2015-01-12T02:33:59.424Z,2.8873,69.0331,233.6582,0.2957,0.042,3.3106,61.8086,231.1254,0.2676,0.0517,82.8821,103.7177,232.3943,0.4458,0.8004
2015-01-12T02:34:59.816Z,2.8123,70.5596,233.7154,0.3016,0.0404,2.9027,60.672,231.6715,0.2616,0.0492,83.1062,102.9051,233.1177,0.4422,0.8085
2015-01-12T02:36:59.169Z,2.9549,69.0991,233.8781,0.2951,0.0431,2.5493,60.228,231.5413,0.2605,0.0438,83.197,103.2392,233.2067,0.4429,0.8073
2015-01-12T02:37:59.458Z,3.7214,69.0897,233.8791,0.2952,0.0543,2.5157,61.1158,230.9813,0.2646,0.0418,82.9436,103.4755,233.041,0.444,0.8025
2015-01-12T02:38:59.774Z,3.4654,68.9478,233.4378,0.2946,0.0498,2.9425,59.7984,230.3276,0.2588,0.0503,82.3507,103.6888,232.3492,0.447,0.7954
2015-01-12T02:39:59.114Z,2.992,68.9539,232.5937,0.2962,0.0438,2.4714,61.8803,231.2672,0.2674,0.0401,81.7746,101.3761,231.4494,0.438,0.8077
2015-01-12T02:40:59.398Z,2.7679,68.4966,232.3003,0.295,0.0426,2.9041,60.1686,231.546,0.2598,0.0478,81.5641,101.2313,231.0079,0.4385,0.807
2015-01-12T02:41:59.668Z,3.022,69.957,233.2557,0.2993,0.043,2.5225,62.2067,231.7365,0.269,0.042,82.1329,101.8489,231.8609,0.4388,0.807
2015-01-12T02:42:59.009Z,3.3062,69.5706,233.3771,0.2986,0.047,2.4157,60.9021,232.0881,0.2622,0.0418,82.1339,102.2452,231.9702,0.441,0.8047
2015-01-12T02:43:59.218Z,3.1121,69.0358,233.1982,0.2959,0.0463,2.8555,61.9414,231.7713,0.2671,0.0465,82.2765,103.0478,231.8324,0.4441,0.7992
2015-01-12T02:44:59.482Z,3.0647,69.5051,233.4811,0.2975,0.044,2.8101,61.6551,231.9686,0.2664,0.0451,82.4167,102.9452,232.0558,0.4438,0.8024
2015-01-12T02:45:59.698Z,3.0664,69.8146,233.7671,0.2985,0.0451,3.2214,62.2962,232.1625,0.2687,0.0525,82.4065,102.2502,232.2277,0.4401,0.8063
2015-01-12T02:47:59.209Z,3.0301,69.7424,233.6125,0.2987,0.0447,2.9454,61.5549,232.2198,0.2655,0.0477,82.1543,102.2536,232.1039,0.4406,0.8046
2015-01-12T02:48:59.563Z,2.8092,68.7421,233.3544,0.2945,0.0408,2.7023,61.7711,231.3721,0.2667,0.042,81.8023,102.0837,231.3508,0.4409,0.8024
2015-01-12T02:49:59.767Z,2.6257,69.279,233.226,0.2973,0.0379,2.8337,61.2275,230.8629,0.2657,0.0471,82.1692,102.404,231.636,0.4421,0.8032
2015-01-12T02:50:59.217Z,3.0137,68.6619,232.6526,0.2948,0.0442,2.9993,61.8946,230.6161,0.2682,0.0474,82.0011,101.7748,231.9368,0.439,0.8066
2015-01-12T02:51:59.406Z,2.5257,70.027,233.7825,0.2993,0.037,2.7825,62.2439,231.9333,0.2688,0.0454,82.9567,102.6761,232.3238,0.4418,0.8103
2015-01-12T02:52:59.684Z,2.9696,69.6379,233.5202,0.298,0.0434,2.9496,61.3534,232.3016,0.2637,0.0484,82.5463,102.309,232.5198,0.4398,0.807
2015-01-12T02:53:59.945Z,3.4571,69.2992,232.6473,0.2977,0.0491,3.0431,61.934,232.1637,0.2667,0.0486,82.4849,103.3847,232.2934,0.4453,0.7993
2015-01-12T02:54:59.243Z,4.033,67.9289,232.7513,0.292,0.0599,2.6418,62.0312,232.597,0.2667,0.0421,82.1789,102.5116,232.5446,0.4407,0.8019
2015-01-12T02:55:59.493Z,3.6569,67.86,232.8742,0.2911,0.0531,2.613,59.0688,232.1379,0.2549,0.0468,81.8226,102.8501,232.0047,0.4434,0.7978
2015-01-12T02:56:59.873Z,3.0367,69.3062,233.4917,0.2964,0.0457,3.355,61.0598,231.7282,0.2634,0.055,82.0073,102.3568,231.8786,0.4413,0.8022
2015-01-12T02:57:59.184Z,2.9688,68.7594,233.1753,0.2948,0.0436,2.9706,61.0912,231.94,0.263,0.0483,82.1172,102.695,231.901,0.4429,0.8014
2015-01-12T02:58:59.436Z,2.6956,69.209,233.2504,0.2975,0.0378,2.7923,60.2899,228.4687,0.2637,0.0447,82.9455,103.6919,232.4947,0.4457,0.8007
2015-01-12T02:59:59.771Z,2.9768,68.7076,233.3014,0.2944,0.0421,2.7737,61.0525,228.3248,0.2676,0.0456,82.7464,102.2848,232.7816,0.439,0.8093
2015-01-12T03:00:59.026Z,3.2487,66.4642,233.2261,0.2846,0.0506,2.571,58.9153,230.3224,0.2557,0.0447,90.3516,110.2896,231.2731,0.4768,0.8134
2015-01-12T03:01:59.498Z,535.8397,841.7295,232.1316,3.6349,0.4215,583.6096,940.5126,231.1824,4.0699,0.4163,982.7516,1358.5759,230.4199,5.907,0.7809
2015-01-12T03:02:59.028Z,907.4899,1357.8013,230.7824,5.883,0.6687,969.2054,1449.2257,230.4217,6.2891,0.669,1427.4218,1999.3461,229.4212,8.7144,0.7131
2015-01-12T03:03:59.295Z,994.6441,1437.4412,231.0273,6.2219,0.6916,1046.3353,1515.0813,230.1897,6.5816,0.6906,1513.3193,2069.8682,229.8391,9.0057,0.7304
2015-01-12T03:04:59.659Z,993.0452,1441.6563,231.3489,6.2317,0.689,1041.2142,1513.9888,230.1707,6.5773,0.6876,1511.9593,2065.7022,230.0931,8.9776,0.7311
2015-01-12T03:05:59.908Z,976.566,1417.1919,231.2553,6.1281,0.689,1038.4972,1516.3187,230.5361,6.5769,0.6848,1483.2268,2044.7598,229.5079,8.9091,0.7258
2015-01-12T03:06:59.258Z,1001.6603,1440.86,231.9732,6.2117,0.6952,1042.6068,1536.0519,230.9731,6.6502,0.6793,1484.1594,2036.4989,229.1931,8.8851,0.729
2015-01-12T03:07:59.541Z,1009.641,1455.9671,232.0824,6.2733,0.6936,1039.6926,1521.3853,229.8437,6.6177,0.6838,1505.8828,2043.4389,229.4172,8.9072,0.7363
2015-01-12T03:08:59.840Z,1005.1398,1464.4824,231.7992,6.3174,0.6861,1032.7489,1477.6037,227.169,6.5043,0.6986,1550.7641,2064.2913,229.3924,8.9987,0.7503
2015-01-12T03:09:59.175Z,1022.1515,1491.1034,232.4413,6.4151,0.6853,1023.2685,1467.6204,226.6033,6.4763,0.697,1568.4808,2064.1745,229.1371,9.0087,0.7596
2015-01-12T03:10:59.467Z,1024.239,1474.7362,232.1794,6.3517,0.6947,1033.8358,1494.1794,227.9384,6.5543,0.6918,1537.1584,2042.8412,228.4876,8.9404,0.7536
2015-01-12T03:11:59.769Z,216.9866,361.2084,233.4213,1.5538,0.1895,217.5616,363.7359,231.3912,1.5858,0.1777,405.4141,534.6548,231.3504,2.3327,0.8074
2015-01-12T03:12:59.020Z,330.7258,613.4576,233.0255,2.6391,0.2966,379.3688,695.8306,230.612,3.0297,0.2945,455.3428,761.593,231.4019,3.3004,0.7017
2015-01-12T03:13:59.441Z,3.668,69.0583,233.3732,0.296,0.0539,3.1145,61.6539,231.683,0.266,0.0516,252.2172,291.0385,231.4914,1.2591,0.8446
2015-01-12T03:14:59.869Z,807.1141,1147.7057,232.6547,4.9408,0.5631,837.9307,1221.1813,230.461,5.3093,0.5433,1305.9698,1754.2144,228.9747,7.6726,0.7722
2015-01-12T03:15:59.305Z,1005.627,1447.5387,231.7229,6.2465,0.6944,1059.6226,1523.893,228.7762,6.6599,0.6953,1514.7262,2049.9592,229.3591,8.938,0.7385
2015-01-12T03:16:59.629Z,987.0223,1452.7659,231.9966,6.2614,0.6793,1018.8816,1473.4403,227.3286,6.4817,0.6914,1524.0384,2042.6494,229.913,8.8842,0.7456
2015-01-12T03:17:59.967Z,1036.9419,1470.279,231.5884,6.3484,0.7053,1075.1159,1549.4254,229.5441,6.7499,0.6937,1517.5906,2044.0789,229.1891,8.9187,0.742
2015-01-12T03:18:59.257Z,1028.9985,1462.5756,231.1425,6.3273,0.703,1059.0947,1528.9518,229.1426,6.6728,0.693,1513.5775,2031.5869,228.9826,8.8717,0.7455
2015-01-12T03:19:59.540Z,1033.8418,1465.884,230.987,6.3467,0.705,1052.7259,1520.2643,228.954,6.64,0.6923,1513.0449,2021.4052,228.4199,8.8493,0.7491
2015-01-12T03:20:59.757Z,1029.5104,1460.578,231.2469,6.3158,0.7043,1041.8396,1519.9586,229.277,6.6294,0.6859,1494.5193,2002.7611,228.1202,8.7793,0.7466
2015-01-12T03:21:59.066Z,1027.3866,1476.608,231.7261,6.3726,0.6957,1042.0187,1523.8813,229.8643,6.6294,0.684,1509.6381,2029.3726,229.5679,8.8393,0.7436
2015-01-12T03:22:59.284Z,973.8262,1438.1054,231.8892,6.2017,0.6769,994.6278,1487.2256,230.0169,6.4654,0.6692,1465.5799,1999.4161,230.318,8.6811,0.7326
2015-01-12T03:23:59.597Z,959.2212,1425.7842,231.6764,6.154,0.6727,991.2818,1475.7492,229.88,6.42,0.6714,1464.8234,2001.4478,230.4224,8.6861,0.7308
2015-01-12T03:24:59.859Z,952.8223,1418.9637,231.5609,6.1278,0.6713,983.4433,1465.3241,229.5747,6.3826,0.6712,1459.3247,1991.1421,230.1421,8.6518,0.7318
2015-01-12T03:25:59.232Z,961.4118,1415.9066,231.2647,6.1223,0.6795,1012.4881,1484.4115,229.95,6.4551,0.682,1470.3035,2006.6825,229.8975,8.7282,0.7317
2015-01-12T03:26:59.890Z,950.0253,1404.6948,231.1957,6.0758,0.6765,999.3234,1469.124,229.522,6.401,0.6807,1461.558,1995.1008,229.7999,8.6818,0.7326
2015-01-12T03:27:59.164Z,980.303,1438.5034,231.6705,6.2093,0.6815,1004.2573,1476.2368,229.0905,6.4439,0.6807,1485.9395,2005.2708,230.0939,8.7149,0.7405
2015-01-12T03:28:59.354Z,969.9007,1426.9551,231.4756,6.1647,0.6797,989.7358,1466.4869,229.0111,6.4028,0.6748,1464.9117,1983.2241,229.773,8.6308,0.7388
2015-01-12T03:29:59.709Z,993.6469,1432.1198,231.1568,6.1952,0.6934,1019.8533,1495.1139,229.4253,6.5166,0.6827,1473.5451,1989.0194,229.1781,8.6796,0.741
2015-01-12T03:30:59.980Z,995.1471,1416.8983,230.9296,6.1357,0.7019,1011.3824,1497.6382,229.6188,6.5222,0.6757,1438.8078,1946.1403,227.8084,8.5428,0.7393
2015-01-12T03:31:59.313Z,995.6551,1434.5311,231.3912,6.1997,0.6935,1032.216,1509.6034,230.1337,6.5593,0.6838,1474.3622,1999.8085,229.2904,8.7217,0.738
2015-01-12T03:32:59.531Z,983.2893,1424.4952,231.626,6.1499,0.6899,1028.1517,1508.5101,230.0466,6.557,0.6819,1466.3942,1997.5436,229.7268,8.6952,0.7337
2015-01-12T03:33:59.811Z,1009.0304,1455.9053,232.0918,6.2732,0.6924,1031.8539,1511.7613,229.8084,6.5782,0.6829,1491.4389,2008.9342,229.7321,8.7443,0.7423
2015-01-12T03:34:59.154Z,1002.7832,1450.4973,231.562,6.2634,0.6914,1019.1233,1491.9155,229.2605,6.5075,0.6827,1492.2341,2002.1283,229.4455,8.7263,0.746
2015-01-12T03:35:59.431Z,993.9317,1442.2571,231.7593,6.2231,0.689,1003.6017,1482.9791,229.2964,6.4676,0.677,1474.008,1982.9009,229.3328,8.6467,0.7428
2015-01-12T03:36:59.837Z,1013.8703,1457.5527,231.5576,6.2942,0.6951,1032.7488,1500.4318,229.3667,6.5414,0.6885,1505.0824,2010.1622,229.3514,8.7642,0.7491
2015-01-12T03:37:59.062Z,1026.8156,1467.5248,231.6556,6.3349,0.6992,1045.5208,1514.276,229.4715,6.599,0.6906,1512.0613,2020.0367,229.4536,8.8032,0.7488
2015-01-12T03:38:59.475Z,1007.0117,1438.7361,231.0377,6.2271,0.7,1028.5422,1493.6329,229.1109,6.5191,0.6886,1487.3539,1988.5936,228.5892,8.6996,0.7481
2015-01-12T03:39:59.747Z,1021.6268,1456.4823,231.2694,6.2973,0.7008,1049.4461,1507.8977,228.9584,6.5862,0.6963,1513.8648,2018.8479,229.1042,8.8119,0.7509
2015-01-12T03:40:59.036Z,1017.7799,1456.5215,229.9585,6.3342,0.699,1061.2039,1499.1384,228.6796,6.5554,0.708,1540.4036,2046.5556,229.7458,8.9079,0.7533
2015-01-12T03:41:59.389Z,997.8359,1425.3903,230.1634,6.1924,0.7007,1067.683,1520.3428,229.8892,6.613,0.7023,1501.3681,2031.6064,229.9339,8.8351,0.7394
2015-01-12T03:42:59.766Z,1013.9887,1430.5958,230.1253,6.2166,0.7088,1097.2429,1549.3418,230.2499,6.7287,0.7082,1511.0913,2044.7078,229.8859,8.8951,0.7389
2015-01-12T03:43:59.116Z,1031.6866,1454.5489,230.8317,6.302,0.7087,1095.9571,1553.0333,230.149,6.7475,0.7057,1522.8439,2048.0994,229.8438,8.9102,0.742
2015-01-12T03:44:59.417Z,1035.0712,1458.725,231.4036,6.304,0.71,1084.125,1548.8969,229.909,6.7368,0.7002,1514.1949,2033.4709,229.4213,8.863,0.7446
2015-01-12T03:45:59.684Z,1060.3994,1470.5348,231.6942,6.347,0.7212,1101.8372,1575.1998,229.91,6.8512,0.6997,1510.4656,2023.5319,228.632,8.8503,0.7476
2015-01-12T03:46:59.909Z,1037.7591,1450.799,231.4627,6.2679,0.7159,1079.9729,1550.0858,229.6118,6.7509,0.697,1494.8104,2007.121,228.7092,8.7756,0.7447
2015-01-12T03:47:59.201Z,1018.089,1445.4567,230.8185,6.2621,0.7038,1072.3239,1524.7802,229.2833,6.6502,0.7033,1514.331,2030.1702,229.2497,8.8556,0.7465
2015-01-12T03:48:59.519Z,1014.6844,1444.485,230.478,6.2676,0.7023,1060.2192,1502.3207,228.3552,6.5786,0.7059,1523.074,2027.2101,229.0908,8.8488,0.7509
2015-01-12T03:49:59.689Z,1016.5254,1450.5003,230.3402,6.2972,0.7012,1057.341,1496.8829,228.3266,6.5557,0.7061,1530.5958,2031.6314,229.1481,8.8659,0.7527
2015-01-12T03:50:59.992Z,989.4963,1436.7326,229.5941,6.2578,0.6893,1046.3864,1463.0052,227.971,6.4176,0.7152,1549.6747,2051.6904,229.6097,8.9354,0.7556
2015-01-12T03:51:59.299Z,998.3481,1442.0377,230.5689,6.2545,0.6931,1051.0484,1492.7555,229.171,6.5134,0.7036,1526.0193,2037.5139,229.5583,8.8758,0.7494
2015-01-12T03:52:59.552Z,1031.5987,1467.7841,231.3053,6.3456,0.7031,1077.1383,1527.7118,229.5647,6.6549,0.705,1538.7213,2050.0071,229.44,8.9342,0.7498
2015-01-12T03:53:59.885Z,1060.0386,1518.3897,231.97,6.5454,0.6982,1083.9319,1511.3227,227.492,6.6424,0.7174,1612.9183,2102.0358,230.0492,9.1373,0.7668
2015-01-12T03:54:59.225Z,1028.271,1488.0053,231.8274,6.4185,0.6915,1055.4828,1493.9402,227.7061,6.5607,0.7072,1571.5725,2069.1364,230.2013,8.9881,0.7592
2015-01-12T03:55:59.484Z,1009.1319,1445.69,231.5488,6.2437,0.6987,1054.0973,1511.7428,229.4359,6.5889,0.6973,1508.3547,2022.7146,229.274,8.8221,0.7464
2015-01-12T03:56:59.872Z,1025.2544,1460.9688,231.6582,6.3061,0.7018,1067.4788,1521.966,229.232,6.6391,0.7012,1525.5939,2037.4667,229.4996,8.8779,0.7487
2015-01-12T03:57:59.130Z,1070.9293,1494.7555,231.1668,6.4664,0.7164,1122.6489,1561.268,229.2128,6.8116,0.7187,1578.1852,2081.2906,229.1198,9.0838,0.7593
2015-01-12T03:58:59.396Z,1052.1999,1474.3287,231.0489,6.3806,0.7139,1108.5508,1546.7367,228.8763,6.7577,0.7164,1560.4632,2064.1278,228.8986,9.017,0.7559
2015-01-12T03:59:59.562Z,716.5076,1032.1235,231.3664,4.4674,0.5165,754.4505,1083.2675,228.7897,4.7407,0.5138,1103.4803,1465.5033,229.0836,6.4155,0.7741
