2015-03-17T00:00:59.922Z,7.0235,66.1564,231.8801,0.2851,0.1091,-7.3293,60.6016,232.2085,0.2607,-0.1236,11.3151,62.3342,233.2463,0.2674,0.1862
2015-03-17T00:01:59.167Z,6.5527,68.5165,229.9746,0.2981,0.0955,-7.0296,61.5743,230.9396,0.2663,-0.1164,11.4437,62.558,232.6379,0.2693,0.1863
2015-03-17T00:02:59.449Z,6.2746,67.1361,229.0339,0.2933,0.0943,-7.6633,62.5809,231.2976,0.2701,-0.1253,10.7258,62.4725,232.5965,0.2687,0.173
2015-03-17T00:03:59.982Z,6.4226,67.7225,229.3858,0.2954,0.0956,-7.3718,60.9278,232.3443,0.2626,-0.1229,10.8185,62.2605,232.5665,0.2674,0.176
2015-03-17T00:04:59.351Z,6.5566,68.097,229.4471,0.2968,0.0968,-7.3164,61.4343,232.8949,0.2638,-0.1207,11.5202,63.1508,233.2324,0.2704,0.1832
2015-03-17T00:05:59.050Z,6.8967,66.5951,230.0018,0.2892,0.1082,-7.7994,61.8878,232.6458,0.2661,-0.1286,11.5949,61.4509,233.4408,0.2636,0.191
2015-03-17T00:06:59.397Z,7.2115,66.7989,230.0543,0.29,0.1117,-7.7327,61.3322,232.2568,0.2638,-0.1302,11.4266,60.1957,233.1103,0.2585,0.197
2015-03-17T00:07:59.692Z,7.3901,67.9036,229.5258,0.2959,0.1092,-7.3379,61.2065,232.1962,0.2641,-0.1215,11.5395,64.0407,232.9964,0.274,0.1836
2015-03-17T00:08:59.935Z,7.1098,68.3132,230.1957,0.2969,0.1042,-7.7116,62.6871,233.164,0.2696,-0.1247,11.5716,65.3771,234.2804,0.2792,0.1775
2015-03-17T00:09:59.305Z,7.0261,68.0497,230.0652,0.2963,0.1048,-7.4844,63.542,232.0212,0.2736,-0.1174,11.6823,64.5673,234.4016,0.2754,0.1811
2015-03-17T00:10:59.034Z,6.8519,69.1797,229.4875,0.3018,0.0998,-8.1814,62.9238,230.8478,0.2723,-0.1311,11.4552,63.7498,233.5897,0.2729,0.18
2015-03-17T00:11:59.225Z,6.6731,68.0741,230.5905,0.2957,0.0998,-7.7488,61.2156,230.3469,0.2653,-0.1292,11.0899,62.3674,233.124,0.2677,0.1799
2015-03-17T00:12:59.726Z,6.2114,69.3188,230.9596,0.3001,0.0909,-7.567,62.1733,230.8811,0.269,-0.1251,11.0125,64.7342,233.1085,0.2779,0.1718
2015-03-17T00:13:59.800Z,7.1146,69.793,230.6149,0.3025,0.1021,-7.3267,62.4736,232.019,0.2688,-0.1188,11.4666,64.051,233.8722,0.2732,0.1804
2015-03-17T00:14:59.972Z,6.9399,69.343,231.4595,0.2993,0.1007,-7.5677,63.0441,232.3877,0.271,-0.1215,11.6605,64.3385,233.7715,0.2752,0.1808
2015-03-17T00:15:59.832Z,6.4649,69.4073,232.162,0.2987,0.0941,-8.1812,61.7781,232.1955,0.2662,-0.1381,11.3184,63.8174,233.8808,0.2731,0.1795
2015-03-17T00:16:59.030Z,7.027,68.8836,233.4571,0.2949,0.1021,-7.6617,61.5586,232.4306,0.2649,-0.1292,11.4169,62.9147,234.7236,0.2679,0.1854
2015-03-17T00:17:59.350Z,7.2698,70.918,234.2157,0.3027,0.1035,-7.8535,62.434,232.6052,0.2686,-0.13,11.4011,65.4555,234.7675,0.2791,0.1762
2015-03-17T00:18:59.755Z,7.2285,71.046,234.4796,0.3027,0.1032,-7.7152,62.1669,232.7475,0.2676,-0.1254,10.9738,64.4814,234.5004,0.2748,0.1725
2015-03-17T00:19:59.911Z,7.1129,69.0017,233.6921,0.2951,0.1057,-8.006,62.9579,232.9102,0.2705,-0.1278,11.7801,65.2797,234.83,0.2777,0.1811
2015-03-17T00:20:59.180Z,6.9426,69.7458,232.6084,0.2993,0.1018,-7.5838,61.3154,231.9722,0.2645,-0.1256,11.0787,64.4434,233.4452,0.276,0.1748
2015-03-17T00:21:59.620Z,7.6359,69.1797,232.699,0.2976,0.1124,-7.2547,61.7734,232.2051,0.2663,-0.1193,11.0109,65.2018,233.5023,0.279,0.1734
2015-03-17T00:22:59.701Z,7.1467,70.5254,232.7059,0.303,0.1033,-7.6557,60.2743,231.1866,0.2608,-0.1264,11.1531,62.7071,233.6544,0.2687,0.1781
2015-03-17T00:23:59.054Z,6.9177,70.4073,232.8537,0.3019,0.1001,-7.874,60.1697,232.5813,0.2589,-0.1318,11.532,62.9662,233.6393,0.2692,0.184
2015-03-17T00:24:59.503Z,7.0453,70.5383,232.8989,0.3025,0.1,-8.0537,64.232,232.4068,0.2762,-0.1262,11.2537,64.8445,233.1585,0.2778,0.1737
2015-03-17T00:25:59.125Z,7.2828,69.1814,232.6233,0.2971,0.1063,-7.5856,61.8368,230.7826,0.2679,-0.1279,11.2453,64.0261,232.9842,0.275,0.1801
2015-03-17T00:26:59.290Z,6.9245,69.4074,233.2986,0.297,0.1,-7.8275,61.8068,230.258,0.2686,-0.1305,11.2975,64.3745,233.8356,0.2754,0.1774
2015-03-17T00:27:59.533Z,7.1356,69.9466,233.1438,0.3001,0.1033,-7.8319,64.0704,232.6738,0.2755,-0.1253,11.1049,63.3893,232.999,0.2721,0.1758
2015-03-17T00:28:59.826Z,6.7454,69.9378,233.334,0.2995,0.0966,-7.9346,62.9189,233.7673,0.2692,-0.127,11.4793,64.4202,233.3995,0.2759,0.1786
2015-03-17T00:29:59.084Z,7.0099,70.1171,233.872,0.2999,0.1002,-7.7643,63.0958,234.2364,0.2692,-0.1258,11.768,65.5006,234.4831,0.2792,0.1806
2015-03-17T00:30:59.377Z,7.3831,69.5641,233.7186,0.2975,0.1084,-7.7529,62.2554,233.2889,0.2667,-0.1257,10.9209,66.2864,234.4537,0.2829,0.1668
2015-03-17T00:31:59.607Z,6.7525,69.5552,232.9707,0.2987,0.0985,-7.4656,63.9535,233.0055,0.2746,-0.1213,11.2876,63.1766,233.9603,0.27,0.1784
2015-03-17T00:32:59.260Z,6.4504,69.2593,233.1096,0.297,0.0941,-8.1786,63.0096,233.7135,0.27,-0.1309,11.3382,63.401,232.9334,0.2722,0.1807
2015-03-17T00:33:59.520Z,7.0282,70.864,233.231,0.304,0.0996,-7.6075,63.6707,234.4721,0.2718,-0.1216,11.8095,65.0966,234.65,0.2773,0.1813
2015-03-17T00:34:59.077Z,6.9156,70.7762,232.7154,0.3039,0.0999,-7.4064,64.3589,234.5249,0.2746,-0.1183,11.0507,64.242,234.427,0.2741,0.1732
2015-03-17T00:35:59.606Z,6.1312,70.114,233.377,0.3003,0.0909,-7.5077,64.2548,234.6435,0.2741,-0.1189,11.4039,64.0168,234.1249,0.2738,0.1775
2015-03-17T00:36:59.352Z,7.1141,69.9108,234.0229,0.2984,0.1041,-7.4977,60.5604,234.7059,0.2581,-0.1283,11.2818,63.7183,233.6563,0.2731,0.183
2015-03-17T00:37:59.699Z,7.2977,70.6636,232.6183,0.3034,0.1035,-7.6038,62.9905,232.4013,0.2709,-0.1233,11.1163,62.6191,231.8513,0.2705,0.1795
2015-03-17T00:38:59.152Z,6.3624,69.5738,231.6614,0.3003,0.0924,-7.4366,61.9491,232.1843,0.2677,-0.122,11.4423,65.1338,231.8764,0.2809,0.1758
2015-03-17T00:39:59.108Z,6.4312,68.8381,231.0832,0.2974,0.0958,-7.8351,63.4116,232.0807,0.2727,-0.1235,11.4549,62.738,232.2221,0.2703,0.184
2015-03-17T00:40:59.281Z,6.9178,68.4766,230.9869,0.2959,0.1016,-7.7588,63.2718,231.5766,0.2733,-0.128,11.2741,64.1738,231.857,0.2765,0.1798
2015-03-17T00:41:59.500Z,6.6482,70.0347,230.086,0.3044,0.0963,-7.4313,62.8222,231.8421,0.2712,-0.1198,10.8549,64.1389,231.5731,0.2769,0.1702
2015-03-17T00:42:59.871Z,6.5765,68.751,229.8216,0.2991,0.0966,-7.2475,62.2458,231.1448,0.2697,-0.1198,11.1671,63.2504,231.0054,0.2732,0.1773
2015-03-17T00:43:59.453Z,6.551,68.969,230.2481,0.2988,0.0961,-7.6156,62.1921,230.9988,0.2693,-0.1243,11.3006,64.1306,231.9019,0.2762,0.178
2015-03-17T00:44:59.252Z,6.1778,68.6076,230.3865,0.2976,0.0919,-7.0143,63.2917,231.0174,0.2744,-0.112,11.5858,64.2912,232.3187,0.2769,0.1808
2015-03-17T00:45:59.689Z,6.4519,68.6694,231.0518,0.297,0.0956,-7.4023,61.8994,230.9663,0.2678,-0.1229,11.1066,63.2932,232.5499,0.272,0.1794
2015-03-17T00:46:59.607Z,7.0759,69.5953,230.6469,0.3012,0.1027,-7.2821,63.1038,230.9298,0.2733,-0.1165,11.4608,64.7529,232.0929,0.2782,0.1774
2015-03-17T00:47:59.949Z,6.9744,69.5307,231.0882,0.3004,0.101,-7.2189,61.6787,231.1509,0.2668,-0.1193,11.3797,63.27,232.2618,0.2726,0.1795
2015-03-17T00:48:59.414Z,7.0157,68.8175,232.006,0.2965,0.1014,-7.5427,62.5837,231.507,0.2702,-0.1219,10.9375,63.9154,232.482,0.2749,0.1718
2015-03-17T00:49:59.266Z,7.0251,69.588,231.3096,0.301,0.1026,-7.4131,63.2821,231.4463,0.2738,-0.1176,11.2697,63.8144,232.0894,0.2753,0.1769
2015-03-17T00:50:59.613Z,6.4796,68.4976,230.3691,0.2974,0.0957,-7.488,61.6501,230.1326,0.2682,-0.123,11.3984,64.1039,231.2896,0.2768,0.1789
2015-03-17T00:51:59.446Z,6.5522,69.8297,230.8309,0.3028,0.0947,-7.8542,62.6368,230.4123,0.2717,-0.1262,11.4297,63.9986,231.9923,0.2758,0.1802
2015-03-17T00:52:59.692Z,7.2488,69.028,230.6888,0.2992,0.1057,-7.4983,62.7679,230.3207,0.2732,-0.122,11.0335,62.6478,231.0251,0.2711,0.1778
2015-03-17T00:53:59.004Z,6.91,69.0833,231.0726,0.2991,0.1016,-7.7267,62.5053,231.309,0.2703,-0.1262,10.6094,64.2843,231.2943,0.2779,0.1671
2015-03-17T00:54:59.258Z,6.7282,69.9835,230.8585,0.3035,0.0981,-7.7411,62.741,231.7177,0.2709,-0.1247,11.6059,63.7724,231.606,0.2754,0.1814
2015-03-17T00:55:59.302Z,6.4523,68.4904,230.6509,0.2968,0.0941,-7.6588,61.6474,230.9993,0.2669,-0.1285,11.112,63.9292,232.33,0.2748,0.1746
2015-03-17T00:56:59.561Z,6.7633,69.696,230.3318,0.3025,0.0965,-7.8292,62.592,230.6143,0.271,-0.1251,11.0998,64.964,232.2309,0.2799,0.1735
2015-03-17T00:57:59.992Z,6.7379,69.0666,229.9346,0.3003,0.0993,-7.1483,62.9839,230.565,0.2733,-0.1173,11.6853,63.7327,231.9699,0.2748,0.1845
2015-03-17T00:58:59.187Z,6.9961,68.4246,229.6646,0.2982,0.1034,-7.3221,62.3542,230.1863,0.2708,-0.1197,11.3482,64.8898,231.1581,0.2816,0.1757
2015-03-17T00:59:59.547Z,6.3757,69.117,229.4225,0.3012,0.0934,-7.3062,63.4415,230.3836,0.2755,-0.1186,11.1001,63.229,231.2776,0.2735,0.1757
2015-03-17T01:00:59.013Z,6.7724,66.1732,228.8663,0.2889,0.1052,-7.8678,60.9127,230.5719,0.2643,-0.1303,10.9276,61.8833,230.9663,0.2679,0.1793
2015-03-17T01:01:59.349Z,6.6822,68.3737,228.5577,0.2988,0.0992,-7.5142,61.259,230.0312,0.2664,-0.1277,10.7185,64.4553,230.4641,0.2795,0.1688
2015-03-17T01:02:59.921Z,6.1481,68.9744,228.273,0.3024,0.0889,-7.6351,60.9827,229.5536,0.2657,-0.1276,10.5642,63.4721,231.1859,0.2747,0.1684
2015-03-17T01:03:59.730Z,6.5067,69.3154,229.9052,0.3023,0.0954,-7.6918,64.097,231.0578,0.2775,-0.1212,11.0925,63.4713,231.2051,0.2747,0.1751
2015-03-17T01:04:59.165Z,6.7873,68.4024,229.6209,0.2978,0.0998,-8.2226,61.6318,231.0908,0.267,-0.1344,10.9211,64.4624,231.3122,0.278,0.1697
2015-03-17T01:05:59.478Z,6.8879,68.3831,229.4174,0.2979,0.1023,-7.8999,62.7156,230.5136,0.2718,-0.1285,11.4757,62.4124,230.4874,0.2704,0.1852
2015-03-17T01:06:59.340Z,6.84,68.8547,230.3424,0.2995,0.0997,-7.434,61.249,230.6216,0.2649,-0.1236,10.9233,64.1018,230.0112,0.2791,0.174
2015-03-17T01:07:59.564Z,5.9338,69.1542,229.8535,0.3009,0.0859,-7.6232,61.9829,230.5536,0.2684,-0.1242,10.6824,63.9007,229.3242,0.278,0.1681
2015-03-17T01:08:59.807Z,5.1653,68.9226,230.2086,0.2992,0.0748,-7.532,62.6253,230.8619,0.2714,-0.1205,10.8474,63.612,229.724,0.2767,0.1733
2015-03-17T01:09:59.711Z,5.5816,68.0748,229.8434,0.2962,0.0836,-6.7674,61.4544,230.7004,0.2662,-0.1135,11.0265,62.5724,229.6531,0.272,0.178
2015-03-17T01:10:59.047Z,5.2328,68.0388,229.2933,0.2962,0.079,-7.129,60.3348,229.5418,0.263,-0.1179,10.7261,64.626,229.212,0.2818,0.1684
2015-03-17T01:11:59.866Z,5.6652,68.8811,229.9009,0.2998,0.0834,-7.3168,62.5728,229.5782,0.2722,-0.1179,10.8988,64.0834,229.7213,0.2793,0.1708
2015-03-17T01:12:59.525Z,5.078,69.0532,231.0602,0.2989,0.0737,-7.0324,62.0824,229.8689,0.2702,-0.114,10.7451,63.83,230.3724,0.2772,0.1708
2015-03-17T01:13:59.864Z,5.3558,69.1338,230.6347,0.2999,0.0789,-7.2288,62.3811,232.1307,0.2687,-0.117,11.1248,64.954,232.3312,0.2799,0.174
2015-03-17T01:14:59.507Z,5.8124,67.8282,230.8743,0.294,0.0884,-6.7534,63.109,232.8799,0.2711,-0.1096,10.9069,63.7881,232.8849,0.2738,0.1721
2015-03-17T01:15:59.790Z,5.1632,67.9016,231.174,0.2942,0.0763,-7.593,63.2073,233.5035,0.2707,-0.1237,11.4713,64.6073,233.4048,0.2773,0.182
2015-03-17T01:16:59.017Z,5.4737,69.5574,231.1219,0.301,0.0804,-6.9249,63.0791,232.5373,0.2718,-0.1109,11.2965,63.9712,232.7588,0.2746,0.1776
2015-03-17T01:17:59.379Z,5.909,69.3607,231.2845,0.2997,0.086,-6.6303,63.4482,231.7288,0.2738,-0.1067,11.2492,65.4946,232.3176,0.2816,0.1726
2015-03-17T01:18:59.286Z,5.1788,69.4558,230.8398,0.3009,0.0765,-7.3891,65.1793,230.8941,0.2823,-0.1122,11.6655,63.0916,231.6444,0.2722,0.1846
2015-03-17T01:19:59.621Z,5.0586,69.2916,230.7425,0.3003,0.0746,-7.6811,61.818,230.6746,0.2676,-0.1266,10.9819,63.3438,231.4982,0.2733,0.1737
2015-03-17T01:20:59.782Z,5.0449,68.2089,229.9854,0.2965,0.0746,-7.3076,61.2721,230.1212,0.2665,-0.1226,11.3147,63.873,231.2289,0.2757,0.179
2015-03-17T01:21:59.663Z,5.4891,67.5898,229.9844,0.2938,0.0807,-7.4716,62.4374,229.7937,0.2714,-0.1222,10.8884,64.5589,230.8401,0.2795,0.1702
2015-03-17T01:22:59.997Z,5.659,68.6631,230.3593,0.2982,0.0833,-7.4422,62.7521,228.753,0.2747,-0.1203,11.5186,63.4048,230.2523,0.2756,0.183
2015-03-17T01:23:59.257Z,5.386,69.9228,229.292,0.305,0.0774,-7.0249,61.7487,229.4143,0.2688,-0.1133,11.3003,64.62,230.5998,0.2801,0.1757
2015-03-17T01:24:59.225Z,5.4296,68.3674,229.9277,0.2971,0.0802,-7.3922,61.7375,229.6838,0.2686,-0.1251,11.2405,62.3126,230.6229,0.2702,0.1856
2015-03-17T01:25:59.546Z,4.8827,68.5938,230.3115,0.2981,0.073,-6.9762,61.8149,230.0545,0.2689,-0.1157,11.0489,62.6533,231.0279,0.2714,0.1798
2015-03-17T01:26:59.811Z,5.2955,69.5611,229.8075,0.3024,0.0767,-7.3479,61.5847,229.6926,0.2678,-0.1187,10.9198,65.3816,231.3513,0.2828,0.1672
2015-03-17T01:27:59.086Z,5.0161,68.2866,229.2459,0.2983,0.0733,-6.8098,59.5659,229.1167,0.2603,-0.1158,11.3418,64.966,230.7309,0.2814,0.176
2015-03-17T01:28:59.761Z,5.4446,68.9446,230.254,0.2998,0.0799,-6.9932,61.0216,230.0608,0.265,-0.1152,11.5268,63.2907,231.3959,0.2732,0.1827
2015-03-17T01:29:59.262Z,5.7301,69.0804,230.9158,0.2988,0.0841,-7.7213,62.4299,227.0052,0.2748,-0.1244,11.4219,63.5279,232.3494,0.2734,0.1803
2015-03-17T01:30:59.498Z,5.6386,68.8744,230.2595,0.2989,0.0829,-7.7002,59.8814,228.2143,0.2626,-0.1322,11.1974,63.9095,231.1686,0.2765,0.176
2015-03-17T01:31:59.235Z,5.3501,68.4072,231.332,0.2957,0.0786,-7.1183,63.1241,230.0826,0.2741,-0.1141,11.0267,64.4679,230.9371,0.2793,0.173
2015-03-17T01:32:59.852Z,5.4553,68.9991,231.1908,0.2985,0.0807,-7.2732,62.3498,229.7098,0.2715,-0.1165,11.3666,62.8725,230.6874,0.2722,0.1813
2015-03-17T01:33:59.150Z,5.8243,69.5988,232.6363,0.299,0.0849,-7.673,62.1703,231.1337,0.2689,-0.1237,11.1726,64.7648,233.1766,0.2778,0.1744
2015-03-17T01:34:59.409Z,5.3893,69.5608,232.4422,0.2997,0.078,-7.391,63.9598,231.4562,0.2763,-0.114,11.2125,64.3015,232.6291,0.2759,0.1742
2015-03-17T01:35:59.860Z,5.5914,68.0327,231.8044,0.2937,0.0821,-6.8762,61.4089,231.4651,0.2652,-0.1182,11.1786,63.9953,231.5681,0.277,0.1792
2015-03-17T01:36:59.271Z,5.592,69.4198,230.8144,0.3011,0.081,-7.096,60.2743,231.6886,0.2601,-0.1186,11.5506,64.5322,232.0847,0.2777,0.1817
2015-03-17T01:37:59.136Z,4.8285,67.2604,231.1858,0.291,0.0729,-7.0944,62.5936,232.1482,0.2698,-0.1135,11.4129,65.9743,233.0201,0.2833,0.1752
2015-03-17T01:38:59.405Z,5.8225,70.2695,230.7169,0.3044,0.0831,-7.6885,62.3768,231.6144,0.269,-0.1248,11.3368,65.0518,232.9678,0.2796,0.1779
2015-03-17T01:39:59.751Z,6.7665,67.9367,230.397,0.2948,0.1,-7.7743,61.3038,230.9663,0.2653,-0.1311,11.399,62.733,232.8433,0.2691,0.1882
2015-03-17T01:40:59.394Z,6.3701,69.1648,229.6679,0.3011,0.0937,-7.549,63.2382,230.4396,0.2746,-0.1217,11.3758,65.0207,232.3868,0.2793,0.1762
2015-03-17T01:41:59.378Z,6.4456,68.9719,229.5484,0.3004,0.0937,-7.4673,61.5608,230.4427,0.267,-0.1214,11.2715,64.3781,232.2058,0.2777,0.1758
2015-03-17T01:42:59.645Z,7.1611,68.3833,230.181,0.297,0.1062,-7.6716,62.7948,231.2522,0.2714,-0.1233,11.2413,64.206,232.4916,0.276,0.176
2015-03-17T01:43:59.291Z,6.4192,68.5004,230.1311,0.2978,0.0957,-7.4497,62.6017,230.7186,0.2717,-0.1207,11.2102,64.7609,232.5849,0.2777,0.1748
2015-03-17T01:44:59.070Z,6.9515,69.339,230.8327,0.3007,0.1023,-8.0689,60.2957,231.1054,0.2609,-0.133,11.5418,62.4598,233.0963,0.2686,0.1847
2015-03-17T01:45:59.367Z,6.607,70.2548,231.017,0.3035,0.0945,-8.0764,62.7923,231.2753,0.2718,-0.1288,11.3638,63.4679,232.897,0.2723,0.1788
2015-03-17T01:46:59.446Z,5.3569,69.852,230.7035,0.303,0.0768,-6.9204,63.3537,231.4745,0.2741,-0.1116,11.4092,64.6082,232.4842,0.2778,0.1771
2015-03-17T01:47:59.720Z,5.1446,68.5525,231.154,0.2962,0.0763,-7.1754,61.5459,231.5497,0.2658,-0.1174,11.1878,64.8941,232.6266,0.2787,0.1729
2015-03-17T01:48:59.230Z,5.5967,69.8241,230.7478,0.3024,0.0821,-7.5421,62.1291,231.0034,0.2686,-0.1216,11.3618,63.8127,232.0127,0.2751,0.1802
2015-03-17T01:49:59.504Z,5.1812,67.9385,230.9171,0.294,0.0789,-7.0709,61.6308,231.1169,0.2662,-0.1162,11.6668,62.6534,231.8579,0.2712,0.1893
2015-03-17T01:50:59.787Z,5.4744,67.6167,230.5143,0.2929,0.0833,-7.2503,62.3973,230.6334,0.2704,-0.1185,11.4547,62.8657,231.4484,0.2715,0.1827
2015-03-17T01:51:59.043Z,5.497,68.4628,229.9303,0.2977,0.0817,-7.0761,62.1296,230.1729,0.2699,-0.1168,11.3102,63.3642,230.7998,0.2743,0.1791
2015-03-17T01:52:59.512Z,5.8816,68.8098,229.8538,0.2987,0.0868,-7.2917,62.7824,229.4543,0.2734,-0.1174,11.0962,64.0643,230.7822,0.2778,0.1746
2015-03-17T01:53:59.314Z,5.1736,68.5453,230.3519,0.2972,0.0753,-7.4319,63.2531,230.443,0.2744,-0.1188,11.1499,64.0004,231.1506,0.2766,0.1772
2015-03-17T01:54:59.553Z,5.2672,67.2625,230.8833,0.2916,0.0791,-7.2071,62.71,230.9455,0.2711,-0.1168,11.2193,61.9743,231.8053,0.2675,0.1859
2015-03-17T01:55:59.254Z,5.6797,68.3949,230.5294,0.2964,0.0823,-7.2794,60.9659,230.6846,0.2648,-0.1209,10.9051,63.9736,231.5244,0.2762,0.1719
2015-03-17T01:56:59.557Z,5.2424,69.0164,230.3084,0.2997,0.0774,-7.6201,61.8599,230.6938,0.2687,-0.1267,11.8787,63.577,231.757,0.2741,0.1879
2015-03-17T01:57:59.826Z,5.5868,67.9347,230.8703,0.2943,0.0829,-7.2743,63.3054,230.9891,0.2739,-0.1127,11.1912,64.9178,232.2712,0.2798,0.1743
2015-03-17T01:58:59.086Z,5.588,69.1479,230.6898,0.2996,0.0817,-7.2527,61.6161,231.7797,0.2663,-0.1187,11.2154,64.0126,231.23,0.2766,0.1759
2015-03-17T01:59:59.734Z,5.2031,69.1662,230.6367,0.2999,0.0767,-7.3466,62.2409,231.5888,0.269,-0.1195,10.8784,62.4168,230.496,0.2711,0.179
