2015-01-18T00:00:59.969Z,2.7332,67.6843,232.3091,0.2912,0.0399,3.1124,61.573,232.6767,0.2644,0.0518,2.8316,61.4234,233.7675,0.2631,0.047
2015-01-18T00:01:59.212Z,2.6212,69.9123,232.391,0.3006,0.0371,3.1937,61.9052,232.6297,0.2663,0.0516,3.4774,63.1574,233.615,0.2703,0.0549
2015-01-18T00:02:59.442Z,2.8581,70.1932,232.4855,0.3018,0.0408,3.6124,62.5011,232.9078,0.2684,0.0578,3.616,62.7356,233.7741,0.2682,0.0568
2015-01-18T00:03:59.438Z,3.1542,69.4916,232.4874,0.2991,0.0472,3.2681,62.8537,232.9554,0.2692,0.0521,2.7907,62.988,233.7993,0.269,0.0446
2015-01-18T00:04:59.817Z,3.5295,69.3282,233.1722,0.2977,0.051,3.2362,61.2334,233.2874,0.2625,0.0549,3.2205,62.5334,234.2329,0.267,0.0502
2015-01-18T00:05:59.147Z,2.8999,69.5683,232.976,0.2985,0.0421,3.0856,62.0151,233.0411,0.2662,0.0502,2.7911,61.6784,233.997,0.2634,0.0456
2015-01-18T00:06:59.413Z,2.5364,68.9687,231.6646,0.2977,0.0365,2.6009,61.3495,231.7396,0.2647,0.0416,3.508,62.5338,232.9076,0.2685,0.0546
2015-01-18T00:07:59.684Z,2.008,69.3035,231.8165,0.2989,0.0282,2.9598,62.552,231.0857,0.271,0.0469,2.9437,62.9068,233.0635,0.2698,0.0468
2015-01-18T00:08:59.818Z,2.5126,69.1395,231.9132,0.2975,0.0382,2.9764,60.5998,229.6707,0.2634,0.0488,3.4948,60.8942,232.6968,0.2619,0.0586
2015-01-18T00:09:59.062Z,2.0613,68.2523,231.3707,0.2953,0.0304,2.922,61.864,231.0951,0.2677,0.0492,2.8317,61.7822,233.4303,0.2643,0.0459
2015-01-18T00:10:59.473Z,2.2501,69.113,231.9427,0.2978,0.0324,2.6251,60.621,228.7213,0.2649,0.0429,3.3514,62.7663,234.5484,0.2675,0.0531
2015-01-18T00:11:59.117Z,2.5205,69.7438,232.0078,0.3011,0.0354,3.0946,60.7897,230.6354,0.2634,0.0507,3.3548,62.0812,234.0835,0.2651,0.0538
2015-01-18T00:12:59.762Z,2.7675,70.0467,232.4648,0.3013,0.0403,2.8575,61.526,232.3307,0.2648,0.0474,3.2346,62.3071,233.9287,0.2667,0.0519
2015-01-18T00:13:59.082Z,2.4879,69.6001,232.4558,0.2989,0.0354,3.1641,61.1443,231.8249,0.264,0.0518,3.6339,61.2046,234.127,0.262,0.0629
2015-01-18T00:14:59.593Z,2.14,68.7909,232.1124,0.2963,0.0282,2.844,61.4257,231.481,0.2653,0.0463,2.787,62.0474,233.5696,0.2657,0.0462
2015-01-18T00:15:59.228Z,2.9144,70.8657,233.1748,0.3034,0.0414,2.5997,63.6859,232.0623,0.2741,0.0393,3.4199,61.6834,233.5092,0.2646,0.0557
2015-01-18T00:16:59.581Z,3.2071,69.7471,232.6326,0.2995,0.0467,3.2705,63.3665,231.8765,0.2738,0.0512,2.9429,61.6748,232.5934,0.2652,0.0492
2015-01-18T00:17:59.439Z,2.5403,69.8437,232.0273,0.3008,0.0374,3.0134,62.5759,231.3871,0.2707,0.0492,2.9934,61.0133,232.4876,0.2627,0.0504
2015-01-18T00:18:59.710Z,1.9545,68.417,230.6342,0.297,0.0296,3.091,62.2032,230.5403,0.2698,0.0504,2.9898,60.5134,232.3988,0.2609,0.0489
2015-01-18T00:19:59.240Z,2.1194,68.131,231.0921,0.2948,0.0321,2.9593,61.3438,232.4241,0.2639,0.0504,3.3009,62.0242,232.7777,0.2663,0.0553
2015-01-18T00:20:59.259Z,2.6462,69.3404,231.3534,0.3003,0.0384,2.9511,61.5577,232.2725,0.2651,0.0485,2.8518,61.6038,233.1235,0.2642,0.0489
2015-01-18T00:21:59.837Z,2.2641,68.9563,231.2625,0.2977,0.0347,2.877,63.1452,232.2343,0.2722,0.0466,2.7338,62.4642,233.1189,0.2687,0.0437
2015-01-18T00:22:59.098Z,2.4897,69.3282,231.4256,0.2994,0.0363,2.9625,62.4583,232.3828,0.2691,0.0489,2.6896,62.8985,232.9204,0.27,0.0431
2015-01-18T00:23:59.736Z,2.8047,68.792,231.551,0.2972,0.042,3.1153,62.6422,232.6196,0.2698,0.0492,3.0241,62.06,232.959,0.2661,0.0483
2015-01-18T00:24:59.611Z,2.3429,67.9484,231.0773,0.2946,0.0335,2.6487,60.5123,232.6923,0.2601,0.0437,3.8159,63.0802,233.7736,0.2695,0.0604
2015-01-18T00:25:59.893Z,2.0969,68.8651,231.2131,0.2981,0.03,3.0507,61.5195,232.3737,0.2651,0.0513,3.8159,60.9711,233.8462,0.2611,0.0633
2015-01-18T00:26:59.109Z,1.8519,68.6849,230.9939,0.2972,0.0276,2.9156,62.4847,231.5691,0.2699,0.0476,2.7616,62.6043,233.0453,0.2681,0.0453
2015-01-18T00:27:59.997Z,2.7905,68.0757,230.6471,0.2943,0.0412,3.2757,63.1555,231.8609,0.2721,0.0513,2.959,63.3416,233.5273,0.2711,0.0485
2015-01-18T00:28:59.388Z,2.7308,68.0937,229.7962,0.2964,0.0402,3.2866,61.7757,231.525,0.2667,0.0543,3.0377,61.6704,233.7532,0.2642,0.0507
2015-01-18T00:29:59.766Z,2.4745,67.7138,230.1748,0.2943,0.0366,2.9272,62.0205,232.3472,0.2672,0.0466,3.4947,62.3435,233.5082,0.2666,0.0563
2015-01-18T00:30:59.993Z,2.2068,67.6398,230.376,0.2929,0.0331,3.2488,63.2474,232.2179,0.2723,0.0514,3.4212,62.8178,233.2479,0.2695,0.0562
2015-01-18T00:31:59.701Z,2.6757,68.9164,230.3967,0.2992,0.0392,2.1997,63.2134,232.3979,0.2724,0.0339,3.0249,62.2254,233.3097,0.2667,0.0491
2015-01-18T00:32:59.078Z,3.5288,68.5784,230.2669,0.2972,0.051,3.0257,62.8397,229.946,0.273,0.0494,3.1471,63.5289,233.8837,0.2717,0.0513
2015-01-18T00:33:59.954Z,3.2713,68.6568,230.4071,0.2976,0.0487,2.6633,61.9159,229.7827,0.2696,0.0431,3.5282,61.3457,234.0498,0.2616,0.059
2015-01-18T00:34:59.360Z,2.5403,69.1158,230.9273,0.2989,0.0369,2.6413,61.9188,232.4212,0.2664,0.0449,3.1516,63.8417,233.7252,0.2727,0.0502
2015-01-18T00:35:59.889Z,2.1209,71.0082,231.9001,0.3062,0.0297,2.5319,59.5582,232.303,0.2557,0.0423,3.483,60.4467,233.8421,0.2587,0.0585
2015-01-18T00:36:59.974Z,2.9964,69.2087,232.0018,0.2984,0.0432,2.8408,62.3395,232.2019,0.2686,0.0474,3.1655,60.4395,232.5076,0.2602,0.0519
2015-01-18T00:37:59.487Z,3.4996,69.2984,231.717,0.2988,0.0504,2.8402,63.546,232.8347,0.2726,0.0453,3.2867,62.0074,231.8109,0.267,0.0532
2015-01-18T00:38:59.056Z,2.928,71.0558,231.7722,0.306,0.0411,2.5302,63.1764,233.2092,0.2708,0.0412,3.2124,61.0964,231.6782,0.2641,0.0506
2015-01-18T00:39:59.357Z,2.2827,69.0664,232.4047,0.2973,0.0334,3.2074,61.5046,232.8623,0.2638,0.0533,2.8415,62.0952,232.6562,0.2668,0.0455
2015-01-18T00:40:59.871Z,2.3076,69.1232,232.762,0.2966,0.0351,3.0245,61.4133,232.3998,0.2641,0.0489,3.3102,62.2274,233.1805,0.2665,0.0532
2015-01-18T00:41:59.256Z,2.8256,68.918,232.756,0.2963,0.0409,3.0023,63.6688,232.8043,0.2739,0.0483,3.6788,61.8393,233.0858,0.2654,0.0604
2015-01-18T00:42:59.760Z,3.4487,69.2087,232.5336,0.298,0.0504,3.1974,62.7326,233.0171,0.2693,0.0527,3.1326,62.9566,232.8848,0.2698,0.0496
2015-01-18T00:43:59.730Z,3.0313,69.6284,232.6111,0.2998,0.0432,3.0642,61.39,232.6627,0.2641,0.0498,2.7568,63.3586,232.9719,0.2719,0.0444
2015-01-18T00:44:59.900Z,2.3255,70.5086,233.3041,0.3022,0.0333,3.0452,62.5162,233.243,0.2679,0.0479,3.2888,62.3643,233.434,0.2674,0.0539
2015-01-18T00:45:59.115Z,2.2028,69.6634,232.8608,0.2988,0.032,2.9662,62.8374,233.0345,0.2691,0.048,3.7658,61.7451,233.1684,0.2654,0.0622
2015-01-18T00:46:59.246Z,2.6655,69.2518,231.8831,0.2985,0.0399,3.4586,62.1843,232.5789,0.2674,0.0573,3.5553,62.7662,232.9409,0.2691,0.0565
2015-01-18T00:47:59.800Z,2.7199,68.7528,231.1827,0.2972,0.0404,3.4267,61.0158,231.9849,0.2626,0.057,3.4409,62.8195,232.297,0.2703,0.055
2015-01-18T00:48:59.190Z,2.2376,68.044,231.2148,0.2939,0.0336,3.1153,61.2447,232.9098,0.2631,0.0527,3.0653,63.1998,231.7776,0.2726,0.0511
2015-01-18T00:49:59.561Z,2.5,67.9313,233.3808,0.291,0.0363,2.9126,62.1203,233.0697,0.2661,0.0473,3.5102,60.2171,233.1425,0.2582,0.0604
2015-01-18T00:50:59.982Z,2.3503,69.5835,233.6636,0.2981,0.0336,2.7189,63.0335,232.6567,0.2712,0.043,3.7253,61.3636,233.9195,0.2622,0.0621
2015-01-18T00:51:59.835Z,2.3435,68.8012,234.2729,0.2932,0.0338,2.8857,61.9531,232.819,0.2663,0.0467,2.9379,61.7709,234.014,0.2643,0.048
2015-01-18T00:52:59.099Z,2.1591,70.4758,234.0689,0.3008,0.0314,2.8434,61.6817,232.6891,0.2653,0.0442,3.3919,62.8411,233.9609,0.269,0.0533
2015-01-18T00:53:59.573Z,2.8767,68.3159,234.1908,0.2912,0.0405,2.9757,60.803,232.7318,0.2616,0.0516,3.5671,60.3838,234.6241,0.2571,0.0608
2015-01-18T00:54:59.451Z,2.1061,69.9798,234.1679,0.2986,0.03,2.9803,61.3819,232.1049,0.2641,0.0492,3.4047,63.5714,234.6458,0.2704,0.0537
2015-01-18T00:55:59.170Z,2.5641,70.6253,233.7733,0.3018,0.0362,3.1346,61.7732,231.7745,0.2662,0.0512,3.2667,63.5001,234.5913,0.271,0.0523
2015-01-18T00:56:59.425Z,2.2721,69.0604,233.3442,0.2958,0.0324,3.3277,60.2708,231.3024,0.2599,0.0549,3.3143,61.9586,234.3934,0.2645,0.0534
2015-01-18T00:57:59.199Z,2.5297,69.8721,232.5907,0.2999,0.0359,2.9119,62.6227,230.7109,0.271,0.047,3.3856,62.4802,233.8632,0.2671,0.0537
2015-01-18T00:58:59.693Z,3.2062,68.629,232.4063,0.2953,0.0488,2.5008,60.457,229.7962,0.2626,0.0419,3.4589,62.7042,233.4151,0.2685,0.0563
2015-01-18T00:59:59.525Z,2.327,70.0448,232.5207,0.301,0.0334,2.8121,61.9452,230.8279,0.2688,0.046,2.8498,62.5889,233.8954,0.2679,0.0476
