2015-05-23T00:00:59.224Z,5.8559,66.7012,232.1886,0.2871,0.0909,-7.5591,60.9236,232.1305,0.2629,-0.1254,11.9926,65.0011,233.1936,0.2792,0.1863
2015-05-23T00:01:59.672Z,7.1202,71.2019,232.4623,0.3065,0.1008,-8.2095,63.6605,232.5749,0.2735,-0.1299,11.8595,65.187,233.3984,0.2792,0.183
2015-05-23T00:02:59.993Z,6.762,69.468,232.3138,0.2985,0.0981,-7.7251,63.2085,232.5742,0.2723,-0.1242,11.7195,65.1031,233.3036,0.2792,0.1808
2015-05-23T00:03:59.384Z,6.8926,68.8246,232.136,0.2968,0.1026,-8.0942,63.5598,232.6452,0.2728,-0.1289,11.5786,64.1334,233.373,0.2747,0.1837
2015-05-23T00:04:59.129Z,6.6311,69.3915,232.3982,0.2988,0.0959,-8.5188,61.8162,232.2864,0.2658,-0.1385,11.8403,65.3086,233.6181,0.2798,0.1821
2015-05-23T00:05:59.449Z,5.9101,69.604,232.5344,0.2992,0.0847,-7.9841,63.6362,232.1752,0.2746,-0.128,11.6863,63.9279,233.3482,0.2742,0.184
2015-05-23T00:06:59.364Z,6.4002,70.3056,232.3941,0.3026,0.0925,-7.5963,64.7319,231.5544,0.2789,-0.1203,11.8367,64.0359,233.5415,0.2741,0.1867
2015-05-23T00:07:59.681Z,6.7852,69.9649,232.8384,0.3004,0.0978,-8.2721,62.7352,228.3758,0.2747,-0.1331,11.9088,66.1744,234.6312,0.282,0.1822
2015-05-23T00:08:59.972Z,6.7791,70.6359,232.8393,0.3038,0.0985,-7.6141,61.8443,229.6535,0.2692,-0.1264,12.6237,65.0312,234.0063,0.2783,0.1974
2015-05-23T00:09:59.903Z,6.6234,69.639,232.8158,0.2991,0.0968,-7.803,63.5263,231.539,0.2749,-0.1263,11.9434,64.4914,233.4243,0.2763,0.1858
2015-05-23T00:10:59.225Z,6.8146,70.4204,232.7531,0.3024,0.0992,-7.4923,63.1364,232.4002,0.2716,-0.1191,11.7742,64.7746,233.0369,0.278,0.1842
2015-05-23T00:11:59.610Z,6.4224,69.0482,231.9535,0.2977,0.0943,-7.971,63.718,232.8795,0.2738,-0.1257,12.047,63.8068,232.7657,0.274,0.1892
2015-05-23T00:12:59.353Z,6.9146,70.4254,233.197,0.3023,0.1013,-7.966,61.6156,233.2432,0.264,-0.1324,11.3708,64.6524,232.2038,0.2783,0.1791
2015-05-23T00:13:59.796Z,5.9043,70.1124,232.6324,0.3014,0.084,-7.7466,65.5246,232.9386,0.2815,-0.1226,11.8566,64.4015,231.9823,0.2775,0.1848
2015-05-23T00:14:59.317Z,6.3778,71.2836,233.2227,0.3056,0.0894,-7.8537,62.4729,233.079,0.2679,-0.1273,12.0916,64.2484,233.5212,0.275,0.1888
2015-05-23T00:15:59.521Z,6.7384,71.6427,233.6146,0.307,0.0934,-7.7418,62.2769,233.1666,0.2675,-0.1249,11.8324,64.4184,234.4029,0.2746,0.1835
2015-05-23T00:16:59.853Z,6.7043,70.8798,233.4362,0.3036,0.0943,-7.4911,65.1536,233.5393,0.2786,-0.1178,12.1078,65.872,234.9243,0.2801,0.1851
2015-05-23T00:17:59.523Z,6.0373,70.5456,233.4251,0.3021,0.0851,-8.0108,62.701,233.2463,0.2687,-0.1296,12.3242,63.5937,234.8346,0.2711,0.1952
2015-05-23T00:18:59.192Z,6.8248,70.3098,233.8225,0.3003,0.0985,-7.5951,63.8278,233.5416,0.2733,-0.1212,11.97,65.1088,235.2012,0.2767,0.1852
2015-05-23T00:19:59.465Z,6.646,70.2737,233.7756,0.3004,0.0943,-7.7104,64.6284,234.4684,0.2754,-0.1231,12.0162,65.324,234.9408,0.2781,0.1846
2015-05-23T00:20:59.520Z,6.657,70.1342,233.7721,0.2999,0.0957,-8.0811,62.9558,234.0286,0.2689,-0.1295,12.0095,65.4242,234.8112,0.2782,0.1855
2015-05-23T00:21:59.000Z,6.6651,71.1048,233.8184,0.3043,0.0949,-8.3526,62.772,233.9344,0.2683,-0.1348,11.9519,65.4364,234.9893,0.2783,0.183
2015-05-23T00:22:59.340Z,6.5143,71.0184,234.1102,0.3035,0.0926,-8.2471,61.8532,234.2715,0.2641,-0.1359,11.7426,65.0902,235.0482,0.2765,0.1852
2015-05-23T00:23:59.122Z,6.6035,70.4365,234.1744,0.3008,0.0963,-7.9533,63.3026,234.0104,0.2707,-0.1278,11.6948,64.5323,235.1149,0.2742,0.182
2015-05-23T00:24:59.579Z,6.8499,70.618,234.22,0.3017,0.0978,-8.0213,64.3893,234.4457,0.2747,-0.123,11.8845,64.6878,235.244,0.2742,0.1854
2015-05-23T00:25:59.259Z,6.8591,69.8513,234.0964,0.2989,0.0997,-7.9528,63.5475,234.2939,0.2708,-0.127,12.3212,64.5574,235.1309,0.2746,0.1908
2015-05-23T00:26:59.021Z,6.2561,70.2608,233.9966,0.2999,0.0891,-7.8065,62.9241,234.1539,0.2691,-0.1283,11.85,64.7935,235.1625,0.2755,0.1859
2015-05-23T00:27:59.309Z,6.4722,70.1695,233.671,0.3,0.0937,-7.5332,62.7782,234.0889,0.268,-0.124,11.6032,64.3833,235.0767,0.2738,0.1823
2015-05-23T00:28:59.514Z,6.6965,71.2972,234.4437,0.3041,0.0943,-7.7841,63.473,234.9248,0.2699,-0.123,12.4072,64.8697,235.042,0.2763,0.1916
2015-05-23T00:29:59.679Z,6.4705,70.0944,234.2302,0.2987,0.0907,-7.6541,64.6918,235.2741,0.2749,-0.1196,12.0123,65.3035,234.5307,0.2788,0.1857
2015-05-23T00:30:59.954Z,6.3264,69.9756,232.6331,0.301,0.0921,-8.5086,63.5001,234.7159,0.2708,-0.1377,11.7459,65.3476,233.5097,0.2801,0.1822
2015-05-23T00:31:59.296Z,7.046,70.0327,233.3892,0.2996,0.1012,-7.9891,63.2868,233.9681,0.2706,-0.1274,12.3604,64.4053,234.4802,0.2746,0.1926
2015-05-23T00:32:59.010Z,6.8101,70.296,232.9182,0.3019,0.0978,-8.444,61.2167,232.2278,0.2642,-0.1398,12.1867,66.1262,234.923,0.2818,0.1874
2015-05-23T00:33:59.747Z,6.7864,72.161,234.6227,0.3075,0.0951,-7.4817,63.4315,234.7661,0.2704,-0.1187,12.1924,66.1499,235.1426,0.2811,0.1845
2015-05-23T00:34:59.797Z,6.7054,72.0569,234.7108,0.3066,0.0922,-7.6142,63.9707,234.7923,0.2723,-0.1211,11.8499,65.0475,234.6585,0.2775,0.183
2015-05-23T00:35:59.969Z,6.9464,69.4042,233.9937,0.2961,0.1024,-7.7334,63.9496,234.0918,0.2736,-0.1224,12.5629,65.3212,233.9488,0.2786,0.1911
2015-05-23T00:36:59.245Z,6.6364,71.6785,234.1551,0.3056,0.0933,-8.4672,63.5389,234.2471,0.2715,-0.133,11.92,64.3821,233.6531,0.2755,0.1874
2015-05-23T00:37:59.984Z,6.6927,69.555,233.7402,0.2971,0.0966,-7.826,62.6847,233.7282,0.2683,-0.1277,12.1092,63.0612,233.1777,0.2705,0.1929
2015-05-23T00:38:59.260Z,6.281,69.4544,234.3147,0.2966,0.0899,-7.9272,64.2459,233.6143,0.2751,-0.1248,11.4807,64.527,233.6227,0.2758,0.1794
2015-05-23T00:39:59.883Z,6.826,70.0662,234.4125,0.2986,0.0982,-8.4183,64.6902,233.9478,0.2762,-0.1325,11.6763,65.0999,234.0636,0.278,0.1811
2015-05-23T00:40:59.059Z,6.855,70.0451,234.2301,0.2992,0.0989,-7.7011,62.3763,233.7523,0.2669,-0.1257,11.6952,65.1018,234.2529,0.2781,0.1809
2015-05-23T00:41:59.323Z,6.3568,70.8336,234.0779,0.3029,0.091,-7.7745,63.3774,233.7965,0.2711,-0.1243,11.6645,66.4644,234.8258,0.2831,0.1768
2015-05-23T00:42:59.981Z,6.8028,70.994,234.1941,0.3029,0.0983,-7.9501,62.4351,233.8603,0.2672,-0.1312,12.2566,63.4426,233.7559,0.272,0.1949
2015-05-23T00:43:59.230Z,6.5101,71.7881,234.3694,0.3059,0.0913,-7.8176,63.1292,233.855,0.2701,-0.126,11.8739,64.4244,232.8019,0.2764,0.1849
2015-05-23T00:44:59.567Z,7.2119,70.7915,234.5116,0.3014,0.1013,-8.2771,63.4063,233.8709,0.271,-0.1314,12.058,64.3233,232.7264,0.2769,0.1877
2015-05-23T00:45:59.767Z,6.344,70.0502,234.5716,0.2986,0.0917,-7.7358,62.0841,234.585,0.2649,-0.1263,12.3142,64.6641,234.105,0.2762,0.1915
2015-05-23T00:46:59.677Z,6.7024,70.2614,234.8303,0.2993,0.0957,-8.1109,62.6251,234.628,0.2664,-0.1299,11.952,65.6182,234.3278,0.2801,0.183
2015-05-23T00:47:59.944Z,7.0851,71.4636,234.7197,0.3038,0.0996,-8.277,64.1752,234.3461,0.2742,-0.1316,12.4368,64.6442,234.2012,0.2759,0.1962
2015-05-23T00:48:59.591Z,6.5388,70.854,234.8871,0.3016,0.0936,-8.3361,63.4672,234.6324,0.2703,-0.1337,11.9574,63.9121,234.4466,0.2727,0.1883
2015-05-23T00:49:59.876Z,6.3998,70.4892,234.4773,0.3,0.0929,-8.3661,63.5489,234.3314,0.2712,-0.1325,12.2815,63.9443,233.9789,0.273,0.1913
2015-05-23T00:50:59.332Z,6.9077,70.6524,234.2476,0.3017,0.0989,-7.5478,64.672,234.2506,0.2759,-0.1173,11.9968,65.7758,234.0907,0.2809,0.1836
2015-05-23T00:51:59.623Z,6.6566,70.3497,234.5848,0.2992,0.0957,-8.3966,63.2913,234.3969,0.2701,-0.1353,12.087,64.021,234.6023,0.2731,0.1915
2015-05-23T00:52:59.914Z,6.5666,70.7236,233.9555,0.3024,0.0929,-8.3091,61.5049,234.041,0.2633,-0.1377,12.1809,65.3387,234.782,0.2779,0.1904
2015-05-23T00:53:59.414Z,6.2767,70.6464,234.0192,0.302,0.0902,-7.9989,62.8332,234.228,0.2689,-0.1267,12.253,66.5189,234.6541,0.2833,0.1859
2015-05-23T00:54:59.428Z,6.2556,70.7523,233.8356,0.3026,0.0893,-7.9523,63.9156,234.0162,0.2732,-0.1264,12.1877,63.9703,234.2343,0.273,0.1907
2015-05-23T00:55:59.627Z,6.2603,70.7713,233.6235,0.3027,0.0893,-7.6097,64.3123,233.4479,0.2754,-0.121,11.9066,64.6959,234.4159,0.2757,0.1837
2015-05-23T00:56:59.058Z,6.6233,70.6117,233.9559,0.3014,0.0952,-8.0233,62.4966,233.6498,0.2676,-0.1342,12.0731,64.5708,234.819,0.2746,0.1911
2015-05-23T00:57:59.355Z,6.5292,71.0511,234.3754,0.3032,0.0932,-7.7634,62.8676,233.8169,0.2691,-0.1265,11.7649,65.5342,235.3432,0.2788,0.181
2015-05-23T00:58:59.741Z,6.3998,70.0795,234.8621,0.2978,0.0925,-8.3116,63.7339,234.461,0.272,-0.1296,12.3729,64.2351,236.0839,0.2715,0.1928
2015-05-23T00:59:59.333Z,5.3727,69.5493,234.884,0.2963,0.0777,-7.2614,63.1714,234.73,0.2696,-0.118,12.01,64.0498,235.5212,0.2721,0.1888
2015-05-23T01:00:59.547Z,5.1646,69.8975,234.5742,0.2979,0.0751,-7.5159,61.6533,234.7351,0.2629,-0.1248,12.0293,63.4615,234.7243,0.2705,0.1928
2015-05-23T01:01:59.140Z,5.2558,70.2134,234.169,0.2997,0.0756,-7.4944,63.9626,234.3717,0.2729,-0.1199,11.9424,64.954,234.2268,0.2771,0.1833
2015-05-23T01:02:59.829Z,5.4825,69.7986,234.5308,0.298,0.0801,-7.9612,62.9248,235.0138,0.2679,-0.1302,12.1833,64.8672,234.7595,0.276,0.1918
2015-05-23T01:03:59.379Z,5.156,71.283,234.9853,0.3033,0.0721,-7.3011,62.828,235.1748,0.2673,-0.1182,11.861,64.6704,234.9339,0.2753,0.1876
2015-05-23T01:04:59.579Z,5.0379,72.0519,234.8051,0.3066,0.071,-7.0551,64.5584,235.1363,0.2746,-0.1105,12.2253,65.6709,234.7108,0.2801,0.1881
2015-05-23T01:05:59.911Z,4.9152,69.557,234.8212,0.2962,0.0712,-7.8476,63.9476,235.0185,0.2722,-0.1232,12.0074,65.8555,234.7505,0.2807,0.183
2015-05-23T01:06:59.189Z,5.3462,69.7378,235.5135,0.2964,0.0754,-7.3717,62.3298,235.3916,0.2651,-0.1209,12.2439,63.7607,235.1945,0.2711,0.1951
2015-05-23T01:07:59.596Z,5.245,70.2189,235.0273,0.2991,0.0759,-6.9486,64.8632,234.5814,0.2764,-0.1088,12.1047,65.0048,234.1079,0.2778,0.1861
2015-05-23T01:08:59.634Z,5.1189,70.3985,235.0459,0.2996,0.0733,-7.7475,65.4489,234.4569,0.2795,-0.1208,12.0579,65.1674,234.0393,0.2784,0.1863
2015-05-23T01:09:59.952Z,5.2618,70.7986,235.079,0.3011,0.0745,-7.3914,63.7508,234.6899,0.2718,-0.1164,11.7211,65.6168,233.9502,0.2807,0.1801
2015-05-23T01:10:59.178Z,5.7798,71.7776,233.8234,0.3071,0.0807,-7.4792,64.2854,233.5387,0.2748,-0.1168,12.193,64.9609,232.8321,0.2796,0.1883
2015-05-23T01:11:59.354Z,5.1466,70.2121,233.6749,0.3005,0.0748,-7.4771,62.5947,233.8056,0.2679,-0.1232,11.7215,64.1905,232.7815,0.2757,0.1856
2015-05-23T01:12:59.268Z,5.2884,70.9276,234.7376,0.3019,0.0753,-7.1512,63.8529,233.7808,0.2737,-0.1126,11.873,62.8144,232.1312,0.2705,0.1896
2015-05-23T01:13:59.618Z,5.2111,70.1158,234.5297,0.2989,0.0748,-7.5467,62.5962,233.9818,0.2676,-0.1216,12.5388,63.1935,232.2201,0.2714,0.1985
2015-05-23T01:14:59.917Z,5.0899,71.1181,234.092,0.304,0.0727,-7.1542,62.7779,233.9923,0.268,-0.1152,11.8885,64.8076,232.8527,0.2786,0.1844
2015-05-23T01:15:59.253Z,5.1823,69.9958,233.7267,0.2993,0.0738,-7.3883,63.6083,234.309,0.2717,-0.1163,12.1007,64.6826,233.0313,0.2778,0.1878
2015-05-23T01:16:59.605Z,5.096,70.0823,232.7519,0.3007,0.0709,-7.5301,62.5744,234.1191,0.2673,-0.1214,11.5746,63.9262,233.5979,0.2734,0.1863
2015-05-23T01:17:59.971Z,4.8541,69.869,232.8152,0.3002,0.0705,-7.3488,63.0889,234.2101,0.2695,-0.1218,12.1263,63.9137,233.8388,0.2733,0.1941
2015-05-23T01:18:59.329Z,4.6821,71.5662,233.2581,0.307,0.0668,-8.3727,63.8037,234.7807,0.272,-0.1316,12.1284,64.2998,234.1409,0.2744,0.1886
2015-05-23T01:19:59.741Z,4.9766,70.1188,233.7014,0.3001,0.0717,-7.1898,63.2868,233.6127,0.271,-0.1155,11.7315,62.8203,233.117,0.2696,0.187
2015-05-23T01:20:59.134Z,5.3303,69.6536,233.7578,0.2979,0.0773,-7.6254,63.0804,233.4808,0.2703,-0.1233,11.9934,62.3814,232.73,0.2683,0.1929
2015-05-23T01:21:59.930Z,5.4582,70.7817,233.7311,0.3027,0.0779,-7.797,64.122,233.5717,0.2751,-0.1215,12.0604,64.3542,232.8748,0.2766,0.1879
2015-05-23T01:22:59.422Z,4.8882,70.687,233.9558,0.3013,0.069,-7.5471,62.0424,233.8721,0.2651,-0.1218,12.0442,65.4418,233.1608,0.2806,0.186
2015-05-23T01:23:59.762Z,4.7291,70.3921,233.1989,0.3018,0.0679,-6.9401,64.1354,233.967,0.2737,-0.1108,11.7385,65.8321,233.8289,0.2818,0.1807
2015-05-23T01:24:59.283Z,5.1979,70.2507,233.1148,0.3012,0.0732,-7.7629,62.5034,233.947,0.2669,-0.1246,11.9115,66.3484,233.8607,0.2842,0.1814
2015-05-23T01:25:59.641Z,5.2647,69.261,232.7367,0.2971,0.0768,-7.4291,62.4509,233.8288,0.2669,-0.1196,11.9208,64.7493,233.8434,0.2771,0.1832
2015-05-23T01:26:59.005Z,5.0704,68.9148,232.6529,0.2963,0.0736,-7.4189,63.3777,234.1227,0.2708,-0.1169,12.3939,64.9232,233.8581,0.2777,0.1922
2015-05-23T01:27:59.417Z,5.0939,69.8704,233.0391,0.2999,0.0737,-7.5448,62.7592,234.3432,0.2683,-0.1208,12.0692,66.2428,233.8595,0.2833,0.1823
2015-05-23T01:28:59.738Z,5.688,71.0269,233.629,0.3036,0.0801,-7.8148,64.1203,233.9881,0.2737,-0.1243,12.6565,65.3893,234.0111,0.2801,0.1951
2015-05-23T01:29:59.462Z,5.0849,71.0646,233.4195,0.3046,0.0712,-6.6393,63.9389,233.8422,0.2732,-0.1053,11.5185,65.647,233.6024,0.2809,0.1776
2015-05-23T01:30:59.753Z,4.95,70.0527,233.3652,0.3002,0.0714,-7.6937,62.8311,233.7707,0.2685,-0.1256,11.9822,64.6133,233.7384,0.276,0.1889
2015-05-23T01:31:59.039Z,5.1688,69.9546,233.3113,0.2998,0.0751,-7.7358,63.7334,233.9496,0.2724,-0.1237,12.2452,64.4683,233.6372,0.2759,0.1931
2015-05-23T01:32:59.254Z,5.0884,71.0184,234.0541,0.3034,0.0727,-7.3489,62.9782,234.8013,0.2682,-0.1169,12.3687,65.0515,234.0279,0.2782,0.1912
2015-05-23T01:33:59.521Z,4.8473,70.3513,234.1055,0.3001,0.0703,-7.4162,63.3939,234.8633,0.2705,-0.1175,11.9714,64.104,234.469,0.2737,0.1882
2015-05-23T01:34:59.974Z,4.9638,70.5421,233.9221,0.3014,0.0705,-7.2704,64.1911,234.7775,0.2736,-0.1148,11.7505,64.8019,234.6485,0.2758,0.1821
2015-05-23T01:35:59.500Z,5.0733,69.8876,233.1688,0.2998,0.0741,-7.6292,61.0647,234.35,0.2608,-0.1276,12.1134,63.8466,234.4929,0.2721,0.1923
2015-05-23T01:36:59.774Z,5.2617,70.8587,233.5085,0.3037,0.0752,-7.528,62.328,234.5343,0.2658,-0.1198,12.0061,63.6099,234.6036,0.2709,0.1902
2015-05-23T01:37:59.156Z,5.2523,71.2891,233.6202,0.3053,0.074,-7.7209,65.1639,234.5832,0.2773,-0.12,12.1047,63.9151,234.7022,0.2719,0.1907
2015-05-23T01:38:59.401Z,4.2915,69.9188,232.5791,0.3,0.0602,-7.228,63.9746,234.7644,0.2724,-0.1131,12.5355,65.7752,234.762,0.2801,0.1916
2015-05-23T01:39:59.697Z,4.6771,69.7274,233.2886,0.2988,0.0673,-7.6447,63.5703,234.219,0.271,-0.1214,11.8665,64.0534,234.0311,0.2734,0.1862
2015-05-23T01:40:59.033Z,5.1596,69.9528,233.4284,0.3,0.0746,-6.8033,63.0296,233.8318,0.2694,-0.1129,11.7096,63.7996,233.7774,0.2731,0.1883
2015-05-23T01:41:59.376Z,5.1101,68.6189,233.8967,0.2938,0.0749,-7.5547,63.9868,234.2083,0.2733,-0.1195,11.9113,64.4659,234.2937,0.2755,0.1902
2015-05-23T01:42:59.495Z,4.9632,69.9745,234.4264,0.2986,0.0713,-7.8825,65.0823,234.0042,0.2773,-0.1236,11.9546,63.883,234.8722,0.2719,0.1878
2015-05-23T01:43:59.788Z,5.34,70.9491,234.6474,0.3024,0.0745,-7.1182,64.4276,234.0997,0.2751,-0.1125,11.9018,64.5576,234.6957,0.2752,0.1853
2015-05-23T01:44:59.199Z,5.2237,71.1231,234.4658,0.3037,0.0749,-7.3558,62.9668,233.9534,0.2696,-0.1168,12.2212,64.9213,234.6031,0.2769,0.1887
2015-05-23T01:45:59.344Z,5.1257,70.6023,233.8302,0.3017,0.0717,-7.661,63.0784,233.6438,0.2703,-0.1223,11.4584,63.3898,233.7233,0.271,0.1829
2015-05-23T01:46:59.103Z,5.6648,70.7017,233.2424,0.303,0.08,-7.468,62.171,232.963,0.267,-0.1214,11.6704,63.4207,233.0692,0.2719,0.1879
2015-05-23T01:47:59.284Z,5.0927,70.3376,232.9326,0.3019,0.0724,-7.2866,62.8613,232.8256,0.2698,-0.1164,12.2763,62.9064,232.7966,0.2702,0.1949
2015-05-23T01:48:59.834Z,5.1812,70.1796,232.7357,0.3017,0.0747,-7.7522,62.553,232.2224,0.2695,-0.1246,11.9839,64.2415,232.7083,0.2765,0.1878
2015-05-23T01:49:59.123Z,4.7612,70.0389,232.4892,0.3013,0.0687,-6.872,62.6022,231.7676,0.2702,-0.1121,11.7288,64.1024,232.0277,0.276,0.182
2015-05-23T01:50:59.279Z,5.0904,69.3475,231.6585,0.2988,0.0744,-6.7444,60.5915,230.1195,0.2631,-0.1155,11.5916,63.1573,231.2481,0.2726,0.1848
2015-05-23T01:51:59.684Z,4.9762,69.5914,231.4607,0.3004,0.0737,-7.0447,62.4023,229.9307,0.2711,-0.1135,12.0282,63.0578,230.8026,0.273,0.1915
2015-05-23T01:52:59.005Z,5.3433,70.5243,232.8834,0.3029,0.0763,-7.9496,62.1541,228.9489,0.2719,-0.1284,12.0102,64.8918,232.201,0.2792,0.1856
2015-05-23T01:53:59.208Z,5.73,71.3071,234.0688,0.3045,0.0812,-8.028,62.9864,229.2104,0.2745,-0.1295,11.85,64.2555,233.7812,0.2747,0.1855
2015-05-23T01:54:59.764Z,5.1765,69.5648,234.2379,0.2965,0.075,-7.5614,61.4901,229.2767,0.2683,-0.1249,11.9987,63.0685,233.7787,0.2699,0.1909
2015-05-23T01:55:59.095Z,5.2459,69.1877,233.9894,0.2954,0.078,-7.3224,61.7283,232.4386,0.2653,-0.1256,12.0472,63.8202,234.1822,0.2727,0.1938
2015-05-23T01:56:59.383Z,4.8025,71.6464,234.4062,0.3059,0.0682,-7.1671,63.4037,233.1551,0.2722,-0.1132,11.856,63.6175,232.7103,0.2729,0.1867
2015-05-23T01:57:59.773Z,4.9941,71.846,233.8848,0.3072,0.0693,-7.6153,64.7584,233.7998,0.2774,-0.1203,11.8841,63.3975,232.9892,0.272,0.1868
2015-05-23T01:58:59.950Z,4.7284,70.3484,233.3176,0.3019,0.0686,-7.2695,63.8148,233.3085,0.274,-0.117,11.9903,64.4605,233.139,0.2759,0.1869
2015-05-23T01:59:59.400Z,5.1868,70.2704,233.3821,0.3014,0.0738,-7.8759,64.1096,232.9509,0.2751,-0.1234,11.9086,64.9273,232.7409,0.2789,0.1848
2015-05-23T02:00:59.974Z,4.69,67.0224,232.5263,0.2878,0.0695,-7.0499,63.7738,231.9898,0.2747,-0.1123,11.8722,62.3175,231.9775,0.269,0.1907
2015-05-23T02:02:59.210Z,5.4981,70.1158,232.9766,0.3006,0.0795,-7.9608,63.0263,230.1179,0.2739,-0.1296,11.8941,64.5289,233.5111,0.2764,0.1849
2015-05-23T02:03:59.516Z,5.0376,70.4242,232.7705,0.3024,0.071,-6.8942,63.8976,231.8001,0.2759,-0.1093,11.9225,65.5156,233.5125,0.2805,0.1837
2015-05-23T02:04:59.969Z,5.3072,70.3033,232.7614,0.3024,0.0771,-7.3795,63.5629,232.651,0.273,-0.1188,12.4736,63.9279,233.2562,0.2741,0.1965
2015-05-23T02:05:59.296Z,4.4899,69.7351,232.3618,0.3003,0.0651,-7.7404,63.2553,233.1938,0.271,-0.1243,12.2401,62.953,233.6042,0.2691,0.1994
2015-05-23T02:06:59.173Z,5.2765,70.5605,232.1376,0.3038,0.0752,-7.3363,63.9146,232.9175,0.2744,-0.117,11.9619,65.6104,233.3238,0.2815,0.1847
2015-05-23T02:07:59.473Z,4.871,70.2209,231.9512,0.3023,0.0695,-7.4949,63.2424,232.4557,0.2716,-0.1199,11.8233,65.0178,232.944,0.2791,0.1832
2015-05-23T02:08:59.812Z,4.98,70.3241,231.9205,0.3037,0.0713,-6.7758,62.4221,232.4626,0.268,-0.1111,11.4731,63.8002,232.7637,0.2743,0.1818
2015-05-23T02:09:59.390Z,4.9904,69.0595,231.7852,0.298,0.0733,-7.0463,61.9327,232.4933,0.2665,-0.116,11.7467,65.8656,232.9527,0.2822,0.1855
2015-05-23T02:10:59.144Z,4.5792,69.657,231.7482,0.3009,0.0653,-7.5711,64.1903,232.469,0.2757,-0.1194,11.7021,64.2027,233.0628,0.2751,0.1827
2015-05-23T02:11:59.724Z,4.4132,69.9492,230.5779,0.3035,0.0632,-7.1891,64.4086,232.9605,0.2768,-0.1127,12.1348,63.8703,233.0621,0.274,0.1921
2015-05-23T02:12:59.395Z,5.2799,69.6516,230.446,0.3027,0.0768,-7.2409,63.9138,232.3409,0.2749,-0.1146,11.9513,65.1363,232.7237,0.2798,0.1852
2015-05-23T02:13:59.805Z,5.4053,70.1812,230.7463,0.3039,0.0772,-8.4299,62.2167,229.5805,0.2708,-0.1365,12.345,63.8343,233.4321,0.2734,0.1946
2015-05-23T02:14:59.476Z,5.5796,69.8852,231.5901,0.3011,0.0803,-7.2157,62.819,231.0912,0.2718,-0.1147,12.0629,66.4158,233.3647,0.2842,0.1832
2015-05-23T02:15:59.703Z,4.7929,70.423,231.7684,0.3036,0.0693,-7.534,63.3579,232.4988,0.2722,-0.1239,12.0188,62.9097,232.5625,0.2704,0.1947
2015-05-23T02:16:59.052Z,5.0044,70,231.8312,0.302,0.0714,-7.761,62.6651,232.1797,0.2699,-0.1258,12.1346,63.6116,232.6056,0.2734,0.1927
2015-05-23T02:17:59.691Z,4.6063,70.2895,231.8945,0.3029,0.0653,-7.2564,63.726,232.2198,0.2742,-0.1137,11.5581,64.4043,232.7049,0.2769,0.1803
2015-05-23T02:18:59.081Z,5.1687,70.6569,232.083,0.3048,0.0731,-7.3426,62.0754,232.4672,0.2672,-0.119,11.464,65.5217,232.6906,0.2814,0.1754
2015-05-23T02:19:59.411Z,4.7465,70.7887,231.9537,0.305,0.0683,-7.6996,63.0207,232.4705,0.2712,-0.1238,12.2711,63.4325,232.6165,0.2718,0.193
2015-05-23T02:20:59.595Z,4.6276,69.266,232.1691,0.2984,0.0681,-7.6447,61.6985,231.493,0.2666,-0.1256,11.897,64.1498,233.2853,0.2745,0.1887
2015-05-23T02:21:59.173Z,4.9098,71.0398,232.2044,0.3058,0.0706,-7.3689,61.9571,231.0579,0.2681,-0.1191,12.0049,64.6698,233.4124,0.2773,0.187
2015-05-23T02:22:59.844Z,4.7778,70.646,231.6817,0.3048,0.0675,-7.4777,61.5524,230.7943,0.2663,-0.1228,12.0101,62.0695,232.6499,0.2666,0.1952
2015-05-23T02:23:59.251Z,4.7404,69.7354,230.8202,0.302,0.069,-7.0716,61.8337,230.6412,0.2679,-0.1169,11.5032,63.5981,231.3654,0.2749,0.1816
2015-05-23T02:24:59.958Z,4.7598,69.1615,230.6799,0.2996,0.0704,-7.4212,60.773,230.8968,0.2635,-0.1271,12.1462,63.5159,231.154,0.2745,0.1937
2015-05-23T02:25:59.491Z,4.7157,69.9943,231.1392,0.3029,0.0691,-7.2527,62.0578,231.2399,0.2684,-0.1237,11.7767,63.8242,231.4349,0.2756,0.1865
2015-05-23T02:26:59.756Z,4.7767,70.1738,231.2133,0.3035,0.0685,-7.7346,64.4002,231.2875,0.2786,-0.121,11.7302,63.7688,231.504,0.2758,0.1879
2015-05-23T02:27:59.830Z,4.7696,70.2497,231.4345,0.3026,0.0685,-7.2657,61.374,231.4956,0.2653,-0.1197,11.7351,61.399,231.6413,0.2646,0.191
2015-05-23T02:28:59.096Z,4.9053,69.1198,231.6907,0.2983,0.0716,-7.3178,62.0209,231.7049,0.2679,-0.1194,11.7049,63.7957,231.5996,0.2754,0.1859
2015-05-23T02:29:59.331Z,5.7685,67.9557,232.2249,0.2922,0.0858,-7.7678,59.9026,230.0456,0.2607,-0.1298,11.4389,64.8609,232.9064,0.2782,0.179
2015-05-23T02:30:59.751Z,5.4426,70.2758,232.2407,0.3024,0.0796,-7.9661,61.6117,229.5103,0.2683,-0.1313,12.0432,64.1961,232.9817,0.2751,0.1901
2015-05-23T02:31:59.290Z,4.9994,69.9421,231.5938,0.3022,0.0712,-7.1843,63.6806,232.7123,0.2737,-0.1137,11.9704,64.6491,232.1636,0.2784,0.185
2015-05-23T02:32:59.536Z,4.8338,70.2401,232.2699,0.3023,0.07,-7.1409,62.7611,232.3052,0.2699,-0.1163,12.1263,64.1538,232.4842,0.2758,0.1908
2015-05-23T02:33:59.267Z,5.0614,70.5569,232.0435,0.3042,0.0734,-7.1366,63.0747,232.4142,0.2716,-0.1144,12.1145,63.3366,232.2982,0.2727,0.1908
2015-05-23T02:34:59.699Z,5.1698,70.0861,232.1568,0.3013,0.0735,-7.0322,62.0511,232.6418,0.2667,-0.1162,11.9458,64.5442,232.2264,0.2778,0.1899
2015-05-23T02:35:59.376Z,5.3329,69.1067,231.9109,0.2984,0.0764,-7.2516,61.8112,232.4819,0.2659,-0.1196,12.2197,63.7346,232.1218,0.2748,0.196
2015-05-23T02:36:59.258Z,4.9379,69.0388,231.8593,0.2971,0.0731,-6.9246,62.9056,232.6219,0.2701,-0.1124,11.9655,64.9031,231.7725,0.28,0.1843
2015-05-23T02:37:59.541Z,5.4567,70.3909,231.6711,0.3032,0.0776,-7.6163,63.1502,232.2213,0.2722,-0.1222,11.8064,64.5737,231.4743,0.2786,0.1827
2015-05-23T02:38:59.456Z,4.856,69.2591,231.2953,0.2992,0.0709,-7.2444,61.7703,232.1574,0.2663,-0.1193,12.081,63.5951,231.5311,0.2747,0.1914
2015-05-23T02:39:59.883Z,5.1302,68.9952,231.5388,0.298,0.0752,-7.3647,62.3075,232.1991,0.2686,-0.1209,12.1985,63.6793,231.4617,0.2748,0.1945
2015-05-23T02:40:59.314Z,5.367,70.5012,231.5098,0.3047,0.0771,-7.3222,62.4069,232.1862,0.2694,-0.1184,11.5948,64.711,231.4452,0.2793,0.1798
2015-05-23T02:41:59.489Z,4.6636,70.3775,231.28,0.3045,0.0678,-7.4026,64.4155,231.8727,0.2771,-0.1159,11.9563,63.6015,231.222,0.2748,0.1888
2015-05-23T02:42:59.761Z,4.4389,69.2121,230.6909,0.2998,0.0646,-8.0455,63.8778,231.3976,0.2756,-0.128,11.9569,62.3986,230.8367,0.2703,0.1921
2015-05-23T02:43:59.240Z,4.9187,69.5072,230.899,0.3004,0.073,-7.268,62.4589,231.2726,0.2706,-0.1187,11.6939,63.6253,230.8606,0.276,0.1859
2015-05-23T02:44:59.806Z,5.3203,69.4414,231.1725,0.3003,0.0786,-6.7302,62.0468,231.6726,0.2678,-0.1114,11.7449,61.9949,231.0452,0.2684,0.1945
2015-05-23T02:45:59.819Z,5.1602,69.9223,231.7518,0.3018,0.0744,-7.5327,63.2663,231.9668,0.2724,-0.1196,12.4786,63.8571,231.8265,0.2753,0.1959
2015-05-23T02:46:59.168Z,5.034,70.1004,231.3886,0.3029,0.074,-7.225,62.6507,231.4253,0.2701,-0.1162,11.3506,64.004,231.7297,0.2764,0.1772
2015-05-23T02:47:59.388Z,4.9349,70.1311,231.9909,0.3019,0.0715,-7.4936,62.8071,231.991,0.2707,-0.1212,11.626,64.1279,232.7616,0.2751,0.1843
2015-05-23T02:48:59.101Z,5.2788,69.9821,232.0424,0.3014,0.0759,-7.3607,62.6102,232.0529,0.2693,-0.1193,12.1727,64.3309,232.3432,0.2769,0.1889
2015-05-23T02:49:59.658Z,5.7384,69.6003,231.7065,0.3001,0.0836,-7.8404,63.4727,232.1716,0.2734,-0.1269,12.1744,63.71,232.2726,0.2742,0.1969
2015-05-23T02:50:59.098Z,6.445,70.6948,231.6204,0.305,0.0912,-7.4922,63.3441,231.8553,0.2736,-0.1221,11.8028,63.7898,232.1396,0.2749,0.1862
2015-05-23T02:51:59.432Z,6.1272,70.1317,231.9238,0.3025,0.0882,-8.3099,64.358,232.1917,0.2778,-0.1322,12.167,65.2165,232.6609,0.2799,0.1867
2015-05-23T02:52:59.635Z,6.3812,69.3823,230.8246,0.3005,0.0934,-7.8835,62.2522,232.4767,0.2677,-0.1298,11.701,64.9303,232.8996,0.279,0.1819
2015-05-23T02:53:59.312Z,6.1218,69.6268,230.7523,0.3011,0.0885,-7.9699,64.0373,231.5726,0.2769,-0.1265,11.8685,64.5101,232.6866,0.2777,0.1842
2015-05-23T02:54:59.020Z,6.168,69.4417,230.6588,0.3006,0.0907,-7.8467,62.8854,231.3488,0.272,-0.128,12.1123,64.6984,232.4921,0.2787,0.1897
2015-05-23T02:55:59.295Z,6.7268,69.1384,231.2804,0.2984,0.0979,-7.429,63.1866,231.7849,0.2726,-0.12,11.9813,64.4674,232.5622,0.2768,0.1875
2015-05-23T02:56:59.703Z,6.623,69.7922,232.1407,0.3003,0.097,-7.1783,62.903,232.1547,0.2707,-0.1175,11.7586,64.8978,233.0993,0.2784,0.183
2015-05-23T02:57:59.153Z,6.4797,70.4478,232.2546,0.3031,0.0923,-6.8944,64.257,232.2869,0.2768,-0.111,11.8834,64.3306,232.2322,0.277,0.1857
2015-05-23T02:58:59.447Z,6.5579,68.4063,231.9468,0.2955,0.0974,-7.233,64.1418,231.7475,0.2769,-0.1142,11.4504,63.8957,231.7966,0.2755,0.1803
2015-05-23T02:59:59.030Z,6.6415,70.4958,231.4443,0.3047,0.0954,-7.8905,63.9473,231.3544,0.2765,-0.1253,11.9357,63.9952,231.3456,0.2768,0.189
