2015-01-13T00:00:59.494Z,4.6227,69.645,231.953,0.3004,0.0701,2.4682,63.6551,230.0286,0.2767,0.0392,81.507,103.7766,230.9796,0.4492,0.7862
2015-01-13T00:01:59.788Z,5.3605,71.0958,231.5812,0.3068,0.0765,2.9325,64.6584,229.7443,0.2809,0.0446,80.944,102.9922,230.4085,0.4467,0.7871
2015-01-13T00:02:59.989Z,5.1915,71.8373,232.1708,0.3096,0.072,2.4966,63.9466,229.4076,0.2781,0.0408,81.101,102.4684,230.3422,0.4447,0.7929
2015-01-13T00:03:59.226Z,5.0749,71.3016,232.273,0.3072,0.0728,2.072,62.5996,230.0071,0.2723,0.0363,81.9816,103.4558,230.9182,0.4479,0.7937
2015-01-13T00:04:59.426Z,5.4029,71.2359,232.2844,0.3063,0.0777,2.2065,64.7325,228.358,0.2834,0.0342,82.4454,103.8713,232.0213,0.4473,0.7952
2015-01-13T00:05:59.707Z,5.3224,71.0474,232.4862,0.3057,0.0754,2.2726,64.5814,228.9712,0.282,0.0358,81.9984,103.9186,231.8534,0.4479,0.7899
2015-01-13T00:06:59.032Z,5.279,72.0544,231.9376,0.3108,0.0742,2.2459,63.8964,230.7858,0.2771,0.0338,81.6738,103.6304,231.5194,0.4474,0.7896
2015-01-13T00:07:59.194Z,5.3444,70.35,231.9686,0.3032,0.0766,2.933,63.0404,231.2464,0.2726,0.0475,82.0313,104.159,231.5475,0.45,0.7893
2015-01-13T00:08:59.682Z,4.3955,71.0042,232.2189,0.3061,0.0642,2.4191,64.4285,231.4501,0.2786,0.0384,82.2353,104.1483,231.6373,0.4497,0.7907
2015-01-13T00:09:59.039Z,5.749,72.1424,232.0866,0.3108,0.0792,2.8693,64.8443,231.6972,0.2799,0.0443,82.3371,104.5796,231.646,0.4514,0.7884
2015-01-13T00:10:59.351Z,5.1813,72.0389,232.2454,0.3099,0.0725,2.7887,64.313,231.2157,0.2779,0.0393,81.3863,104.8498,231.3999,0.4531,0.7775
2015-01-13T00:11:59.724Z,5.5058,73.4738,232.9436,0.3157,0.0754,3.0245,65.2746,231.0779,0.2825,0.047,81.6895,103.3878,231.2663,0.4468,0.7912
2015-01-13T00:12:59.996Z,4.9716,70.2423,232.9989,0.3017,0.0705,2.4291,62.0967,230.6174,0.2693,0.0399,80.8886,102.2811,230.5152,0.4437,0.793
2015-01-13T00:13:59.213Z,5.5239,72.1879,233.4496,0.3087,0.0787,2.5939,64.2775,230.7655,0.2782,0.0394,81.1884,102.7496,230.9731,0.4447,0.7903
2015-01-13T00:14:59.440Z,5.2861,72.1192,233.1165,0.3093,0.0747,2.5365,64.6787,231.4959,0.2797,0.0405,81.7052,103.8458,231.4518,0.4488,0.7878
2015-01-13T00:15:59.730Z,5.2976,72.344,233.2007,0.3101,0.074,2.5482,63.6454,231.4736,0.2749,0.039,82.0163,104.5712,231.8104,0.4511,0.7853
2015-01-13T00:17:59.247Z,4.7287,72.566,233.3928,0.3109,0.0664,2.2306,64.6708,231.2751,0.2794,0.0354,82.4628,104.482,232.064,0.4502,0.7902
2015-01-13T00:18:59.434Z,5.3947,71.743,233.2766,0.3077,0.0786,2.8613,64.5584,231.0123,0.2798,0.0442,82.0363,103.4443,232.2477,0.4452,0.794
2015-01-13T00:19:59.633Z,4.7952,72.4068,233.2753,0.3099,0.0668,2.138,64.0345,231.1031,0.2771,0.0331,82.7279,105.4907,232.8766,0.4527,0.7855
2015-01-13T00:20:59.927Z,5.0075,71.6602,232.6673,0.3078,0.0711,2.5348,65.5365,230.5152,0.2838,0.0397,82.6018,104.3572,232.2247,0.4491,0.7921
2015-01-13T00:21:59.219Z,3.9007,71.4181,233.0873,0.3066,0.054,2.7585,64.8327,231.0862,0.2803,0.0426,82.5426,104.5909,232.4411,0.4497,0.7898
2015-01-13T00:22:59.504Z,4.7596,70.6838,232.9079,0.3034,0.0677,2.1461,62.3312,231.35,0.27,0.039,82.2152,104.1851,231.6912,0.45,0.7901
2015-01-13T00:23:59.786Z,5.233,71.8715,233.4747,0.308,0.0745,1.9387,63.9453,231.6753,0.2765,0.0307,83.3832,105.0213,233.0964,0.4505,0.7947
2015-01-13T00:24:59.129Z,5.1031,73.4701,233.3549,0.3144,0.0688,2.4678,64.0561,231.5246,0.2762,0.0398,83.0021,105.6277,233.3383,0.4527,0.7868
2015-01-13T00:25:59.572Z,5.2124,72.0018,232.3036,0.3098,0.0728,2.4898,65.796,231.9828,0.2841,0.0389,83.2983,105.2979,233.4299,0.4513,0.7913
2015-01-13T00:26:59.782Z,5.2931,70.9209,232.4021,0.3051,0.0763,2.8196,63.3334,231.5234,0.2736,0.0436,83.1415,106.4119,233.444,0.4556,0.7826
2015-01-13T00:27:59.182Z,5.0878,70.1753,232.6879,0.3017,0.0732,2.4593,62.8888,231.1821,0.2718,0.0429,83.1609,105.341,232.9954,0.4521,0.7912
2015-01-13T00:28:59.440Z,5.3181,73.0623,233.8716,0.3125,0.0731,2.113,64.4833,230.8242,0.2795,0.0319,82.7838,105.2031,232.6211,0.4519,0.7877
2015-01-13T00:29:59.735Z,4.5879,72.2371,233.8062,0.3091,0.0638,2.3867,63.358,230.6531,0.2744,0.0367,82.6914,104.1902,232.3858,0.4478,0.7946
2015-01-13T00:30:59.148Z,4.5738,72.8403,233.2396,0.312,0.0636,2.6437,64.6839,229.9502,0.2809,0.0424,82.7134,104.0994,232.4644,0.4476,0.7944
2015-01-13T00:31:59.366Z,5.2091,71.5551,232.9498,0.3074,0.0728,2.377,63.3684,230.0192,0.2754,0.037,82.9229,105.0898,232.8934,0.4508,0.7899
2015-01-13T00:32:59.607Z,5.081,72.3035,232.6396,0.3112,0.0712,2.6224,63.7623,229.9304,0.2775,0.0426,82.5671,105.0126,233.0057,0.4508,0.7874
2015-01-13T00:33:59.066Z,5.3139,72.4923,234.2029,0.3097,0.074,3.0523,65.3624,231.1326,0.2829,0.0481,82.8038,104.5987,232.4281,0.4502,0.7926
2015-01-13T00:34:59.338Z,4.7205,71.6429,235.2344,0.3041,0.0688,2.2362,64.0625,231.6408,0.2765,0.036,81.2223,103.207,230.5658,0.4478,0.7875
2015-01-13T00:35:59.652Z,4.6108,71.8545,234.7834,0.3065,0.065,2.7349,64.6923,232.1165,0.2786,0.0418,82.1704,104.1871,232.0251,0.4488,0.79
2015-01-13T00:36:59.918Z,5.1675,71.9044,234.1935,0.3068,0.0722,2.7392,64.856,232.3182,0.2796,0.0404,82.6566,105.3834,232.6935,0.453,0.7844
2015-01-13T00:37:59.335Z,4.905,72.0661,234.2054,0.3074,0.068,2.7772,64.8799,232.4077,0.2791,0.0421,83.1882,104.7297,232.5236,0.451,0.7949
2015-01-13T00:38:59.654Z,4.9816,73.137,234.1146,0.3125,0.0682,2.7915,64.6931,232.3296,0.2785,0.0444,82.5547,105.2833,232.266,0.4534,0.7855
2015-01-13T00:39:59.064Z,4.6759,72.5542,234.0268,0.3096,0.0653,2.6424,64.8092,232.3916,0.2788,0.0397,83.4432,105.2434,232.5666,0.4528,0.7944
2015-01-13T00:40:59.191Z,5.2116,72.4657,233.5085,0.3104,0.0741,2.2505,64.1695,231.5801,0.2775,0.0349,82.8612,105.1897,232.6248,0.4524,0.7888
2015-01-13T00:41:59.392Z,5.3761,71.0025,232.9423,0.3048,0.0771,2.2189,62.5827,231.1345,0.2708,0.0337,82.738,104.5682,232.6634,0.4492,0.793
2015-01-13T00:42:59.644Z,5.1511,72.2338,232.7257,0.3108,0.0723,3.2916,64.9525,230.9285,0.2813,0.0501,82.723,105.7766,233.111,0.4542,0.7832
2015-01-13T00:43:59.968Z,5.5368,72.3733,234.121,0.3088,0.0771,2.042,65.7393,232.3907,0.2826,0.0311,83.3371,105.3236,233.5344,0.4508,0.7918
2015-01-13T00:44:59.208Z,4.7391,72.9074,233.8516,0.312,0.065,2.8862,65.7193,232.1246,0.2837,0.0456,82.4936,104.6239,233.2222,0.4483,0.7892
2015-01-13T00:45:59.650Z,4.8261,72.1203,234.0325,0.3079,0.0686,2.4961,65.5228,232.1034,0.282,0.0389,83.0183,104.9828,233.0897,0.45,0.7912
2015-01-13T00:46:59.972Z,4.6482,72.6616,233.7764,0.3107,0.0645,2.5019,65.5151,231.9597,0.2825,0.0387,82.8725,104.9201,233.0799,0.4498,0.7912
2015-01-13T00:47:59.263Z,5.538,70.4381,233.3206,0.3013,0.0812,2.2171,64.366,232.1697,0.2772,0.0348,83.1864,105.5431,232.9533,0.4529,0.7894
2015-01-13T00:48:59.508Z,5.0015,72.5401,233.7925,0.3102,0.0707,2.7841,65.248,232.2125,0.2808,0.0432,83.5298,105.0076,233.4997,0.4497,0.7962
2015-01-13T00:49:59.735Z,5.3288,71.981,233.422,0.3084,0.0756,2.9043,65.3732,232.4775,0.2813,0.0434,83.5219,105.5442,233.6677,0.4516,0.7921
2015-01-13T00:50:59.038Z,4.334,72.5741,233.0049,0.3117,0.0604,2.8948,65.3641,231.2644,0.2829,0.0428,83.2982,106.0683,233.126,0.4541,0.7867
2015-01-13T00:51:59.284Z,5.2786,72.1853,233.304,0.3095,0.0748,2.6264,63.8023,230.9498,0.2763,0.0414,82.8152,104.5457,232.887,0.4486,0.7923
2015-01-13T00:52:59.539Z,5.0675,72.2073,233.6236,0.3084,0.071,2.7925,64.8225,230.1096,0.2815,0.043,82.8001,104.3711,231.9822,0.4501,0.7953
2015-01-13T00:53:59.985Z,4.9121,72.1053,234.1221,0.3079,0.0686,2.5614,64.4842,231.746,0.2788,0.039,82.337,105.0489,232.7047,0.4512,0.7852
2015-01-13T00:54:59.271Z,3.9633,71.5952,233.8103,0.3061,0.0554,2.4094,64.4947,231.5508,0.2788,0.0371,81.6968,104.5979,232.1131,0.4503,0.7818
2015-01-13T00:55:59.491Z,5.1409,71.5945,233.8545,0.3058,0.0723,2.513,65.0699,231.7765,0.2805,0.0399,82.2062,104.8958,231.9486,0.4525,0.7844
2015-01-13T00:56:59.633Z,5.5512,73.4116,234.1445,0.3137,0.0762,2.7011,65.2807,232.009,0.2813,0.0412,82.1429,104.5409,232.4556,0.45,0.7865
2015-01-13T00:57:59.963Z,5.3114,72.5287,234.1448,0.3096,0.0741,2.7664,64.0196,232.0536,0.2763,0.0447,82.6955,105.3708,232.6089,0.4525,0.7858
2015-01-13T00:58:59.255Z,5.213,72.3022,234.2857,0.3086,0.0734,2.6366,64.9662,232.0949,0.2797,0.0402,82.7013,105.3883,232.4311,0.4537,0.7862
2015-01-13T00:59:59.540Z,4.6121,71.9154,234.1915,0.3066,0.0652,2.6174,65.1638,232.1189,0.2812,0.0408,81.5008,104.2996,232.0777,0.4491,0.7819
2015-01-13T01:00:59.943Z,4.4218,70.2387,233.0985,0.3017,0.0639,2.9762,62.9505,230.6397,0.2729,0.0468,81.0232,102.9225,230.6137,0.4463,0.7893
2015-01-13T01:01:59.216Z,5.1488,72.0857,232.9575,0.3096,0.0707,2.3466,64.2264,230.0952,0.2791,0.0365,80.884,102.652,230.1069,0.4463,0.7885
2015-01-13T01:02:59.476Z,5.9641,73.029,233.027,0.3136,0.0832,2.1245,63.627,229.4909,0.277,0.0337,80.9267,102.3686,230.1143,0.445,0.7912
2015-01-13T01:03:59.837Z,4.7456,71.4982,232.9821,0.3069,0.0675,2.9932,64.748,229.089,0.2823,0.0459,82.2333,105.0056,231.6201,0.4535,0.7844
2015-01-13T01:04:59.048Z,5.5208,72.5981,233.4024,0.3108,0.0764,2.185,64.9949,228.492,0.2848,0.034,82.2121,103.9018,231.8772,0.4481,0.7916
2015-01-13T01:05:59.295Z,5.1248,72.5021,233.207,0.3113,0.0709,2.5458,63.6357,227.9973,0.279,0.0393,81.6168,104.0711,231.6369,0.4492,0.7856
2015-01-13T01:06:59.602Z,5.3935,70.5591,232.7158,0.303,0.0776,2.7754,63.0658,230.926,0.2727,0.0456,82.2459,104.2232,231.6566,0.45,0.7909
2015-01-13T01:07:59.888Z,4.5287,70.9573,232.2639,0.3059,0.0647,2.565,63.8104,230.7748,0.277,0.0421,81.402,104.4887,231.4122,0.4517,0.7799
2015-01-13T01:08:59.198Z,4.214,71.014,232.309,0.306,0.0613,2.6589,62.7898,230.9611,0.2717,0.043,81.8962,104.3055,231.5028,0.45,0.7869
2015-01-13T01:09:59.548Z,5.1708,70.6598,232.3075,0.3039,0.0752,2.1109,64.694,230.8015,0.2805,0.0326,81.6197,103.7666,231.3248,0.4486,0.7882
2015-01-13T01:10:59.951Z,5.3084,72.1998,231.9826,0.3115,0.0736,2.3197,64.5592,229.6341,0.2809,0.0349,81.6176,104.1382,230.9629,0.4513,0.7845
2015-01-13T01:11:59.190Z,4.9776,70.9996,231.5688,0.3066,0.0714,2.7188,63.0776,229.5353,0.2746,0.044,81.5456,103.5763,230.8327,0.4488,0.7887
2015-01-13T01:12:59.540Z,4.9252,70.7949,231.6632,0.3059,0.0705,2.2516,63.3345,229.0741,0.276,0.0386,81.7542,104.4829,230.7965,0.452,0.7842
2015-01-13T01:13:59.769Z,5.4149,72.4916,232.0215,0.3125,0.0748,2.2366,64.1242,229.2001,0.2796,0.0353,82.6118,105.0836,233.0833,0.4505,0.7872
2015-01-13T01:15:59.233Z,5.3798,71.937,231.8377,0.3102,0.0756,2.6481,64.0122,231.5852,0.2764,0.0409,82.1258,104.4798,231.8595,0.4504,0.7871
2015-01-13T01:16:59.546Z,4.289,71.8014,233.0597,0.3077,0.0609,2.8612,63.1353,231.5974,0.2724,0.0455,82.47,104.4791,231.7895,0.4512,0.7905
2015-01-13T01:17:59.765Z,4.6992,72.887,232.771,0.3131,0.0651,2.4549,64.5636,231.5556,0.2796,0.0392,82.5909,105.5962,231.5045,0.4557,0.7832
2015-01-13T01:18:59.992Z,5.2209,74.3449,232.4757,0.3202,0.0715,2.8781,67.3751,231.551,0.291,0.0431,82.2167,105.3551,232.1846,0.4532,0.7811
2015-01-13T01:19:59.352Z,5.3494,73.4392,232.2741,0.3161,0.0723,2.6008,66.3406,231.5267,0.2866,0.0396,82.2174,106.3953,232.1449,0.458,0.7737
2015-01-13T01:20:59.801Z,4.9555,74.5591,232.1386,0.3211,0.0675,3.0018,67.5599,230.4979,0.2926,0.0452,81.7108,105.2821,231.6517,0.4547,0.7771
2015-01-13T01:21:59.146Z,4.6274,74.4166,231.6036,0.3213,0.0612,2.3321,67.0626,229.9573,0.292,0.0351,81.6909,104.2056,231.2147,0.4509,0.7841
2015-01-13T01:22:59.427Z,5.2041,73.1355,231.4808,0.3164,0.0715,2.1931,65.0059,230.7856,0.2823,0.0337,80.7824,103.2913,230.0421,0.4489,0.7832
2015-01-13T01:23:59.753Z,5.0137,73.162,233.1442,0.3138,0.07,3.0274,66.458,230.0724,0.2891,0.0449,82.3914,105.2516,232.1615,0.4534,0.7835
2015-01-13T01:24:59.178Z,5.4707,74.074,233.6748,0.3168,0.0756,2.3291,65.1549,228.4442,0.2852,0.0355,82.0969,105.7944,231.6693,0.4563,0.7771
2015-01-13T01:25:59.568Z,4.8931,73.6323,233.4085,0.3156,0.0669,2.2746,66.9695,230.6832,0.2905,0.0342,81.847,104.8752,231.1166,0.4535,0.7812
2015-01-13T01:26:59.825Z,4.8853,73.3813,232.9864,0.3146,0.0677,2.082,65.9544,231.0298,0.2854,0.0312,82.4957,105.3186,232.1812,0.4538,0.7841
2015-01-13T01:27:59.058Z,5.2231,73.7504,233.0263,0.3161,0.0708,2.9131,66.3861,230.709,0.2876,0.0439,82.6846,105.9459,232.1968,0.4566,0.7813
2015-01-13T01:28:59.268Z,5.6069,73.7505,233.3644,0.3156,0.077,2.588,66.6691,230.8941,0.2889,0.0396,82.8764,105.5103,232.5245,0.4541,0.7865
2015-01-13T01:29:59.529Z,5.079,73.7467,232.9591,0.3167,0.0698,2.4255,65.8751,230.8268,0.2853,0.0391,82.5786,105.8265,232.2797,0.4552,0.7812
2015-01-13T01:30:59.751Z,5.2619,74.8152,232.6899,0.3215,0.0723,2.6266,65.9999,230.1513,0.2864,0.0405,82.4243,105.2586,231.6642,0.4545,0.7841
2015-01-13T01:31:59.037Z,5.2944,72.7067,231.9669,0.3137,0.0749,2.9142,66.0532,229.4118,0.2881,0.0438,81.5802,104.3256,231.344,0.451,0.7823
2015-01-13T01:32:59.301Z,4.98,71.982,232.0686,0.3105,0.0701,2.8595,66.3598,230.2032,0.288,0.0441,81.8073,104.5698,231.5533,0.4518,0.783
2015-01-13T01:33:59.628Z,4.7463,73.4975,232.9562,0.3148,0.0641,2.3093,65.0021,231.0905,0.2813,0.0336,81.8,104.7877,231.7154,0.4523,0.7812
2015-01-13T01:34:59.983Z,4.3374,73.8505,232.6875,0.3174,0.0592,2.045,66.2315,231.2746,0.2865,0.0304,81.7895,105.478,231.6218,0.4551,0.7761
2015-01-13T01:35:59.184Z,5.1031,74.6228,232.8668,0.3204,0.069,2.5573,66.9736,231.9084,0.2889,0.0384,81.9791,105.562,231.6021,0.4557,0.7769
2015-01-13T01:36:59.545Z,5.687,73.2816,233.2615,0.3145,0.0791,2.4391,66.1031,231.8745,0.2848,0.0369,82.4081,105.3552,232.4558,0.4529,0.7845
2015-01-13T01:37:59.073Z,5.2529,74.1569,233.0532,0.3183,0.0727,2.3779,67.5469,231.7252,0.2914,0.037,82.7047,105.7656,233.0599,0.4539,0.7833
2015-01-13T01:38:59.415Z,5.3591,74.3163,232.951,0.3189,0.0728,2.9682,66.5961,231.1587,0.2882,0.0451,82.9161,106.2223,233.0163,0.4555,0.7805
2015-01-13T01:39:59.711Z,4.9154,74.1293,232.5593,0.3188,0.0674,2.3598,66.3199,229.2264,0.2896,0.0349,82.676,105.7511,232.7421,0.4541,0.7827
2015-01-13T01:40:59.028Z,5.2932,74.6068,232.5052,0.321,0.072,2.8467,65.2094,227.5327,0.2862,0.0452,83.3658,106.7297,233.1947,0.4577,0.7813
2015-01-13T01:41:59.410Z,4.3059,74.1653,231.3536,0.3205,0.0587,2.1271,66.7635,230.0315,0.2903,0.0335,83.2271,106.9268,232.608,0.4593,0.7789
2015-01-13T01:42:59.687Z,5.0517,74.2351,231.5109,0.3204,0.0679,2.8204,66.6759,231.2812,0.2882,0.0434,82.4402,105.906,232.5493,0.4558,0.7793
2015-01-13T01:43:59.114Z,5.3227,73.1621,232.3248,0.3143,0.0736,3.1747,66.0672,232.4559,0.2843,0.0469,82.4908,106.3682,232.6303,0.4571,0.7774
2015-01-13T01:44:59.456Z,5.1348,74.3338,233.0958,0.3191,0.0695,2.3907,67.4466,232.5437,0.2903,0.0352,83.2301,106.3896,232.8388,0.4574,0.7834
2015-01-13T01:45:59.760Z,4.9607,74.875,232.5416,0.322,0.0678,2.5882,65.8471,232.4076,0.283,0.0383,82.1228,105.0539,232.583,0.452,0.782
2015-01-13T01:46:59.021Z,4.4845,74.6689,233.0702,0.3201,0.0611,3.0075,67.7372,232.2349,0.2916,0.0434,82.5643,105.9127,232.5363,0.4556,0.7799
2015-01-13T01:47:59.317Z,4.832,74.647,233.3099,0.3202,0.0654,2.2218,68.0173,232.4338,0.2924,0.0334,82.4047,105.1222,232.3738,0.4523,0.7843
2015-01-13T01:48:59.585Z,6.0116,74.1602,233.2853,0.3179,0.0831,2.5691,66.024,232.4969,0.284,0.0391,82.2076,105.667,232.3957,0.4552,0.7788
2015-01-13T01:50:59.290Z,5.3383,74.0474,233.1989,0.3179,0.0729,2.9726,66.6309,232.024,0.2875,0.0436,81.963,105.2473,231.9994,0.4536,0.7795
2015-01-13T01:51:59.528Z,5.0777,72.5141,233.2896,0.3108,0.0711,2.5756,65.5514,230.5997,0.2846,0.0422,81.0477,103.8095,230.3998,0.4505,0.782
2015-01-13T01:52:59.706Z,5.5824,73.6584,233.7418,0.3144,0.0766,2.3504,66.3495,230.74,0.2878,0.0366,81.2226,105.2324,230.7034,0.4558,0.7729
2015-01-13T01:53:59.968Z,4.6789,74.3843,233.8207,0.318,0.0634,2.4245,67.062,232.2147,0.2889,0.0374,82.0547,105.0177,231.6378,0.4529,0.7826
2015-01-13T01:54:59.143Z,4.8526,73.9832,233.9296,0.316,0.0653,2.387,67.5532,232.2157,0.2911,0.0343,82.3116,106.0659,231.4803,0.4577,0.778
2015-01-13T01:55:59.498Z,5.0655,74.0112,233.8473,0.3163,0.0702,2.9041,66.4373,232.2569,0.2863,0.0438,81.6801,104.973,231.739,0.4533,0.7788
2015-01-13T01:56:59.749Z,5.4932,72.7538,233.1813,0.3117,0.0753,2.2263,65.1164,232.2001,0.2804,0.0358,82.0722,105.2552,231.925,0.454,0.7811
2015-01-13T01:57:59.895Z,4.9722,74.8816,233.4088,0.3205,0.0674,2.7187,65.8977,232.1736,0.2838,0.0412,82.0882,105.5789,232.0324,0.4549,0.7788
2015-01-13T01:58:59.205Z,5.5987,72.7141,232.9332,0.3123,0.0778,2.1456,66.3864,232.2796,0.2856,0.0328,82.3292,105.2552,231.8868,0.4539,0.7828
2015-01-13T01:59:59.496Z,4.6245,75.262,232.87,0.3234,0.062,2.5708,67.1278,231.8912,0.2895,0.0373,81.7863,104.9859,231.7036,0.4534,0.7792
2015-01-13T02:00:59.658Z,4.8497,71.7697,232.2736,0.3088,0.0674,1.8107,64.7151,231.2003,0.2796,0.03,81.4298,104.847,230.9951,0.4541,0.7782
2015-01-13T02:01:59.903Z,5.7769,73.4979,232.4329,0.3158,0.0801,2.6613,65.0913,230.7265,0.2827,0.0441,81.3552,103.8463,230.5392,0.45,0.7844
2015-01-13T02:02:59.311Z,5.4412,73.3677,233.0868,0.315,0.0744,2.4293,67.3817,231.0563,0.292,0.037,81.4262,105.5453,230.8242,0.4574,0.773
2015-01-13T02:03:59.544Z,5.0101,74.1468,233.1936,0.318,0.068,2.8274,67.0366,231.9869,0.2892,0.0414,81.3971,104.8436,231.2648,0.4534,0.7769
2015-01-13T02:04:59.738Z,5.0847,72.9789,232.0755,0.3141,0.0707,2.7727,66.1522,232.7614,0.2841,0.0428,82.4418,106.2932,231.8992,0.4584,0.7764
2015-01-13T02:05:59.986Z,4.9626,73.0465,232.027,0.3143,0.0688,2.1631,67.1715,232.7543,0.2884,0.0331,82.2002,105.4679,231.9298,0.4549,0.7804
2015-01-13T02:06:59.216Z,4.7172,74.1931,231.6609,0.3206,0.0633,2.6572,67.1839,232.8234,0.2882,0.0394,81.7976,105.0182,231.8228,0.4531,0.7789
2015-01-13T02:07:59.662Z,4.8836,73.286,232.5622,0.3142,0.0669,2.3473,66.9487,232.6416,0.287,0.0344,82.9375,106.5178,232.2646,0.4582,0.7801
2015-01-13T02:08:59.937Z,4.621,73.1414,233.1325,0.3136,0.063,2.9789,67.5752,232.0329,0.2913,0.0444,82.3722,105.4964,232.3605,0.4541,0.7811
2015-01-13T02:09:59.274Z,5.2723,73.2188,232.3363,0.3156,0.0732,2.6257,66.7813,231.3398,0.2888,0.0398,82.2021,105.9546,231.7519,0.4572,0.7769
2015-01-13T02:10:59.601Z,5.2977,73.328,232.2115,0.3157,0.0737,2.6579,66.8266,230.7617,0.2895,0.0399,82.2818,105.7417,231.9826,0.456,0.7788
2015-01-13T02:11:59.816Z,4.8305,72.0508,231.6222,0.3107,0.0693,2.1725,63.8434,230.6848,0.277,0.0318,81.2563,103.657,230.7004,0.4497,0.7846
2015-01-13T02:12:59.107Z,4.0996,74.0274,232.0942,0.3187,0.0566,2.3318,65.9191,228.5688,0.2888,0.0352,81.8253,106.1184,231.5178,0.4581,0.772
2015-01-13T02:13:59.624Z,5.4709,73.9241,233.0838,0.3176,0.0743,2.3262,66.103,228.7892,0.2888,0.0351,83.0778,106.5573,232.6227,0.4578,0.7808
2015-01-13T02:14:59.911Z,5.0871,74.6886,232.9675,0.3207,0.0695,2.9427,65.2174,231.1952,0.2818,0.0454,81.9991,106.4165,231.6979,0.4598,0.7715
2015-01-13T02:15:59.312Z,5.0701,74.444,232.7868,0.3197,0.0676,2.6626,66.6609,231.2021,0.2886,0.0419,81.6288,104.9057,231.4897,0.453,0.7789
2015-01-13T02:16:59.797Z,4.9591,73.489,233.1178,0.3154,0.0675,3.2049,66.1909,231.316,0.286,0.0508,81.9287,104.9895,231.4219,0.4534,0.7827
2015-01-13T02:17:59.340Z,4.3957,73.5289,233.0984,0.3153,0.0596,1.7206,65.0336,231.5953,0.2808,0.0287,81.9258,105.5416,231.3684,0.4563,0.7772
2015-01-13T02:18:59.746Z,5.1874,73.6693,233.4189,0.3162,0.0702,2.6695,64.9062,231.0336,0.2804,0.0403,81.619,104.9166,231.5361,0.4529,0.7795
2015-01-13T02:19:59.036Z,5.4298,75.29,233.1268,0.323,0.075,2.4836,65.3772,230.6254,0.2839,0.0379,81.1324,104.1986,231.1859,0.4501,0.7798
2015-01-13T02:20:59.353Z,5.4768,73.8911,232.9568,0.3175,0.0741,2.1793,67.5366,230.3086,0.2934,0.0324,82.15,105.3549,231.1455,0.4556,0.781
2015-01-13T02:21:59.576Z,4.9949,71.9719,233.7575,0.3078,0.0721,2.343,62.991,228.8303,0.2748,0.0375,81.6741,103.7135,230.8635,0.4491,0.7887
2015-01-13T02:22:59.884Z,4.2385,71.9855,233.2527,0.3089,0.0587,2.6588,65.839,228.9985,0.2875,0.0386,81.4971,105.6421,231.1077,0.4575,0.773
2015-01-13T02:23:59.196Z,4.5368,72.83,233.1376,0.313,0.0631,2.1881,67.1097,230.4279,0.2917,0.034,82.2889,105.4371,232.2339,0.454,0.781
2015-01-13T02:24:59.505Z,5.327,73.8246,233.3015,0.3159,0.0741,2.5999,65.9276,230.2312,0.2864,0.0387,81.9479,105.419,232.0943,0.4544,0.7781
2015-01-13T02:25:59.714Z,5.4082,72.9297,232.6743,0.3133,0.0756,2.2145,64.7832,230.2275,0.2814,0.0332,82.3855,105.494,232.8015,0.453,0.7832
2015-01-13T02:27:59.233Z,5.1186,73.6684,233.065,0.316,0.0707,2.4956,65.8281,230.6648,0.2855,0.0376,82.3124,105.5631,232.4564,0.4539,0.7815
2015-01-13T02:28:59.557Z,5.071,73.3629,232.8942,0.3147,0.071,2.8008,67.359,230.8378,0.2918,0.042,82.6782,106.4316,232.2718,0.4583,0.7779
2015-01-13T02:29:59.747Z,5.3769,74.5022,233.1136,0.3197,0.0719,2.8649,65.7502,231.0891,0.2845,0.0438,82.1116,105.4065,232.0666,0.4541,0.7798
2015-01-13T02:30:59.135Z,4.439,74.0461,232.3452,0.3188,0.0602,2.6358,66.1184,230.5612,0.2868,0.04,81.6483,105.8029,231.4874,0.4573,0.7732
2015-01-13T02:31:59.433Z,4.881,72.4701,232.3916,0.3121,0.0688,2.6748,64.9423,229.8582,0.2827,0.0432,81.7578,104.2324,231.1444,0.4503,0.7869
2015-01-13T02:32:59.675Z,5.1495,73.2325,232.767,0.3146,0.0702,2.294,65.556,229.5568,0.2856,0.0343,81.3043,104.5997,230.7647,0.4527,0.7787
2015-01-13T02:33:59.050Z,5.4457,74.6469,232.6266,0.3212,0.0738,2.9966,67.2241,231.5548,0.2904,0.0451,82.2251,104.7413,231.623,0.4522,0.7861
2015-01-13T02:34:59.340Z,5.1522,74.1888,233.2039,0.3178,0.0702,2.0664,65.3379,231.6367,0.2816,0.0335,81.8803,106.2382,231.3374,0.4593,0.7717
2015-01-13T02:35:59.553Z,5.0016,73.6276,233.5142,0.3153,0.07,2.6049,66.4184,231.8203,0.2869,0.0407,81.818,104.0926,231.2863,0.4502,0.7868
2015-01-13T02:36:59.798Z,5.6091,73.1075,233.3411,0.3133,0.078,2.414,66.1344,232.2553,0.2848,0.0351,81.7712,104.3508,231.5197,0.4508,0.7844
2015-01-13T02:37:59.973Z,4.9586,74.0275,233.7395,0.3168,0.0692,2.9499,67.0968,231.2979,0.2908,0.0456,82.3942,105.6436,232.1022,0.4554,0.7803
2015-01-13T02:38:59.171Z,5.2959,73.9656,234.0602,0.316,0.072,3.1639,66.2358,229.877,0.2877,0.0466,82.3291,105.2666,232.7943,0.4522,0.7826
2015-01-13T02:39:59.446Z,4.9701,73.3368,234.1653,0.3132,0.0673,2.7475,65.1952,226.8244,0.2871,0.0426,83.6198,107.0318,233.9377,0.4574,0.7819
2015-01-13T02:40:59.750Z,5.0389,74.5322,233.7987,0.3188,0.0675,1.9925,65.8602,227.2818,0.2897,0.0291,83.3471,106.2902,233.0575,0.4558,0.7852
2015-01-13T02:41:59.962Z,5.3779,73.4071,232.3269,0.3159,0.0731,2.6555,66.6962,230.9647,0.2887,0.0395,82.1251,104.9873,232.1111,0.4524,0.7825
2015-01-13T02:42:59.188Z,5.1999,74.0055,232.3702,0.3189,0.0702,2.8216,66.4564,230.8117,0.2879,0.0436,82.6888,106.5774,232.6106,0.4581,0.7769
2015-01-13T02:43:59.506Z,5.6398,73.9918,233.6349,0.3166,0.0766,2.1483,66.0317,232.2788,0.2845,0.0335,82.5684,105.3118,232.4885,0.4534,0.7845
2015-01-13T02:44:59.797Z,5.533,73.8402,233.0557,0.3163,0.0755,2.7316,68.0743,232.6557,0.2925,0.0399,82.3865,105.3348,232.5095,0.4531,0.7824
2015-01-13T02:45:59.216Z,5.1178,74.152,233.5629,0.3179,0.0696,2.8178,66.8652,232.279,0.2877,0.0419,81.9428,105.981,232.2568,0.4562,0.7748
2015-01-13T02:46:59.571Z,4.3014,72.7087,233.5129,0.3113,0.0587,2.2047,65.5926,232.2297,0.2823,0.0347,82.3217,105.5211,232.2532,0.4543,0.7813
2015-01-13T02:47:59.713Z,4.3181,72.8567,233.4351,0.3118,0.0584,2.3835,65.9429,232.112,0.2838,0.0363,82.0878,105.5692,232.103,0.4546,0.7787
2015-01-13T02:48:59.928Z,5.2935,74.1736,233.2426,0.3178,0.0719,2.7654,67.3843,231.814,0.2903,0.04,82.3015,105.8647,231.8859,0.4565,0.7785
2015-01-13T02:49:59.177Z,5.4533,74.316,232.5803,0.3189,0.0753,2.4113,66.5748,231.8396,0.2873,0.0374,82.2259,106.0564,231.8729,0.4571,0.7768
2015-01-13T02:50:59.826Z,5.0549,74.6653,232.4448,0.3208,0.0696,2.7907,66.919,230.9463,0.2895,0.0423,81.8578,105.5035,231.6564,0.4557,0.7767
2015-01-13T02:51:59.103Z,5.1522,74.3726,231.9515,0.3209,0.0712,2.7233,66.3409,231.0644,0.2873,0.0407,82.6352,106.4788,232.1173,0.4589,0.7774
2015-01-13T02:52:59.277Z,5.0316,73.3982,231.6607,0.3172,0.0687,2.5607,65.1591,230.9355,0.282,0.0392,82.4765,105.5112,232.6829,0.4536,0.7818
2015-01-13T02:53:59.614Z,5.6902,74.0958,232.8824,0.3182,0.0771,3.0636,65.1516,231.7707,0.2812,0.0469,82.6786,106.2297,232.6341,0.4566,0.7798
2015-01-13T02:54:59.887Z,5.0308,74.0876,232.7137,0.3185,0.0677,2.7375,67.0058,232.1864,0.2884,0.0399,83.0009,105.9466,232.5209,0.4555,0.7842
2015-01-13T02:55:59.339Z,5.0669,72.0319,233.0081,0.3084,0.0727,2.4414,65.5901,232.2397,0.2827,0.0389,82.5338,104.5416,232.3216,0.4501,0.7908
2015-01-13T02:56:59.528Z,5.1043,73.2354,232.1788,0.315,0.0685,2.8895,65.9013,231.8737,0.2837,0.0442,82.1304,106.1832,232.4388,0.4566,0.7754
2015-01-13T02:57:59.838Z,5.4109,72.0476,231.4549,0.3116,0.0763,2.6516,67.0787,231.9205,0.2889,0.0398,82.1245,105.022,232.3643,0.4514,0.7827
2015-01-13T02:58:59.169Z,4.7373,73.3826,231.8911,0.3167,0.0656,2.9423,68.1066,231.893,0.2941,0.0451,82.6179,105.7807,232.504,0.4547,0.782
2015-01-13T02:59:59.428Z,4.2996,72.5241,232.4789,0.3118,0.0592,2.0215,66.6203,231.8064,0.2874,0.0314,81.9192,104.8211,231.9376,0.452,0.7827
2015-01-13T03:00:59.839Z,4.2222,70.7927,232.7114,0.3039,0.0603,2.8583,66.4342,230.5292,0.2883,0.0436,182.251,212.0371,231.3849,0.9172,0.8349
2015-01-13T03:01:59.058Z,889.8885,1329.0506,230.7158,5.7608,0.6616,912.1982,1394.5639,229.1591,6.0861,0.6481,1395.5917,1978.6158,228.2505,8.6677,0.7109
2015-01-13T03:02:59.257Z,923.0726,1351.7537,230.4028,5.8666,0.6824,952.4488,1436.17,229.5236,6.2574,0.663,1400.8281,1952.1087,227.8677,8.567,0.7182
2015-01-13T03:03:59.504Z,967.2586,1409.5957,231.8562,6.0796,0.6866,973.9739,1468.3568,229.5156,6.3976,0.6632,1441.602,1986.0469,228.8951,8.6768,0.7259
2015-01-13T03:04:59.836Z,1014.3897,1446.5792,231.9389,6.2367,0.7012,1035.8132,1517.571,229.7032,6.6064,0.6821,1489.8423,2032.8824,228.8292,8.8842,0.7327
2015-01-13T03:05:59.080Z,993.8876,1424.6403,231.2792,6.1593,0.6978,1033.2505,1508.7135,229.6955,6.568,0.6853,1480.8842,2029.0164,228.9728,8.8609,0.7302
2015-01-13T03:06:59.475Z,1005.3436,1443.49,231.6914,6.2298,0.6966,1024.8092,1505.8872,229.5522,6.5596,0.6807,1486.4544,2026.0548,229.1062,8.843,0.7342
2015-01-13T03:07:59.805Z,1007.3473,1449.0344,231.5919,6.257,0.6952,1030.5027,1498.9411,228.7697,6.5517,0.6882,1504.9901,2038.1183,229.3459,8.8866,0.7382
2015-01-13T03:08:59.103Z,999.3353,1460.5002,231.7776,6.3013,0.6844,1022.9689,1465.8061,227.0501,6.456,0.698,1544.2994,2064.1583,229.8142,8.9815,0.7487
2015-01-13T03:09:59.429Z,1026.7338,1457.4099,231.4984,6.2956,0.7048,1047.5592,1514.4647,228.774,6.6191,0.6916,1507.5011,2031.7326,228.6512,8.8853,0.7423
2015-01-13T03:10:59.725Z,1032.8678,1448.5146,231.0056,6.27,0.7131,1060.4172,1531.9489,229.4069,6.6776,0.6927,1494.2384,2018.4687,227.888,8.8567,0.7399
2015-01-13T03:11:59.005Z,1036.4689,1439.5261,230.4953,6.2448,0.7205,1061.4706,1529.42,229.1355,6.675,0.694,1487.1159,2000.9659,226.8982,8.8181,0.7431
2015-01-13T03:12:59.257Z,1037.0011,1438.6268,230.3019,6.2463,0.7209,1066.1136,1531.1998,229.1684,6.6808,0.6961,1485.7616,2000.9578,226.9768,8.8153,0.7414
2015-01-13T03:13:59.608Z,1016.1871,1436.7316,231.1549,6.215,0.7066,1047.5979,1528.4466,229.7984,6.6512,0.6853,1471.2322,2004.9518,228.6766,8.767,0.7346
2015-01-13T03:14:59.245Z,956.9012,1386.403,231.4363,5.9909,0.69,992.638,1491.1521,230.1402,6.4793,0.6656,1406.1172,1953.7921,228.8318,8.538,0.7201
2015-01-13T03:15:59.504Z,967.2248,1387.2126,231.0242,6.0041,0.6969,1020.3906,1504.7914,230.0872,6.5396,0.678,1426.0366,1972.4047,228.7113,8.6233,0.7223
2015-01-13T03:16:59.857Z,992.9099,1406.8179,230.5341,6.1027,0.7057,1054.6413,1523.7072,229.9083,6.6274,0.6922,1463.8442,2005.74,228.8386,8.7644,0.7298
2015-01-13T03:17:59.221Z,990.8517,1399.9344,230.2812,6.0792,0.7082,1057.2227,1518.4591,229.3354,6.6208,0.6963,1464.9481,2003.6602,228.6404,8.763,0.7303
2015-01-13T03:18:59.432Z,964.5851,1382.7316,230.2997,6.0041,0.6978,1026.4922,1491.128,229.4579,6.4987,0.6887,1441.8626,1981.1366,228.6266,8.6652,0.7282
2015-01-13T03:19:59.666Z,985.4538,1397.2288,230.6149,6.0587,0.7049,1045.7777,1518.2492,229.8562,6.6051,0.6884,1446.464,1987.6049,228.7778,8.6873,0.7277
2015-01-13T03:20:59.018Z,1026.9572,1424.7813,230.0357,6.1941,0.7201,1078.395,1537.1423,229.0628,6.7099,0.702,1480.4525,2001.3707,227.9551,8.7793,0.7398
2015-01-13T03:21:59.396Z,1033.2271,1433.6307,229.9672,6.2343,0.7208,1076.3107,1531.7564,228.6964,6.698,0.7027,1490.1538,2005.1967,228.1358,8.7893,0.743
2015-01-13T03:22:59.720Z,1014.1279,1427.5299,230.4974,6.193,0.7108,1031.1762,1491.6436,228.0291,6.5413,0.6916,1470.9733,1973.0849,227.8806,8.6581,0.7454
2015-01-13T03:23:59.967Z,1017.9991,1435.8178,230.7706,6.2218,0.7091,1040.209,1505.7632,228.9509,6.5763,0.6908,1477.2423,1987.3594,228.329,8.7036,0.7442
2015-01-13T03:24:59.249Z,1028.0416,1443.2254,231.0543,6.2458,0.7122,1073.4493,1542.9497,230.1069,6.7057,0.6955,1490.0976,2019.9818,228.9763,8.8222,0.7388
2015-01-13T03:25:59.600Z,1011.4323,1422.0829,230.6122,6.166,0.7106,1077.1068,1540.726,230.3194,6.6897,0.6992,1480.0711,2018.0219,228.9586,8.8129,0.7323
2015-01-13T03:26:59.991Z,1010.9351,1425.947,230.8552,6.1762,0.7094,1073.677,1536.3179,230.0833,6.6773,0.6991,1485.1491,2021.2167,229.1331,8.8211,0.7348
2015-01-13T03:27:59.263Z,1036.7905,1441.726,231.2244,6.2345,0.719,1064.0115,1538.1117,229.8605,6.6915,0.6922,1474.8868,1986.6298,227.5024,8.732,0.7432
2015-01-13T03:28:59.488Z,1037.9234,1447.0917,231.408,6.2532,0.7177,1067.1158,1538.815,229.8422,6.695,0.6933,1484.4509,1996.9503,227.8356,8.7638,0.7438
2015-01-13T03:29:59.710Z,1019.7728,1429.121,230.7128,6.1941,0.7138,1089.6579,1545.6548,230.034,6.719,0.7048,1496.6114,2027.9951,228.7711,8.8646,0.739
2015-01-13T03:30:59.071Z,1035.1293,1436.107,230.6297,6.2263,0.7207,1090.5274,1547.0116,229.483,6.7415,0.7047,1493.3918,2012.4025,228.0345,8.8253,0.741
2015-01-13T03:31:59.338Z,1036.2263,1449.6528,230.9077,6.2783,0.7148,1073.7537,1530.4273,229.121,6.6796,0.702,1505.44,2016.8482,228.5618,8.8241,0.7463
2015-01-13T03:32:59.589Z,1058.8862,1480.1106,231.4301,6.3952,0.715,1061.9104,1518.5884,228.0338,6.6597,0.6993,1523.7669,2013.5542,228.3946,8.8153,0.7577
2015-01-13T03:33:59.990Z,1044.4737,1472.6786,231.4413,6.3624,0.7094,1052.4742,1511.252,228.2616,6.6208,0.6966,1514.8037,2012.4521,228.9036,8.7916,0.7531
2015-01-13T03:34:59.173Z,1035.2518,1459.5092,231.1302,6.3145,0.7095,1089.6627,1543.438,229.8597,6.7152,0.7066,1524.4997,2052.0642,229.9085,8.9252,0.7419
2015-01-13T03:35:59.434Z,1032.3214,1447.0668,230.5803,6.2753,0.7131,1109.8901,1558.3404,230.1792,6.7701,0.712,1525.2177,2061.8273,229.7627,8.9741,0.7398
2015-01-13T03:36:59.606Z,1029.6432,1445.4173,230.6456,6.2668,0.7124,1108.5209,1557.8336,230.3879,6.7617,0.7118,1521.9877,2059.2371,229.6432,8.9673,0.7394
2015-01-13T03:37:59.063Z,1035.7906,1446.0657,230.7858,6.2663,0.7162,1114.398,1565.4791,230.7084,6.7853,0.7117,1521.2288,2058.0797,229.2487,8.9769,0.7397
2015-01-13T03:38:59.381Z,1039.3662,1448.2519,230.8878,6.2727,0.7179,1118.9738,1569.7292,230.6766,6.8044,0.7131,1524.4727,2060.2784,229.1969,8.9892,0.74
2015-01-13T03:39:59.651Z,1040.8524,1450.4291,230.767,6.2853,0.7177,1121.2904,1573.0818,230.8569,6.8137,0.7128,1526.8287,2063.6136,229.2127,9.0028,0.74
2015-01-13T03:40:59.899Z,1055.3539,1460.4611,231.0209,6.3214,0.7222,1122.0002,1577.1584,230.4382,6.844,0.7107,1526.4297,2053.6729,228.9177,8.9711,0.744
2015-01-13T03:41:59.135Z,1066.137,1473.3737,230.9931,6.3782,0.7231,1111.556,1562.2565,229.5871,6.8039,0.7116,1536.7273,2047.8111,228.5056,8.9615,0.7502
2015-01-13T03:42:59.451Z,1056.3891,1468.8967,229.856,6.3907,0.7193,1114.3898,1543.7233,229.1937,6.7356,0.722,1561.2573,2070.654,228.9071,9.0453,0.7538
2015-01-13T03:43:59.920Z,1055.8407,1475.3223,230.4251,6.4029,0.7156,1105.1597,1540.4114,229.1996,6.7208,0.7177,1558.3807,2068.7406,229.2894,9.0226,0.7539
2015-01-13T03:44:59.287Z,1070.5703,1481.8943,231.5985,6.3984,0.7224,1125.2586,1584.4643,230.3494,6.8785,0.71,1541.6006,2067.2117,229.5456,9.0059,0.7465
2015-01-13T03:45:59.465Z,1074.546,1481.803,231.3359,6.4049,0.725,1139.5227,1590.4234,230.0518,6.9132,0.7171,1551.9393,2078.0839,229.381,9.0591,0.7478
2015-01-13T03:46:59.873Z,1071.8506,1479.2849,231.3716,6.393,0.7248,1137.8753,1590.9642,230.113,6.9137,0.7157,1548.2751,2074.0307,229.3708,9.0422,0.7468
2015-01-13T03:47:59.180Z,1087.8131,1491.0957,231.2419,6.4484,0.7291,1152.0518,1601.7867,230.0579,6.9622,0.7193,1562.5138,2084.9819,229.4534,9.0864,0.75
2015-01-13T03:48:59.417Z,1081.0597,1498.1114,231.3631,6.4751,0.7213,1130.2312,1574.2101,229.3256,6.8648,0.7179,1572.1329,2085.028,229.5914,9.0817,0.7542
2015-01-13T03:49:59.694Z,1080.4044,1487.1537,230.1288,6.4619,0.7268,1162.873,1587.6824,229.5838,6.9153,0.7324,1592.6172,2113.8576,229.6036,9.2063,0.754
2015-01-13T03:50:59.155Z,1056.5164,1457.2801,229.8233,6.3403,0.7249,1174.8236,1602.6025,230.8844,6.9411,0.733,1570.9175,2114.6097,229.6957,9.2061,0.7434
2015-01-13T03:51:59.402Z,1084.4328,1491.7399,230.3234,6.4764,0.7271,1174.0931,1601.6032,230.3762,6.9519,0.7334,1597.4277,2124.5744,229.493,9.2574,0.7512
2015-01-13T03:52:59.695Z,1069.961,1498.2433,230.5918,6.4973,0.7141,1131.6253,1559.9253,229.9049,6.7847,0.7256,1597.415,2113.4837,229.8771,9.1938,0.7562
2015-01-13T03:54:59.319Z,1082.8947,1515.6709,231.5373,6.5458,0.715,1123.1402,1568.7879,230.3034,6.8117,0.7161,1589.7223,2103.5296,229.9087,9.1494,0.7553
2015-01-13T03:55:59.524Z,1085.8871,1509.4761,231.8632,6.5104,0.7194,1135.7954,1587.7236,230.7058,6.8816,0.7153,1578.6307,2097.8679,229.509,9.1404,0.7513
2015-01-13T03:56:59.855Z,1079.3603,1509.3118,231.726,6.5131,0.7153,1133.1992,1572.9404,230.0283,6.8376,0.7209,1594.5448,2109.8209,229.6957,9.1848,0.7547
2015-01-13T03:57:59.034Z,1077.4185,1527.2934,231.9178,6.5851,0.7061,1110.1555,1524.2491,227.4974,6.7001,0.7284,1635.6399,2126.2598,229.8786,9.2489,0.77
2015-01-13T03:58:59.339Z,1080.7612,1516.9618,231.7684,6.5453,0.7122,1130.9932,1554.7126,228.7992,6.7942,0.728,1618.5974,2123.9562,229.7708,9.243,0.7626
2015-01-13T03:59:59.571Z,1106.922,1520.5009,231.9548,6.5552,0.7277,1144.8447,1599.2996,230.3997,6.9407,0.716,1579.6617,2089.895,229.1002,9.122,0.7564
