2015-03-06T00:00:59.283Z,6.256,68.2471,232.4264,0.2937,0.0937,-7.5572,60.7254,231.8119,0.2621,-0.1293,90.8744,109.8668,233.186,0.4711,0.8284
2015-03-06T00:01:59.510Z,7.0748,69.2273,231.4199,0.2992,0.1025,-7.3927,61.586,231.0912,0.2662,-0.1213,91.126,111.3668,233.3448,0.4773,0.819
2015-03-06T00:02:59.766Z,5.6179,68.2241,231.2031,0.2949,0.0827,-7.6195,61.9377,231.0612,0.2679,-0.1234,90.0914,110.1319,232.5757,0.4743,0.8182
2015-03-06T00:03:59.049Z,7.0837,69.454,230.8657,0.3016,0.1012,-7.394,63.0403,231.0368,0.2727,-0.1179,90.336,109.5167,232.6417,0.4712,0.8254
2015-03-06T00:04:59.253Z,6.6897,68.8954,230.9466,0.2984,0.0971,-7.7201,62.041,230.9475,0.2686,-0.1244,90.8177,110.2627,232.8252,0.473,0.8241
2015-03-06T00:05:59.477Z,6.56,67.7492,230.8108,0.2941,0.0969,-7.3301,61.6185,230.8993,0.2666,-0.119,90.6069,110.3354,232.9212,0.4736,0.8216
2015-03-06T00:06:59.649Z,6.6418,68.6553,231.21,0.297,0.0971,-7.6551,61.7313,231.0584,0.2676,-0.1258,90.9829,110.8593,233.2347,0.4752,0.8212
2015-03-06T00:07:59.143Z,6.6076,68.7756,230.0719,0.2988,0.0951,-7.7162,64.1769,230.089,0.2791,-0.1241,90.8801,110.1343,233.7531,0.4711,0.8252
2015-03-06T00:08:59.386Z,6.1649,70.0938,230.4066,0.3041,0.0897,-7.3008,61.8552,230.1852,0.2689,-0.1191,90.8929,110.7155,233.7404,0.474,0.8208
2015-03-06T00:09:59.658Z,6.4668,68.9243,232.237,0.2968,0.0951,-7.9371,61.8381,232.3701,0.2666,-0.1318,91.4486,111.4648,234.0502,0.4762,0.8209
2015-03-06T00:10:59.777Z,6.2584,68.5811,231.9824,0.2958,0.092,-7.5377,62.4982,232.8676,0.2687,-0.1227,91.9855,111.7086,234.6229,0.4759,0.824
2015-03-06T00:11:59.120Z,6.7478,69.2812,231.8302,0.2989,0.0997,-8.0666,63.3386,232.7504,0.2718,-0.1299,91.4018,110.6324,234.4151,0.472,0.8266
2015-03-06T00:12:59.323Z,6.02,69.3662,231.9085,0.2988,0.087,-7.7624,63.8686,233.2242,0.2735,-0.1248,91.112,111.2284,234.4243,0.4743,0.8197
2015-03-06T00:13:59.527Z,6.5437,68.7378,231.8932,0.296,0.0959,-7.3221,62.5742,233.6007,0.2678,-0.1191,92.177,112.0865,234.6602,0.4777,0.8232
2015-03-06T00:14:59.712Z,6.2968,70.5878,232.4725,0.3035,0.0899,-7.5523,63.4801,233.4097,0.2726,-0.122,91.5785,110.9474,234.4624,0.4737,0.8259
2015-03-06T00:15:59.031Z,6.0854,69.0659,232.7459,0.2969,0.0877,-7.8709,62.3299,232.247,0.2686,-0.1294,91.3458,111.6418,233.6721,0.4781,0.8193
2015-03-06T00:16:59.338Z,6.3748,69.9077,233.4436,0.2991,0.0918,-7.3838,63.4573,232.5303,0.2727,-0.1186,91.2121,110.8871,233.9929,0.4734,0.823
2015-03-06T00:17:59.452Z,5.7432,69.4745,233.3231,0.2977,0.0824,-6.9052,61.5393,231.8992,0.2656,-0.1137,92.5479,112.4959,234.3263,0.4801,0.8231
2015-03-06T00:18:59.699Z,5.6709,69.1378,232.6333,0.297,0.0832,-7.2531,63.6565,231.8398,0.2742,-0.1166,91.9813,111.5026,233.9108,0.4767,0.8253
2015-03-06T00:19:59.056Z,6.9571,70.4736,234.3178,0.3011,0.0999,-7.587,62.8033,233.481,0.269,-0.1211,91.4876,112.0134,234.0099,0.4787,0.8178
2015-03-06T00:20:59.291Z,6.7713,70.2767,233.6698,0.3011,0.0967,-7.7057,62.0211,232.3949,0.2667,-0.1273,91.2673,110.8688,233.6662,0.4745,0.8237
2015-03-06T00:21:59.551Z,6.8052,70.0425,233.3809,0.3,0.0983,-7.7964,62.57,233.1227,0.2682,-0.1255,91.1096,111.7725,233.5673,0.4786,0.8158
2015-03-06T00:22:59.850Z,6.6742,70.5921,232.4145,0.3033,0.0957,-8.1145,63.3626,233.3852,0.2715,-0.129,90.9911,110.2202,233.0955,0.4727,0.8256
2015-03-06T00:23:59.154Z,6.7694,69.1844,232.1609,0.2977,0.0972,-7.905,63.772,233.2741,0.2733,-0.1267,90.4373,110.8384,232.8323,0.4758,0.8169
2015-03-06T00:24:59.382Z,6.5554,69.8571,232.3068,0.3001,0.0945,-7.5834,62.0285,232.1482,0.2676,-0.1234,91.0164,111.2022,233.1332,0.4767,0.8189
2015-03-06T00:25:59.792Z,6.4907,69.772,231.7393,0.3009,0.0926,-7.5332,61.3798,231.2328,0.2653,-0.1266,90.4942,110.8673,233.0459,0.4758,0.8178
2015-03-06T00:26:59.957Z,6.4627,69.8325,231.5542,0.3016,0.0936,-7.7999,62.1271,231.552,0.2684,-0.127,90.3191,109.7629,232.0676,0.4732,0.8237
2015-03-06T00:27:59.358Z,6.6147,70.3198,231.1761,0.3034,0.0949,-7.1999,64.3748,231.9846,0.2775,-0.113,89.5637,109.3269,230.7978,0.4733,0.8193
2015-03-06T00:28:59.579Z,5.9249,68.7557,232.6075,0.2958,0.0871,-7.7789,63.9079,232.3982,0.2751,-0.1221,89.1124,108.9133,231.0124,0.4714,0.819
2015-03-06T00:29:59.896Z,6.6163,70.0414,233.7759,0.2993,0.0953,-7.6667,62.48,232.8179,0.2681,-0.1269,91.2196,111.0021,233.3346,0.4762,0.8225
2015-03-06T00:30:59.107Z,5.7848,70.7092,234.1326,0.3024,0.0842,-7.028,62.3812,232.818,0.2681,-0.1171,90.9467,110.4321,233.6051,0.4727,0.8241
2015-03-06T00:31:59.339Z,5.6045,69.8344,233.6404,0.2989,0.0818,-7.3947,62.7489,232.5702,0.27,-0.1178,91.7827,112.1648,233.7642,0.4801,0.8191
2015-03-06T00:32:59.584Z,5.472,70.4,234.0379,0.3007,0.0786,-7.3648,62.2226,232.8744,0.267,-0.12,91.44,111.6138,234.2908,0.476,0.8202
2015-03-06T00:33:59.772Z,6.1427,69.7366,233.8688,0.2984,0.0887,-7.1742,62.5501,233.4072,0.2684,-0.1152,91.8332,111.4546,234.7139,0.4747,0.8249
2015-03-06T00:34:59.100Z,6.1211,71.5218,234.2596,0.3058,0.0838,-7.4596,63.0231,233.3616,0.27,-0.1208,91.221,110.613,233.2052,0.4744,0.8256
2015-03-06T00:35:59.376Z,6.7101,70.2455,234.0874,0.2995,0.096,-7.6153,63.4699,232.3384,0.2732,-0.1221,91.051,110.9087,233.1078,0.4759,0.8211
2015-03-06T00:36:59.593Z,5.6962,70.6962,232.8416,0.3033,0.0804,-6.9046,63.6444,232.183,0.2744,-0.1107,91.8804,111.3155,234.1622,0.4752,0.8257
2015-03-06T00:37:59.793Z,6.3286,70.6284,231.9773,0.3044,0.0895,-8.0027,61.3349,232.3449,0.2636,-0.1302,90.8373,111.1495,233.2295,0.477,0.8178
2015-03-06T00:38:59.083Z,5.9196,69.7796,231.1241,0.3017,0.0852,-7.5708,62.3498,231.8867,0.268,-0.1238,90.3101,110.4968,232.3061,0.4759,0.8177
2015-03-06T00:39:59.327Z,6.0376,69.9162,232.0071,0.3011,0.0873,-7.783,63.2744,232.2235,0.2723,-0.1237,91.2262,111.201,233.8982,0.4754,0.8211
2015-03-06T00:40:59.457Z,6.5415,68.7222,232.7012,0.2954,0.0975,-8.0662,61.1017,232.8058,0.2624,-0.1353,92.004,111.3339,234.4529,0.4747,0.8273
2015-03-06T00:41:59.684Z,6.9612,70.2977,233.1937,0.3013,0.1009,-8.2512,63.5668,232.3288,0.274,-0.1319,91.9332,112.1048,234.0871,0.4787,0.8205
2015-03-06T00:42:59.104Z,6.0633,70.2011,233.8501,0.3001,0.0882,-7.3566,64.1693,231.9082,0.2757,-0.1168,90.9858,110.7067,233.7889,0.4732,0.823
2015-03-06T00:43:59.318Z,6.6885,70.7195,233.7537,0.3033,0.0962,-7.7293,62.9246,231.7308,0.2713,-0.1246,91.7269,111.7537,234.0855,0.4777,0.8208
2015-03-06T00:44:59.465Z,6.6485,70.7788,233.7353,0.3031,0.0941,-7.6573,62.3808,232.3938,0.2685,-0.1244,91.9119,111.3746,234.3627,0.4752,0.8249
2015-03-06T00:45:59.789Z,6.8768,69.4974,233.1258,0.2978,0.0986,-7.7486,62.5482,231.4216,0.2701,-0.1277,91.3356,110.4874,233.5513,0.4733,0.8277
2015-03-06T00:46:59.067Z,7.0107,69.5379,232.9224,0.2981,0.1018,-8.3002,63.4457,231.0271,0.2749,-0.1324,90.8783,110.1661,233.15,0.4726,0.8258
2015-03-06T00:47:59.343Z,6.2965,69.6302,234.2136,0.2973,0.0911,-7.3228,63.7732,228.956,0.2788,-0.1178,91.3082,110.9955,233.4642,0.4751,0.8238
2015-03-06T00:48:59.879Z,6.3947,71.2879,234.8709,0.3032,0.0881,-7.9204,62.0387,228.9496,0.271,-0.1305,91.6256,111.5312,234.1409,0.4764,0.8223
2015-03-06T00:49:59.093Z,6.7339,70.1018,232.8977,0.3004,0.097,-7.4601,62.1612,232.2791,0.2679,-0.1256,90.682,110.6413,233.0049,0.4752,0.8198
2015-03-06T00:50:59.461Z,6.2975,70.4453,232.0415,0.3035,0.089,-7.3892,62.5979,230.9191,0.2709,-0.1196,89.6443,109.0855,231.7883,0.4705,0.8224
2015-03-06T00:51:59.650Z,6.2703,69.2004,231.6769,0.2991,0.0925,-7.843,61.8358,231.3963,0.267,-0.128,90.2957,110.0112,231.7152,0.4747,0.8225
2015-03-06T00:52:59.889Z,6.6521,69.2057,230.4692,0.3004,0.0967,-7.3862,62.08,231.3324,0.2689,-0.1201,89.6149,109.5444,231.8737,0.4723,0.8195
2015-03-06T00:53:59.192Z,6.2708,67.6993,230.8066,0.2928,0.0939,-7.9379,64.0941,231.664,0.2767,-0.1246,90.6589,109.3808,232.6034,0.4709,0.8287
2015-03-06T00:54:59.441Z,6.6341,69.1321,230.7,0.2996,0.0949,-7.3946,61.3052,231.5865,0.2648,-0.121,89.986,109.4612,232.5292,0.4712,0.823
2015-03-06T00:55:59.713Z,5.8782,68.9565,230.7535,0.2988,0.0867,-7.7157,61.2092,230.1376,0.2661,-0.1308,90.0964,109.1643,231.8332,0.4707,0.8268
2015-03-06T00:57:59.205Z,6.0529,69.4318,231.5138,0.2995,0.0877,-7.2673,61.6934,229.2131,0.2688,-0.1192,89.6333,109.3995,231.0663,0.4736,0.8201
2015-03-06T00:58:59.576Z,6.82,70.3087,231.8984,0.3025,0.0977,-7.693,62.4998,229.7085,0.2718,-0.1245,89.1664,109.99,231.4427,0.4752,0.8114
2015-03-06T00:59:59.832Z,6.5518,68.816,232.1195,0.2965,0.0964,-8.1751,61.4738,230.8807,0.2664,-0.1341,89.9815,109.2801,231.7677,0.4718,0.8242
2015-03-06T01:00:59.153Z,7.0137,65.6007,231.8699,0.2831,0.1092,-8.2921,60.1614,230.1966,0.2608,-0.1388,89.3671,107.7353,230.6668,0.4671,0.8304
2015-03-06T01:01:59.479Z,7.0548,69.0686,231.5125,0.298,0.1022,-7.996,62.6664,230.3904,0.2729,-0.1304,88.9636,108.6438,230.743,0.4708,0.8201
2015-03-06T01:02:59.804Z,6.7192,68.9438,231.4846,0.2975,0.0973,-8.3648,62.9801,230.4189,0.2733,-0.1336,89.5491,108.4597,230.9171,0.4693,0.826
2015-03-06T01:03:59.101Z,7.0497,68.0051,231.8718,0.2928,0.1052,-7.9144,62.9781,230.4179,0.273,-0.1272,89.5623,109.7361,231.0361,0.4752,0.8176
2015-03-06T01:04:59.296Z,7.0245,68.5581,230.7269,0.2973,0.1027,-7.9358,62.4473,230.2945,0.2714,-0.1299,88.8474,107.9798,230.4866,0.4685,0.8242
2015-03-06T01:05:59.578Z,5.373,68.2959,231.0179,0.2956,0.0788,-8.1214,60.2149,229.8971,0.2616,-0.1368,88.4597,108.0931,230.0377,0.47,0.8193
2015-03-06T01:06:59.881Z,6.4831,69.7131,231.1478,0.3012,0.092,-7.8616,61.6378,229.7044,0.2677,-0.1286,88.2373,107.953,229.8373,0.4698,0.8185
2015-03-06T01:07:59.074Z,6.3716,68.1732,229.9102,0.2961,0.0951,-7.7747,61.3176,229.4088,0.2674,-0.1253,88.8159,108.3756,229.9632,0.4713,0.8202
2015-03-06T01:08:59.369Z,6.7652,68.7575,230.4179,0.2985,0.0999,-7.9426,61.9371,229.5522,0.2697,-0.1312,88.4108,108.3221,230.033,0.4709,0.8174
2015-03-06T01:09:59.784Z,6.3399,68.7746,230.1367,0.2987,0.0932,-7.8208,62.0947,231.195,0.2685,-0.1301,88.63,108.0227,230.3903,0.4689,0.8214
2015-03-06T01:10:59.299Z,5.3416,69.2562,230.6846,0.3,0.0774,-7.6576,63.4757,231.6664,0.274,-0.1224,89.0381,108.3288,230.3316,0.4708,0.8223
2015-03-06T01:11:59.487Z,6.5652,69.7501,230.4491,0.3024,0.0925,-7.6353,61.008,231.496,0.2635,-0.1269,89.1677,109.4855,230.7486,0.4745,0.8154
2015-03-06T01:12:59.780Z,6.9475,68.9871,230.4758,0.2987,0.1018,-7.5254,62.539,231.2109,0.2703,-0.1215,88.9353,108.9997,230.5374,0.4723,0.8164
2015-03-06T01:13:59.047Z,6.9684,69.7937,231.5893,0.3019,0.0991,-7.9767,63.4775,231.0231,0.2743,-0.1285,89.0149,108.498,230.8496,0.4702,0.8208
2015-03-06T01:14:59.234Z,6.6315,69.516,231.7801,0.2998,0.096,-7.9279,61.3655,231.2802,0.2649,-0.1289,89.1548,109.1763,231.0839,0.4723,0.8175
2015-03-06T01:15:59.517Z,6.0503,69.091,232.0301,0.298,0.086,-7.7152,62.4887,230.811,0.2709,-0.1247,88.9624,108.7076,230.423,0.4719,0.819
2015-03-06T01:16:59.901Z,6.0077,68.9832,231.8421,0.2979,0.0889,-7.1991,62.3335,230.497,0.271,-0.1187,89.0382,108.3974,230.5424,0.4699,0.8223
2015-03-06T01:17:59.132Z,6.2426,68.9298,230.5771,0.2989,0.0906,-7.6656,63.8499,229.8416,0.2773,-0.1222,89.5639,108.8507,230.7862,0.4716,0.8234
2015-03-06T01:18:59.613Z,5.7742,69.5422,231.4403,0.3004,0.0842,-7.3267,62.5062,230.844,0.2711,-0.1186,90.6714,110.8403,232.3737,0.477,0.8189
2015-03-06T01:19:59.816Z,6.098,70.036,232.6159,0.3004,0.087,-7.6103,61.3804,232.3018,0.2642,-0.129,90.6153,110.6911,233.0099,0.4747,0.8201
2015-03-06T01:20:59.086Z,6.8722,69.7412,231.7549,0.3009,0.0997,-8.0346,62.0277,231.9114,0.2673,-0.1334,91.0953,110.6717,233.3154,0.4747,0.8246
2015-03-06T01:21:59.343Z,6.7203,69.154,232.0335,0.2979,0.0982,-8.0907,62.9918,231.681,0.2722,-0.1292,91.2555,110.8743,233.3856,0.4749,0.8245
2015-03-06T01:22:59.858Z,6.6865,69.1215,232.0085,0.2975,0.098,-7.8605,61.9202,231.6076,0.2677,-0.128,90.7886,111.2955,233.4622,0.4766,0.8167
2015-03-06T01:23:59.119Z,7.1437,69.386,231.9144,0.2987,0.1033,-7.4377,62.8804,231.591,0.271,-0.1236,90.9242,110.7518,233.2662,0.4746,0.8219
2015-03-06T01:24:59.335Z,6.45,69.0889,232.3758,0.2973,0.0947,-7.7877,61.1349,231.7725,0.2638,-0.1302,91.533,110.9029,233.5657,0.4749,0.8265
2015-03-06T01:25:59.635Z,6.663,70.3032,232.063,0.3029,0.0973,-7.993,62.1002,231.3602,0.2687,-0.1309,90.7076,110.4225,232.7746,0.4742,0.8221
2015-03-06T01:26:59.918Z,6.6893,68.992,231.8699,0.297,0.098,-7.5857,61.7092,230.3885,0.2671,-0.1248,89.7045,109.8029,232.0344,0.4727,0.817
2015-03-06T01:27:59.254Z,6.3106,70.0299,231.4974,0.3026,0.0913,-7.8253,62.1503,230.6648,0.2697,-0.1263,88.8724,109.2879,230.7279,0.4734,0.8138
2015-03-06T01:28:59.476Z,6.4319,68.9588,230.8651,0.2988,0.0968,-7.6471,61.2654,230.309,0.2656,-0.1285,89.0344,108.3734,230.9291,0.4696,0.8226
2015-03-06T01:29:59.820Z,7.3266,68.5935,231.669,0.2961,0.1074,-7.7793,62.4799,230.4614,0.2709,-0.1279,90.0591,109.2675,232.1335,0.4711,0.8249
2015-03-06T01:30:59.071Z,7.0064,68.5123,230.4129,0.2971,0.1032,-7.6778,62.3814,230.0856,0.271,-0.125,90.3484,110.185,231.9404,0.4753,0.8212
2015-03-06T01:31:59.272Z,6.7309,68.9568,229.5986,0.3002,0.0987,-7.8403,61.7721,230.3697,0.268,-0.1292,90.1989,109.6903,231.8509,0.4737,0.8231
2015-03-06T01:32:59.577Z,5.9244,68.1175,229.4403,0.2967,0.0879,-7.2349,62.5273,231.3576,0.2703,-0.116,89.8396,109.2949,231.7573,0.471,0.8225
2015-03-06T01:33:59.835Z,5.6507,68.1787,229.4252,0.2968,0.0842,-7.608,61.4488,231.4409,0.2656,-0.1264,89.6823,109.9804,231.8168,0.4746,0.8159
2015-03-06T01:34:59.122Z,6.6379,69.0327,230.2347,0.2996,0.0977,-7.9178,61.3813,231.2819,0.2654,-0.1323,90.294,110.7538,231.9937,0.4771,0.8163
2015-03-06T01:35:59.252Z,7.1416,68.8095,230.8834,0.2984,0.1044,-7.4195,61.1864,230.6863,0.2646,-0.123,90.2131,109.8313,232.0537,0.4736,0.8222
2015-03-06T01:36:59.455Z,6.3957,68.4024,230.3253,0.2973,0.0936,-7.9774,60.881,229.9621,0.265,-0.1315,89.8915,109.7587,231.6833,0.4737,0.8195
2015-03-06T01:37:59.666Z,6.9725,69.1282,231.001,0.2993,0.1018,-7.2286,61.8701,229.5185,0.2697,-0.1209,89.3979,109.3543,231.6885,0.4725,0.8185
2015-03-06T01:38:59.924Z,6.6977,68.5745,231.0734,0.2969,0.099,-7.916,62.4413,230.2484,0.2715,-0.1288,90.1912,110.6209,232.5181,0.4758,0.8175
2015-03-06T01:39:59.154Z,5.6837,69.0118,231.6343,0.2979,0.0838,-7.0474,61.9858,231.6481,0.2678,-0.1157,91.0496,110.2882,233.0792,0.4733,0.8267
2015-03-06T01:40:59.395Z,5.3788,69.7481,231.8554,0.3009,0.0781,-7.9187,62.7295,231.7708,0.2703,-0.1265,90.2877,109.6008,232.7056,0.4708,0.8252
2015-03-06T01:41:59.739Z,6.0711,68.0134,231.0987,0.2941,0.0891,-7.2258,63.2104,230.9692,0.2742,-0.1161,90.9827,110.5862,232.3261,0.4758,0.8235
2015-03-06T01:42:59.154Z,5.6059,68.3872,232.2947,0.2949,0.0829,-7.8502,61.9849,231.2507,0.2681,-0.1283,90.3378,109.9464,231.6008,0.4746,0.8229
2015-03-06T01:43:59.461Z,6.3137,68.9235,232.3633,0.2966,0.0924,-7.6547,62.3103,231.1337,0.2693,-0.1273,89.7385,109.2045,231.8,0.4711,0.8234
2015-03-06T01:44:59.603Z,7.1501,68.2615,231.5824,0.2946,0.1054,-7.7719,60.1896,228.1344,0.2638,-0.1327,90.2914,110.963,232.2468,0.4775,0.8146
2015-03-06T01:45:59.936Z,6.6854,69.4537,231.7336,0.2996,0.0975,-7.7985,61.5605,229.413,0.268,-0.1279,90.2649,110.1302,231.8758,0.4749,0.8198
2015-03-06T01:46:59.259Z,6.0827,69.3403,231.7248,0.2994,0.0888,-7.83,61.1681,231.0774,0.2648,-0.1312,89.2916,109.6389,230.6337,0.4751,0.8147
2015-03-06T01:47:59.414Z,6.0779,69.1117,231.1513,0.2991,0.0889,-7.1376,62.0011,230.881,0.2684,-0.1173,87.7732,107.3785,228.7854,0.4692,0.8182
2015-03-06T01:48:59.631Z,6.1502,70.3982,231.8416,0.3031,0.0873,-8.0474,63.0163,230.6419,0.2727,-0.1296,88.147,107.1253,228.9305,0.4679,0.8235
2015-03-06T01:49:59.907Z,6.9767,69.8656,233.147,0.2997,0.0998,-7.1992,61.5841,231.0377,0.2664,-0.1207,89.0766,108.3062,230.7002,0.4692,0.8235
2015-03-06T01:50:59.127Z,6.5417,69.8602,232.8818,0.2991,0.0941,-7.9604,62.8167,231.1097,0.272,-0.128,88.9939,108.9347,230.2922,0.4734,0.8171
2015-03-06T01:51:59.356Z,6.3396,70.2931,232.5208,0.3024,0.0912,-7.7067,60.7138,231.0366,0.2634,-0.1281,88.0182,106.7664,230.0309,0.4643,0.8245
2015-03-06T01:52:59.601Z,5.9784,70.5192,233.0366,0.3023,0.0853,-7.7247,63.3397,231.366,0.2735,-0.1232,88.3386,108.0266,229.7152,0.4701,0.8187
2015-03-06T01:53:59.875Z,5.6664,69.3635,232.9529,0.2976,0.0826,-7.3566,61.8395,231.7404,0.2671,-0.1205,88.2337,107.5552,229.2387,0.4695,0.8218
2015-03-06T01:54:59.157Z,5.89,69.3753,232.8671,0.298,0.0863,-7.1564,61.3076,231.6073,0.2649,-0.12,88.7871,108.4909,229.5047,0.4727,0.8198
2015-03-06T01:55:59.436Z,6.742,68.7063,232.1009,0.2965,0.0987,-8.6217,60.9488,230.776,0.2641,-0.1436,88.2421,106.8261,229.1454,0.466,0.827
2015-03-06T01:56:59.746Z,6.5304,68.8945,231.4543,0.2981,0.0954,-7.5901,61.7102,230.5638,0.2679,-0.1251,88.1035,107.1021,229.2818,0.4673,0.824
2015-03-06T01:57:59.027Z,6.2623,70.2103,232.0571,0.302,0.0902,-7.5302,61.192,228.1352,0.2681,-0.1238,88.1831,108.0902,229.7193,0.4702,0.8162
2015-03-06T01:58:59.229Z,5.9905,69.0113,231.9149,0.2975,0.0898,-7.2554,59.7193,226.4838,0.2638,-0.126,88.571,107.8784,229.9025,0.4692,0.8219
2015-03-06T01:59:59.449Z,6.2997,69.1253,230.5262,0.3,0.0926,-7.7948,62.1848,230.4173,0.2697,-0.1299,89.0763,108.4266,230.1609,0.4713,0.823
2015-03-06T02:00:59.727Z,6.5305,67.2993,231.1216,0.2917,0.0988,-7.5563,62.2466,230.9175,0.269,-0.1238,88.8774,108.0634,230.0483,0.4697,0.8232
2015-03-06T02:01:59.057Z,6.112,69.2771,231.3224,0.2991,0.0882,-8.1904,63.3536,230.5521,0.2749,-0.1318,88.922,108.9098,230.1299,0.4732,0.8174
2015-03-06T02:02:59.357Z,6.0593,70.296,232.6397,0.3018,0.0869,-7.3846,60.4254,230.5566,0.2626,-0.1222,89.5869,109.9651,230.2387,0.4779,0.8157
2015-03-06T02:03:59.623Z,6.6188,68.2945,231.9259,0.2946,0.0985,-7.3604,61.9971,230.2352,0.2695,-0.1216,89.6319,109.8101,231.3321,0.4749,0.8171
2015-03-06T02:04:59.109Z,6.7352,68.8242,232.1252,0.2963,0.0991,-7.7133,62.6431,230.733,0.2711,-0.1244,89.2671,109.0228,231.4798,0.4709,0.8193
2015-03-06T02:05:59.333Z,5.9761,69.5143,232.0822,0.2995,0.0867,-7.3528,63.391,230.3905,0.2751,-0.1179,89.3167,108.5674,231.1611,0.4693,0.8225
2015-03-06T02:06:59.499Z,6.4067,69.0576,232.102,0.2975,0.0936,-7.3278,60.7971,230.0988,0.2644,-0.1233,89.2877,109.4131,231.2904,0.4736,0.8162
2015-03-06T02:07:59.971Z,6.9565,69.9531,231.2258,0.3029,0.1,-7.6075,61.5936,229.1752,0.2686,-0.1258,90.1622,109.9244,232.0946,0.4737,0.8203
2015-03-06T02:08:59.174Z,5.4567,69.4397,231.3422,0.3001,0.0794,-7.0399,59.9718,229.5954,0.2607,-0.1228,89.9198,109.6582,232.1511,0.4724,0.8208
2015-03-06T02:09:59.499Z,6.6861,69.5211,232.0634,0.2997,0.0962,-7.391,62.5928,230.655,0.2712,-0.1205,90.5766,110.9015,232.6078,0.4766,0.8183
2015-03-06T02:10:59.834Z,6.8765,68.5729,231.622,0.2962,0.1001,-7.5064,61.8701,230.8499,0.2678,-0.1241,90.7135,110.2391,232.7759,0.4737,0.8244
2015-03-06T02:11:59.015Z,6.6953,68.7258,231.1167,0.2972,0.0968,-7.2927,63.5388,230.3696,0.2757,-0.1171,90.09,109.4243,232.0026,0.4719,0.8236
2015-03-06T02:12:59.207Z,6.5433,68.8709,230.5632,0.2981,0.0951,-7.7511,63.4737,230.3224,0.2754,-0.1242,90.6457,110.208,232.1769,0.4741,0.8226
2015-03-06T02:13:59.372Z,5.9997,68.3638,230.7369,0.296,0.0889,-7.3721,60.9754,230.2622,0.2652,-0.1241,89.5477,109.0957,231.8673,0.4701,0.8214
2015-03-06T02:14:59.707Z,6.0058,69.0918,230.9493,0.2989,0.0867,-7.3224,63.5636,230.588,0.2751,-0.1185,89.8302,109.4265,232.0133,0.4715,0.8219
2015-03-06T02:15:59.085Z,6.6716,68.3456,230.9859,0.2966,0.0976,-8.0556,62.0927,230.2267,0.27,-0.1313,90.3291,109.0633,232.2072,0.4702,0.8284
2015-03-06T02:16:59.454Z,6.5876,69.2591,230.1574,0.3011,0.0949,-7.8048,62.6766,229.5016,0.2734,-0.1268,89.6005,108.942,231.3459,0.4707,0.8232
2015-03-06T02:17:59.731Z,6.3465,69.2324,230.1544,0.3008,0.093,-7.4264,62.6666,226.1547,0.2774,-0.1197,90.3421,110.5299,232.243,0.4763,0.8184
2015-03-06T02:18:59.084Z,6.8598,68.6682,229.2654,0.2992,0.1011,-7.7526,60.3502,227.3502,0.2654,-0.1304,90.4996,109.1816,232.2648,0.4696,0.8296
2015-03-06T02:19:59.359Z,6.9114,70.0255,230.8062,0.3032,0.1004,-7.8845,61.1254,230.4672,0.2657,-0.1329,90.1858,109.4391,232.0289,0.4717,0.8252
2015-03-06T02:20:59.598Z,5.8423,69.9703,231.1395,0.3024,0.0853,-7.1826,63.3598,230.2384,0.2752,-0.1168,89.4307,109.5034,231.8315,0.4726,0.8169
2015-03-06T02:21:59.842Z,6.2249,68.7719,230.8518,0.2979,0.0914,-7.6086,62.4881,230.0934,0.2715,-0.1238,89.3037,109.6837,231.41,0.4745,0.8151
2015-03-06T02:22:59.146Z,6.0537,70.4174,230.778,0.3046,0.0857,-7.3976,61.7477,229.8086,0.2684,-0.1219,89.8191,110.5402,231.2809,0.4779,0.8139
2015-03-06T02:23:59.351Z,6.4235,69.4975,231.1156,0.3009,0.094,-7.9847,62.8877,227.0023,0.2771,-0.1241,89.959,109.9556,232.1236,0.4738,0.8184
2015-03-06T02:24:59.622Z,6.2626,69.1785,231.1999,0.299,0.0917,-6.9473,61.3667,227.9229,0.2692,-0.1153,90.1089,110.2759,231.916,0.4751,0.8177
2015-03-06T02:25:59.141Z,6.2466,69.2518,230.2187,0.3009,0.0927,-7.9492,63.0364,229.6751,0.2744,-0.1277,89.3489,109.0667,231.1422,0.472,0.8207
2015-03-06T02:26:59.401Z,6.5598,69.6646,229.8473,0.3029,0.0949,-7.7645,60.7805,228.6711,0.2662,-0.1288,88.9123,108.9258,230.5866,0.4721,0.8181
2015-03-06T02:27:59.721Z,6.1473,69.0051,230.4137,0.2993,0.0899,-7.4926,61.5453,228.7473,0.2688,-0.1229,88.5632,108.4621,230.3066,0.4711,0.8178
2015-03-06T02:28:59.956Z,5.7466,69.1615,231.3179,0.2986,0.084,-7.3574,61.4564,229.2472,0.2684,-0.1232,89.4768,108.8576,230.6096,0.4718,0.8224
2015-03-06T02:29:59.285Z,6.296,70.1203,230.3119,0.3038,0.0911,-7.5893,61.7396,229.9196,0.2688,-0.124,89.4203,108.9583,231.144,0.4716,0.8212
2015-03-06T02:30:59.600Z,6.9409,69.5847,230.297,0.3016,0.0987,-8.1235,62.1201,230.4049,0.2696,-0.1315,89.5019,108.6808,231.2407,0.4697,0.8236
2015-03-06T02:31:59.955Z,6.1907,69.7479,230.8473,0.3024,0.0899,-7.7472,62.8097,230.1352,0.2728,-0.1248,89.2146,109.0951,231.077,0.472,0.8185
2015-03-06T02:32:59.213Z,6.7128,69.0935,230.9261,0.2991,0.0976,-7.9375,61.986,230.3904,0.2692,-0.1309,89.9845,109.1349,231.8152,0.4708,0.8245
2015-03-06T02:33:59.401Z,6.8243,67.7747,229.5864,0.2949,0.1017,-7.662,60.9767,228.8423,0.266,-0.1291,90.3607,109.7477,231.8158,0.4732,0.8248
2015-03-06T02:34:59.733Z,6.8687,69.346,229.4513,0.3024,0.0997,-7.5459,60.6252,226.6554,0.2673,-0.1269,89.5284,109.7381,231.5763,0.4737,0.8159
2015-03-06T02:35:59.102Z,6.4651,67.4083,228.7773,0.2949,0.0977,-7.8028,61.0374,228.446,0.2668,-0.131,88.8194,108.853,230.0377,0.4733,0.8169
2015-03-06T02:36:59.468Z,6.2993,68.6823,228.9967,0.2999,0.0945,-7.3134,61.9676,227.6626,0.2721,-0.1192,88.1609,107.7586,229.8251,0.4685,0.8186
2015-03-06T02:37:59.829Z,6.4938,67.5935,229.5412,0.2945,0.099,-7.2067,60.8379,227.9534,0.2668,-0.1195,87.9508,108.1088,229.683,0.4709,0.8145
2015-03-06T02:38:59.132Z,6.5086,68.0394,229.2261,0.2966,0.0983,-7.4643,60.5112,228.1669,0.2656,-0.1281,87.8357,108.0264,229.3482,0.4712,0.8148
2015-03-06T02:39:59.450Z,6.0386,68.5566,230.7857,0.2971,0.0887,-8.0675,62.0741,229.1535,0.2707,-0.1312,88.9445,108.6909,230.9574,0.4701,0.8191
2015-03-06T02:40:59.822Z,5.8017,68.1597,230.8743,0.2951,0.0865,-7.7065,61.551,229.1308,0.2688,-0.1262,89.5007,109.3583,231.3978,0.4727,0.8196
2015-03-06T02:41:59.124Z,6.7389,68.8988,230.4787,0.2992,0.0991,-7.7533,61.7322,228.9557,0.2697,-0.1282,89.2001,109.1392,231.1373,0.4722,0.8178
2015-03-06T02:42:59.537Z,6.8086,69.7949,230.7809,0.3026,0.1004,-7.7486,62.9929,229.456,0.2742,-0.1236,89.6587,109.3329,231.5334,0.4725,0.8208
2015-03-06T02:43:59.833Z,6.4196,69.1622,231.2153,0.2988,0.0944,-7.7498,61.0168,229.606,0.266,-0.1289,88.8877,108.4577,231.4293,0.4684,0.8208
2015-03-06T02:44:59.147Z,6.8226,69.9498,231.5407,0.3021,0.0989,-7.5347,61.6079,229.6961,0.2686,-0.1251,89.434,109.9477,231.5686,0.4748,0.8142
2015-03-06T02:45:59.295Z,6.9781,69.7399,231.4575,0.301,0.1003,-7.9077,61.5366,230.3355,0.267,-0.1307,90.1268,110.8956,232.3481,0.4774,0.8131
2015-03-06T02:46:59.466Z,6.6786,69.7929,231.1099,0.3023,0.096,-7.6576,61.3423,229.8073,0.2672,-0.1261,90.0133,109.4727,232.1759,0.4722,0.823
2015-03-06T02:47:59.742Z,6.5573,68.6653,230.788,0.2974,0.0974,-7.8016,61.3186,229.3801,0.2671,-0.1275,89.9645,109.2885,231.873,0.4716,0.8242
2015-03-06T02:48:59.995Z,6.8809,69.528,229.8453,0.3029,0.0996,-7.6636,61.472,229.6727,0.2677,-0.1309,89.0131,108.7881,230.8531,0.4711,0.8192
2015-03-06T02:49:59.295Z,7.1669,68.373,230.6683,0.2964,0.1042,-7.8164,61.9392,229.7046,0.2697,-0.129,89.8548,109.6112,231.7629,0.4727,0.8207
2015-03-06T02:50:59.505Z,6.5252,70.5197,231.7241,0.3041,0.0935,-7.2173,61.2622,227.8565,0.2686,-0.1198,90.7611,110.9195,232.7941,0.4765,0.8186
2015-03-06T02:51:59.727Z,6.6968,68.2929,230.7669,0.2959,0.0987,-8.0793,62.8047,229.2431,0.2736,-0.1311,89.9414,109.7926,231.5871,0.4741,0.8196
2015-03-06T02:52:59.913Z,5.1389,68.6108,231.8909,0.2958,0.0758,-7.2793,59.8095,230.8916,0.2595,-0.1243,89.3621,109.7245,231.9329,0.4732,0.8159
2015-03-06T02:53:59.131Z,6.1039,70.1857,231.6619,0.3029,0.0884,-7.3374,61.1751,230.9911,0.2652,-0.1206,89.8083,110.0432,232.3701,0.4734,0.8168
2015-03-06T02:54:59.313Z,5.7438,69.8671,231.6227,0.3019,0.083,-7.4057,62.2781,230.9746,0.2696,-0.122,90.2733,110.1398,231.9993,0.4749,0.8203
2015-03-06T02:55:59.530Z,6.6313,69.3242,231.0408,0.2999,0.0974,-7.7771,62.2493,230.9805,0.2696,-0.1265,90.7571,109.7981,232.147,0.4724,0.8268
2015-03-06T02:56:59.902Z,7.1012,69.4699,230.8757,0.3008,0.1029,-7.6661,62.2711,230.2465,0.2703,-0.1253,91.5462,111.8527,232.0675,0.4817,0.8192
2015-03-06T02:57:59.233Z,472.0872,738.752,230.6727,3.207,0.3979,496.6176,823.1126,229.3016,3.5985,0.302,910.0816,1242.8879,229.4243,5.4369,0.7938
2015-03-06T02:58:59.443Z,922.3526,1350.393,231.0427,5.8448,0.6832,921.8554,1407.1262,228.0848,6.1692,0.6551,1423.7493,1961.9814,227.1572,8.6366,0.7257
2015-03-06T02:59:59.694Z,927.6296,1361.0522,231.1977,5.8871,0.6816,955.6777,1442.7347,229.5094,6.2854,0.6626,1442.117,2001.8463,228.5581,8.7577,0.7202
