2015-01-31T00:00:59.809Z,4.4642,67.7051,231.2437,0.2933,0.0667,2.5593,61.5244,230.9319,0.2663,0.0402,2.8491,62.3787,232.6465,0.2677,0.0463
2015-01-31T00:01:59.109Z,4.8592,68.3119,231.5804,0.2954,0.0718,2.6057,63.3907,231.2453,0.2745,0.0406,3.6567,62.1593,232.9379,0.2676,0.0593
2015-01-31T00:02:59.284Z,5.8697,68.6749,231.4416,0.2971,0.0874,2.2532,59.3711,231.4882,0.2564,0.0383,3.3003,61.7785,232.9445,0.2646,0.055
2015-01-31T00:03:59.446Z,6.2954,69.2288,231.3782,0.2992,0.0913,2.8019,61.4963,231.1804,0.2664,0.0459,3.7586,62.8451,232.4758,0.2703,0.0602
2015-01-31T00:04:59.732Z,5.7905,68.6202,231.3858,0.296,0.0866,2.894,62.3508,231.4353,0.2691,0.0467,65.9737,110.6454,232.2375,0.4763,0.4418
2015-01-31T00:05:59.475Z,4.8375,68.8973,231.5008,0.2974,0.0726,2.2798,61.8774,231.5275,0.2671,0.0364,3.0935,62.8836,232.3491,0.2707,0.0498
2015-01-31T00:06:59.720Z,5.6841,69.9146,231.6598,0.3015,0.0823,2.749,62.4986,230.4584,0.2715,0.042,3.1362,63.4331,232.47,0.2729,0.05
2015-01-31T00:07:59.954Z,5.4931,68.7547,231.6197,0.297,0.0809,2.2658,61.1095,228.9113,0.267,0.0376,2.9116,63.0597,233.6298,0.2692,0.0484
2015-01-31T00:08:59.197Z,5.4787,68.6996,231.2449,0.2964,0.0818,2.6239,60.4012,231.1691,0.2612,0.0442,2.9667,62.468,232.481,0.2682,0.0497
2015-01-31T00:09:59.549Z,4.4566,68.3521,230.6114,0.2968,0.0666,2.3257,62.8307,231.8912,0.271,0.0392,3.3513,61.2732,230.9312,0.2649,0.0555
2015-01-31T00:10:59.880Z,4.8638,68.4101,231.8801,0.2947,0.073,2.2998,62.2109,232.21,0.2679,0.0373,2.6642,62.6418,232.5512,0.2692,0.0447
2015-01-31T00:11:59.282Z,5.5076,69.6352,232.7209,0.2989,0.0803,3.0062,62.8537,232.9143,0.2702,0.0484,3.2054,62.6959,233.7071,0.2678,0.052
2015-01-31T00:12:59.563Z,5.8893,68.6992,232.1433,0.2959,0.0866,2.3256,62.377,233.0544,0.2674,0.0364,3.1089,61.6469,232.9625,0.2642,0.0512
2015-01-31T00:13:59.235Z,5.792,70.0966,232.6607,0.3014,0.0833,2.6992,60.794,233.1841,0.2604,0.0439,3.2632,63.0033,233.1457,0.2701,0.0527
2015-01-31T00:14:59.612Z,5.4128,70.3954,232.7186,0.3024,0.0785,2.7885,62.7414,233.3425,0.2691,0.0454,50.296,100.8812,233.3242,0.4324,0.3413
2015-01-31T00:15:59.925Z,5.5749,69.8153,232.0255,0.3007,0.0815,2.2477,62.6195,232.7041,0.2691,0.0354,19.2351,74.8782,232.6973,0.3219,0.1581
2015-01-31T00:16:59.159Z,5.9092,68.203,231.8479,0.2933,0.0881,2.5728,61.1356,232.2188,0.2636,0.0416,3.0241,61.7288,232.5624,0.2651,0.0496
2015-01-31T00:17:59.079Z,4.6425,69.9754,232.0852,0.3013,0.067,2.42,62.2604,232.2965,0.2682,0.0405,3.0821,60.8344,232.3813,0.2619,0.0543
2015-01-31T00:18:59.406Z,5.6708,69.5715,232.9058,0.2984,0.0822,2.2171,62.2169,231.66,0.269,0.0367,3.4677,62.0351,232.3238,0.2673,0.056
2015-01-31T00:19:59.715Z,5.4386,69.068,233.1655,0.2958,0.0809,2.4571,62.1733,230.0546,0.2702,0.0408,2.8852,63.0261,232.2658,0.2713,0.0459
2015-01-31T00:20:59.086Z,5.7647,70.2359,233.0648,0.3012,0.0844,2.2363,60.7631,229.9072,0.2641,0.0362,3.1014,63.0929,232.192,0.2718,0.0486
2015-01-31T00:21:59.459Z,4.6631,68.8142,232.8401,0.2955,0.0682,2.6616,62.0953,233.0463,0.2665,0.0435,3.2005,63.02,232.1849,0.272,0.0504
2015-01-31T00:22:59.773Z,5.9447,69.9984,231.6757,0.3021,0.0858,2.4009,63.0377,233.4151,0.2703,0.0385,3.1045,63.0207,233.2502,0.2701,0.0493
2015-01-31T00:23:59.006Z,5.7906,69.0072,232.1989,0.2974,0.0861,2.1401,61.448,233.0822,0.2637,0.0358,3.1765,62.1227,232.5793,0.2672,0.0538
2015-01-31T00:24:59.251Z,5.9018,68.6659,232.9023,0.2948,0.0864,2.0896,61.4012,233.1018,0.2634,0.0345,26.2986,80.9592,232.2562,0.3484,0.1466
2015-01-31T00:25:59.499Z,3.8944,69.1602,232.2491,0.2978,0.0568,3.1757,62.7867,233.4335,0.2693,0.0492,130.5921,151.454,232.204,0.6529,0.8414
2015-01-31T00:26:59.805Z,3.7503,69.4807,232.056,0.2991,0.0536,2.8715,63.4598,233.2035,0.2719,0.0464,83.2185,103.3462,232.8038,0.4438,0.8054
2015-01-31T00:27:59.962Z,2.9174,69.4457,231.9114,0.2996,0.0423,3.4842,60.8505,233.3489,0.2608,0.0573,83.1717,103.6648,232.959,0.445,0.8037
2015-01-31T00:28:59.210Z,3.2572,70.0617,233.1202,0.3006,0.0467,2.9738,62.799,232.4387,0.2704,0.0462,82.3204,103.3579,232.6452,0.4443,0.7969
2015-01-31T00:29:59.821Z,2.5343,69.2262,232.8215,0.2976,0.0366,2.8016,62.644,231.6445,0.2708,0.0449,82.3435,102.0992,232.0065,0.4401,0.807
2015-01-31T00:30:59.274Z,3.4567,69.7219,233.284,0.299,0.0503,3.1337,62.2385,232.8458,0.2667,0.0505,82.3842,102.7042,232.4511,0.4422,0.8038
2015-01-31T00:31:59.838Z,3.3322,70.7809,233.6962,0.3024,0.0452,3.0314,62.5951,233.6397,0.2682,0.049,82.8979,103.8405,232.7316,0.4467,0.7991
2015-01-31T00:32:59.112Z,3.3507,69.1809,233.3087,0.2963,0.0467,2.9611,62.864,233.4673,0.2696,0.0513,83.0002,103.061,233.263,0.4418,0.8068
2015-01-31T00:33:59.398Z,3.1329,71.1056,233.5308,0.3046,0.0443,2.5245,61.8565,232.7511,0.2659,0.0412,83.2602,104.0519,233.5754,0.4453,0.8015
2015-01-31T00:34:59.842Z,3.0567,69.781,233.6878,0.2983,0.0437,2.833,63.3933,232.7508,0.2724,0.0441,83.4384,104.6002,233.3842,0.4482,0.799
2015-01-31T00:35:59.101Z,4.348,70.5063,234.0234,0.3007,0.0632,3.2261,63.6694,233.2032,0.273,0.0513,145.4014,166.19,233.5544,0.712,0.8561
2015-01-31T00:36:59.534Z,5.7095,70.7546,234.441,0.3015,0.0828,2.1992,63.6163,233.5604,0.2716,0.0343,83.5539,104.0517,233.6664,0.4455,0.8036
2015-01-31T00:37:59.888Z,5.6091,69.3007,233.7677,0.2968,0.0841,2.2701,60.0803,232.6963,0.2579,0.0369,83.1686,103.8981,232.9319,0.446,0.8025
2015-01-31T00:38:59.245Z,5.3897,69.1879,233.2218,0.2962,0.0788,3.097,61.128,233.0019,0.2622,0.0526,82.4667,102.0526,232.4764,0.4384,0.8083
2015-01-31T00:39:59.535Z,5.4546,70.0653,233.083,0.3005,0.0793,2.0876,62.0363,232.8749,0.2662,0.0357,82.2346,103.2934,232.0665,0.4447,0.7976
2015-01-31T00:40:59.666Z,5.3317,69.7357,233.7621,0.2982,0.0778,2.7287,63.1557,233.3264,0.2712,0.0425,83.025,103.69,233.2971,0.4447,0.8013
2015-01-31T00:41:59.962Z,5.2556,69.377,234.0386,0.2965,0.0788,2.3046,62.1663,233.2691,0.2665,0.0368,83.1704,104.142,233.614,0.4455,0.8
2015-01-31T00:42:59.161Z,5.362,70.8444,234.5502,0.3022,0.0769,2.0399,61.8973,230.7249,0.2679,0.035,85.0971,106.7301,235.9294,0.4526,0.7982
2015-01-31T00:43:59.624Z,4.9734,70.2815,233.3143,0.3012,0.0711,2.6073,61.0138,231.2378,0.2636,0.0427,84.2252,105.2695,234.5184,0.4489,0.8013
2015-01-31T00:44:59.838Z,5.3992,69.5923,231.4815,0.3003,0.0788,2.3024,61.6005,230.6215,0.2672,0.0366,82.2291,101.763,231.9909,0.4388,0.8086
2015-01-31T00:45:59.181Z,4.3249,69.6167,231.2458,0.3011,0.0613,2.9172,61.4646,230.3939,0.2667,0.0484,145.1292,165.2375,231.3316,0.7148,0.8582
2015-01-31T00:46:59.638Z,3.6603,68.7296,231.683,0.2965,0.053,2.5689,60.6017,230.076,0.2633,0.043,81.8637,102.5317,231.5516,0.443,0.7996
2015-01-31T00:47:59.414Z,2.851,69.5779,231.2865,0.301,0.0411,3.0287,62.1571,230.0154,0.2703,0.0496,81.8621,102.3757,231.2277,0.4425,0.801
2015-01-31T00:48:59.924Z,2.7551,69.4385,229.9932,0.3018,0.0375,2.7509,60.7962,229.346,0.2653,0.046,81.1651,101.9543,230.7756,0.4418,0.7968
2015-01-31T00:49:59.249Z,2.8676,68.658,229.6322,0.2991,0.0422,3.151,61.6918,228.7538,0.2698,0.0508,81.2452,101.5578,231.168,0.4401,0.8004
2015-01-31T00:50:59.756Z,3.8182,68.6466,230.2243,0.2978,0.0547,3.25,60.82,229.3634,0.2657,0.0543,81.271,102.8358,230.9377,0.4454,0.7904
2015-01-31T00:51:59.396Z,3.339,66.7195,230.6913,0.289,0.051,2.4893,62.3505,230.1085,0.2703,0.04,81.4862,101.7367,230.6387,0.4408,0.8024
2015-01-31T00:52:59.656Z,2.7416,68.5291,230.844,0.297,0.0392,2.7708,61.1037,230.4265,0.2653,0.0472,81.1527,101.737,230.6288,0.4413,0.799
2015-01-31T00:53:59.915Z,2.6875,68.8289,230.8508,0.2984,0.0386,2.8391,60.6482,230.1184,0.2633,0.0465,81.3307,101.2312,230.2708,0.4397,0.8044
2015-01-31T00:54:59.248Z,3.2589,69.0124,230.7472,0.2992,0.0484,3.2057,62.4499,230.1793,0.2712,0.0514,80.9177,102.1659,230.184,0.4436,0.7932
2015-01-31T00:55:59.813Z,3.6718,69.4095,230.9211,0.3005,0.0525,3.0858,62.5248,230.1733,0.2715,0.0491,116.894,137.1672,230.1174,0.5966,0.8325
2015-01-31T00:56:59.209Z,2.9929,69.1336,231.2547,0.299,0.0428,2.8696,61.9777,230.2591,0.269,0.0471,104.9603,124.8417,230.4454,0.5416,0.8257
2015-01-31T00:57:59.397Z,2.9104,67.571,229.97,0.294,0.0442,2.81,59.8587,229.1863,0.261,0.0474,80.6153,101.2585,229.9175,0.4405,0.7973
2015-01-31T00:58:59.827Z,3.3479,67.9374,229.9889,0.2955,0.0505,3.0764,60.9813,229.4354,0.2657,0.0521,81.5318,101.5401,231.2901,0.4391,0.804
2015-01-31T00:59:59.302Z,3.9012,68.8824,229.9473,0.2997,0.0562,3.2673,61.7031,229.9741,0.2686,0.052,81.8169,101.8057,231.7614,0.4395,0.804
