2015-01-30T00:00:59.709Z,5.8711,70.8918,231.6645,0.3065,0.0859,2.2342,64.9389,231.6703,0.28,0.0365,81.9936,104.4021,232.0729,0.4501,0.7871
2015-01-30T00:01:59.003Z,4.8034,74.7394,230.8336,0.324,0.0648,2.6554,67.4583,230.9887,0.2922,0.0391,81.7968,105.0476,231.4889,0.453,0.7794
2015-01-30T00:02:59.207Z,5.4586,72.5303,230.2844,0.3149,0.0758,2.6015,67.1122,231.3681,0.29,0.0389,80.9426,104.6293,230.4597,0.4542,0.7755
2015-01-30T00:03:59.448Z,5.6467,73.8931,230.4402,0.321,0.0779,2.8505,66.5687,231.9653,0.2868,0.0433,81.3292,104.8221,231.278,0.4534,0.7766
2015-01-30T00:04:59.682Z,5.2489,74.7482,231.4364,0.3226,0.0713,2.4752,65.7804,231.6009,0.2842,0.0395,82.5405,106.512,232.8815,0.4569,0.7763
2015-01-30T00:05:59.920Z,5.2751,72.8412,231.0838,0.315,0.0746,2.1574,65.0265,231.3157,0.2811,0.035,83.1849,106.0147,233.1863,0.4547,0.7857
2015-01-30T00:06:59.158Z,5.8367,73.6735,231.4635,0.318,0.0801,3.0254,66.5145,231.2382,0.2874,0.0475,83.1678,106.1519,233.0393,0.4557,0.784
2015-01-30T00:07:59.421Z,5.017,73.3771,231.4195,0.3168,0.0699,2.3003,66.9334,229.0002,0.292,0.0325,82.1777,105.2927,233.1285,0.4514,0.782
2015-01-30T00:08:59.756Z,4.9085,71.4941,230.283,0.3109,0.0685,1.9073,65.0986,225.9592,0.2878,0.03,82.1591,105.2975,232.5409,0.4528,0.7812
2015-01-30T00:09:59.973Z,5.7304,73.1348,230.1059,0.3174,0.0784,2.5834,66.2247,228.0086,0.2902,0.0398,82.5123,105.6426,231.7959,0.4556,0.7823
2015-01-30T00:10:59.122Z,5.5888,71.4645,229.247,0.3116,0.0803,2.5564,64.7021,230.2058,0.281,0.0415,81.1335,102.9264,230.7343,0.4461,0.7906
2015-01-30T00:11:59.430Z,5.4122,73.1166,229.6216,0.318,0.0737,2.4666,65.9484,230.3533,0.2861,0.0367,82.2013,105.039,231.4598,0.4539,0.7833
2015-01-30T00:12:59.675Z,4.7181,73.3473,230.2634,0.3185,0.0648,2.4214,65.5904,230.8863,0.2841,0.0375,80.9112,103.8856,230.4989,0.4507,0.7791
2015-01-30T00:13:59.975Z,4.741,71.7592,230.4823,0.3109,0.0673,2.2747,66.3674,230.767,0.2878,0.0347,81.292,104.1614,230.5197,0.4521,0.7812
2015-01-30T00:14:59.129Z,5.1429,73.5113,230.674,0.3189,0.0706,2.5974,65.0862,231.5306,0.2811,0.0398,82.5254,106.6357,232.5097,0.4588,0.7751
2015-01-30T00:15:59.421Z,5.3448,73.4102,231.1012,0.3177,0.0738,2.6087,66.4841,231.6696,0.2868,0.0392,83.1614,106.0838,232.992,0.4551,0.7852
2015-01-30T00:16:59.754Z,5.4339,73.372,231.2145,0.3173,0.0734,2.655,66.2059,231.8368,0.2854,0.0409,83.1839,105.5346,233.2041,0.4517,0.7891
2015-01-30T00:17:59.038Z,4.0319,72.8676,233.1327,0.3125,0.0579,2.9628,66.9558,232.2606,0.2887,0.0435,83.1103,107.7839,233.2851,0.462,0.7719
2015-01-30T00:18:59.273Z,5.473,74.3302,232.7839,0.3192,0.0716,2.5648,67.5508,232.2771,0.2904,0.0389,82.9218,106.8184,233.2626,0.4578,0.7765
2015-01-30T00:19:59.578Z,5.7167,73.2853,233.161,0.3145,0.0802,2.8047,64.9335,232.0198,0.2798,0.0447,82.7637,106.0896,233.2989,0.4546,0.7814
2015-01-30T00:20:59.912Z,5.7158,73.2759,232.7527,0.3147,0.0775,2.6593,65.3238,231.8623,0.2822,0.0411,82.5462,105.3781,232.6079,0.4535,0.7845
2015-01-30T00:21:59.236Z,4.9901,75.3569,233.2423,0.3234,0.0676,2.7143,67.2658,231.8496,0.2898,0.0403,82.7059,106.1507,232.9959,0.4554,0.7793
2015-01-30T00:22:59.503Z,5.7239,73.2511,231.8512,0.3159,0.078,2.7367,66.3087,230.9636,0.2871,0.043,82.9732,106.8595,233.4623,0.4578,0.7772
2015-01-30T00:23:59.733Z,5.2659,73.6609,230.8979,0.3186,0.0713,2.1407,68.1629,231.3795,0.2946,0.0326,82.6262,105.749,233.0808,0.454,0.7821
2015-01-30T00:24:59.010Z,5.5274,74.2561,231.563,0.3206,0.075,2.395,65.8807,232.8263,0.2833,0.0364,82.9823,107.2816,233.534,0.4593,0.7749
2015-01-30T00:25:59.344Z,4.2457,72.4588,230.8633,0.3135,0.0589,2.2189,66.3874,232.4816,0.2857,0.0346,82.4491,105.6018,232.8752,0.453,0.7821
2015-01-30T00:26:59.561Z,4.6953,71.6093,231.0165,0.3095,0.0653,2.6454,65.5741,232.0752,0.2826,0.041,82.2597,106.2515,232.6207,0.4569,0.7756
2015-01-30T00:27:59.953Z,5.3828,74.8497,232.1048,0.3224,0.0718,2.7238,67.4263,231.9212,0.2902,0.0421,82.8523,106.0962,233.0291,0.4553,0.7818
2015-01-30T00:28:59.249Z,5.5773,72.7934,232.423,0.3131,0.0784,2.2711,67.5837,231.9447,0.2913,0.0319,82.2998,105.6421,231.9693,0.4556,0.7797
2015-01-30T00:29:59.547Z,5.6502,74.7707,233.0265,0.3204,0.0768,2.8976,66.696,232.3208,0.2874,0.0435,82.443,106.4914,232.6564,0.4581,0.7746
2015-01-30T00:30:59.783Z,4.8227,73.2062,232.3018,0.3147,0.0659,2.6262,67.439,232.1533,0.2907,0.0391,83.3564,106.943,233.5404,0.4584,0.7805
2015-01-30T00:31:59.009Z,4.898,72.6676,232.0994,0.313,0.0681,2.2458,66.6647,231.6356,0.2877,0.0357,83.2274,106.6079,233.3919,0.4571,0.7812
2015-01-30T00:32:59.254Z,5.0054,72.7256,230.4936,0.3153,0.0699,2.1642,66.8779,230.4697,0.2896,0.034,83.1426,105.8058,232.9862,0.4538,0.7866
2015-01-30T00:33:59.565Z,4.9833,74.1357,230.4637,0.3216,0.0682,2.6262,66.5052,230.6565,0.2882,0.04,82.336,105.178,232.7422,0.4515,0.7842
2015-01-30T00:34:59.850Z,4.5286,73.1366,232.2629,0.3147,0.0626,3.1936,67.6862,232.141,0.2915,0.0473,82.6744,105.7611,233.0809,0.4536,0.7825
2015-01-30T00:35:59.326Z,4.8613,73.6099,231.9016,0.3172,0.0666,3.1234,67.958,231.6847,0.2933,0.0483,83.1372,106.633,233.0704,0.4573,0.7809
2015-01-30T00:36:59.607Z,5.4013,74.0155,232.7012,0.3178,0.0742,2.6101,67.1018,229.6347,0.2918,0.0388,83.5262,106.9538,234.3859,0.4564,0.7818
2015-01-30T00:37:59.842Z,5.2512,74.2297,232.5867,0.3186,0.0713,2.6733,66.3151,229.8329,0.2884,0.0408,83.377,106.6493,233.996,0.4557,0.7821
2015-01-30T00:38:59.094Z,5.4068,74.6191,231.9164,0.3216,0.073,2.5947,67.3906,231.9558,0.2906,0.0384,82.5917,105.9074,232.8992,0.4542,0.7806
2015-01-30T00:39:59.481Z,4.5696,73.0292,232.2954,0.3145,0.0636,2.9582,66.162,231.7864,0.2857,0.0435,82.1909,104.7587,232.0405,0.4516,0.7847
2015-01-30T00:40:59.740Z,5.0025,72.901,231.7932,0.3141,0.0696,2.3566,64.2903,231.982,0.2768,0.036,81.9832,105.2096,232.0232,0.4536,0.781
2015-01-30T00:41:59.037Z,5.2142,73.1193,230.8122,0.3163,0.0721,2.7326,66.1421,231.9537,0.2852,0.0416,82.3659,105.8774,232.1889,0.4563,0.7788
2015-01-30T00:42:59.319Z,5.7377,73.338,230.9912,0.3179,0.0783,2.3839,66.6775,230.67,0.289,0.0364,81.1427,104.9999,231.3162,0.4533,0.7738
2015-01-30T00:43:59.592Z,5.0967,74.3157,230.477,0.3229,0.0686,2.5963,65.409,230.2804,0.284,0.0397,81.2726,105.4326,230.8954,0.4563,0.7712
2015-01-30T00:44:59.826Z,4.7355,72.7233,231.1303,0.3151,0.0663,2.8136,65.0687,231.0763,0.282,0.0444,81.7015,104.6429,231.4507,0.4524,0.7831
2015-01-30T00:45:59.125Z,4.2492,73.5239,231.654,0.3174,0.0582,2.9111,67.0044,231.4532,0.2894,0.0437,81.1536,104.1228,231.5821,0.4497,0.7798
2015-01-30T00:46:59.357Z,5.4932,73.7744,232.0836,0.3182,0.076,2.3433,66.3843,231.5904,0.2867,0.0352,81.8418,104.8821,231.9815,0.452,0.7807
2015-01-30T00:47:59.532Z,5.494,73.2926,232.1545,0.3153,0.0776,2.971,66.6937,231.9522,0.2876,0.0449,80.8196,104.1249,230.6177,0.452,0.7772
2015-01-30T00:48:59.748Z,5.6863,74.0681,232.5301,0.3181,0.0773,2.6045,64.666,232.0262,0.2788,0.0388,81.3755,104.2215,231.4016,0.4509,0.7814
2015-01-30T00:49:59.041Z,4.7109,73.217,232.6513,0.3148,0.0649,2.6509,68.5776,232.09,0.2951,0.0376,82.0487,104.1432,232.1278,0.449,0.7889
2015-01-30T00:50:59.225Z,4.2878,72.2021,232.006,0.311,0.0605,2.5255,66.7509,231.4743,0.2886,0.0391,81.2881,104.9043,231.7569,0.4522,0.7774
2015-01-30T00:51:59.497Z,5.6036,73.6252,232.5923,0.3164,0.0774,2.8455,66.4291,231.5287,0.287,0.0422,82.1637,106.0007,232.5107,0.4558,0.776
2015-01-30T00:52:59.704Z,5.7584,74.0992,232.7052,0.3183,0.0786,2.557,67.638,229.9554,0.2941,0.039,81.4179,105.3127,231.6714,0.4547,0.7739
2015-01-30T00:53:59.916Z,5.4984,72.8843,232.4248,0.3133,0.0763,2.2665,65.6415,230.6179,0.2841,0.0355,82.1846,106.0698,232.2245,0.4562,0.7754
2015-01-30T00:54:59.300Z,4.7056,72.0877,231.8807,0.3104,0.0652,3.2108,65.434,231.9866,0.282,0.0501,82.641,105.3273,233.291,0.4509,0.7856
2015-01-30T00:55:59.620Z,5.4871,73.3363,231.7537,0.316,0.0769,2.0997,67.9904,232.2874,0.2931,0.0309,82.7152,105.3877,232.9546,0.452,0.7853
2015-01-30T00:56:59.911Z,5.2148,74.8853,232.6346,0.3219,0.0702,2.2515,65.8557,232.3825,0.2831,0.0337,83.0484,106.5667,233.7649,0.4559,0.78
2015-01-30T00:57:59.196Z,5.274,74.4291,232.2294,0.3202,0.0723,2.9707,67.5077,232.1926,0.2906,0.0452,95.6163,119.3634,233.6239,0.5112,0.7918
2015-01-30T00:58:59.584Z,551.1566,906.6231,231.4768,3.9214,0.4318,601.3444,937.6589,231.0165,4.0745,0.4465,1075.4538,1514.4511,232.0746,6.5369,0.7629
2015-01-30T00:59:59.957Z,873.7583,1382.2507,231.1668,5.9794,0.6317,926.3009,1377.2171,228.0966,6.0378,0.6727,1481.1582,2045.8296,231.4607,8.8387,0.724
