2015-01-20T00:00:59.750Z,1165.0428,1544.27,227.9901,6.7737,0.7549,1283.7484,1670.3116,228.5443,7.3083,0.7682,1708.1463,2210.8056,229.1247,9.6484,0.772
2015-01-20T00:01:59.320Z,1167.7239,1540.1801,228.7785,6.7318,0.7582,1263.8013,1667.7325,228.693,7.2922,0.7584,1673.8613,2167.2508,227.8325,9.5121,0.7712
2015-01-20T00:02:59.459Z,1175.5708,1547.3301,228.1606,6.7822,0.7597,1286.0779,1679.068,228.4887,7.3491,0.7659,1698.4333,2194.4679,228.1261,9.6192,0.773
2015-01-20T00:03:59.787Z,1159.0417,1554.6926,229.3237,6.7797,0.7456,1249.8143,1647.8389,228.1821,7.2216,0.7586,1697.5251,2192.4599,229.1266,9.5678,0.7742
2015-01-20T00:04:59.133Z,1180.2192,1578.6247,229.422,6.8806,0.748,1264.9906,1658.6139,227.9274,7.2762,0.7624,1724.0215,2215.9657,229.5542,9.6534,0.779
2015-01-20T00:05:59.532Z,1156.4766,1566.5403,229.7787,6.8178,0.7382,1240.3336,1631.9388,227.7649,7.1651,0.7597,1717.7639,2213.4987,229.9176,9.6268,0.7756
2015-01-20T00:06:59.983Z,1182.618,1602.8838,230.036,6.9679,0.7384,1245.8823,1633.2052,227.5029,7.179,0.7622,1752.6346,2235.4151,230.0226,9.7176,0.7833
2015-01-20T00:07:59.381Z,1162.3872,1575.8103,229.6223,6.8624,0.7376,1233.2808,1623.7759,227.8417,7.1262,0.7595,1723.3569,2209.5217,229.5909,9.6236,0.7801
2015-01-20T00:08:59.734Z,1181.081,1602.9852,229.965,6.9701,0.7369,1243.3502,1622.1281,226.7256,7.1541,0.7664,1765.9109,2243.0019,229.8928,9.7564,0.7867
2015-01-20T00:09:59.131Z,1155.1266,1602.0329,230.1689,6.9604,0.7207,1201.9778,1568.6465,225.522,6.9555,0.7667,1774.7003,2241.0536,230.2584,9.7329,0.7907
2015-01-20T00:10:59.847Z,1194.8499,1606.7904,229.8,6.992,0.7434,1252.6367,1642.26,227.878,7.2067,0.7628,1751.7363,2229.1336,229.3644,9.7184,0.7868
2015-01-20T00:11:59.056Z,1180.2329,1594.5448,230.2546,6.9252,0.7402,1229.6529,1626.4225,227.6475,7.1439,0.7562,1729.01,2205.5146,229.4749,9.6104,0.7834
2015-01-20T00:12:59.364Z,1222.7482,1605.5132,230.4102,6.9678,0.7614,1269.3653,1680.276,227.7252,7.3783,0.7551,1711.7914,2178.5536,227.7689,9.5646,0.7862
2015-01-20T00:13:59.772Z,1184.7939,1563.7576,229.6468,6.809,0.7586,1276.3573,1693.3691,229.6224,7.3742,0.754,1681.4142,2182.6039,228.8401,9.5376,0.7702
2015-01-20T00:14:59.103Z,1207.74,1582.0574,229.2216,6.9018,0.7637,1293.2891,1703.6483,229.1764,7.4342,0.7589,1704.7921,2197.7109,228.593,9.614,0.7756
2015-01-20T00:15:59.384Z,1185.2406,1570.4753,229.3446,6.8478,0.7539,1271.5064,1680.6408,229.4191,7.3251,0.7566,1697.7831,2196.512,229.0347,9.5894,0.7722
2015-01-20T00:16:59.616Z,1184.5618,1579.5391,230.1236,6.8637,0.7502,1247.3536,1663.1572,229.0391,7.2613,0.7501,1693.0669,2180.4369,228.7633,9.5317,0.7768
2015-01-20T00:17:59.829Z,1218.9262,1606.5441,229.9963,6.9851,0.7586,1272.2467,1681.1294,228.5154,7.356,0.7572,1722.7372,2199.5166,228.3773,9.6306,0.7826
2015-01-20T00:18:59.138Z,1208.2243,1601.0771,230.6128,6.942,0.7545,1255.1879,1677.9627,229.0183,7.3265,0.7479,1701.3898,2183.219,228.7889,9.542,0.7797
2015-01-20T00:19:59.524Z,1198.0238,1594.6582,231.1713,6.8978,0.7509,1244.9502,1674.6838,229.3117,7.3024,0.7432,1686.2741,2174.1416,229.1101,9.4894,0.7762
2015-01-20T00:20:59.727Z,1226.8167,1612.7871,230.2072,7.0058,0.7606,1271.8942,1689.7342,228.9431,7.3803,0.7522,1714.4898,2187.5622,227.9082,9.5986,0.784
2015-01-20T00:21:59.080Z,1222.3358,1617.2047,230.5757,7.0137,0.7559,1249.8416,1669.0757,228.8343,7.2936,0.7485,1712.1774,2180.4135,227.9573,9.5644,0.785
2015-01-20T00:22:59.340Z,1184.5542,1592.943,230.8472,6.9001,0.744,1244.5198,1664.9667,229.994,7.2389,0.7471,1704.4157,2200.0196,229.57,9.5827,0.7744
2015-01-20T00:23:59.645Z,1220.6826,1630.7069,232.2339,7.0218,0.7491,1269.8288,1714.8906,231.4163,7.4103,0.7397,1714.4711,2218.7506,230.1236,9.6411,0.7723
2015-01-20T00:24:59.960Z,1219.6912,1636.7541,232.9311,7.0269,0.745,1258.6612,1713.3281,231.605,7.3976,0.7347,1707.9569,2215.006,230.2649,9.6194,0.7706
2015-01-20T00:25:59.147Z,1199.1901,1610.5533,232.6648,6.9222,0.7444,1245.481,1698.9629,231.17,7.3493,0.7335,1683.2846,2191.1808,229.8074,9.5352,0.7693
2015-01-20T00:26:59.497Z,1197.8247,1609.4364,232.6364,6.9183,0.7438,1242.9466,1696.38,231.09,7.3404,0.7326,1682.9028,2189.0223,229.9254,9.5202,0.7694
2015-01-20T00:27:59.885Z,1199.418,1614.0407,232.8589,6.9307,0.7431,1240.8004,1698.7054,231.2034,7.3473,0.7303,1679.3729,2185.4322,229.9308,9.5047,0.7696
2015-01-20T00:28:59.027Z,1194.9383,1601.4708,231.9508,6.9043,0.7467,1246.824,1695.1286,231.2148,7.3311,0.7356,1684.385,2190.4472,229.9249,9.5267,0.7698
2015-01-20T00:29:59.217Z,1190.2377,1608.2817,232.1011,6.9286,0.7404,1240.8731,1683.5282,230.9868,7.2883,0.7372,1700.1146,2208.3078,230.6473,9.5747,0.7694
2015-01-20T00:30:59.460Z,1186.1616,1626.8979,231.9869,7.0129,0.729,1214.2337,1636.9252,229.4702,7.1328,0.7422,1735.7511,2225.0677,230.9466,9.634,0.7807
2015-01-20T00:31:59.783Z,1158.8856,1633.0538,231.4841,7.0542,0.7093,1183.2833,1568.7518,227.2582,6.9026,0.7542,1786.6557,2264.8864,231.8861,9.7671,0.7892
2015-01-20T00:32:59.391Z,1152.507,1595.1001,229.5235,6.9493,0.7221,1241.4454,1613.7811,228.3928,7.0647,0.7697,1784.2494,2287.0387,231.6925,9.871,0.7797
2015-01-20T00:33:59.640Z,1185.2578,1593.2067,230.0063,6.9268,0.7438,1317.4657,1728.7841,232.0274,7.4502,0.7616,1749.3159,2290.2936,231.4282,9.8959,0.7632
2015-01-20T00:34:59.932Z,1159.5718,1577.6332,230.435,6.8462,0.7356,1272.5493,1693.7184,232.0881,7.298,0.751,1715.1922,2255.3792,231.751,9.7318,0.7601
2015-01-20T00:35:59.262Z,1171.1982,1594.6492,231.1711,6.8976,0.7345,1268.1241,1691.7033,231.6876,7.3018,0.7497,1724.8151,2257.629,231.7659,9.7405,0.7647
2015-01-20T00:36:59.519Z,1212.0807,1622.6066,230.9979,7.0242,0.7468,1303.7454,1723.4867,231.4303,7.4464,0.7562,1751.7164,2271.69,231.0264,9.833,0.7706
2015-01-20T00:37:59.742Z,1185.1998,1607.2306,231.7928,6.934,0.7371,1262.4941,1697.0112,231.5532,7.3287,0.744,1716.7502,2241.3923,231.3807,9.6868,0.7657
2015-01-20T00:38:59.955Z,1177.2259,1596.7026,231.1651,6.9071,0.7371,1264.0513,1689.4663,231.3904,7.3014,0.7478,1720.1221,2244.1268,231.3187,9.7011,0.7661
2015-01-20T00:39:59.411Z,1219.6357,1629.8444,230.8637,7.0596,0.7483,1297.3301,1719.2058,231.3461,7.4309,0.7551,1751.3796,2264.6155,230.6673,9.8181,0.7726
2015-01-20T00:40:59.535Z,1186.2394,1606.5791,230.7314,6.9631,0.7383,1258.0807,1682.4601,231.4866,7.2679,0.7486,1724.3664,2238.8752,230.5627,9.7102,0.7696
2015-01-20T00:41:59.959Z,1178.6083,1598.4608,230.5566,6.9331,0.7373,1255.591,1675.5794,231.5206,7.2367,0.7498,1724.2307,2239.6181,230.516,9.7156,0.77
2015-01-20T00:42:59.245Z,1234.2189,1651.6343,231.3018,7.1407,0.7481,1275.1341,1698.6561,230.3915,7.3727,0.7508,1759.6265,2251.3698,229.9616,9.7898,0.7807
2015-01-20T00:43:59.447Z,1190.3556,1603.1487,231.4209,6.927,0.7423,1274.8814,1715.0546,232.5288,7.3751,0.7436,1709.4153,2236.5064,230.7229,9.6927,0.7637
2015-01-20T00:44:59.778Z,1209.7842,1608.0606,232.1978,6.9256,0.7526,1265.6388,1728.2841,232.7519,7.4251,0.7322,1673.7192,2189.2196,229.2449,9.5491,0.7649
2015-01-20T00:45:59.453Z,1213.9622,1626.9212,232.0634,7.0103,0.7462,1314.2993,1756.4507,233.1357,7.5338,0.7485,1735.174,2276.26,231.492,9.8328,0.7613
2015-01-20T00:46:59.627Z,1173.5833,1593.0339,231.9322,6.8683,0.7366,1293.6604,1735.2512,233.3328,7.4364,0.7454,1712.4736,2267.524,231.9543,9.7752,0.756
2015-01-20T00:47:59.985Z,1159.7227,1580.1659,231.7278,6.8191,0.7336,1286.6881,1720.4552,233.004,7.3833,0.7484,1711.0909,2266.0639,231.9856,9.7678,0.7551
2015-01-20T00:48:59.330Z,1154.9108,1576.1585,231.6048,6.8049,0.7324,1286.3113,1716.9344,232.9837,7.369,0.7497,1712.2352,2268.943,231.9501,9.7819,0.7543
2015-01-20T00:49:59.715Z,1158.6802,1589.1887,231.8299,6.8548,0.7296,1275.0909,1709.4793,233.2403,7.3294,0.7462,1718.2843,2271.785,232.312,9.7783,0.7567
2015-01-20T00:50:59.955Z,1177.1076,1604.785,231.5327,6.931,0.733,1259.1116,1689.4886,232.064,7.2799,0.7458,1723.8532,2250.8579,231.5592,9.7198,0.7664
2015-01-20T00:51:59.328Z,1184.089,1600.164,231.1934,6.9215,0.7398,1263.8201,1695.0971,232.0519,7.3048,0.7458,1715.1342,2235.0631,230.6517,9.6901,0.7683
2015-01-20T00:52:59.647Z,1185.3277,1596.6843,231.045,6.9104,0.7417,1269.9161,1702.8344,232.3293,7.3293,0.7456,1711.5214,2236.2853,230.5468,9.6991,0.766
2015-01-20T00:53:59.938Z,1179.2287,1598.8859,231.8666,6.8956,0.7378,1276.2253,1712.7031,232.5379,7.3651,0.7456,1714.1398,2252.3467,231.4291,9.7316,0.7602
2015-01-20T00:54:59.149Z,1170.4341,1582.2062,231.4441,6.8359,0.7405,1289.8935,1723.7072,232.5772,7.4116,0.7486,1708.0891,2252.9855,231.2353,9.7433,0.759
2015-01-20T00:55:59.481Z,1185.6108,1580.16,231.4464,6.827,0.75,1296.7101,1740.6104,232.2982,7.4927,0.7443,1686.7128,2223.8573,230.3286,9.6553,0.7597
2015-01-20T00:56:59.867Z,1189.8193,1582.0933,231.4794,6.8341,0.752,1298.0901,1738.804,231.9902,7.4947,0.7471,1690.7904,2223.7286,230.3649,9.653,0.7604
2015-01-20T00:57:59.062Z,1182.1942,1564.8496,230.1345,6.7998,0.7553,1310.9842,1740.4245,232.0589,7.4998,0.7537,1689.2493,2223.3813,229.9919,9.6674,0.7604
2015-01-20T00:58:59.172Z,1179.8835,1570.8917,230.4636,6.8164,0.7507,1307.1524,1734.5474,231.7739,7.4838,0.753,1698.5664,2237.8818,230.9002,9.6915,0.7596
2015-01-20T00:59:59.399Z,1177.5457,1568.4182,230.6232,6.801,0.7504,1311.0736,1742.4949,232.0802,7.5083,0.7519,1694.3269,2238.6904,230.9062,9.6951,0.7582
2015-01-20T01:00:59.655Z,1178.4492,1577.9873,230.531,6.8447,0.7472,1302.2556,1729.2962,232.0419,7.4527,0.7524,1706.9119,2246.6757,231.1486,9.7188,0.7597
2015-01-20T01:01:59.968Z,1199.5592,1591.8187,230.1904,6.9149,0.7537,1286.023,1714.391,230.981,7.422,0.7501,1701.1201,2212.0962,229.5982,9.6344,0.7698
2015-01-20T01:02:59.268Z,1215.8448,1586.401,228.9153,6.9294,0.7667,1283.9809,1694.5176,229.1838,7.3935,0.7578,1700.2906,2179.9258,227.4945,9.582,0.78
2015-01-20T01:03:59.485Z,1211.5526,1598.2842,229.7239,6.9576,0.7578,1271.9521,1685.9587,229.1803,7.3564,0.7538,1709.903,2193.5481,228.3974,9.6039,0.7797
2015-01-20T01:04:59.040Z,1206.0863,1587.7961,229.593,6.9155,0.7594,1280.5517,1690.1332,229.1684,7.375,0.7577,1707.7761,2194.0408,228.0815,9.6195,0.7789
2015-01-20T01:05:59.330Z,1215.9931,1597.7936,229.6672,6.9573,0.7608,1274.697,1685.7627,228.7937,7.3681,0.7564,1710.2042,2188.7647,228.003,9.5992,0.7801
2015-01-20T01:06:59.685Z,1222.9174,1597.7117,229.5424,6.96,0.7651,1275.0752,1686.9624,228.3044,7.3892,0.7558,1705.8138,2177.0441,227.5739,9.5661,0.7823
2015-01-20T01:07:59.917Z,1224.5159,1598.6164,229.7232,6.9584,0.7656,1279.8743,1697.0237,228.6228,7.4223,0.7544,1699.0942,2174.8581,227.7126,9.5506,0.7816
2015-01-20T01:08:59.524Z,1218.4898,1596.4708,229.7433,6.9491,0.7629,1273.7381,1689.8583,228.7147,7.3879,0.7536,1700.7172,2177.5646,227.8762,9.5552,0.7802
2015-01-20T01:09:59.740Z,1231.0448,1606.2979,229.456,7.0002,0.7661,1288.5951,1699.6154,228.6992,7.4319,0.7588,1718.6406,2192.6158,227.7241,9.6278,0.7832
2015-01-20T01:11:59.330Z,1242.7475,1622.972,229.0603,7.0854,0.7658,1278.3106,1677.2058,227.6778,7.3661,0.7623,1739.387,2196.7094,227.5077,9.6553,0.7915
2015-01-20T01:12:59.497Z,1245.04,1627.4339,229.793,7.0816,0.7649,1261.2417,1662.5927,226.8976,7.3271,0.7591,1734.0631,2178.974,226.9426,9.6015,0.7965
2015-01-20T01:13:59.859Z,1253.057,1631.3779,229.6089,7.1047,0.7686,1310.1323,1714.9109,228.8826,7.4929,0.7641,1752.6296,2224.6843,228.0383,9.7554,0.7884
2015-01-20T01:14:59.108Z,1212.3131,1587.9903,229.803,6.9097,0.763,1290.823,1701.511,229.1621,7.4244,0.7592,1709.3564,2195.8697,228.1857,9.6226,0.7787
2015-01-20T01:15:59.328Z,1213.7031,1591.6439,229.5952,6.9324,0.7634,1294.1279,1699.2847,228.8217,7.426,0.7616,1720.3092,2206.565,228.2652,9.6669,0.7796
2015-01-20T01:16:59.577Z,1230.124,1611.643,228.8663,7.0416,0.7637,1333.0606,1721.9232,228.8569,7.5237,0.7743,1769.7,2264.2884,229.2378,9.8779,0.7808
2015-01-20T01:17:59.912Z,1203.0721,1589.0542,228.9669,6.9408,0.7573,1292.0696,1687.3397,228.7209,7.3763,0.7662,1734.5833,2226.7472,229.1827,9.7157,0.7798
2015-01-20T01:18:59.175Z,1197.6603,1582.6609,229.2518,6.9033,0.7569,1301.0561,1704.0166,229.5841,7.4219,0.7631,1725.7298,2229.7172,229.6524,9.709,0.7734
2015-01-20T01:19:59.561Z,1242.112,1626.2889,229.5952,7.0834,0.7638,1331.1571,1733.931,229.3104,7.5618,0.7682,1764.2867,2261.0279,229.7349,9.8419,0.78
2015-01-20T01:20:59.843Z,1211.6761,1605.7646,229.4473,6.9986,0.7542,1288.7946,1687.5893,228.8633,7.3733,0.7637,1746.5818,2238.7058,229.9621,9.735,0.7797
2015-01-20T01:21:59.066Z,1202.337,1600.8889,229.1874,6.9848,0.7508,1278.2258,1673.6555,228.8534,7.3128,0.7636,1746.6567,2236.4949,229.9846,9.7247,0.7812
2015-01-20T01:22:59.413Z,1224.487,1622.2371,227.8552,7.1197,0.7554,1323.2811,1686.3849,228.0493,7.3947,0.7854,1815.8307,2300.1809,230.2264,9.9908,0.7899
2015-01-20T01:23:59.637Z,1210.3794,1598.3378,228.6394,6.9909,0.7574,1303.0357,1690.3307,228.673,7.3916,0.7711,1753.3579,2244.9994,229.3856,9.7867,0.7812
2015-01-20T01:24:59.925Z,1203.3201,1589.942,229.3749,6.9316,0.7571,1292.3214,1693.815,228.8922,7.3993,0.7627,1727.3367,2220.861,229.1652,9.6908,0.7787
2015-01-20T01:25:59.138Z,1252.6699,1635.7097,229.6999,7.1207,0.766,1327.3034,1725.5956,228.6179,7.5485,0.7698,1769.9056,2253.1769,229.0245,9.8376,0.7862
2015-01-20T01:26:59.492Z,1231.5029,1621.2701,229.5596,7.0622,0.7599,1292.3392,1694.1066,228.505,7.4143,0.763,1749.6054,2230.0272,229.0707,9.7353,0.784
2015-01-20T01:27:59.825Z,1220.0986,1619.5522,230.264,7.0331,0.7529,1269.8787,1678.2051,228.7732,7.3361,0.7568,1737.8512,2216.833,229.1743,9.6732,0.7833
2015-01-20T01:28:59.108Z,1255.6895,1653.2155,230.2622,7.1797,0.7598,1310.4008,1714.8818,229.0759,7.4859,0.7647,1781.5016,2260.8311,229.4256,9.8541,0.7892
2015-01-20T01:29:59.421Z,1238.08,1636.4237,230.46,7.1006,0.7568,1291.8031,1701.1066,229.1234,7.4241,0.7596,1757.1333,2239.5372,229.3804,9.7629,0.7847
2015-01-20T01:30:59.679Z,1229.6379,1620.3952,229.945,7.0467,0.7592,1266.2234,1670.3481,228.2449,7.3179,0.7589,1736.0107,2200.7252,227.96,9.6539,0.7881
2015-01-20T01:31:59.015Z,1271.4503,1657.0927,229.4865,7.221,0.7671,1299.4262,1694.8065,227.7424,7.4416,0.7666,1777.4904,2230.3316,227.3824,9.8083,0.7982
2015-01-20T01:32:59.325Z,1254.1601,1646.1074,229.003,7.1877,0.7616,1278.1831,1663.9343,227.089,7.3274,0.7682,1776.9191,2226.4691,227.7311,9.7769,0.7977
2015-01-20T01:33:59.516Z,1228.5746,1624.131,229.5931,7.0737,0.7568,1263.6897,1669.4882,228.6307,7.3017,0.7567,1739.158,2206.4717,228.2971,9.665,0.7889
2015-01-20T01:34:59.008Z,1252.2044,1641.6931,229.7184,7.1467,0.7627,1311.2008,1713.2064,229.0219,7.4807,0.7654,1770.464,2247.8889,228.5589,9.8348,0.7891
2015-01-20T01:35:59.372Z,1239.5591,1630.5931,230.0009,7.0897,0.7604,1311.1352,1714.4952,229.2128,7.4798,0.7647,1762.2964,2247.6552,228.7686,9.8246,0.7838
2015-01-20T01:36:59.805Z,1213.3239,1595.1511,229.2861,6.9571,0.7607,1295.77,1698.2014,228.9474,7.4172,0.7624,1728.2772,2215.8622,228.4668,9.6986,0.7799
2015-01-20T01:37:59.135Z,1240.3292,1612.8914,228.8274,7.0485,0.7688,1333.0438,1725.3768,228.587,7.5474,0.7723,1755.184,2239.8268,228.0425,9.8218,0.7836
2015-01-20T01:38:59.467Z,1232.013,1600.357,228.7097,6.9973,0.7698,1346.4671,1741.7592,229.2787,7.597,0.7727,1751.5293,2249.1182,228.5331,9.8411,0.7787
2015-01-20T01:39:59.678Z,1191.2764,1552.9062,228.1744,6.8058,0.767,1339.6578,1734.8093,230.2279,7.5348,0.7716,1715.6889,2233.2473,228.7467,9.7626,0.7694
2015-01-20T01:40:59.928Z,1224.4869,1589.1259,228.137,6.9653,0.7706,1350.9439,1738.4668,229.582,7.5723,0.777,1754.5959,2254.4069,228.438,9.8692,0.7772
2015-01-20T01:41:59.220Z,1240.2178,1618.63,228.786,7.0744,0.7657,1333.751,1722.6002,229.0998,7.5185,0.7748,1774.8399,2261.1299,228.4655,9.8969,0.7853
2015-01-20T01:42:59.694Z,1216.6936,1589.8373,228.7458,6.9495,0.7657,1305.3071,1701.5065,229.1262,7.4264,0.7675,1733.0844,2215.3542,227.5253,9.7367,0.7815
2015-01-20T01:43:59.105Z,1235.8151,1623.3165,229.7338,7.0666,0.7611,1316.0014,1714.4147,229.4751,7.4713,0.7683,1764.868,2252.843,228.7918,9.8464,0.7818
2015-01-20T01:44:59.390Z,1248.6172,1631.742,229.799,7.1008,0.7654,1333.7773,1736.8264,229.5139,7.5667,0.7682,1769.9456,2260.6459,228.833,9.8789,0.7833
2015-01-20T01:45:59.539Z,1222.4393,1597.8723,230.052,6.9457,0.765,1314.4531,1728.3687,229.7531,7.5227,0.7604,1722.4842,2220.1328,228.6113,9.7111,0.7757
2015-01-20T01:46:59.925Z,1237.939,1620.1014,230.5867,7.0256,0.7641,1325.1159,1740.7412,229.9714,7.569,0.7606,1742.9978,2240.9437,229.2172,9.7759,0.779
2015-01-20T01:47:59.223Z,1253.3297,1634.261,230.5239,7.0889,0.7674,1345.6128,1756.6862,229.9243,7.6393,0.7666,1764.9789,2265.361,229.3349,9.8773,0.7797
2015-01-20T01:48:59.578Z,1219.3291,1611.1893,230.6798,6.9844,0.7571,1305.0432,1718.6913,229.8704,7.4767,0.7596,1737.9356,2239.0343,229.3718,9.7618,0.7774
2015-01-20T01:49:59.785Z,1230.5553,1621.8081,230.4024,7.0394,0.7589,1311.355,1719.0043,229.6366,7.4857,0.7628,1753.7434,2247.7956,229.2261,9.8054,0.7803
2015-01-20T01:50:59.121Z,1256.6927,1649.7076,229.6177,7.1844,0.7612,1325.7634,1715.2623,228.4986,7.5064,0.7724,1801.3325,2278.8435,229.3057,9.9384,0.79
2015-01-20T01:51:59.521Z,1227.4946,1629.2029,229.8173,7.0887,0.7533,1285.106,1679.8352,228.6788,7.3462,0.7656,1769.0322,2246.6823,229.1977,9.8021,0.7888
2015-01-20T01:52:59.725Z,1228.3814,1614.8304,228.9008,7.0554,0.7611,1300.0484,1689.0964,228.6447,7.3872,0.769,1762.2106,2238.8837,228.296,9.8068,0.7887
2015-01-20T01:53:59.098Z,1256.3957,1656.4711,229.7999,7.2079,0.7585,1323.4596,1721.7403,229.1957,7.5118,0.7687,1796.936,2283.3852,229.878,9.9327,0.7879
2015-01-20T01:54:59.438Z,1220.6531,1627.7314,230.3078,7.0669,0.7501,1295.2557,1700.3753,229.5259,7.4078,0.7617,1764.4669,2261.6892,230.3383,9.819,0.7802
2015-01-20T01:55:59.678Z,1216.4217,1618.6704,230.2329,7.0303,0.7509,1303.8941,1703.5557,229.746,7.415,0.7657,1765.3652,2263.734,230.0313,9.8403,0.7794
2015-01-20T01:56:59.979Z,1252.6882,1649.4921,230.1616,7.1663,0.7593,1337.618,1736.224,229.5679,7.5628,0.7694,1795.5962,2290.6657,229.9857,9.9599,0.7832
2015-01-20T01:57:59.190Z,1226.1664,1621.4231,229.8024,7.0551,0.7566,1307.0338,1711.627,229.6942,7.4517,0.7631,1756.9335,2252.9286,229.731,9.8065,0.7799
2015-01-20T01:58:59.428Z,1223.2927,1616.2356,229.6557,7.0368,0.7574,1302.1437,1705.4799,229.7472,7.4228,0.7631,1752.5268,2245.5073,229.4597,9.7862,0.7801
2015-01-20T01:59:59.741Z,1266.5207,1646.8167,229.8851,7.1633,0.7689,1346.0337,1750.373,229.5134,7.6257,0.7692,1777.5851,2266.5936,228.8819,9.9027,0.7829
