2015-03-23T00:00:59.460Z,6.466,69.8295,232.7251,0.3002,0.0933,-7.9685,63.8281,231.8469,0.2759,-0.1251,11.6901,67.3024,233.8274,0.288,0.1767
2015-03-23T00:01:59.752Z,6.894,71.2996,232.4768,0.3063,0.098,-8.1162,65.2398,231.448,0.2821,-0.1276,11.7146,67.1086,233.7299,0.2877,0.1754
2015-03-23T00:02:59.030Z,6.6066,69.4236,232.37,0.2984,0.0978,-7.8757,64.0807,230.7559,0.2776,-0.1228,11.7543,66.029,233.2174,0.2834,0.1811
2015-03-23T00:03:59.246Z,7.1018,72.6721,232.4847,0.3125,0.0979,-7.4721,62.7837,230.1632,0.2727,-0.1182,11.7707,65.2415,233.0785,0.2798,0.1821
2015-03-23T00:04:59.480Z,6.9566,71.9445,232.2057,0.3098,0.0987,-7.8778,63.879,231.1153,0.276,-0.1261,11.3875,65.2705,233.5174,0.2795,0.1753
2015-03-23T00:05:59.879Z,6.9244,72.1091,232.4908,0.3102,0.0971,-8.0985,64.5465,231.9813,0.2784,-0.126,11.2554,67.9855,233.5402,0.2904,0.1673
2015-03-23T00:06:59.240Z,6.8552,70.7246,232.1789,0.3043,0.0977,-7.648,66.9478,232.7702,0.2876,-0.1157,11.6073,65.4293,233.8269,0.2791,0.1798
2015-03-23T00:07:59.606Z,6.6242,72.3524,232.1782,0.3114,0.0935,-8.3945,66.2634,233.2088,0.2842,-0.129,11.1957,67.6907,234.4519,0.2891,0.166
2015-03-23T00:08:59.824Z,6.4896,72.424,231.9078,0.3116,0.0897,-8.0004,64.8536,232.5425,0.2789,-0.1256,11.4075,68.3605,234.4054,0.292,0.1675
2015-03-23T00:09:59.066Z,7.0506,71.8447,231.1996,0.3108,0.0993,-8.4729,64.906,231.6861,0.2798,-0.132,10.8962,67.6208,233.1167,0.2896,0.1617
2015-03-23T00:10:59.381Z,6.8201,72.2498,230.9902,0.3125,0.0958,-8.1146,64.1773,231.1343,0.2779,-0.1271,10.9642,68.0358,232.9729,0.2924,0.1625
2015-03-23T00:11:59.730Z,6.2297,71.4383,230.4736,0.3096,0.0882,-7.8209,64.2748,230.5305,0.2791,-0.1222,11.0441,65.656,232.5836,0.2824,0.1701
2015-03-23T00:13:59.217Z,6.4575,71.0389,230.2496,0.3085,0.0933,-7.5533,64.5045,230.722,0.2795,-0.1206,11.5427,67.5765,233.0804,0.2897,0.1733
2015-03-23T00:14:59.429Z,6.7688,72.4765,230.9927,0.3135,0.0946,-7.7811,64.0482,231.3192,0.2766,-0.1238,11.2255,67.4404,232.5695,0.29,0.1678
2015-03-23T00:15:59.676Z,6.6935,73.1454,231.5551,0.3156,0.0927,-8.2457,65.6871,231.281,0.2841,-0.1282,11.3888,65.2964,232.4412,0.281,0.1751
2015-03-23T00:16:59.042Z,6.5016,70.3106,231.1263,0.3042,0.0949,-8.0829,64.5166,231.2932,0.279,-0.1267,11.736,66.1619,232.8204,0.2841,0.1793
2015-03-23T00:17:59.244Z,6.3744,71.0687,229.7966,0.3092,0.0907,-7.7641,66.3398,231.5102,0.2862,-0.1196,11.4952,66.8277,232.368,0.288,0.1738
2015-03-23T00:18:59.438Z,7.2164,68.3598,229.1878,0.2979,0.1065,-7.3647,63.7846,231.4708,0.2754,-0.1177,10.5015,65.1134,232.3675,0.2801,0.1668
2015-03-23T00:19:59.687Z,6.8749,69.0266,229.2436,0.3009,0.1003,-7.4122,63.287,231.7915,0.2731,-0.1196,11.4987,66.1088,232.7222,0.2841,0.1784
2015-03-23T00:20:59.930Z,6.6823,71.3727,229.8316,0.3101,0.0966,-7.6796,66.4476,231.5464,0.2871,-0.1188,11.3701,66.0826,232.3756,0.2844,0.1745
2015-03-23T00:21:59.248Z,6.3003,70.5218,229.2233,0.3072,0.0909,-7.9421,65.782,231.5884,0.2837,-0.1227,11.5582,67.8173,232.4651,0.2919,0.1718
2015-03-23T00:22:59.500Z,6.6541,71.0418,229.2056,0.3101,0.0941,-7.8902,63.9102,230.5809,0.2771,-0.1258,11.0521,66.2143,231.6816,0.2859,0.1681
2015-03-23T00:23:59.680Z,6.8237,71.6669,229.6766,0.3115,0.0966,-8.0444,65.077,230.6244,0.282,-0.1255,11.4589,66.5846,231.2767,0.2877,0.1724
2015-03-23T00:24:59.932Z,5.1054,71.3654,231.3005,0.3086,0.0716,-7.4613,63.7465,231.5277,0.2758,-0.1186,10.9518,66.0722,231.483,0.2851,0.1668
2015-03-23T00:25:59.294Z,5.9071,70.8871,231.8471,0.3056,0.083,-7.1743,66.0779,231.7076,0.2857,-0.1106,11.5457,65.7221,231.7423,0.2839,0.1753
2015-03-23T00:26:59.551Z,5.5433,70.699,231.4429,0.3052,0.0796,-7.4207,63.7755,231.1856,0.2764,-0.1203,11.7446,65.7535,231.5712,0.2844,0.1791
2015-03-23T00:27:59.903Z,5.4207,71.1674,231.3397,0.3069,0.0786,-7.2255,64.9285,231.0915,0.2807,-0.1131,10.9612,65.6891,232.177,0.2829,0.1687
2015-03-23T00:28:59.200Z,5.3938,69.6126,230.9211,0.3018,0.0812,-7.6302,64.4078,231.6538,0.2783,-0.1207,11.1621,65.5687,231.5537,0.2828,0.1748
2015-03-23T00:29:59.484Z,5.01,72.6096,231.2401,0.3136,0.0693,-7.3057,63.6878,231.5783,0.2751,-0.1163,11.4346,67.0214,232.0802,0.2889,0.1701
2015-03-23T00:30:59.948Z,5.2163,71.4897,231.768,0.3085,0.0735,-6.8348,62.5874,230.3946,0.2719,-0.111,11.0633,65.5127,231.877,0.2822,0.1703
2015-03-23T00:31:59.091Z,6.3017,71.5414,231.0434,0.3097,0.0877,-7.5261,64.3951,229.5766,0.2807,-0.1191,11.8344,65.2103,231.3836,0.2818,0.183
2015-03-23T00:32:59.346Z,6.709,72.1559,230.3443,0.3134,0.0952,-7.7249,63.5977,228.6757,0.2779,-0.1232,10.9769,67.0652,230.7692,0.2907,0.1635
2015-03-23T00:33:59.695Z,6.7242,71.4182,231.2603,0.3088,0.0945,-7.3916,63.8032,228.947,0.2787,-0.1171,11.4014,66.4007,231.5612,0.2867,0.1715
2015-03-23T00:34:59.046Z,6.6849,70.9269,231.3877,0.3064,0.0953,-7.8864,64.1643,229.3443,0.2797,-0.1264,11.2702,65.3614,232.2499,0.2811,0.1746
2015-03-23T00:35:59.440Z,7.1809,72.0521,231.9945,0.3103,0.0995,-7.4357,63.6663,229.8865,0.2764,-0.1195,11.1221,66.5188,232.7498,0.2854,0.1693
2015-03-23T00:36:59.765Z,7.1091,70.2867,231.5633,0.3031,0.1027,-7.7427,63.6244,229.3082,0.2774,-0.1242,11.4937,65.447,232.8073,0.2803,0.1769
2015-03-23T00:37:59.008Z,7.063,71.5274,232.2703,0.308,0.1004,-7.6276,61.7236,226.4957,0.2727,-0.1297,11.2964,65.2002,233.1186,0.2798,0.176
2015-03-23T00:38:59.324Z,6.7779,71.0849,232.4051,0.306,0.097,-7.2369,63.524,228.9316,0.2776,-0.1171,10.8982,67.1466,232.1852,0.2893,0.167
2015-03-23T00:39:59.486Z,7.1415,69.7499,231.7941,0.3007,0.1045,-8.1232,62.3892,230.1359,0.2708,-0.1316,11.1347,64.9038,231.3563,0.2808,0.1741
2015-03-23T00:40:59.749Z,7.2046,71.6053,231.8816,0.3087,0.1021,-7.8492,63.4178,230.3014,0.2753,-0.1253,11.3991,66.4153,231.6013,0.2868,0.1735
2015-03-23T00:41:59.950Z,6.8875,70.5061,231.8316,0.304,0.0992,-7.1429,63.5536,230.3229,0.2757,-0.1139,11.2025,65.0255,232.1315,0.2804,0.1734
2015-03-23T00:42:59.134Z,7.0054,69.5578,231.4638,0.3009,0.1017,-7.6609,60.07,229.6319,0.2619,-0.1299,10.699,62.5458,231.938,0.2701,0.1733
2015-03-23T00:43:59.404Z,6.7292,69.115,231.4968,0.2978,0.0996,-7.6737,62.0618,230.1028,0.2695,-0.125,11.3499,62.8871,231.9793,0.271,0.1811
2015-03-23T00:44:59.541Z,7.0587,69.4405,230.5702,0.3013,0.1036,-7.3935,60.8459,231.5196,0.2627,-0.123,11.5448,64.2785,233.1593,0.2754,0.1818
2015-03-23T00:45:59.843Z,7.0754,69.2648,231.1615,0.2992,0.1037,-8.2678,61.2532,231.4712,0.2646,-0.1381,11.827,62.9935,233.5878,0.2698,0.189
2015-03-23T00:46:59.065Z,6.8201,68.8769,231.1428,0.2974,0.0994,-7.692,62.4496,231.4184,0.2696,-0.1264,11.2908,64.0088,233.351,0.2742,0.1796
2015-03-23T00:47:59.332Z,6.6592,69.259,231.8023,0.299,0.0977,-7.5929,60.2311,231.7476,0.2595,-0.1326,11.3287,63.6308,233.4325,0.2727,0.1829
2015-03-23T00:48:59.725Z,7.4371,69.4288,231.3643,0.3,0.1099,-8.2235,62.3924,231.4753,0.27,-0.1338,11.644,63.9202,232.9407,0.2741,0.1831
2015-03-23T00:49:59.889Z,7.0239,70.7104,231.4799,0.3051,0.0998,-7.6896,62.7307,231.5782,0.2705,-0.124,11.3279,67.1423,233.5558,0.2872,0.1714
2015-03-23T00:50:59.176Z,6.5857,68.5593,231.4402,0.2965,0.097,-7.652,62.9429,231.676,0.2717,-0.1269,11.2563,64.5634,233.6228,0.2763,0.1764
2015-03-23T00:51:59.501Z,7.0014,68.1225,230.9792,0.2947,0.1047,-7.5948,62.4295,231.2498,0.2701,-0.1224,11.7108,63.7399,233.1633,0.2736,0.1879
2015-03-23T00:52:59.029Z,6.0274,68.5259,230.4108,0.2976,0.0886,-7.4191,62.4231,230.4004,0.2709,-0.1228,10.887,62.1698,232.2976,0.2678,0.1789
2015-03-23T00:53:59.225Z,7.0037,69.0919,231.0395,0.2985,0.1031,-8.2609,60.969,229.9969,0.2649,-0.1407,11.3256,61.921,231.9777,0.267,0.1891
2015-03-23T00:54:59.489Z,7.1568,68.8487,231.9573,0.2966,0.1073,-7.9805,62.4868,231.5126,0.2703,-0.1297,11.6028,64.1993,233.3357,0.2746,0.1816
2015-03-23T00:55:59.928Z,7.0836,68.9335,232.0973,0.2971,0.1036,-7.7377,62.4684,231.9036,0.2696,-0.1248,11.1715,64.0097,233.4722,0.2742,0.1762
2015-03-23T00:56:59.216Z,6.9474,68.9241,232.2013,0.2967,0.102,-8.1926,62.6913,231.8882,0.27,-0.1337,11.5531,63.6067,233.529,0.2724,0.1858
2015-03-23T00:57:59.446Z,7.0575,68.2004,232.3375,0.2937,0.1051,-7.3826,63.0743,232.0926,0.2718,-0.1192,11.0646,62.4668,233.7785,0.2675,0.178
2015-03-23T00:58:59.715Z,7.0302,68.4024,232.1884,0.2941,0.1037,-7.193,62.4884,231.33,0.2703,-0.1175,10.9414,63.1795,233.1977,0.2711,0.1761
2015-03-23T00:59:59.089Z,6.2602,68.7901,231.9926,0.2965,0.0907,-7.8974,63.3858,231.2985,0.2738,-0.126,11.6283,63.2755,233.0331,0.272,0.1856
2015-03-23T01:00:59.431Z,6.6029,67.3852,232.0541,0.2905,0.0998,-8.2312,61.3159,231.1241,0.2659,-0.1362,10.677,63.6163,232.6199,0.2737,0.169
2015-03-23T01:01:59.773Z,7.4932,69.542,232.1659,0.2991,0.1103,-7.4087,61.4405,230.8785,0.2664,-0.1225,11.1648,63.4678,231.8709,0.274,0.1762
2015-03-23T01:02:59.084Z,6.9996,68.8642,231.2072,0.2976,0.1031,-7.8194,60.6621,230.0619,0.264,-0.1334,11.0819,62.7714,230.8868,0.2714,0.1816
2015-03-23T01:03:59.426Z,6.8827,67.7177,230.9832,0.2932,0.1037,-7.6943,61.3615,229.6186,0.267,-0.1262,11.3979,63.1879,230.9199,0.2736,0.1841
2015-03-23T01:04:59.618Z,6.8507,68.5401,230.8059,0.2969,0.1021,-8.1189,60.878,230.2763,0.2643,-0.136,11.01,64.6175,231.3963,0.2789,0.1718
2015-03-23T01:05:59.894Z,6.3307,69.0495,230.9808,0.2988,0.0929,-7.584,62.4058,231.3591,0.2695,-0.123,10.8328,63.3673,232.468,0.2726,0.1726
2015-03-23T01:06:59.158Z,6.5867,68.6966,230.7371,0.2975,0.0983,-7.5161,63.2544,231.4391,0.2733,-0.1215,11.5003,64.4544,232.5282,0.2774,0.1796
2015-03-23T01:07:59.511Z,5.8888,69.2093,231.3947,0.2995,0.0866,-7.8938,61.0848,231.2901,0.2634,-0.1328,10.974,63.3879,232.593,0.272,0.1745
2015-03-23T01:08:59.853Z,6.734,68.1445,231.8318,0.2941,0.0998,-7.4248,61.799,231.5352,0.2663,-0.122,11.2333,63.7855,233.0515,0.2737,0.1784
2015-03-23T01:09:59.086Z,7.3832,69.1908,231.8198,0.2984,0.107,-7.8633,63.6888,231.7407,0.275,-0.1256,11.4074,63.1564,232.8618,0.2716,0.181
2015-03-23T01:10:59.239Z,7.2712,67.9896,232.111,0.293,0.1088,-8.2245,62.8062,232.5755,0.27,-0.1323,11.1423,63.4155,233.3627,0.2712,0.1773
2015-03-23T01:11:59.641Z,7.0042,69.0445,231.9912,0.2973,0.1035,-8.0204,62.5695,232.7329,0.2687,-0.1297,11.5682,63.2009,233.4852,0.2705,0.1857
2015-03-23T01:12:59.948Z,6.5045,67.6212,230.5746,0.2934,0.0973,-7.4649,61.9596,232.232,0.2667,-0.1236,11.7021,62.9093,233.3347,0.2696,0.1857
2015-03-23T01:13:59.172Z,6.617,67.7742,230.4672,0.2936,0.0987,-7.6469,62.2794,232.1156,0.2683,-0.1249,11.6036,63.6901,233.751,0.2723,0.1829
2015-03-23T01:14:59.401Z,6.9869,68.5676,231.5236,0.2962,0.1049,-8.0578,62.9103,233.2289,0.2695,-0.1314,11.6634,63.8636,234.3278,0.2723,0.184
2015-03-23T01:15:59.682Z,6.9359,69.802,232.4878,0.3005,0.1009,-7.8811,62.9395,232.863,0.2701,-0.1259,11.8878,64.0462,234.1055,0.2741,0.1868
2015-03-23T01:16:59.980Z,6.3975,69.0297,232.783,0.2965,0.0949,-7.6149,63.488,232.472,0.2731,-0.1224,11.2479,63.4903,234.2767,0.2708,0.1785
2015-03-23T01:17:59.278Z,6.9171,71.725,233.4381,0.3076,0.0967,-7.2964,62.725,232.2534,0.27,-0.1176,12.0101,65.0447,234.6,0.2766,0.1849
2015-03-23T01:18:59.426Z,7.1946,69.2421,232.2511,0.2981,0.1049,-7.4049,61.0327,230.79,0.2645,-0.123,11.3634,63.5867,233.7171,0.272,0.1858
2015-03-23T01:19:59.809Z,7.1021,69.1968,231.9974,0.2983,0.1062,-7.9017,63.0649,230.6293,0.274,-0.1276,11.5139,63.3183,233.671,0.2704,0.1837
2015-03-23T01:20:59.097Z,7.1478,69.2698,231.9599,0.2989,0.1036,-7.5894,63.5147,230.9043,0.2753,-0.1238,11.1184,63.2412,233.6369,0.2711,0.1763
2015-03-23T01:21:59.349Z,6.6688,70.8541,232.5789,0.3052,0.0961,-7.7198,61.7887,230.7259,0.2676,-0.1247,11.1323,63.9628,232.3988,0.2754,0.1754
2015-03-23T01:22:59.528Z,7.6769,68.5009,232.2247,0.2948,0.1136,-8.2475,61.046,230.2786,0.2657,-0.1373,11.5836,64.1226,231.9942,0.2763,0.1815
2015-03-23T01:23:59.760Z,7.2995,68.9368,231.0866,0.2982,0.1068,-7.5827,61.6447,229.2727,0.2689,-0.1275,11.134,63.0573,231.7851,0.2715,0.1799
2015-03-23T01:24:59.199Z,6.9727,68.0042,231.8123,0.2933,0.1043,-7.8507,62.7063,229.9641,0.2722,-0.1256,11.0048,63.5516,232.3676,0.274,0.175
2015-03-23T01:25:59.550Z,6.5233,68.3185,232.2033,0.295,0.0968,-7.6779,62.1164,230.2303,0.2696,-0.1245,11.3552,64.095,233.088,0.2749,0.1777
2015-03-23T01:26:59.731Z,7.0815,70.0295,232.3462,0.3014,0.1029,-7.8073,61.7924,230.5971,0.2678,-0.1286,11.4443,64.8699,233.3814,0.278,0.1775
2015-03-23T01:27:59.858Z,6.9947,68.2937,232.1382,0.2943,0.1043,-8.0243,59.9403,230.6311,0.2603,-0.1395,11.4965,63.6031,233.1497,0.2729,0.1829
2015-03-23T01:28:59.048Z,6.71,68.3471,231.7353,0.2949,0.1013,-7.2074,61.0027,230.1023,0.2649,-0.1196,11.7348,61.9983,233.129,0.2657,0.1908
2015-03-23T01:29:59.362Z,6.5393,69.1687,231.6976,0.2986,0.0936,-7.3069,60.7998,229.7312,0.2649,-0.1235,11.5198,65.0956,232.4613,0.2802,0.1791
2015-03-23T01:30:59.745Z,6.7822,67.8661,232.0415,0.2923,0.1024,-7.3821,63.6258,229.7633,0.2766,-0.1173,11.1787,62.9188,232.0464,0.2712,0.1796
2015-03-23T01:31:59.991Z,6.6323,69.0586,231.8668,0.2978,0.097,-7.9857,61.5874,230.2105,0.2671,-0.1304,11.2871,64.9452,232.4124,0.2799,0.1776
2015-03-23T01:32:59.266Z,6.9702,68.5228,232.0352,0.2958,0.1038,-7.7844,61.5078,230.1778,0.2666,-0.1328,11.2886,61.6716,232.7691,0.2649,0.1889
2015-03-23T01:33:59.409Z,7.0866,68.2811,231.7291,0.2945,0.1066,-7.6785,60.167,229.5209,0.2619,-0.1305,11.5386,62.3241,233.5778,0.2669,0.1882
2015-03-23T01:34:59.717Z,6.6363,67.511,231.9452,0.2909,0.1007,-7.4171,61.9623,230.3075,0.2688,-0.1231,11.2471,63.134,233.9721,0.2701,0.1797
2015-03-23T01:35:59.091Z,6.5896,68.4704,232.4401,0.2947,0.0987,-7.7781,60.8906,230.7744,0.2641,-0.1287,11.5073,63.5773,234.1406,0.2719,0.1816
2015-03-23T01:36:59.281Z,7.1614,68.6808,231.4352,0.2965,0.1055,-7.5184,60.6163,230.4795,0.2634,-0.1243,11.5489,63.1482,233.8947,0.2702,0.1826
2015-03-23T01:37:59.522Z,6.9365,68.7623,231.377,0.2971,0.103,-7.7358,62.1425,230.308,0.2696,-0.1247,11.5407,64.0623,233.256,0.2749,0.1831
2015-03-23T01:38:59.765Z,6.8616,68.9612,231.8274,0.2978,0.0997,-7.497,63.3529,231.093,0.2739,-0.1202,11.6192,65.1584,232.8287,0.2799,0.1804
2015-03-23T01:39:59.071Z,6.7756,70.3339,231.8692,0.3031,0.0974,-7.5922,61.3173,231.0734,0.266,-0.1264,11.5089,64.3068,232.6982,0.2764,0.1793
2015-03-23T01:40:59.328Z,6.8069,69.0553,231.348,0.2984,0.0992,-7.1313,61.1264,230.6315,0.2646,-0.1212,11.3443,62.137,232.0311,0.268,0.1846
2015-03-23T01:41:59.520Z,6.9073,67.7734,231.0725,0.2931,0.1036,-8.1418,61.7758,230.6064,0.2677,-0.1333,11.1436,63.4187,231.9795,0.2734,0.1781
2015-03-23T01:42:59.861Z,6.7185,68.9764,231.3954,0.2978,0.0984,-7.5883,61.9174,230.844,0.268,-0.1262,11.2012,62.8103,232.1164,0.2703,0.1815
2015-03-23T01:43:59.973Z,6.7055,68.3427,230.5542,0.2967,0.1,-7.6443,62.1834,230.3799,0.2698,-0.1244,11.5395,62.7153,232.3052,0.2698,0.1855
2015-03-23T01:44:59.320Z,7.1839,69.5741,230.9488,0.3018,0.1037,-7.5633,61.0251,231.1777,0.2637,-0.126,11.5159,62.5897,232.987,0.2688,0.1833
2015-03-23T01:45:59.653Z,6.7127,69.0344,230.7115,0.2988,0.099,-7.5975,61.4197,230.8955,0.2654,-0.1252,10.7935,63.6719,232.2674,0.2741,0.172
2015-03-23T01:46:59.820Z,7.1956,68.783,230.6892,0.2979,0.1051,-7.8771,61.8771,230.3991,0.2688,-0.1305,11.4627,62.399,231.312,0.2696,0.1863
2015-03-23T01:47:59.124Z,7.0731,68.2992,231.7793,0.2947,0.1039,-7.4721,60.2054,230.6453,0.2609,-0.1276,11.4424,62.3519,231.9739,0.2691,0.1889
2015-03-23T01:48:59.275Z,6.9436,69.5942,231.5457,0.3001,0.1007,-7.996,61.5271,231.2214,0.2663,-0.1321,11.4952,62.4278,231.6996,0.2698,0.1871
2015-03-23T01:49:59.634Z,6.5807,70.0064,231.6679,0.302,0.0954,-7.5679,62.0015,231.5872,0.2677,-0.1247,11.1859,62.8896,232.0463,0.2712,0.1789
2015-03-23T01:50:59.798Z,7.0679,68.5178,231.3589,0.296,0.1035,-7.6805,61.8234,231.3378,0.2665,-0.1257,10.9808,62.9929,231.0697,0.272,0.1752
2015-03-23T01:51:59.976Z,5.5397,67.8014,230.9081,0.2932,0.0822,-7.2857,63.0896,230.8856,0.2734,-0.1163,11.0093,63.5449,230.1991,0.2762,0.1755
2015-03-23T01:52:59.155Z,5.3974,68.6753,232.0702,0.2957,0.0798,-7.6229,60.838,231.9412,0.2627,-0.1308,11.4019,62.3198,230.5897,0.2704,0.1868
2015-03-23T01:53:59.528Z,5.0993,68.2912,232.501,0.2938,0.0757,-7.0652,61.1525,231.8764,0.2635,-0.116,10.788,63.3237,230.3916,0.2753,0.1716
2015-03-23T01:54:59.747Z,5.0814,69.8536,232.8588,0.2997,0.0752,-7.5816,62.1091,233.3309,0.2662,-0.1238,11.6014,63.9408,232.817,0.274,0.1826
2015-03-23T01:55:59.027Z,4.9139,69.1058,232.7964,0.2966,0.0706,-6.8293,61.7718,233.0672,0.265,-0.1121,11.335,62.4033,233.0486,0.2671,0.1837
2015-03-23T01:56:59.372Z,5.3237,70.2366,232.4512,0.3023,0.0768,-7.7615,62.5856,233.0205,0.2684,-0.1256,11.3522,62.5348,232.6158,0.2685,0.1843
2015-03-23T01:57:59.725Z,5.5152,65.5141,232.6076,0.2812,0.0854,-7.4635,61.142,232.6095,0.2628,-0.1224,11.5779,61.6175,232.4888,0.2654,0.19
2015-03-23T01:58:59.914Z,5.7933,69.4321,232.9584,0.2978,0.0842,-7.1768,61.9555,233.0581,0.2658,-0.1195,11.749,63.0023,232.9099,0.2707,0.1887
2015-03-23T01:59:59.213Z,4.3173,69.24,232.6688,0.2976,0.0621,-7.4659,62.8528,233.3814,0.2694,-0.1224,10.9581,64.1106,233.2632,0.275,0.172
2015-03-23T02:00:59.643Z,5.3926,66.9084,232.7246,0.288,0.0814,-7.8353,62.5411,232.9432,0.2687,-0.1269,11.2492,62.848,233.0432,0.2699,0.1818
2015-03-23T02:01:59.818Z,5.5688,67.1962,232.2604,0.2897,0.0857,-7.3239,59.9041,232.5116,0.2576,-0.1251,11.5313,61.9648,232.6402,0.2668,0.1865
2015-03-23T02:02:59.195Z,6.0588,70.371,231.7544,0.3039,0.0879,-7.3002,63.5533,231.914,0.2739,-0.1145,10.774,60.8075,232.1553,0.2617,0.1769
2015-03-23T02:03:59.375Z,5.3148,68.6016,231.4054,0.2962,0.078,-7.5527,60.8623,231.5817,0.2628,-0.1262,11.0155,63.387,232.2459,0.2733,0.176
2015-03-23T02:04:59.729Z,5.1615,70.0774,231.969,0.3021,0.0733,-7.0655,60.1064,232.3278,0.2586,-0.12,11.4196,62.5332,233.1565,0.2682,0.1852
2015-03-23T02:05:59.996Z,5.7727,69.8059,231.5331,0.3015,0.0823,-7.3613,61.71,231.8695,0.2668,-0.1179,11.6008,64.65,233.0273,0.2777,0.1824
2015-03-23T02:06:59.442Z,6.2646,68.0969,232.2144,0.293,0.0932,-7.3228,62.6657,231.988,0.2701,-0.118,11.7142,62.9588,233.1726,0.2697,0.1901
2015-03-23T02:07:59.702Z,5.3229,68.7086,232.1447,0.2961,0.0791,-7.4141,62.2716,231.4563,0.2688,-0.1204,11.4646,64.3328,232.9815,0.2763,0.1793
2015-03-23T02:08:59.952Z,5.4386,68.7992,232.3585,0.2956,0.0802,-7.1603,61.9498,230.1535,0.2691,-0.1181,11.1845,62.3326,233.1248,0.2673,0.1802
2015-03-23T02:09:59.224Z,5.0992,67.9053,232.5744,0.2917,0.076,-7.1787,60.251,228.2029,0.2639,-0.121,11.2264,63.9577,233.5441,0.2741,0.177
2015-03-23T02:10:59.582Z,6.0915,68.6522,232.563,0.2947,0.0898,-7.5381,62.3119,228.6684,0.2721,-0.1229,11.9388,62.6121,233.1542,0.2681,0.1914
2015-03-23T02:11:59.875Z,5.6575,69.8229,232.6109,0.3001,0.0809,-7.3958,61.3515,231.293,0.2651,-0.121,11.5855,64.0504,233.4401,0.2739,0.1821
2015-03-23T02:12:59.133Z,5.4207,68.3407,232.4729,0.2935,0.0807,-6.8431,61.7726,231.3888,0.2671,-0.1153,11.4354,63.5162,233.879,0.2716,0.1854
2015-03-23T02:13:59.318Z,5.2573,68.977,232.2976,0.2971,0.0768,-7.6324,62.1392,230.7173,0.2695,-0.1247,11.2759,64.1049,233.3497,0.2745,0.1788
2015-03-23T02:14:59.468Z,5.2703,69.127,232.5037,0.2973,0.0753,-7.484,61.2766,231.4856,0.2645,-0.1224,11.0644,61.5686,233.9278,0.2635,0.1793
2015-03-23T02:15:59.900Z,5.364,68.2996,232.924,0.2935,0.0786,-7.4158,61.1225,232.039,0.2636,-0.124,11.9478,63.8337,234.4841,0.2716,0.1874
2015-03-23T02:16:59.248Z,5.3041,69.1548,232.5448,0.2971,0.0796,-7.2523,62.9071,231.6443,0.2717,-0.1167,11.6967,63.7514,234.2414,0.2724,0.1846
2015-03-23T02:17:59.503Z,5.4269,67.9015,231.8858,0.2933,0.0808,-7.2188,62.3234,232.7068,0.2678,-0.1186,11.066,65.1892,234.9381,0.2775,0.172
2015-03-23T02:18:59.795Z,5.3703,68.8571,232.06,0.2965,0.0793,-7.1859,61.7125,233.0127,0.2641,-0.1174,11.3661,64.7702,235.3427,0.2752,0.1788
2015-03-23T02:19:59.997Z,5.9605,69.4245,231.8642,0.2992,0.0877,-7.5322,62.0781,232.5616,0.2667,-0.1226,11.5927,63.4452,235.1749,0.2695,0.1834
2015-03-23T02:20:59.425Z,5.4474,70.0258,231.6432,0.3026,0.0784,-6.6812,61.1381,231.6814,0.2637,-0.1109,11.8319,64.8969,234.344,0.2769,0.1827
2015-03-23T02:21:59.673Z,5.5536,68.3288,232.3782,0.2945,0.0812,-6.9827,60.9674,231.1792,0.2641,-0.1167,11.4225,63.8311,234.4752,0.2716,0.1801
2015-03-23T02:22:59.060Z,5.214,67.8888,232.2628,0.2922,0.0783,-7.5129,60.8524,231.48,0.2633,-0.1258,10.9642,63.2921,234.3841,0.2703,0.1766
2015-03-23T02:23:59.395Z,5.4998,68.9348,232.5753,0.2963,0.0793,-7.1586,61.0966,231.3248,0.2639,-0.1167,11.6861,64.4413,234.5349,0.2749,0.1833
2015-03-23T02:24:59.614Z,5.3871,68.8951,233.1092,0.2955,0.0788,-7.1576,61.7721,231.9425,0.2659,-0.1186,11.8744,65.541,235.3202,0.2786,0.1832
2015-03-23T02:25:59.909Z,5.2973,69.4018,233.0055,0.2981,0.0763,-7.432,61.384,232.1982,0.2647,-0.1233,11.8548,63.7462,235.4893,0.2705,0.1909
2015-03-23T02:26:59.198Z,4.9002,68.6727,233.1827,0.2947,0.0722,-6.894,62.0583,232.1014,0.2676,-0.1159,11.197,63.1172,235.4343,0.2684,0.1804
2015-03-23T02:27:59.504Z,5.8038,70.9717,232.9343,0.305,0.0816,-7.5854,62.1435,231.6146,0.2684,-0.1246,11.2824,64.2372,234.9571,0.2735,0.1775
2015-03-23T02:28:59.817Z,5.2229,69.5722,232.7631,0.2987,0.0758,-7.0865,62.1536,231.2874,0.2688,-0.1144,11.1346,64.2057,234.9142,0.2733,0.1742
2015-03-23T02:29:59.189Z,5.5042,68.8907,233.0548,0.2957,0.0803,-7.9332,61.0238,231.3236,0.2636,-0.1339,11.6216,63.246,235.0862,0.2686,0.1853
2015-03-23T02:30:59.386Z,5.2601,68.8699,232.9787,0.296,0.0776,-7.0813,62.243,231.4651,0.2686,-0.1146,11.5869,64.6448,234.8538,0.2747,0.1796
2015-03-23T02:31:59.742Z,5.9153,68.5408,233.2625,0.2943,0.088,-7.9654,59.9896,231.7523,0.2588,-0.1347,11.2143,62.8533,234.291,0.2682,0.1827
2015-03-23T02:32:59.941Z,5.7095,69.4186,233.0818,0.2977,0.0844,-6.9433,60.1737,231.216,0.2605,-0.1196,11.6271,64.4242,234.0421,0.2753,0.1822
2015-03-23T02:33:59.183Z,5.4688,69.6654,231.939,0.3003,0.0802,-7.0872,61.7002,230.1504,0.2682,-0.1157,11.6774,63.3989,232.872,0.2721,0.1871
2015-03-23T02:34:59.528Z,5.5595,69.5888,232.7204,0.2988,0.0818,-7.0434,62.2392,230.8215,0.2696,-0.1148,11.5395,63.5183,233.726,0.2714,0.1843
2015-03-23T02:35:59.743Z,6.0678,69.0479,233.4921,0.2955,0.089,-7.3925,61.85,231.9007,0.2667,-0.1208,11.5721,65.1593,234.4112,0.2779,0.1784
2015-03-23T02:36:59.129Z,6.044,68.765,232.3777,0.296,0.0894,-7.5891,61.0053,231.0821,0.2639,-0.1288,11.2166,63.8228,233.4028,0.2736,0.1793
2015-03-23T02:37:59.345Z,5.3592,69.3036,232.0005,0.2991,0.079,-6.8766,60.7956,231.2235,0.2622,-0.1154,11.0984,63.0685,232.7154,0.2712,0.1767
2015-03-23T02:38:59.552Z,5.7846,68.93,232.3891,0.2966,0.0833,-7.8029,62.3846,231.7475,0.2696,-0.1289,11.4378,63.8225,232.7047,0.2743,0.1808
2015-03-23T02:39:59.984Z,4.8304,68.458,232.0426,0.2951,0.0716,-7.0062,62.2285,231.2405,0.2687,-0.1157,11.5586,63.613,233.1268,0.273,0.1834
2015-03-23T02:40:59.423Z,5.3674,69.1961,231.9879,0.2983,0.0779,-7.1308,62.4508,231.0176,0.2703,-0.1156,11.1127,62.4559,233.1187,0.2688,0.178
2015-03-23T02:41:59.884Z,5.6954,68.2674,231.4596,0.2951,0.085,-7.1088,61.7945,231.0696,0.2676,-0.1191,11.3912,62.347,233.1417,0.2671,0.1836
2015-03-23T02:42:59.117Z,5.4973,69.5718,232.7961,0.2982,0.08,-7.0742,60.3763,231.7684,0.2599,-0.121,11.2707,62.9769,230.6556,0.273,0.1804
2015-03-23T02:43:59.288Z,5.4971,69.4728,232.2282,0.299,0.0801,-7.5112,60.9864,231.8323,0.2636,-0.1245,11.41,64.0412,233.7442,0.2741,0.179
2015-03-23T02:44:59.637Z,5.7109,68.2305,232.6982,0.2934,0.0845,-7.548,61.8364,231.9984,0.2663,-0.1246,11.9815,64.2958,234.1962,0.2741,0.1864
2015-03-23T02:45:59.853Z,5.8001,68.5223,232.4174,0.2944,0.0853,-6.8768,62.9263,232.5632,0.2704,-0.1115,11.1181,62.1791,233.6408,0.2663,0.1795
2015-03-23T02:46:59.120Z,5.201,68.5673,231.9068,0.2956,0.0759,-7.0542,61.5024,231.6709,0.2652,-0.1199,11.3309,63.691,233.1503,0.2733,0.1788
2015-03-23T02:47:59.654Z,5.0267,69.2525,232.406,0.2975,0.0724,-7.3833,62.2989,231.8797,0.2682,-0.1209,11.3585,63.8276,233.9418,0.273,0.1787
2015-03-23T02:48:59.909Z,5.4503,68.8884,231.6466,0.2971,0.0803,-6.828,62.1338,231.0703,0.2688,-0.1116,11.2237,64.424,233.311,0.276,0.1769
2015-03-23T02:49:59.502Z,5.3911,69.253,232.0051,0.2986,0.0792,-7.1931,61.9427,229.2054,0.2703,-0.1174,11.5989,62.6603,233.1818,0.269,0.1867
2015-03-23T02:50:59.758Z,5.2059,69.0842,232.6001,0.2967,0.076,-7.4296,61.206,230.6098,0.2654,-0.1236,11.2486,63.4533,233.533,0.2723,0.1798
2015-03-23T02:51:59.173Z,5.1377,68.4322,231.8811,0.2953,0.0761,-7.1231,61.3504,232.6203,0.2634,-0.1203,11.4264,64.1697,233.6761,0.2748,0.1822
2015-03-23T02:52:59.411Z,5.9958,68.9411,232.1689,0.2967,0.0874,-7.3693,61.5255,232.5932,0.2641,-0.122,11.468,63.7078,233.8177,0.2726,0.1831
2015-03-23T02:53:59.647Z,5.6616,68.8648,232.4965,0.2959,0.0834,-7.5152,62.8251,232.1205,0.2704,-0.1214,11.16,64.1233,234.3197,0.274,0.1744
2015-03-23T02:54:59.018Z,5.2551,68.1549,232.4526,0.2927,0.0791,-6.6084,61.9853,231.7748,0.2674,-0.1094,11.318,63.8076,234.3979,0.2727,0.1776
2015-03-23T02:55:59.214Z,5.5455,68.3898,231.1001,0.296,0.0816,-7.3774,60.0976,231.2926,0.2603,-0.1301,63.3622,112.3391,233.7857,0.481,0.3975
2015-03-23T02:56:59.522Z,772.6414,1197.0471,229.9894,5.2086,0.5933,853.5337,1284.1291,230.3059,5.5789,0.5892,1362.0971,1947.2504,230.7751,8.4391,0.7106
2015-03-23T02:57:59.911Z,943.2914,1395.7064,230.1371,6.0641,0.6764,1019.0361,1471.0286,229.5869,6.4076,0.6919,1521.4387,2106.9452,230.8347,9.127,0.7213
2015-03-23T02:58:59.239Z,936.0647,1400.0888,230.4743,6.0747,0.6689,998.4191,1442.9982,228.4755,6.3153,0.6924,1529.9014,2098.4755,230.649,9.0978,0.7294
2015-03-23T02:59:59.437Z,950.4721,1410.7482,230.3682,6.1238,0.6738,1003.4311,1449.5412,228.6832,6.3386,0.6924,1533.47,2090.0803,230.1101,9.0823,0.7333
