2015-02-18T00:00:59.894Z,2.5804,69.9992,233.0964,0.2999,0.0385,3.1343,64.2733,232.029,0.2771,0.0498,83.27,105.3315,234.3925,0.4492,0.791
2015-02-18T00:01:59.154Z,3.012,69.2872,233.0162,0.2972,0.0451,2.9512,64.8076,231.6663,0.28,0.0472,83.5154,105.572,234.3607,0.4503,0.7924
2015-02-18T00:02:59.418Z,3.5062,70.0399,232.7355,0.3008,0.051,2.8512,63.74,231.1645,0.2757,0.0464,83.0357,104.7424,233.8376,0.4476,0.7937
2015-02-18T00:03:59.665Z,3.6498,72.1247,232.6166,0.31,0.0523,2.8553,66.6778,231.8168,0.2876,0.0416,83.3564,106.0802,233.7838,0.454,0.7869
2015-02-18T00:04:59.963Z,3.3098,74.5162,232.4013,0.3204,0.0445,2.9135,66.9121,232.1754,0.2882,0.043,82.6692,106.8716,232.8407,0.4587,0.7745
2015-02-18T00:05:59.273Z,2.8138,72.306,233.0098,0.3106,0.0393,3.6164,67.0758,232.5764,0.2882,0.0525,83.4611,106.4483,234.3931,0.4542,0.7847
2015-02-18T00:06:59.454Z,2.6384,73.4453,232.957,0.3153,0.0362,3.2466,66.8101,232.4948,0.2873,0.0499,82.7325,106.2502,234.358,0.4529,0.7797
2015-02-18T00:07:59.049Z,2.9383,74.1529,232.9563,0.3181,0.0413,3.3031,67.462,232.2921,0.2904,0.0498,82.9071,106.4191,234.6402,0.454,0.7801
2015-02-18T00:08:59.259Z,2.9068,73.9952,232.6036,0.3184,0.0395,3.4085,66.8946,231.9554,0.2879,0.0516,83.799,107.9776,234.3586,0.4603,0.777
2015-02-18T00:09:59.663Z,3.192,74.1358,232.7415,0.3186,0.0452,2.771,67.3513,231.2513,0.2915,0.0422,82.9333,106.9808,233.8881,0.4578,0.7763
2015-02-18T00:10:59.018Z,3.7736,72.6863,232.9294,0.3122,0.0532,3.5893,66.1613,231.7867,0.2856,0.0569,84.0167,106.4656,234.0982,0.4547,0.791
2015-02-18T00:11:59.400Z,3.1079,73.6489,233.3939,0.3153,0.042,3.452,68.8102,232.2923,0.2964,0.0509,82.7555,106.4199,233.8161,0.4552,0.7778
2015-02-18T00:12:59.594Z,3.0091,75.293,233.4411,0.3224,0.0408,3.3497,65.9929,231.4378,0.2849,0.0498,82.9779,105.9453,233.5998,0.4534,0.7841
2015-02-18T00:13:59.780Z,3.18,73.6019,233.1916,0.3158,0.0436,2.918,67.2096,231.9223,0.2896,0.044,83.0353,106.924,233.5856,0.4575,0.7778
2015-02-18T00:14:59.085Z,3.5279,74.1009,233.1563,0.3174,0.0482,3.231,68.77,232.2887,0.2963,0.0479,81.6547,105.3177,232.3056,0.4533,0.7762
2015-02-18T00:15:59.304Z,3.4349,75.3789,234.7754,0.3215,0.0455,2.7986,66.9799,232.3845,0.2885,0.0441,82.9382,106.8216,232.9887,0.4585,0.778
2015-02-18T00:16:59.562Z,2.8358,74.8188,234.7356,0.3188,0.0384,3.2831,67.419,232.6452,0.2902,0.0495,82.3681,106.0156,232.581,0.4566,0.7784
2015-02-18T00:17:59.878Z,2.986,74.9867,233.9959,0.3201,0.0388,2.9899,67.7704,231.9696,0.292,0.0446,83.41,107.624,234.4564,0.459,0.7762
2015-02-18T00:18:59.124Z,3.5424,74.0489,233.8228,0.3166,0.0482,3.1392,66.9041,231.839,0.289,0.0472,84.4254,108.3214,235.2199,0.4607,0.78
2015-02-18T00:19:59.318Z,3.169,73.962,233.4713,0.3164,0.0433,3.1111,67.2066,232.0105,0.2898,0.0482,85.1962,109.7259,235.5873,0.4658,0.7777
2015-02-18T00:20:59.638Z,2.8755,74.7381,233.5653,0.3198,0.0389,3.0313,65.7829,231.8151,0.2838,0.0452,84.9197,108.3959,235.7282,0.4596,0.7843
2015-02-18T00:21:59.902Z,3.3631,73.3155,232.9695,0.3146,0.0449,3.1205,66.5411,231.5276,0.287,0.0459,83.6612,106.2741,235.0468,0.4516,0.7877
2015-02-18T00:22:59.190Z,3.7597,73.153,232.3457,0.3149,0.0516,2.8988,64.2828,230.8056,0.2788,0.0444,84.0927,106.7476,234.4246,0.4556,0.7882
2015-02-18T00:23:59.413Z,2.9492,72.6918,231.7088,0.3137,0.0418,3.1126,65.8365,230.6614,0.2855,0.0497,83.7842,106.871,234.1157,0.4564,0.7843
2015-02-18T00:24:59.776Z,2.6677,71.0457,230.4027,0.308,0.0364,2.9386,64.545,228.0385,0.2832,0.0452,84.0829,107.1074,234.9815,0.4551,0.786
2015-02-18T00:25:59.117Z,3.9681,71.5893,231.7197,0.3086,0.0562,3.2517,64.7526,230.561,0.2811,0.0518,84.1561,106.3919,234.7262,0.4533,0.7921
2015-02-18T00:26:59.400Z,3.3602,72.3725,232.3646,0.3111,0.0463,3.0296,65.4344,231.9379,0.2827,0.0485,84.0558,106.3485,234.5075,0.4538,0.7909
2015-02-18T00:27:59.627Z,3.5886,72.7521,232.6707,0.3129,0.0497,3.6489,63.8367,232.2153,0.2745,0.0565,83.3815,106.9875,234.5109,0.456,0.7808
2015-02-18T00:28:59.909Z,3.1078,73.5827,233.7407,0.3147,0.0427,3.6052,65.7557,232.2514,0.2837,0.0538,83.3595,106.3422,234.4546,0.4539,0.7851
2015-02-18T00:29:59.183Z,3.5768,72.8766,233.5796,0.3126,0.0491,2.7844,67.0658,232.5066,0.2883,0.0419,83.8703,107.153,234.5643,0.4564,0.783
2015-02-18T00:30:59.300Z,2.806,72.1442,233.1877,0.3095,0.0387,2.9702,64.2307,232.6693,0.2758,0.0491,83.5282,106.212,234.0748,0.454,0.7881
2015-02-18T00:31:59.525Z,3.2496,72.9941,233.474,0.3125,0.0456,3.081,66.889,233.2345,0.2869,0.0469,83.4826,106.0882,234.0187,0.4531,0.7877
2015-02-18T00:32:59.764Z,2.7123,72.4473,233.1234,0.3105,0.0369,3.2113,66.5688,232.7923,0.2864,0.0489,82.6634,104.4877,233.394,0.4479,0.792
2015-02-18T00:33:59.834Z,2.6156,72.7877,232.8368,0.3125,0.0369,3.246,62.937,231.9082,0.2704,0.0516,82.7254,103.6135,233.4768,0.4437,0.7986
2015-02-18T00:34:59.938Z,3.3031,70.8637,232.5023,0.3052,0.0477,2.7692,63.7086,231.4337,0.2753,0.0455,83.8731,105.4197,234.6009,0.4497,0.7964
2015-02-18T00:35:59.077Z,2.8697,70.2254,233.8174,0.3004,0.0419,3.0627,63.7866,233.4586,0.273,0.0507,84.2307,105.2219,234.948,0.4477,0.8014
2015-02-18T00:36:59.548Z,3.1822,71.8882,233.7944,0.3071,0.0441,3.2708,64.0247,233.3668,0.2744,0.0519,84.0081,106.5238,234.6795,0.4538,0.7896
2015-02-18T00:37:59.685Z,3.5433,72.8845,234.0919,0.3114,0.0487,3.0991,65.731,233.6084,0.2814,0.049,84.2849,106.9499,235.0268,0.4555,0.7891
2015-02-18T00:38:59.911Z,3.1937,72.5831,233.4941,0.3108,0.0444,3.5113,66.974,233.4725,0.2865,0.0523,83.3123,105.9315,234.6405,0.4519,0.7876
2015-02-18T00:39:59.082Z,3.0537,70.6286,233.6224,0.302,0.0433,3.2842,63.9827,233.51,0.2738,0.0532,83.5896,105.6629,234.4806,0.4508,0.7924
2015-02-18T00:40:59.464Z,3.6496,70.4743,233.6441,0.302,0.0516,2.7212,62.5353,233.1777,0.2683,0.0434,83.6063,105.3624,234.0977,0.4502,0.7957
2015-02-18T00:41:59.698Z,2.8555,71.5692,233.6045,0.3066,0.0402,2.9953,65.1749,233.4558,0.2795,0.0467,82.9585,104.3452,234.0027,0.4455,0.7958
2015-02-18T00:42:59.923Z,3.5507,72.0136,233.5121,0.3079,0.049,2.5384,64.0776,232.9771,0.2755,0.0395,83.4809,105.5755,233.5436,0.4519,0.7907
2015-02-18T00:43:59.205Z,2.7942,71.6736,232.8923,0.3076,0.0374,3.0344,64.1894,232.3157,0.2757,0.0484,82.2414,104.4304,232.7369,0.4482,0.7878
2015-02-18T00:44:59.441Z,3.6455,70.7666,233.5499,0.3033,0.0504,3.1314,63.6773,231.3886,0.2756,0.051,82.4718,105.3348,232.3168,0.4533,0.784
2015-02-18T00:45:59.695Z,2.9331,71.6674,233.7254,0.3062,0.0415,3.3025,63.0991,232.9854,0.2705,0.0559,82.9289,105.371,233.0487,0.4523,0.7887
2015-02-18T00:46:59.006Z,3.3513,71.6802,233.6142,0.3069,0.0458,2.9991,63.9402,233.2583,0.2744,0.0468,82.6084,104.0398,233.3774,0.4459,0.7942
2015-02-18T00:47:59.322Z,3.1567,71.4139,233.5311,0.3055,0.045,3.5564,64.8275,233.7796,0.2777,0.0548,83.1618,105.2597,233.8609,0.4497,0.7907
2015-02-18T00:48:59.674Z,4.0407,71.486,233.2035,0.3065,0.0576,3.3848,66.077,233.5901,0.2831,0.0523,82.9714,105.1252,233.6491,0.4499,0.79
2015-02-18T00:49:59.959Z,4.1187,71.0324,233.0401,0.3043,0.0589,3.0213,63.9093,233.3263,0.2734,0.0481,83.0155,105.7842,233.4377,0.453,0.786
2015-02-18T00:50:59.266Z,2.8304,71.2346,233.6823,0.3044,0.04,2.9444,64.8959,233.1958,0.2782,0.047,82.8479,104.3094,233.1919,0.4472,0.7944
2015-02-18T00:51:59.692Z,3.2197,70.6347,233.9412,0.3021,0.0467,3.3352,63.8222,232.9546,0.2741,0.0512,82.2455,104.6514,232.4654,0.4508,0.7875
2015-02-18T00:52:59.024Z,3.0587,72.2832,233.6611,0.3091,0.0421,2.9284,64.0554,232.5517,0.2754,0.0448,82.2356,103.3259,232.1407,0.4454,0.7969
2015-02-18T00:53:59.384Z,4.1199,72.9116,233.6085,0.3123,0.0573,2.9799,63.8151,231.9436,0.2754,0.0467,82.4359,103.7782,232.192,0.4468,0.7949
2015-02-18T00:54:59.930Z,4.1813,72.2174,233.7946,0.3085,0.0592,2.9023,63.8837,230.7937,0.2761,0.0455,82.1096,104.2883,232.2023,0.4497,0.7883
2015-02-18T00:55:59.165Z,3.3353,71.4827,233.755,0.3057,0.0481,3.0882,64.1934,232.4152,0.2761,0.0519,82.9612,103.8241,233.5896,0.4449,0.7996
2015-02-18T00:56:59.401Z,3.3407,71.4347,233.9385,0.3055,0.0481,3.4904,62.871,232.6391,0.2704,0.0557,83.0431,105.238,233.6145,0.4507,0.7904
2015-02-18T00:57:59.783Z,3.1711,71.2835,234.2126,0.3042,0.0451,3.2084,64.9077,232.7212,0.2791,0.0512,83.2827,105.4287,233.5754,0.4516,0.791
2015-02-18T00:58:59.139Z,3.5913,71.7547,234.1946,0.3068,0.0513,3.4016,66.0439,233.188,0.2828,0.0526,83.4906,105.0642,234.2257,0.4482,0.7956
2015-02-18T00:59:59.305Z,3.0473,71.709,233.433,0.3071,0.0427,3.0496,65.0096,233.541,0.2787,0.0454,83.5509,104.8489,234.4711,0.4474,0.7982
