2015-04-16T00:00:59.719Z,686.5801,898.2193,230.6159,3.9078,0.4643,714.8531,942.6473,229.9821,4.1157,0.3189,1053.8742,1325.9994,229.961,5.7927,0.8273
2015-04-16T00:01:59.678Z,4.9031,48.3074,230.7896,0.2093,0.1026,-6.2099,34.1741,230.3415,0.1482,-0.1888,14.5582,40.0873,231.5766,0.1732,0.3153
2015-04-16T00:02:59.135Z,5.4984,49.0652,230.2709,0.213,0.1117,-6.5174,34.7949,230.2091,0.1507,-0.1943,10.6907,37.812,231.6916,0.1633,0.2867
2015-04-16T00:03:59.391Z,4.8571,48.9312,230.6286,0.2122,0.0997,-6.4846,33.5791,230.3497,0.1456,-0.1969,10.1822,37.3478,231.8162,0.1612,0.2844
2015-04-16T00:04:59.953Z,5.0108,48.7352,230.9989,0.211,0.103,-5.714,32.9634,230.6459,0.1429,-0.1826,10.3917,38.1772,231.7732,0.1648,0.2813
2015-04-16T00:05:59.337Z,5.1378,48.3152,232.059,0.2077,0.1053,-6.7969,33.651,231.6922,0.1448,-0.2071,10.3526,37.4902,232.4689,0.1608,0.2839
2015-04-16T00:06:59.627Z,5.0009,49.5363,232.0846,0.2133,0.1002,-6.4044,36.5543,232.2945,0.1575,-0.1805,10.7755,37.8884,232.277,0.1629,0.2949
2015-04-16T00:07:59.905Z,5.1187,48.0243,232.12,0.2069,0.1063,-6.6684,35.1205,232.3108,0.1513,-0.1942,9.9705,38.332,232.0342,0.1653,0.2736
2015-04-16T00:08:59.165Z,5.2686,48.9432,232.3561,0.2106,0.108,-6.2001,35.068,232.2748,0.1504,-0.1872,10.7659,37.8023,231.9519,0.1626,0.2889
2015-04-16T00:09:59.586Z,4.7866,46.9278,231.4622,0.2032,0.103,-6.4946,35.7202,231.4477,0.1545,-0.1823,10.3008,38.6428,231.1428,0.1673,0.2812
2015-04-16T00:10:59.853Z,5.1003,49.1347,231.7871,0.2118,0.1023,-6.86,34.8688,231.1187,0.1511,-0.2023,10.6701,36.7956,231.7215,0.1589,0.2953
2015-04-16T00:11:59.981Z,4.6171,48.5784,231.7493,0.2093,0.0956,-6.208,31.6633,231.5804,0.1367,-0.1998,9.768,36.5378,231.8147,0.1576,0.2757
2015-04-16T00:12:59.422Z,5.7796,48.5,231.3527,0.2098,0.1182,-6.5242,31.6904,231.0161,0.1376,-0.2102,10.595,34.3303,232.6404,0.1477,0.3149
2015-04-16T00:13:59.639Z,4.7305,48.2322,231.227,0.2085,0.0977,-6.3268,32.0337,231.2888,0.1385,-0.2074,9.9493,35.6301,232.4054,0.1533,0.2881
2015-04-16T00:14:59.960Z,4.7197,48.9139,231.6702,0.2107,0.0966,-6.2608,35.6613,231.5986,0.1536,-0.1828,10.7162,38.2516,232.6689,0.1646,0.2862
2015-04-16T00:15:59.182Z,4.7338,47.6046,231.8663,0.2048,0.1002,-5.9782,33.7828,231.8544,0.1461,-0.1831,10.1363,38.1945,232.8708,0.1637,0.2746
2015-04-16T00:16:59.252Z,5.7123,48.3516,231.3227,0.2089,0.1182,-5.952,32.5229,231.9148,0.1402,-0.1931,10.3775,35.8553,232.958,0.1535,0.2948
2015-04-16T00:17:59.473Z,4.7774,48.2646,230.1371,0.2102,0.0988,-6.949,34.2126,232.0448,0.1478,-0.2033,10.1345,36.4211,232.7489,0.1563,0.2871
2015-04-16T00:18:59.783Z,4.9549,47.9793,230.7033,0.2085,0.1031,-6.2547,33.4827,232.5455,0.1438,-0.1931,10.3527,37.8779,232.7476,0.1631,0.2811
2015-04-16T00:19:59.303Z,5.1343,48.578,230.7786,0.21,0.1057,-6.3524,33.9498,232.6119,0.1461,-0.1986,10.1272,38.1302,232.7639,0.1634,0.2691
2015-04-16T00:20:59.167Z,5.3913,47.6998,231.9396,0.2055,0.1135,-6.3743,33.8741,232.1115,0.146,-0.1892,10.3392,37.1284,232.6365,0.1593,0.2879
2015-04-16T00:21:59.373Z,5.119,48.5121,231.2424,0.2101,0.1049,-5.6376,35.1736,231.428,0.152,-0.1742,10.1563,37.3295,231.764,0.1609,0.279
2015-04-16T00:22:59.654Z,6.0024,48.7729,231.3807,0.2108,0.1249,-6.4827,32.0245,231.4904,0.138,-0.2077,10.5075,38.12,232.4084,0.1638,0.2826
2015-04-16T00:23:59.200Z,6.6471,48.0553,231.5021,0.2078,0.1366,-6.6296,34.6482,231.599,0.1493,-0.1947,10.1852,38.8965,232.12,0.1675,0.2729
2015-04-16T00:24:59.158Z,5.7699,48.3886,231.7999,0.2084,0.1203,-7.0519,32.8933,231.9682,0.142,-0.2181,9.978,38.3451,232.0977,0.165,0.2636
2015-04-16T00:25:59.314Z,6.9652,48.4514,232.0121,0.2087,0.142,-6.5102,33.0849,232.1993,0.1423,-0.2027,9.947,39.536,232.4276,0.1701,0.261
2015-04-16T00:26:59.708Z,7.0205,48.4076,232.2818,0.2085,0.1448,-6.5777,36.2782,232.4014,0.1558,-0.196,10.1562,38.0425,232.4191,0.1638,0.2795
2015-04-16T00:27:59.013Z,6.2707,48.3492,231.8858,0.2087,0.1291,-6.42,34.3751,231.8693,0.1486,-0.194,10.4791,38.4667,232.1093,0.1658,0.2821
2015-04-16T00:28:59.464Z,5.5953,48.7139,231.3562,0.2102,0.1138,-6.3678,37.3268,231.2427,0.1611,-0.1776,10.4863,37.443,231.4343,0.1611,0.288
2015-04-16T00:29:59.106Z,4.9092,47.4506,230.8561,0.2051,0.1022,-6.8458,36.5732,230.8179,0.158,-0.191,10.3392,37.5483,231.3156,0.162,0.2847
2015-04-16T00:30:59.409Z,4.9968,48.3137,230.6973,0.2093,0.1045,-6.369,34.8138,230.9142,0.1505,-0.1863,10.3799,37.621,231.4977,0.1625,0.2848
2015-04-16T00:31:59.765Z,4.7001,48.0124,230.9817,0.208,0.0983,-6.2087,35.7108,231.0651,0.1547,-0.182,10.635,37.6866,231.7936,0.1626,0.2941
2015-04-16T00:32:59.307Z,5.5628,48.093,230.566,0.2083,0.1171,-6.1572,35.3494,230.6462,0.1532,-0.1842,10.3086,37.3992,231.3001,0.1621,0.2832
2015-04-16T00:33:59.679Z,5.0036,48.2989,230.9205,0.2092,0.1033,-6.1411,34.9089,230.8779,0.1515,-0.1837,10.7095,39.2979,231.3469,0.1702,0.2852
2015-04-16T00:34:59.848Z,4.5674,49.3292,231.6466,0.2126,0.0926,-6.4927,31.5757,231.6352,0.1358,-0.2126,10.3653,34.7636,232.2008,0.1496,0.304
2015-04-16T00:35:59.054Z,5.2601,47.3745,231.5302,0.2046,0.1094,-6.3649,33.5111,231.4154,0.1452,-0.1999,10.6789,36.7234,232.0734,0.1585,0.3013
2015-04-16T00:36:59.426Z,6.405,48.3291,231.6971,0.2091,0.1334,-6.664,37.0104,231.4415,0.1602,-0.1943,10.4636,38.0686,232.2367,0.1645,0.2859
2015-04-16T00:37:59.508Z,5.9237,48.5658,231.8785,0.2092,0.121,-6.389,33.8587,231.6152,0.1463,-0.1982,10.7085,38.9912,232.4146,0.1674,0.2826
2015-04-16T00:38:59.714Z,7.0576,48.6855,232.3318,0.2097,0.1453,-6.6832,33.7426,231.5749,0.1457,-0.2049,10.261,37.0979,232.0335,0.1598,0.2777
2015-04-16T00:39:59.112Z,6.7092,48.0797,231.444,0.2081,0.14,-6.918,36.6831,231.2807,0.1584,-0.1943,10.1566,37.7976,231.9929,0.1628,0.2754
2015-04-16T00:40:59.509Z,5.6226,48.4985,232.1604,0.209,0.1166,-6.6364,33.6474,229.6082,0.1462,-0.2087,10.6953,39.8567,232.912,0.1714,0.2795
2015-04-16T00:41:59.047Z,6.1926,47.2647,231.787,0.2042,0.1328,-6.1213,34.6032,229.1407,0.1511,-0.1827,10.0301,37.2997,232.8008,0.1607,0.2761
2015-04-16T00:42:59.322Z,6.5981,48.9675,231.2466,0.2116,0.1348,-6.3782,36.479,231.8025,0.1574,-0.1865,10.2503,37.878,232.441,0.1627,0.2808
2015-04-16T00:43:59.554Z,6.5109,47.8827,230.9667,0.2068,0.1344,-6.9677,33.1824,231.4531,0.1434,-0.212,9.8507,39.091,232.1935,0.1681,0.2595
2015-04-16T00:45:59.618Z,6.7027,48.1946,230.846,0.2088,0.1366,-6.5768,34.2491,231.308,0.1481,-0.2024,10.2242,38.3741,232.1613,0.1649,0.2772
2015-04-16T00:46:59.904Z,5.287,48.5248,230.7649,0.2107,0.1087,-6.6465,35.3873,231.4517,0.1529,-0.1961,10.2065,38.5745,232.1618,0.1662,0.2725
2015-04-16T00:47:59.165Z,5.0031,47.84,231.013,0.2072,0.1037,-6.137,34.701,231.8224,0.1492,-0.1818,10.8223,38.1802,232.8961,0.1638,0.2914
2015-04-16T00:48:59.485Z,5.1597,48.5052,231.22,0.21,0.1067,-6.5756,35.386,231.3548,0.153,-0.1916,10.5148,37.6676,232.503,0.1619,0.2901
2015-04-16T00:49:59.432Z,5.088,48.2167,230.9241,0.2093,0.1071,-5.9156,34.5807,231.0269,0.1497,-0.1744,10.4951,37.1269,232.2832,0.1599,0.2888
2015-04-16T00:50:59.677Z,4.6869,47.9999,231.4284,0.2077,0.0958,-6.2189,33.7747,231.2689,0.1459,-0.1973,10.4849,38.5236,232.9531,0.1653,0.2858
2015-04-16T00:51:59.884Z,5.4552,49.3064,231.563,0.2134,0.11,-7.3518,36.5198,231.2953,0.158,-0.2048,10.6962,38.6127,232.9316,0.1659,0.2826
2015-04-16T00:52:59.299Z,5.0707,47.138,231.5764,0.2037,0.1061,-5.7069,35.4277,231.9813,0.1523,-0.172,10.0931,37.7778,232.8346,0.1627,0.2803
2015-04-16T00:53:59.714Z,5.3314,48.3191,231.3433,0.2092,0.1104,-6.7823,34.9657,231.0323,0.1515,-0.1975,10.9778,37.8141,232.1761,0.1634,0.2954
2015-04-16T00:54:59.148Z,6.7668,48.482,231.3654,0.2094,0.1379,-6.4469,35.59,230.8373,0.1543,-0.1956,10.9479,38.1886,232.1103,0.1644,0.2969
2015-04-16T00:55:59.602Z,6.661,47.7699,231.2365,0.2059,0.1385,-6.3655,35.1645,231.0451,0.1518,-0.1899,9.9215,38.2332,231.779,0.1647,0.2659
2015-04-16T00:56:59.993Z,7.0035,48.3293,231.4919,0.2088,0.1444,-7,35.5248,231.2595,0.1535,-0.2056,10.5966,39.6915,231.9862,0.1711,0.2744
2015-04-16T00:57:59.579Z,6.7393,48.7861,231.5289,0.2106,0.1371,-6.8189,35.6116,230.6887,0.1549,-0.2059,10.2583,39.3504,231.969,0.1696,0.2703
2015-04-16T00:58:59.771Z,6.4259,47.7272,231.7327,0.2059,0.1342,-6.8496,34.6739,231.0967,0.1496,-0.2091,9.9965,38.2303,233.3098,0.1632,0.2715
2015-04-16T00:59:59.220Z,6.9639,48.914,231.7436,0.2108,0.1417,-6.8291,36.1141,230.2294,0.1568,-0.1971,10.5013,37.466,233.3406,0.1611,0.2893
