2015-03-24T00:00:59.251Z,7.0974,68.1276,232.9771,0.2921,0.1057,-7.6931,62.911,234.189,0.2686,-0.1226,11.3231,62.1697,234.7611,0.2646,0.1867
2015-03-24T00:01:59.063Z,7.3536,69.1979,232.4151,0.2972,0.1061,-7.8023,61.2361,234.4043,0.2614,-0.1303,11.7161,63.3999,235.0554,0.2698,0.1868
2015-03-24T00:02:59.493Z,7.447,70.2254,231.7341,0.3028,0.1086,-7.6717,63.4552,233.2,0.2726,-0.124,11.1341,62.763,233.6109,0.2692,0.178
2015-03-24T00:03:59.907Z,6.4124,69.5407,230.2362,0.302,0.0937,-7.4604,62.5033,231.6518,0.2699,-0.1215,11.0212,63.5363,231.9511,0.2741,0.1753
2015-03-24T00:04:59.633Z,7.0945,68.2651,231.3671,0.2951,0.1054,-7.808,61.9557,231.4741,0.2675,-0.1285,11.3492,63.8548,231.7821,0.2754,0.1798
2015-03-24T00:05:59.091Z,6.8842,69.1557,231.5134,0.2993,0.1006,-7.578,62.6976,231.9934,0.2704,-0.1236,11.1753,61.9997,231.8519,0.2682,0.1824
2015-03-24T00:06:59.653Z,7.1745,69.4524,231.5543,0.3,0.1063,-7.4029,60.8504,230.1964,0.2641,-0.1243,11.0847,63.508,232.657,0.2728,0.1803
2015-03-24T00:07:59.902Z,7.763,69.1821,231.9463,0.2985,0.1152,-8.0548,61.0149,229.3773,0.2655,-0.135,11.1808,63.4121,233.2221,0.2721,0.1786
2015-03-24T00:08:59.476Z,7.5602,68.2126,231.5843,0.2947,0.1143,-7.4686,60.9127,232.0193,0.263,-0.1229,11.2549,62.076,232.3906,0.2677,0.1829
2015-03-24T00:09:59.733Z,7.3271,67.3533,231.2142,0.2916,0.111,-8.0957,60.9843,231.9493,0.2631,-0.1353,10.919,62.4404,232.3836,0.2682,0.1782
2015-03-24T00:10:59.119Z,6.9194,69.5804,231.7286,0.2998,0.1021,-7.9366,61.8797,231.9098,0.2669,-0.1332,11.2587,64.122,232.8903,0.2752,0.1774
2015-03-24T00:11:59.544Z,6.8125,69.416,231.7723,0.2995,0.0995,-7.3746,61.3982,232.0757,0.2647,-0.1265,11.074,63.4255,232.7142,0.2722,0.1761
2015-03-24T00:12:59.044Z,6.4672,68.2509,232.3843,0.2934,0.0948,-7.8111,60.5289,232.3736,0.2607,-0.1304,11.1469,63.1188,232.8663,0.2712,0.1781
2015-03-24T00:13:59.262Z,6.7737,70.068,232.6313,0.3011,0.0982,-7.8589,63.1662,232.5741,0.2715,-0.127,11.2648,64.5385,233.1225,0.2767,0.1768
2015-03-24T00:14:59.552Z,7.2045,68.8355,232.2314,0.2967,0.1067,-7.6671,62.7564,232.4563,0.27,-0.1222,11.6633,63.0099,232.8142,0.2705,0.1842
2015-03-24T00:15:59.834Z,7.1157,68.2498,231.3837,0.295,0.1061,-7.727,60.6927,231.3734,0.2624,-0.1299,10.8399,62.6687,232.1038,0.2697,0.1767
2015-03-24T00:16:59.013Z,7.4191,69.1155,230.8842,0.2998,0.1081,-7.2722,61.3858,231.4293,0.2653,-0.1215,11.2197,62.0122,232.1326,0.2676,0.1843
2015-03-24T00:17:59.209Z,6.2615,69.2654,231.0615,0.2993,0.091,-7.4746,61.7848,231.4458,0.267,-0.1227,11.0479,63.2049,232.0897,0.2724,0.1776
2015-03-24T00:18:59.256Z,7.253,69.7514,231.2049,0.3015,0.1048,-8.2293,61.6535,231.4001,0.2665,-0.1351,11.0002,63.7184,231.9421,0.2748,0.1744
2015-03-24T00:19:59.538Z,6.9218,70.0399,230.4082,0.304,0.1004,-7.2465,61.8654,231.8601,0.2666,-0.1169,11.0564,62.9942,232.6882,0.2712,0.1774
2015-03-24T00:20:59.894Z,7.39,68.6497,229.9227,0.2985,0.1109,-7.8226,62.4098,232.3547,0.2688,-0.1275,11.3949,64.9516,233.126,0.2788,0.1769
2015-03-24T00:21:59.825Z,6.6688,68.406,229.4636,0.2979,0.0985,-7.1468,63.2884,231.6587,0.2736,-0.1167,11.1995,62.5749,232.7096,0.2688,0.1827
2015-03-24T00:22:59.037Z,6.9913,68.3563,228.9108,0.2979,0.1033,-7.7206,61.9688,231.0442,0.2681,-0.1274,11.2642,62.0356,232.4116,0.2664,0.1826
2015-03-24T00:23:59.318Z,7.1469,69.4762,229.949,0.3021,0.1033,-7.4204,63.0186,231.1492,0.2725,-0.1196,11.2752,64.7884,233.2469,0.2776,0.1758
2015-03-24T00:24:59.965Z,7.1428,68.2835,230.9062,0.2959,0.1082,-7.7114,61.9136,230.79,0.2683,-0.1275,11.1151,63.5883,233.0057,0.2728,0.1755
2015-03-24T00:25:59.737Z,6.9829,67.4742,230.8092,0.2923,0.1042,-7.582,60.1246,230.6687,0.2608,-0.1298,11.2521,63.2426,232.6956,0.2718,0.183
2015-03-24T00:26:59.010Z,6.5598,69.1609,230.6981,0.3,0.0957,-7.521,61.7085,230.3571,0.2679,-0.1237,10.9996,63.8301,232.5706,0.274,0.176
2015-03-24T00:27:59.200Z,7.0934,67.8573,231.0559,0.2936,0.1063,-7.5512,61.3603,230.4264,0.2662,-0.1233,11.3834,63.3558,232.9293,0.272,0.1814
2015-03-24T00:28:59.874Z,6.8704,69.5754,231.4066,0.3011,0.0988,-7.5658,62.5703,230.2672,0.2712,-0.1265,11.2992,63.607,232.8926,0.2729,0.1795
2015-03-24T00:29:59.941Z,7.2713,68.7743,231.306,0.2971,0.1059,-7.6447,60.8077,230.449,0.2638,-0.1269,11.147,64.4365,233.0385,0.2763,0.1738
2015-03-24T00:30:59.150Z,7.2451,68.8012,231.4506,0.2973,0.1085,-6.9436,60.8015,230.5342,0.2638,-0.1196,11.1957,62.7483,232.9156,0.2696,0.1821
2015-03-24T00:31:59.454Z,7.2339,69.1386,230.9848,0.2992,0.1064,-7.8916,61.1102,230.665,0.265,-0.1322,11.2938,63.7022,232.6054,0.2738,0.1814
2015-03-24T00:32:59.265Z,6.5962,70.0253,230.9862,0.3023,0.0964,-8.1242,60.9761,230.8837,0.2641,-0.1349,11.2884,61.4823,232.5672,0.2646,0.186
2015-03-24T00:33:59.594Z,6.7489,68.5657,231.4621,0.2959,0.0996,-7.7775,59.8411,231.2334,0.2588,-0.1322,11.0286,63.191,232.7152,0.2715,0.1758
2015-03-24T00:34:59.858Z,7.1223,68.8421,231.1748,0.2979,0.1055,-7.1027,59.562,230.7348,0.2576,-0.1231,11.0177,62.4636,232.0647,0.2693,0.18
2015-03-24T00:35:59.039Z,6.987,68.1715,230.733,0.2953,0.1043,-7.3184,60.4979,230.091,0.2629,-0.1234,11.0921,61.7756,231.7082,0.267,0.1835
2015-03-24T00:36:59.799Z,6.9649,69.0344,231.0281,0.2986,0.1027,-7.6654,60.6989,230.6925,0.2626,-0.1273,11.4955,64.4484,232.6229,0.277,0.1798
2015-03-24T00:37:59.048Z,6.6507,68.9903,230.9435,0.2984,0.0985,-7.4699,62.2199,228.2435,0.2726,-0.1237,11.1642,61.5953,233.0383,0.2643,0.1828
2015-03-24T00:38:59.521Z,7.1822,69.0276,230.8859,0.2992,0.1047,-7.6191,60.0179,229.6536,0.2615,-0.1293,11.3051,63.8061,232.1665,0.2742,0.1789
2015-03-24T00:39:59.943Z,6.999,69.7044,231.6607,0.3009,0.1014,-7.5226,62.2573,232.5463,0.2677,-0.1233,11.0811,63.6277,232.5916,0.2741,0.176
2015-03-24T00:40:59.567Z,6.6507,69.2452,231.0195,0.3002,0.0987,-7.3133,61.5042,232.1037,0.2649,-0.1209,10.9741,64.3119,232.0918,0.2775,0.1702
2015-03-24T00:41:59.829Z,5.8598,68.3108,230.6857,0.2957,0.0864,-7.4751,61.5452,232.1496,0.2649,-0.1221,10.882,63.4858,231.9169,0.2731,0.1751
2015-03-24T00:42:59.811Z,6.2141,68.8163,230.2765,0.2989,0.0926,-7.5724,62.5659,231.4829,0.2701,-0.1226,11.3238,62.6449,230.7285,0.2721,0.1816
2015-03-24T00:43:59.007Z,7.2079,69.4002,231.3532,0.2997,0.1053,-7.1701,62.39,231.5464,0.2691,-0.1171,10.7987,63.947,230.4997,0.2771,0.1696
2015-03-24T00:44:59.319Z,6.9744,69.6769,231.3092,0.301,0.1021,-7.6354,61.3219,231.5259,0.2648,-0.1251,11.1885,63.2947,230.7232,0.2743,0.1771
2015-03-24T00:45:59.797Z,6.7021,69.0263,230.2338,0.2996,0.1003,-6.6865,62.5926,231.5332,0.27,-0.1118,11.1734,61.7018,231.3603,0.2666,0.1873
2015-03-24T00:46:59.138Z,6.8022,68.5719,229.8393,0.2979,0.1006,-7.7276,61.7228,231.4854,0.267,-0.1257,10.8287,62.223,231.8938,0.2682,0.1758
2015-03-24T00:47:59.390Z,6.9829,67.6121,229.8615,0.2938,0.1067,-7.6499,63.063,231.6232,0.2722,-0.1243,11.3864,63.3549,231.758,0.2736,0.1815
2015-03-24T00:48:59.622Z,6.7158,68.7262,231.5814,0.2965,0.0989,-8.1308,62.5781,231.9818,0.2708,-0.131,10.766,63.1874,231.9888,0.2721,0.1729
2015-03-24T00:49:59.926Z,6.6785,69.2145,232.0377,0.2981,0.0973,-7.9266,61.3552,231.6966,0.2648,-0.132,11.4688,64.7596,232.0266,0.279,0.1784
2015-03-24T00:50:59.258Z,6.7934,68.5176,231.3647,0.2961,0.1003,-7.7251,62.8393,231.6444,0.2713,-0.1277,11.1827,61.5793,231.878,0.2658,0.1897
2015-03-24T00:51:59.904Z,7.1208,69.1709,231.1796,0.2993,0.1026,-7.6517,60.8397,230.8272,0.2634,-0.1264,11.0943,62.5173,231.588,0.2697,0.1796
2015-03-24T00:52:59.374Z,7.1426,68.7482,231.9703,0.2959,0.106,-7.7558,62.2557,231.672,0.2689,-0.1286,10.8459,64.7066,232.6762,0.2782,0.1693
2015-03-24T00:53:59.138Z,7.2633,68.5421,231.7147,0.2955,0.1074,-7.8027,62.5393,231.8689,0.2696,-0.1276,10.9708,63.6332,232.311,0.2743,0.1746
2015-03-24T00:54:59.086Z,6.9865,69.601,232.4477,0.2993,0.1012,-7.9718,62.0247,231.8999,0.267,-0.129,10.7176,62.4523,232.4569,0.2687,0.1719
2015-03-24T00:55:59.263Z,5.8092,68.9856,232.4534,0.2964,0.0846,-7.1762,60.7974,231.4501,0.2629,-0.1218,11.1449,62.4747,233.1134,0.2679,0.183
2015-03-24T00:56:59.575Z,5.1642,69.8536,232.3895,0.3003,0.0737,-7.1351,61.0595,230.6956,0.2646,-0.1191,11.291,64.7707,233.4847,0.2776,0.1758
2015-03-24T00:57:59.081Z,5.8619,70.0007,232.4698,0.301,0.0846,-7.1782,61.916,230.6884,0.2686,-0.1174,11.2693,64.4341,233.4934,0.2763,0.1747
2015-03-24T00:58:59.050Z,5.4732,67.9404,231.5195,0.2934,0.0819,-7.1251,60.6604,230.0108,0.2637,-0.1195,11.7489,63.2943,232.9542,0.2718,0.1862
2015-03-24T00:59:59.156Z,5.2155,68.7816,231.2969,0.2975,0.0755,-7.4703,62.0033,229.8832,0.2701,-0.1244,11.1581,63.8956,232.9369,0.2744,0.1771
2015-03-24T01:00:59.718Z,5.1407,67.7973,231.8631,0.2927,0.0776,-7.3592,60.1408,230.721,0.2605,-0.1268,11.419,62.9815,233.2624,0.2698,0.1854
2015-03-24T01:01:59.957Z,5.3736,68.9927,231.7042,0.2975,0.0783,-7.1773,62.3278,231.2566,0.2691,-0.1163,11.036,62.261,233.278,0.267,0.1793
2015-03-24T01:02:59.341Z,5.7809,68.0403,231.3248,0.2947,0.0867,-7.135,63.5978,230.8212,0.275,-0.117,11.3608,63.8629,232.7787,0.274,0.181
2015-03-24T01:03:59.788Z,5.3246,70.3058,231.5915,0.3041,0.0774,-7.1216,62.0434,231.7776,0.2679,-0.1173,11.2164,63.8282,233.0481,0.2738,0.1775
2015-03-24T01:04:59.335Z,5.2081,69.0306,231.481,0.2981,0.0774,-6.9408,61.1349,231.2027,0.2644,-0.1176,11.1411,63.1537,232.821,0.2712,0.1813
2015-03-24T01:05:59.551Z,5.3092,68.1682,231.3835,0.2948,0.0785,-7.0647,60.9566,231.2179,0.2638,-0.121,11.04,63.4236,232.9164,0.2725,0.1786
2015-03-24T01:06:59.091Z,5.7923,69.9841,231.9435,0.3016,0.0862,-7.2152,63.2076,231.0736,0.2732,-0.1177,11.5063,63.3488,232.161,0.2729,0.1827
2015-03-24T01:07:59.464Z,6.313,69.4245,232.324,0.2986,0.0923,-7.5452,62.3779,231.0176,0.2693,-0.123,10.973,63.4469,232.0652,0.2731,0.1755
2015-03-24T01:08:59.478Z,5.0657,69.4316,231.8111,0.2989,0.0729,-7.2647,61.8981,230.3916,0.2685,-0.1185,11.1295,63.6265,231.6577,0.2744,0.1779
2015-03-24T01:09:59.725Z,5.1663,67.3679,231.5352,0.2914,0.0785,-7.0793,59.9458,230.3112,0.2602,-0.1221,10.6993,62.4786,231.4246,0.2698,0.176
2015-03-24T01:10:59.006Z,5.2574,68.8846,232.1491,0.2967,0.0773,-7.1917,62.5086,230.8861,0.2704,-0.1158,11.3207,63.7771,232.1127,0.2752,0.1791
2015-03-24T01:11:59.235Z,5.9753,68.8382,231.8193,0.2969,0.0877,-7.3365,61.3081,229.111,0.2678,-0.1211,11.408,64.4493,232.8527,0.277,0.1781
2015-03-24T01:12:59.685Z,6.1793,70.3605,232.2804,0.3027,0.0874,-7.2076,61.0553,227.8374,0.2683,-0.1191,11.1015,63.0514,232.9204,0.2711,0.1771
2015-03-24T01:13:59.281Z,5.6251,68.6251,231.5417,0.2962,0.0823,-6.8497,60.6546,230.596,0.2633,-0.1164,10.7537,64.2267,231.5797,0.2771,0.1687
2015-03-24T01:14:59.710Z,5.5564,68.0052,232.2477,0.2933,0.0845,-7.1484,61.3125,231.7629,0.2642,-0.1207,11.4622,63.3079,232.6707,0.2721,0.1823
2015-03-24T01:15:59.142Z,5.5854,69.1669,232.6344,0.2969,0.0803,-7.3353,63.1431,232.2566,0.2718,-0.119,11.2369,62.9248,232.7051,0.2707,0.1812
2015-03-24T01:16:59.757Z,5.8389,69.32,231.3868,0.2993,0.086,-7.3714,62.9164,232.7919,0.2704,-0.119,11.6392,62.2209,233.1487,0.2668,0.1875
2015-03-24T01:17:59.198Z,6.7031,69.7937,230.674,0.3028,0.0971,-7.837,62.9502,232.9449,0.2701,-0.1273,11.1064,64.4828,233.4054,0.2761,0.1738
2015-03-24T01:18:59.494Z,6.8527,69.6574,229.9805,0.3027,0.0991,-7.3025,62.1425,232.3618,0.2675,-0.1208,10.9047,63.0316,232.75,0.2703,0.1747
2015-03-24T01:19:59.907Z,6.254,68.3604,229.8185,0.2967,0.0952,-7.7945,61.1829,232.1474,0.2633,-0.133,11.414,63.5058,232.7187,0.2732,0.1854
2015-03-24T01:20:59.825Z,7.2635,69.774,231.3793,0.3013,0.1046,-7.7413,61.0268,232.0551,0.2634,-0.1296,11.0724,63.7505,233.161,0.2732,0.1743
2015-03-24T01:21:59.178Z,7.0284,67.95,231.1689,0.2942,0.1058,-7.8366,61.5269,231.9797,0.2654,-0.1279,11.2717,64.0326,232.8838,0.275,0.177
2015-03-24T01:22:59.541Z,7.2271,68.3204,230.8702,0.2962,0.1082,-7.027,61.1652,231.6341,0.2636,-0.1171,11.5026,64.0501,232.8736,0.2755,0.1829
2015-03-24T01:23:59.300Z,6.578,66.1185,230.8887,0.2868,0.1011,-8.1318,61.621,231.5152,0.2663,-0.1343,11.4733,61.147,232.7715,0.2626,0.1886
2015-03-24T01:24:59.690Z,6.5647,69.3659,230.8979,0.3005,0.0957,-7.6315,62.2233,231.5452,0.2686,-0.1249,11.263,64.9866,232.8439,0.279,0.1747
2015-03-24T01:25:59.763Z,6.9813,70.7987,230.964,0.3062,0.0993,-7.5566,62.9801,232.0464,0.2712,-0.1209,10.9927,63.5621,232.9232,0.273,0.1738
2015-03-24T01:26:59.273Z,7.302,67.663,230.3106,0.2936,0.109,-7.5163,62.2268,232.3301,0.268,-0.1231,11.0259,63.786,232.8779,0.2743,0.1744
2015-03-24T01:27:59.665Z,7.0927,68.076,230.2148,0.2951,0.1046,-8.1041,62.6786,231.7912,0.2704,-0.1295,11.2433,64.5115,232.6059,0.2774,0.1758
2015-03-24T01:28:59.199Z,6.2709,69.8301,229.9184,0.3035,0.0893,-7.0873,61.9877,231.7441,0.267,-0.1165,11.4689,64.9913,232.2808,0.2793,0.1768
2015-03-24T01:29:59.582Z,6.6725,69.208,230.9112,0.2996,0.0965,-8.1748,61.6526,231.5045,0.2665,-0.1378,11.3809,61.6787,232.27,0.2657,0.1889
2015-03-24T01:30:59.458Z,6.6093,68.5463,231.2144,0.2962,0.0975,-7.8631,61.8105,230.8232,0.2671,-0.1291,11.2021,62.7204,232.292,0.27,0.18
2015-03-24T01:31:59.881Z,7.3219,68.2595,231.1544,0.2949,0.1074,-7.0467,62.1631,230.3329,0.2702,-0.1166,11.9634,63.3047,231.9949,0.2723,0.1907
2015-03-24T01:32:59.053Z,7.4951,69.5696,231.0346,0.3011,0.1104,-7.7943,61.2051,230.0489,0.2661,-0.1283,11.038,62.1036,231.9588,0.2677,0.1792
2015-03-24T01:33:59.605Z,6.7002,69.2462,231.4296,0.2986,0.0977,-7.4339,62.0157,230.0658,0.2698,-0.1249,11.1495,62.1327,231.845,0.2679,0.1849
2015-03-24T01:34:59.918Z,7.2446,69.2845,231.7134,0.299,0.1069,-8.1522,60.5663,230.4937,0.2622,-0.1384,11.5504,63.3342,231.8362,0.2733,0.1867
2015-03-24T01:35:59.101Z,7.2277,68.5267,231.7004,0.2963,0.1081,-7.6964,61.9974,229.9022,0.2696,-0.1266,11.2237,62.2492,231.506,0.269,0.182
2015-03-24T01:36:59.342Z,6.7956,68.4018,231.4955,0.2952,0.101,-8.0321,61.1358,229.9119,0.2662,-0.1321,11.5136,63.1018,231.3734,0.2729,0.1826
2015-03-24T01:37:59.738Z,6.5437,67.6763,231.2729,0.2923,0.0975,-7.5854,61.4354,229.9642,0.2666,-0.1242,10.7298,63.3212,231.2812,0.2738,0.1721
2015-03-24T01:38:59.181Z,7.6457,68.5547,231.1892,0.2962,0.116,-7.6851,61.0958,229.7648,0.2661,-0.1294,10.7172,62.3747,231.2034,0.27,0.1753
2015-03-24T01:39:59.496Z,6.8833,68.3436,231.5854,0.2949,0.102,-8.0909,60.6196,230.6682,0.2629,-0.1389,11.0258,62.6443,230.1763,0.272,0.1766
2015-03-24T01:40:59.946Z,7.1477,70.7734,231.9399,0.3053,0.1024,-7.9252,61.3824,230.1184,0.2667,-0.1308,10.9074,62.456,231.4031,0.2704,0.177
2015-03-24T01:41:59.152Z,7.1324,69.2766,231.4934,0.2991,0.1041,-8.0104,59.7471,227.5663,0.2624,-0.1362,11.1424,64.8303,233.1591,0.2782,0.1731
2015-03-24T01:42:59.033Z,6.7338,69.7505,231.8459,0.3009,0.0988,-7.5624,61.2066,230.4001,0.2658,-0.1255,11.4108,63.3513,231.9131,0.2726,0.1813
2015-03-24T01:43:59.366Z,7.131,69.8543,231.3767,0.3021,0.1032,-8.1353,61.418,230.4882,0.2664,-0.1331,11.2773,63.5733,231.714,0.2738,0.1786
2015-03-24T01:44:59.882Z,7.0653,68.4953,231.6166,0.2959,0.104,-7.6225,61.8892,230.7435,0.2684,-0.1261,11.0671,63.5157,232.135,0.2728,0.1755
2015-03-24T01:45:59.193Z,6.7924,69.0836,231.4224,0.2981,0.0989,-7.4386,62.9763,230.6076,0.2722,-0.1218,10.9387,64.2036,231.985,0.2768,0.1726
2015-03-24T01:46:59.399Z,6.4309,67.0807,231.6418,0.2895,0.097,-7.8779,61.1288,231.1238,0.2646,-0.1322,10.9862,63.1856,231.9312,0.2726,0.1743
2015-03-24T01:47:59.403Z,6.1777,68.1705,231.6901,0.2942,0.0927,-8.1018,61.9114,231.2196,0.2679,-0.1329,11.3151,64.4299,232.2191,0.2773,0.1762
2015-03-24T01:48:59.642Z,7.1318,69.7002,231.9026,0.3004,0.1042,-7.2032,61.1256,231.2846,0.2644,-0.1232,11.6818,63.9209,232.4508,0.2745,0.1819
2015-03-24T01:49:59.998Z,6.83,68.1346,231.6945,0.2943,0.1011,-7.3402,62.3337,230.9129,0.2703,-0.1235,11.0975,64.1704,232.4264,0.2765,0.1779
2015-03-24T01:50:59.506Z,7.2899,69.616,231.3648,0.3007,0.1053,-7.4718,61.8364,230.5928,0.2683,-0.1243,11.3137,63.5044,232.9146,0.2727,0.1794
2015-03-24T01:51:59.776Z,7.3597,68.4815,232.0495,0.2948,0.1087,-8.0533,60.8358,230.9316,0.2632,-0.1341,10.7964,63.1007,232.7924,0.2708,0.1725
2015-03-24T01:52:59.158Z,7.2638,69.3752,232.2532,0.2997,0.1059,-8.1551,61.0002,231.6347,0.263,-0.1358,11.1952,63.7762,232.9422,0.2742,0.1787
2015-03-24T01:53:59.804Z,7.4603,70.9237,232.4982,0.3048,0.1066,-7.6655,62.7504,232.4428,0.2697,-0.1252,11.1125,63.2416,233.3768,0.2713,0.1774
2015-03-24T01:54:59.707Z,6.9179,68.0323,232.5635,0.292,0.1035,-7.9071,61.8333,232.7599,0.266,-0.1303,10.9958,64.0512,233.2843,0.2745,0.1775
2015-03-24T01:55:59.113Z,7.3768,69.4059,231.7458,0.2994,0.1071,-7.5488,64.1771,232.3977,0.276,-0.1197,11.3851,64.1589,232.8369,0.2757,0.1788
2015-03-24T01:56:59.305Z,7.3227,70.2324,231.8616,0.3027,0.1042,-7.9833,62.7235,231.8768,0.2705,-0.1291,11.2655,63.1019,232.4012,0.2716,0.1801
2015-03-24T01:57:59.542Z,7.1654,69.5902,230.7449,0.3014,0.1034,-8.0909,62.3735,231.3616,0.269,-0.13,11.6266,64.2137,232.2408,0.2763,0.1824
2015-03-24T01:58:59.862Z,6.1954,67.6957,229.8642,0.2948,0.0927,-7.9611,62.4255,230.9045,0.2697,-0.1303,11.54,63.3363,232.4785,0.2725,0.183
2015-03-24T01:59:59.307Z,6.2747,68.5781,230.0633,0.2982,0.092,-7.5351,60.4054,230.657,0.2613,-0.1274,11.2523,63.4302,232.3483,0.2729,0.1822
