2015-03-08T00:00:59.659Z,5.032,70.9593,231.1953,0.3076,0.0727,-7.5401,67.2096,227.9865,0.2945,-0.1151,11.417,65.7838,229.9304,0.2859,0.1773
2015-03-08T00:01:59.473Z,5.2702,73.2547,229.7852,0.3189,0.0714,-7.097,66.12,226.8857,0.2912,-0.111,10.6519,69.4344,230.5218,0.3011,0.1526
2015-03-08T00:03:59.303Z,6.3819,72.6775,229.583,0.3166,0.0878,-7.3946,66.0191,226.6304,0.2914,-0.1148,66.501,100.3816,231.3924,0.4333,0.607
2015-03-08T00:04:59.628Z,6.4372,72.2721,230.0233,0.3138,0.091,-7.8236,64.4097,226.9687,0.2837,-0.1263,90.3278,113.4947,232.6924,0.4875,0.7978
2015-03-08T00:05:59.694Z,6.1786,74.7707,231.7876,0.3224,0.0831,-7.1512,65.4602,226.9876,0.2889,-0.1108,91.2701,113.3789,232.994,0.4865,0.8055
2015-03-08T00:06:59.321Z,6.3518,73.647,231.5153,0.3182,0.087,-8.1436,64.8459,226.3747,0.2863,-0.1271,91.2311,113.9398,232.9526,0.4894,0.8023
2015-03-08T00:07:59.740Z,6.4367,73.7544,231.9034,0.3179,0.0869,-7.0725,65.1035,227.0029,0.2871,-0.1091,91.4044,113.07,233.2487,0.4851,0.8089
2015-03-08T00:08:59.269Z,6.9144,74.658,231.161,0.3224,0.0944,-7.2604,66.2081,227.4729,0.2908,-0.112,90.1089,113.352,232.324,0.488,0.7957
2015-03-08T00:09:59.836Z,6.1408,73.6513,231.1068,0.3187,0.0843,-7.4571,66.4791,229.1858,0.2901,-0.1131,89.7307,112.6188,231.7195,0.4856,0.7975
2015-03-08T00:10:59.834Z,7.0636,73.5662,231.2749,0.3181,0.097,-7.2952,66.7927,228.5468,0.2924,-0.1102,90.2109,112.752,231.8277,0.4863,0.8007
2015-03-08T00:11:59.270Z,6.6222,74.4886,230.9237,0.3222,0.089,-7.3218,67.7671,229.6434,0.2957,-0.11,90.525,112.666,232.8363,0.4841,0.8042
2015-03-08T00:12:59.909Z,6.1797,72.713,231.5563,0.3142,0.0859,-7.4552,67.1648,227.8173,0.2945,-0.113,91.3561,113.4952,233.666,0.4857,0.8057
2015-03-08T00:13:59.627Z,6.3859,73.6218,232.062,0.3174,0.0868,-7.9363,65.2122,228.0041,0.2862,-0.1223,91.978,115.2385,234.2415,0.4921,0.7987
2015-03-08T00:14:59.179Z,5.7047,74.3069,231.9439,0.3206,0.078,-7.2997,68.5428,229.9992,0.2983,-0.1078,91.158,114.0467,233.5341,0.4878,0.8001
2015-03-08T00:15:59.572Z,6.2319,73.8254,231.6076,0.3187,0.0866,-7.371,67.8074,230.7545,0.2937,-0.1108,91.0705,113.8797,233.2862,0.4882,0.8
2015-03-08T00:16:59.013Z,6.5422,74.9896,231.2816,0.3243,0.0887,-7.3257,66.8012,230.5711,0.2896,-0.1102,90.4934,113.0349,232.4077,0.4859,0.8007
2015-03-08T00:17:59.914Z,6.2786,73.5273,231.0063,0.3186,0.086,-7.6052,68.0687,230.7614,0.2952,-0.1127,89.3541,112.7734,232.0535,0.4859,0.7933
2015-03-08T00:18:59.118Z,6.2489,72.6601,230.8101,0.3145,0.0863,-7.5739,67.1199,230.4163,0.2903,-0.1138,89.664,112.2304,231.2689,0.4848,0.7991
2015-03-08T00:19:59.897Z,6.0112,74.473,231.0886,0.322,0.0822,-7.7771,66.0571,227.7151,0.2902,-0.12,89.9587,112.5403,231.1548,0.4867,0.8002
2015-03-08T00:20:59.712Z,6.0926,72.0167,230.4888,0.3125,0.0847,-7.3543,66.4716,227.9012,0.2918,-0.1126,87.9998,111.0416,229.3993,0.484,0.7929
2015-03-08T00:21:59.147Z,6.8737,73.7932,230.5478,0.3198,0.0941,-7.892,67.852,230.4981,0.2941,-0.1189,88.1759,111.1151,229.1734,0.4844,0.7944
2015-03-08T00:22:59.802Z,6.6545,74.0536,231.2546,0.3202,0.0902,-7.3809,68.6683,230.7377,0.2971,-0.1111,88.4521,110.2667,229.4728,0.4804,0.803
2015-03-08T00:23:59.219Z,6.1031,72.9999,230.9302,0.3164,0.0853,-7.4682,67.0276,230.2879,0.2913,-0.1149,88.0834,109.1604,228.9826,0.4771,0.808
2015-03-08T00:24:59.500Z,6.3385,71.957,231.4489,0.3104,0.0885,-7.3596,66.2081,230.7458,0.287,-0.1141,88.2421,110.5386,229.4109,0.4816,0.7987
2015-03-08T00:25:59.576Z,6.3722,72.9077,231.7162,0.3145,0.089,-7.4192,68.9384,231.0534,0.2986,-0.1108,89.1969,111.0449,230.7213,0.4815,0.8043
2015-03-08T00:26:59.942Z,6.7062,73.2847,231.0492,0.3171,0.0922,-8.274,66.8139,230.7868,0.2896,-0.1261,89.6848,112.2821,231.0408,0.4862,0.7988
2015-03-08T00:27:59.473Z,7.3182,74.3582,230.7059,0.3223,0.0986,-7.4581,67.7902,229.2231,0.2957,-0.1116,89.9811,112.9123,231.7518,0.4872,0.7978
2015-03-08T00:28:59.802Z,7.1693,74.8135,230.7513,0.3243,0.0951,-7.8568,68.0829,228.2132,0.2987,-0.1182,89.6347,112.2952,232.2305,0.4835,0.7991
2015-03-08T00:29:59.606Z,6.0878,73.713,229.8973,0.3201,0.0843,-7.6434,65.8849,230.3079,0.286,-0.1153,89.5778,113.0143,230.8587,0.4897,0.7944
2015-03-08T00:30:59.394Z,6.8012,73.1428,229.5979,0.3187,0.0944,-7.95,67.1111,230.7933,0.291,-0.1194,88.6183,111.0829,229.6539,0.4832,0.799
2015-03-08T00:31:59.634Z,6.1304,75.0899,230.0126,0.3265,0.0825,-7.5701,67.4962,231.1309,0.2917,-0.1143,89.2045,112.9987,230.6625,0.4896,0.7903
2015-03-08T00:32:59.717Z,7.162,73.1414,230.7171,0.3169,0.0984,-7.6347,67.0163,231.1254,0.2902,-0.1154,90.157,113.0242,231.4002,0.4881,0.7984
2015-03-08T00:33:59.387Z,6.2043,74.9416,231.2382,0.3238,0.0844,-7.2408,67.3526,231.3304,0.2908,-0.1102,90.0183,112.3604,231.5433,0.4852,0.8026
2015-03-08T00:34:59.694Z,6.1247,74.3166,230.9553,0.3216,0.083,-7.6071,65.6607,231.0865,0.2844,-0.1208,90.0103,113.4797,231.702,0.4897,0.7947
2015-03-08T00:35:59.954Z,6.2518,73.3037,231.3639,0.3174,0.0868,-7.2437,65.7267,230.1023,0.2859,-0.1115,90.4001,113.9124,232.2676,0.4903,0.7947
2015-03-08T00:36:59.564Z,6.9303,74.4994,231.1063,0.3221,0.0942,-7.6081,66.6976,230.4034,0.2893,-0.1146,90.9913,114.5043,232.5168,0.4923,0.7962
2015-03-08T00:37:59.930Z,6.3562,73.796,230.9797,0.3195,0.0877,-7.4216,67.8978,229.1608,0.2962,-0.1099,90.2845,114.6816,232.4976,0.4932,0.7879
2015-03-08T00:38:59.116Z,6.6091,72.5867,231.0727,0.3143,0.0938,-7.9611,65.6817,227.0241,0.2893,-0.126,90.6047,114.1051,232.6523,0.4904,0.7953
2015-03-08T00:39:59.385Z,6.3429,73.601,230.6792,0.3185,0.0874,-7.4631,65.867,228.5501,0.2873,-0.1144,89.7091,112.897,231.8159,0.4873,0.7953
2015-03-08T00:40:59.805Z,6.8115,73.4334,229.1468,0.3203,0.0934,-6.8721,67.2717,228.1528,0.2946,-0.1039,90.003,113.2691,232.0728,0.4885,0.796
2015-03-08T00:41:59.445Z,6.7829,73.5159,230.4774,0.319,0.0926,-7.9351,67.0488,229.3307,0.2928,-0.1206,89.6079,112.7677,231.6357,0.4864,0.7951
2015-03-08T00:42:59.390Z,6.4744,74.0164,231.4727,0.3197,0.0885,-8.0264,69.1,229.8836,0.3004,-0.1188,89.3262,111.7014,231.4682,0.4832,0.8008
2015-03-08T00:43:59.033Z,6.2511,72.2902,231.9492,0.3116,0.088,-7.5423,64.3559,230.3192,0.2794,-0.121,89.0414,112.7839,231.4209,0.4869,0.7911
2015-03-08T00:44:59.302Z,5.9563,74.0958,231.8907,0.3201,0.082,-7.429,67.1295,230.2721,0.2919,-0.1115,89.6338,112.7497,231.2197,0.4873,0.7967
2015-03-08T00:45:59.793Z,6.094,73.8803,231.6142,0.3191,0.0825,-6.8491,67.785,229.5543,0.2947,-0.1035,89.7698,113.2438,231.1543,0.4897,0.7937
2015-03-08T00:46:59.761Z,6.7225,74.5815,231.3842,0.3224,0.0911,-7.4984,66.1354,229.1276,0.2886,-0.1156,89.7669,112.6508,232.2193,0.4851,0.7977
2015-03-08T00:47:59.153Z,6.4181,73.047,232.1578,0.3144,0.0894,-7.8561,66.4423,229.067,0.2898,-0.1201,88.2032,110.57,229.9721,0.4806,0.7984
2015-03-08T00:48:59.638Z,6.4699,75.0422,231.8918,0.3232,0.0868,-7.6466,66.4418,228.5176,0.2907,-0.1169,89.0181,112.209,230.6309,0.4864,0.7945
2015-03-08T00:49:59.941Z,7.004,73.9308,231.9897,0.3189,0.0963,-7.6665,65.6767,225.7872,0.2901,-0.1192,90.8577,113.6586,232.849,0.4885,0.8003
2015-03-08T00:50:59.710Z,7.0338,74.6807,232.4238,0.321,0.0944,-7.5869,66.9744,226.2884,0.2961,-0.1137,90.1006,112.9087,232.1201,0.4864,0.798
2015-03-08T00:51:59.642Z,6.96,74.7246,231.8638,0.3219,0.0923,-7.4609,67.0537,229.5155,0.2921,-0.113,90.4322,113.0526,232.6184,0.4862,0.7999
2015-03-08T00:52:59.746Z,6.9771,73.6496,231.7921,0.3175,0.096,-7.28,67.146,230.0282,0.2911,-0.1099,90.8925,114.0882,233.0132,0.4889,0.7977
2015-03-08T00:53:59.125Z,6.2289,73.0352,232.0683,0.315,0.0877,-7.6456,66.4273,230.1864,0.2881,-0.1233,90.8861,113.0708,232.9367,0.4851,0.8048
2015-03-08T00:54:59.425Z,6.8238,74.8069,232.2344,0.322,0.0913,-7.6921,67.7742,230.7555,0.2935,-0.1148,91.6941,114.4943,233.5293,0.4901,0.8014
2015-03-08T00:55:59.919Z,6.456,73.6693,231.8888,0.3175,0.0877,-7.5291,68.5159,230.5864,0.2967,-0.1134,91.7061,114.1348,234.1977,0.4876,0.8039
2015-03-08T00:56:59.297Z,6.9847,73.046,231.1816,0.3164,0.0969,-8.1116,67.6263,230.6811,0.2934,-0.1221,91.7429,114.5908,234.1727,0.4892,0.8014
2015-03-08T00:57:59.611Z,7.2242,72.8299,231.6146,0.3142,0.1007,-8.0093,66.2426,229.7625,0.2887,-0.1221,91.9034,115.5693,234.3947,0.4934,0.7958
2015-03-08T00:58:59.940Z,7.3875,73.2973,231.3893,0.3169,0.1027,-7.8402,65.4482,227.6987,0.2871,-0.1249,91.9349,114.1344,234.4503,0.4876,0.807
2015-03-08T00:59:59.143Z,6.4694,73.7959,231.2507,0.3191,0.0877,-7.7468,65.9336,230.2818,0.2868,-0.1202,90.6859,112.8497,233.5307,0.4829,0.8043
