2015-03-18T00:00:59.480Z,7.0191,68.6159,231.7186,0.2963,0.1057,-7.1849,62.935,231.8076,0.2713,-0.1152,11.3786,65.1856,233.4048,0.2798,0.1771
2015-03-18T00:01:59.709Z,6.0025,70.6634,232.4174,0.3036,0.0868,-7.4647,62.8835,229.7378,0.2737,-0.1218,10.6057,66.5156,234.5863,0.2832,0.1604
2015-03-18T00:02:59.885Z,7.1686,70.7113,232.403,0.3041,0.1036,-7.5842,62.9051,226.19,0.2779,-0.1227,11.5538,67.9235,235.5135,0.2887,0.1702
2015-03-18T00:03:59.161Z,7.4106,71.1586,230.0859,0.3088,0.1071,-7.2812,62.441,228.9208,0.2726,-0.1182,11.3473,65.9186,234.404,0.2811,0.1743
2015-03-18T00:04:59.453Z,7.118,68.9141,229.9059,0.2995,0.1065,-7.5491,63.2448,231.3533,0.273,-0.1213,11.0116,65.5074,233.3399,0.2813,0.1711
2015-03-18T00:05:59.550Z,6.9354,70.3948,231.0163,0.3049,0.0993,-7.4853,64.5885,232.2047,0.2781,-0.119,11.4884,65.8415,234.3199,0.2804,0.1769
2015-03-18T00:06:59.778Z,6.9008,71.5497,231.6019,0.3092,0.0981,-7.718,64.8504,231.5416,0.2799,-0.1203,11.793,67.1571,234.4844,0.286,0.1771
2015-03-18T00:07:59.991Z,6.9066,71.7352,231.3515,0.3099,0.0992,-7.5482,63.4487,230.4279,0.2755,-0.1204,10.5913,67.9595,234.6703,0.2901,0.1567
2015-03-18T00:08:59.281Z,7.1837,70.8334,231.1157,0.3064,0.102,-7.6721,64.874,230.6301,0.2814,-0.1208,10.9938,66.2966,234.6619,0.2829,0.1681
2015-03-18T00:09:59.556Z,6.9807,70.894,232.2889,0.3051,0.0987,-6.9007,64.5254,230.8349,0.2797,-0.1103,11.5627,66.4482,234.7932,0.283,0.1767
2015-03-18T00:10:59.056Z,6.9494,72.458,233.0109,0.3112,0.0973,-7.5698,64.445,231.3971,0.2786,-0.1176,11.0631,66.7559,235.4498,0.2834,0.1683
2015-03-18T00:11:59.415Z,7.5179,72.1502,232.3352,0.3108,0.1067,-6.622,64.8293,230.9366,0.2809,-0.1033,11.4242,68.3859,235.0562,0.2905,0.1675
2015-03-18T00:12:59.693Z,7.4136,72.6756,232.4486,0.3123,0.102,-7.7908,63.1932,231.0975,0.2736,-0.1258,11.3274,67.6491,234.9041,0.2878,0.168
2015-03-18T00:13:59.891Z,7.0996,71.92,232.7948,0.3089,0.0998,-7.3154,65.622,231.8034,0.2826,-0.1145,11.5404,66.7368,234.9621,0.2844,0.1743
2015-03-18T00:14:59.155Z,7.2143,72.0012,233.1879,0.3089,0.101,-7.2122,64.3177,232.413,0.2762,-0.113,11.2699,67.6764,235.0581,0.2882,0.168
2015-03-18T00:15:59.403Z,6.7015,72.0277,233.0268,0.309,0.0944,-8.1857,65.9675,231.5562,0.2852,-0.126,11.4345,66.6541,234.7155,0.2837,0.1734
2015-03-18T00:16:59.911Z,7.6041,71.7075,232.9752,0.3076,0.1077,-7.3836,65.0203,231.3738,0.2808,-0.1161,11.4702,66.2245,234.5474,0.2814,0.1755
2015-03-18T00:17:59.199Z,7.1552,72.1315,233.6801,0.3085,0.1003,-7.6304,65.1847,230.5142,0.2828,-0.1183,11.8851,67.1099,234.239,0.2864,0.1806
2015-03-18T00:18:59.530Z,6.484,71.3649,233.8823,0.3052,0.0921,-7.9659,64.9141,232.4092,0.2798,-0.1257,11.2309,65.986,235.4801,0.2803,0.1716
2015-03-18T00:19:59.722Z,6.9469,72.3484,233.4695,0.3095,0.0966,-7.9788,65.1147,232.0996,0.2804,-0.1255,11.3854,67.024,235.3181,0.2848,0.1716
2015-03-18T00:20:59.987Z,7.2359,73.0154,233.0524,0.3131,0.1015,-7.5252,62.5904,231.9108,0.2707,-0.1213,10.9898,66.2558,234.9679,0.2821,0.1675
2015-03-18T00:21:59.226Z,6.9738,71.7856,232.477,0.3087,0.0992,-7.824,65.618,231.5474,0.283,-0.1221,11.1151,66.4417,233.9117,0.2841,0.1684
2015-03-18T00:22:59.519Z,7.3908,71.702,232.6945,0.3088,0.1045,-7.6977,66.3545,231.5848,0.2862,-0.1167,10.9603,67.4966,234.0189,0.2886,0.1619
2015-03-18T00:23:59.774Z,7.1088,71.8211,232.3866,0.3092,0.1005,-7.6026,64.4559,231.5685,0.2784,-0.1196,11.3064,67.6395,233.9233,0.2897,0.1667
2015-03-18T00:24:59.109Z,7.0673,71.5846,231.8221,0.3088,0.1007,-7.2356,64.3281,231.2877,0.2776,-0.1148,11.3686,65.6019,233.8848,0.2806,0.1774
2015-03-18T00:25:59.340Z,6.7241,70.284,231.9993,0.3026,0.0969,-7.1163,66.1126,230.9976,0.2858,-0.1096,11.0624,66.2138,233.4762,0.283,0.17
2015-03-18T00:26:59.666Z,6.7788,70.88,232.4001,0.3046,0.0973,-7.6403,65.2047,231.5624,0.2809,-0.1198,11.2698,66.3845,233.4058,0.2846,0.1716
2015-03-18T00:27:59.878Z,7.0135,71.4037,233.4359,0.3059,0.1007,-7.8982,63.37,231.4166,0.2739,-0.1274,11.836,66.2988,233.2403,0.2835,0.1801
2015-03-18T00:28:59.171Z,7.7176,71.724,233.2951,0.3075,0.1093,-8.1453,66.418,232.7384,0.2851,-0.1244,11.3822,65.2412,233.3631,0.2793,0.1764
2015-03-18T00:29:59.412Z,7.2014,71.1793,233.7877,0.3043,0.1036,-7.5427,64.0375,233.1553,0.2749,-0.1229,11.3388,67.1792,234.0511,0.287,0.1728
2015-03-18T00:30:59.676Z,7.5312,72.2278,234.1042,0.3084,0.1071,-7.9063,65.8424,233.4045,0.2822,-0.1205,11.2316,67.2058,234.2737,0.2869,0.1697
2015-03-18T00:31:59.938Z,6.522,72.7201,233.3868,0.3115,0.092,-7.5869,65.4654,232.8357,0.281,-0.1177,11.2191,64.6447,233.9321,0.2762,0.1743
2015-03-18T00:32:59.161Z,7.7607,72.6639,233.1216,0.3122,0.1076,-7.6753,65.5171,233.1899,0.2811,-0.1192,10.9674,66.8313,233.8937,0.2854,0.1661
2015-03-18T00:33:59.423Z,7.018,71.6793,233.2518,0.3067,0.0998,-7.8066,65.4608,233.408,0.2809,-0.121,11.8232,64.7076,234.1747,0.2763,0.1853
2015-03-18T00:34:59.776Z,6.4233,71.048,233.4302,0.3045,0.093,-7.5553,63.947,233.5773,0.2733,-0.1225,11.1651,65.4867,234.0577,0.279,0.1751
2015-03-18T00:35:59.962Z,6.621,72.1453,232.5198,0.3102,0.0916,-8.0389,64.2518,233.1208,0.2755,-0.1266,11.1292,67.2984,233.9735,0.2876,0.1674
2015-03-18T00:36:59.415Z,6.8128,71.9574,231.0853,0.3108,0.0961,-7.7784,66.406,232.9688,0.2851,-0.1189,11.052,66.6953,233.7134,0.2854,0.1666
2015-03-18T00:37:59.700Z,7.0623,70.5475,230.4782,0.3062,0.1035,-7.3714,64.2774,232.714,0.2762,-0.1151,10.9931,65.2797,232.8879,0.2799,0.1726
2015-03-18T00:38:59.939Z,7.1352,70.7619,231.9511,0.3052,0.1016,-7.4652,65.1073,233.0352,0.28,-0.1166,11.1255,66.186,234.3578,0.282,0.1695
2015-03-18T00:39:59.313Z,6.7804,70.6358,233.1057,0.3026,0.0982,-7.6738,62.9338,232.667,0.2702,-0.1252,11.0424,65.2136,234.7319,0.2779,0.1732
2015-03-18T00:40:59.520Z,6.6005,72.6843,232.9755,0.312,0.0904,-7.8633,64.282,232.7295,0.2766,-0.1233,12.0351,67.6563,234.7449,0.2879,0.1798
2015-03-18T00:41:59.811Z,7.3488,71.1466,233.5387,0.3045,0.1078,-7.5857,64.4716,233.0951,0.2767,-0.1211,11.4064,65.9288,235.0484,0.2801,0.1748
2015-03-18T00:42:59.048Z,7.3596,71.7132,233.8864,0.3062,0.1052,-7.7687,65.317,233.2019,0.2802,-0.1194,11.9231,66.9747,235.6089,0.2843,0.1802
2015-03-18T00:43:59.300Z,7.116,70.7892,233.4045,0.3029,0.1032,-8.0433,63.4764,232.7449,0.2729,-0.1318,11.5381,66.6462,234.8975,0.2837,0.1758
2015-03-18T00:44:59.655Z,7.6684,71.2835,233.2654,0.3052,0.1098,-7.5253,63.2666,232.9248,0.2712,-0.122,11.3166,67.9413,234.9508,0.2885,0.1703
2015-03-18T00:45:59.909Z,6.4741,69.9302,232.8605,0.3002,0.0948,-7.3435,64.1654,231.7956,0.277,-0.1166,11.3203,65.8525,234.098,0.281,0.1745
2015-03-18T00:46:59.365Z,7.1159,70.5581,232.4758,0.3036,0.103,-7.7456,62.9706,232.0306,0.2709,-0.1236,11.1659,66.8061,233.6046,0.2862,0.1708
2015-03-18T00:47:59.676Z,6.9178,70.7899,232.148,0.3044,0.1001,-7.9405,63.8687,231.9984,0.2752,-0.1262,11.1314,65.6502,233.9598,0.2805,0.1716
2015-03-18T00:48:59.895Z,7.3873,71.7834,232.9826,0.3086,0.1054,-8.1232,64.0693,232.0666,0.2758,-0.1287,11.2402,67.0438,235.1553,0.2846,0.1692
2015-03-18T00:49:59.157Z,7.203,70.1273,232.6525,0.301,0.1054,-7.0934,63.3869,231.8525,0.2733,-0.1161,11.4742,66.873,235.0498,0.2849,0.1745
2015-03-18T00:50:59.349Z,7.3434,71.2682,232.4679,0.3072,0.1057,-7.8279,63.4101,231.4675,0.2743,-0.1249,11.1195,65.6677,234.9715,0.2795,0.1715
2015-03-18T00:51:59.763Z,7.5245,72.1871,232.7642,0.3099,0.1064,-8.168,65.1466,231.6558,0.2813,-0.1271,11.6191,65.9509,234.8759,0.2805,0.1784
2015-03-18T00:52:59.930Z,7.1642,71.3037,233.4501,0.3052,0.1018,-7.6718,62.5497,232.1568,0.2688,-0.1226,11.2925,67.2542,233.8947,0.2877,0.1707
2015-03-18T00:53:59.104Z,7.3819,71.515,233.5274,0.3054,0.1058,-7.5128,64.0659,232.4498,0.276,-0.1204,11.5726,65.7234,233.8046,0.2812,0.1833
2015-03-18T00:54:59.348Z,7.7449,71.313,234.2552,0.3042,0.111,-7.7298,63.7967,232.9123,0.2745,-0.1246,10.9389,67.8821,234.4282,0.2891,0.1669
2015-03-18T00:55:59.700Z,7.4398,72.2461,233.4289,0.3098,0.1045,-7.2896,63.367,232.0872,0.2735,-0.1207,11.5325,65.3512,233.6334,0.2791,0.1772
2015-03-18T00:56:59.994Z,6.854,70.3581,233.2389,0.3014,0.0992,-7.4216,64.1227,231.9851,0.2763,-0.1176,11.32,67.3543,233.6701,0.2882,0.1697
2015-03-18T00:57:59.304Z,6.1124,71.9972,233.3607,0.3089,0.087,-7.1808,65.142,229.4681,0.2841,-0.1129,11.7548,68.3591,234.8292,0.291,0.1744
2015-03-18T00:58:59.687Z,6.1955,71.4675,234.2874,0.3051,0.0898,-7.6042,64.5258,231.3002,0.2792,-0.1186,11.0048,66.108,233.398,0.2833,0.1676
2015-03-18T00:59:59.878Z,5.8521,72.0089,233.8204,0.3083,0.0832,-7.0029,64.6932,232.4008,0.2784,-0.1117,11.2712,65.3135,233.5774,0.2797,0.1757
2015-03-18T01:00:59.199Z,5.3104,70.0906,233.5438,0.2997,0.0788,-7.0174,64.6242,232.2536,0.2781,-0.1111,10.8383,63.5328,233.1632,0.2731,0.1743
2015-03-18T01:01:59.479Z,5.6408,72.0064,232.9744,0.3092,0.0787,-7.5923,63.8195,231.0069,0.2766,-0.1211,11.5475,65.5118,231.7238,0.2823,0.1779
2015-03-18T01:02:59.770Z,5.4671,71.1676,232.6616,0.3057,0.0751,-7.0464,63.7885,231.2151,0.2758,-0.1111,11.243,65.4668,231.872,0.2826,0.1722
2015-03-18T01:03:59.978Z,5.5249,70.0703,232.2636,0.3019,0.0811,-7.31,64.4219,231.0316,0.2789,-0.1151,11.096,65.0068,232.0366,0.2802,0.1708
2015-03-18T01:04:59.153Z,5.113,70.5316,233.0078,0.3022,0.0718,-7.6448,61.8776,231.272,0.2678,-0.1271,11.497,65.8114,232.8196,0.2828,0.1777
2015-03-18T01:05:59.381Z,5.4573,71.5468,233.1035,0.3063,0.0779,-7.2591,65.5573,231.7487,0.2827,-0.1145,11.2355,66.0886,233.4344,0.2826,0.1707
2015-03-18T01:06:59.797Z,7.1733,71.4935,233.0428,0.3063,0.1012,-7.924,63.9816,231.6149,0.2758,-0.1251,11.2933,65.5505,234.1528,0.2792,0.1741
2015-03-18T01:08:59.257Z,7.4171,71.779,233.5559,0.3075,0.104,-7.2566,64.5498,232.4615,0.2781,-0.1155,11.3577,66.2824,234.7887,0.2824,0.1734
2015-03-18T01:09:59.628Z,7.561,70.7969,233.8108,0.3025,0.1081,-7.4244,64.3736,232.6191,0.277,-0.1225,11.1009,66.7399,234.1807,0.2848,0.1684
2015-03-18T01:10:59.964Z,7.257,72.7553,233.997,0.3111,0.1005,-7.8699,65.5184,233.1654,0.2807,-0.1212,11.916,66.7404,235.2224,0.2836,0.18
2015-03-18T01:11:59.433Z,7.5701,72.4207,233.2251,0.3105,0.1049,-7.9163,64.2497,232.6622,0.2759,-0.1271,11.4644,66.4881,235.1888,0.2827,0.1744
2015-03-18T01:12:59.789Z,7.3834,71.6814,233.8591,0.3059,0.1036,-7.6743,63.7251,232.7843,0.2743,-0.1227,11.6578,65.8556,234.3849,0.2808,0.178
2015-03-18T01:13:59.044Z,7.2543,71.336,233.1457,0.306,0.1051,-7.6896,63.8199,232.6124,0.2744,-0.1226,11.1176,66.6142,233.6731,0.2852,0.1689
2015-03-18T01:14:59.245Z,6.8779,70.7986,231.8275,0.3057,0.0988,-7.5967,65.1074,232.6941,0.2798,-0.1187,10.9423,68.317,234.761,0.2911,0.1614
2015-03-18T01:15:59.567Z,6.7084,69.77,231.1713,0.3016,0.0993,-7.6613,64.7817,231.8278,0.2793,-0.1209,11.598,66.4475,233.9175,0.2845,0.1774
2015-03-18T01:16:59.828Z,7.6501,71.0238,230.6884,0.3078,0.1095,-7.8005,65.5035,231.5942,0.2832,-0.122,11.3124,66.1299,232.7048,0.2845,0.1727
2015-03-18T01:17:59.079Z,7.3901,71.6998,232.1072,0.3089,0.1059,-7.7896,64.5131,232.0449,0.2781,-0.1227,11.5967,65.5373,232.3883,0.282,0.1809
2015-03-18T01:18:59.521Z,6.558,71.0027,233.5968,0.3037,0.0944,-7.4363,64.2775,233.1421,0.2753,-0.1215,11.7029,66.1574,234.5278,0.282,0.1799
2015-03-18T01:19:59.822Z,7.1901,72.5215,233.936,0.3104,0.1002,-8.0301,64.3876,233.7541,0.2758,-0.1283,11.4984,66.1764,234.7148,0.282,0.1765
2015-03-18T01:20:59.145Z,7.0681,71.7767,233.8067,0.3066,0.1004,-7.9756,63.9042,233.7062,0.2731,-0.1282,11.3716,66.2191,234.3801,0.2821,0.173
2015-03-18T01:21:59.422Z,7.0173,72.0213,233.7175,0.3078,0.0991,-7.5766,66.3952,233.6052,0.2846,-0.1171,11.6802,66.3808,233.2147,0.2847,0.1767
2015-03-18T01:22:59.751Z,6.9643,71.3127,233.8234,0.3048,0.1003,-7.004,65.3592,233.3519,0.2802,-0.11,11.0801,65.532,232.7979,0.2813,0.1708
2015-03-18T01:24:59.181Z,7.4691,70.8932,233.7783,0.3029,0.1069,-7.4188,63.2822,233.4636,0.2714,-0.1249,11.219,65.2478,233.3218,0.2796,0.1773
2015-03-18T01:25:59.382Z,6.8097,70.9178,232.9058,0.3044,0.098,-7.2609,64.1738,231.743,0.2769,-0.1156,11.1062,66.4948,232.5205,0.2862,0.1696
2015-03-18T01:26:59.731Z,6.8576,70.4402,232.6693,0.3025,0.0989,-7.9072,64.3295,231.2216,0.2782,-0.126,11.0992,65.8172,232.2815,0.2835,0.1711
2015-03-18T01:27:59.967Z,7.0581,71.0318,233.4193,0.3044,0.1011,-7.5042,65.2148,230.9521,0.2824,-0.1156,11.5067,66.2958,233.4225,0.2842,0.1756
2015-03-18T01:28:59.258Z,7.2622,70.7923,232.7192,0.3048,0.1054,-7.6326,64.5527,231.8191,0.2778,-0.1194,11.5621,64.9449,233.5508,0.2778,0.1788
2015-03-18T01:29:59.746Z,7.5045,66.6617,232.4092,0.2867,0.1179,-7.5913,62.4136,231.7612,0.2692,-0.1245,11.3067,65.2038,233.9171,0.2786,0.1749
2015-03-18T01:30:59.025Z,7.0781,72.976,233.1348,0.3126,0.0982,-7.8109,64.0417,232.2469,0.2754,-0.1208,11.0772,65.6671,232.3506,0.2826,0.169
2015-03-18T01:31:59.322Z,7.1075,73.1226,233.6378,0.3123,0.0986,-7.5662,65.4667,232.6098,0.2812,-0.1189,10.8617,65.4916,233.1129,0.281,0.1684
2015-03-18T01:32:59.524Z,7.018,70.6952,232.2059,0.3044,0.102,-8.0858,63.1419,231.6399,0.273,-0.1321,11.0779,64.5553,234.4999,0.2754,0.1736
2015-03-18T01:33:59.722Z,6.6936,70.8611,231.8463,0.3057,0.0965,-8.4595,62.438,231.3656,0.2701,-0.1388,10.9062,67.2593,233.6943,0.288,0.163
2015-03-18T01:34:59.048Z,6.6753,72.2984,232.6117,0.3108,0.0932,-7.4304,63.8823,231.8699,0.275,-0.1176,11.1399,66.7188,233.8641,0.2854,0.1684
2015-03-18T01:35:59.339Z,7.3698,71.4922,233.0316,0.3069,0.1041,-7.6126,64.8713,231.4659,0.2807,-0.1191,11.387,65.0695,232.6818,0.2801,0.1755
2015-03-18T01:36:59.640Z,7.2402,70.9621,233.2581,0.3045,0.1033,-7.5345,65.0699,231.3069,0.281,-0.1163,11.3592,66.503,232.4476,0.2865,0.1741
2015-03-18T01:37:59.963Z,6.7378,73.2682,233.9546,0.3127,0.0934,-7.4797,64.7555,230.6899,0.281,-0.1174,11.3462,67.1258,232.3121,0.289,0.1703
2015-03-18T01:38:59.275Z,7.6259,71.7063,234.3081,0.3058,0.1092,-7.5386,62.7222,232.3691,0.2697,-0.1219,11.7529,66.4123,233.1623,0.2844,0.1792
2015-03-18T01:39:59.442Z,7.2824,71.4693,234.2012,0.3051,0.1021,-7.6924,63.4799,232.2873,0.2736,-0.1221,11.1235,65.4911,233.3469,0.281,0.1719
2015-03-18T01:40:59.841Z,7.3652,71.379,234.03,0.3047,0.1054,-7.9018,63.1774,230.6231,0.274,-0.1263,11.456,67.536,233.3843,0.2893,0.1716
2015-03-18T01:41:59.399Z,7.228,72.155,234.128,0.3083,0.1012,-8.1854,64.0513,229.072,0.2796,-0.1304,11.3924,66.6333,233.7753,0.2857,0.1721
2015-03-18T01:42:59.603Z,7.1434,71.9695,234.5199,0.3065,0.1013,-7.4882,65.2702,232.503,0.2802,-0.1175,11.4093,66.26,233.5772,0.2834,0.1757
2015-03-18T01:43:59.872Z,7.1986,70.3738,234.2543,0.3009,0.1058,-7.8078,64.9973,232.2863,0.2799,-0.1232,11.2854,65.9873,233.3762,0.2827,0.1738
2015-03-18T01:44:59.044Z,6.9361,71.6259,234.3807,0.3058,0.0984,-7.203,64.431,231.8402,0.2779,-0.1138,11.2192,67.7622,233.6844,0.2899,0.1657
2015-03-18T01:45:59.337Z,7.2778,72.12,234.2586,0.3075,0.1036,-7.7003,63.7834,231.6256,0.2751,-0.1226,11.1976,66.6553,233.4396,0.2857,0.1704
2015-03-18T01:46:59.672Z,7.0544,72.5057,233.9666,0.3101,0.0975,-8.3281,65.0792,231.7875,0.2813,-0.1299,11.0951,65.5036,232.7996,0.2816,0.1716
2015-03-18T01:47:59.796Z,7.428,71.4007,234.5432,0.3045,0.1062,-7.674,63.6069,232.9448,0.2729,-0.1213,11.6113,65.8711,233.8203,0.2815,0.1788
2015-03-18T01:48:59.100Z,7.6469,72.4146,234.3793,0.3088,0.1059,-7.5,64.7064,232.6723,0.2777,-0.1181,11.7858,66.3578,233.6117,0.2844,0.1782
2015-03-18T01:49:59.346Z,7.2159,72.0741,234.3045,0.3073,0.1011,-7.6388,65.562,233.1778,0.2814,-0.1183,11.4934,66.4148,233.5093,0.2845,0.1737
2015-03-18T01:50:59.594Z,6.6426,71.2382,234.4633,0.304,0.0963,-7.8196,65.3667,233.8303,0.2796,-0.1225,11.6388,66.941,234.3584,0.2856,0.1748
2015-03-18T01:51:59.890Z,7.2549,72.1138,234.5896,0.3073,0.1015,-7.6087,65.0585,233.791,0.2785,-0.1192,11.7991,65.2163,234.6691,0.2776,0.1823
2015-03-18T01:52:59.049Z,6.8761,71.4532,234.2183,0.3054,0.0978,-7.7762,64.7439,233.4296,0.2772,-0.1232,11.1272,66.242,234.3687,0.2826,0.1687
2015-03-18T01:53:59.395Z,7.0115,72.606,233.866,0.3109,0.0964,-7.6395,65.7952,233.381,0.2816,-0.1192,11.7264,66.5822,234.014,0.2848,0.1798
2015-03-18T01:54:59.639Z,7.7393,71.0589,233.5459,0.3041,0.1109,-7.8412,63.7609,233.1047,0.2729,-0.1236,11.5099,66.7811,233.8459,0.285,0.1746
2015-03-18T01:55:59.972Z,6.8846,70.9193,232.3421,0.3054,0.0998,-7.6179,64.9321,232.5898,0.2791,-0.1191,10.9168,65.4385,234.4325,0.2787,0.1682
2015-03-18T01:56:59.333Z,6.8679,69.6863,230.8254,0.3023,0.1004,-7.8556,64.1239,232.5241,0.276,-0.1237,11.2047,67.1534,234.4491,0.2863,0.1683
2015-03-18T01:57:59.592Z,6.2309,69.643,230.8969,0.3014,0.09,-8.1966,63.2447,232.4324,0.272,-0.13,11.3202,65.5366,233.9938,0.2803,0.1754
2015-03-18T01:58:59.895Z,6.0235,72.0185,231.6673,0.3105,0.0853,-7.4862,63.1021,232.8268,0.2707,-0.1252,11.4135,65.791,233.774,0.2815,0.1771
2015-03-18T01:59:59.199Z,5.5092,71.2864,232.8589,0.3057,0.0779,-6.9483,64.9058,233.0463,0.2786,-0.1116,11.1278,66.3624,233.3507,0.2846,0.1684
