2015-05-19T00:00:59.360Z,6.5118,67.9577,231.5016,0.2935,0.0969,-7.142,62.8481,231.1586,0.2722,-0.1178,11.9488,62.907,232.4398,0.2709,0.1941
2015-05-19T00:01:59.657Z,6.2904,70.3024,231.5422,0.3034,0.0892,-7.6358,61.5474,230.997,0.2666,-0.1237,11.5459,65.6259,232.5264,0.2827,0.1771
2015-05-19T00:02:59.185Z,6.6017,69.7954,231.5768,0.3012,0.0951,-6.945,63.1916,230.4597,0.2742,-0.1143,11.6244,64.5356,232.2247,0.2778,0.1794
2015-05-19T00:03:59.538Z,6.3238,69.1614,231.687,0.298,0.0922,-7.2368,63.9305,231.5925,0.2763,-0.116,11.4897,64.3037,231.8071,0.2774,0.1784
2015-05-19T00:04:59.269Z,6.6276,69.9166,231.6112,0.3019,0.0979,-7.0008,61.7916,231.2415,0.2673,-0.1146,11.6497,62.957,231.1621,0.2724,0.1887
2015-05-19T00:05:59.494Z,4.7108,68.9923,231.9865,0.2978,0.0709,-6.8635,61.8396,231.6033,0.2668,-0.1159,10.9222,63.557,230.4852,0.2755,0.1741
2015-05-19T00:06:59.154Z,4.499,70.0621,231.5,0.3026,0.064,-7.1886,62.9836,231.4159,0.2721,-0.1162,11.2942,64.0214,230.5274,0.2778,0.1781
2015-05-19T00:07:59.420Z,5.1441,70.6908,231.4859,0.305,0.0727,-6.9485,63.2128,231.2945,0.2732,-0.1107,11.1821,63.2475,230.1491,0.2746,0.1782
2015-05-19T00:08:59.677Z,5.6745,70.5545,231.5599,0.3041,0.0818,-7.1099,64.0847,231.2847,0.2774,-0.1129,11.2682,63.3641,230.2359,0.2755,0.1798
2015-05-19T00:09:59.893Z,4.0437,69.7754,231.3476,0.3021,0.059,-6.9309,61.7657,231.573,0.2669,-0.1131,10.9733,62.9918,230.2521,0.2737,0.1788
2015-05-19T00:10:59.109Z,5.046,69.1947,231.691,0.2989,0.0727,-7.7413,63.2801,231.5629,0.2734,-0.1239,10.6851,62.8857,229.9048,0.274,0.1698
2015-05-19T00:11:59.439Z,4.8318,69.6953,231.7,0.3001,0.0709,-6.7682,62.5011,231.8514,0.2692,-0.1099,11.3767,65.456,231.1623,0.2832,0.1738
2015-05-19T00:13:59.626Z,5.0289,69.4081,231.8299,0.2997,0.0727,-7.148,63.6016,232.0964,0.274,-0.1129,11.7134,63.8133,231.7675,0.275,0.1846
2015-05-19T00:14:59.189Z,5.2787,69.1701,231.0244,0.2992,0.0774,-6.9082,63.5913,232.4389,0.2733,-0.1142,11.1938,64.329,231.684,0.2777,0.1791
2015-05-19T00:15:59.528Z,4.936,70.1973,231.0768,0.3038,0.0704,-6.7491,63.2488,232.1079,0.2726,-0.1079,11.3825,63.1902,231.409,0.2732,0.1813
2015-05-19T00:16:59.991Z,5.0132,69.7442,231.4441,0.3017,0.0725,-7.5642,64.6338,232.643,0.2776,-0.1188,11.7153,62.636,231.9803,0.2697,0.1874
2015-05-19T00:17:59.175Z,5.0254,70.1103,231.3743,0.3028,0.0712,-7.1043,63.55,232.4312,0.2733,-0.1115,11.3451,64.2283,231.9211,0.2767,0.1774
2015-05-19T00:18:59.786Z,4.3376,69.8288,231.1514,0.3022,0.0615,-6.6805,65.0593,232.3908,0.2799,-0.1038,10.9767,64.4651,231.6658,0.2777,0.1713
2015-05-19T00:19:59.203Z,5.4167,69.8089,231.6934,0.3011,0.0788,-6.6278,61.9333,232.9121,0.2656,-0.1101,11.361,64.2897,232.2654,0.2772,0.1797
2015-05-19T00:20:59.561Z,5.5525,69.4646,232.3561,0.299,0.0816,-7.1057,64.58,233.3465,0.2763,-0.1134,11.7201,65.8132,232.7132,0.2829,0.1827
2015-05-19T00:21:59.417Z,5.2298,70.2948,231.8691,0.3031,0.0754,-6.9844,63.5956,233.3289,0.273,-0.1119,11.1708,63.8649,232.7523,0.2748,0.1763
2015-05-19T00:22:59.721Z,4.7112,70.433,231.6134,0.3038,0.0679,-7.0935,63.8518,233.0473,0.2736,-0.1115,11.5103,65.2745,232.6865,0.2801,0.1772
2015-05-19T00:23:59.290Z,4.7253,68.9022,231.3396,0.2973,0.0686,-6.6023,63.3179,232.5262,0.2723,-0.1056,11.6783,64.7343,232.6113,0.2786,0.182
2015-05-19T00:24:59.425Z,5.029,68.751,231.5314,0.2968,0.0753,-7.3535,63.9865,232.9229,0.2743,-0.1169,11.4319,63.218,232.4381,0.2723,0.1821
2015-05-19T00:25:59.926Z,5.0012,69.8726,231.3191,0.302,0.0723,-6.8679,62.1674,232.5324,0.2674,-0.1129,10.7509,64.3177,232.6609,0.2763,0.1695
2015-05-19T00:26:59.248Z,4.4949,69.3492,231.6067,0.2992,0.0651,-7.0839,64.5246,232.146,0.2774,-0.1113,11.1882,66.3042,233.423,0.284,0.1678
2015-05-19T00:27:59.800Z,4.6749,70.5303,231.9004,0.3037,0.0657,-6.9821,62.6686,232.3562,0.2691,-0.1119,11.53,64.6257,233.357,0.2773,0.1786
2015-05-19T00:28:59.772Z,5.1434,69.8466,231.9771,0.3013,0.0742,-7.2965,63.352,232.2935,0.2729,-0.1188,12.017,65.0275,233.3741,0.2781,0.1835
2015-05-19T00:29:59.048Z,4.7713,68.8763,231.9818,0.2968,0.0722,-6.7688,62.0202,232.554,0.2664,-0.1123,11.797,64.5467,233.3729,0.2762,0.1841
2015-05-19T00:30:59.255Z,4.541,69.6163,231.8616,0.3003,0.0652,-6.4347,63.3199,232.6753,0.273,-0.1068,11.4758,64.3655,232.8419,0.2765,0.1799
2015-05-19T00:31:59.877Z,4.6224,69.9213,231.4629,0.3022,0.0651,-6.4372,64.2139,232.822,0.2754,-0.1037,11.5702,64.978,232.8553,0.2788,0.1808
2015-05-19T00:32:59.641Z,5.2078,69.7938,230.5027,0.3027,0.0746,-7.1665,61.547,233.0965,0.2642,-0.1176,11.5,62.4801,232.9167,0.2687,0.1846
2015-05-19T00:33:59.053Z,4.7298,69.4247,230.0866,0.3017,0.0691,-6.8563,65.0097,233.2622,0.2797,-0.1097,11.707,64.4306,232.6811,0.2767,0.1813
2015-05-19T00:34:59.409Z,4.1243,68.6474,230.7091,0.2975,0.0604,-7.1008,64.096,232.874,0.2754,-0.112,11.2479,64.1874,232.6337,0.2762,0.1784
2015-05-19T00:35:59.235Z,5.0449,69.7882,231.6945,0.3008,0.0729,-7.6484,62.0845,232.7195,0.2665,-0.1253,11.7036,63.3766,232.3309,0.2727,0.1858
2015-05-19T00:36:59.636Z,4.9673,70.2099,232.2482,0.3026,0.0718,-7.0895,63.6801,232.7765,0.2737,-0.1113,11.8619,64.239,232.1781,0.2769,0.186
2015-05-19T00:37:59.301Z,5.5463,70.5397,232.1536,0.3036,0.0788,-6.5992,63.6665,232.8334,0.2732,-0.1046,10.9148,65.6356,232.0997,0.2829,0.168
2015-05-19T00:38:59.493Z,4.9499,69.457,231.572,0.3,0.0712,-6.7875,63.3982,232.5637,0.2729,-0.1098,11.4612,64.1382,231.9015,0.2764,0.1805
2015-05-19T00:39:59.762Z,4.6025,69.1053,231.7045,0.2984,0.0674,-7.2246,61.8716,232.4815,0.2663,-0.1191,11.0099,65.0286,232.0186,0.2803,0.1741
2015-05-19T00:40:59.088Z,5.0229,71.0866,231.172,0.3072,0.0727,-7.3916,62.7248,231.8829,0.2706,-0.119,11.1589,62.7286,231.181,0.2712,0.1796
2015-05-19T00:41:59.662Z,4.8508,70.3985,231.1945,0.3047,0.0699,-7.1013,62.9353,231.9318,0.2714,-0.1136,11.2529,62.2978,231.2713,0.2692,0.1804
2015-05-19T00:42:59.996Z,4.5556,70.0515,230.969,0.3032,0.0653,-6.7171,63.9965,231.7949,0.2762,-0.1065,11.8781,64.9299,231.4086,0.2798,0.1841
2015-05-19T00:43:59.542Z,4.7819,68.4097,230.7791,0.2964,0.0723,-7.0114,62.5789,231.7009,0.27,-0.1139,11.8313,63.9024,231.1162,0.2773,0.1888
2015-05-19T00:44:59.786Z,4.5775,68.2573,231.2283,0.295,0.0672,-7.2226,62.6829,232.0783,0.2701,-0.118,11.0736,62.2163,231.3914,0.2687,0.1861
2015-05-19T00:45:59.441Z,4.9848,69.8548,231.5344,0.3017,0.0718,-6.9956,63.5113,232.4919,0.273,-0.1119,11.4339,63.8879,232.3127,0.2751,0.1801
2015-05-19T00:46:59.687Z,4.7269,69.1963,231.4687,0.2993,0.0682,-7.5036,64.8026,232.511,0.2787,-0.116,11.6664,64.1386,232.4245,0.276,0.183
2015-05-19T00:47:59.888Z,4.7597,71.3611,231.4601,0.3083,0.067,-7.1177,62.9402,232.4092,0.2705,-0.1149,11.532,63.3335,232.4641,0.2718,0.184
2015-05-19T00:48:59.548Z,5.3357,69.566,231.4707,0.3004,0.0763,-6.5819,63.6029,232.0542,0.2743,-0.1066,11.502,63.8874,232.9043,0.2743,0.1834
2015-05-19T00:49:59.898Z,4.8232,67.8718,231.8527,0.2926,0.0719,-7.0887,61.8412,232.4098,0.2664,-0.122,11.4534,64.9804,233.2554,0.2787,0.1845
2015-05-19T00:50:59.107Z,4.5766,69.6606,231.5418,0.3006,0.0672,-7.1599,61.027,232.2409,0.2628,-0.1187,11.4817,64.67,232.9806,0.2772,0.1784
2015-05-19T00:51:59.729Z,4.6772,70.1065,231.0009,0.3042,0.0675,-7.1095,62.5245,232.1067,0.2695,-0.1143,11.55,64.8398,232.7562,0.2787,0.1779
2015-05-19T00:52:59.098Z,4.6314,69.2759,230.9686,0.2994,0.0683,-7.1099,63.0564,231.9708,0.2727,-0.1158,11.1469,63.4421,232.4879,0.2733,0.1769
2015-05-19T00:53:59.404Z,4.9923,69.8605,231.5721,0.3016,0.0723,-7.1803,63.5803,232.6491,0.273,-0.116,11.4935,62.9552,232.8033,0.2704,0.1845
2015-05-19T00:54:59.804Z,4.4887,69.2114,232.0688,0.2978,0.0664,-6.7647,62.5017,233.2605,0.2683,-0.1111,11.8879,65.3103,233.2216,0.2801,0.1858
2015-05-19T00:55:59.087Z,4.6617,69.9122,231.7298,0.3017,0.0678,-7.2048,64.8181,232.9109,0.2782,-0.1122,11.2394,63.262,232.9557,0.2718,0.1781
2015-05-19T00:56:59.692Z,6.1351,69.9209,231.7651,0.3014,0.089,-7.347,63.8266,232.5242,0.2749,-0.1151,11.3764,64.7657,233.2971,0.2777,0.1759
2015-05-19T00:57:59.924Z,6.424,69.8343,231.6799,0.3018,0.0935,-7.7686,63.3344,232.3124,0.2726,-0.1241,11.5184,65.4852,233.0481,0.2813,0.1766
2015-05-19T00:58:59.390Z,6.3661,69.7402,232.3628,0.3001,0.093,-7.4768,62.5953,232.822,0.2691,-0.1234,11.2897,63.3668,233.3661,0.271,0.1802
2015-05-19T00:59:59.171Z,6.4577,70.0391,232.0139,0.3018,0.0943,-7.3318,64.0379,232.4741,0.2759,-0.1172,11.8716,64.8942,233.4243,0.2776,0.1854
