2015-01-15T00:00:59.707Z,4.907,66.4005,231.5726,0.287,0.0754,2.8527,61.0286,230.4146,0.2649,0.0471,81.887,101.7472,231.388,0.4399,0.8061
2015-01-15T00:01:59.670Z,5.0004,69.1888,231.3438,0.2989,0.0729,2.4678,60.6293,230.414,0.2632,0.0393,81.294,102.3673,230.9348,0.4431,0.7952
2015-01-15T00:02:59.739Z,5.1244,67.79,231.6627,0.2932,0.077,3.1111,62.2197,230.8769,0.2692,0.0498,81.7035,101.789,230.8435,0.4409,0.8035
2015-01-15T00:03:59.258Z,6.027,69.0482,230.5666,0.2996,0.0886,2.8611,60.9596,231.1737,0.2638,0.0468,81.7538,102.2387,230.9651,0.4426,0.8006
2015-01-15T00:04:59.948Z,5.9741,68.6978,230.7249,0.2979,0.0883,2.5547,62.7897,231.0912,0.2714,0.0422,82.6399,102.9592,231.2772,0.4455,0.8038
2015-01-15T00:05:59.978Z,5.6324,67.652,230.6338,0.2932,0.0846,2.3344,61.6329,231.376,0.2657,0.0366,81.833,101.496,231.5675,0.4387,0.8074
2015-01-15T00:06:59.312Z,4.8964,68.6483,232.1109,0.2956,0.0713,2.8314,60.7578,230.7903,0.2631,0.0467,82.3882,103.3227,231.3523,0.4463,0.7986
2015-01-15T00:07:59.222Z,4.5229,69.3919,232.1071,0.2984,0.0647,2.298,61.5644,230.3218,0.2666,0.0377,81.4256,102.8846,230.9286,0.4455,0.792
2015-01-15T00:08:59.662Z,5.1101,69.5485,231.0825,0.3008,0.0742,2.5395,62.2345,229.2974,0.2713,0.0411,81.4754,101.7348,230.9559,0.4405,0.8015
2015-01-15T00:09:59.365Z,5.4668,69.8004,231.0745,0.3023,0.0785,3.0525,61.8555,229.5762,0.2691,0.0487,81.4023,102.4395,230.9035,0.4437,0.7959
2015-01-15T00:10:59.606Z,4.8785,69.7119,231.9035,0.3007,0.0703,2.3562,62.9522,230.8064,0.2731,0.0363,80.8011,101.8942,230.8533,0.4408,0.7943
2015-01-15T00:11:59.864Z,4.5526,70.1182,232.1333,0.3021,0.0648,2.2432,61.9813,230.6274,0.2687,0.0368,81.71,101.6352,230.8298,0.4404,0.8044
2015-01-15T00:12:59.961Z,4.7455,68.8898,232.2058,0.2965,0.0699,2.5643,61.3982,230.1386,0.2665,0.0408,81.4353,102.7312,230.7838,0.4452,0.7936
2015-01-15T00:13:59.369Z,5.434,69.5684,232.1866,0.2996,0.0784,2.546,62.2567,230.5276,0.2702,0.04,81.4854,101.7171,231.1457,0.4401,0.8019
2015-01-15T00:14:59.782Z,5.5589,68.8823,231.8214,0.297,0.0817,2.4026,63.4076,230.5408,0.2748,0.0387,81.7891,102.2309,230.7945,0.4433,0.8003
2015-01-15T00:15:59.688Z,4.7633,70.3363,231.9284,0.3029,0.0687,2.8764,62.5648,230.461,0.2719,0.047,81.0336,102.2404,230.8433,0.4429,0.7933
2015-01-15T00:16:59.372Z,3.8075,68.6948,231.5511,0.2967,0.0555,2.3091,63.1189,230.1208,0.2742,0.0357,80.5702,101.0627,230.4205,0.4389,0.7989
2015-01-15T00:17:59.855Z,4.364,67.8471,231.3258,0.2934,0.0648,2.5436,60.6433,229.3158,0.2644,0.0408,80.7859,101.6277,229.9403,0.4418,0.7965
2015-01-15T00:18:59.221Z,5.2721,69.0616,231.5313,0.2984,0.0773,2.9746,61.7709,228.4478,0.2708,0.048,80.2769,100.0654,229.3813,0.4362,0.8038
2015-01-15T00:19:59.506Z,5.1681,69.2313,231.8289,0.2985,0.0746,2.9022,60.9986,228.8141,0.2669,0.0463,79.8701,100.4323,229.0326,0.4387,0.7965
2015-01-15T00:20:59.971Z,5.2193,68.9533,231.8237,0.2979,0.0749,2.4448,61.6683,230.402,0.2671,0.0385,80.7153,101.303,230.1346,0.4401,0.7984
2015-01-15T00:21:59.590Z,4.5753,69.2897,232.001,0.2987,0.0661,2.3292,61.4061,230.4656,0.2661,0.0364,80.94,101.2702,230.4148,0.4398,0.7999
2015-01-15T00:22:59.937Z,5.3629,69.7116,232.1027,0.3005,0.0798,2.815,61.7057,230.8817,0.2675,0.0465,81.616,102.362,230.7273,0.4439,0.7984
2015-01-15T00:23:59.197Z,5.4406,68.8489,231.7689,0.2967,0.081,2.3626,61.3249,230.4417,0.2656,0.0373,81.0142,102.7143,230.4437,0.4454,0.7906
2015-01-15T00:24:59.067Z,4.7123,68.7173,231.775,0.2964,0.0697,2.86,63.242,230.7062,0.2742,0.0461,81.4346,102.2614,230.6243,0.4428,0.797
2015-01-15T00:25:59.450Z,5.2643,68.7448,231.3525,0.2971,0.0784,2.4549,61.8302,230.3029,0.2678,0.0375,81.2382,101.314,230.4318,0.4396,0.8034
2015-01-15T00:26:59.049Z,5.4607,69.756,231.6874,0.3011,0.0793,2.8449,61.1962,229.4408,0.2667,0.0462,81.1931,101.1303,230.262,0.4391,0.8031
2015-01-15T00:27:59.590Z,4.6932,68.484,231.7151,0.2949,0.0693,2.5395,60.5952,229.2991,0.2641,0.0411,81.3552,102.0102,230.3951,0.4427,0.7986
2015-01-15T00:28:59.249Z,4.3074,69.8587,232.927,0.2994,0.0616,2.4297,61.1833,228.6949,0.2672,0.0394,81.0744,101.337,230.4903,0.44,0.8009
2015-01-15T00:29:59.840Z,5.0847,69.6379,233.4076,0.2978,0.0745,2.205,61.6549,228.6693,0.2695,0.0346,80.1137,100.5827,228.3936,0.4407,0.7974
2015-01-15T00:30:59.104Z,5.0107,68.6256,232.3044,0.2949,0.073,2.2684,60.8991,231.0207,0.2638,0.0401,82.0708,102.5356,231.3554,0.4432,0.8018
2015-01-15T00:31:59.653Z,4.5841,70.5458,232.941,0.3029,0.0659,2.6973,63.195,231.2465,0.2728,0.0432,81.5917,101.3966,231.116,0.4389,0.8057
2015-01-15T00:32:59.070Z,4.4039,68.7488,233.0708,0.2953,0.0647,2.7677,63.3751,231.4981,0.2734,0.0433,81.6707,102.0294,231.0204,0.4416,0.8019
2015-01-15T00:33:59.823Z,3.8642,68.7538,232.6437,0.2951,0.0563,2.3825,62.0576,231.8098,0.2676,0.0377,81.3738,102.0828,230.7629,0.4423,0.7988
2015-01-15T00:34:59.781Z,5.0709,68.8284,232.7063,0.2954,0.0751,2.5031,61.3044,232.1219,0.2634,0.0389,81.459,101.0686,231.1073,0.437,0.8072
2015-01-15T00:35:59.129Z,4.9679,70.2938,232.9694,0.3018,0.0709,2.4901,63.7144,232.5731,0.274,0.0382,81.8797,102.7592,231.2294,0.4446,0.7976
2015-01-15T00:36:59.481Z,5.3182,70.6147,233.5458,0.3025,0.0767,2.861,62.3351,232.3001,0.268,0.046,81.4726,102.2495,230.8749,0.4426,0.7979
2015-01-15T00:37:59.715Z,5.291,68.6584,232.9053,0.2944,0.0762,2.5345,62.8885,231.2723,0.2715,0.0382,81.1893,101.3871,230.7835,0.4398,0.8024
2015-01-15T00:38:59.371Z,5.2323,69.4868,232.5342,0.2991,0.0777,2.9727,63.7008,230.9253,0.2756,0.048,80.4242,100.9194,229.5631,0.4391,0.7979
2015-01-15T00:39:59.122Z,5.639,69.3193,232.1947,0.2984,0.083,2.7919,61.5465,231.2408,0.2663,0.0437,79.9147,100.2497,229.3304,0.4369,0.7986
2015-01-15T00:40:59.969Z,4.6113,70.0703,232.3157,0.3013,0.0671,3.0667,61.8879,231.325,0.2677,0.0512,81.5328,101.6363,230.784,0.441,0.8035
2015-01-15T00:41:59.073Z,5.1859,68.6737,232.251,0.2958,0.077,2.4059,63.0486,231.7088,0.2719,0.038,81.6038,101.3949,230.7766,0.4393,0.8054
2015-01-15T00:42:59.438Z,4.9199,69.1413,232.7208,0.2964,0.0722,2.8773,61.9356,231.5971,0.2676,0.0471,81.3937,102.2964,231.1097,0.4423,0.797
2015-01-15T00:43:59.106Z,4.9913,68.8411,231.3797,0.2972,0.0737,2.722,61.6379,231.7576,0.2659,0.0434,81.3466,101.8429,230.8253,0.4411,0.8001
2015-01-15T00:44:59.811Z,4.7675,69.086,231.9339,0.2975,0.0696,2.6309,61.3517,232.1215,0.2648,0.0467,81.6005,101.5645,230.7654,0.4402,0.805
2015-01-15T00:45:59.276Z,4.2843,68.1072,232.4128,0.2931,0.065,2.6126,62.3091,232.5757,0.2684,0.0424,81.8401,102.1856,231.25,0.4422,0.8022
2015-01-15T00:46:59.544Z,4.9137,69.7371,233.1381,0.2991,0.0714,2.9499,62.9367,232.4502,0.2712,0.047,81.8179,101.7011,231.2137,0.4397,0.806
2015-01-15T00:47:59.828Z,5.4102,69.6726,233.2987,0.2981,0.0777,2.2629,61.5058,231.7154,0.2659,0.0371,81.2686,101.4841,230.7766,0.4401,0.8013
2015-01-15T00:48:59.363Z,5.2149,69.7628,233.4317,0.2987,0.0758,2.672,63.2574,231.9452,0.2722,0.0417,81.366,102.0588,230.5274,0.4429,0.7978
2015-01-15T00:49:59.008Z,4.7485,69.6174,233.473,0.2982,0.0684,2.0524,61.8168,232.4812,0.266,0.0313,81.2405,102.0734,230.0091,0.4441,0.7974
2015-01-15T00:50:59.067Z,5.4037,70.2214,234.9801,0.2988,0.0764,3.2856,62.8466,233.077,0.2692,0.0523,82.1892,102.0846,232.0193,0.4397,0.806
2015-01-15T00:51:59.515Z,5.0254,69.1196,235.1326,0.2937,0.0743,2.4008,62.6054,233.344,0.2678,0.04,82.2685,103.3595,232.5793,0.4442,0.7976
2015-01-15T00:52:59.818Z,5.3846,70.6071,234.4274,0.3011,0.0759,2.839,62.5011,232.1021,0.2692,0.0448,81.9578,103.2649,231.782,0.4459,0.7947
2015-01-15T00:53:59.281Z,4.6546,69.2097,233.6413,0.2963,0.0674,2.4256,59.828,231.3099,0.2584,0.0409,81.6099,102.2067,231.3417,0.4419,0.7994
2015-01-15T00:54:59.488Z,4.6004,69.0346,233.1714,0.2954,0.0665,1.9127,60.5555,231.0207,0.262,0.0318,81.8016,101.8843,231.062,0.4412,0.8043
2015-01-15T00:55:59.004Z,4.9499,69.6093,233.2102,0.2982,0.0722,2.5575,62.2269,230.8032,0.2691,0.0425,81.1098,101.8484,230.7264,0.4412,0.7967
2015-01-15T00:56:59.341Z,5.6981,69.6531,233.5369,0.2982,0.0829,1.9502,61.7695,230.9122,0.2674,0.0302,80.2913,100.453,229.5536,0.4379,0.7996
2015-01-15T00:57:59.633Z,5.3392,70.3565,233.0923,0.3018,0.0778,2.0659,60.223,230.2111,0.262,0.0349,79.8815,100.8163,228.8536,0.4397,0.7938
2015-01-15T00:58:59.853Z,4.949,69.4648,232.7811,0.2987,0.0724,2.7958,63.4379,229.4749,0.2761,0.0446,80.4828,100.6725,229.2733,0.4389,0.8005
2015-01-15T00:59:59.125Z,5.288,69.2238,232.6075,0.2971,0.0773,2.414,59.7153,229.9518,0.2596,0.0416,80.1343,100.8627,229.67,0.4393,0.7955
2015-01-15T01:00:59.353Z,4.4124,67.7909,232.8498,0.2913,0.0658,2.3645,60.4155,230.4647,0.2622,0.0393,80.8293,100.2475,229.5259,0.4368,0.8071
2015-01-15T01:01:59.712Z,5.8143,68.3548,233.2474,0.2933,0.0862,2.7377,62.8549,230.7332,0.2721,0.0423,80.992,101.3455,229.8954,0.4405,0.8002
2015-01-15T01:02:59.710Z,5.7215,68.9576,233.0577,0.2958,0.0836,2.7901,60.2099,230.9696,0.2605,0.0454,81.4611,101.3208,229.9655,0.4404,0.8049
2015-01-15T01:03:59.928Z,5.4781,68.9244,232.7899,0.2963,0.0808,2.6416,62.4389,231.0769,0.2705,0.0411,81.06,100.2207,229.8144,0.4359,0.8092
2015-01-15T01:04:59.430Z,5.8023,66.2661,233.6096,0.2836,0.0916,2.6477,57.8497,231.2712,0.2499,0.0461,80.5032,99.8477,229.7,0.4348,0.8083
2015-01-15T01:05:59.136Z,5.0526,69.5161,233.5748,0.2977,0.0737,2.8127,59.6773,231.1362,0.2583,0.0486,80.0511,100.4419,229.3803,0.438,0.7982
2015-01-15T01:06:59.901Z,4.6345,69.3877,233.5217,0.2974,0.068,2.6559,61.9523,230.6546,0.2686,0.042,80.3361,100.1605,229.1031,0.437,0.8027
2015-01-15T01:07:59.506Z,4.9259,69.4902,233.327,0.2977,0.0727,2.5721,60.4257,230.3216,0.2628,0.0433,80.4406,101.758,229.448,0.4436,0.7922
2015-01-15T01:08:59.962Z,5.2514,69.3166,232.2611,0.2979,0.0762,2.4321,61.1092,229.4232,0.2667,0.0395,80.5458,101.0605,229.6589,0.4402,0.7977
2015-01-15T01:09:59.838Z,4.8981,69.0967,233.3285,0.2968,0.0714,2.7121,62.6265,230.3874,0.2715,0.0423,80.117,100.3446,229.5675,0.4368,0.7992
2015-01-15T01:10:59.164Z,4.9144,68.5821,233.4336,0.2938,0.0737,2.1392,60.8724,230.9277,0.2636,0.0349,81.0227,101.3653,230.3268,0.4399,0.8008
2015-01-15T01:11:59.810Z,4.8079,69.7663,233.6686,0.2985,0.0704,2.2642,62.4235,231.3343,0.2696,0.0373,80.9993,101.3621,230.6442,0.4396,0.7999
2015-01-15T01:12:59.106Z,5.3807,70.206,233.8331,0.3003,0.0778,2.2036,60.9998,231.225,0.2634,0.0357,81.5864,101.914,230.7749,0.4417,0.8013
2015-01-15T01:13:59.816Z,5.6329,69.2578,233.5827,0.2966,0.0814,2.832,61.621,231.0111,0.2668,0.0473,81.0536,101.7274,230.6847,0.4408,0.798
2015-01-15T01:14:59.572Z,4.8964,70.3142,233.6093,0.3007,0.0709,2.2162,61.464,230.7662,0.267,0.0379,81.0891,101.1072,230.389,0.4388,0.8029
2015-01-15T01:15:59.248Z,4.8729,69.0815,233.4921,0.2958,0.0711,1.8651,59.866,229.3582,0.2609,0.0319,81.8712,103.1041,231.7168,0.4452,0.7954
2015-01-15T01:16:59.753Z,4.9167,68.3058,232.9513,0.2937,0.0734,2.5986,60.6405,227.6953,0.266,0.0434,81.7603,102.6386,231.9162,0.442,0.7974
2015-01-15T01:17:59.247Z,5.1104,70.0864,233.1316,0.3002,0.0741,2.6067,61.0733,227.5588,0.2685,0.0421,82.2077,103.0393,232.0466,0.4441,0.7986
2015-01-15T01:18:59.626Z,5.0798,67.6966,233.154,0.2902,0.0778,2.7771,60.6581,229.4251,0.2643,0.0478,80.902,101.1697,230.5257,0.4389,0.801
2015-01-15T01:19:59.738Z,4.9564,67.9614,233.1782,0.2914,0.0729,2.6332,60.3904,230.5071,0.2622,0.0435,81.8218,102.4358,231.2005,0.4434,0.8007
2015-01-15T01:20:59.249Z,4.5166,70.0464,233.1939,0.3007,0.0647,2.6626,61.9346,231.2421,0.2681,0.0429,82.4211,103.1399,232.0223,0.4447,0.8
2015-01-15T01:21:59.761Z,4.4411,69.9316,232.7402,0.3001,0.0633,2.8251,60.4082,231.1389,0.2612,0.0466,82.1618,102.5008,232.51,0.4408,0.8021
2015-01-15T01:22:59.231Z,4.9502,69.2236,232.8222,0.2978,0.0727,2.3468,61.7208,231.1954,0.2672,0.0383,82.2516,103.6261,232.166,0.4463,0.7951
2015-01-15T01:23:59.400Z,5.0084,69.863,232.7888,0.3004,0.0741,2.6748,62.0147,231.0502,0.2686,0.0419,82.2853,102.7801,232.1215,0.4431,0.8019
2015-01-15T01:24:59.492Z,4.888,69.2611,232.6053,0.2983,0.0724,2.547,62.6068,231.5815,0.2701,0.0403,81.9688,102.5907,231.8209,0.4423,0.8005
2015-01-15T01:25:59.042Z,4.2959,67.7979,232.8462,0.2919,0.0638,2.7564,65.8066,231.3351,0.2839,0.0419,81.779,101.238,231.6654,0.437,0.8079
2015-01-15T01:26:59.805Z,4.5651,65.9225,232.5534,0.2837,0.0713,2.6227,57.8577,230.7092,0.2503,0.0465,81.8135,101.1663,231.1897,0.4375,0.8103
2015-01-15T01:27:59.206Z,4.7802,69.7043,232.1967,0.2998,0.0714,2.3927,62.9826,230.6523,0.2732,0.038,81.4518,101.759,230.9896,0.4407,0.8014
2015-01-15T01:28:59.499Z,5.3552,69.5448,233.1064,0.2985,0.0778,2.5038,60.9565,229.9037,0.2654,0.0404,81.3262,102.4773,230.8365,0.444,0.7949
2015-01-15T01:29:59.976Z,5.056,67.5771,231.8152,0.2911,0.0772,2.7751,61.845,231.0732,0.2678,0.0441,81.5129,101.6245,231.4413,0.4391,0.8032
2015-01-15T01:30:59.510Z,4.5519,68.6303,231.4457,0.2968,0.0658,2.191,61.0571,231.6913,0.2637,0.0372,82.2196,103.5274,231.8952,0.4469,0.7956
2015-01-15T01:31:59.787Z,4.5983,68.2992,231.675,0.2949,0.068,2.772,64.2599,231.7229,0.2778,0.0421,82.8915,102.5902,231.8433,0.4427,0.8088
2015-01-15T01:32:59.037Z,5.2267,68.6993,232.3858,0.2953,0.076,2.7726,58.929,231.3613,0.2544,0.0481,81.9339,101.062,231.5854,0.436,0.8122
2015-01-15T01:33:59.588Z,4.9735,67.4293,232.4624,0.2899,0.0748,2.4627,61.1297,231.696,0.2634,0.039,82.0353,102.247,232.0959,0.4408,0.8038
2015-01-15T01:34:59.368Z,5.0303,69.0486,232.3863,0.2967,0.0746,2.8004,60.2953,231.78,0.2604,0.0466,81.9621,101.6618,232.2025,0.4382,0.8073
2015-01-15T01:35:59.227Z,4.7117,67.7164,232.4338,0.291,0.0706,2.5136,62.3883,232.0131,0.2687,0.0393,82.2691,102.8978,232.4343,0.4427,0.8003
2015-01-15T01:36:59.538Z,5.1528,68.3608,232.3072,0.2942,0.0755,2.5265,62.6574,231.2816,0.2708,0.042,81.7786,102.055,231.4571,0.4408,0.8033
2015-01-15T01:37:59.238Z,5.0957,68.4411,232.0702,0.2952,0.0761,2.5154,62.6301,230.7668,0.2716,0.0409,81.4886,102.3822,230.8161,0.4437,0.797
2015-01-15T01:38:59.131Z,5.0419,68.6998,231.9441,0.2964,0.0753,2.048,62.726,230.8727,0.2718,0.0349,80.6484,100.6786,230.1027,0.4375,0.8021
2015-01-15T01:39:59.749Z,5.638,69.1082,232.7282,0.2965,0.082,2.5925,59.6236,231.0864,0.258,0.0459,80.8414,100.486,229.973,0.4372,0.8059
2015-01-15T01:40:59.075Z,5.1612,68.7688,233.1174,0.2949,0.0768,2.3982,62.8794,231.3278,0.2714,0.0378,81.2302,101.2116,230.2588,0.4397,0.8031
2015-01-15T01:41:59.407Z,5.0178,69.4668,233.3567,0.297,0.0738,2.6519,62.2133,231.2952,0.2687,0.0426,81.5086,101.936,230.5753,0.4416,0.8004
2015-01-15T01:42:59.193Z,4.4366,69.4033,233.206,0.2976,0.0662,2.1821,62.9452,231.4186,0.2722,0.0348,81.5808,102.3678,231.3565,0.4423,0.7984
2015-01-15T01:43:59.136Z,4.8643,69.6288,233.5866,0.2977,0.0707,2.5141,61.047,231.9433,0.2632,0.0414,81.9132,103.2371,231.4511,0.4462,0.7954
2015-01-15T01:44:59.486Z,5.4589,69.5198,233.7988,0.2973,0.0796,2.7921,62.0018,232.9903,0.2659,0.0431,81.5132,102.1454,231.2264,0.4414,0.8001
2015-01-15T01:45:59.444Z,5.2675,68.8726,233.7386,0.2942,0.0778,2.5958,62.1588,232.651,0.2676,0.0423,81.5084,102.7313,231.0579,0.4451,0.7941
2015-01-15T01:46:59.748Z,4.4816,68.2321,233.3634,0.2921,0.0669,2.6324,61.2534,232.3898,0.2629,0.043,81.5157,101.8591,230.5752,0.4414,0.801
2015-01-15T01:47:59.441Z,4.4775,69.2699,233.1175,0.2968,0.0663,2.5868,59.7386,231.8043,0.258,0.0435,80.5205,100.6801,230.1104,0.4376,0.8008
2015-01-15T01:48:59.493Z,4.9219,69.6775,232.5124,0.2993,0.0716,3.1829,60.8597,231.5914,0.2631,0.0512,80.8808,101.5176,230.7468,0.4397,0.7979
2015-01-15T01:49:59.802Z,5.2367,68.7073,232.8811,0.2945,0.077,2.9891,62.2512,232.1385,0.2678,0.0481,81.6697,102.2751,230.9845,0.4431,0.8005
2015-01-15T01:50:59.075Z,4.9189,70.7221,233.8432,0.3023,0.0711,2.4404,61.888,232.7064,0.2662,0.0401,81.5047,102.3241,231.0651,0.4428,0.7979
2015-01-15T01:51:59.827Z,5.1777,70.0237,233.663,0.2993,0.0753,2.1515,63.9737,232.7116,0.2751,0.0352,81.5251,101.5452,230.6125,0.44,0.8036
2015-01-15T01:52:59.426Z,4.883,69.2328,233.4009,0.2962,0.0716,2.0169,64.8622,232.5157,0.2791,0.0326,81.1973,101.3962,230.6524,0.4397,0.8017
2015-01-15T01:53:59.668Z,4.7888,69.3803,233.5495,0.2969,0.0701,2.2175,61.5979,232.7253,0.2647,0.0356,80.9901,101.7942,230.4359,0.442,0.7971
2015-01-15T01:55:59.597Z,5.0226,69.2357,233.5255,0.2962,0.0735,2.7413,62.8503,232.6996,0.2701,0.0437,81.0014,101.3076,230.2623,0.4401,0.8009
2015-01-15T01:56:59.116Z,5.139,69.6141,233.4561,0.2979,0.0749,2.2739,62.4187,232.4306,0.2684,0.0356,80.6307,101.6183,230.1302,0.4417,0.7953
2015-01-15T01:57:59.678Z,5.3585,68.3714,233.0474,0.2936,0.079,2.6702,62.2172,232.0677,0.2683,0.0427,81.0233,102.0204,229.8405,0.4437,0.7961
2015-01-15T01:58:59.035Z,5.4528,67.6677,231.9388,0.2916,0.0833,2.6784,60.0716,231.7542,0.2593,0.049,80.4003,100.8557,230.1168,0.4388,0.7994
2015-01-15T01:59:59.635Z,4.7451,68.2413,231.066,0.2952,0.0701,2.872,62.1696,232.5057,0.2672,0.0464,81.021,102.0745,230.5557,0.4421,0.7959
2015-01-15T02:00:59.034Z,4.7202,67.4126,232.1252,0.2909,0.0707,2.8841,61.7919,232.8579,0.2648,0.0462,82.2639,101.5029,231.5853,0.4382,0.812
2015-01-15T02:01:59.424Z,4.8796,68.5667,232.0143,0.2952,0.0724,2.5908,62.2837,232.5733,0.268,0.0419,82.1558,103.2697,231.9902,0.4449,0.7964
2015-01-15T02:02:59.091Z,4.688,71.924,232.4978,0.3095,0.0664,2.7826,64.2013,232.3076,0.2768,0.0431,82.2987,104.2474,232.0889,0.4489,0.79
2015-01-15T02:03:59.472Z,5.3263,70.6962,232.713,0.3035,0.0759,2.2884,64.3393,231.4538,0.2782,0.0368,82.6336,104.8344,232.3193,0.4513,0.791
2015-01-15T02:04:59.291Z,4.7963,71.2462,233.271,0.3052,0.0669,2.1629,65.6362,229.6516,0.2856,0.0316,83.194,105.1237,233.2433,0.451,0.7927
2015-01-15T02:05:59.704Z,4.4256,71.5448,232.8308,0.3068,0.0627,2.7544,66.181,232.0152,0.2848,0.041,82.5173,104.6537,232.6108,0.4504,0.7889
2015-01-15T02:06:59.754Z,5.0108,71.3449,233.1738,0.3057,0.0707,2.5637,63.9048,232.2205,0.2753,0.0418,82.2157,104.1782,231.9031,0.4493,0.7905
2015-01-15T02:07:59.097Z,5.0314,70.3001,232.9139,0.3017,0.0732,2.4184,67.1297,231.985,0.2891,0.0362,81.7332,103.9899,231.5079,0.4494,0.7874
2015-01-15T02:08:59.422Z,5.2024,71.244,232.7143,0.3062,0.0741,2.5834,63.5292,231.7837,0.2741,0.0422,81.2671,103.8164,231.1477,0.449,0.7843
2015-01-15T02:09:59.250Z,5.1491,71.3996,232.8265,0.3066,0.0732,2.7985,64.8398,232.2005,0.2798,0.0445,81.6077,104.2285,231.2411,0.451,0.7842
2015-01-15T02:10:59.730Z,4.7703,72.7955,233.5176,0.3118,0.0671,2.3128,63.8189,232.7852,0.2739,0.0359,82.6771,105.185,232.513,0.4525,0.7866
2015-01-15T02:11:59.188Z,5.6673,73.3147,234.1297,0.3132,0.079,2.9272,65.4143,232.8397,0.2807,0.0479,82.3208,104.401,232.8393,0.4481,0.789
2015-01-15T02:12:59.722Z,5.2767,70.9591,233.3166,0.3035,0.0762,2.3777,64.8041,232.7902,0.2786,0.037,82.6766,105.2649,232.4503,0.4526,0.7867
2015-01-15T02:13:59.041Z,4.1839,71.5691,233.2504,0.3067,0.0599,2.7922,65.9967,232.9243,0.2834,0.0447,82.6689,104.669,233.0809,0.4488,0.7902
2015-01-15T02:14:59.562Z,4.3898,71.3592,233.4112,0.3057,0.0625,2.4093,65.6315,233.0727,0.2812,0.0364,83.3663,105.5654,232.8162,0.4529,0.791
2015-01-15T02:15:59.013Z,5.1436,72.3513,233.4086,0.3098,0.0721,2.8064,65.7927,233.0164,0.283,0.0401,82.2139,104.606,232.4984,0.4494,0.787
2015-01-15T02:16:59.314Z,5.1551,73.1182,233.1342,0.3134,0.0719,2.723,66.9318,232.429,0.2881,0.0388,82.2907,105.0863,232.2682,0.4523,0.7843
2015-01-15T02:17:59.378Z,5.5976,72.4271,232.4557,0.3115,0.0775,2.9713,65.8873,231.5656,0.2852,0.0431,81.6843,102.9277,231.6579,0.4437,0.7944
2015-01-15T02:18:59.565Z,4.9015,72.2436,232.1499,0.3112,0.0709,2.9205,62.9033,231.3036,0.2719,0.0487,81.6104,103.4766,231.1582,0.4475,0.7897
2015-01-15T02:19:59.343Z,4.8215,71.6687,232.5875,0.3075,0.0669,2.3205,64.502,230.5729,0.2796,0.0365,81.7849,103.8642,231.3274,0.4491,0.7886
2015-01-15T02:20:59.595Z,5.0486,72.3232,232.8458,0.3101,0.0697,2.9055,65.24,232.2331,0.2811,0.0447,82.6931,104.9891,232.7686,0.4507,0.7886
2015-01-15T02:21:59.212Z,4.8279,71.9845,233.5666,0.3087,0.0671,2.7766,65.9586,233.0118,0.2825,0.0431,83.0429,105.4658,233.0373,0.4526,0.788
2015-01-15T02:22:59.586Z,4.4277,72.1255,234.3371,0.3077,0.0626,2.5845,64.4031,232.6214,0.2767,0.0409,82.6238,105.4915,232.9747,0.4529,0.7836
2015-01-15T02:23:59.991Z,4.8755,70.4974,233.6662,0.3012,0.0697,2.1751,64.2628,231.8315,0.2772,0.0359,82.4385,104.2922,232.4676,0.4482,0.7925
2015-01-15T02:24:59.284Z,5.2178,71.8256,233.7627,0.3072,0.0736,2.9122,66.1135,232.0206,0.2849,0.0424,82.5813,104.8676,231.8292,0.4525,0.7884
2015-01-15T02:25:59.724Z,4.9201,72.5788,234.2598,0.309,0.068,2.2552,65.39,231.9807,0.2823,0.0352,81.7854,104.3045,231.2924,0.451,0.7852
2015-01-15T02:26:59.889Z,5.2176,72.0985,233.5189,0.3085,0.073,2.9046,66.2004,232.0387,0.2847,0.0435,82.1658,103.5309,231.2102,0.4481,0.7942
2015-01-15T02:27:59.524Z,4.6098,71.6228,233.1218,0.3068,0.0654,2.4744,64.5561,231.2807,0.2796,0.0382,81.6704,103.4907,231.0152,0.4479,0.791
2015-01-15T02:28:59.183Z,4.8815,70.7827,233.1805,0.3036,0.0709,1.8386,63.4393,228.8447,0.2774,0.0336,81.802,103.5748,231.5277,0.4476,0.791
2015-01-15T02:29:59.544Z,5.0738,71.5157,233.9005,0.3052,0.0713,2.2875,65.6554,227.5548,0.2888,0.0354,82.1257,104.1338,231.7407,0.4492,0.7899
2015-01-15T02:31:59.989Z,5.0971,72.1401,233.0004,0.3095,0.0717,2.4486,65.5281,231.4731,0.2829,0.0361,81.9315,103.9932,231.5257,0.4492,0.788
2015-01-15T02:32:59.302Z,4.6026,71.6573,233.0928,0.3072,0.0658,2.8198,63.9313,231.8307,0.2759,0.0447,81.7591,104.2966,231.5667,0.4504,0.7848
2015-01-15T02:33:59.135Z,4.3637,72.6646,233.0496,0.3119,0.0593,3.4498,67.1077,232.0396,0.2894,0.0488,81.9826,104.3887,231.5749,0.4508,0.7862
2015-01-15T02:34:59.448Z,5.7715,72.1096,233.0491,0.3088,0.0799,2.3273,63.786,232.2132,0.2742,0.0375,81.8114,104.7137,231.9034,0.4517,0.7826
2015-01-15T02:35:59.779Z,5.2956,72.4436,233.3691,0.3098,0.0738,2.8662,64.3696,232.3243,0.2775,0.0452,82.6115,105.9203,232.3024,0.4558,0.7807
2015-01-15T02:36:59.066Z,5.4379,72.5487,233.5889,0.3107,0.0756,2.4777,65.4004,232.7986,0.2806,0.0381,82.9392,105.6083,232.433,0.454,0.7869
2015-01-15T02:37:59.436Z,4.306,70.6599,232.8585,0.3027,0.062,3.1476,67.3838,232.2067,0.2901,0.0475,81.7625,105.0231,232.0242,0.4524,0.7797
2015-01-15T02:38:59.535Z,4.1151,73.3357,232.4607,0.3157,0.0575,2.9533,65.7392,231.6189,0.2836,0.0442,82.554,103.8396,231.9975,0.4478,0.7954
2015-01-15T02:39:59.860Z,4.6455,71.343,231.9536,0.3082,0.0664,2.5721,64.785,231.0405,0.2805,0.0401,82.7562,105.0463,232.335,0.4522,0.7895
2015-01-15T02:40:59.220Z,4.8972,71.8602,232.8124,0.308,0.0686,2.4448,63.9919,232.3346,0.2758,0.0394,82.3027,104.6417,232.413,0.4504,0.788
2015-01-15T02:41:59.920Z,5.127,71.699,234.0221,0.3063,0.0733,2.4559,65.8387,232.7371,0.2823,0.0364,82.593,105.1159,232.4833,0.4517,0.7867
2015-01-15T02:42:59.285Z,5.1813,71.4648,233.8873,0.3058,0.0724,2.9161,63.7946,233.0287,0.2738,0.0462,82.7424,104.379,232.7238,0.4481,0.7933
2015-01-15T02:43:59.030Z,5.4193,72.8862,233.9192,0.3117,0.0758,2.6401,66.3608,233.2071,0.2847,0.0396,82.7866,104.8286,232.6173,0.4506,0.7917
2015-01-15T02:44:59.249Z,5.5147,71.9811,234.0398,0.3071,0.0788,2.674,65.6598,232.9578,0.2817,0.0404,82.5204,104.8097,232.4783,0.451,0.7876
2015-01-15T02:45:59.884Z,498.0236,772.4767,232.8192,3.3279,0.372,510.8832,790.1649,232.3262,3.4144,0.3532,872.9629,1174.1678,230.5587,5.1153,0.8014
2015-01-15T02:46:59.202Z,1055.0726,1469.9751,231.7849,6.342,0.7175,1096.0368,1576.9712,231.2067,6.82,0.6947,1530.0728,2082.1617,228.9342,9.0943,0.7341
2015-01-15T02:47:59.320Z,1090.3473,1496.2733,231.3537,6.4673,0.7286,1122.4203,1590.312,230.2984,6.9054,0.7056,1560.9592,2093.7057,228.6066,9.1586,0.745
2015-01-15T02:48:59.702Z,1172.3596,1559.244,230.8607,6.7539,0.7524,1235.7154,1683.1698,230.088,7.3147,0.7346,1652.224,2183.4099,228.6787,9.5482,0.7568
2015-01-15T02:49:59.012Z,1174.2271,1571.3682,230.6124,6.8139,0.7472,1241.5683,1677.4503,229.6724,7.3034,0.74,1677.6351,2206.1939,229.2948,9.6215,0.7599
2015-01-15T02:50:59.580Z,1163.9446,1588.4836,232.053,6.8456,0.733,1222.9844,1663.3356,229.573,7.2447,0.7356,1691.3561,2224.4483,230.3803,9.6552,0.7608
2015-01-15T02:51:59.404Z,1176.6622,1617.7823,232.8557,6.9478,0.7273,1211.1072,1646.086,228.3797,7.2076,0.736,1718.7168,2234.0912,230.5449,9.6906,0.7696
2015-01-15T02:52:59.671Z,1199.564,1611.0818,232.6697,6.9241,0.7444,1237.847,1702.763,230.5206,7.3859,0.727,1677.8626,2203.4866,229.4279,9.6034,0.7612
2015-01-15T02:53:59.068Z,1210.9348,1615.4574,232.4099,6.9516,0.7495,1262.4567,1727.5589,231.0514,7.477,0.7314,1686.5906,2215.3381,229.4859,9.6528,0.7606
2015-01-15T02:54:59.799Z,1218.9571,1620.2297,231.9865,6.9843,0.7514,1283.763,1736.5234,230.6404,7.5288,0.7395,1707.6227,2235.2,229.479,9.7402,0.7637
2015-01-15T02:55:59.135Z,1208.9899,1606.4332,231.5119,6.939,0.752,1277.553,1722.842,230.1436,7.4856,0.7411,1699.1169,2221.6081,229.187,9.6932,0.7648
2015-01-15T02:56:59.160Z,1202.0997,1607.1346,231.159,6.9523,0.748,1281.121,1715.9163,230.1888,7.4538,0.7467,1718.3839,2245.3021,229.9099,9.7657,0.7652
2015-01-15T02:57:59.983Z,1148.091,1569.0744,231.0893,6.7893,0.7318,1210.0644,1646.4555,229.7334,7.1668,0.7355,1673.8391,2196.8449,230.1291,9.5458,0.7619
2015-01-15T02:58:59.680Z,1156.6726,1563.353,230.9931,6.7675,0.7398,1224.9261,1664.0038,230.0982,7.2316,0.7364,1662.8166,2185.4283,229.5222,9.5219,0.7601
2015-01-15T02:59:59.342Z,1158.553,1549.9567,230.6055,6.721,0.7475,1239.3908,1677.6203,230.3293,7.2838,0.739,1648.3146,2168.9993,228.5449,9.4902,0.7599
