2015-05-04T00:00:59.554Z,5.0003,68.8026,233.5245,0.2947,0.0738,-7.2126,62.4079,231.3528,0.2699,-0.119,11.7221,63.1673,234.8982,0.2688,0.1892
2015-05-04T00:01:59.755Z,4.7599,70.134,232.8774,0.3014,0.0676,-7.417,63.2751,230.0931,0.2751,-0.119,11.5368,65.2462,234.8713,0.2777,0.1781
2015-05-04T00:02:59.907Z,4.8378,70.6915,231.9592,0.3051,0.069,-7.6086,63.5377,233.6751,0.2724,-0.1204,11.3871,64.3824,233.5856,0.276,0.1786
2015-05-04T00:03:59.180Z,5.4009,70.8701,232.9361,0.3041,0.0767,-6.9883,64.2299,234.0773,0.2739,-0.1101,11.6921,64.7664,233.7501,0.2766,0.1817
2015-05-04T00:04:59.430Z,5.2393,69.6657,233.2404,0.2987,0.0762,-8.0934,62.1686,233.7046,0.2659,-0.1314,11.3324,65.1554,233.6523,0.279,0.1774
2015-05-04T00:05:59.662Z,5.2184,70.0801,233.6649,0.2995,0.0756,-7.314,62.5034,233.5691,0.2674,-0.1178,11.9763,64.4734,233.1656,0.2764,0.1875
2015-05-04T00:06:59.923Z,4.6643,70.4378,234.0192,0.3008,0.0675,-7.3823,63.1651,233.9477,0.2699,-0.1186,11.8277,63.2655,233.1767,0.2711,0.1873
2015-05-04T00:07:59.182Z,5.2354,71.5282,234.3615,0.3048,0.0746,-7.1829,64.3601,233.0042,0.2762,-0.1134,11.7028,65.1761,233.9502,0.2784,0.1801
2015-05-04T00:08:59.467Z,4.9453,70.8572,233.0351,0.3039,0.0707,-6.8865,62.1451,233.3918,0.2664,-0.1118,11.5968,65.6809,234.0208,0.2809,0.1777
2015-05-04T00:09:59.729Z,4.9415,70.5573,232.778,0.3034,0.0697,-7.4562,62.4698,233.4105,0.2679,-0.1193,11.6481,65.6549,234.2298,0.2799,0.1801
2015-05-04T00:10:59.950Z,4.6634,69.0965,232.2871,0.2973,0.068,-7.2746,63.5908,233.7382,0.2721,-0.1148,11.233,64.0522,233.782,0.2742,0.1809
2015-05-04T00:11:59.267Z,4.9461,69.7612,232.2801,0.3004,0.0708,-7.0268,63.4393,234.1653,0.2712,-0.1127,12.1268,65.6203,234.351,0.2794,0.1863
2015-05-04T00:12:59.382Z,5.1198,70.7135,233.594,0.3024,0.0731,-7.1004,63.4176,234.1321,0.2711,-0.1145,11.9553,65.3846,234.8677,0.2786,0.1837
2015-05-04T00:13:59.725Z,5.4824,69.3327,234.4277,0.2952,0.0801,-7.4567,63.5521,234.7283,0.2707,-0.1208,11.9352,65.7033,235.1432,0.2797,0.1824
2015-05-04T00:14:59.954Z,4.4615,71.2535,234.0785,0.3043,0.0644,-7.6167,64.2171,234.4793,0.2734,-0.1185,12.0836,65.9458,235.3892,0.2802,0.1841
2015-05-04T00:15:59.135Z,4.6983,69.3727,234.2375,0.2957,0.069,-7.199,62.9273,234.3321,0.2685,-0.1171,11.8601,63.7372,234.9731,0.2715,0.1901
2015-05-04T00:16:59.485Z,4.4167,71.3936,233.8396,0.3049,0.0626,-6.8292,64.5192,234.1534,0.2753,-0.1071,11.9405,65.0317,234.6665,0.2773,0.1835
2015-05-04T00:17:59.777Z,4.9779,71.4819,234.2846,0.3052,0.0689,-7.3764,63.8963,234.2276,0.2729,-0.1155,11.8157,65.446,235.1135,0.2788,0.1816
2015-05-04T00:18:59.082Z,4.846,71.3022,234.4842,0.3044,0.0671,-7.243,64.7038,234.317,0.2759,-0.1116,11.913,63.7839,234.4438,0.272,0.1884
2015-05-04T00:19:59.347Z,4.4359,70.2787,233.9236,0.3004,0.0644,-7.1608,63.9204,233.9193,0.2732,-0.1162,11.7867,63.8534,234.0336,0.2729,0.1873
2015-05-04T00:20:59.508Z,4.9429,70.0301,233.7826,0.2991,0.0704,-7.4272,61.6223,232.8482,0.2652,-0.1247,14.0395,66.6129,234.2928,0.2849,0.1989
2015-05-04T00:21:59.801Z,598.4901,928.1824,233.7817,3.9818,0.4244,602.6009,899.6903,229.8343,3.9263,0.3432,1033.3878,1380.7427,233.7146,5.925,0.7687
2015-05-04T00:22:59.118Z,1172.0057,1626.0117,232.8607,6.9828,0.7203,1216.9425,1648.8694,229.3401,7.1889,0.7381,1763.1692,2314.1968,232.5713,9.9502,0.7616
2015-05-04T00:23:59.297Z,1206.2771,1623.6963,232.2474,6.9919,0.7431,1267.9161,1722.3209,231.5916,7.4374,0.7362,1727.5201,2290.1146,231.6673,9.8847,0.7544
2015-05-04T00:24:59.570Z,1237.441,1644.1429,231.8617,7.0913,0.7513,1294.4839,1743.1563,231.2964,7.5363,0.7421,1746.8523,2295.4357,231.0814,9.9337,0.7606
2015-05-04T00:25:59.727Z,1268.0991,1676.6875,232.4131,7.2131,0.757,1322.9276,1777.3848,231.7045,7.6711,0.7437,1770.777,2320.9556,231.8117,10.0119,0.7616
2015-05-04T00:26:59.102Z,1271.0207,1681.3538,232.273,7.2386,0.757,1357.4306,1804.8144,232.4915,7.7626,0.7517,1795.2977,2357.7987,232.339,10.1478,0.7605
2015-05-04T00:27:59.415Z,1298.1561,1699.0478,231.59,7.3364,0.764,1377.9371,1813.1034,231.812,7.8213,0.7604,1819.6567,2363.8633,231.588,10.2069,0.7697
2015-05-04T00:28:59.621Z,1327.9415,1721.7526,231.0937,7.4503,0.7706,1387.074,1816.7175,231.2548,7.8563,0.7635,1835.5098,2357.1851,230.5416,10.2245,0.7793
2015-05-04T00:29:59.822Z,1338.7189,1734.6855,230.7986,7.5157,0.7707,1405.1847,1821.3474,231.1052,7.8809,0.7708,1864.8545,2386.7431,230.8919,10.3367,0.7802
2015-05-04T00:30:59.081Z,1345.6697,1734.3298,230.4149,7.5268,0.7768,1434.4332,1845.1167,231.237,7.9793,0.7774,1876.9982,2403.2748,230.7677,10.4146,0.7801
2015-05-04T00:31:59.223Z,1380.8975,1761.379,230.4392,7.6435,0.7834,1479.89,1885.1907,231.1967,8.154,0.7847,1909.4065,2435.4804,230.6717,10.5582,0.7827
2015-05-04T00:32:59.386Z,1344.5576,1730.3455,230.6209,7.5028,0.7766,1439.4474,1851.7816,231.3544,8.0039,0.7766,1868.54,2396.0294,230.8736,10.378,0.7809
2015-05-04T00:33:59.514Z,1311.1121,1699.1634,230.6994,7.3649,0.7713,1407.3527,1816.703,230.8952,7.8673,0.7738,1838.7789,2367.1339,230.8967,10.2518,0.7788
2015-05-04T00:34:59.602Z,1318.2998,1697.0722,230.1857,7.3719,0.7774,1418.2131,1820.0986,230.6855,7.8903,0.7797,1841.405,2360.185,230.3505,10.2464,0.78
2015-05-04T00:35:59.955Z,379.5034,536.1612,232.1371,2.3224,0.2819,384.4464,548.1276,232.3479,2.3712,0.1224,638.4219,810.8788,232.6889,3.5126,0.6879
2015-05-04T00:36:59.228Z,7.1936,70.7383,233.5019,0.3033,0.104,-7.9771,63.9648,232.0782,0.2761,-0.1259,11.146,65.3462,233.6427,0.2791,0.1711
2015-05-04T00:37:59.456Z,6.6416,70.8416,233.5654,0.3033,0.0953,-7.6508,64.0165,230.1064,0.2777,-0.1205,11.8251,64.4825,233.5303,0.2763,0.1857
2015-05-04T00:38:59.882Z,7.005,70.2942,233.2966,0.3015,0.1003,-8.1522,62.0537,232.5566,0.2665,-0.1313,11.2638,65.2315,232.4071,0.2807,0.1739
2015-05-04T00:39:59.059Z,6.7419,69.4691,232.512,0.2989,0.0974,-7.2749,61.6684,232.9604,0.2649,-0.1252,11.4182,63.3926,232.4153,0.2729,0.1831
2015-05-04T00:40:59.236Z,7.0379,69.8655,232.7076,0.3005,0.1011,-7.7033,63.7079,232.8721,0.2732,-0.1253,11.6036,62.1301,232.7062,0.2672,0.1888
2015-05-04T00:41:59.486Z,6.3664,71.1824,232.9607,0.3053,0.0908,-7.422,61.9825,232.9613,0.2663,-0.1219,11.6085,65.2257,232.8984,0.2801,0.1797
2015-05-04T00:42:59.754Z,6.8838,70.3714,232.6969,0.302,0.0987,-7.546,63.9921,232.8841,0.2752,-0.1191,11.2013,64.8736,232.6022,0.2795,0.1735
2015-05-04T00:43:59.089Z,5.9601,69.9848,232.993,0.3,0.0852,-7.6606,63.5774,233.1272,0.2724,-0.1224,11.434,65.1766,232.9356,0.2803,0.1747
2015-05-04T00:44:59.340Z,6.6107,70.3987,232.7611,0.3025,0.0951,-7.5751,62.6746,233.0607,0.2689,-0.1253,11.6027,65.0863,232.8166,0.2791,0.1796
2015-05-04T00:45:59.601Z,6.6817,69.8404,232.8138,0.2999,0.0979,-7.404,63.5987,232.9385,0.273,-0.1207,11.318,63.4447,232.1448,0.2736,0.1792
2015-05-04T00:46:59.852Z,6.4321,69.998,233.341,0.2998,0.0941,-7.3587,63.6358,233.152,0.2724,-0.1166,11.2116,64.1966,232.1927,0.2763,0.1752
2015-05-04T00:47:59.189Z,6.0963,70.527,233.2934,0.3023,0.087,-7.5764,64.6804,233.2109,0.2771,-0.1194,11.8607,63.157,232.3052,0.2713,0.1877
2015-05-04T00:48:59.554Z,6.6625,71.1802,233.2523,0.3052,0.0948,-7.2843,62.8551,232.6146,0.2702,-0.1177,11.2155,64.0934,232.7568,0.275,0.1753
2015-05-04T00:49:59.805Z,6.5309,69.2131,233.3401,0.2967,0.0956,-8.0929,61.8456,232.7145,0.2657,-0.1337,11.3992,63.6311,232.8686,0.2732,0.1813
2015-05-04T00:50:59.069Z,6.8032,70.6087,233.8127,0.3019,0.0978,-7.0937,64.0389,232.7516,0.2752,-0.1111,11.1596,64.5387,232.7189,0.277,0.1741
2015-05-04T00:51:59.351Z,7.3569,70.598,233.8602,0.3015,0.1046,-7.5693,63.86,233.293,0.2736,-0.12,11.5743,63.3622,232.3062,0.2724,0.1838
2015-05-04T00:52:59.559Z,6.2992,70.1609,233.3508,0.3009,0.0913,-7.4142,64.3392,233.2573,0.2757,-0.1176,11.527,64.6862,232.2404,0.2788,0.1795
2015-05-04T00:53:59.920Z,7.0549,70.0333,232.9685,0.3009,0.1033,-7.3596,62.3227,232.9702,0.2676,-0.1223,10.8049,63.1849,232.0482,0.2722,0.1747
2015-05-04T00:54:59.192Z,6.6638,69.4103,233.0407,0.2976,0.0981,-7.0002,62.6213,233.0594,0.2683,-0.1188,11.2138,63.0654,232.0282,0.272,0.1843
2015-05-04T00:55:59.406Z,6.5762,70.1012,232.4365,0.3016,0.0956,-7.6724,62.2953,232.3015,0.2677,-0.1238,11.4249,63.5422,232.4908,0.2733,0.1789
2015-05-04T00:56:59.727Z,7.0809,70.8477,232.3587,0.3053,0.1011,-7.4422,63.7273,232.2714,0.2742,-0.118,11.0769,66.0223,232.6522,0.2836,0.1688
2015-05-04T00:57:59.933Z,6.5176,70.5913,231.9135,0.3043,0.0935,-7.8379,62.7853,231.8336,0.2705,-0.1255,11.2368,64.2746,232.2221,0.2767,0.1761
2015-05-04T00:58:59.238Z,6.2076,70.8413,232.2943,0.3046,0.0891,-7.2506,62.7281,232.1682,0.2703,-0.1166,11.4644,65.2833,232.4863,0.2804,0.1751
2015-05-04T00:59:59.410Z,5.7473,70.855,232.432,0.3049,0.0816,-7.5427,62.238,232.4137,0.2682,-0.1282,11.7588,63.3302,232.4653,0.2727,0.1886
2015-05-04T01:00:59.595Z,6.5247,67.9754,232.5916,0.2922,0.1,-7.8401,61.5148,232.372,0.2643,-0.1289,11.7582,62.4962,232.9178,0.2682,0.192
2015-05-04T01:01:59.860Z,7.0836,70.6843,232.9035,0.3037,0.1015,-7.2273,62.94,232.9189,0.2696,-0.117,11.0503,64.3856,233.5581,0.2762,0.1734
2015-05-04T01:02:59.124Z,6.69,70.2766,233.2209,0.3007,0.0952,-7.8468,64.4609,233.0072,0.276,-0.1246,11.0082,64.2757,233.7668,0.2748,0.1716
2015-05-04T01:03:59.372Z,6.4499,70.623,233.4352,0.3019,0.0922,-7.5487,63.7786,232.8775,0.2744,-0.119,11.3073,64.33,234.0111,0.2749,0.1766
2015-05-04T01:04:59.612Z,6.9774,70.1978,233.0286,0.3014,0.1012,-7.181,62.1614,232.2586,0.2675,-0.1184,10.9533,62.6362,233.5438,0.2676,0.1812
2015-05-04T01:05:59.827Z,6.5171,70.6018,232.71,0.303,0.0926,-7.5365,61.3121,232.3487,0.2637,-0.1234,11.8182,63.555,233.3751,0.2726,0.1847
2015-05-04T01:06:59.988Z,7.2701,70.5171,233.6666,0.3012,0.1038,-7.3421,62.6997,232.5591,0.269,-0.1196,11.4398,63.7256,232.5767,0.2744,0.1816
2015-05-04T01:07:59.280Z,6.0485,70.3673,233.3508,0.3016,0.0865,-7.681,61.8929,231.7421,0.267,-0.1254,11.8794,65.3763,232.3513,0.2812,0.1813
2015-05-04T01:08:59.707Z,6.7903,68.443,233.3046,0.2933,0.1009,-7.3434,61.2273,229.7993,0.2668,-0.1267,11.2625,65.7666,234.233,0.281,0.1747
2015-05-04T01:09:59.069Z,6.841,69.6152,232.6676,0.299,0.0999,-7.7899,61.6716,230.2014,0.2682,-0.1281,11.7123,64.2313,233.8527,0.2748,0.1833
2015-05-04T01:10:59.391Z,6.9113,71.4273,232.263,0.3076,0.0974,-7.7681,63.7825,232.8322,0.2738,-0.1231,11.3058,64.7891,233.4831,0.2776,0.1744
2015-05-04T01:11:59.600Z,6.1471,69.4534,231.9655,0.2992,0.0907,-7.4479,62.4617,233.241,0.268,-0.1204,11.6018,66.31,233.3836,0.2842,0.1741
2015-05-04T01:12:59.793Z,6.7066,70.2187,231.5729,0.3033,0.0966,-7.857,62.5827,233.6722,0.2684,-0.1262,11.5324,63.7087,233.3409,0.2726,0.182
2015-05-04T01:13:59.957Z,7.077,69.4662,231.1519,0.3004,0.1029,-7.7334,62.7075,234.3334,0.2675,-0.1251,11.3263,63.2713,234.0251,0.27,0.1802
2015-05-04T01:14:59.222Z,6.3632,68.4573,231.8048,0.2953,0.0946,-7.5536,63.1236,233.6174,0.2702,-0.121,11.2623,63.1309,233.7977,0.27,0.1813
2015-05-04T01:15:59.480Z,5.8716,69.794,232.4224,0.3003,0.0837,-7.4299,62.621,233.9381,0.2679,-0.1182,10.9288,65.0202,234.2867,0.2775,0.17
2015-05-04T01:16:59.868Z,5.8092,70.1939,232.7627,0.3017,0.0823,-7.7313,63.7587,233.6089,0.2729,-0.1216,11.8312,65.9949,234.428,0.2813,0.1788
2015-05-04T01:17:59.118Z,6.6942,71.0986,233.4691,0.3044,0.0942,-7.1706,63.9403,233.4519,0.2739,-0.1127,11.304,64.1607,234.3294,0.2739,0.1772
2015-05-04T01:18:59.276Z,6.6832,69.79,232.9465,0.2992,0.0963,-7.8188,61.3616,232.6568,0.2637,-0.1307,11.8065,64.2333,234.3922,0.2744,0.1864
2015-05-04T01:19:59.377Z,6.93,71.3116,233.3341,0.3056,0.0979,-7.9313,61.99,232.6603,0.2666,-0.1277,11.3581,63.0218,234.7999,0.2685,0.181
2015-05-04T01:20:59.651Z,6.4366,70.1133,233.346,0.3003,0.0916,-7.4634,62.7762,232.7697,0.2698,-0.1207,11.8811,65.9737,234.5784,0.2814,0.1799
2015-05-04T01:22:59.273Z,6.4659,70.2965,233.5299,0.3011,0.0937,-7.3159,63.8713,233.099,0.274,-0.1167,11.5691,64.9598,234.6523,0.277,0.1792
2015-05-04T01:23:59.470Z,6.7489,69.5679,233.5433,0.2984,0.0986,-7.6856,61.5952,233.04,0.2645,-0.1278,11.5025,64.293,234.3213,0.2742,0.1785
2015-05-04T01:24:59.652Z,6.3731,70.3651,233.3855,0.301,0.0918,-7.3802,63.7476,232.26,0.2747,-0.1165,10.9266,65.4642,234.2066,0.2796,0.168
2015-05-04T01:25:59.854Z,6.976,70.4625,233.2399,0.3016,0.1002,-7.7912,61.1602,232.611,0.2629,-0.1275,11.5933,64.0866,233.6254,0.274,0.1818
2015-05-04T01:26:59.969Z,6.8825,70.5215,233.4541,0.3023,0.0984,-8.2754,61.9704,231.7234,0.2673,-0.1365,11.3233,63.4167,233.9416,0.2714,0.1793
2015-05-04T01:27:59.153Z,6.7241,71.1197,233.7622,0.3049,0.0951,-8.3519,61.9772,230.2731,0.2692,-0.1349,11.888,65.0204,234.8879,0.2763,0.183
2015-05-04T01:28:59.301Z,6.5399,69.8036,233.1558,0.2992,0.0957,-8.0557,62.0598,232.7002,0.2669,-0.1336,11.0837,63.1448,234.0037,0.2697,0.1774
2015-05-04T01:29:59.381Z,6.5597,69.7255,232.6359,0.3,0.0969,-7.4351,60.928,232.9784,0.2615,-0.1251,11.2093,64.0584,233.4093,0.2743,0.1774
2015-05-04T01:30:59.645Z,6.785,70.4653,232.6071,0.3033,0.0982,-7.5634,63.2388,232.5323,0.272,-0.1209,11.3912,63.7198,232.6876,0.2737,0.1797
2015-05-04T01:31:59.939Z,6.3923,70.167,232.5886,0.3014,0.0915,-7.0915,62.5014,232.5232,0.2688,-0.1173,11.4679,64.2727,232.6471,0.2767,0.1789
2015-05-04T01:32:59.337Z,6.0947,71.2349,232.9998,0.3054,0.0868,-7.5257,62.6046,232.1904,0.2694,-0.1262,11.0743,63.4144,233.1688,0.2723,0.1761
2015-05-04T01:33:59.674Z,6.2163,69.9464,232.5532,0.301,0.0896,-7.879,62.5249,231.9746,0.2695,-0.1268,10.7727,65.3147,232.8888,0.2805,0.1666
2015-05-04T01:34:59.799Z,6.5033,70.1834,232.5111,0.3019,0.0932,-7.7395,61.5674,231.7412,0.2659,-0.1268,11.4416,63.7908,232.9733,0.274,0.1799
2015-05-04T01:35:59.914Z,6.8173,70.1149,232.5177,0.3018,0.0991,-7.8995,62.2042,232.6303,0.2671,-0.1281,11.0857,63.9619,233.3844,0.2742,0.1733
2015-05-04T01:36:59.436Z,6.3436,69.7183,232.4909,0.3,0.0937,-7.1662,61.7431,233.1182,0.2651,-0.1191,11.9021,62.6857,233.222,0.2688,0.1952
2015-05-04T01:37:59.806Z,6.3088,70.1835,232.7864,0.3013,0.0903,-7.6759,63.6607,233.3738,0.2724,-0.1223,11.7027,65.6354,233.4262,0.2813,0.1791
2015-05-04T01:38:59.197Z,5.9401,71.1096,233.1176,0.305,0.0846,-7.426,64.3733,233.3344,0.2766,-0.1164,11.2649,65.2116,233.6383,0.2796,0.173
2015-05-04T01:39:59.493Z,6.6914,70.1623,232.4927,0.3014,0.0964,-7.1223,63.8813,233.2203,0.274,-0.1129,11.3547,63.9025,233.2698,0.2741,0.1778
2015-05-04T01:40:59.823Z,6.6816,70.4308,232.6499,0.3026,0.0955,-7.8246,64.9246,233.4876,0.2776,-0.1222,12.0091,64.9633,233.336,0.2788,0.1854
2015-05-04T01:41:59.062Z,7.0348,69.7434,233.1922,0.2992,0.1019,-7.2643,62.4386,233.9398,0.267,-0.1188,11.5583,63.2271,233.05,0.2712,0.1842
2015-05-04T01:42:59.302Z,5.7984,70.013,233.1873,0.3003,0.0823,-7.6416,62.5243,233.7448,0.2674,-0.1223,10.9516,65.1845,232.8011,0.2801,0.1696
2015-05-04T01:43:59.546Z,6.6001,70.62,233.33,0.3028,0.0937,-7.756,62.3509,233.8198,0.2667,-0.126,11.7008,64.7209,232.8161,0.2787,0.1814
2015-05-04T01:44:59.757Z,6.8562,70.6389,233.2656,0.3037,0.099,-7.0615,64.6095,233.5681,0.2767,-0.1116,11.4314,65.0576,232.5354,0.2799,0.1767
2015-05-04T01:45:59.096Z,6.6487,70.6393,233.1156,0.3032,0.0956,-7.2287,63.8109,233.8049,0.2727,-0.1148,11.7647,65.2577,233.1071,0.2798,0.1812
2015-05-04T01:46:59.414Z,6.3875,70.21,233.3919,0.3007,0.0913,-7.4484,61.393,233.4231,0.2633,-0.1277,11.7414,63.4977,233.4766,0.2724,0.1899
2015-05-04T01:47:59.720Z,6.3447,70.0775,233.115,0.3005,0.0908,-7.32,64.8642,233.4951,0.2776,-0.1146,11.1747,64.9988,233.3868,0.2786,0.1721
2015-05-04T01:48:59.065Z,6.6187,70.5137,233.2518,0.3023,0.0953,-7.2962,64.3262,233.5387,0.2751,-0.1152,11.6346,64.2949,233.7008,0.2754,0.182
2015-05-04T01:49:59.241Z,6.7858,71.1711,233.2386,0.3054,0.097,-7.6467,63.5113,233.3512,0.2726,-0.1229,11.2845,63.7276,233.534,0.2731,0.1793
2015-05-04T01:50:59.410Z,6.6786,69.6284,233.1359,0.2985,0.0964,-7.2858,63.543,233.3945,0.2724,-0.1185,11.0697,62.2718,233.32,0.2663,0.1823
2015-05-04T01:51:59.601Z,6.494,70.6425,232.7467,0.3031,0.0941,-7.587,62.9181,232.8981,0.2708,-0.122,11.5273,64.6282,233.1273,0.2777,0.1798
2015-05-04T01:52:59.891Z,6.6347,70.6349,232.4977,0.3038,0.0938,-7.3162,63.9707,233.0426,0.2749,-0.1166,11.7963,64.6639,233.4383,0.2774,0.1833
2015-05-04T01:53:59.244Z,6.791,70.3256,232.7834,0.3019,0.098,-7.3739,63.4976,233.0101,0.2727,-0.1167,11.707,66.3096,233.5271,0.2836,0.1789
2015-05-04T01:54:59.495Z,6.6936,70.4519,232.4727,0.303,0.0954,-7.6024,63.3415,232.99,0.272,-0.1237,11.5265,63.7887,233.8658,0.2726,0.1816
2015-05-04T01:55:59.695Z,6.9284,70.4832,232.8166,0.3026,0.0998,-7.8924,64.4474,233.589,0.2755,-0.1241,11.4975,64.3307,234.1741,0.2745,0.181
2015-05-04T01:56:59.989Z,6.4124,69.6456,232.9575,0.2987,0.0932,-8.0212,61.999,233.5149,0.2662,-0.1329,11.7097,64.0773,234.2375,0.2741,0.1868
2015-05-04T01:57:59.440Z,6.322,70.7151,232.8709,0.304,0.09,-7.1127,62.4674,233.6611,0.2674,-0.1142,11.8312,63.1903,234.0445,0.2699,0.1876
2015-05-04T01:58:59.815Z,6.8764,69.9824,232.8132,0.3009,0.0995,-7.4136,64.7498,233.4845,0.2775,-0.1153,11.6455,64.3856,234.011,0.2753,0.1823
2015-05-04T01:59:59.038Z,6.7871,69.6037,232.751,0.2987,0.0992,-7.5566,63.4157,233.3406,0.2718,-0.1198,11.0407,64.0831,233.9467,0.2742,0.172
2015-05-04T02:00:59.252Z,6.2498,65.7564,232.0447,0.2833,0.0985,-7.4625,61.7776,232.5708,0.2656,-0.1219,11.1264,63.3567,232.9837,0.2718,0.1791
2015-05-04T02:01:59.692Z,6.3163,70.157,232.35,0.3024,0.0903,-7.6957,62.9327,232.8774,0.2704,-0.1255,11.1629,64.4001,233.4415,0.2764,0.175
2015-05-04T02:02:59.970Z,6.3043,69.5766,232.5673,0.2988,0.0925,-7.8676,63.3273,233.192,0.2712,-0.1252,11.8711,63.6216,233.814,0.2722,0.1885
2015-05-04T02:03:59.264Z,6.3499,70.3483,232.7847,0.3026,0.0911,-7.5547,62.5128,233.2063,0.2678,-0.1234,11.6603,65.8839,233.8724,0.2816,0.179
2015-05-04T02:04:59.521Z,6.5984,71.0402,232.7552,0.3053,0.0944,-7.6408,61.7471,233.3484,0.2646,-0.1236,11.5837,63.2067,234.0011,0.2707,0.1837
2015-05-04T02:05:59.681Z,6.3178,69.5808,232.5702,0.2992,0.091,-7.7331,61.2274,233.002,0.2632,-0.1314,11.3855,64.7919,233.3322,0.2775,0.1782
2015-05-04T02:06:59.940Z,6.7363,70.4178,232.8889,0.3021,0.0975,-7.4184,61.8582,232.8025,0.2657,-0.1245,11.9218,64.0901,232.8151,0.2754,0.1887
2015-05-04T02:07:59.258Z,6.8112,70.6521,233.0842,0.303,0.0976,-7.4612,62.8229,232.9154,0.2698,-0.1199,11.1077,65.911,232.7301,0.283,0.1694
2015-05-04T02:08:59.577Z,6.8935,70.7731,233.2489,0.3033,0.0995,-7.5973,63.4671,232.9492,0.2726,-0.1229,11.1958,64.862,233.1638,0.2782,0.1726
2015-05-04T02:09:59.901Z,5.565,69.4924,231.9678,0.2995,0.0809,-7.6604,63.7199,231.2687,0.2754,-0.1228,11.0833,64.6175,232.8043,0.2775,0.1727
2015-05-04T02:10:59.164Z,6.5719,69.833,232.3096,0.3006,0.094,-7.3657,62.9626,231.6899,0.272,-0.1188,11.3644,64.3536,233.1649,0.2761,0.177
2015-05-04T02:11:59.549Z,6.9564,70.0304,232.8325,0.3011,0.1005,-7.8675,63.3724,231.8951,0.273,-0.1247,11.4258,63.8618,233.5188,0.2734,0.1789
2015-05-04T02:12:59.816Z,6.6053,71.4335,232.9356,0.3067,0.0925,-7.7638,63.1805,229.4833,0.2752,-0.1225,11.4962,65.3065,233.9964,0.2789,0.1778
2015-05-04T02:13:59.059Z,6.8461,70.6407,232.8276,0.3034,0.0972,-8.0529,63.1292,230.6576,0.274,-0.1301,11.5516,63.9568,233.8429,0.2737,0.1809
2015-05-04T02:14:59.430Z,6.4962,70.0904,232.7401,0.3014,0.093,-7.9289,63.703,232.2755,0.2741,-0.124,11.4399,63.9512,233.3423,0.2737,0.1799
2015-05-04T02:15:59.743Z,6.3556,70.8852,232.3579,0.3048,0.0914,-7.8101,64.2046,232.0041,0.2771,-0.1227,11.6448,63.8226,233.2275,0.2735,0.1882
2015-05-04T02:16:59.058Z,6.8072,69.8548,232.319,0.3006,0.0997,-7.5173,59.9808,232.4476,0.2584,-0.1309,11.8066,63.6121,233.098,0.2732,0.1894
2015-05-04T02:17:59.136Z,7.082,69.4835,231.3503,0.3004,0.1038,-8.1135,61.3474,232.9131,0.2634,-0.1315,11.4391,63.5091,233.6446,0.272,0.1804
2015-05-04T02:18:59.343Z,5.8826,68.2559,231.3533,0.2955,0.0866,-7.3895,62.0243,232.8332,0.2663,-0.123,11.0098,63.9133,233.4232,0.2737,0.1751
2015-05-04T02:19:59.584Z,6.3571,69.4112,230.9476,0.3003,0.093,-7.2499,62.324,233.0064,0.2676,-0.1177,11.5727,64.7601,232.9832,0.278,0.1805
2015-05-04T02:21:59.293Z,5.0003,70.4572,231.8015,0.3038,0.0714,-6.9495,62.7162,233.4325,0.2687,-0.1133,11.43,64.5324,232.9473,0.2769,0.1782
2015-05-04T02:22:59.569Z,4.8259,69.5564,232.3034,0.2995,0.0695,-6.9962,62.9509,233.2147,0.2699,-0.1126,11.5503,64.0809,233.1053,0.2752,0.1825
2015-05-04T02:23:59.862Z,5.0476,70.9592,232.2905,0.3055,0.071,-6.9399,62.8311,232.9601,0.2698,-0.1108,12.0824,64.4151,233.08,0.2764,0.1878
2015-05-04T02:24:59.137Z,4.9118,70.3976,232.2246,0.3031,0.0712,-6.8454,62.4611,232.2266,0.2696,-0.1097,11.967,64.8992,233.1213,0.2784,0.1843
2015-05-04T02:25:59.586Z,4.79,68.9559,231.8522,0.2977,0.0704,-7.1033,61.9602,231.3751,0.268,-0.1177,11.2987,63.2837,233.0775,0.2712,0.1826
2015-05-04T02:26:59.907Z,4.6919,70.1109,232.3222,0.3025,0.0679,-6.9637,63.5336,231.334,0.2746,-0.1098,11.3255,64.5534,233.3874,0.2768,0.1754
2015-05-04T02:27:59.193Z,4.8728,70.4968,232.9436,0.3028,0.0707,-7.015,62.8162,232.0656,0.2711,-0.1112,11.8987,64.1578,233.2469,0.2754,0.1867
2015-05-04T02:28:59.470Z,5.3173,69.9865,232.7142,0.3009,0.0774,-7.4647,64.0749,232.2688,0.2761,-0.1188,11.1054,63.7004,232.4821,0.2739,0.1779
2015-05-04T02:29:59.648Z,5.2502,70.614,232.9025,0.3031,0.076,-7.1914,62.8086,232.1634,0.2709,-0.1146,11.5205,64.9778,232.4137,0.2799,0.1777
2015-05-04T02:30:59.891Z,4.6927,69.1995,232.7056,0.2973,0.0684,-7.0854,63.1657,232.8644,0.2711,-0.1163,11.5077,63.1937,231.5358,0.2727,0.1856
2015-05-04T02:31:59.143Z,4.8282,69.4116,232.4723,0.2986,0.0707,-7.1971,62.3202,233.0972,0.2678,-0.117,11.2327,63.3921,231.601,0.274,0.1784
2015-05-04T02:32:59.345Z,5.2446,70.3898,232.0199,0.3032,0.0758,-6.9992,62.3746,233.0312,0.268,-0.1126,11.1748,63.0712,231.8542,0.2716,0.1777
2015-05-04T02:33:59.675Z,5.1618,69.3845,231.955,0.2993,0.0749,-7.1207,63.8279,232.6485,0.2741,-0.1155,11.694,64.553,232.4233,0.2776,0.1822
2015-05-04T02:34:59.769Z,5.0766,70.2734,231.5366,0.3037,0.073,-7.4507,61.6199,232.4752,0.2652,-0.1227,11.2964,63.3886,232.7288,0.2727,0.1787
2015-05-04T02:35:59.889Z,4.3848,70.44,231.5467,0.304,0.0636,-7.1748,60.9553,232.716,0.2623,-0.1205,11.559,62.823,233.021,0.2699,0.188
2015-05-04T02:36:59.091Z,6.8113,69.5653,231.1308,0.3006,0.0983,-7.646,62.618,232.4989,0.2691,-0.1214,11.3881,63.5643,232.7942,0.273,0.1794
2015-05-04T02:37:59.400Z,5.9665,70.0679,231.3974,0.3025,0.0862,-7.4774,62.8156,232.824,0.2692,-0.1189,11.2701,64.9652,233.0304,0.2786,0.1745
2015-05-04T02:38:59.681Z,6.3468,70.7435,231.3913,0.3054,0.091,-7.71,62.2924,232.9559,0.2674,-0.1232,12.0884,66.1882,232.9589,0.284,0.184
2015-05-04T02:39:59.976Z,6.5697,70.3308,231.7759,0.3035,0.0948,-7.6187,63.631,233.0393,0.2726,-0.1213,11.4085,64.8998,233.2171,0.2783,0.1763
2015-05-04T02:40:59.289Z,6.4766,70.2843,231.7038,0.3029,0.0924,-7.8119,63.2366,232.5377,0.272,-0.1273,11.8752,63.4498,232.8391,0.272,0.1942
2015-05-04T02:41:59.623Z,6.557,69.4779,230.9557,0.3009,0.0957,-7.8349,62.3732,232.1655,0.2689,-0.1274,11.8003,63.7858,231.8445,0.2752,0.1865
2015-05-04T02:42:59.878Z,7.0054,70.791,230.0411,0.3075,0.1004,-7.6864,62.4387,232.3798,0.2685,-0.127,11.302,63.6781,231.1886,0.2755,0.1775
2015-05-04T02:43:59.106Z,6.4343,69.3144,230.2128,0.3011,0.0934,-7.4931,62.9692,232.2592,0.2712,-0.1189,11.3794,64.5787,232.1133,0.278,0.1783
2015-05-04T02:44:59.661Z,6.0677,69.285,230.4755,0.3004,0.0884,-7.7041,63.2835,232.2062,0.2728,-0.1234,11.3278,64.123,232.4109,0.2759,0.1795
2015-05-04T02:45:59.963Z,6.0774,68.176,231.4847,0.2944,0.0901,-7.772,61.6092,232.4813,0.2655,-0.1287,11.7385,64.0419,232.5003,0.2754,0.1873
2015-05-04T02:46:59.274Z,6.054,70.3923,231.8772,0.3039,0.0879,-7.1958,63.4191,232.4083,0.2724,-0.1153,11.1064,63.3248,233.0302,0.2719,0.1794
2015-05-04T02:47:59.484Z,6.8093,70.0627,231.8377,0.3024,0.0964,-7.3798,62.6185,232.5369,0.2688,-0.1191,11.4532,65.0416,233.12,0.2787,0.1771
2015-05-04T02:48:59.671Z,6.1659,70.8017,231.5124,0.3062,0.0884,-7.7311,63.1217,232.593,0.2713,-0.1245,11.3635,64.3429,233.189,0.2754,0.1784
2015-05-04T02:49:59.062Z,6.0017,70.4333,231.5318,0.3039,0.0845,-7.7503,63.6763,231.8338,0.2749,-0.1224,11.6792,65.358,232.4169,0.2811,0.1792
2015-05-04T02:50:59.503Z,5.9518,68.1943,231.2,0.2945,0.087,-7.3076,63.679,231.7279,0.275,-0.1174,11.8965,62.9804,232.0836,0.2711,0.1907
2015-05-04T02:51:59.723Z,6.2455,70.2229,231.2515,0.3038,0.0885,-7.0385,63.3281,231.794,0.2737,-0.114,11.8438,63.6618,232.3656,0.2736,0.1886
2015-05-04T02:52:59.080Z,6.6727,69.1436,231.3103,0.2991,0.0974,-7.5126,64.0467,231.7766,0.2762,-0.12,11.657,63.5332,232.7337,0.2727,0.184
2015-05-04T02:53:59.455Z,6.8213,69.7564,231.5727,0.3009,0.0993,-7.38,62.9752,231.5918,0.272,-0.1175,11.3391,64.2803,232.6199,0.2763,0.1767
2015-05-04T02:54:59.803Z,6.7989,70.3609,231.9019,0.3031,0.0995,-8.2324,61.067,228.9114,0.2675,-0.139,11.8042,65.4403,233.4325,0.2804,0.1827
2015-05-04T02:55:59.129Z,6.0233,69.933,231.66,0.3019,0.0863,-7.6553,62.6037,230.6348,0.2717,-0.1293,10.8588,65.2486,232.7903,0.2801,0.1699
2015-05-04T02:56:59.371Z,6.5475,70.2705,231.3038,0.3033,0.0936,-7.8357,62.848,231.4924,0.2722,-0.1279,11.5758,64.8186,232.3441,0.2787,0.1802
2015-05-04T02:57:59.582Z,6.3138,70.2911,231.5576,0.3033,0.091,-7.1077,61.7495,231.4099,0.2669,-0.116,11.4619,64.278,232.7588,0.2763,0.1802
2015-05-04T02:58:59.874Z,6.5159,70.1653,231.5113,0.303,0.093,-7.6079,61.7207,231.3618,0.266,-0.1247,11.7592,64.1407,232.4916,0.2758,0.1836
2015-05-04T02:59:59.124Z,6.6976,68.8657,231.4668,0.2972,0.0981,-6.9596,59.8549,231.0732,0.2593,-0.1216,11.3511,62.5813,232.1452,0.2697,0.1882
