2015-04-23T00:00:59.135Z,7.0121,68.2274,232.5186,0.2934,0.1046,-7.4089,63.5316,233.8427,0.272,-0.119,10.7669,63.9291,233.3495,0.2742,0.1693
2015-04-23T00:01:59.976Z,6.3161,70.7474,232.036,0.3046,0.0899,-7.2591,62.6359,232.5625,0.269,-0.1158,10.7329,65.1989,232.8423,0.2803,0.1659
2015-04-23T00:02:59.138Z,7.1456,70.7557,232.7766,0.3043,0.1022,-8.0182,62.5525,231.7192,0.2704,-0.1302,11.2874,63.2216,232.6533,0.2719,0.1792
2015-04-23T00:03:59.397Z,7.4023,70.0133,233.4744,0.2998,0.1067,-7.5571,62.8602,232.0378,0.2711,-0.124,11.2252,62.8286,234.129,0.268,0.18
2015-04-23T00:04:59.727Z,7.7151,69.1113,232.9734,0.297,0.1134,-7.5568,63.4697,231.5304,0.2747,-0.126,11.31,63.0964,233.9155,0.2699,0.1813
2015-04-23T00:05:59.002Z,6.7869,69.9175,233.1524,0.2998,0.0966,-7.5745,63.5617,231.5587,0.2746,-0.1211,10.8135,63.168,234.2464,0.2701,0.1724
2015-04-23T00:06:59.258Z,7.1439,70.4473,233.5843,0.3016,0.1032,-7.2613,63.4163,232.0529,0.2729,-0.116,11.5841,64.5107,234.5973,0.2753,0.1792
2015-04-23T00:07:59.791Z,6.6963,71.2131,233.8067,0.3049,0.0949,-7.0901,63.5379,232.6491,0.2729,-0.114,11.3301,64.3698,235.1262,0.2738,0.1763
2015-04-23T00:08:59.941Z,6.6388,69.7233,233.8155,0.2978,0.0974,-7.8005,60.2302,232.9867,0.2586,-0.1355,11.5074,63.2488,235.907,0.2689,0.185
2015-04-23T00:09:59.485Z,7.5568,70.7912,233.261,0.3039,0.1082,-7.6658,61.4022,231.7836,0.2647,-0.1297,11.7808,65.0524,235.6496,0.2764,0.1838
2015-04-23T00:10:59.077Z,6.8463,70.7928,233.9052,0.3026,0.0982,-7.1118,63.228,231.6637,0.2727,-0.1137,11.3292,65.2342,234.4824,0.2774,0.1743
2015-04-23T00:11:59.336Z,6.9897,71.2727,233.7273,0.3046,0.0997,-7.625,62.043,232.7672,0.2664,-0.1235,11.2251,64.2502,235.2684,0.2734,0.1755
2015-04-23T00:12:59.571Z,6.6386,69.8733,233.7387,0.2984,0.097,-7.7841,62.586,232.5387,0.2688,-0.1252,11.5864,64.7566,234.7129,0.2756,0.1795
2015-04-23T00:13:59.696Z,7.2823,69.0957,233.5679,0.2954,0.1068,-8.2785,60.9886,232.871,0.2624,-0.1355,11.704,65.5055,234.7388,0.2792,0.18
2015-04-23T00:14:59.059Z,7.1569,70.6898,233.939,0.3019,0.102,-7.5703,63.5312,233.3591,0.272,-0.1206,11.0639,65.5506,234.902,0.2787,0.1685
2015-04-23T00:15:59.733Z,6.8987,70.7201,233.733,0.3024,0.0983,-8.0425,64.4186,234.1602,0.2748,-0.1274,11.7458,65.2812,235.6202,0.2774,0.1817
2015-04-23T00:16:59.936Z,6.9833,70.6291,233.9763,0.3015,0.0997,-7.8062,63.0349,233.9378,0.2701,-0.1257,11.329,66.0966,236.3482,0.2795,0.1728
2015-04-23T00:17:59.237Z,6.8615,71.0069,234.2513,0.3027,0.0962,-8.2029,62.1701,231.8354,0.2684,-0.1333,11.6679,66.5439,236.876,0.2809,0.1765
2015-04-23T00:18:59.941Z,7.1442,69.7443,234.3352,0.2966,0.104,-7.5279,62.9909,232.0414,0.2713,-0.1247,11.4268,64.4776,236.9785,0.2715,0.1803
2015-04-23T00:19:59.349Z,7.0829,70.4489,234.3604,0.3004,0.1007,-7.7091,63.2559,234.8656,0.2692,-0.1216,11.4069,64.3,236.5004,0.2717,0.1788
2015-04-23T00:20:59.934Z,7.1325,70.5762,233.7601,0.3015,0.1038,-7.4803,64.9422,234.3364,0.2774,-0.115,11.1945,65.0497,235.9107,0.2757,0.1737
2015-04-23T00:21:59.697Z,6.9147,70.5146,231.7269,0.304,0.0984,-7.6077,63.0966,231.9831,0.2719,-0.1223,11.3401,63.6187,233.9235,0.2721,0.1784
2015-04-23T00:22:59.839Z,6.8848,70.4435,231.1856,0.3041,0.0996,-7.7469,61.0122,231.5951,0.2636,-0.1276,10.9395,64.1501,233.3409,0.2754,0.1722
2015-04-23T00:23:59.391Z,6.7461,69.3263,230.9051,0.3004,0.099,-7.7011,62.6357,231.3592,0.2706,-0.1273,10.9864,63.8244,233.1609,0.2738,0.1752
2015-04-23T00:24:59.121Z,6.2556,70.7277,231.8432,0.3044,0.09,-7.3824,62.527,231.7658,0.2698,-0.1226,10.8429,64.2976,233.4065,0.2749,0.169
2015-04-23T00:25:59.348Z,6.3616,69.4908,231.7736,0.2996,0.0927,-7.2624,61.8232,231.754,0.2669,-0.1181,11.2235,63.0162,233.1274,0.27,0.1782
2015-04-23T00:26:59.771Z,6.9415,69.263,231.8643,0.2984,0.1016,-7.6618,59.9442,231.74,0.2589,-0.1275,11.2014,62.5527,233.1609,0.268,0.1791
2015-04-23T00:27:59.017Z,6.6273,68.826,231.3697,0.2978,0.0988,-7.0821,61.5078,231.2848,0.2659,-0.1171,11.0141,62.8837,232.6651,0.2701,0.1783
2015-04-23T00:28:59.250Z,7.1071,69.7782,231.6605,0.301,0.1032,-7.0942,62.1096,231.3192,0.269,-0.1197,10.8196,64.8027,232.8469,0.2787,0.1692
2015-04-23T00:29:59.608Z,6.8568,70.4703,231.5409,0.3046,0.0979,-7.2832,62.7903,231.3443,0.2714,-0.1202,11.2628,65.6224,232.7465,0.2818,0.1725
2015-04-23T00:30:59.190Z,6.6069,70.3152,231.451,0.3038,0.0947,-7.9679,61.9968,230.9031,0.2689,-0.1288,11.4202,64.8323,232.4577,0.2793,0.1768
2015-04-23T00:31:59.399Z,6.9609,68.7999,230.6562,0.2986,0.1025,-7.5643,62.1714,230.0165,0.2702,-0.1238,10.9635,63.3836,231.3782,0.274,0.1747
2015-04-23T00:32:59.813Z,6.7054,68.8684,230.494,0.2985,0.0982,-7.5233,61.917,229.7907,0.2691,-0.122,10.9041,66.0627,231.2691,0.2864,0.1653
2015-04-23T00:33:59.428Z,6.903,68.6676,230.6254,0.2982,0.1018,-7.4073,61.9952,229.8261,0.2696,-0.1224,11.11,62.6146,231.1133,0.271,0.1817
2015-04-23T00:34:59.933Z,6.8364,69.544,231.4224,0.3007,0.0979,-7.4192,62.084,230.3686,0.2691,-0.1187,10.6052,64.3622,231.1982,0.2786,0.1668
2015-04-23T00:35:59.138Z,7.1683,70.7517,231.6477,0.3053,0.1018,-7.3617,63.2463,230.7147,0.2746,-0.1182,11.2967,65.3908,231.2506,0.283,0.1737
2015-04-23T00:36:59.464Z,6.8533,70.5348,231.6103,0.3041,0.098,-7.5462,62.5012,230.8658,0.271,-0.1235,11.3764,64.1526,231.9182,0.2765,0.177
2015-04-23T00:37:59.850Z,6.7786,69.6076,230.2366,0.3023,0.098,-7.5627,62.9497,230.2663,0.2738,-0.1203,11.0687,64.9241,231.3609,0.2807,0.1714
2015-04-23T00:38:59.670Z,6.0948,68.6258,230.1152,0.2984,0.0898,-7.4347,63.033,231.4448,0.2724,-0.1234,10.9277,63.5315,231.9189,0.2744,0.1741
2015-04-23T00:39:59.057Z,6.7762,70.1296,229.844,0.3049,0.0964,-7.5881,64.7653,231.3332,0.28,-0.1207,10.9129,63.3898,232.1389,0.2733,0.173
2015-04-23T00:40:59.799Z,6.5115,70.0107,230.6104,0.3036,0.0949,-7.4601,62.4001,231.2659,0.2699,-0.1212,11.0216,64.6024,233.1662,0.2774,0.1717
2015-04-23T00:41:59.275Z,6.8796,69.8033,231.3071,0.3012,0.1007,-7.448,62.8976,231.5202,0.272,-0.1197,11.1854,64.9813,233.082,0.2784,0.1713
2015-04-23T00:42:59.641Z,7.138,69.9128,231.526,0.3021,0.1024,-7.8518,63.3273,231.5698,0.2736,-0.1253,11.1496,65.3246,233.001,0.281,0.1714
2015-04-23T00:43:59.359Z,6.8909,69.0723,231.9506,0.2978,0.1006,-7.2629,61.9271,231.5982,0.267,-0.1198,10.9118,63.5086,232.6683,0.2733,0.1744
2015-04-23T00:44:59.606Z,6.5071,70.653,231.8835,0.3042,0.093,-7.8718,63.497,231.5134,0.2742,-0.127,11.2983,63.4182,232.4102,0.2727,0.1777
2015-04-23T00:45:59.947Z,6.9124,71.7866,232.0754,0.3093,0.097,-7.7077,62.1264,231.3652,0.2686,-0.1262,10.9849,62.7456,232.2849,0.2705,0.1757
2015-04-23T00:46:59.684Z,6.7178,70.2808,232.6137,0.3023,0.0971,-7.1331,63.0781,231.6557,0.2728,-0.1156,10.6334,64.5323,232.6526,0.277,0.1649
2015-04-23T00:47:59.882Z,6.6939,68.8276,233.3308,0.2946,0.0997,-7.7292,60.9667,232.0866,0.2626,-0.1307,11.2083,62.1822,233.5975,0.2659,0.1845
2015-04-23T00:48:59.123Z,7.0852,68.0207,233.0882,0.2916,0.1046,-7.7206,60.7085,231.8658,0.2612,-0.1296,10.9567,63.2429,234.0964,0.2699,0.1744
2015-04-23T00:49:59.688Z,6.9718,69.577,232.3232,0.2992,0.1021,-7.6214,61.102,231.9892,0.2635,-0.1263,11.4023,63.1154,233.7205,0.2699,0.1813
2015-04-23T00:50:59.857Z,6.8957,68.1358,232.9498,0.2927,0.1036,-7.5846,59.354,232.4591,0.2553,-0.1288,10.9408,61.8682,232.3704,0.2666,0.1816
2015-04-23T00:51:59.115Z,5.299,70.0417,232.8086,0.3007,0.0772,-7.0366,62.6461,231.6772,0.2708,-0.1131,11.0382,63.3279,232.441,0.2728,0.1753
2015-04-23T00:52:59.343Z,5.4132,68.8008,232.3787,0.2963,0.0809,-7.423,62.7156,229.6177,0.2729,-0.121,11.4975,64.7556,234.3054,0.2763,0.1802
2015-04-23T00:53:59.947Z,5.8491,70.3925,232.2975,0.3026,0.0843,-7.3326,63.3529,232.1291,0.2726,-0.1191,11.2398,64.2863,233.5661,0.2757,0.1763
2015-04-23T00:54:59.242Z,5.0162,69.3459,231.9317,0.299,0.0726,-7.172,63.1177,232.7486,0.2712,-0.1136,11.0883,64.749,233.2479,0.2774,0.1727
2015-04-23T00:55:59.503Z,5.1914,70.6133,232.4852,0.3034,0.0746,-6.9379,63.4635,232.954,0.2724,-0.1112,11.3479,64.6251,233.5275,0.2771,0.1761
2015-04-23T00:56:59.842Z,5.3534,69.9814,232.3519,0.3012,0.0765,-7.1593,62.7779,232.6315,0.2697,-0.1165,11.0475,62.28,233.1353,0.2675,0.1808
2015-04-23T00:57:59.120Z,5.3129,67.1491,231.5508,0.2908,0.0826,-7.3636,60.5477,232.2209,0.2606,-0.127,11.0658,61.2337,232.7241,0.2631,0.1863
2015-04-23T00:58:59.958Z,5.4276,69.0577,230.4239,0.2992,0.0805,-7.3708,61.4585,232.2526,0.2643,-0.1216,11.4889,63.2125,232.746,0.2715,0.182
2015-04-23T00:59:59.222Z,4.8409,69.8216,229.9079,0.3042,0.0692,-7.4291,63.0552,231.7198,0.2727,-0.1188,10.6922,64.2494,231.9561,0.2764,0.1678
