2015-02-23T00:00:59.139Z,5.2688,66.3681,231.697,0.2866,0.0824,2.6394,61.253,232.3197,0.2629,0.0439,83.5598,103.6926,233.9647,0.4429,0.8073
2015-02-23T00:01:59.726Z,4.4486,69.5321,231.9749,0.2995,0.0665,2.5645,62.5138,231.1213,0.2704,0.0384,83.0563,102.8052,233.8376,0.4395,0.8086
2015-02-23T00:03:59.278Z,4.6777,68.4559,232.5316,0.2945,0.0687,2.4467,60.6874,230.9615,0.2631,0.0408,83.3971,104.1353,234.4178,0.4444,0.8014
2015-02-23T00:04:59.601Z,5.2834,69.1835,233.3487,0.2964,0.0779,1.9824,59.9325,229.52,0.2608,0.0328,83.9474,104.8166,234.8284,0.4464,0.8026
2015-02-23T00:05:59.831Z,5.7953,69.3347,233.2407,0.2971,0.0856,2.6943,61.8754,231.9953,0.2662,0.0425,83.3692,104.2033,234.0524,0.4448,0.8008
2015-02-23T00:06:59.100Z,4.7872,69.3007,233.3178,0.297,0.0684,2.6162,63.1939,231.7163,0.273,0.041,83.4006,103.2499,233.8866,0.4418,0.8079
2015-02-23T00:07:59.502Z,4.7729,69.7685,233.2678,0.299,0.0701,2.8996,61.6713,232.228,0.2658,0.0475,83.3681,103.6493,233.2321,0.4445,0.8054
2015-02-23T00:08:59.706Z,5.0555,70.5974,233.1973,0.3026,0.0731,2.7695,61.7158,232.5401,0.2657,0.0455,83.2933,103.4338,233.6836,0.4423,0.8059
2015-02-23T00:09:59.911Z,5.2941,67.966,232.8359,0.2911,0.0807,2.7867,59.8948,232.2997,0.2576,0.0472,82.9609,103.2645,233.4046,0.4425,0.8049
2015-02-23T00:10:59.178Z,5.3094,69.4497,232.6742,0.2984,0.0775,2.1549,59.3128,229.4365,0.2578,0.0362,83.0735,103.7826,233.586,0.4443,0.8011
2015-02-23T00:11:59.442Z,4.7927,69.7793,232.4116,0.3003,0.0707,2.5487,61.7461,228.972,0.2688,0.0416,83.2852,103.3698,234.1235,0.442,0.8065
2015-02-23T00:12:59.750Z,5.2824,68.4213,232.2341,0.2942,0.0786,2.6014,60.5854,229.2213,0.2645,0.0433,83.9146,104.4644,234.2191,0.4459,0.8045
2015-02-23T00:13:59.040Z,5.0663,69.0402,232.8143,0.297,0.0749,2.2974,59.931,232.459,0.2581,0.041,83.6832,103.0086,233.9368,0.4409,0.8136
2015-02-23T00:14:59.403Z,5.3907,69.8899,232.9016,0.2996,0.0786,2.5266,61.377,232.6703,0.2636,0.0411,83.2669,103.184,233.671,0.4412,0.8074
2015-02-23T00:15:59.706Z,5.5152,69.2427,232.0737,0.2978,0.0822,2.4275,61.6426,233.2397,0.2645,0.04,83.346,104.7585,233.9383,0.4478,0.7976
2015-02-23T00:16:59.921Z,5.6748,69.2533,231.292,0.299,0.0835,2.2976,61.9702,233.3499,0.2658,0.0362,83.4415,104.504,234.2736,0.4469,0.7995
2015-02-23T00:17:59.060Z,5.6752,69.0988,230.7519,0.2991,0.0828,2.296,63.2812,233.02,0.2716,0.0372,82.9287,103.2356,233.555,0.4427,0.8032
2015-02-23T00:18:59.309Z,5.3299,69.2555,230.6732,0.2999,0.0775,2.6323,61.6631,232.919,0.2651,0.0411,82.8632,104.2763,233.7313,0.4462,0.7962
2015-02-23T00:19:59.643Z,5.9392,68.6633,231.6998,0.2962,0.0882,2.6499,61.4525,232.2451,0.2648,0.044,83.003,103.2218,233.6077,0.4422,0.8051
2015-02-23T00:20:59.979Z,5.1636,68.9545,231.762,0.2975,0.0766,2.4893,60.1797,228.85,0.2633,0.0415,82.861,104.0252,233.6286,0.4447,0.7976
2015-02-23T00:21:59.221Z,5.2261,68.4276,230.7873,0.2965,0.0767,2.5139,62.0661,231.628,0.2681,0.0399,83.3243,104.2837,233.3012,0.4464,0.8004
2015-02-23T00:22:59.436Z,4.9783,69.3908,231.281,0.2999,0.0727,2.6387,62.1115,231.9401,0.2682,0.041,83.0868,104.0814,233.7303,0.445,0.7985
2015-02-23T00:23:59.693Z,4.8848,69.2713,232.3912,0.298,0.0725,2.5558,62.4033,232.6951,0.2685,0.0424,83.4123,103.0251,233.7836,0.4411,0.8102
2015-02-23T00:24:59.119Z,4.6413,68.5439,232.1116,0.2957,0.0689,2.6312,60.7193,232.2169,0.2617,0.0459,83.3811,103.3452,234.1423,0.4416,0.8078
2015-02-23T00:25:59.574Z,4.9649,68.1817,232.0205,0.2938,0.0737,2.2155,61.8039,232.2584,0.2657,0.0362,83.3562,104.8663,233.7446,0.4487,0.7953
2015-02-23T00:26:59.828Z,5.2648,70.1013,231.237,0.3037,0.0765,2.1922,59.6874,231.8322,0.2568,0.038,83.576,104.041,233.243,0.4463,0.8045
2015-02-23T00:27:59.130Z,5.0213,68.2757,231.1849,0.2949,0.0741,2.3084,60.4782,231.7061,0.2608,0.0403,82.1556,103.3737,232.5751,0.4442,0.796
2015-02-23T00:28:59.431Z,5.3351,68.0707,232.134,0.2929,0.0801,2.4721,60.6237,228.7276,0.2653,0.0429,83.5644,104.1823,234.0216,0.4454,0.8037
2015-02-23T00:29:59.834Z,4.5662,69.4316,232.0221,0.2989,0.0663,2.1032,60.8317,230.2296,0.2639,0.0359,83.4976,103.7105,234.1918,0.4434,0.8065
2015-02-23T00:30:59.162Z,4.6862,69.8223,231.7608,0.3009,0.067,2.586,61.5589,231.9997,0.2656,0.0423,82.5618,104.0174,233.3696,0.4461,0.795
2015-02-23T00:31:59.385Z,5.5922,70.0022,230.8778,0.3033,0.08,2.4288,62.2697,231.5265,0.2688,0.0384,82.5036,102.8909,232.7615,0.4422,0.8027
2015-02-23T00:32:59.661Z,5.2935,69.5864,230.9635,0.3013,0.0777,2.5519,61.7604,231.4847,0.2667,0.041,81.7268,102.2177,232.5108,0.4395,0.801
2015-02-23T00:33:59.028Z,4.9923,68.886,231.1787,0.2979,0.0742,2.1829,61.405,231.8253,0.2643,0.0376,82.7017,103.3476,233.4233,0.4426,0.8021
2015-02-23T00:34:59.519Z,4.9854,68.2045,230.3793,0.2959,0.0752,1.9255,61.822,232.1263,0.2662,0.0307,82.3792,102.4764,233.0232,0.4397,0.8049
2015-02-23T00:35:59.781Z,5.1643,68.3627,230.1511,0.2971,0.076,2.1946,63.4271,232.0554,0.2733,0.0356,82.6378,103.0533,232.7258,0.4429,0.8027
2015-02-23T00:36:59.084Z,5.3388,69.3938,230.1258,0.301,0.0788,2.2218,61.6476,232.3962,0.2652,0.0368,82.6823,103.9737,232.9739,0.4463,0.7957
2015-02-23T00:37:59.256Z,4.8519,69.5585,231.1408,0.3009,0.0699,2.4027,60.0631,232.0804,0.2593,0.0393,82.5137,102.4779,233.3833,0.4392,0.8056
2015-02-23T00:38:59.335Z,6.0318,68.6519,232.0574,0.2956,0.0908,2.2023,58.8018,232.4509,0.2529,0.0392,83.1615,102.2955,233.9104,0.4374,0.8137
2015-02-23T00:39:59.559Z,5.438,68.5402,231.584,0.2963,0.0804,3.0157,61.6635,232.281,0.2652,0.0496,83.2736,103.4181,234.2227,0.4414,0.8066
2015-02-23T00:40:59.019Z,5.1596,69.6931,231.6917,0.3007,0.0746,2.9331,60.6318,231.9577,0.2607,0.0503,83.3978,103.5026,234.3723,0.4417,0.8068
2015-02-23T00:41:59.297Z,4.3489,68.6823,231.295,0.2967,0.0643,2.3266,61.1043,232.277,0.2627,0.0378,82.9852,104.1972,233.4908,0.4466,0.7978
2015-02-23T00:42:59.454Z,4.4556,67.9959,230.837,0.2942,0.066,2.2681,61.3182,230.7031,0.2654,0.0356,83.0493,104.2354,233.59,0.4464,0.7976
2015-02-23T00:43:59.736Z,5.3868,68.3498,232.6937,0.2934,0.0787,2.3093,60.031,230.3555,0.2612,0.0389,84.5827,104.7436,235.4911,0.4444,0.8085
2015-02-23T00:44:59.953Z,5.0708,68.452,231.993,0.2953,0.0763,2.4091,60.5127,233.0641,0.2592,0.0402,84.0387,104.4122,234.4153,0.4457,0.8063
2015-02-23T00:45:59.190Z,5.3512,69.5321,232.1028,0.2996,0.0783,2.3897,61.9973,233.0822,0.2656,0.0399,83.9203,104.2393,234.6636,0.4444,0.8056
2015-02-23T00:46:59.587Z,4.8149,69.1346,232.0341,0.2976,0.07,2.5127,63.0407,232.5367,0.2712,0.0382,84.2853,104.4082,234.7596,0.445,0.8082
2015-02-23T00:47:59.803Z,5.511,69.4923,232.5122,0.2987,0.0814,2.6697,61.0235,232.9636,0.2622,0.044,84.6153,105.1135,235.2401,0.4469,0.8055
2015-02-23T00:48:59.083Z,5.0629,68.8332,232.0998,0.2967,0.0746,2.3549,60.4103,232.1132,0.2602,0.0399,83.3912,103.4118,234.0013,0.442,0.8073
2015-02-23T00:49:59.309Z,5.1785,69.8654,231.9937,0.3011,0.0747,2.4776,62.3273,232.2981,0.2685,0.0396,83.4174,103.3986,233.8869,0.4418,0.8075
2015-02-23T00:50:59.697Z,4.5882,69.2961,232.2543,0.2984,0.0677,2.462,61.2887,231.9589,0.2643,0.0389,83.1043,104.3733,233.8826,0.4466,0.7966
2015-02-23T00:51:59.933Z,5.6888,69.4993,232.3019,0.2993,0.083,2.6466,60.6867,231.2092,0.2625,0.0434,82.8942,103.5353,233.6677,0.4432,0.8016
2015-02-23T00:52:59.121Z,5.2759,69.3072,231.8784,0.2983,0.0784,2.3552,61.4024,231.7557,0.2648,0.0387,82.9983,103.4703,233.5893,0.4428,0.8029
2015-02-23T00:53:59.389Z,5.1836,68.3103,231.6143,0.2947,0.0765,2.5129,61.0475,232.83,0.2624,0.0409,83.3901,104.0215,233.7996,0.4452,0.8038
2015-02-23T00:54:59.553Z,4.8801,67.6211,230.3831,0.2929,0.0735,2.1878,61.6596,233.6448,0.2637,0.0348,83.2687,103.1929,234.0066,0.4409,0.8082
2015-02-23T00:55:59.856Z,5.1468,68.7982,230.1159,0.2986,0.076,2.6035,62.3448,233.539,0.2668,0.0435,83.6033,103.1182,234.0662,0.4405,0.812
2015-02-23T00:56:59.079Z,4.9516,68.7889,229.9201,0.2985,0.0722,2.7417,61.1371,233.0638,0.2617,0.0462,83.5413,105.2155,233.8374,0.4499,0.7949
2015-02-23T00:57:59.365Z,5.3096,67.4161,230.0364,0.2929,0.0791,2.7208,62.231,232.9789,0.267,0.0425,82.6089,103.6798,233.4518,0.4439,0.7979
2015-02-23T00:58:59.646Z,4.7877,68.7247,230.9401,0.2974,0.0727,2.674,61.3964,232.8384,0.2631,0.0444,83.1389,103.8782,233.5988,0.4448,0.8019
