2015-04-13T00:00:59.760Z,6.8136,47.1086,231.1471,0.2032,0.1421,-6.903,35.2211,230.057,0.1534,-0.2063,11.1797,40.3384,232.1104,0.1742,0.2849
2015-04-13T00:01:59.923Z,7.0136,47.7875,230.8591,0.2064,0.1465,-7.21,33.7175,228.4292,0.1475,-0.2198,10.7286,37.9069,232.6755,0.164,0.292
2015-04-13T00:02:59.138Z,6.6511,47.5059,230.2013,0.2062,0.1397,-7.1607,33.9183,227.4142,0.1491,-0.2201,10.4257,37.2086,232.6569,0.1594,0.2947
2015-04-13T00:03:59.525Z,6.0823,48.8324,229.4154,0.2125,0.1225,-6.7362,35.6699,230.446,0.1548,-0.1997,10.5995,38.517,232.2999,0.166,0.2799
2015-04-13T00:04:59.948Z,6.1941,48.0033,229.2536,0.2096,0.1274,-6.5963,34.6663,230.8248,0.1499,-0.2042,11.0114,38.9921,232.3688,0.1678,0.2883
2015-04-13T00:05:59.362Z,6.227,47.4179,229.782,0.2062,0.1296,-7.1887,33.8896,231.3376,0.1464,-0.2151,10.9051,37.4343,232.7547,0.1608,0.301
2015-04-13T00:06:59.768Z,6.8963,49.3199,230.7009,0.2138,0.1385,-7.1391,35.6905,231.1522,0.1543,-0.2119,10.1562,37.7364,233.1557,0.1619,0.2748
2015-04-13T00:07:59.972Z,7.2382,47.8407,230.9186,0.207,0.15,-6.9872,34.4553,231.2613,0.1485,-0.213,10.6528,38.0824,233.0575,0.1627,0.2889
2015-04-13T00:08:59.344Z,6.646,49.0527,231.8642,0.2122,0.1334,-6.993,35.0419,231.6041,0.1514,-0.212,10.7,38.237,233.6462,0.164,0.288
2015-04-13T00:09:59.628Z,6.4414,48.3125,231.6042,0.208,0.1329,-6.8295,34.6633,231.7146,0.1497,-0.2076,10.9881,38.968,233.619,0.1666,0.289
2015-04-13T00:10:59.804Z,6.6768,48.7146,231.1013,0.2109,0.1365,-7.2098,32.8657,231.3612,0.142,-0.224,10.7093,38.2825,233.7264,0.1636,0.288
2015-04-13T00:11:59.059Z,6.731,48.1936,231.3046,0.2084,0.1394,-7.0546,35.681,231.2393,0.1539,-0.2047,10.4956,38.657,233.4269,0.1664,0.2814
2015-04-13T00:12:59.583Z,6.6947,49.2367,232.1024,0.212,0.1342,-6.7509,35.5822,231.3971,0.1543,-0.2038,10.9883,38.6962,234.5332,0.1652,0.2922
2015-04-13T00:13:59.871Z,6.6991,48.8247,231.9952,0.2107,0.1353,-6.9357,35.6084,231.1491,0.1537,-0.2076,10.7557,37.7681,233.4702,0.1618,0.2968
2015-04-13T00:14:59.179Z,7.0701,48.4814,232.5007,0.2084,0.1462,-7.2617,35.5373,232.0713,0.1532,-0.2126,10.9726,39.2204,233.6152,0.1682,0.2872
2015-04-13T00:15:59.356Z,7.0596,48.9021,232.3962,0.2107,0.1452,-6.9247,32.2156,232.9004,0.1381,-0.2189,10.6321,35.4456,233.8911,0.1514,0.3086
2015-04-13T00:16:59.649Z,5.2059,48.1512,232.8878,0.2066,0.1068,-6.3176,35.0833,233.7436,0.1498,-0.191,10.7947,38.1504,234.9301,0.1623,0.2958
2015-04-13T00:17:59.833Z,5.205,48.8932,232.278,0.2109,0.1071,-6.6749,35.2999,233.2566,0.1514,-0.1951,10.9241,39.4101,234.6038,0.1676,0.2843
2015-04-13T00:18:59.958Z,4.9509,48.8837,231.7445,0.2104,0.102,-6.3911,34.3482,233.0191,0.1474,-0.1915,10.7216,37.346,234.2126,0.1596,0.2937
2015-04-13T00:19:59.465Z,5.4411,48.2159,231.6903,0.208,0.1117,-6.7636,35.3683,232.6819,0.1519,-0.2038,10.4268,37.954,234.0664,0.1624,0.2847
2015-04-13T00:20:59.853Z,5.8198,48.5259,231.9349,0.2093,0.1215,-6.5998,34.5424,231.8164,0.1492,-0.2003,10.9379,40.2735,234.7301,0.1711,0.2778
2015-04-13T00:21:59.313Z,5.583,48.6027,232.5896,0.2088,0.1143,-6.8442,35.2203,229.7471,0.1536,-0.2014,10.9772,39.782,235.1078,0.1689,0.2831
2015-04-13T00:22:59.567Z,6.7459,48.0915,232.2565,0.2074,0.1386,-7.7414,33.6707,231.7809,0.1453,-0.2355,10.9649,37.8064,234.1104,0.1614,0.2972
2015-04-13T00:23:59.832Z,7.0187,49.1548,231.9645,0.2116,0.1426,-7.1085,36.0756,232.1114,0.1553,-0.2048,10.749,37.8276,233.7607,0.1619,0.2956
2015-04-13T00:24:59.264Z,6.2937,49.2333,232.0901,0.2122,0.1282,-6.8674,35.1714,231.1458,0.1526,-0.2099,10.8466,37.9183,233.6992,0.1624,0.2964
2015-04-13T00:25:59.607Z,5.7609,48.483,231.682,0.2092,0.1175,-6.7327,34.3324,231.757,0.1482,-0.2073,10.8777,39.3578,234.2438,0.1679,0.2859
2015-04-13T00:26:59.901Z,5.2684,48.0525,232.0868,0.2071,0.1093,-6.3545,35.2968,231.6215,0.1518,-0.1914,10.7959,38.2602,234.071,0.1637,0.2934
2015-04-13T00:27:59.057Z,5.3342,48.5436,232.4053,0.2084,0.1094,-6.0757,34.1467,232.0132,0.147,-0.1859,10.9464,37.7284,234.6487,0.1607,0.2996
2015-04-13T00:28:59.307Z,4.7255,48.2676,231.6401,0.2088,0.0971,-6.4827,35.2667,231.7286,0.1519,-0.1908,10.8393,38.9215,234.1116,0.1663,0.2862
2015-04-13T00:29:59.632Z,4.7922,47.9713,231.2648,0.2073,0.1001,-6.8229,33.1464,231.1254,0.1431,-0.2093,11.2045,38.5771,233.7285,0.1645,0.2956
2015-04-13T00:30:59.026Z,4.7163,47.9637,231.5382,0.2072,0.0988,-6.7341,34.6387,231.1341,0.1504,-0.2026,10.8063,36.7809,233.905,0.1573,0.3064
2015-04-13T00:31:59.346Z,5.0488,47.8039,231.4475,0.2066,0.1052,-6.6717,34.6433,231.2549,0.1503,-0.1974,10.9801,38.6217,233.5754,0.1652,0.2923
2015-04-13T00:32:59.634Z,4.9502,48.8253,231.776,0.2103,0.1025,-6.9146,36.2087,231.5177,0.1563,-0.1974,10.7631,38.6369,233.1822,0.166,0.2882
2015-04-13T00:33:59.908Z,4.8873,48.2064,230.1924,0.2092,0.1002,-6.4938,34.2845,232.3424,0.1476,-0.202,10.5716,38.789,233.2792,0.1658,0.2866
2015-04-13T00:34:59.150Z,5.2666,47.8719,229.9602,0.2082,0.1109,-6.8803,35.6056,231.023,0.1548,-0.1972,10.6874,37.8986,233.4433,0.1631,0.2898
2015-04-13T00:35:59.301Z,4.8696,47.9643,230.7257,0.2081,0.1002,-6.2516,32.6654,229.3481,0.1426,-0.2008,10.9301,36.3147,234.5473,0.1547,0.3137
2015-04-13T00:36:59.465Z,4.7028,48.2097,230.6353,0.209,0.0972,-6.494,33.6707,231.4988,0.1454,-0.2028,11.1792,36.979,233.8247,0.1582,0.3077
2015-04-13T00:37:59.639Z,5.4471,48.641,231.4329,0.2107,0.1112,-6.5441,35.0558,231.9078,0.151,-0.1966,11.0359,38.2285,232.6896,0.164,0.2952
2015-04-13T00:38:59.964Z,5.7207,47.0701,231.7315,0.203,0.121,-6.1815,32.7212,231.8916,0.1413,-0.1966,11.0625,38.3804,232.3244,0.1657,0.2941
2015-04-13T00:39:59.468Z,5.0662,48.2141,231.9554,0.2076,0.1039,-6.1343,34.9213,231.7659,0.1504,-0.1849,10.8883,36.7221,231.3652,0.1591,0.3
2015-04-13T00:40:59.639Z,5.3604,48.9692,232.5627,0.21,0.1089,-6.9388,35.0634,232.0749,0.1507,-0.1988,10.2671,38.2166,232.4186,0.1643,0.2813
2015-04-13T00:41:59.868Z,5.9392,48.1254,232.1731,0.2067,0.1241,-6.7216,35.6463,231.9547,0.1534,-0.1949,10.4856,37.5913,232.259,0.1624,0.2866
2015-04-13T00:42:59.094Z,6.6082,48.2117,233.4646,0.2066,0.1366,-7.5733,35.1683,232.5564,0.1512,-0.2281,10.6584,38.2099,233.5174,0.1631,0.2867
2015-04-13T00:43:59.415Z,6.9629,49.0691,233.2365,0.2104,0.1414,-7.0632,34.0175,232.3966,0.1467,-0.2142,10.7701,39.9358,233.4589,0.1715,0.2759
2015-04-13T00:44:59.720Z,6.8587,48.7188,232.9343,0.2093,0.1392,-6.8341,34.5009,231.9045,0.1487,-0.2123,11.3603,38.3673,233.3848,0.1645,0.3042
2015-04-13T00:45:59.941Z,6.6585,48.9223,233.0689,0.2098,0.1361,-7.3617,34.8734,232.738,0.1492,-0.2191,10.4704,38.4015,232.9984,0.1651,0.2809
2015-04-13T00:46:59.293Z,5.0139,49.1456,233.316,0.2106,0.1019,-6.444,36.539,233.1097,0.1562,-0.1816,10.8307,38.132,232.9112,0.1639,0.2951
2015-04-13T00:47:59.645Z,5.0478,48.7543,233.9779,0.2079,0.1027,-6.5089,33.8415,233.4223,0.1446,-0.2003,10.9296,36.8315,233.5402,0.1576,0.3037
2015-04-13T00:48:59.995Z,5.6441,48.3978,234.1145,0.2064,0.1168,-6.8926,35.7312,233.9422,0.1527,-0.197,10.8215,38.3584,233.6208,0.1642,0.2952
2015-04-13T00:49:59.224Z,4.994,49.0933,233.4126,0.2107,0.1022,-5.9358,34.2056,233.6676,0.1466,-0.1867,10.4052,38.9724,233.7304,0.1662,0.2754
2015-04-13T00:50:59.321Z,6.5301,48.3256,232.7446,0.208,0.1356,-6.876,35.1735,232.7129,0.1513,-0.2058,10.7721,36.9437,234.0784,0.1579,0.2973
2015-04-13T00:51:59.652Z,6.5599,48.8503,231.9521,0.2104,0.1321,-6.8958,35.2487,232.0674,0.152,-0.2029,10.9536,38.7186,233.7976,0.1653,0.2885
2015-04-13T00:52:59.845Z,6.5498,49.4148,232.3434,0.213,0.1324,-6.7855,34.9786,232.2834,0.1507,-0.2052,10.4405,37.063,233.8585,0.1589,0.2899
2015-04-13T00:53:59.036Z,6.8126,48.3294,232.3066,0.2079,0.1404,-7.0383,33.368,231.9769,0.1437,-0.2204,10.8988,39.1177,233.5011,0.1672,0.2868
2015-04-13T00:54:59.290Z,6.6003,48.5346,231.9299,0.2092,0.1369,-6.7984,35.4495,231.761,0.1529,-0.2033,10.5334,38.0185,232.4414,0.1636,0.286
2015-04-13T00:55:59.619Z,6.4032,48.4886,231.9952,0.209,0.1335,-6.9374,33.8434,231.3425,0.1463,-0.2114,10.6812,38.4539,231.5566,0.1664,0.2835
2015-04-13T00:56:59.919Z,5.2803,48.6502,232.0582,0.2091,0.1091,-6.4812,33.719,231.0856,0.1458,-0.1998,10.6279,37.6286,230.751,0.1634,0.289
2015-04-13T00:57:59.149Z,5.4082,48.7607,232.7329,0.21,0.111,-6.7216,35.1111,231.3921,0.1518,-0.2022,10.5983,36.6163,230.7356,0.1589,0.2988
2015-04-13T00:58:59.423Z,5.0613,48.2689,233.5669,0.207,0.1038,-6.5359,34.0978,231.6673,0.1473,-0.1973,10.4445,36.1991,228.5485,0.1584,0.3001
2015-04-13T00:59:59.699Z,5.4631,48.3595,232.2481,0.2081,0.1129,-6.881,33.9814,231.2308,0.1473,-0.2065,10.4777,37.9252,231.1157,0.1638,0.2836
2015-04-13T01:00:59.096Z,5.4887,47.606,232.2292,0.2054,0.1151,-6.8379,35.2447,231.0684,0.1523,-0.2016,10.6052,38.5531,231.2113,0.1668,0.2808
2015-04-13T01:01:59.419Z,5.2132,48.3891,231.8789,0.2086,0.1079,-6.6261,34.9411,230.9755,0.1512,-0.1984,10.6129,36.803,231.2302,0.1592,0.2964
2015-04-13T01:02:59.634Z,4.8441,48.6509,231.1607,0.2104,0.1002,-6.6801,35.0598,231.2081,0.1512,-0.196,10.6713,36.7425,230.6885,0.159,0.3001
2015-04-13T01:03:59.125Z,5.4413,47.9264,231.2867,0.2076,0.1141,-6.6332,35.7402,230.759,0.1547,-0.1997,10.653,38.2001,230.4478,0.1664,0.2914
2015-04-13T01:04:59.651Z,5.4101,48.0487,232.105,0.2072,0.1126,-7.0311,35.1704,228.6355,0.1541,-0.2096,10.4628,38.1739,232.0772,0.1641,0.2859
2015-04-13T01:05:59.916Z,5.3946,48.3571,231.5971,0.2092,0.1111,-7.0253,36.4918,228.0114,0.1599,-0.2001,10.8393,37.2841,232.1911,0.1609,0.2971
2015-04-13T01:06:59.249Z,5.056,48.4033,231.2473,0.2098,0.104,-6.7029,34.6704,230.2307,0.1504,-0.202,10.9066,36.6543,231.3406,0.1583,0.3033
2015-04-13T01:07:59.470Z,5.0126,47.8199,231.3326,0.2062,0.1048,-6.4959,33.6884,230.5992,0.1461,-0.2035,10.6814,37.6504,231.2747,0.1635,0.2921
2015-04-13T01:08:59.749Z,5.559,48.4119,231.4329,0.2095,0.1177,-6.747,32.9976,230.3624,0.1432,-0.2081,10.6063,37.4997,230.9338,0.1624,0.293
2015-04-13T01:09:59.086Z,5.0901,48.3717,231.0138,0.2096,0.1043,-6.8936,35.2559,230.4032,0.1527,-0.2001,10.6256,37.1426,231.8673,0.1607,0.2952
2015-04-13T01:10:59.382Z,5.2631,48.5676,232.2098,0.2092,0.1077,-7.1903,35.1625,231.5499,0.1518,-0.2097,10.9558,37.3419,232.5859,0.1605,0.2998
2015-04-13T01:11:59.695Z,5.1676,48.6718,232.519,0.2091,0.1059,-6.2299,36.1232,231.6015,0.1565,-0.1838,10.7824,36.7787,232.437,0.1587,0.3027
2015-04-13T01:12:59.028Z,5.2474,48.6201,232.6186,0.2089,0.1079,-6.4578,34.6729,231.906,0.1498,-0.1938,10.8062,37.6023,232.9512,0.1617,0.2937
2015-04-13T01:13:59.161Z,6.3043,49.0945,231.9891,0.2116,0.1287,-6.6119,35.0654,231.3488,0.1516,-0.1965,10.9108,38.7835,233.5213,0.1664,0.289
2015-04-13T01:14:59.584Z,7.0648,48.8032,232.5899,0.21,0.1425,-6.9635,34.9387,231.6377,0.1509,-0.2102,10.6946,38.3849,233.787,0.1641,0.2838
2015-04-13T01:15:59.890Z,6.6838,48.921,232.2936,0.2109,0.1364,-7.1202,32.948,231.7087,0.1416,-0.224,11.0288,37.49,233.6349,0.1607,0.2976
2015-04-13T01:16:59.098Z,6.1958,48.2377,232.341,0.2078,0.13,-6.8771,33.8314,231.6834,0.146,-0.2172,10.8417,39.0033,233.4881,0.1673,0.2858
2015-04-13T01:17:59.416Z,6.6324,48.4097,231.441,0.2093,0.1379,-7.0407,35.6916,232.1558,0.154,-0.2084,10.3002,37.9918,233.7486,0.1625,0.281
2015-04-13T01:18:59.750Z,6.5834,48.6088,230.943,0.2103,0.1356,-6.9849,35.6946,231.6493,0.1546,-0.2119,10.9778,37.3867,233.5991,0.1595,0.3018
2015-04-13T01:19:59.925Z,6.8415,49.268,230.8704,0.2135,0.1396,-7.2252,34.2258,231.1504,0.1484,-0.2195,10.7927,38.491,233.6284,0.1646,0.2887
2015-04-13T01:20:59.182Z,6.8456,47.7563,231.4262,0.2064,0.1427,-7.1589,36.0084,231.1694,0.1563,-0.2078,10.8009,38.5615,233.4954,0.1652,0.2881
2015-04-13T01:21:59.406Z,7.2732,48.987,231.7042,0.2122,0.1476,-7.1846,33.9772,230.7097,0.1473,-0.2209,10.2132,38.5364,233.3246,0.1648,0.27
2015-04-13T01:22:59.729Z,6.9067,49.413,232.7943,0.2121,0.1401,-7.216,36.8307,231.3564,0.1588,-0.2043,10.4887,37.7374,233.7221,0.1614,0.2841
2015-04-13T01:23:59.906Z,7.1325,47.9319,232.5982,0.206,0.1466,-7.16,34.2111,231.3491,0.1489,-0.2147,10.7631,38.3002,233.4802,0.164,0.2925
2015-04-13T01:24:59.208Z,6.1503,48.3682,232.1424,0.2086,0.1266,-6.968,36.4467,230.6799,0.1577,-0.2002,11.2908,38.4731,232.6321,0.1652,0.2987
2015-04-13T01:25:59.548Z,6.6818,48.9741,231.9067,0.2108,0.1363,-6.946,34.8612,230.6702,0.1511,-0.2123,10.8155,37.7448,232.7124,0.1625,0.293
2015-04-13T01:26:59.829Z,7.1163,47.9765,231.6746,0.2068,0.1471,-6.8262,32.5889,231.0087,0.1412,-0.2228,10.7491,36.0167,232.5395,0.1543,0.3035
2015-04-13T01:27:59.136Z,7.202,48.7952,232.5221,0.2103,0.147,-7.4468,34.333,232.3478,0.1476,-0.2264,10.5732,36.92,232.7616,0.1586,0.2963
2015-04-13T01:28:59.384Z,6.2537,48.5544,232.3042,0.209,0.1289,-7.4132,35.5186,232.2832,0.1527,-0.2166,10.6998,37.7436,232.2126,0.1623,0.289
2015-04-13T01:29:59.713Z,6.8182,48.7192,231.967,0.2102,0.1401,-6.7859,35.1551,231.9577,0.1515,-0.2052,10.5542,38.576,231.8765,0.1668,0.2854
2015-04-13T01:30:59.886Z,6.0612,48.6403,232.1234,0.2097,0.126,-7.0303,33.4488,232.0996,0.1442,-0.2163,10.4809,38.0486,232.4449,0.1643,0.2864
2015-04-13T01:31:59.172Z,5.4334,47.9357,231.9788,0.2066,0.1129,-6.8454,35.7974,232.2288,0.1543,-0.1965,10.5,38.1089,232.2327,0.1642,0.2854
2015-04-13T01:32:59.515Z,5.0651,47.8165,232.699,0.2051,0.1055,-6.4793,33.804,232.2925,0.1457,-0.1948,10.7979,38.9688,232.7476,0.1675,0.2849
2015-04-13T01:33:59.872Z,6.348,48.4543,233.4012,0.2073,0.13,-7.4567,36.0573,232.7347,0.1547,-0.2211,10.6596,37.8787,233.0477,0.1623,0.2887
2015-04-13T01:34:59.177Z,7.2114,49.6707,233.1049,0.2128,0.1448,-6.8297,35.9852,232.6201,0.1546,-0.2018,11.0488,38.0009,233.1076,0.163,0.2989
2015-04-13T01:35:59.413Z,6.9105,48.794,233.0916,0.2098,0.1418,-7.4274,34.3073,232.8482,0.1475,-0.227,10.9307,36.7995,233.096,0.1582,0.303
2015-04-13T01:36:59.656Z,6.5993,48.6496,232.5165,0.2092,0.1355,-7.5024,36.8279,232.4851,0.1582,-0.2121,11.3326,38.9586,232.5373,0.1677,0.2965
2015-04-13T01:37:59.963Z,5.3722,47.8759,232.3054,0.206,0.1132,-6.6502,34.9267,232.1423,0.1504,-0.1969,10.4587,37.891,232.7214,0.163,0.2847
2015-04-13T01:38:59.182Z,5.2323,48.6764,232.1844,0.2096,0.1063,-6.2814,33.0652,232.0974,0.1426,-0.2017,10.195,37.0897,232.6124,0.1598,0.2847
2015-04-13T01:39:59.544Z,5.0742,48.7963,232.6498,0.2093,0.1045,-6.5337,35.7202,232.6908,0.1527,-0.1868,10.7071,38.7496,233.2879,0.1658,0.2874
2015-04-13T01:40:59.905Z,6.6164,48.3007,232.1902,0.2082,0.1357,-7.3673,34.8518,232.4493,0.1504,-0.2197,10.9733,37.8548,233.4435,0.1625,0.2987
2015-04-13T01:41:59.220Z,5.9992,47.8841,231.8358,0.2069,0.1256,-6.7431,34.1623,232.5339,0.1468,-0.2101,11.0998,39.6229,233.4991,0.1696,0.2908
2015-04-13T01:42:59.451Z,6.3027,48.8705,232.0626,0.2104,0.1292,-7.2972,35.1774,233.3117,0.1507,-0.2154,11.1761,38.5974,234.3747,0.1645,0.2947
2015-04-13T01:43:59.773Z,7.0527,48.8079,231.8351,0.2105,0.1431,-7.4714,35.6416,232.7191,0.1531,-0.2212,11.0298,37.191,234.1271,0.1588,0.3047
2015-04-13T01:44:59.005Z,7.0757,48.6412,231.4974,0.2099,0.1439,-7.3254,35.0778,229.6926,0.1528,-0.2167,11.2634,38.372,234.3047,0.164,0.2983
2015-04-13T01:45:59.380Z,6.3147,49.009,231.1903,0.212,0.1299,-6.6795,37.1969,229.7701,0.162,-0.1909,10.2099,36.1866,233.8131,0.1547,0.2916
2015-04-13T01:46:59.784Z,7.1038,48.736,230.8824,0.2111,0.1463,-7.4345,34.4597,229.6261,0.15,-0.2251,10.9933,37.2709,233.5363,0.16,0.3005
2015-04-13T01:47:59.284Z,7.3306,48.7123,231.2468,0.2107,0.1492,-7.5967,35.9973,229.5718,0.1563,-0.2201,10.6752,38.4229,233.3884,0.1642,0.2863
2015-04-13T01:48:59.571Z,5.7051,47.9647,231.0059,0.2075,0.1182,-7.1993,35.5686,231.8628,0.1529,-0.216,11.2967,39.0712,232.4145,0.1679,0.2972
2015-04-13T01:49:59.871Z,4.9847,48.1432,231.3603,0.2079,0.1043,-6.3879,35.829,232.0169,0.1543,-0.1915,10.5944,36.5471,232.6979,0.1575,0.2957
2015-04-13T01:50:59.268Z,5.417,47.7161,231.06,0.206,0.1156,-7.3879,35.3576,231.5869,0.1529,-0.2096,11.1213,39.4162,232.4462,0.1694,0.2889
2015-04-13T01:51:59.484Z,5.0745,48.3508,230.705,0.2089,0.1042,-6.1679,33.5115,231.0027,0.1451,-0.1966,10.7508,39.318,231.5143,0.1698,0.2829
2015-04-13T01:52:59.772Z,5.0082,47.024,230.6146,0.2038,0.1078,-6.2723,34.2351,231.1051,0.1482,-0.1926,10.5421,37.6609,231.3971,0.1629,0.2956
2015-04-13T01:53:59.994Z,5.7486,48.8414,231.2786,0.2113,0.1173,-6.6855,35.6238,230.9511,0.1543,-0.1969,10.3212,36.9022,231.4824,0.1601,0.2889
2015-04-13T01:54:59.343Z,5.0306,49.0336,232.1096,0.2114,0.1033,-5.9192,32.8552,231.8769,0.1417,-0.1897,10.4242,37.3972,232.6607,0.1609,0.2876
2015-04-13T01:55:59.661Z,5.1992,47.77,231.7934,0.2068,0.11,-6.6807,35.6982,231.7696,0.1537,-0.1982,11.0375,38.6263,232.7139,0.1659,0.2953
2015-04-13T01:56:59.972Z,5.2714,48.5347,231.5813,0.2095,0.1082,-6.8553,35.3256,230.8503,0.1531,-0.2047,11.1763,39.2991,232.3208,0.1697,0.2943
2015-04-13T01:57:59.228Z,5.1428,48.6373,231.193,0.2102,0.1049,-6.704,35.143,230.9392,0.152,-0.2012,10.871,37.5144,231.6944,0.1617,0.2971
2015-04-13T01:58:59.698Z,5.6285,47.7746,231.1723,0.2063,0.1196,-6.9736,33.3385,230.1736,0.1445,-0.2146,10.8882,38.8511,231.0773,0.1677,0.2892
2015-04-13T01:59:59.886Z,5.1405,48.4933,230.897,0.2097,0.1063,-6.8176,34.9578,230.057,0.1519,-0.1975,10.6449,38.2173,230.8853,0.1658,0.2853
