2015-05-14T00:00:59.828Z,5.474,68.1492,232.7151,0.293,0.0814,-6.8636,61.2001,233.1742,0.2626,-0.1151,11.5496,62.4352,232.452,0.2687,0.1857
2015-05-14T00:01:59.209Z,5.3399,70.815,232.5087,0.3049,0.0754,-7.2753,63.5152,232.7947,0.2727,-0.1163,11.4316,64.8787,232.2106,0.2792,0.179
2015-05-14T00:02:59.423Z,4.819,69.9851,231.699,0.302,0.0691,-7.7932,64.4699,232.1578,0.2777,-0.1223,11.5968,63.9214,231.42,0.2767,0.181
2015-05-14T00:03:59.993Z,4.8308,69.0803,230.8576,0.2993,0.0725,-7.0712,61.1509,231.8154,0.2638,-0.1164,11.1745,62.6232,231.0463,0.2709,0.1825
2015-05-14T00:04:59.457Z,5.5626,68.7279,230.159,0.2983,0.0826,-7.2894,62.2927,231.0299,0.2703,-0.1211,11.1592,64.3169,230.5216,0.279,0.1774
2015-05-14T00:05:59.011Z,4.3148,68.2591,229.7463,0.2974,0.0631,-6.814,61.4639,230.8147,0.2662,-0.1113,11.0884,63.6193,230.2639,0.2762,0.176
2015-05-14T00:06:59.414Z,4.8823,68.9282,230.6601,0.2989,0.0707,-7.1677,63.1607,231.4848,0.2725,-0.1158,11.3174,63.3998,231.2664,0.2737,0.1804
2015-05-14T00:07:59.626Z,4.3375,68.2069,231.2089,0.2951,0.0664,-7.3493,61.8486,228.9442,0.2702,-0.1187,11.2444,66.0397,232.5932,0.284,0.1715
2015-05-14T00:08:59.300Z,6.0725,68.8734,231.2015,0.2976,0.0903,-6.9389,61.1696,228.3671,0.2681,-0.117,12.2634,64.2504,232.5225,0.2764,0.1928
2015-05-14T00:09:59.597Z,4.801,69.3324,232.126,0.2986,0.0701,-7.2,60.5946,232.667,0.2597,-0.1214,11.8902,64.8734,232.6759,0.2788,0.1865
2015-05-14T00:10:59.030Z,5.4339,70.7149,232.379,0.3041,0.0777,-7.3006,63.7778,232.7616,0.2742,-0.1149,11.3761,63.0387,232.7371,0.2711,0.1816
2015-05-14T00:11:59.329Z,4.9163,69.4217,231.4855,0.2999,0.0713,-7.6032,61.7849,231.943,0.2665,-0.1235,11.5195,64.0547,232.1141,0.2764,0.1807
2015-05-14T00:12:59.484Z,4.9442,70.8693,232.0005,0.3062,0.0703,-7.4342,61.7964,232.3548,0.2658,-0.1219,11.5425,64.139,232.8151,0.2756,0.1808
2015-05-14T00:13:59.746Z,4.5887,69.5195,231.6887,0.2999,0.0684,-6.4137,62.9648,232.0535,0.2716,-0.1036,11.6399,63.8455,232.5985,0.2747,0.186
2015-05-14T00:14:59.271Z,5.082,69.9873,232.3726,0.3014,0.0729,-6.9362,62.2749,232.8304,0.2674,-0.1149,11.2177,63.7054,232.9668,0.2734,0.1798
2015-05-14T00:15:59.601Z,5.0952,68.4632,232.2075,0.2945,0.0745,-7.2241,63.4812,232.3892,0.2733,-0.1158,11.9697,64.5723,232.6108,0.2775,0.1848
2015-05-14T00:16:59.190Z,5.1239,69.2296,232.4501,0.2973,0.0738,-7.824,61.7184,233.0077,0.2641,-0.1272,11.5596,65.4123,232.5512,0.2814,0.1784
2015-05-14T00:17:59.801Z,4.9073,69.9065,232.4575,0.3008,0.0689,-6.8483,63.6599,233.0995,0.2733,-0.1098,11.802,64.0041,232.6711,0.2751,0.1855
2015-05-14T00:18:59.513Z,5.4558,70.5501,232.6788,0.303,0.0787,-7.341,63.045,233.0837,0.2708,-0.1221,11.8782,64.0558,232.8592,0.2756,0.1869
2015-05-14T00:19:59.166Z,5.4275,69.7855,232.587,0.3003,0.0762,-7.3655,63.4092,233.1998,0.2715,-0.1158,12.0181,64.7423,232.9911,0.2778,0.1864
2015-05-14T00:20:59.444Z,4.8114,69.9766,232.5634,0.3009,0.0692,-7.4176,63.5416,233.1525,0.2726,-0.1175,11.6534,65.302,233.004,0.2807,0.1784
2015-05-14T00:21:59.877Z,4.7158,70.125,232.3296,0.3017,0.0679,-7.4158,63.633,234.1598,0.2717,-0.117,12.2979,64.9207,233.8353,0.2778,0.1911
2015-05-14T00:22:59.193Z,5.0408,69.5416,231.6821,0.3004,0.0719,-7.088,62.8857,233.5543,0.2689,-0.1144,11.6752,63.4682,232.9828,0.2722,0.185
2015-05-14T00:23:59.559Z,4.4342,71.7527,232.1201,0.309,0.0634,-7.1981,63.5456,233.3827,0.272,-0.114,11.4777,64.2519,233.1019,0.2756,0.1799
2015-05-14T00:24:59.883Z,4.9059,71.3924,232.545,0.3067,0.069,-6.9284,62.6867,233.135,0.269,-0.1126,11.9597,64.2939,232.8729,0.2761,0.1877
2015-05-14T00:25:59.756Z,4.9693,70.3798,232.4189,0.3028,0.0718,-7.477,62.3006,232.6461,0.2679,-0.1203,11.7591,63.3629,232.6159,0.2726,0.1861
2015-05-14T00:27:59.145Z,4.9375,69.7998,231.9259,0.3012,0.0714,-7.1965,64.0871,232.6999,0.2754,-0.1135,11.8345,63.7259,232.3481,0.2741,0.1856
2015-05-14T00:28:59.860Z,4.5996,69.5241,230.0701,0.3016,0.0664,-7.1516,62.4555,233.5711,0.268,-0.1155,11.9424,63.4255,232.5415,0.2727,0.1885
2015-05-14T00:29:59.309Z,4.7901,70.5489,230.5188,0.3062,0.0692,-7.3042,62.2896,231.4091,0.269,-0.1189,12.0096,64.3062,232.4535,0.2768,0.188
2015-05-14T00:30:59.869Z,5.6811,69.0392,230.3843,0.2995,0.0838,-7.6252,60.7484,229.6946,0.2647,-0.1269,12.0285,65.4107,232.7707,0.2811,0.1851
2015-05-14T00:31:59.011Z,6.4033,69.3902,229.2913,0.3029,0.0931,-8.0757,62.9099,231.5054,0.2723,-0.1287,11.0751,63.9706,231.7684,0.2761,0.1734
2015-05-14T00:32:59.210Z,6.4665,69.8305,230.3099,0.303,0.0947,-7.6607,62.292,231.7979,0.2687,-0.1243,11.6321,63.9434,231.7371,0.2758,0.1826
2015-05-14T00:33:59.579Z,6.4947,69.3516,230.0658,0.3012,0.0947,-7.7004,62.9038,231.7239,0.2717,-0.1262,11.1592,63.8132,231.5977,0.2755,0.1748
2015-05-14T00:34:59.420Z,5.7548,69.8218,230.3456,0.3034,0.0824,-7.7152,62.2121,231.6517,0.2683,-0.1258,10.841,63.9878,231.6994,0.2771,0.171
2015-05-14T00:35:59.576Z,6.0738,68.8192,230.3497,0.2989,0.0892,-7.5491,62.971,231.8902,0.2716,-0.1197,11.266,64.3324,232.1697,0.2773,0.176
2015-05-14T00:36:59.846Z,6.3818,69.7314,229.9677,0.3021,0.0926,-7.6916,62.7036,231.3697,0.2708,-0.1257,11.6817,64.1279,231.648,0.277,0.1847
2015-05-14T00:37:59.466Z,5.3372,69.1137,230.8442,0.299,0.0766,-7.254,63.5627,232.6098,0.2732,-0.1163,11.1544,63.1674,231.894,0.2723,0.1787
2015-05-14T00:38:59.771Z,5.0275,68.1936,230.6127,0.2952,0.0747,-6.8574,62.8909,232.4882,0.271,-0.114,11.226,63.2764,230.8141,0.2743,0.1828
2015-05-14T00:39:59.032Z,4.976,69.2248,231.4164,0.299,0.0702,-7.1978,62.423,232.2765,0.2687,-0.1164,11.9056,64.6913,230.7402,0.2804,0.1852
2015-05-14T00:40:59.293Z,4.7821,69.1393,232.0827,0.2978,0.0691,-7.1246,62.5808,232.3385,0.2692,-0.116,11.3812,64.8864,230.9326,0.2811,0.1774
2015-05-14T00:41:59.584Z,4.662,68.6102,231.8089,0.2957,0.0671,-6.5733,61.9011,232.1662,0.2662,-0.1089,11.7376,62.753,230.6631,0.2718,0.1885
2015-05-14T00:42:59.103Z,4.7766,69.1202,231.938,0.2976,0.0702,-7.5399,63.6518,232.5608,0.2742,-0.1197,11.0558,63.3351,231.4466,0.2739,0.1777
2015-05-14T00:43:59.335Z,5.7968,69.1012,231.4287,0.2986,0.0847,-6.9604,62.0395,232.0295,0.2677,-0.1146,11.3475,62.4064,232.0557,0.2689,0.1848
2015-05-14T00:44:59.657Z,5.1329,69.7952,231.8729,0.3008,0.0741,-7.0859,62.5018,231.3977,0.2697,-0.1138,11.7556,64.6886,232.3143,0.2784,0.1826
2015-05-14T00:45:59.551Z,5.1242,70.6247,231.9937,0.3052,0.0734,-7.1068,63.5068,231.2742,0.2744,-0.1119,12.1,62.9224,231.8646,0.2719,0.1918
2015-05-14T00:46:59.885Z,4.9181,69.7869,231.8957,0.3009,0.0716,-7.6511,63.5526,231.5922,0.2743,-0.1214,12.0107,63.7337,231.6356,0.2753,0.1887
2015-05-14T00:47:59.344Z,5.3473,70.3217,231.1346,0.3044,0.0762,-7.1493,62.141,231.7101,0.2683,-0.1151,11.533,63.5909,231.7249,0.2744,0.1816
2015-05-14T00:48:59.809Z,5.4682,69.1665,231.194,0.299,0.0797,-7.0115,62.3693,231.2679,0.2695,-0.1154,11.7649,64.1399,231.9904,0.2766,0.1858
2015-05-14T00:49:59.467Z,4.6415,68.937,231.0369,0.2985,0.0673,-6.3929,63.399,231.9669,0.2727,-0.1024,11.6578,65.0042,232.0454,0.2804,0.1804
2015-05-14T00:50:59.714Z,5.37,68.6829,231.2921,0.2966,0.0786,-7.0657,62.5896,232.091,0.2698,-0.1152,11.6209,63.7059,232.2549,0.2742,0.1827
2015-05-14T00:51:59.868Z,5.4502,69.7512,231.5544,0.301,0.0781,-7.3118,61.3197,232.3098,0.2638,-0.1208,11.2896,62.6745,232.4702,0.2698,0.1825
2015-05-14T00:52:59.940Z,5.2799,70.5854,231.2411,0.3053,0.0743,-7.4315,61.2759,231.8893,0.2644,-0.1214,11.3154,63.7229,232.2213,0.2743,0.1784
2015-05-14T00:53:59.768Z,5.0267,69.6676,231.6582,0.3008,0.0731,-7.1999,61.8967,232.3512,0.266,-0.1169,11.0676,64.0326,232.7555,0.2751,0.1734
2015-05-14T00:54:59.189Z,4.8384,69.8152,231.796,0.3014,0.0708,-7.1742,64.0922,232.2971,0.2756,-0.1149,11.3776,63.1522,232.828,0.2717,0.1824
2015-05-14T00:55:59.177Z,5.1546,69.3331,231.3563,0.2989,0.0764,-7.5102,61.6119,232.4671,0.2646,-0.1223,11.3788,64.3529,233.0984,0.2763,0.1767
2015-05-14T00:56:59.329Z,4.8793,69.5918,231.0202,0.3014,0.0708,-7.3481,62.677,232.2009,0.2707,-0.1201,11.5999,63.9627,232.5436,0.2752,0.182
2015-05-14T00:57:59.764Z,4.6462,68.5561,231.1225,0.297,0.0693,-6.933,62.2662,231.8412,0.2688,-0.1109,11.8711,64.2721,231.5428,0.2768,0.1865
2015-05-14T00:58:59.485Z,4.8858,69.2522,231.076,0.2991,0.071,-7.1871,62.8382,231.7392,0.2707,-0.1153,12.0291,63.4104,231.2903,0.2748,0.19
2015-05-14T00:59:59.743Z,4.7896,67.7697,230.9278,0.2932,0.0697,-6.9245,64.1392,231.8224,0.2767,-0.11,11.4652,64.57,231.6515,0.279,0.1784
2015-05-14T01:00:59.888Z,4.9429,66.643,230.7008,0.2884,0.0773,-7.0795,61.9607,231.6824,0.2676,-0.1152,11.162,63.0115,232.193,0.2712,0.1775
2015-05-14T01:01:59.281Z,4.86,69.7581,230.3217,0.3032,0.069,-7.0134,62.4007,231.4082,0.2696,-0.1141,11.677,64.1728,231.8912,0.2768,0.1843
2015-05-14T01:02:59.493Z,4.5841,69.8699,230.6584,0.3026,0.0657,-7.0968,63.9684,231.5804,0.2765,-0.1133,12.2795,62.6581,231.3403,0.2709,0.1958
2015-05-14T01:03:59.717Z,5.0214,68.6837,230.1637,0.2985,0.074,-7.4931,62.1314,231.5064,0.2687,-0.1216,12.0016,64.39,231.6508,0.278,0.1873
2015-05-14T01:04:59.971Z,4.9365,68.5942,229.2387,0.2996,0.0729,-6.5621,61.2202,231.2045,0.2646,-0.1071,11.4197,63.8343,231.117,0.2765,0.1812
2015-05-14T01:05:59.747Z,4.8511,68.6651,230.0586,0.2982,0.072,-7.2142,63.0151,231.3121,0.2725,-0.1151,11.2109,63.6602,231.3008,0.2751,0.1792
2015-05-14T01:06:59.844Z,4.3981,69.4258,231.3316,0.2998,0.0644,-7.1707,63.6543,231.5695,0.2747,-0.1149,11.4276,63.7776,231.8619,0.2751,0.181
2015-05-14T01:07:59.130Z,4.7757,69.1473,231.5479,0.2988,0.0707,-6.7354,62.4062,231.5527,0.2691,-0.1119,11.5161,62.1499,231.8662,0.2689,0.1893
2015-05-14T01:08:59.485Z,4.7996,68.3393,230.6908,0.2957,0.0704,-6.8707,61.257,230.7996,0.2649,-0.1153,11.4843,62.3391,231.2518,0.2695,0.1871
2015-05-14T01:09:59.971Z,4.8874,70.1143,231.65,0.3021,0.0701,-6.7845,62.7217,231.6446,0.2705,-0.1102,11.2841,63.7288,231.8849,0.2743,0.1782
2015-05-14T01:10:59.429Z,5.1416,69.7101,232.4097,0.3002,0.0743,-7.1376,63.3709,232.1787,0.273,-0.1142,11.4567,64.159,232.4253,0.276,0.18
2015-05-14T01:11:59.883Z,4.8321,69.6646,232.0291,0.3,0.0696,-7.0575,61.6545,232.048,0.2659,-0.1158,12.0686,63.2104,233.0728,0.271,0.192
2015-05-14T01:12:59.782Z,6.5167,70.2507,232.2153,0.3023,0.0943,-7.6164,62.4486,231.7911,0.2699,-0.1247,11.5738,63.1536,233.7176,0.2701,0.1855
2015-05-14T01:13:59.276Z,6.1911,69.4527,231.9419,0.2994,0.0901,-7.2364,61.6984,231.973,0.2659,-0.1203,12.26,64.3678,233.734,0.2753,0.19
2015-05-14T01:14:59.466Z,6.6413,69.1919,231.9865,0.2984,0.0975,-7.8278,62.2567,232.3157,0.2682,-0.1275,11.6514,65.3966,233.4693,0.2802,0.1787
2015-05-14T01:15:59.853Z,6.4267,70.0425,232.4538,0.301,0.0938,-7.3836,62.772,231.6743,0.2703,-0.1199,11.9938,66.2403,233.7586,0.284,0.1814
2015-05-14T01:16:59.451Z,6.1368,69.4766,232.7416,0.2988,0.0894,-7.3271,63.5337,231.6702,0.2746,-0.117,11.9106,64.8133,234.1954,0.2762,0.1837
2015-05-14T01:17:59.734Z,5.9238,69.2774,232.5848,0.2979,0.0862,-7.9797,61.4643,232.2641,0.2642,-0.1314,11.6597,64.5157,233.9113,0.2757,0.1836
2015-05-14T01:18:59.094Z,6.7489,69.7454,232.3509,0.2997,0.0976,-7.4132,63.1867,232.5392,0.2719,-0.1201,11.5568,65.3676,233.7533,0.2794,0.1793
2015-05-14T01:19:59.858Z,6.1849,69.407,232.1101,0.2991,0.0908,-7.4445,61.275,229.029,0.2674,-0.1229,11.8863,63.8943,233.7035,0.2727,0.1867
2015-05-14T01:20:59.298Z,6.5879,70.1023,231.62,0.3029,0.0938,-7.6601,62.7634,230.347,0.2721,-0.1248,11.6677,64.542,233.0641,0.2771,0.1818
2015-05-14T01:21:59.565Z,6.9542,69.2253,231.4214,0.2992,0.1012,-7.3151,61.4218,231.2399,0.2656,-0.1222,11.4912,63.5109,232.9509,0.2726,0.181
2015-05-14T01:22:59.795Z,6.5778,68.7368,231.7421,0.2964,0.0976,-7.4373,61.3074,231.3533,0.2652,-0.124,11.6252,64.8237,232.9359,0.2787,0.1849
2015-05-14T01:23:59.118Z,6.2296,71.1332,232.0252,0.3063,0.0881,-7.4494,62.6054,231.5688,0.2707,-0.1226,11.4051,64.4656,232.4414,0.277,0.1781
2015-05-14T01:24:59.766Z,5.797,70.5022,231.8712,0.3042,0.0842,-7.7639,61.731,231.7957,0.2662,-0.1268,11.7709,65.9989,232.095,0.2849,0.1793
2015-05-14T01:25:59.073Z,6.2622,69.1732,231.2416,0.2991,0.0912,-7.6103,61.2327,232.4139,0.2637,-0.1249,11.7359,63.9533,232.8997,0.2748,0.1844
2015-05-14T01:26:59.304Z,6.4405,70.0926,231.3933,0.3029,0.0932,-7.6759,62.3064,232.9449,0.2676,-0.1225,11.8873,64.3863,233.3674,0.2758,0.1838
2015-05-14T01:27:59.788Z,5.8729,69.4122,231.2887,0.2999,0.0863,-7.7277,62.5403,232.7124,0.2687,-0.1263,11.6601,63.8122,233.1023,0.274,0.1833
2015-05-14T01:28:59.996Z,6.3577,69.0576,232.1033,0.2968,0.0924,-8.2331,63.4075,232.4324,0.2723,-0.1326,11.7579,65.1086,233.2157,0.2787,0.182
2015-05-14T01:29:59.664Z,6.2512,70.0999,232.5299,0.3013,0.0914,-7.8521,63.2086,232.6648,0.2723,-0.1255,11.8551,65.5215,233.372,0.2808,0.1819
2015-05-14T01:30:59.900Z,6.0807,68.8702,232.2024,0.2964,0.0881,-6.6277,62.3947,232.1343,0.2688,-0.108,11.4593,64.7853,232.9526,0.278,0.1781
2015-05-14T01:31:59.184Z,6.6944,69.8102,232.2349,0.3012,0.0978,-7.3726,62.0086,232.4272,0.2673,-0.1217,12.0374,63.7573,233.305,0.2736,0.1902
2015-05-14T01:32:59.513Z,6.3081,69.4152,232.4915,0.2985,0.0905,-7.4716,61.8618,232.4785,0.2658,-0.126,11.377,62.7063,233.6022,0.2685,0.1843
2015-05-14T01:33:59.760Z,6.359,69.7963,232.669,0.3002,0.0927,-7.4637,62.4066,232.4611,0.2684,-0.1198,11.5903,64.2963,233.6909,0.2747,0.1809
2015-05-14T01:34:59.237Z,6.2723,69.6174,232.5701,0.2993,0.091,-7.9169,62.9584,232.7394,0.2704,-0.1279,11.6408,65.3268,233.7887,0.2797,0.1782
2015-05-14T01:35:59.580Z,6.4815,70.5479,232.9066,0.3032,0.092,-7.7749,65.1891,233.1163,0.2798,-0.1205,11.5252,64.1665,234.3019,0.2735,0.1804
2015-05-14T01:36:59.114Z,5.89,69.4032,232.86,0.298,0.0861,-8.0294,62.2302,233.0139,0.2673,-0.1324,11.9844,64.7409,234.3192,0.2766,0.1883
2015-05-14T01:37:59.080Z,6.1829,69.5336,232.6395,0.2988,0.0901,-7.0057,64.7253,232.9769,0.278,-0.1097,12.1012,64.9726,233.9508,0.278,0.1865
2015-05-14T01:38:59.492Z,6.2313,70.7347,232.3299,0.3046,0.0887,-7.5629,62.3902,232.2393,0.2689,-0.1224,11.9357,66.4143,234.0372,0.2835,0.1811
2015-05-14T01:39:59.002Z,6.3626,69.3849,232.406,0.2982,0.0933,-8.1949,61.6538,232.14,0.2657,-0.1339,11.4429,65.3033,233.9557,0.2792,0.1777
2015-05-14T01:40:59.712Z,6.1399,69.9888,232.457,0.3009,0.0883,-7.2613,62.4355,232.1383,0.2689,-0.1168,11.582,65.5352,233.6003,0.2808,0.1788
2015-05-14T01:41:59.182Z,5.9089,69.7261,232.6724,0.2997,0.0857,-7.5699,64.5979,232.7307,0.2776,-0.1182,12.0832,64.4966,233.8247,0.2758,0.1873
2015-05-14T01:42:59.724Z,6.5588,68.7235,232.0741,0.2964,0.0966,-7.9317,63.5578,232.7229,0.273,-0.1284,11.7615,63.1742,233.8267,0.2704,0.192
2015-05-14T01:43:59.167Z,5.6727,70.3108,232.2596,0.3023,0.0803,-8.032,64.1607,233.1372,0.275,-0.1269,11.8619,65.113,233.7398,0.279,0.1831
2015-05-14T01:44:59.411Z,4.7364,69.8989,231.8834,0.302,0.0684,-7.0735,63.2886,232.7684,0.2719,-0.1121,11.5862,64.9379,232.8426,0.2786,0.1813
2015-05-14T01:45:59.704Z,5.3163,69.2827,231.9883,0.2988,0.0783,-7.2716,63.5999,232.7603,0.2736,-0.1162,11.7349,65.78,232.9778,0.2824,0.1804
2015-05-14T01:46:59.450Z,5.4486,69.0612,231.5593,0.2979,0.0787,-7.0644,63.2794,232.2152,0.2724,-0.1152,11.8879,64.4053,232.5194,0.2769,0.1873
2015-05-14T01:47:59.353Z,5.318,68.2751,232.2997,0.2935,0.0801,-7.6719,61.7864,232.5921,0.2656,-0.1256,11.4195,63.9378,232.5699,0.2754,0.183
2015-05-14T01:48:59.590Z,4.8392,68.6181,231.8392,0.296,0.0714,-7.4609,62.9018,232.6487,0.2705,-0.1202,11.3582,64.651,232.6113,0.2776,0.1769
2015-05-14T01:49:59.857Z,5.3078,70.3188,232.5345,0.3025,0.0754,-6.8561,64.635,233.1292,0.2771,-0.1075,11.8517,64.8891,232.8395,0.2789,0.1821
2015-05-14T01:50:59.046Z,5.7237,70.3397,232.8285,0.3031,0.0817,-7.7797,62.1396,233.0173,0.2671,-0.1257,11.8056,64.4381,232.2253,0.2776,0.1839
2015-05-14T01:51:59.434Z,5.339,69.4347,233.5549,0.2971,0.077,-6.8532,63.5037,234.0454,0.2716,-0.114,12.1041,63.6711,233.0297,0.2738,0.1918
2015-05-14T01:52:59.212Z,5.4067,69.9638,233.4223,0.2996,0.0784,-8.0149,64.9014,233.3771,0.2781,-0.1243,12.0659,62.502,231.8229,0.2692,0.1934
2015-05-14T01:53:59.704Z,4.8462,70.7149,233.2191,0.3028,0.07,-7.4991,63.1405,233.9555,0.269,-0.1224,11.8765,63.816,231.5915,0.2751,0.1866
2015-05-14T01:54:59.316Z,5.2447,70.1434,232.8801,0.3012,0.0748,-6.9622,64.4032,233.9343,0.2758,-0.1098,11.6702,64.1771,231.9363,0.2773,0.1832
2015-05-14T01:55:59.605Z,4.791,70.0938,232.5443,0.3011,0.0695,-7.0725,62.0377,233.5063,0.2657,-0.1155,11.367,64.2829,231.6573,0.2777,0.1774
2015-05-14T01:56:59.904Z,4.7977,69.6411,232.5229,0.2992,0.0696,-7.251,63.9702,233.5174,0.2742,-0.1146,11.4502,62.7807,231.7486,0.2709,0.1816
2015-05-14T01:57:59.628Z,5.0188,69.0042,232.3101,0.2971,0.0723,-7.5684,64.0441,233.2553,0.2749,-0.1183,11.6027,62.7413,231.662,0.2714,0.1881
2015-05-14T01:58:59.052Z,4.9221,69.9918,232.0013,0.3022,0.0724,-7.1659,62.8063,232.6992,0.2701,-0.1161,10.6363,62.7146,231.8466,0.2708,0.1708
2015-05-14T01:59:59.334Z,5.3389,69.5739,232.3617,0.2997,0.0765,-8.0145,64.278,233.4598,0.2753,-0.1251,11.5292,63.7263,231.8393,0.2745,0.1813
