2015-05-28T00:00:59.520Z,7.1177,70.7227,231.6924,0.3051,0.1024,-7.6478,65.1466,231.2167,0.2821,-0.1192,11.9531,69.0722,232.0292,0.2979,0.1755
2015-05-28T00:01:59.729Z,6.8451,73.4442,231.0873,0.3179,0.0938,-8.276,67.8797,230.9621,0.2935,-0.1214,12.112,69.213,231.7222,0.2992,0.1773
2015-05-28T00:02:59.905Z,5.9613,73.9602,231.3148,0.3193,0.0797,-8.0384,65.9546,231.4938,0.2852,-0.1222,11.919,67.6666,231.828,0.2922,0.1769
2015-05-28T00:03:59.665Z,6.3544,73.0523,231.434,0.3152,0.0877,-7.9459,66.5822,231.7863,0.2868,-0.1238,12.2037,67.3919,232.003,0.2903,0.1851
2015-05-28T00:04:59.005Z,7.3001,72.3367,230.6448,0.3137,0.1022,-8.3186,65.1427,230.7467,0.2822,-0.1289,12.0501,68.0226,231.1096,0.2944,0.1814
2015-05-28T00:05:59.342Z,6.5433,73.3464,231.5669,0.3166,0.0904,-8.1992,68.2499,231.7411,0.2944,-0.1232,12.1405,69.2327,232.184,0.2982,0.1766
2015-05-28T00:06:59.104Z,6.1193,73.2166,232.477,0.3144,0.0857,-7.6576,67.566,232.527,0.2908,-0.1142,12.1382,68.6586,232.8777,0.2946,0.1765
2015-05-28T00:07:59.342Z,6.1557,73.2212,232.0168,0.3155,0.0851,-8.0442,67.9199,232.7441,0.2921,-0.1224,12.569,68.5041,233.2759,0.294,0.1853
2015-05-28T00:08:59.280Z,6.1118,74.1648,232.1334,0.3197,0.0843,-7.6799,66.9519,232.6525,0.2879,-0.1153,12.4001,69.1945,233.918,0.2957,0.1791
2015-05-28T00:09:59.406Z,6.6949,74.746,232.8057,0.3213,0.0902,-7.5786,64.7779,232.4949,0.2784,-0.1171,12.1574,67.057,234.0674,0.2863,0.1795
2015-05-28T00:10:59.842Z,4.8712,74.4163,233.1838,0.3188,0.0655,-7.3849,67.1838,232.7473,0.2886,-0.1101,12.5753,69.8366,233.5181,0.2989,0.1808
2015-05-28T00:11:59.201Z,4.6586,75.316,232.4907,0.3243,0.0633,-7.678,67.4901,233.2018,0.29,-0.1142,12.0027,69.785,232.8094,0.3001,0.1711
2015-05-28T00:12:59.032Z,5.092,74.3354,233.0405,0.3192,0.0692,-7.2138,67.5429,233.084,0.2897,-0.1071,12.6423,68.2719,232.709,0.293,0.1858
2015-05-28T00:13:59.272Z,4.9049,74.5093,233.293,0.3192,0.0682,-7.481,68.9026,233.1434,0.296,-0.1079,12.3492,68.6466,232.8967,0.2952,0.1796
2015-05-28T00:14:59.631Z,5.1874,74.7942,233.5962,0.3203,0.0704,-7.7535,68.6263,233.2913,0.294,-0.1152,11.9823,70.7818,233.2103,0.3037,0.1703
2015-05-28T00:15:59.983Z,4.9588,73.2009,233.0913,0.3142,0.0688,-7.4856,68.1543,233.3649,0.2914,-0.1096,11.3452,67.1425,232.8595,0.2882,0.1682
2015-05-28T00:16:59.372Z,5.8616,73.5673,233.1989,0.3153,0.0794,-7.116,68.5492,233.8236,0.2937,-0.106,12.0018,69.2343,233.2699,0.2972,0.1744
2015-05-28T00:17:59.339Z,4.722,72.8196,232.307,0.3134,0.0647,-7.8313,68.3885,234.3387,0.292,-0.1145,12.0918,69.3689,233.8327,0.2965,0.1743
2015-05-28T00:18:59.590Z,4.9418,73.2434,232.7604,0.3149,0.0676,-7.8484,66.823,234.7155,0.2846,-0.1191,11.632,69.8505,233.5169,0.2988,0.1664
2015-05-28T00:19:59.924Z,5.0452,74.3818,232.928,0.3191,0.0673,-6.931,69.0618,234.7761,0.2941,-0.105,11.3292,67.4758,233.2841,0.2892,0.1718
2015-05-28T00:20:59.493Z,4.9949,75.205,233.6778,0.3221,0.0674,-7.3243,69.7651,234.4131,0.2978,-0.1069,12.0642,69.109,233.2557,0.2963,0.1738
2015-05-28T00:21:59.819Z,5.6651,73.688,234.1813,0.3152,0.0775,-7.7319,67.9122,234.3024,0.2901,-0.1156,12.3107,69.4216,233.0901,0.2981,0.1778
2015-05-28T00:22:59.132Z,5.0274,73.1424,233.9081,0.3129,0.0682,-7.6671,67.7758,233.9949,0.2894,-0.1151,12.7301,70.2097,232.9163,0.3014,0.1812
2015-05-28T00:23:59.342Z,4.5964,74.3864,233.2895,0.3189,0.0645,-7.3453,67.5498,233.4697,0.2891,-0.1115,12.3256,67.8804,233.2341,0.2909,0.1826
2015-05-28T00:24:59.650Z,4.8139,73.339,233.705,0.3137,0.0668,-7.0649,65.9885,233.2832,0.2827,-0.108,12.1315,68.6426,233.03,0.2946,0.1768
2015-05-28T00:25:59.634Z,5.633,74.7992,234.2323,0.3198,0.0755,-8.0222,67.6,233.3938,0.2897,-0.1199,12.2929,69.8066,233.2457,0.2995,0.1769
2015-05-28T00:26:59.854Z,5.2288,74.896,234.1925,0.3196,0.0711,-7.0218,68.8114,233.7041,0.2948,-0.1059,12.4831,68.3408,233.1801,0.2932,0.1854
2015-05-28T00:27:59.668Z,6.3602,75.3757,234.2003,0.3216,0.0858,-7.5532,67.3196,233.3053,0.2881,-0.1146,12.3778,69.1787,233.2002,0.2965,0.1788
2015-05-28T00:28:59.232Z,6.3438,72.8863,234.2869,0.311,0.0881,-7.9922,66.7584,233.4461,0.2862,-0.1244,12.4386,68.1789,233.6068,0.2923,0.186
2015-05-28T00:29:59.855Z,6.3703,73.7299,234.5661,0.314,0.0867,-7.8747,69.0782,233.8196,0.2953,-0.1173,11.6529,69.2574,233.9148,0.2959,0.1696
2015-05-28T00:30:59.195Z,7.0849,75.5089,233.8188,0.3228,0.0927,-8.2964,68.4632,233.1288,0.2942,-0.1216,12.3019,68.829,233.4531,0.2947,0.1791
2015-05-28T00:31:59.580Z,6.5315,74.8347,233.8887,0.3198,0.088,-8.0405,67.9574,233.532,0.2912,-0.1202,12.1941,70.4524,233.4759,0.3012,0.1729
2015-05-28T00:32:59.036Z,7.1194,73.6516,233.4802,0.3158,0.0983,-8.0674,67.9111,233.3433,0.2914,-0.1218,12.8111,68.7621,233.2327,0.2949,0.1881
2015-05-28T00:33:59.538Z,7.114,73.6228,232.8158,0.3161,0.0983,-7.8012,65.293,232.0435,0.2818,-0.1223,12.4404,69.3217,232.5571,0.2983,0.1812
2015-05-28T00:34:59.949Z,5.737,73.9725,232.5462,0.3179,0.0778,-7.9912,69.449,231.6688,0.2999,-0.1171,12.1705,68.7451,232.007,0.2962,0.1779
2015-05-28T00:35:59.773Z,6.6553,74.828,232.4559,0.3218,0.0903,-7.7722,66.7508,231.2753,0.2886,-0.1161,12.5669,69.5763,231.8459,0.3,0.1808
2015-05-28T00:36:59.262Z,6.8062,74.272,232.0814,0.3197,0.0912,-8.1496,66.9304,231.572,0.2891,-0.124,12.6817,68.653,231.7169,0.2968,0.1849
2015-05-28T00:37:59.526Z,6.3128,74.8892,232.5952,0.3213,0.085,-7.9279,68.4861,231.8139,0.2951,-0.1155,12.2686,68.4359,231.8439,0.2946,0.1798
2015-05-28T00:38:59.303Z,6.7907,72.7009,232.579,0.3128,0.0943,-8.4659,67.8793,231.7899,0.2929,-0.1253,12.1189,68.9411,231.1778,0.2983,0.1762
2015-05-28T00:39:59.524Z,6.7903,73.1062,231.8759,0.3153,0.0926,-8.3167,67.946,231.8738,0.2934,-0.124,12.0449,68.9413,230.8668,0.2987,0.177
2015-05-28T00:40:59.807Z,6.9289,73.4255,231.7896,0.3167,0.0948,-7.5826,67.8973,232.2064,0.2926,-0.114,11.9123,67.9864,229.8545,0.2955,0.176
2015-05-28T00:41:59.281Z,5.9821,73.8974,231.7697,0.3184,0.0814,-7.6728,66.643,231.8326,0.287,-0.1171,11.9927,67.8922,229.5557,0.2958,0.1768
2015-05-28T00:42:59.607Z,5.5604,72.8942,231.2138,0.3152,0.0774,-8.0148,67.6727,231.782,0.292,-0.1201,12.3891,67.5785,230.1575,0.2934,0.1866
2015-05-28T00:43:59.916Z,6.683,73.642,231.5324,0.3177,0.0921,-8.2902,66.5317,232.1099,0.2861,-0.1279,11.8374,68.1857,231.1334,0.2951,0.1768
2015-05-28T00:44:59.201Z,6.3782,74.1083,231.1562,0.3203,0.0863,-7.6043,67.7665,232.296,0.2918,-0.1133,11.8747,68.1712,231.3471,0.2943,0.1748
2015-05-28T00:45:59.556Z,6.4104,72.8877,230.3785,0.316,0.0889,-8.3398,66.6454,232.1757,0.2867,-0.1257,11.5923,68.5021,231.7753,0.2959,0.1717
2015-05-28T00:46:59.815Z,5.1885,73.7226,231.0037,0.3192,0.0707,-7.5595,67.2063,232.1353,0.289,-0.1136,11.9603,69.5057,232.1459,0.2998,0.1722
2015-05-28T00:47:59.970Z,6.9558,72.9647,230.9093,0.3157,0.0958,-7.6113,66.7849,232.3932,0.287,-0.1196,12.2369,66.7631,232.1835,0.2878,0.1865
2015-05-28T00:48:59.177Z,6.2007,73.6548,231.0809,0.3183,0.0856,-8.0693,68.1233,232.2397,0.2936,-0.12,11.9467,67.4082,232.0713,0.2903,0.1778
2015-05-28T00:49:59.533Z,6.9646,74.0453,231.2527,0.3201,0.0943,-7.2573,68.4779,232.5718,0.2942,-0.1065,11.7966,68.836,232.9489,0.2952,0.1722
2015-05-28T00:50:59.170Z,6.3866,73.6433,230.5664,0.3195,0.0866,-7.6776,68.0238,232.5605,0.2923,-0.1159,12.2946,69.5413,232.7469,0.2992,0.1766
2015-05-28T00:51:59.865Z,5.977,72.8707,230.259,0.317,0.0815,-8.0883,67.9864,232.9224,0.292,-0.1207,12.3705,69.8386,232.766,0.3,0.1779
2015-05-28T00:52:59.280Z,6.4874,74.1601,230.3278,0.3218,0.0883,-8.0662,66.5946,232.5291,0.2862,-0.1234,11.7924,67.8046,232.7188,0.2912,0.1784
2015-05-28T00:53:59.612Z,6.6781,73.7101,230.731,0.3197,0.0918,-8.527,66.7487,231.7813,0.2882,-0.1299,12.9322,69.0125,232.19,0.2975,0.1889
2015-05-28T00:54:59.963Z,6.3941,73.1762,231.4388,0.3159,0.0886,-7.8596,66.8042,231.9582,0.2882,-0.1182,12.1955,69.3283,232.5762,0.2985,0.1776
2015-05-28T00:55:59.526Z,6.5816,74.0749,231.5189,0.3201,0.0897,-8.0958,66.3404,231.538,0.2868,-0.1232,12.0941,69.2889,232.479,0.2986,0.1761
2015-05-28T00:56:59.491Z,6.4927,73.6069,231.6174,0.3176,0.0892,-8.3753,66.8755,231.2284,0.289,-0.1278,11.6167,70.9385,232.9369,0.3043,0.1638
2015-05-28T00:57:59.745Z,6.322,72.7674,231.5876,0.3144,0.0892,-7.5245,66.5788,230.8802,0.2884,-0.1208,12.0273,67.4923,232.8808,0.2895,0.1831
2015-05-28T00:58:59.139Z,5.8597,74.7196,231.9422,0.3219,0.0791,-7.3232,67.2416,231.4178,0.2907,-0.11,12.4892,70.0291,232.69,0.3007,0.1773
2015-05-28T00:59:59.029Z,4.5485,73.6393,232.1538,0.3174,0.0627,-7.2564,68.1774,232.3834,0.2935,-0.1068,12.0411,68.0689,232.5884,0.2924,0.1777
