2015-03-28T00:00:59.831Z,6.2244,46.3388,230.4103,0.2012,0.1354,-6.3077,35.1986,228.9198,0.1538,-0.1903,10.6742,40.0765,233.7003,0.1715,0.2752
2015-03-28T00:01:59.304Z,6.6251,48.034,231.2194,0.208,0.1361,-7.9317,37.1614,230.601,0.1613,-0.2156,10.7034,38.2044,234.4967,0.1631,0.2906
2015-03-28T00:02:59.579Z,6.4923,47.6322,230.2923,0.2071,0.1346,-7.1756,34.8977,231.4558,0.1508,-0.2066,10.6062,38.9044,233.2402,0.1668,0.2877
2015-03-28T00:03:59.877Z,6.5704,47.5389,229.7607,0.2063,0.1384,-6.6862,35.3032,231.339,0.1524,-0.2016,10.4932,37.3517,233.043,0.1603,0.2942
2015-03-28T00:04:59.426Z,5.981,48.2932,230.2174,0.2098,0.1233,-6.5009,34.9774,231.6446,0.1509,-0.196,10.3657,38.7259,233.2112,0.166,0.2749
2015-03-28T00:05:59.846Z,5.1412,47.9282,230.3192,0.2084,0.1084,-6.2727,34.9196,232.2699,0.1504,-0.1934,10.9893,36.8281,233.8466,0.1571,0.3057
2015-03-28T00:06:59.053Z,5.006,48.0646,230.097,0.2083,0.1039,-6.1487,34.1647,232.3018,0.1474,-0.187,11.3426,38.2493,233.779,0.1634,0.3021
2015-03-28T00:07:59.410Z,4.9026,48.3448,231.2007,0.2095,0.1031,-6.6951,35.5974,232.2031,0.1536,-0.1916,10.1802,37.5865,234.1381,0.1605,0.2848
2015-03-28T00:08:59.141Z,5.3322,47.5496,230.6593,0.2055,0.1127,-6.4387,36.0157,232.6851,0.1547,-0.1876,11.05,38.9549,234.178,0.1664,0.2965
2015-03-28T00:09:59.428Z,4.8753,48.4016,229.9593,0.2103,0.1009,-6.6811,35.6205,230.926,0.1541,-0.1943,11.077,35.9732,232.8914,0.1549,0.3158
2015-03-28T00:10:59.929Z,5.1979,48.4261,229.9839,0.2109,0.1068,-6.5788,34.4596,230.8157,0.1495,-0.1982,10.5693,38.7161,232.8252,0.1661,0.2792
2015-03-28T00:11:59.463Z,6.6299,48.1289,229.9087,0.2097,0.1379,-7.0673,35.0612,231.2196,0.1521,-0.2104,10.2416,37.3593,232.8897,0.1601,0.2912
2015-03-28T00:12:59.043Z,6.6836,48.5599,230.3622,0.2102,0.1402,-6.7254,35.5139,230.4362,0.1543,-0.204,10.6127,37.3201,233.1536,0.1603,0.29
2015-03-28T00:13:59.871Z,6.3288,48.6898,230.5425,0.2108,0.1298,-6.9247,36.212,228.1551,0.1584,-0.2025,10.5944,38.4439,234.0129,0.1644,0.291
2015-03-28T00:14:59.147Z,6.9649,47.9315,229.677,0.2088,0.1443,-6.8503,32.7613,229.2794,0.1431,-0.2162,10.8474,39.1498,233.3042,0.1681,0.2849
2015-03-28T00:15:59.609Z,6.5097,48.3827,229.4151,0.2108,0.1348,-6.4132,37.0085,230.1224,0.1604,-0.1821,11.2075,38.2418,232.9129,0.1645,0.299
2015-03-28T00:16:59.907Z,5.9423,48.3387,230.2109,0.2104,0.1232,-6.8805,34.4514,230.86,0.149,-0.2102,10.4224,37.7414,233.8641,0.161,0.2843
2015-03-28T00:17:59.030Z,5.9718,47.2874,230.8378,0.2049,0.1262,-7.2243,32.9834,231.395,0.1422,-0.2257,10.9317,38.7698,234.5217,0.165,0.2843
2015-03-28T00:18:59.279Z,6.4732,47.6019,231.2401,0.2056,0.1373,-7.2011,33.8199,232.2951,0.1456,-0.2192,11.0818,40.4855,234.6824,0.1725,0.2788
2015-03-28T00:19:59.482Z,6.7087,47.9857,230.9579,0.2083,0.1391,-6.8772,33.9027,231.7579,0.146,-0.2127,11.0502,37.8603,234.14,0.1615,0.2992
2015-03-28T00:20:59.762Z,6.7762,48.1634,230.6932,0.2092,0.1392,-7.1767,34.7515,231.2502,0.1503,-0.2157,10.3699,38.0713,233.7173,0.163,0.2803
2015-03-28T00:21:59.550Z,6.7032,48.7826,230.649,0.2114,0.1371,-7.2203,35.9492,231.7881,0.1552,-0.2064,10.892,39.2179,233.7768,0.1675,0.2868
2015-03-28T00:22:59.993Z,6.1314,48.731,230.182,0.2115,0.1253,-7.047,33.4952,230.7952,0.1455,-0.2169,10.5035,35.8888,232.7564,0.154,0.3002
2015-03-28T00:23:59.304Z,6.499,48.0686,229.3522,0.2096,0.1352,-6.6557,38.9371,230.0512,0.1691,-0.18,10.8932,37.772,232.0603,0.1634,0.2914
2015-03-28T00:24:59.572Z,6.3255,48.4684,229.1767,0.211,0.1301,-6.7259,35.6748,230.2535,0.1554,-0.2009,10.4567,38.2991,232.4107,0.1647,0.2816
2015-03-28T00:25:59.865Z,6.6622,47.5232,229.5513,0.2074,0.1396,-6.9136,35.1918,230.5716,0.1525,-0.2012,11.2848,37.1403,232.434,0.1597,0.3111
2015-03-28T00:26:59.097Z,6.6,48.5304,229.4722,0.212,0.1334,-6.8753,34.0146,230.8816,0.1474,-0.2166,10.9582,39.1019,232.4711,0.1683,0.294
2015-03-28T00:27:59.667Z,6.3591,48.5888,229.9891,0.2111,0.1304,-6.6761,35.6426,231.5745,0.1536,-0.1946,10.5238,37.4991,233.1648,0.1603,0.2879
2015-03-28T00:28:59.421Z,6.2169,47.5876,230.4544,0.2066,0.1315,-6.4475,33.5582,231.4709,0.1449,-0.2057,10.5065,36.9148,233.0271,0.1588,0.299
2015-03-28T00:29:59.689Z,4.688,48.4711,230.2891,0.2099,0.0956,-7.016,35.436,230.9164,0.1534,-0.1999,11.3933,37.8273,232.1692,0.1624,0.3064
2015-03-28T00:30:59.371Z,4.9257,46.9094,230.5757,0.2031,0.105,-6.5514,35.8526,228.4344,0.1569,-0.1858,10.5516,39.4278,233.2733,0.1696,0.2826
2015-03-28T00:31:59.807Z,5.3111,48.1558,230.7163,0.209,0.1089,-6.9426,35.0073,230.3141,0.152,-0.2061,10.751,38.3655,233.1559,0.1646,0.2899
2015-03-28T00:32:59.636Z,5.496,48.5433,230.6809,0.2105,0.114,-6.9936,33.8662,230.8558,0.1468,-0.2137,10.7256,38.7471,232.8181,0.1663,0.2855
2015-03-28T00:33:59.938Z,6.6243,48.201,231.0319,0.2085,0.1376,-7.3684,35.0007,230.7626,0.1522,-0.2151,10.7779,36.5873,232.9164,0.1567,0.3059
2015-03-28T00:34:59.202Z,6.6257,48.0591,230.5497,0.2087,0.1374,-7.1094,33.0374,230.6992,0.1437,-0.2236,11.0523,37.8931,233.5413,0.1622,0.3033
2015-03-28T00:35:59.044Z,6.6104,48.4386,231.075,0.2102,0.1348,-7.2086,35.736,231.0159,0.1549,-0.2056,10.8577,37.7303,233.902,0.1613,0.2958
2015-03-28T00:36:59.317Z,6.3836,48.569,230.3348,0.211,0.1311,-7.0951,34.1318,230.7979,0.1482,-0.2137,10.5201,38.0204,233.0528,0.1633,0.2795
2015-03-28T00:37:59.738Z,6.5122,48.7107,230.8379,0.2114,0.1332,-6.7991,35.7615,231.6069,0.1549,-0.2015,10.5491,37.0371,233.4621,0.1589,0.2955
2015-03-28T00:38:59.158Z,6.7262,48.5364,230.908,0.2101,0.14,-6.9904,35.8083,231.7916,0.1543,-0.2039,10.8199,37.8963,233.3611,0.1627,0.2883
2015-03-28T00:39:59.526Z,5.9895,47.7095,229.967,0.2074,0.1255,-6.4859,34.8984,231.3008,0.151,-0.2007,10.4141,38.2676,233.3095,0.1645,0.2804
2015-03-28T00:40:59.891Z,6.4368,47.6432,230.7058,0.2068,0.1343,-6.4687,36.7513,231.7814,0.1582,-0.1875,11.2248,38.5274,232.0926,0.1662,0.2979
2015-03-28T00:41:59.179Z,6.3369,49.3011,231.0748,0.2133,0.1284,-6.7507,36.2608,232.7074,0.1554,-0.1936,10.8763,38.1651,232.4551,0.1642,0.2914
2015-03-28T00:42:59.683Z,6.7984,48.2449,230.7337,0.2096,0.1412,-7.1509,36.5525,233.2176,0.1565,-0.2065,11.1315,38.6675,234.4171,0.1652,0.2948
2015-03-28T00:43:59.918Z,6.6355,48.7165,230.7438,0.2114,0.1359,-7.2567,35.7803,232.3412,0.1541,-0.2154,10.5649,37.3725,234.0301,0.1602,0.2932
2015-03-28T00:44:59.379Z,6.0732,48.4042,230.7341,0.2101,0.1276,-7.7149,37.4957,232.4542,0.1609,-0.2103,10.9117,37.971,234.0301,0.162,0.2933
2015-03-28T00:45:59.798Z,6.6914,48.1672,230.2632,0.2093,0.1368,-6.1991,33.9965,232.0354,0.1463,-0.1996,11.1422,38.859,233.8559,0.1663,0.2982
2015-03-28T00:46:59.044Z,6.4596,47.6527,229.896,0.2065,0.1348,-7.1239,35.4225,230.9462,0.1537,-0.2055,10.9521,39.3056,232.9693,0.1687,0.2867
2015-03-28T00:47:59.332Z,6.4858,48.6707,230.0915,0.212,0.1342,-6.6736,36.5445,230.959,0.1578,-0.1974,11.063,37.5473,232.8485,0.1608,0.299
2015-03-28T00:48:59.624Z,6.36,47.7553,230.6613,0.2069,0.1325,-6.509,33.2223,231.2422,0.1434,-0.2035,10.4077,39.6731,233.1765,0.1702,0.272
2015-03-28T00:49:59.336Z,6.681,48.3402,230.2534,0.2096,0.1398,-6.8997,36.2867,230.5435,0.1577,-0.2012,10.5845,38.2881,232.4893,0.1641,0.2813
2015-03-28T00:50:59.618Z,6.577,48.1005,229.7658,0.209,0.1384,-6.5399,33.9191,230.1057,0.147,-0.2047,10.6773,37.5034,231.9701,0.1615,0.294
2015-03-28T00:51:59.916Z,6.8329,48.4926,230.6208,0.2103,0.1412,-7.09,35.7727,230.9962,0.1541,-0.208,11.0279,39.4175,232.5669,0.1695,0.2856
2015-03-28T00:52:59.441Z,4.9257,48.2286,231.6152,0.2081,0.1012,-6.6615,34.263,232.2736,0.1475,-0.1973,10.7716,38.4473,233.1414,0.1647,0.2881
2015-03-28T00:53:59.661Z,5.0411,47.8403,231.4288,0.207,0.106,-6.8935,34.1802,232.4781,0.1463,-0.207,10.8713,38.3464,232.997,0.1648,0.2901
2015-03-28T00:54:59.004Z,5.0254,48.6322,231.321,0.2101,0.1033,-6.4522,35.5637,232.5801,0.1532,-0.1897,10.703,37.97,233.5848,0.1628,0.2882
2015-03-28T00:55:59.357Z,5.3002,47.9367,230.9449,0.2071,0.1101,-6.9154,36.7788,229.4707,0.1604,-0.1951,11.1491,39.633,234.031,0.169,0.2914
2015-03-28T00:56:59.838Z,5.1287,47.7826,230.5849,0.2073,0.1066,-6.4376,34.5016,231.7453,0.1492,-0.1951,11.1474,38.4628,233.5027,0.1651,0.2986
2015-03-28T00:57:59.101Z,5.8963,48.348,230.7333,0.21,0.1233,-6.4879,34.2462,232.7436,0.1471,-0.192,11.3454,38.9717,233.6354,0.1669,0.2989
2015-03-28T00:58:59.286Z,4.3645,47.9222,230.6981,0.2075,0.0914,-6.5104,36.6436,232.6048,0.1578,-0.1876,10.4936,38.4635,233.5823,0.1653,0.2847
2015-03-28T00:59:59.747Z,4.9653,48.1135,230.2277,0.2087,0.1021,-6.6774,36.1217,231.421,0.156,-0.1974,10.5905,37.8082,232.5264,0.1626,0.2958
2015-03-28T01:00:59.059Z,4.3472,45.7208,230.0666,0.1988,0.0957,-6.574,35.7469,231.9075,0.1543,-0.1906,10.8013,38.1182,231.7211,0.1644,0.2921
2015-03-28T01:01:59.902Z,5.3817,48.3341,229.7894,0.2098,0.109,-6.9691,35.6052,231.9858,0.1531,-0.206,10.4809,38.1948,232.2728,0.1643,0.2823
2015-03-28T01:02:59.415Z,6.7329,48.6531,229.5582,0.2119,0.14,-6.3948,33.8597,232.2176,0.146,-0.2063,10.7384,37.5102,232.6567,0.1618,0.2942
2015-03-28T01:03:59.601Z,6.2256,47.626,229.0918,0.2076,0.1313,-7.3543,36.8733,232.1718,0.1586,-0.2071,10.8586,39.3048,232.5102,0.1684,0.2885
2015-03-28T01:04:59.982Z,5.6473,48.0509,229.1224,0.2093,0.1182,-6.3898,32.9892,231.3832,0.1425,-0.2048,10.8109,38.4505,232.5134,0.1651,0.284
2015-03-28T01:05:59.659Z,6.0536,46.5244,228.3725,0.2038,0.1297,-6.5653,34.3116,231.1447,0.1482,-0.1995,10.5078,39.6722,231.7776,0.1715,0.2755
2015-03-28T01:06:59.914Z,6.146,48.7743,228.8001,0.2125,0.127,-6.8888,34.7287,231.0966,0.1502,-0.2056,10.4242,38.1401,231.8968,0.1646,0.2816
2015-03-28T01:07:59.399Z,6.9623,48.127,228.9992,0.2102,0.1459,-6.9188,35.1009,231.3697,0.1521,-0.2094,10.6838,37.0363,232.1166,0.1593,0.2957
2015-03-28T01:08:59.753Z,6.4592,47.9615,227.8871,0.2108,0.1341,-6.7443,35.9326,231.3351,0.1552,-0.1984,10.2074,36.6546,231.6353,0.1584,0.2818
2015-03-28T01:09:59.216Z,5.4911,47.9722,228.2296,0.2103,0.1144,-6.6808,36.4143,231.1996,0.1581,-0.1949,10.5798,37.8207,231.519,0.163,0.2931
2015-03-28T01:10:59.756Z,5.012,48.0349,227.5086,0.2109,0.1074,-6.3915,32.0298,229.8092,0.1391,-0.2056,10.9737,37.2389,230.7342,0.1615,0.3019
2015-03-28T01:11:59.049Z,6.327,47.4799,228.753,0.2076,0.1333,-6.842,35.8997,230.1504,0.1562,-0.1994,10.5669,38.3023,231.3046,0.166,0.2844
2015-03-28T01:12:59.317Z,6.0369,48.2947,229.4947,0.21,0.1245,-6.5457,33.1849,228.2022,0.1457,-0.2052,11.2335,38.8892,232.2798,0.1676,0.2954
2015-03-28T01:13:59.711Z,4.9642,47.7149,229.7552,0.2075,0.1039,-5.993,35.1382,228.6353,0.1533,-0.1796,10.1658,37.2201,232.5103,0.1599,0.2832
2015-03-28T01:14:59.073Z,5.2538,48.2854,230.1823,0.2096,0.1088,-6.2168,34.9607,230.8648,0.1513,-0.1898,10.9721,39.1212,231.5578,0.1692,0.288
2015-03-28T01:15:59.392Z,5.0216,48.9675,230.0984,0.2125,0.1047,-6.0616,35.4491,231.2016,0.1532,-0.1829,10.3712,38.7999,232.4464,0.1666,0.28
2015-03-28T01:16:59.888Z,6.7462,48.4336,229.4199,0.2112,0.1397,-6.8229,35.0248,230.5277,0.1514,-0.2071,10.9535,37.0735,232.6099,0.159,0.3039
2015-03-28T01:17:59.327Z,6.6066,48.2871,230.4756,0.2096,0.1352,-6.7713,37.5369,230.8702,0.1626,-0.1927,10.9848,38.9291,233.1019,0.1664,0.2897
2015-03-28T01:18:59.076Z,6.1156,47.9143,230.2486,0.2079,0.1279,-7.1721,35.7626,231.2949,0.1541,-0.2086,10.8347,38.6342,233.3877,0.1658,0.284
2015-03-28T01:19:59.659Z,6.8198,48.4627,230.0433,0.2109,0.1404,-7.0248,36.2486,230.47,0.1578,-0.2052,10.8487,36.6968,232.9101,0.1577,0.3023
2015-03-28T01:20:59.934Z,6.9153,48.4351,231.1087,0.2099,0.1418,-7.021,34.6607,230.3203,0.1505,-0.2111,10.7342,37.298,232.8607,0.1599,0.296
2015-03-28T01:21:59.320Z,5.2042,47.8749,231.4718,0.2067,0.1084,-6.5706,35.0938,230.6123,0.1518,-0.1956,10.7553,37.8072,232.7432,0.1624,0.2951
2015-03-28T01:22:59.175Z,5.975,47.0241,231.1863,0.204,0.1258,-6.3813,35.8396,230.0249,0.1556,-0.1844,10.7567,39.1763,232.307,0.1684,0.2892
2015-03-28T01:23:59.421Z,6.5758,48.6217,231.1713,0.2099,0.1355,-6.479,36.1066,230.4938,0.1567,-0.1964,10.5904,37.7507,232.4999,0.162,0.2901
2015-03-28T01:24:59.592Z,7.1181,48.254,231.1366,0.2087,0.1466,-6.9021,33.5232,230.2227,0.1451,-0.214,10.8568,38.0779,233.1913,0.1631,0.2876
2015-03-28T01:25:59.929Z,6.5844,48.8568,231.1819,0.2115,0.1332,-7.0344,35.8807,230.5754,0.1552,-0.204,10.9918,39.123,233.2143,0.1678,0.2901
2015-03-28T01:26:59.363Z,6.1371,48.3314,231.4694,0.2089,0.1283,-6.91,36.5036,231.2319,0.1579,-0.2007,10.4396,38.1507,233.2234,0.1634,0.2832
2015-03-28T01:27:59.063Z,6.4348,48.6499,231.5423,0.2101,0.1329,-6.8335,35.3534,230.7232,0.1529,-0.2051,11.1701,37.4712,232.919,0.1608,0.3047
2015-03-28T01:28:59.333Z,6.6901,48.9296,231.7952,0.2111,0.1362,-7.2321,35.7936,231.1685,0.1548,-0.2098,11.1686,37.5329,233.3008,0.1612,0.3066
2015-03-28T01:29:59.605Z,6.6659,48.8378,232.223,0.2103,0.137,-6.7664,35.5107,231.3245,0.1538,-0.202,10.2677,38.1895,233.2703,0.1638,0.2812
2015-03-28T01:30:59.010Z,6.1207,47.491,230.8283,0.206,0.1304,-7.0253,35.5462,231.2601,0.1539,-0.2123,11.4291,39.3437,232.6028,0.1693,0.2962
2015-03-28T01:31:59.788Z,6.5765,48.1035,230.1964,0.2091,0.1332,-7.1404,35.3382,231.2465,0.1527,-0.2095,10.7928,38.7555,232.6088,0.1667,0.2872
2015-03-28T01:32:59.241Z,6.2817,48.1603,230.4288,0.2083,0.1318,-7.3034,34.5907,230.9329,0.1501,-0.2194,10.7721,39.1811,232.6473,0.1686,0.2858
2015-03-28T01:33:59.598Z,6.8763,48.4309,230.282,0.2105,0.1414,-7.5178,34.4597,230.7314,0.1491,-0.2255,10.5058,38.1423,232.7037,0.1644,0.2829
2015-03-28T01:34:59.465Z,6.3825,47.8044,229.7308,0.2075,0.1309,-7.2813,37.1427,230.8488,0.1608,-0.206,10.771,38.1823,232.4323,0.1642,0.2863
2015-03-28T01:35:59.668Z,6.5413,48.3776,229.9884,0.2101,0.1352,-6.5773,35.1781,230.5244,0.1522,-0.2013,10.5636,37.8721,232.0576,0.1637,0.2879
2015-03-28T01:36:59.881Z,6.9775,48.6182,230.7484,0.2105,0.142,-7.0593,33.4839,230.0839,0.1455,-0.2179,10.4093,36.7523,230.8723,0.159,0.2948
2015-03-28T01:37:59.423Z,6.6447,48.1329,230.7768,0.2088,0.137,-7.306,36.0788,229.9611,0.1568,-0.2079,11.0256,38.6208,231.0176,0.1681,0.2938
2015-03-28T01:38:59.889Z,6.4166,48.2287,231.0554,0.2087,0.1321,-6.8691,34.8949,230.6542,0.1511,-0.2051,10.3337,37.2193,232.6023,0.1598,0.2904
2015-03-28T01:39:59.132Z,6.5693,47.9721,230.9798,0.208,0.1361,-6.8063,34.5565,230.8136,0.15,-0.203,10.8673,38.796,232.7896,0.1666,0.2888
2015-03-28T01:40:59.464Z,7.0607,48.7676,231.2033,0.2109,0.1438,-7.1824,36.6942,230.88,0.1592,-0.2065,10.4323,38.1655,232.6429,0.164,0.2845
2015-03-28T01:41:59.960Z,6.4751,48.0942,230.1856,0.209,0.1362,-7.4034,34.9474,230.1554,0.152,-0.2188,10.8929,39.6331,231.7124,0.1708,0.2804
2015-03-28T01:42:59.287Z,6.2147,48.4854,229.5988,0.2113,0.1291,-7.0686,35.3229,228.9972,0.1546,-0.2076,10.3389,37.5173,231.1002,0.1622,0.2818
2015-03-28T01:43:59.993Z,6.9368,48.6073,231.9307,0.2097,0.142,-7.1995,36.2545,231.3847,0.1562,-0.2135,10.9385,37.9574,233.4535,0.1628,0.295
2015-03-28T01:44:59.730Z,7.3221,48.4284,232.5152,0.2079,0.1491,-7.0598,33.5012,228.5081,0.1471,-0.2184,11.2898,38.4929,234.5559,0.1641,0.3019
2015-03-28T01:45:59.186Z,6.668,48.3074,232.1141,0.2086,0.137,-7.1354,36.0834,230.4693,0.1566,-0.2092,10.898,38.5792,233.4174,0.1655,0.2927
2015-03-28T01:46:59.792Z,6.4322,48.3302,231.9077,0.2084,0.1327,-7.1765,35.3677,231.1925,0.1523,-0.2083,10.5803,36.3687,232.6732,0.1567,0.2977
2015-03-28T01:47:59.046Z,5.0299,47.7308,231.5834,0.206,0.1056,-6.7959,35.2702,231.5846,0.152,-0.1974,10.8671,38.524,232.9209,0.1651,0.289
2015-03-28T01:48:59.600Z,4.864,47.7366,230.6977,0.2068,0.1015,-7.1254,33.9687,231.8935,0.1465,-0.2146,10.9358,38.3856,233.1933,0.1647,0.2919
2015-03-28T01:49:59.884Z,5.3173,48.0107,230.39,0.2085,0.109,-6.5882,35.5776,231.7497,0.1528,-0.192,10.5958,37.2905,233.1286,0.16,0.2929
2015-03-28T01:50:59.172Z,6.3028,47.6898,230.701,0.2073,0.1314,-7.0307,34.3919,231.9714,0.1481,-0.2151,10.8647,39.2856,233.8364,0.1684,0.2827
2015-03-28T01:51:59.502Z,5.8501,48.0781,230.3818,0.2093,0.1218,-6.4813,36.2573,231.3712,0.1569,-0.1904,11.0305,38.1858,233.4762,0.163,0.3011
2015-03-28T01:52:59.987Z,4.903,48.193,231.2487,0.208,0.1015,-7.1489,35.5813,231.1189,0.1541,-0.2072,10.6234,38.1055,233.3134,0.1628,0.286
2015-03-28T01:53:59.205Z,4.9929,48.4242,231.4598,0.2093,0.1017,-6.5766,34.078,230.8817,0.1482,-0.197,10.5903,40.0017,233.0866,0.1719,0.2735
2015-03-28T01:54:59.823Z,4.9026,49.1041,231.7865,0.212,0.099,-6.8282,32.8485,231.7311,0.1415,-0.2087,10.6979,35.5001,233.4687,0.1523,0.31
2015-03-28T01:55:59.991Z,5.0879,47.8501,231.9957,0.2063,0.1062,-5.9643,32.967,232.502,0.1416,-0.1903,10.7143,36.6576,233.8423,0.157,0.3014
2015-03-28T01:56:59.435Z,6.3609,49.051,231.4898,0.2118,0.1298,-7.0748,35.0458,231.8798,0.1515,-0.213,10.5243,38.2022,233.6099,0.164,0.2886
2015-03-28T01:57:59.722Z,6.4436,48.6593,231.1884,0.2104,0.1321,-6.7574,36.1742,231.8381,0.1563,-0.1977,10.6445,38.6598,233.5052,0.1648,0.2874
2015-03-28T01:58:59.918Z,6.6999,47.5963,230.4156,0.2068,0.138,-6.8603,32.9896,230.7047,0.1424,-0.2154,10.783,39.3412,232.2915,0.1696,0.2836
2015-03-28T01:59:59.733Z,6.6581,48.5011,230.7703,0.2105,0.1376,-7.1554,35.5525,231.1043,0.1542,-0.2122,11.0477,38.5731,232.3181,0.1657,0.2933
