2015-02-11T00:00:59.254Z,1.9077,42.7654,231.2924,0.185,0.0462,2.4172,25.2886,231.9237,0.109,0.106,82.6332,87.7231,232.5686,0.3767,0.9434
2015-02-11T00:01:59.573Z,3.2249,41.5733,231.8208,0.1791,0.0798,2.4892,23.9159,231.7497,0.103,0.1234,81.7303,86.5464,231.762,0.3734,0.9459
2015-02-11T00:02:59.962Z,2.6041,41.8908,231.3078,0.181,0.0637,2.3635,24.1042,231.0027,0.1045,0.1143,81.4705,86.3115,231.233,0.3732,0.9455
2015-02-11T00:03:59.187Z,2.5769,42.0926,230.672,0.1823,0.0614,1.6752,21.5448,231.2018,0.093,0.1052,81.8006,86.1021,231.376,0.3713,0.9511
2015-02-11T00:04:59.402Z,2.2745,41.6176,229.32,0.1813,0.0555,3.0013,23.7178,231.8145,0.1022,0.1443,81.8522,86.3469,231.1649,0.3735,0.9498
2015-02-11T00:05:59.540Z,2.5815,41.4049,229.6462,0.18,0.0646,2.1873,22.0396,231.7173,0.0951,0.1203,82.3562,86.7005,231.903,0.3738,0.951
2015-02-11T00:06:59.754Z,2.3268,41.4321,230.811,0.1799,0.0585,2.3438,22.5271,231.2459,0.0971,0.1273,82.6744,87.1555,232.6774,0.3743,0.9495
2015-02-11T00:07:59.851Z,1.9234,41.6746,231.4969,0.1801,0.0471,2.2518,22.1466,230.828,0.0964,0.1191,82.3047,86.3222,232.0655,0.3719,0.9546
2015-02-11T00:08:59.023Z,2.879,42.2902,231.0041,0.1826,0.0681,1.4838,21.1228,230.5186,0.0922,0.0958,82.0019,86.5067,231.6089,0.3736,0.9496
2015-02-11T00:09:59.315Z,2.6742,42.6886,231.516,0.1836,0.0634,2.4751,23.4782,231.1537,0.1013,0.1151,81.8489,86.3623,231.5854,0.3725,0.9495
2015-02-11T00:10:59.605Z,2.827,41.6231,231.7152,0.1797,0.0693,1.9891,23.8192,231.6579,0.1034,0.1014,82.9373,87.2098,232.6873,0.374,0.9525
2015-02-11T00:11:59.811Z,3.9621,42.2917,231.6253,0.1824,0.0947,1.8849,23.3557,231.967,0.1009,0.1014,83.3523,87.3917,232.9217,0.3747,0.9552
2015-02-11T00:12:59.059Z,1.9951,41.7869,231.6015,0.1799,0.0491,2.5342,20.7155,231.382,0.0898,0.131,82.7931,86.6353,232.5011,0.3725,0.9564
2015-02-11T00:13:59.252Z,2.0789,42.254,231.3133,0.1827,0.0499,1.7447,22.9008,229.859,0.0998,0.0963,83.6871,87.7916,232.9541,0.3777,0.9548
2015-02-11T00:14:59.582Z,2.6615,42.2015,230.8467,0.1824,0.0634,1.7343,22.1405,229.4775,0.0966,0.0991,83.0603,87.3198,233.2045,0.3745,0.9516
2015-02-11T00:15:59.873Z,2.3026,42.2873,231.7085,0.1827,0.0575,1.9764,22.0082,230.2865,0.0953,0.1168,83.0227,87.2709,233.2869,0.3737,0.9524
2015-02-11T00:16:59.271Z,3.2551,42.6068,232.3247,0.1838,0.0804,1.6577,22.1076,231.6934,0.0957,0.0992,83.725,88.2133,233.3793,0.3777,0.9494
2015-02-11T00:17:59.570Z,2.1779,42.2608,232.0064,0.1817,0.0515,2.202,23.297,231.8111,0.1008,0.1212,83.382,87.923,232.9099,0.3776,0.9498
2015-02-11T00:18:59.859Z,2.1851,42.3404,232.0643,0.1824,0.0525,2.33,23.9008,231.4393,0.1032,0.1169,82.8679,87.3008,233.0748,0.3738,0.9501
2015-02-11T00:19:59.131Z,2.6226,42.3776,232.0237,0.1827,0.0617,2.0102,21.5947,231.8178,0.0934,0.1144,82.7774,87.5727,232.8737,0.3762,0.9467
2015-02-11T00:20:59.393Z,2.678,41.8429,232.5475,0.1805,0.0651,2.3776,24.1753,231.9863,0.104,0.1222,82.1077,86.4903,232.9704,0.3704,0.95
2015-02-11T00:21:59.598Z,1.3489,42.8831,232.792,0.1845,0.0337,2.5579,22.7873,232.5753,0.0975,0.1263,82.7004,86.5108,233.1232,0.3709,0.9563
2015-02-11T00:22:59.805Z,2.1084,43.0053,232.8801,0.1853,0.05,1.8537,23.4874,231.9126,0.1017,0.0928,82.6613,87.0783,232.2574,0.3745,0.9504
2015-02-11T00:23:59.066Z,2.3632,42.5663,232.121,0.1834,0.056,2.301,24.6534,230.4751,0.1068,0.1154,82.2223,86.3441,232.0597,0.372,0.9533
2015-02-11T00:24:59.343Z,3.0144,42.2229,232.1407,0.1815,0.0731,1.8411,21.9943,230.0104,0.0957,0.1032,81.9473,86.5219,232.1084,0.3732,0.9488
2015-02-11T00:25:59.663Z,2.1052,42.3666,232.3524,0.1825,0.05,2.2121,22.8969,230.88,0.0988,0.1185,82.0663,86.3264,231.3425,0.3726,0.952
2015-02-11T00:26:59.881Z,2.239,42.0042,232.5327,0.1813,0.0537,2.3829,22.999,231.7116,0.0998,0.1224,81.3601,85.752,231.0097,0.3711,0.9502
2015-02-11T00:27:59.427Z,3.3587,41.7608,231.7371,0.1804,0.0801,2.2999,25.0074,231.5662,0.108,0.1011,83.0513,87.7262,233.0536,0.3768,0.9473
2015-02-11T00:28:59.740Z,2.9163,42.5437,232.288,0.1834,0.0673,1.4331,23.2499,231.5308,0.1007,0.0801,82.8871,87.4158,232.6274,0.3754,0.9492
2015-02-11T00:29:59.971Z,2.6535,42.1756,232.5026,0.1815,0.0631,2.0274,24.0744,231.873,0.1038,0.1092,82.8662,87.8819,233.1165,0.3774,0.9447
2015-02-11T00:30:59.292Z,2.9819,41.9068,232.0591,0.1808,0.0714,2.2801,23.2747,231.9206,0.1009,0.11,83.495,87.9511,233.6463,0.3761,0.9506
2015-02-11T00:31:59.557Z,3.8841,41.7262,232.475,0.1796,0.0941,1.5421,23.7801,231.3287,0.1026,0.0913,83.2082,87.7653,233.3076,0.3759,0.949
2015-02-11T00:32:59.820Z,2.9721,42.1866,231.9201,0.182,0.0707,2.1641,22.8674,230.8358,0.099,0.1148,82.8712,87.4509,232.9168,0.3757,0.9488
2015-02-11T00:33:59.156Z,1.8087,42.8493,232.3372,0.1842,0.0446,2.425,24.8427,230.6618,0.1076,0.1123,82.9608,87.33,232.8806,0.3748,0.9517
2015-02-11T00:34:59.453Z,1.8785,42.6945,233.176,0.183,0.0446,2.0581,20.7629,229.7764,0.0902,0.1252,82.4488,86.6596,232.4176,0.373,0.9529
2015-02-11T00:35:59.717Z,2.5425,41.8463,233.1314,0.1795,0.0611,1.9918,23.7654,230.5991,0.1035,0.1056,83.0903,87.4423,232.9369,0.3754,0.9519
2015-02-11T00:36:59.976Z,2.4598,42.418,232.9628,0.182,0.0586,2.1233,23.0368,231.3753,0.0997,0.1092,82.6062,86.8739,232.7311,0.3738,0.9524
2015-02-11T00:37:59.216Z,2.8622,42.8032,232.0952,0.1841,0.0669,1.2914,23.0044,231.5022,0.0993,0.0807,83.1866,87.2227,232.428,0.375,0.9553
2015-02-11T00:38:59.451Z,2.7103,42.594,231.7215,0.1834,0.0642,2.1524,24.0541,231.9638,0.1035,0.1079,83.1877,87.8725,233.6237,0.3763,0.9482
2015-02-11T00:39:59.941Z,2.3122,41.957,231.8348,0.1809,0.0562,2.2569,24.1247,232.0034,0.1045,0.1197,83.2574,87.657,233.8825,0.3747,0.951
2015-02-11T00:40:59.072Z,2.0748,42.842,232.3011,0.1844,0.0504,1.9314,20.6502,231.7938,0.0891,0.117,83.3378,87.2977,233.5794,0.3736,0.9554
2015-02-11T00:41:59.357Z,2.2522,42.4869,232.6113,0.1827,0.0524,2.6415,22.7413,231.8127,0.098,0.1345,84.1001,88.0292,234.1395,0.3757,0.9563
2015-02-11T00:42:59.833Z,2.369,42.1404,233.051,0.1808,0.0571,1.883,21.6123,228.469,0.0943,0.1096,84.0297,88.3965,234.1126,0.3775,0.952
2015-02-11T00:43:59.260Z,3.7148,41.814,232.2653,0.1797,0.0904,1.9042,23.2117,230.7662,0.1009,0.1054,83.4603,87.8172,233.4139,0.3763,0.9514
2015-02-11T00:44:59.704Z,2.6849,41.6586,231.8323,0.1797,0.0668,2.0063,21.8154,230.747,0.0947,0.111,82.5986,86.8421,232.1755,0.3738,0.9525
2015-02-11T00:45:59.947Z,2.386,42.7309,232.2423,0.1841,0.0578,2.1565,22.573,230.9326,0.0973,0.1116,82.8742,87.6526,233.183,0.3757,0.947
2015-02-11T00:46:59.293Z,2.3927,42.177,233.2313,0.181,0.0584,2.5372,23.5939,231.6236,0.1021,0.1291,83.3654,88.1504,234.3716,0.3758,0.9467
2015-02-11T00:47:59.556Z,2.5035,42.3044,233.8152,0.1809,0.0596,2.2992,24.1041,231.9779,0.1043,0.1155,83.962,88.5315,234.7768,0.3769,0.9499
2015-02-11T00:48:59.855Z,2.5687,42.7326,233.3627,0.1836,0.0609,2.2142,23.226,231.6558,0.1008,0.1121,83.4898,88.2063,234.6611,0.3755,0.9476
2015-02-11T00:49:59.034Z,1.8704,42.1024,233.2235,0.1803,0.0448,2.9847,22.858,231.6506,0.0987,0.1529,84.0524,88.5767,234.6021,0.3773,0.9501
2015-02-11T00:50:59.211Z,2.2154,42.5602,233.7054,0.182,0.0522,2.0856,23.9896,232.0427,0.1036,0.1118,83.9688,88.3197,234.2552,0.3771,0.9519
2015-02-11T00:51:59.584Z,3.2966,41.8536,233.6005,0.1792,0.0803,1.9958,22.3737,231.9353,0.0965,0.1065,83.7364,88.5807,233.9916,0.3779,0.9466
2015-02-11T00:52:59.103Z,3.1552,42.0812,233.488,0.1806,0.0758,2.4837,23.7363,231.057,0.1027,0.1206,83.2371,87.6149,233.4716,0.3753,0.9511
2015-02-11T00:53:59.433Z,2.3577,42.4858,232.7509,0.1818,0.0553,2.5123,23.6379,229.7861,0.1027,0.1235,82.8032,87.5074,232.5262,0.3764,0.9479
2015-02-11T00:54:59.720Z,2.2763,42.4674,232.2141,0.1831,0.0536,1.9495,22.223,230.6271,0.0963,0.1025,82.2173,86.6485,231.4743,0.3745,0.9501
2015-02-11T00:55:59.010Z,2.3,42.3696,233.0664,0.1812,0.0561,2.1367,23.389,231.2644,0.1012,0.1163,81.8396,85.8683,231.4712,0.3719,0.9542
2015-02-11T00:56:59.111Z,3.2645,41.9163,233.4587,0.1792,0.0782,1.5392,21.3457,231.4768,0.0923,0.0975,83.3185,87.5246,232.5285,0.3768,0.9534
2015-02-11T00:57:59.379Z,2.0356,42.3465,233.0419,0.1816,0.0492,2.3803,22.9664,231.4893,0.0996,0.1222,82.7124,87.0367,232.8308,0.3741,0.9513
2015-02-11T00:58:59.543Z,2.1696,42.7997,233.3213,0.1834,0.0513,1.9188,22.5271,231.7082,0.0971,0.1145,82.6408,87.064,232.7993,0.374,0.9502
2015-02-11T00:59:59.778Z,2.2529,42.1864,233.0205,0.1815,0.0545,2.0153,22.4558,231.842,0.0966,0.1102,82.4401,87.0916,232.321,0.3744,0.9474
