2015-02-28T00:00:59.309Z,2.5529,67.8503,230.3685,0.2944,0.0377,3.064,61.6421,231.4762,0.2665,0.0493,84.1764,104.7687,234.0275,0.4475,0.8047
2015-02-28T00:01:59.586Z,2.7475,69.1588,230.007,0.3002,0.0403,2.8446,61.9435,230.921,0.2681,0.0457,83.8799,105.2156,233.8407,0.4502,0.798
2015-02-28T00:02:59.787Z,2.8907,69.9393,230.0832,0.3037,0.0402,3.7982,63.5227,230.8638,0.2746,0.0566,83.5843,104.943,233.1949,0.4501,0.798
2015-02-28T00:03:59.092Z,3.791,67.937,230.9399,0.2938,0.0566,3.501,63.402,230.8637,0.2746,0.0548,82.996,103.7078,232.9072,0.4452,0.8004
2015-02-28T00:04:59.321Z,2.2559,69.22,231.3076,0.2995,0.0355,3.5599,62.4003,229.8024,0.2716,0.0557,82.3668,103.644,232.3837,0.4462,0.7963
2015-02-28T00:05:59.600Z,2.5124,70.571,231.9127,0.3042,0.0359,2.8533,64.3216,231.0362,0.2784,0.0457,82.3349,103.5172,232.3854,0.4452,0.7958
2015-02-28T00:06:59.939Z,2.6031,69.7915,231.5601,0.3013,0.0378,2.9271,62.5656,231.057,0.271,0.049,82.5816,103.6964,232.6057,0.4454,0.7971
2015-02-28T00:07:59.900Z,3.2579,70.3875,231.1122,0.3049,0.0456,2.6218,61.7118,230.2119,0.2681,0.0429,82.4104,103.0265,232.1074,0.4442,0.8005
2015-02-28T00:08:59.247Z,2.6722,69.8669,231.2696,0.3017,0.0388,2.7424,61.5882,230.6768,0.2668,0.0486,82.1842,102.8189,231.968,0.4429,0.8002
2015-02-28T00:09:59.558Z,2.5486,70.0921,231.0023,0.3037,0.0373,2.2619,63.0669,230.6264,0.2736,0.0371,82.0103,103.1916,231.9045,0.4456,0.7954
2015-02-28T00:10:59.614Z,2.5431,69.7784,231.1633,0.302,0.0368,2.9652,60.2401,230.3685,0.2619,0.0486,81.994,101.7197,231.876,0.4386,0.8062
2015-02-28T00:11:59.797Z,3.4205,69.2216,231.3124,0.2991,0.0507,2.7456,63.9481,230.5047,0.277,0.0427,82.6259,103.5466,232.3191,0.4459,0.7989
2015-02-28T00:12:59.177Z,3.5963,70.3603,231.1254,0.3048,0.0502,2.4799,60.1166,230.2967,0.2612,0.0437,82.2343,103.1936,232.49,0.4434,0.7984
2015-02-28T00:13:59.331Z,2.3781,69.7842,230.7764,0.3024,0.0346,3.0995,60.8954,230.1637,0.2644,0.0509,82.5407,103.36,232.322,0.4451,0.7991
2015-02-28T00:14:59.465Z,2.4878,69.7861,229.7873,0.3037,0.0345,3.1052,61.5899,230.0346,0.2682,0.0511,82.4996,102.4336,232.6715,0.4403,0.8057
2015-02-28T00:15:59.783Z,2.7964,70.3366,230.4907,0.3047,0.0402,2.7692,63.1231,230.6958,0.2737,0.0441,82.5568,103.1673,232.8021,0.4432,0.8015
2015-02-28T00:16:59.992Z,3.1974,70.1473,230.9248,0.3044,0.0458,3.1311,62.1066,230.6634,0.2696,0.0493,83.0781,103.3022,233.1805,0.443,0.8046
2015-02-28T00:17:59.464Z,3.5362,67.402,230.6207,0.2921,0.0522,3.1173,60.0977,231.0346,0.2607,0.0516,83.0351,103.6062,233.5798,0.4434,0.8027
2015-02-28T00:18:59.694Z,2.8533,69.211,231.414,0.2996,0.0427,2.9001,61.8548,231.6688,0.267,0.0468,83.3624,104.5145,233.9338,0.4471,0.7987
2015-02-28T00:19:59.945Z,2.6481,70.8404,230.5781,0.3074,0.0385,3.5812,62.0986,231.0585,0.2693,0.058,83.1293,104.2897,233.133,0.4474,0.7977
2015-02-28T00:20:59.275Z,3.0173,68.712,229.7524,0.2991,0.0437,3.0124,63.3159,231.0586,0.2743,0.0481,82.7153,105.4531,233.5616,0.4518,0.7858
2015-02-28T00:21:59.550Z,3.6265,68.9987,228.6548,0.3019,0.0532,2.8734,61.5732,231.1665,0.2666,0.0468,83.3077,103.6755,233.7879,0.4437,0.8051
2015-02-28T00:22:59.415Z,3.134,67.5075,229.3244,0.2952,0.0486,2.7498,61.164,231.3414,0.2645,0.0455,83.0252,103.9107,233.7364,0.4443,0.8001
2015-02-28T00:23:59.013Z,2.764,68.4026,228.8644,0.2986,0.0399,2.4809,62.3326,230.8713,0.2699,0.0401,83.246,103.6518,233.1241,0.4449,0.8037
2015-02-28T00:24:59.430Z,2.7268,68.7849,228.8666,0.3011,0.0377,2.8067,63.6183,230.7086,0.2755,0.0439,82.8521,104.4813,232.9649,0.4483,0.794
2015-02-28T00:25:59.149Z,3.1368,69.8013,230.4873,0.3028,0.0447,2.6089,64.0704,232.1053,0.2761,0.0422,82.8897,103.8604,233.5624,0.4452,0.7986
2015-02-28T00:26:59.338Z,2.876,68.4626,231.2525,0.2959,0.0423,2.3378,62.0435,232.9342,0.2662,0.0386,84.1869,105.5734,234.1038,0.4509,0.7987
2015-02-28T00:27:59.574Z,2.561,68.9707,230.7483,0.2993,0.0365,3.0959,63.0686,232.4786,0.2717,0.05,82.632,103.3742,232.3259,0.4451,0.8005
2015-02-28T00:28:59.688Z,2.0114,69.6751,231.3788,0.3013,0.0303,2.8762,61.7475,232.0296,0.2662,0.0482,80.9625,100.8105,230.5586,0.4373,0.804
2015-02-28T00:29:59.149Z,3.0689,68.757,231.2601,0.2972,0.0457,2.5448,62.3461,230.5207,0.271,0.0417,82.9017,103.1096,232.6372,0.4434,0.8044
2015-02-28T00:30:59.627Z,3.9246,70.7318,230.677,0.3064,0.056,3.3023,62.2725,228.6469,0.2729,0.0532,82.9882,104.0153,232.9846,0.4463,0.7987
2015-02-28T00:31:59.020Z,2.4261,68.9017,230.403,0.299,0.0354,2.6174,62.7359,231.5112,0.2709,0.0417,82.6797,103.549,232.6843,0.4452,0.7994
2015-02-28T00:32:59.122Z,2.2655,69.3805,229.9684,0.301,0.0337,3.1496,59.3042,231.3266,0.2566,0.0538,81.8953,101.8682,232.3299,0.438,0.8052
2015-02-28T00:33:59.792Z,2.9417,69.2407,229.8922,0.3016,0.0435,2.3851,60.1275,230.5729,0.2605,0.0389,82.4897,103.1157,232.0379,0.4441,0.8005
2015-02-28T00:34:59.355Z,3.0042,69.0205,229.4896,0.3002,0.0445,3.3884,62.1856,230.8127,0.2692,0.0553,81.1071,101.9982,230.918,0.4415,0.7958
2015-02-28T00:35:59.472Z,2.6854,68.5778,230.1422,0.2975,0.0399,3.6373,61.0199,231.6093,0.2631,0.0612,82.3568,103.042,231.9765,0.4442,0.7996
2015-02-28T00:36:59.450Z,3.0107,69.4722,230.836,0.3005,0.0442,2.5833,63.5508,231.8345,0.2738,0.0407,82.8907,103.3735,232.4005,0.4456,0.8026
2015-02-28T00:37:59.029Z,2.6377,68.8368,230.7782,0.2979,0.04,3.1596,60.538,232.1574,0.2608,0.0514,82.7904,103.784,232.4159,0.4463,0.7993
2015-02-28T00:38:59.439Z,2.7127,67.3414,231.7302,0.2901,0.0401,3.3547,62.3313,233.0121,0.2676,0.054,83.1696,104.5136,233.426,0.4479,0.7974
2015-02-28T00:39:59.729Z,3.7279,67.5993,231.8698,0.2911,0.0551,3.1853,62.1459,233.0186,0.2666,0.0512,83.7191,104.3549,233.5946,0.4465,0.8029
2015-02-28T00:40:59.101Z,3.4368,69.3267,231.8084,0.2988,0.0502,3.2556,62.8326,232.9213,0.2698,0.0514,82.9368,104.4918,233.4807,0.4478,0.7946
2015-02-28T00:41:59.239Z,2.3936,69.4512,231.8836,0.2993,0.0353,3.221,60.3169,232.6827,0.2593,0.0555,83.0203,102.751,233.5984,0.4402,0.8087
2015-02-28T00:42:59.474Z,2.1154,70.6432,231.5514,0.3049,0.029,2.9729,61.6986,231.4436,0.2665,0.0488,82.9632,104.107,233.4056,0.4463,0.7987
2015-02-28T00:43:59.690Z,2.3162,70.0918,231.863,0.3021,0.0321,2.5779,61.0951,230.718,0.2647,0.0434,83.1776,103.3624,233.2187,0.4434,0.8046
2015-02-28T00:44:59.096Z,2.7586,70.0484,232.228,0.3016,0.04,2.7284,61.5667,231.0811,0.2663,0.0454,82.7532,103.3732,232.9185,0.444,0.8014
2015-02-28T00:45:59.310Z,2.5762,70.2416,233.1373,0.3013,0.0385,2.4579,63.1918,231.6819,0.273,0.0388,83.6143,105.2816,234.4431,0.4486,0.7956
2015-02-28T00:46:59.834Z,2.9153,69.8847,233.8334,0.2991,0.0436,3.1266,61.3738,231.8744,0.2652,0.0505,84.3169,105.2357,235.0036,0.4478,0.8033
2015-02-28T00:47:59.798Z,2.8069,68.722,233.821,0.294,0.0429,2.1324,61.4191,232.0936,0.2642,0.0336,84.3344,105.2525,234.8237,0.4484,0.8027
2015-02-28T00:48:59.984Z,2.8733,69.8152,232.8741,0.2993,0.0405,3.0237,62.8308,231.9336,0.2704,0.0484,84.399,104.7549,234.7211,0.4462,0.8058
2015-02-28T00:49:59.295Z,3.4719,71.4126,232.4138,0.3073,0.0477,2.8574,64.0479,231.6408,0.2763,0.0463,83.6073,104.153,234.0349,0.4449,0.8039
2015-02-28T00:50:59.542Z,3.0385,69.7591,231.3708,0.3017,0.0422,2.9472,62.784,230.5941,0.2718,0.045,83.3947,103.7563,233.6848,0.444,0.8045
2015-02-28T00:51:59.619Z,3.323,68.0714,232.9909,0.292,0.0484,2.6611,60.8485,231.1702,0.2634,0.0446,84.0093,105.1521,234.0753,0.449,0.8003
2015-02-28T00:52:59.832Z,2.6552,69.3355,233.2003,0.2966,0.0385,3.2046,60.3889,230.7708,0.2619,0.0536,83.1149,102.7827,233.4248,0.4403,0.8092
2015-02-28T00:53:59.041Z,2.7506,70.2256,233.0327,0.3012,0.0386,3.1606,62.8364,230.4637,0.273,0.0507,83.0336,103.7179,233.2886,0.4443,0.8008
2015-02-28T00:54:59.289Z,2.6302,70.1023,233.6199,0.3007,0.0381,2.9686,61.4215,230.2288,0.2673,0.0478,83.0366,103.8736,233.1354,0.4455,0.7998
2015-02-28T00:55:59.590Z,3.2227,70.3196,232.7656,0.3011,0.0459,2.6337,60.8203,230.9124,0.2632,0.0443,82.4858,102.1955,233.2625,0.4381,0.8075
2015-02-28T00:56:59.465Z,3.2159,70.108,232.8222,0.3008,0.047,2.8609,60.9493,231.0377,0.2637,0.048,83.4591,103.7896,233.9325,0.4441,0.8058
2015-02-28T00:57:59.933Z,2.6924,69.5591,232.7701,0.299,0.0386,2.6864,63.5886,230.9703,0.2752,0.0403,84.0465,104.9697,234.3967,0.4478,0.8012
2015-02-28T00:58:59.216Z,2.4829,71.5963,232.5504,0.3083,0.0356,3.0823,62.1194,230.497,0.2694,0.0499,83.8436,105.0708,234.267,0.4483,0.7982
2015-02-28T00:59:59.874Z,2.2704,70.2144,233.7184,0.3001,0.0313,2.9529,63.7432,231.237,0.2753,0.0451,85.0324,106.5231,235.3448,0.4521,0.8001
2015-02-28T01:00:59.537Z,3.3852,67.4698,233.7434,0.2892,0.0514,3.5671,61.2574,231.3533,0.2648,0.0575,84.1642,105.1651,234.339,0.4489,0.8016
2015-02-28T01:01:59.773Z,2.103,70.3892,232.884,0.3022,0.0305,2.5799,60.2173,230.7069,0.2611,0.0432,83.1169,103.8603,233.8618,0.4442,0.8004
2015-02-28T01:02:59.857Z,2.9195,69.9505,232.0734,0.3014,0.0419,2.5655,59.6384,229.6705,0.2598,0.0437,83.4135,103.461,233.1023,0.4441,0.8076
2015-02-28T01:03:59.724Z,2.623,69.9298,231.9313,0.3017,0.0373,2.6636,63.1198,229.9684,0.2745,0.0425,82.4951,103.6208,232.7254,0.4454,0.797
2015-02-28T01:04:59.004Z,2.4491,69.0716,232.6298,0.2969,0.0359,3.1573,61.6189,229.5203,0.2682,0.0512,82.5424,102.764,232.4933,0.442,0.8046
2015-02-28T01:05:59.604Z,2.0332,69.2113,233.1362,0.2968,0.0289,3.2001,61.893,230.5413,0.2687,0.0504,83.3691,104.2016,233.4997,0.4467,0.8008
2015-02-28T01:06:59.002Z,2.3816,68.7014,232.6871,0.2949,0.0343,2.9363,60.922,230.6207,0.2641,0.0499,82.5106,102.5712,232.3936,0.4413,0.8054
2015-02-28T01:07:59.370Z,3.1951,70.151,232.9123,0.3012,0.0476,2.2536,61.4161,231.1351,0.2663,0.0382,83.0934,104.5845,233.4467,0.4483,0.7963
2015-02-28T01:08:59.820Z,2.5831,70.5555,233.1445,0.3024,0.0371,3.1431,63.2554,231.5315,0.2726,0.048,82.939,104.3373,233.9924,0.4451,0.796
2015-02-28T01:09:59.088Z,2.8984,71.2436,233.4024,0.3051,0.0399,2.6506,61.7777,228.7562,0.2702,0.0439,83.3807,104.2396,233.5863,0.4459,0.8009
2015-02-28T01:10:59.370Z,3.3427,71.0515,233.6179,0.304,0.0481,3.0418,62.9746,229.7708,0.2745,0.0482,83.9573,104.893,234.4247,0.4478,0.8011
2015-02-28T01:11:59.243Z,2.9011,70.8578,233.3227,0.3035,0.042,3.0641,61.8652,231.5044,0.2671,0.0489,84.171,104.7409,234.1474,0.4471,0.8047
2015-02-28T01:12:59.463Z,2.5557,69.528,232.6219,0.299,0.0366,2.7202,61.9559,230.7074,0.2686,0.0448,82.9519,104.8101,233.0419,0.4503,0.7922
2015-02-28T01:13:59.884Z,2.4185,70.3155,232.1848,0.3034,0.034,2.4337,61.8626,230.4342,0.2686,0.0401,82.402,103.0827,232.5624,0.4428,0.7999
2015-02-28T01:14:59.019Z,3.0621,68.8113,231.3424,0.2971,0.0454,2.8187,58.5034,230.1084,0.2541,0.0476,82.9077,102.3589,232.8227,0.4399,0.8111
2015-02-28T01:15:59.567Z,2.3691,69.4509,232.0801,0.2989,0.0347,2.9784,58.402,230.6797,0.2536,0.0512,83.0396,102.7058,232.6731,0.4405,0.8087
2015-02-28T01:16:59.739Z,3.219,70.2605,232.5114,0.3023,0.0464,2.446,63.6743,230.5629,0.2766,0.0376,83.1563,104.5502,232.4933,0.4493,0.7962
2015-02-28T01:17:59.170Z,2.6259,69.839,232.5103,0.3001,0.0389,2.8358,61.8132,230.433,0.2684,0.0455,81.9279,102.4246,231.753,0.4423,0.8005
2015-02-28T01:18:59.461Z,3.5607,69.8274,232.6496,0.2999,0.0507,2.6148,61.6997,230.7105,0.2677,0.0436,81.8004,102.5841,231.5468,0.4432,0.7986
2015-02-28T01:19:59.889Z,3.556,68.968,232.2841,0.2964,0.0531,2.5759,61.6668,231.0265,0.2671,0.044,81.767,101.7563,231.8118,0.4382,0.8055
2015-02-28T01:20:59.359Z,2.6837,70.8854,232.4708,0.3048,0.0392,3.1711,61.9041,231.031,0.2684,0.0497,82.4351,104.1603,233.0313,0.447,0.7927
2015-02-28T01:21:59.026Z,2.5636,68.8048,231.6769,0.2963,0.038,2.9876,61.9133,231.9929,0.2667,0.0524,83.7169,103.507,233.6162,0.443,0.8099
2015-02-28T01:22:59.291Z,2.3058,69.1005,231.4676,0.2987,0.0322,3.4248,63.597,231.567,0.2747,0.0565,83.6211,104.8975,233.8447,0.4482,0.7984
2015-02-28T01:23:59.797Z,3.2216,69.4433,231.853,0.2992,0.0472,3.005,61.9133,231.5616,0.2672,0.0484,83.4495,104.3186,234.1391,0.4457,0.8002
2015-02-28T01:24:59.974Z,2.232,70.8119,231.327,0.3058,0.0319,2.7335,60.8835,232.0496,0.2622,0.0456,83.813,104.4002,233.9248,0.4465,0.8033
2015-02-28T01:25:59.546Z,2.49,70.2367,232.4748,0.3025,0.0341,2.5474,62.7403,231.7174,0.2703,0.041,83.6341,105.1757,233.8624,0.4493,0.7965
2015-02-28T01:26:59.136Z,3.3723,70.224,233.4749,0.3003,0.049,2.8533,60.9584,232.6778,0.262,0.0464,84.358,104.9318,234.5949,0.4477,0.8057
2015-02-28T01:27:59.412Z,2.6425,70.059,233.1523,0.3004,0.0396,2.9075,63.5925,232.6913,0.2738,0.0462,84.2931,105.4487,234.4646,0.4492,0.8008
2015-02-28T01:28:59.861Z,2.7592,70.2983,233.1839,0.3014,0.0395,2.712,63.2295,232.2024,0.2724,0.0436,84.0078,105.617,234.3428,0.4509,0.7967
2015-02-28T01:29:59.418Z,2.59,69.9751,233.1356,0.3001,0.0377,2.9601,61.3238,232.2542,0.2636,0.0479,83.7613,104.5932,234.4387,0.4469,0.8016
2015-02-28T01:30:59.770Z,3.3066,70.3308,233.0966,0.3018,0.0474,2.717,63.942,231.3424,0.277,0.0422,84.0804,105.4984,234.6041,0.4502,0.7976
2015-02-28T01:31:59.353Z,3.8409,69.6382,232.635,0.2994,0.0564,2.5467,63.2064,230.9909,0.274,0.0403,83.95,104.3224,234.4833,0.4449,0.8056
2015-02-28T01:32:59.003Z,3.3196,70.5096,231.6436,0.3042,0.0464,2.621,62.8799,230.886,0.2727,0.041,83.2359,104.3178,233.6428,0.4468,0.7981
2015-02-28T01:33:59.271Z,2.9851,70.6426,231.6798,0.3047,0.0417,2.883,62.7786,230.9067,0.2721,0.046,82.5451,103.4715,232.519,0.4443,0.799
2015-02-28T01:34:59.440Z,2.3135,69.496,231.4803,0.3,0.0332,2.6705,60.4421,231.6625,0.2614,0.0438,83.3144,103.8218,232.8363,0.4458,0.8029
2015-02-28T01:35:59.729Z,3.3316,70.5857,231.8108,0.3041,0.0477,2.6873,62.5438,231.738,0.2697,0.0449,82.8921,103.8969,232.9631,0.4458,0.7984
2015-02-28T01:36:59.344Z,3.7713,68.8621,231.9783,0.2963,0.0549,2.9736,61.9028,231.561,0.2666,0.0496,82.7628,103.2949,233.0533,0.4429,0.803
2015-02-28T01:37:59.752Z,2.66,69.084,231.1167,0.299,0.0396,2.8412,62.4616,230.6963,0.2709,0.0463,82.0242,102.4959,232.0884,0.442,0.8016
2015-02-28T01:38:59.016Z,2.7729,69.3473,231.1571,0.3003,0.0403,2.8486,62.4016,231.2637,0.2698,0.0466,81.9981,104.2577,232.0941,0.4493,0.7878
2015-02-28T01:39:59.600Z,2.3479,70.3819,230.5009,0.3057,0.0337,2.8469,61.4245,231.8604,0.2647,0.0456,82.9205,103.4236,232.9045,0.4444,0.8016
2015-02-28T01:40:59.507Z,3.3373,69.487,230.3255,0.3016,0.0484,2.309,63.1837,231.881,0.272,0.0385,82.5503,103.5007,232.7296,0.4444,0.7988
2015-02-28T01:41:59.648Z,2.3348,69.8355,231.397,0.3015,0.0348,3.2386,60.4747,230.4244,0.2626,0.0545,82.9645,103.5968,232.8653,0.4445,0.8011
2015-02-28T01:42:59.695Z,2.2854,70.567,231.8768,0.3037,0.0323,2.6335,60.3775,230.8158,0.2623,0.043,83.3598,102.7696,233.3542,0.4405,0.8115
2015-02-28T01:43:59.100Z,2.7934,70.078,231.3848,0.3027,0.0401,2.5776,60.7753,230.4161,0.264,0.0423,82.791,103.1848,233.0117,0.443,0.803
2015-02-28T01:44:59.330Z,2.5033,70.1624,231.1195,0.3037,0.0357,3.4964,61.5942,230.9184,0.2665,0.0549,82.5747,104.2923,232.4007,0.4495,0.7926
2015-02-28T01:45:59.732Z,2.5933,68.9438,231.9559,0.2968,0.0375,2.5691,62.2293,230.8639,0.2699,0.0422,84.2211,105.3524,234.0025,0.4504,0.8005
2015-02-28T01:46:59.566Z,2.4667,68.8501,232.3925,0.2964,0.0359,2.6987,60.3804,228.9771,0.2634,0.0479,84.3949,104.9641,234.6509,0.4468,0.8056
2015-02-28T01:47:59.872Z,3.1805,69.669,232.2013,0.2996,0.0466,2.5107,63.3955,231.836,0.2737,0.0418,83.8636,104.9687,233.8364,0.4493,0.7996
2015-02-28T01:48:59.218Z,3.8617,70.2348,232.5493,0.3014,0.0548,3.5387,62.1141,231.5342,0.2682,0.0579,82.8993,103.897,233.6391,0.4449,0.799
2015-02-28T01:49:59.319Z,2.8345,71.6363,232.5053,0.3081,0.0397,2.6636,61.9464,231.7553,0.2675,0.0437,83.3233,104.6254,233.573,0.4479,0.7974
2015-02-28T01:50:59.653Z,2.8142,69.5192,232.8444,0.2987,0.0395,2.8493,61.6788,231.8071,0.266,0.0454,83.2312,104.712,233.621,0.4481,0.7963
2015-02-28T01:51:59.094Z,3.0492,68.8747,232.7851,0.2956,0.0448,2.8252,61.1031,231.5118,0.2636,0.0479,83.3888,103.9134,233.4957,0.4454,0.8045
2015-02-28T01:52:59.525Z,3.6041,70.0516,233.3509,0.3002,0.0544,2.8132,62.4527,231.6488,0.2695,0.0455,83.5264,105.1734,233.2449,0.4501,0.7954
2015-02-28T01:53:59.077Z,3.634,70.5901,232.8011,0.3032,0.0522,3.1292,63.9524,231.0447,0.2768,0.0487,82.5282,103.2876,232.6196,0.4441,0.7998
2015-02-28T01:54:59.315Z,2.4063,71.5574,233.1016,0.3072,0.0343,2.5402,61.761,230.637,0.2676,0.0404,82.7628,103.3922,232.5482,0.4451,0.8016
2015-02-28T01:55:59.622Z,2.9943,69.5003,232.9541,0.2981,0.0449,2.5253,61.791,231.0824,0.2678,0.0432,82.1165,102.3952,232.4901,0.44,0.803
2015-02-28T01:56:59.952Z,2.9292,69.3579,232.9508,0.2974,0.0423,2.921,64.0374,231.8935,0.2763,0.0465,83.5235,104.184,233.2628,0.446,0.8014
2015-02-28T01:57:59.268Z,3.1579,69.5019,232.652,0.2982,0.0458,3.1356,61.9754,231.4188,0.2679,0.0502,82.833,104.6183,232.8464,0.45,0.7924
2015-02-28T01:58:59.176Z,2.9032,66.4559,233.1378,0.2852,0.0436,3.1334,61.9848,231.5253,0.2675,0.052,82.3705,103.6467,231.4211,0.4478,0.7953
2015-02-28T01:59:59.368Z,2.492,70.5341,233.1531,0.3025,0.0349,2.803,61.3369,231.4185,0.2647,0.0456,80.5558,100.4677,229.701,0.4374,0.8018
