2015-04-18T00:00:59.928Z,5.6833,72.509,232.5502,0.3116,0.0804,-6.4623,67.303,232.988,0.288,-0.0972,11.1798,68.3938,232.9467,0.2935,0.1654
2015-04-18T00:01:59.188Z,5.0324,75.4766,233.2708,0.3231,0.0688,-6.7909,70.0865,234.1692,0.2997,-0.099,11.3385,70.2055,234.4453,0.2999,0.161
2015-04-18T00:02:59.640Z,5.0576,75.6212,233.1698,0.3242,0.0672,-7.3907,68.0617,233.5845,0.2909,-0.108,11.3038,70.0146,234.477,0.2988,0.1603
2015-04-18T00:03:59.911Z,5.5648,74.6535,233.8871,0.3187,0.0752,-6.4025,68.0262,234.2476,0.2907,-0.0951,11.3269,69.8889,235.0378,0.2978,0.1624
2015-04-18T00:04:59.996Z,4.9912,74.419,232.4558,0.3196,0.0682,-7.5167,68.5663,233.7699,0.2937,-0.112,11.3307,70.8813,234.5941,0.3018,0.1592
2015-04-18T00:05:59.281Z,5.2054,75.5233,232.8416,0.3247,0.0691,-6.7217,68.7122,234.2386,0.2932,-0.0981,11.6652,70.851,234.7989,0.3017,0.1649
2015-04-18T00:06:59.588Z,5.3493,74.0926,233.1215,0.3177,0.0726,-7.4534,68.6886,234.2674,0.2934,-0.1097,11.1954,70.892,234.6698,0.3015,0.1586
2015-04-18T00:08:59.939Z,5.3311,75.0297,232.6148,0.3223,0.0718,-7.3396,68.7692,233.4883,0.2946,-0.1079,11.5621,71.3743,234.6621,0.3046,0.163
2015-04-18T00:09:59.485Z,5.2435,75.2089,233.2033,0.3229,0.0691,-6.9168,68.7121,234.2604,0.2931,-0.1029,11.7915,70.1022,235.1095,0.2982,0.1695
2015-04-18T00:10:59.693Z,4.9351,76.073,233.4123,0.326,0.0656,-6.5798,68.7844,233.9102,0.2941,-0.0968,11.5575,70.257,235.084,0.2988,0.1652
2015-04-18T00:11:59.987Z,5.5785,73.9354,233.0363,0.3176,0.0764,-7.1613,68.1069,233.8841,0.2913,-0.1077,11.3237,71.787,234.5036,0.3059,0.1592
2015-04-18T00:12:59.245Z,4.7931,73.0408,233.5199,0.3132,0.0672,-6.8666,67.417,232.9712,0.289,-0.105,11.4316,69.1576,234.8651,0.2944,0.1661
2015-04-18T00:13:59.565Z,5.3523,74.8318,234.13,0.32,0.073,-7.1866,67.5264,233.2463,0.2892,-0.109,11.3964,69.0597,235.3866,0.293,0.1689
2015-04-18T00:14:59.895Z,5.0337,74.3179,233.4225,0.3183,0.0687,-6.9822,69.0458,232.6872,0.2964,-0.1023,11.9083,70.2866,234.6122,0.2993,0.1703
2015-04-18T00:15:59.046Z,5.1076,74.6328,232.9506,0.3204,0.0675,-7.2265,67.4798,232.2713,0.2908,-0.1079,11.4793,68.5551,233.9728,0.2929,0.168
2015-04-18T00:16:59.146Z,4.4813,75.1911,232.3703,0.3233,0.0609,-7.1047,67.9752,232.0424,0.2927,-0.104,11.3188,69.3681,233.3665,0.297,0.1633
2015-04-18T00:17:59.407Z,5.7495,74.5786,233.0762,0.3199,0.0772,-6.8543,68.8316,232.4992,0.2962,-0.102,11.7918,69.409,233.7991,0.2975,0.1727
2015-04-18T00:18:59.621Z,5.2381,74.3368,232.9479,0.3188,0.072,-7.112,69.7757,232.6073,0.3003,-0.1046,11.1399,69.8278,233.7937,0.2987,0.1598
2015-04-18T00:19:59.729Z,5.3348,74.346,233.0757,0.319,0.0718,-7.0808,67.6556,232.9041,0.2902,-0.107,11.6011,70.2859,234.0555,0.3008,0.1654
2015-04-18T00:20:59.974Z,4.8146,74.8323,232.4027,0.3219,0.0645,-6.9297,67.6047,232.0333,0.291,-0.1047,11.3671,70.4301,233.4677,0.3021,0.1629
2015-04-18T00:21:59.405Z,5.089,75.3418,232.9976,0.323,0.0687,-6.7256,69.5099,232.9678,0.2984,-0.0973,11.4281,70.2519,233.9418,0.3004,0.1644
2015-04-18T00:22:59.068Z,5.2089,74.4819,233.6363,0.3186,0.0716,-6.702,67.0181,234.0374,0.2867,-0.1018,11.4444,69.0868,234.8951,0.294,0.1688
2015-04-18T00:23:59.729Z,5.158,75.0116,233.5425,0.3216,0.0696,-7.1145,67.1342,234.0335,0.2865,-0.1088,11.6253,68.137,234.9273,0.2899,0.1728
2015-04-18T00:24:59.205Z,5.0067,75.0238,233.4414,0.3209,0.0677,-7.4752,66.7537,234.13,0.285,-0.1129,12.2482,72.2931,235.0401,0.308,0.17
2015-04-18T00:25:59.430Z,6.8093,75.4859,233.2998,0.3238,0.0911,-7.8289,68.6423,233.4968,0.2938,-0.1153,11.2349,70.2211,235.0631,0.2989,0.1593
2015-04-18T00:26:59.457Z,6.636,74.6402,232.8965,0.3201,0.0886,-7.1275,68.5164,233.0141,0.2941,-0.1053,11.3316,72.4567,234.8959,0.3087,0.1587
2015-04-18T00:27:59.802Z,6.704,74.7677,233.0564,0.3205,0.0911,-7.7059,68.5527,233.0484,0.2941,-0.1147,11.5977,70.1611,234.9598,0.2986,0.1658
2015-04-18T00:28:59.945Z,7.1864,73.7658,233.2079,0.3166,0.0982,-7.1733,66.482,233.167,0.2847,-0.1118,10.9941,70.0891,235.1633,0.298,0.1572
2015-04-18T00:29:59.690Z,6.7137,75.123,233.1919,0.3223,0.0901,-8.4032,67.2686,233.1927,0.2881,-0.1263,11.0942,68.9604,235.0497,0.2931,0.1618
2015-04-18T00:30:59.571Z,6.6392,74.7992,232.4035,0.3221,0.0904,-7.3632,68.3185,232.0467,0.2949,-0.1098,11.0524,70.3047,234.2984,0.3004,0.1569
2015-04-18T00:31:59.977Z,6.6096,74.8538,232.0395,0.3222,0.0896,-7.6096,68.0179,231.9324,0.2937,-0.1121,11.3788,69.3135,234.3571,0.2957,0.1638
2015-04-18T00:32:59.194Z,6.4151,73.757,231.0028,0.3193,0.0876,-7.6687,67.1129,232.2694,0.2892,-0.1186,11.2281,69.0207,233.6777,0.2958,0.166
2015-04-18T00:33:59.961Z,5.497,73.9766,231.3446,0.3196,0.0755,-7.298,68.1023,233.0948,0.2923,-0.1078,11.3118,69.1796,233.7816,0.2954,0.1641
2015-04-18T00:34:59.188Z,5.5779,74.0028,231.4989,0.3193,0.0758,-7.0821,67.0596,232.466,0.288,-0.1071,11.4179,69.3948,233.3783,0.2972,0.1636
2015-04-18T00:36:59.609Z,5.5511,74.2837,232.0111,0.32,0.0755,-6.7861,67.7901,232.5382,0.2915,-0.1008,10.9976,69.7031,233.326,0.2987,0.1579
2015-04-18T00:37:59.006Z,5.0867,72.2256,231.8171,0.3121,0.0712,-7.2347,65.5951,233.1422,0.2814,-0.1132,11.43,66.3753,233.4201,0.2844,0.1731
2015-04-18T00:38:59.783Z,4.9188,69.8589,231.6346,0.3016,0.0718,-6.9677,63.0797,232.8863,0.2705,-0.1123,10.9261,63.8522,233.9205,0.2729,0.1745
2015-04-18T00:39:59.230Z,5.4683,69.0453,231.9183,0.2978,0.0792,-7.6587,64.6569,233.009,0.2773,-0.1197,11.2878,64.9199,234.038,0.2774,0.1751
2015-04-18T00:40:59.523Z,4.9925,69.9371,231.6553,0.3022,0.0731,-6.6498,61.7846,232.648,0.2658,-0.1086,11.1279,63.4312,233.6551,0.2715,0.1775
2015-04-18T00:41:59.793Z,5.0348,69.4246,231.497,0.3003,0.0723,-6.9997,62.3754,231.7585,0.2688,-0.1133,11.1298,65.7052,232.9612,0.2824,0.1715
2015-04-18T00:42:59.425Z,5.5746,70.448,232.3167,0.3032,0.0798,-7.0773,61.9404,232.0021,0.2673,-0.1141,11.0045,65.2973,232.4623,0.2814,0.1716
2015-04-18T00:43:59.028Z,5.4477,68.8294,232.6534,0.2958,0.0806,-7.3082,65.8988,232.6431,0.2834,-0.1164,11.3201,62.7746,232.7668,0.2699,0.1854
2015-04-18T00:44:59.773Z,5.2107,70.0496,232.7308,0.3009,0.0758,-7.545,65.2412,232.8171,0.2807,-0.1154,10.7374,64.9375,232.8646,0.2786,0.1664
2015-04-18T00:45:59.153Z,5.3251,70.0017,232.5859,0.3012,0.0761,-7.1061,63.5067,232.6657,0.2726,-0.1124,11.3056,65.1751,232.8507,0.2796,0.1751
2015-04-18T00:46:59.411Z,5.4248,70.024,232.6867,0.3011,0.0765,-6.9871,63.9762,232.7258,0.2747,-0.1124,10.999,63.9939,232.8573,0.275,0.1714
2015-04-18T00:47:59.740Z,5.7176,70.0122,233.7493,0.2998,0.0816,-7.0604,62.3011,233.3032,0.267,-0.1152,11.2515,64.6616,233.2754,0.2776,0.1746
2015-04-18T00:48:59.005Z,5.3698,70.8181,234.0842,0.3023,0.078,-6.8508,63.3517,233.3756,0.2717,-0.1108,11.2001,64.0006,233.241,0.274,0.1762
2015-04-18T00:49:59.350Z,5.4943,69.7131,233.7134,0.2982,0.0797,-6.9268,63.0863,233.2845,0.27,-0.1118,11.6816,63.2557,232.3176,0.2724,0.1844
2015-04-18T00:50:59.718Z,4.8709,71.0612,233.3193,0.3045,0.0686,-7.0187,63.4888,231.5399,0.2736,-0.1137,11.5755,64.4093,232.0123,0.2774,0.1809
2015-04-18T00:51:59.360Z,5.9537,70.1209,233.4947,0.2993,0.0859,-7.4367,61.6734,230.0036,0.2683,-0.1221,11.4283,65.6622,233.1114,0.2814,0.1756
2015-04-18T00:52:59.713Z,5.6166,69.5996,233.466,0.298,0.0821,-7.2698,63.8233,232.7137,0.2742,-0.1151,11.3168,64.4784,233.5761,0.2758,0.176
2015-04-18T00:53:59.433Z,5.3339,70.196,232.6428,0.3016,0.0768,-6.7641,63.3028,233.4729,0.2709,-0.1096,11.2356,65.4848,233.0833,0.2812,0.1729
2015-04-18T00:54:59.674Z,4.8714,70.0575,232.482,0.3015,0.0703,-6.9845,62.8422,233.1539,0.269,-0.1143,10.9052,64.1641,233.1233,0.2751,0.1715
2015-04-18T00:55:59.103Z,4.9036,70.8309,233.0267,0.3039,0.0698,-7.2943,64.4597,233.4929,0.2759,-0.1141,11.279,64.5557,233.4603,0.2763,0.1763
2015-04-18T00:56:59.740Z,4.8976,70.2248,232.916,0.3013,0.07,-7.2152,62.4178,233.4175,0.2675,-0.1176,11.6972,65.3801,233.5521,0.2795,0.1801
2015-04-18T00:57:59.090Z,5.1576,69.9063,232.1203,0.3014,0.0747,-7.0061,63.0418,233.2997,0.2701,-0.1133,11.2153,65.1719,233.5291,0.279,0.1736
2015-04-18T00:58:59.848Z,5.1124,69.3927,232.5187,0.2984,0.0742,-7.3139,63.3522,233.9153,0.2704,-0.1185,11.2672,65.5322,234.0967,0.2792,0.1724
2015-04-18T00:59:59.020Z,5.6793,69.3313,232.3856,0.2979,0.0819,-7.1627,61.5527,233.5569,0.2636,-0.1169,11.322,64.4038,233.9427,0.2753,0.1774
2015-04-18T01:00:59.246Z,7.0781,66.3491,231.9258,0.286,0.1114,-7.486,62.7978,232.5358,0.27,-0.1241,11.3422,63.7774,233.7788,0.2731,0.1835
2015-04-18T01:01:59.550Z,6.5126,69.1265,231.734,0.2984,0.0953,-7.4412,62.557,232.1159,0.2697,-0.1217,11.4785,64.7357,233.7249,0.2768,0.1812
2015-04-18T01:02:59.105Z,5.7611,69.136,231.2873,0.2989,0.0837,-7.5428,62.4742,231.4128,0.2701,-0.1216,10.9836,64.7181,233.013,0.2773,0.17
2015-04-18T01:03:59.330Z,7.0245,69.4548,232.4024,0.2988,0.1025,-7.1065,62.9469,232.6274,0.2705,-0.1154,11.1493,66.176,233.9334,0.2829,0.1687
2015-04-18T01:04:59.520Z,6.2336,69.8897,231.5773,0.3015,0.0889,-7.6849,62.7264,232.0277,0.27,-0.123,11.1273,65.1626,233.262,0.2796,0.1708
2015-04-18T01:05:59.844Z,6.4568,70.1087,231.761,0.3024,0.0926,-7.883,63.3555,232.1435,0.273,-0.1262,11.0283,63.6022,233.4495,0.2726,0.1743
2015-04-18T01:06:59.128Z,6.8843,69.3827,232.5075,0.2984,0.1001,-7.8109,63.6808,233.6813,0.272,-0.1243,11.7519,65.174,233.7994,0.2782,0.1828
2015-04-18T01:07:59.110Z,6.0243,71.1113,233.9207,0.3037,0.0838,-7.3365,63.5249,234.3156,0.2709,-0.1155,11.3668,65.837,235.0692,0.2804,0.1744
2015-04-18T01:08:59.398Z,6.8432,68.3748,232.1007,0.2946,0.1014,-7.5009,62.8848,233.2795,0.2701,-0.1195,11.9407,64.9277,233.7,0.2777,0.1836
2015-04-18T01:09:59.687Z,6.7827,69.847,232.6766,0.2998,0.0986,-7.4559,64.012,232.9,0.2754,-0.1193,11.7453,63.8263,233.5966,0.2734,0.1854
2015-04-18T01:10:59.977Z,6.7052,70.5159,233.2458,0.3025,0.0966,-7.367,63.0863,233.0791,0.27,-0.117,11.2905,64.1693,233.6313,0.2754,0.1763
2015-04-18T01:11:59.621Z,6.4647,71.1342,233.5299,0.3042,0.0919,-7.4373,62.3856,233.3838,0.2677,-0.124,11.6579,63.3776,233.5938,0.2716,0.1859
2015-04-18T01:12:59.923Z,6.3512,71.1241,234.0622,0.3034,0.0905,-7.6451,62.8173,233.7474,0.2689,-0.1234,11.4438,65.9948,234.0845,0.2819,0.1741
2015-04-18T01:13:59.909Z,7.3969,71.1054,233.9498,0.3035,0.1049,-7.0801,63.0446,233.6889,0.2701,-0.1138,11.5318,64.7168,234.0285,0.2767,0.1798
2015-04-18T01:14:59.250Z,6.6776,69.7847,233.5193,0.2984,0.0957,-7.8396,62.8133,233.5882,0.2689,-0.1271,11.2754,66.438,234.4561,0.2831,0.1707
2015-04-18T01:15:59.853Z,7.0399,70.6647,233.4796,0.3026,0.1003,-8.4775,64.9441,233.9262,0.2774,-0.1319,11.6102,65.0211,234.8953,0.2766,0.1788
2015-04-18T01:16:59.208Z,6.7414,70.4272,232.7947,0.3027,0.0977,-7.1791,62.2206,233.9006,0.2662,-0.12,11.2788,62.0171,234.2687,0.2649,0.1889
2015-04-18T01:17:59.643Z,6.4984,69.9621,233.491,0.3001,0.0937,-6.9418,63.691,234.0022,0.2726,-0.1114,11.7382,65.1666,234.3476,0.2777,0.1817
2015-04-18T01:18:59.290Z,6.8439,69.8652,233.5873,0.2991,0.0992,-7.6696,62.4091,234.0694,0.2662,-0.123,11.3618,63.5621,234.1797,0.2713,0.1801
2015-04-18T01:19:59.450Z,6.9236,70.782,233.6749,0.3029,0.099,-7.984,61.7012,233.804,0.2644,-0.1296,11.3486,62.822,233.4074,0.2692,0.1808
2015-04-18T01:20:59.755Z,7.1448,70.0728,233.364,0.3002,0.1026,-7.4824,63.127,233.8317,0.27,-0.12,11.5997,63.9496,233.7541,0.2734,0.1825
2015-04-18T01:21:59.282Z,6.7839,71.7326,233.7951,0.307,0.0958,-7.3561,64.3724,233.5427,0.2753,-0.1162,11.4137,64.7064,234.3731,0.2758,0.1768
2015-04-18T01:22:59.807Z,7.0623,70.2003,233.9924,0.2998,0.1021,-7.8271,62.6251,233.5288,0.2677,-0.1267,10.9285,65.3176,235.3465,0.2782,0.1689
2015-04-18T01:23:59.190Z,7.1551,70.2198,233.513,0.3009,0.1024,-8.0782,61.5482,232.9557,0.2643,-0.1333,10.8612,63.5414,235.1692,0.2699,0.171
2015-04-18T01:24:59.363Z,7.1897,70.5626,233.5198,0.302,0.104,-7.6199,62.5211,233.7189,0.2676,-0.1231,11.1851,63.4924,234.5819,0.2711,0.1763
2015-04-18T01:25:59.503Z,6.494,69.9576,234.0433,0.2987,0.0933,-7.7631,63.8109,234.1052,0.2723,-0.123,10.9046,64.0234,234.8521,0.2721,0.1724
2015-04-18T01:26:59.973Z,6.8733,70.2339,233.3189,0.3007,0.0998,-7.7043,63.0522,233.1861,0.2707,-0.125,11.1757,63.89,234.2167,0.2724,0.1777
2015-04-18T01:27:59.162Z,6.986,69.1503,233.4955,0.2963,0.101,-8.0454,63.071,233.1985,0.2704,-0.1292,11.1503,65.7697,234.6444,0.2803,0.1715
2015-04-18T01:28:59.523Z,6.973,70.8441,234.2559,0.3026,0.0989,-7.8215,63.6307,233.652,0.273,-0.124,11.5279,65.3303,235.1932,0.2775,0.1778
2015-04-18T01:29:59.237Z,6.683,70.5064,234.2632,0.3011,0.094,-7.6466,63.0324,233.6981,0.2696,-0.1231,11.6273,64.014,235.4306,0.2721,0.1841
2015-04-18T01:30:59.711Z,7.5488,69.9096,234.0839,0.2989,0.1083,-7.9518,63.9426,233.555,0.2733,-0.1262,11.4283,65.4735,235.4405,0.2783,0.1761
2015-04-18T01:31:59.146Z,6.9379,70.1251,233.9484,0.2993,0.1022,-7.4736,62.5768,233.0377,0.2681,-0.1203,11.8239,65.4426,235.2779,0.2778,0.1828
2015-04-18T01:32:59.798Z,6.345,69.7553,233.402,0.298,0.0923,-7.6099,60.8122,232.4687,0.2615,-0.1268,11.5575,65.2899,234.7004,0.2784,0.1813
2015-04-18T01:33:59.085Z,6.8058,70.0643,232.7238,0.3008,0.0982,-7.7293,63.8162,231.7624,0.2751,-0.1226,11.157,65.6746,234.2483,0.2808,0.1708
2015-04-18T01:34:59.540Z,7.25,69.6729,233.1784,0.2985,0.1043,-7.6764,62.004,232.3102,0.2669,-0.1264,11.333,65.2241,234.9087,0.2776,0.1745
2015-04-18T01:35:59.835Z,7.1346,69.976,233.371,0.2999,0.1045,-7.6159,63.8758,232.8015,0.2749,-0.1225,11.7391,65.0983,235.3101,0.277,0.1824
2015-04-18T01:36:59.619Z,7.0709,69.4674,233.1852,0.2976,0.103,-7.3659,62.7353,232.426,0.2698,-0.1203,11.989,64.3833,235.3288,0.2738,0.1868
2015-04-18T01:37:59.831Z,6.3091,69.8489,232.3501,0.3002,0.0922,-7.4004,63.1454,231.8629,0.2725,-0.119,11.0456,64.7329,234.3396,0.2763,0.1722
2015-04-18T01:38:59.100Z,7.0897,69.3956,232.252,0.299,0.1022,-7.1487,63.0158,231.6772,0.2721,-0.1143,11.7198,65.2393,234.4121,0.2782,0.1781
2015-04-18T01:39:59.401Z,6.5054,69.4848,232.4736,0.2989,0.0938,-7.999,63.4126,232.5743,0.273,-0.1278,11.5601,65.4143,234.476,0.2788,0.178
2015-04-18T01:40:59.000Z,6.6378,70.2243,231.9807,0.3026,0.0951,-7.7398,62.6616,232.2117,0.2702,-0.1257,11.407,64.2638,234.0793,0.2749,0.177
2015-04-18T01:41:59.450Z,7.0867,70.0658,232.6043,0.3012,0.103,-7.5391,63.4165,232.7405,0.2725,-0.121,11.5185,65.1473,234.3952,0.2778,0.1776
2015-04-18T01:42:59.180Z,6.9141,69.9387,232.7629,0.3005,0.1005,-7.0413,63.6291,233.2785,0.2729,-0.1116,11.5618,64.2804,234.4733,0.274,0.1818
2015-04-18T01:43:59.928Z,6.7155,70.2808,232.3933,0.3018,0.0963,-8.2773,64.337,232.8252,0.2763,-0.1301,11.4415,64.4407,234.3007,0.2748,0.178
2015-04-18T01:44:59.251Z,6.7267,69.8874,231.4512,0.3017,0.0973,-7.3668,63.9098,232.3646,0.275,-0.1172,11.2856,64.8637,233.8151,0.2781,0.1748
2015-04-18T01:45:59.744Z,6.7838,69.7795,231.0782,0.3014,0.0997,-7.2837,62.982,232.2736,0.2707,-0.1197,11.2005,64.2946,233.8366,0.2755,0.1758
2015-04-18T01:46:59.391Z,6.8653,68.6259,231.0768,0.2975,0.1012,-7.4365,62.97,232.5256,0.2711,-0.1203,11.6571,65.0471,233.6476,0.2782,0.1808
2015-04-18T01:47:59.078Z,6.8747,69.1694,231.6549,0.2984,0.1009,-7.8204,62.8791,232.8663,0.2699,-0.1251,11.4161,64.5812,233.6317,0.2766,0.1784
2015-04-18T01:48:59.889Z,6.9068,70.4598,232.1268,0.303,0.0985,-7.0127,62.314,232.5958,0.2671,-0.1142,11.0812,64.9438,233.8634,0.2776,0.1714
2015-04-18T01:49:59.115Z,6.6507,70.7376,233.3022,0.3027,0.095,-7.5437,61.3828,233.1637,0.2639,-0.1248,11.28,65.812,234.3672,0.281,0.1712
2015-04-18T01:50:59.461Z,6.9163,71.0811,233.4381,0.3046,0.0988,-7.854,61.4778,233.2501,0.2637,-0.1284,11.4885,63.7389,234.5126,0.2721,0.1808
2015-04-18T01:51:59.003Z,6.4916,69.9214,233.3719,0.2991,0.0931,-7.8077,62.3995,233.3854,0.2673,-0.1268,12.0422,64.9288,235.0755,0.2759,0.1864
2015-04-18T01:52:59.279Z,6.9376,70.7033,233.6567,0.3022,0.098,-7.6951,63.7758,232.7969,0.274,-0.1223,11.7869,66.5488,235.2369,0.2822,0.178
2015-04-18T01:53:59.662Z,7.0947,70.3585,234.4416,0.3,0.1012,-7.358,63.922,232.9292,0.2743,-0.1182,11.5729,64.6177,235.9629,0.2738,0.1811
2015-04-18T01:54:59.844Z,7.164,70.2885,234.5612,0.3003,0.1037,-7.7029,63.1992,233.1689,0.2711,-0.1241,11.9699,66.278,236.0826,0.2814,0.1813
2015-04-18T01:55:59.201Z,6.3124,70.6949,233.5679,0.3022,0.0908,-7.8234,63.3875,231.9415,0.2737,-0.1246,11.5034,66.1754,234.9453,0.2817,0.1739
2015-04-18T01:56:59.487Z,6.3722,70.8902,233.8079,0.3032,0.0915,-7.4092,60.8104,232.4743,0.2622,-0.1262,11.4252,64.3698,235.0372,0.2742,0.1813
2015-04-18T01:57:59.692Z,6.9408,69.9669,233.8491,0.2988,0.0993,-7.3289,62.7595,233.4186,0.2687,-0.1223,11.7163,63.9243,234.8119,0.2722,0.1846
2015-04-18T01:58:59.955Z,6.8425,70.2964,233.1751,0.3013,0.0986,-7.3523,64.3221,233.1269,0.2756,-0.1167,11.2089,63.7525,234.7618,0.2715,0.1779
2015-04-18T01:59:59.373Z,7.0817,69.9804,233.7449,0.2997,0.1017,-7.5661,62.5078,234.0196,0.2669,-0.1242,11.0222,65.0513,235.5916,0.276,0.1716
